time,job_id,num_gpu,submit_time,start_time,end_time,ddl,executed_time,JCT,pending_time,preempt,promote,best_effort_job
912616,0bc6e292-b9b4-36d3-61bf-fb714fe2f053,32,911907,911907,912616,912694,709,709,0,0,0,0
1028486,56a60db5-0776-d49a-688e-8d5d51856418,64,1012685,1012685,1028486,1030737,15801,15801,0,0,0,0
1040118,0faae5bf-b900-4086-aa21-e1537b2cefe1,64,1014180,1014180,1040118,1036687,25938,25938,0,0,0,0
1089960,8be5199e-e212-b2e8-a91a-0e8b424a1f16,64,1086205,1086205,1089960,1090148,3755,3755,0,0,0,0
1108985,de9c8ed1-2efe-3d84-2c30-663928b5cba6,64,1093446,1093446,1108985,1108266,15539,15539,0,0,0,0
1133872,f1899189-3110-7d36-797d-31c403cbe6bd,64,1014228,1014240,1133872,1110075,119632,119644,12,0,0,0
1216113,4af1ff74-751f-fc03-4f5d-f42331e5266a,64,1212237,1212237,1216113,1214194,3876,3876,0,0,0,0
1286907,c88aca21-b1f4-dd88-48eb-14a58f6d56fd,64,1183530,1183530,1286907,1338384,103377,103377,0,0,0,0
1378707,6828e25c-9307-b36e-eeec-de56dd94b1cc,64,1341622,1341622,1378707,1407610,37085,37085,0,0,0,0
1390951,2057111f-243b-b306-93f6-5b6fd84ccc20,64,1342563,1342563,1390951,1416292,48388,48388,0,0,0,0
1405268,c2d0af1f-43eb-756f-0b62-192ae224a224,64,1348404,1348404,1405268,1379803,56864,56864,0,0,0,0
1514696,26a4850d-1a6b-88d2-cad7-5ebe91694fbb,64,1440871,1440871,1514696,1511156,73825,73825,0,0,0,0
1547732,b5230821-2c41-76f7-d045-f17ece2db215,64,1438582,1438582,1547732,1520655,109150,109150,0,0,0,0
1663098,6ced484e-acde-5588-ee92-0236b1ddecb7,64,1647973,1647973,1663098,1660682,15125,15125,0,0,0,0
1690277,924e48b4-504e-4b66-874c-146ccea6c978,64,1686477,1686477,1690277,1689764,3800,3800,0,0,0,0
1706604,fed46e35-1891-c896-a848-849e0dacf645,64,1702798,1702798,1706604,1706421,3806,3806,0,0,0,0
1799825,994d4c03-7154-74b9-70ce-68ab7ec9ef95,64,1795351,1795351,1799825,1801898,4474,4474,0,0,0,0
1811019,fdecc58d-73fe-e1a3-fed0-24cbb6f37bd4,64,1795395,1795411,1811019,1818084,15608,15624,16,0,0,0
1816083,b9e1aa73-bcaa-8722-923f-720a675684ce,64,1811748,1811748,1816083,1815451,4335,4335,0,0,0,0
1956218,c7797848-1c6e-f704-8311-7efcb0b4d74e,64,1955446,1955446,1956218,1955897,772,772,0,0,0,0
1990834,23625303-2ae7-2b5d-dcd2-dfd44c745676,64,1990162,1990162,1990834,1990602,672,672,0,0,0,0
1992873,83d97b4c-b245-ab9c-2b4e-1135d02e4ccc,64,1991177,1991177,1992873,1993275,1696,1696,0,0,0,0
1995581,cae322c3-6896-a57b-b7e1-1681fe84f0fe,64,1994814,1994814,1995581,1996854,767,767,0,0,0,0
1995863,e34a4e23-690a-3f42-6bae-63402ef3f589,64,1994814,1994814,1995863,1996954,1049,1049,0,0,0,0
1995978,fb9c7376-9232-cc60-3bae-eb8eed569361,64,1994817,1994874,1995978,1996265,1104,1161,57,0,0,0
1996215,94ca68d9-4d9e-4c77-0f79-4b765c96703d,64,1994819,1994874,1996215,1997268,1341,1396,55,0,0,0
1996468,7b5aaea7-fd77-319f-240e-78ce0690b4f3,64,1994814,1994814,1996468,1996728,1654,1654,0,0,0,0
1996528,d46b78f3-288c-91cc-ce92-b02181735a2a,64,1994820,1994874,1996517,1996594,1643,1697,54,0,0,0
1997635,f93adb04-4d24-6ef6-fe50-e2da7bbe4efe,64,1994820,1995581,1997635,1999054,2054,2815,761,0,0,0
1998388,343e299e-c4fb-9e5f-e231-9899f73d102c,64,1994815,1994874,1998388,1998520,3514,3573,59,0,0,0
1998568,903ce3b1-6158-0ec7-305c-b0aed795187f,64,1994814,1994814,1998568,1999600,3754,3754,0,0,0,0
1998636,c7bd251a-523f-ded7-3c05-4c3f474d8dca,64,1994818,1994874,1998636,1996661,3762,3818,56,0,0,0
1999087,c9425b82-0c20-1760-c14f-5b9f82a54c56,64,1994814,1994814,1999087,2000015,4273,4273,0,0,0,0
2001246,9290a83a-2bef-4363-6b7c-7396f942fcb2,64,1994817,1995978,2001246,1999976,5268,6429,1161,0,0,0
2002943,569d7aeb-640e-50e7-6c10-56b347c3c463,64,1995038,1996468,2002943,2002497,6475,7905,1430,0,0,0
2006519,2651daa3-d8bb-1c4e-f3e6-270444087b43,64,1992877,1992933,2006519,2014864,13586,13642,56,0,0,0
2007384,c9a692f0-073b-b78d-460a-a7f94a05e06d,64,1992878,1992933,2007384,2009662,14451,14506,55,0,0,0
2016604,bcc93b94-835d-7e20-859e-45bf5b262633,64,1992875,1992933,2016604,2013451,23671,23729,58,0,0,0
2021549,c82211cb-e48d-c1a8-420e-199bc44fdf5b,64,1992874,1992933,2021549,2029032,28616,28675,59,0,0,0
2027148,f24e1445-43b5-bebb-e789-ff69a7a52a11,64,1961892,1961892,2027148,2017091,65256,65256,0,0,0,0
2031244,9390e315-023c-ed0d-dc1e-b9f4564fd4ad,64,1959540,1959540,2031244,2016082,71704,71704,0,0,0,0
2031879,82afea66-55ea-d359-5c78-0e7076032584,64,1992882,2007384,2031879,2038055,24495,38997,14502,0,0,0
2032250,75ed76cf-cc29-a582-8167-86fae7e55d10,64,1992873,1992873,2032250,2018980,39377,39377,0,0,0,0
2036164,e7270909-0500-e955-54d7-1e4a13149627,64,1992877,1992933,2036164,2019828,43231,43287,56,0,0,0
2038299,37eb9827-869c-a44f-11d0-dc7af56ccffa,64,2037760,2037760,2038299,2039156,539,539,0,0,0,0
2041907,e9f746e7-1fd3-a8d0-77a4-d097aaa22344,64,2041488,2041538,2041907,2043199,369,419,50,0,0,0
2042101,cefc3837-8dec-1c17-d02b-368081196352,64,1992879,2006519,2042101,2036784,35582,49222,13640,0,0,0
2042161,f60249b5-2637-fce4-0049-f6b8f7d86a56,64,2041481,2041538,2042104,2043544,566,623,57,0,0,0
2042468,cf61ea35-d636-9272-2309-33ad1b3eaba1,64,2041486,2041538,2042468,2043315,930,982,52,0,0,0
2042528,d05858ea-e1d2-6681-4c9e-7893f1ca8560,64,2041493,2041538,2042481,2043310,943,988,45,0,0,0
2042658,e324f5db-6850-18bf-f5c3-e7f5583d2337,32,2041486,2041538,2042658,2043743,1120,1172,52,0,0,0
2042879,fd28750f-5868-3a1b-6ccb-cb41d7b205e5,64,2041486,2042161,2042879,2044149,718,1393,675,0,0,0
2043100,157470f1-be01-0fe7-6b09-ea4293e4d5f7,64,2041478,2041478,2043100,2044185,1622,1622,0,0,0,0
2043241,9ba585ae-cb96-4524-a5a4-14b21956673f,64,2041478,2041478,2043241,2043884,1763,1763,0,0,0,0
2043432,f8a5764a-87c5-3450-4c78-7ac622c97943,64,2041482,2041538,2043432,2043852,1894,1950,56,0,0,0
2043492,13e7b504-c58a-ac51-2fa8-e33b2a78ae7c,32,2042280,2042327,2043444,2044057,1117,1164,47,0,0,0
2043636,5eabfb1c-fda3-7293-d7b3-0cb4bcf71f08,64,2042276,2042658,2043636,2044314,978,1360,382,0,0,0
2043740,e566a39e-41a3-e739-6a67-3cffe0e36d7a,64,2041489,2041907,2043740,2043897,1833,2251,418,0,0,0
2043800,c578f4f4-9b18-276a-1d7b-83630db26722,64,2042269,2043100,2043762,2044370,662,1493,831,0,0,0
2043902,5995e5f4-4c85-45c1-b159-f8a48a802429,64,2042280,2043241,2043902,2044397,661,1622,961,0,0,0
2043976,2838c714-d121-1aed-eb81-e22464535f72,64,2041479,2042101,2043976,2043987,1875,2497,622,0,0,0
2044558,375af79e-9f3e-0f38-ad73-286bf517aed0,64,2041492,2043636,2044558,2044506,922,3066,2144,0,0,0
2044868,a9129abc-cda1-c26e-a17d-b91d07059d15,32,2042267,2043740,2044868,2044618,1128,2601,1473,0,0,0
2045048,16b3c475-4080-9548-0f25-152b27ce0017,64,2041480,2042879,2045042,2044370,2163,3562,1399,0,0,0
2045143,5f89a98c-2d6d-c2cb-2eee-dca934664ef1,64,2042267,2043432,2045143,2044439,1711,2876,1165,0,0,0
2045238,92ef8d59-0ad1-b7b6-6d35-20b7b937c04f,64,2041479,2043902,2045238,2044738,1336,3759,2423,0,0,0
2045584,e4d479e7-ace8-c3d1-e0b4-3a731eb6dd1c,64,2041490,2043800,2045584,2044634,1784,4094,2310,0,0,0
2045933,65d77fc8-252a-c83c-1d7b-ca5cf7a87bc5,64,2042268,2043740,2045933,2044622,2193,3665,1472,0,0,0
2046082,1ccd3552-b1e0-e9ad-bf80-b3f8b3ebc460,64,2041484,2043976,2046082,2044788,2106,4598,2492,0,0,0
2046187,ad3c919f-d0dc-b7a3-ef0a-d184a5ea3158,64,2041493,2045238,2046187,2045447,949,4694,3745,0,0,0
2046633,c83ae2b3-f6f4-fc48-e6bd-7f5ecf237be0,64,2041478,2041478,2046633,2044833,5155,5155,0,0,0,0
2046693,d5672f5d-20bb-45b0-a015-7233baf90557,64,2042270,2046082,2046659,2045559,577,4389,3812,0,0,0
2046760,9e876040-4c2b-a24c-8446-a29ac6c753a3,64,2042272,2046187,2046760,2045564,573,4488,3915,0,0,0
2046958,5eda2838-c7b9-5bd9-55a8-edb9b1a4da6c,64,2042275,2045048,2046958,2044924,1910,4683,2773,0,0,0
2047058,720f1c3d-922d-82ff-c29f-aa8fe4eb5ab9,64,2042269,2045143,2047058,2044985,1915,4789,2874,0,0,0
2047284,32978c7d-37b3-b0f6-0278-2c34ed809b95,64,2042267,2045584,2047284,2045554,1700,5017,3317,0,0,0
2047535,ff4b3804-1b58-69fa-8880-f906cef516c8,64,2041480,2046958,2047535,2045977,577,6055,5478,0,0,0
2047639,b77c1be6-febe-e6a6-9eb5-d8d29620818d,64,2042275,2046693,2047639,2045932,946,5364,4418,0,0,0
2047699,6f6656b4-abd1-4dd5-45d8-1a459a3336ee,64,2041480,2046760,2047680,2045971,920,6200,5280,0,0,0
2047759,ea467d0d-ce05-2ac8-9e0e-5cdf89d4d409,64,2042281,2045933,2047759,2045556,1826,5478,3652,0,0,0
2048218,0450f237-1feb-fdaf-0f03-8aaf3fec2bfa,64,2044975,2047284,2048218,2046498,934,3243,2309,0,0,0
2048359,08b52947-9814-c00c-027d-df7ed31c63fb,64,2042273,2047759,2048359,2046577,600,6086,5486,0,0,0
2048538,6bb17a8b-26c1-18f2-eb1c-0430df114270,64,2042279,2046633,2048538,2045812,1905,6259,4354,0,0,0
2048791,4705ecba-00c4-e208-1e57-29859437ea94,64,2044917,2047639,2048791,2046513,1152,3874,2722,0,0,0
2048871,9a86040e-7263-3c6a-e4ad-77b02e32a832,64,2044906,2047535,2048871,2046505,1336,3965,2629,0,0,0
2048956,2f7e6184-24e7-3747-cb1f-999b4c6d98a8,64,2042267,2047058,2048956,2046231,1898,6689,4791,0,0,0
2049429,d980a784-1857-08fa-426e-08b6a0b58a0c,64,2044988,2048871,2049429,2047039,558,4441,3883,0,0,0
2049555,9760dd35-64b4-d5c3-fe5f-b9a285f801f0,64,2042276,2047699,2049555,2046567,1856,7279,5423,0,0,0
2049741,0702c1db-d2ad-8a48-0dfa-c4c9910af69d,64,2044984,2048791,2049741,2047019,950,4757,3807,0,0,0
2049801,746cff4e-019c-2251-d590-65fa795581fa,64,2044906,2049429,2049799,2047069,370,4893,4523,0,0,0
2049894,2591855b-87fc-7d1a-148f-0e3c8ce90fdf,64,2044907,2048956,2049894,2047060,938,4987,4049,0,0,0
2050324,18721154-0dbd-384d-b753-3ff525f50323,64,2042270,2048538,2050324,2047012,1786,8054,6268,0,0,0
2050418,2c9d9b63-cc9d-c19c-129d-dfde9194d072,64,2042268,2048218,2050418,2046610,2200,8150,5950,0,0,0
2050547,8d7da747-d48d-5f9a-4be1-a297a8222853,64,2044987,2048359,2050547,2046712,2188,5560,3372,0,0,0
2050691,1b3e2271-1a71-0bdf-7b6d-e07125b08a57,64,2044916,2049741,2050691,2047249,950,5775,4825,0,0,0
2050899,505739f3-1031-a582-62d8-84ee5d89378c,64,2044918,2050324,2050899,2047620,575,5981,5406,0,0,0
2050959,3231dc66-4f9d-d529-5efe-70f7e0cf449e,32,2044922,2049801,2050911,2047469,1110,5989,4879,0,0,0
2050959,c4ca0233-4273-9de8-6bad-2b997fa8c425,64,2044907,2050547,2050948,2047859,401,6041,5640,0,0,0
2051530,d6b9bf52-ece0-0105-5500-99df929b958d,32,2044973,2050418,2051530,2047660,1112,6557,5445,0,0,0
2051642,563b0ab8-bba9-827b-cb8f-63c28ab1e605,64,2044918,2050691,2051642,2047862,951,6724,5773,0,0,0
2051702,93be6e0f-6776-4388-8d6f-ccd5d64f7187,32,2044907,2050547,2051662,2047672,1115,6755,5640,0,0,0
2051762,24522ef6-1e5f-de58-7427-eefaf808e17a,64,2044978,2049555,2051723,2047160,2168,6745,4577,0,0,0
2051822,9a7db4b4-ed91-9b55-91c3-3f136540ecd1,64,2044911,2049894,2051764,2047573,1870,6853,4983,0,0,0
2051898,2c60d815-39a4-c71d-95b4-3eed08db3427,64,2044915,2050959,2051898,2048013,939,6983,6044,0,0,0
2052045,0bad6367-a3b5-bc49-f05a-fb4adaa51cfb,64,2044983,2050899,2052045,2047985,1146,7062,5916,0,0,0
2052617,17abe966-517e-c7c8-15cd-3d70e1e3afdf,64,2044921,2049801,2052617,2047493,2816,7696,4880,0,0,0
2052893,480a202f-1cde-5b69-f8fb-04f3cbbc04a3,32,2044988,2051762,2052893,2048114,1131,7905,6774,0,0,0
2052983,d7561954-d0e1-2881-98c2-fc34ebde34e7,64,2044979,2051642,2052983,2048045,1341,8004,6663,0,0,0
2053154,170e0447-1a28-2f20-ce52-9b862433d80d,64,2044976,2051822,2053154,2048277,1332,8178,6846,0,0,0
2053214,893e2de8-8509-c3a2-214b-1e1c4b403399,32,2044910,2052045,2053178,2048325,1133,8268,7135,0,0,0
2053274,fec52f69-ac43-6e12-1480-eabd9d9f2662,64,2044986,2051898,2053223,2048321,1325,8237,6912,0,0,0
2053274,f3f73d69-c853-05f9-735b-ea93923ad413,64,2044913,2051530,2053240,2048037,1710,8327,6617,0,0,0
2053474,a873abc8-15aa-aa3b-b612-3cdad216d058,64,2044983,2051762,2053474,2048120,1712,8491,6779,0,0,0
2053688,8d522457-f104-9c45-c4ad-84e48b3b966c,64,2044977,2053274,2053688,2048971,414,8711,8297,0,0,0
2053773,6dabedd3-e1de-9299-c0bd-f93969721c75,64,2044913,2053214,2053773,2048599,559,8860,8301,0,0,0
2053929,cadc3379-c788-e847-55d1-0dfc9834e02f,64,2044908,2052983,2053929,2048539,946,9021,8075,0,0,0
2054021,fab522e5-1600-fe9c-15a4-2c522147129e,32,2044973,2052893,2054021,2048519,1128,9048,7920,0,0,0
2054207,607cdb47-a24e-fba7-62e8-cada016db752,64,2044971,2053274,2054207,2048848,933,9236,8303,0,0,0
2054511,9e41d0e7-1d0f-c8c2-0f33-7fe5f93268ef,64,2044974,2052617,2054511,2048381,1894,9537,7643,0,0,0
2054614,af0caa3c-122f-862e-c495-6e6a21cc0211,64,2044912,2053688,2054614,2049128,926,9702,8776,0,0,0
2054674,10e2a69d-80de-1dbe-4af7-3ae2daf39837,64,1992882,2016604,2054656,2039793,38052,61774,23722,0,0,0
2055048,f09d07f1-eac4-c60c-9e4a-9260efd52c09,64,2044971,2053154,2055048,2048564,1894,10077,8183,0,0,0
2055108,8fca9026-a738-30e8-1f3d-0200c5acf275,32,2044972,2053929,2055057,2049296,1128,10085,8957,0,0,0
2055575,835108d8-9251-eafe-9d7e-5e48c03caa32,64,2044983,2053773,2055575,2049188,1802,10592,8790,0,0,0
2055635,99c36e15-2a65-0cdf-8758-5e332674fda1,64,2044908,2053474,2055624,2048996,2150,10716,8566,0,0,0
2055820,250801c0-8d2a-3e18-a51d-7a23d5b483b6,64,2044979,2054021,2055820,2049421,1799,10841,9042,0,0,0
2055989,1e31db00-d414-5ed2-2395-6ed72357448a,64,2044907,2054207,2055989,2049446,1782,11082,9300,0,0,0
2071792,6f77cc54-8bb1-07de-faa0-a29745e3e268,64,1992873,1992873,2071792,2077164,78919,78919,0,0,0,0
2079197,5111044c-10d6-e19e-b52d-b8c8ff5b2d52,64,1992875,2027148,2079197,2084994,52049,86322,34273,0,0,0
2085316,96be541b-0b0a-e00f-4462-ecae0cce769b,64,2077930,2077930,2085316,2082988,7386,7386,0,0,0,0
2090404,8eb232b8-54b5-6b05-ef67-8fc82308961b,64,2070634,2070693,2090404,2091762,19711,19770,59,0,0,0
2101255,99dce819-1841-d873-634d-6e09f0ffd6b0,64,1992875,2031244,2101255,2091487,70011,108380,38369,0,0,0
2110235,d2d93182-f3c0-1d85-d867-01f3a5120438,64,2070635,2070693,2110235,2123548,39542,39600,58,0,0,0
2115658,fc1b3217-83eb-9e95-d891-0c365dc57345,64,2070633,2070633,2115658,2124330,45025,45025,0,0,0,0
2119892,dad95c71-c688-599b-d111-277c82cc3039,64,2111050,2111090,2119892,2127476,8802,8842,40,0,0,0
2125188,cc1791f8-ac48-0aa4-8ab4-1a8218b8f130,64,2111048,2111090,2125188,2124402,14098,14140,42,0,0,0
2127837,d5942bb2-7ddf-0270-fc60-037efc6f2e6e,64,2111030,2111030,2127837,2138905,16807,16807,0,0,0,0
2129217,af4219dd-38c6-82d8-673d-78049c5bad2e,64,2111042,2111090,2129217,2129287,18127,18175,48,0,0,0
2134427,471994c9-3d3a-79ab-c33c-518f52eddbdb,64,2134356,2134356,2134427,2135257,71,71,0,0,0,0
2136681,2ac3aafc-94fe-0779-d355-652e5ec7a8f6,64,2136349,2136408,2136681,2137839,273,332,59,0,0,0
2136777,b21d856b-4266-64cf-306c-4d844c60507b,32,2136457,2136468,2136777,2137728,309,320,11,0,0,0
2137037,1a9e82f5-0228-de49-e4c4-e73c4c46bad8,64,2136459,2136468,2137037,2137482,569,578,9,0,0,0
2137148,4230411e-c100-dcbc-f93a-d0a8e9d79f8f,64,2136348,2136348,2137148,2138156,800,800,0,0,0,0
2137208,a0b3543a-0fa7-6a5b-9505-5ac72f0b9138,64,2136352,2136408,2137172,2137489,764,820,56,0,0,0
2137305,b98b9459-7d35-de60-1f45-a6d06af9e1cd,64,2136457,2136468,2137305,2137574,837,848,11,0,0,0
2137480,f81379f3-a170-711f-e862-8d4bcc3c33f5,64,2136462,2136468,2137480,2137629,1012,1018,6,0,0,0
2137540,4588d5c7-6da2-c9e0-5477-7e31579bca3c,64,2136457,2137208,2137488,2138310,280,1031,751,0,0,0
2137540,5ef59cd3-e078-b2d6-e92c-b8ed8fa05149,64,2136467,2137305,2137512,2138468,207,1045,838,0,0,0
2137627,ba885454-7497-d326-2157-45a0d658db7d,64,2136355,2136408,2137627,2138553,1219,1272,53,0,0,0
2137687,8d73f2a6-5c49-7ad1-b4b0-601442d6e3c8,64,2136348,2136348,2137682,2138554,1334,1334,0,0,0,0
2137841,6f97aebd-e15d-9642-0a84-bd349d345ce9,64,2136469,2137480,2137841,2138532,361,1372,1011,0,0,0
2137901,09e002f0-6191-ee64-332c-dcc7da819b74,64,2136357,2137687,2137898,2138814,211,1541,1330,0,0,0
2137961,1dbd3a83-176a-5eb8-0f1a-befdf2e3fdc9,64,2136462,2137148,2137941,2138242,793,1479,686,0,0,0
2137961,18076bff-bcae-99f6-691a-cd19a2955303,64,2136466,2137037,2137957,2138230,920,1491,571,0,0,0
2138021,712636bb-a455-ea22-07d0-2e2ce4406398,64,2136359,2137627,2137992,2138594,365,1633,1268,0,0,0
2138260,4d2cd22d-cfae-af3f-aa46-dd26e07ab79d,64,2136458,2137961,2138260,2139232,299,1802,1503,0,0,0
2138641,8b7080c2-7799-f25b-1bd4-a24e66bc6735,64,2136348,2136348,2138641,2139060,2293,2293,0,0,0,0
2139000,b9725caf-fea4-2063-f16a-83488fc8ed53,64,2136458,2137841,2139000,2139031,1159,2542,1383,0,0,0
2139091,fd987761-b0cc-e109-6d37-a68058f99bf7,64,2136358,2137961,2139091,2139119,1130,2733,1603,0,0,0
2139260,f977de8f-f140-513b-e4cb-bdb8c4beb48f,32,2136470,2139091,2139260,2139463,169,2790,2621,0,0,0
2139402,ac5200b5-029c-fbda-b37b-574e323f9bb2,64,2136361,2138021,2139402,2139259,1381,3041,1660,0,0,0
2139616,8f47c5ae-6c68-d37a-aba0-24bd99932899,32,2136470,2139091,2139616,2139429,525,3146,2621,0,0,0
2139696,8d5af123-085d-07e6-072c-5869d4c933f2,64,2136459,2138260,2139696,2139331,1436,3237,1801,0,0,0
2139852,a367b563-2f89-4e9b-4b4e-52fd9c83e2d2,64,2136349,2138641,2139852,2139351,1211,3503,2292,0,0,0
2140278,81cf1f8d-a5a4-9785-8211-dfed73be43cc,64,2136469,2139260,2140278,2139493,1018,3809,2791,0,0,0
2140338,a82762b4-7939-09cd-b858-2767d4031364,64,2136456,2139696,2140306,2139575,610,3850,3240,0,0,0
2140338,444b9490-4edd-1cfd-f08f-ecf78e525adc,64,2136365,2139852,2140338,2139589,486,3973,3487,0,0,0
2140419,9c7e3507-4f9a-c528-0d0b-906366c5558f,64,2136463,2139000,2140419,2139379,1419,3956,2537,0,0,0
2140537,76f1a8e8-455d-c614-0301-a06c54a1c8a6,64,2136353,2140338,2140537,2140082,199,4184,3985,0,0,0
2140750,1ff49019-ac4a-7701-07d7-a39309cf1063,64,2136464,2140419,2140750,2140220,331,4286,3955,0,0,0
2140810,f801a8bf-1467-b73a-5507-14a73aac2179,32,2136348,2136348,2140754,2139953,4406,4406,0,0,0,0
2141428,2d555314-143e-7fb7-2060-8b8d47c57d53,64,2136358,2140278,2141428,2139953,1150,5070,3920,0,0,0
2141528,1d0707aa-59ec-3e63-0b63-981eb1dc3a91,64,2136466,2140750,2141528,2140333,778,5062,4284,0,0,0
2141691,a118766a-cc45-a5fe-093a-d01fb18ed96d,64,2136458,2140537,2141691,2140309,1154,5233,4079,0,0,0
2141816,ca3a7379-8e75-b4bd-9004-c585fefb5480,64,2136355,2141428,2141816,2140341,388,5461,5073,0,0,0
2141970,8b75190c-4f26-de21-4e61-2e346548dfc8,64,2136349,2140338,2141970,2140003,1632,5621,3989,0,0,0
2142141,816caa34-7d96-e941-27cc-c1ddfe5e36e2,32,2136349,2141528,2142141,2140622,613,5792,5179,0,0,0
2142261,edb49f8d-e606-b32f-920d-5830ba5b70e7,32,2136456,2141528,2142261,2140561,733,5805,5072,0,0,0
2142321,d0d74aa0-eecc-f146-5d7d-c0fd74cfb32b,64,2136356,2141691,2142291,2140685,600,5935,5335,0,0,0
2142669,6f52449a-8bcf-476c-dbf2-127381734b33,64,2136348,2136348,2142669,2141077,6321,6321,0,0,0,0
2143296,38a6484c-634c-842f-6584-387553c70de6,64,2111048,2111090,2143296,2135247,32206,32248,42,0,0,0
2143356,25b3cc2e-137d-e405-6ccc-0672cfde82ad,64,2136363,2141970,2143349,2140826,1379,6986,5607,0,0,0
2143875,a45ee904-717d-0042-f30d-6ea3951c4200,64,2136351,2141816,2143875,2140696,2059,7524,5465,0,0,0
2144593,75b4849c-7b2a-d1ba-1343-d7f932b5e3d0,64,2136461,2142321,2144593,2141236,2272,8132,5860,0,0,0
2145703,3fa58bda-02ab-e229-146f-192895a155de,64,2111042,2111090,2145703,2138120,34613,34661,48,0,0,0
2149235,e009a2cd-3157-f09a-3edf-dad0c6988643,64,2111040,2115658,2149235,2139496,33577,38195,4618,0,0,0
2151903,028ccae1-e0b8-7731-3454-4a6a372cba50,64,2111036,2111090,2151903,2133726,40813,40867,54,0,0,0
2157210,3e881490-681d-e32b-05e6-d7080874688e,64,2111046,2119892,2157210,2141524,37318,46164,8846,0,0,0
2165239,85ce7878-a616-4c23-d039-0646f47a4d1b,64,2111040,2125188,2165239,2150562,40051,54199,14148,0,0,0
2166715,7164a9a2-c3d6-0e1e-1992-97677e083461,64,2111050,2127837,2166715,2152140,38878,55665,16787,0,0,0
2175448,1e46c88e-2bc0-30e4-f700-942853a0730b,64,2111030,2111030,2175448,2155922,64418,64418,0,0,0,0
2190534,922e047f-b5c1-2af0-a296-884f541eb2a4,64,2111041,2151903,2190534,2168178,38631,79493,40862,0,0,0
2192677,716ebe56-c19a-ab0f-7d72-8f735d3b64ac,64,2111032,2157210,2192671,2175705,35461,81639,46178,0,0,0
2192960,21a1b343-77a4-802c-d95d-48ed6a020dca,64,2111046,2149235,2192960,2164748,43725,81914,38189,0,0,0
2193268,2bc2bdd4-d736-d90c-a8ae-5c671598203e,64,2192594,2192960,2193268,2193497,308,674,366,0,0,0
2193657,e66ccf4a-cb3c-211d-c8f1-68095051b949,64,2190169,2192677,2193657,2191391,980,3488,2508,0,0,0
2194022,33777a82-32ef-b83d-28d3-e1aac23f2471,64,2192568,2193657,2194022,2193570,365,1454,1089,0,0,0
2194452,6b48d839-3d82-4b77-d7d9-9ccef4084628,64,2192586,2193268,2194452,2193569,1184,1866,682,0,0,0
2194674,430d741a-85c5-db09-e812-4d3df4c88b1d,64,2192584,2194022,2194674,2193662,652,2090,1438,0,0,0
2195122,b9ba04a8-54e0-8a94-4682-ca38fb780253,64,2192589,2194452,2195122,2193682,670,2533,1863,0,0,0
2195253,1a062a0e-ad93-8d1a-2a0d-c97ee85af565,64,2192596,2194674,2195253,2193691,579,2657,2078,0,0,0
2195417,0fa745c7-341d-706a-75ef-f2a906fe3650,64,2192571,2195122,2195417,2193696,295,2846,2551,0,0,0
2195477,a830b0ba-d43d-347d-a0c4-e0f916e4e6e7,64,2192590,2195253,2195461,2193702,208,2871,2663,0,0,0
2195591,71bfad6c-0eba-6e49-946c-f4bee1344504,64,2192597,2195417,2195591,2193718,174,2994,2820,0,0,0
2195766,f3986f93-6dd7-286a-730a-0bb4da8fa656,64,2192562,2195591,2195766,2193817,175,3204,3029,0,0,0
2196056,0bace8ac-6dac-29b6-36ea-525de0d768bb,64,2192594,2195477,2196056,2193752,579,3462,2883,0,0,0
2196408,f5260cb1-29bd-44d4-b7bb-24ab7447b052,64,2192608,2196056,2196408,2193829,352,3800,3448,0,0,0
2196468,13d69792-126f-f5ed-4485-e60db86ad0f8,64,2192578,2195766,2196411,2193823,645,3833,3188,0,0,0
2196591,aab76dd1-152b-5e5f-e499-9ab5002a99b2,64,2192593,2196408,2196591,2193852,183,3998,3815,0,0,0
2196770,e37001f6-d230-8588-2edb-bd896084d671,32,2192557,2196408,2196770,2193835,362,4213,3851,0,0,0
2196907,071a8d53-63e0-7207-113c-b0099cff77c5,64,2192595,2196468,2196907,2193900,439,4312,3873,0,0,0
2197012,1345c526-a4ab-ce56-8d03-bd2fd7169b2a,64,2192592,2196591,2197012,2193909,421,4420,3999,0,0,0
2197272,14f32e9b-d497-7ff6-7d35-960301903474,32,2192606,2196907,2197272,2193913,365,4666,4301,0,0,0
2197332,17caf26b-cbfe-fd65-623b-34635f6763a6,32,2192595,2196907,2197277,2193929,370,4682,4312,0,0,0
2197656,ff69af1c-020a-b8a8-f7a3-79871a8645c4,64,2192559,2197012,2197656,2194075,644,5097,4453,0,0,0
2197929,61d9e819-c51c-5229-a145-676d17795b66,64,2192593,2197272,2197929,2194103,657,5336,4679,0,0,0
2197989,7ab417d6-2975-cef7-9d3f-904a5ca0678b,64,2192595,2197656,2197958,2194138,302,5363,5061,0,0,0
2198049,910813b5-882f-dc64-7677-450f674dfb85,64,2192592,2197929,2198039,2194165,110,5447,5337,0,0,0
2198347,24812872-e704-db7d-a4e7-13588fb6002d,64,2192560,2198049,2198347,2194270,298,5787,5489,0,0,0
2198662,c742bbaf-7787-0d52-dd12-bbc65eaae175,64,2192584,2198347,2198662,2194290,315,6078,5763,0,0,0
2199173,97939217-29c8-388c-eb4c-864364e4abc2,64,2192585,2197989,2199173,2194173,1184,6588,5404,0,0,0
2199305,baedb7ab-965e-a5d5-0735-93d177329dc5,64,2192583,2198662,2199305,2194335,643,6722,6079,0,0,0
2199365,724c5cd0-07ac-3372-693e-e2d569b20a83,64,2192578,2199173,2199339,2194389,166,6761,6595,0,0,0
2199535,7d5887a5-a554-8394-f39d-ea6f06919b1d,64,2192583,2199365,2199535,2194403,170,6952,6782,0,0,0
2199667,2e58e57a-4b4a-f20d-26f3-af262cc6c3c2,64,2192569,2199305,2199667,2194398,362,7098,6736,0,0,0
2199887,7ee50afd-1f3a-3502-bb1a-56bdafaea21d,64,2192609,2199535,2199887,2194462,352,7278,6926,0,0,0
2200033,82dc286e-060c-fba5-4241-e3eb74c8a3a4,64,2192557,2199667,2200033,2194473,366,7476,7110,0,0,0
2200447,d783b9d0-5820-ea4f-cd18-5ea51740e77b,64,2192560,2199887,2200447,2194512,560,7887,7327,0,0,0
2200698,efc87fc9-fd8e-fc60-b0bb-79d9d9b00417,64,2192562,2200033,2200698,2194530,665,8136,7471,0,0,0
2200899,0be1bd38-a1be-3068-525f-38eb00fc3ce3,64,2192563,2200698,2200899,2194596,201,8336,8135,0,0,0
2201200,9b0dfaab-049f-32c7-b1a7-d537b0ec7074,64,2192581,2200447,2201200,2194552,753,8619,7866,0,0,0
2201469,306542ee-2e51-9870-0191-073f8cfcb112,64,2192558,2200899,2201469,2194646,570,8911,8341,0,0,0
2201529,29fcd3e2-6ea4-5e17-b28f-c8c688b30922,64,2192589,2201200,2201511,2194713,311,8922,8611,0,0,0
2201723,55b2f82a-3469-b0de-e442-c26ca27589cd,32,2192594,2201529,2201723,2194889,194,9129,8935,0,0,0
2201896,19f620a2-26bb-f675-ac6a-e5e1443cf3a1,32,2192558,2201529,2201896,2194868,367,9338,8971,0,0,0
2202029,a3c05d75-b3b6-feb4-6bf0-1ba6ed1d3817,64,2192581,2201723,2202029,2194904,306,9448,9142,0,0,0
2202089,994be696-6160-ac3c-fe6f-2cf706db51d3,64,2192568,2201469,2202051,2194780,582,9483,8901,0,0,0
2202229,4528bbd1-2df1-1e76-cf42-ce0a539e832e,64,2192567,2202029,2202229,2194908,200,9662,9462,0,0,0
2202843,a2cbc85c-3069-ae7c-04a6-dca6f908017b,64,2192560,2202089,2202843,2195066,754,10283,9529,0,0,0
2202903,2fa227c3-dc57-14da-90ca-beebdb721b14,64,2192558,2202229,2202873,2195114,644,10315,9671,0,0,0
2203276,0a76e404-9bad-a6c6-dd7d-08c960cc7abd,64,2192591,2202903,2203276,2195172,373,10685,10312,0,0,0
2203388,214990ed-abe0-7080-6961-a383dceea2eb,64,2192593,2203276,2203388,2195183,112,10795,10683,0,0,0
2203500,79cdc59e-7700-2b66-56c6-5adb028dd025,64,2192594,2203388,2203500,2195208,112,10906,10794,0,0,0
2203560,113a19a0-a8e1-5405-a04f-3f5cefd10af8,64,2192591,2202843,2203504,2195147,661,10913,10252,0,0,0
2204051,eea0e30e-96be-e52e-65c1-efd6cf1f5a98,64,2196445,2203560,2204051,2199416,491,7606,7115,0,0,0
2204111,922fe35d-2fd1-c775-00b0-2a827054ef5f,64,2192589,2203500,2204089,2195291,589,11500,10911,0,0,0
2205905,bdf1de53-e014-73df-5768-6c78cbf01dcb,64,2202545,2204051,2205905,2204304,1854,3360,1506,0,0,0
2208049,9f9905ad-43c8-4b21-7d3f-9e08968e83ca,64,2111037,2144593,2208049,2158308,63456,97012,33556,0,0,0
2209782,8abcb652-ee52-ab7b-4cb0-fe85e4184c38,64,2111031,2145703,2209782,2162708,64079,98751,34672,0,0,0
2210237,3ac1b782-d907-7c2d-54bd-fe613abc666c,64,2111043,2166715,2210237,2178491,43522,99194,55672,0,0,0
2221784,e4cb277f-bc95-a041-8cdf-b034e9a84c51,64,2221465,2221465,2221784,2222020,319,319,0,0,0,0
2231159,0917f2d6-121a-eb14-c600-9101b9b0b99e,64,2111044,2165239,2231159,2175870,65920,120115,54195,0,0,0
2234564,b26f8bb2-3178-bdbb-df7f-acac0814b225,64,2111032,2175448,2234564,2181000,59116,123532,64416,0,0,0
2247604,901b938f-b703-de19-d20f-65b31164d2e6,32,2202349,2209782,2247604,2282148,37822,45255,7433,0,0,0
2260521,5c57eb93-057e-aa6f-29de-65e62e89a6ed,64,2111035,2190534,2260521,2188951,69987,149486,79499,0,0,0
2291264,353fce99-ef9b-b09b-a32c-ceaed7357f9d,32,2111033,2205905,2291264,2218775,85359,180231,94872,0,0,0
2308473,2d4177f0-156d-e288-a472-1ca1d1a4e006,64,2111037,2208049,2308473,2266583,100424,197436,97012,0,0,0
2315719,05e71b68-0cf8-32b3-0a66-c2113eb4a3ee,64,2037797,2037820,2315719,2261755,277899,277922,23,0,0,0
2316029,840aa19c-c5bb-ff64-10b9-b399bf5d96d6,64,2111048,2204111,2316029,2204844,111918,204981,93063,0,0,0
2327089,84471dfa-d11b-946b-e993-f6e9f2007b99,64,2282713,2282713,2327089,2318431,44376,44376,0,0,0,0
2331947,e958c745-02bb-657d-0225-51d2e44e923a,64,2326532,2326584,2331947,2334434,5363,5415,52,0,0,0
2332223,3e7447a2-a672-d32f-5c9f-0999e869839a,64,2326526,2326584,2332223,2333444,5639,5697,58,0,0,0
2333124,bf1d8f89-847c-cb1d-d104-99485f6da884,64,2285754,2285754,2333124,2339151,47370,47370,0,0,0,0
2335378,0be08870-ad40-9867-d6c4-222e6bf82001,64,2326525,2326584,2335378,2335416,8794,8853,59,0,0,0
2337227,3e74ba44-a65e-4003-51bf-4361edb5db91,64,2326526,2326584,2337227,2335710,10643,10701,58,0,0,0
2338928,bff9e3b2-8e79-8982-9a5d-5ace61d9407c,64,2326535,2326584,2338928,2333833,12344,12393,49,0,0,0
2340888,c6bdce43-0902-5afd-164e-9cd4cade4865,64,2326526,2331947,2340888,2341744,8941,14362,5421,0,0,0
2341091,2fc82f4d-ea48-9dae-2b99-f902836d943f,64,2326524,2326524,2341091,2339248,14567,14567,0,0,0,0
2342679,6fad7460-2ef3-8ed1-8cdf-e58d8252caff,64,2342306,2342306,2342679,2343986,373,373,0,0,0,0
2344002,b3953089-2692-a7e6-bb5c-c587d2689ad4,64,2326534,2327089,2344002,2339843,16913,17468,555,0,0,0
2349721,f48783eb-939f-3536-27ba-a3dd2c2bd5a3,64,2326525,2332223,2349721,2343470,17498,23196,5698,0,0,0
2349837,9619cf44-3ac5-524f-a3a0-51e85f5c6553,64,2345911,2345911,2349837,2353043,3926,3926,0,0,0,0
2359825,9a452aca-1d83-85f3-33f8-cf8c4f0b6127,64,2272670,2272670,2359825,2364945,87155,87155,0,0,0,0
2368886,147eeb2d-5a39-74e8-55e7-7e009eb01a8e,64,2267445,2267445,2368886,2370977,101441,101441,0,0,0,0
2369917,9eed7567-e3ee-62db-0680-ee6db3831f62,64,2366451,2366510,2369917,2369437,3407,3466,59,0,0,0
2369977,22f5b1a9-3e4f-22ba-7eb3-eae71885048a,64,2366452,2366510,2369938,2369203,3428,3486,58,0,0,0
2370073,aa3b3db7-8a96-b857-fa8f-39237032c8e2,64,2366451,2366510,2370073,2370889,3563,3622,59,0,0,0
2370469,677ee2ce-4a71-fa06-b2c2-dd37635ccc91,64,2366450,2366450,2370469,2369699,4019,4019,0,0,0,0
2370529,0b1f7526-a690-83d0-1850-147b62b97bbf,64,2366451,2366510,2370492,2368537,3982,4041,59,0,0,0
2372225,8fd58d21-1eb8-30f6-7d93-e70328e49b27,64,2365827,2365883,2372225,2372911,6342,6398,56,0,0,0
2373355,7e8e148b-0b44-f907-6d59-ae125ac7b94d,64,2365823,2365823,2373355,2370227,7532,7532,0,0,0,0
2373415,70a5e979-a505-4cab-7ba8-f78b6577b891,64,2365823,2365823,2373398,2374420,7575,7575,0,0,0,0
2374804,76237f14-9d86-a7ff-3758-16cf761df97f,64,2365826,2365883,2374804,2374004,8921,8978,57,0,0,0
2380733,9e8fa807-5db9-6490-2c6b-2108ba9b519a,64,2309732,2309732,2380733,2386339,71001,71001,0,0,0,0
2382318,e2d8d2e6-272a-64fa-0cd4-dd15f592478d,64,2378133,2378192,2382318,2386671,4126,4185,59,0,0,0
2382436,a250b2fc-093e-e080-20a9-20970356f7ab,64,2378134,2378192,2382436,2385285,4244,4302,58,0,0,0
2382496,364b9aa2-ec93-53cd-8e9a-8e7293fca973,64,2378134,2378192,2382484,2384923,4292,4350,58,0,0,0
2382794,9a870bf7-b2e9-da66-1bd5-72b4533679f2,64,2379980,2380038,2382794,2386196,2756,2814,58,0,0,0
2383847,603fea1d-b88c-acbc-9383-f05717610223,64,2378132,2378132,2383847,2382110,5715,5715,0,0,0,0
2384819,04ebb4a9-a4e5-65b7-0357-20d193de2f9e,64,2378133,2378192,2384819,2381423,6627,6686,59,0,0,0
2386674,036ec6cb-8941-069b-3559-d3c6565a2822,64,2379978,2379978,2386674,2384738,6696,6696,0,0,0,0
2389810,639b5d1d-1961-5b05-b725-83e4333673e7,64,2337867,2341091,2389810,2429910,48719,51943,3224,0,0,0
2406555,85664da4-8422-edc7-00dc-1d6c013c7d7c,64,2405105,2405105,2406555,2407053,1450,1450,0,0,0,0
2408419,aa9af6c4-3b08-9388-e9d8-34b6072e4e7a,64,2336680,2340888,2408419,2414011,67531,71739,4208,0,0,0
2412395,9c59d8ee-4ed6-87d9-d498-ede9d28616ac,64,2409910,2409910,2412395,2414299,2485,2485,0,0,0,0
2417035,fd39b46b-8cd0-0b4a-b6dc-d204cebb1f39,64,2337806,2337806,2417035,2383165,79229,79229,0,0,0,0
2421609,0394fc90-7ca2-101f-6b77-fbe41e57072d,64,2419726,2419726,2421609,2424020,1883,1883,0,0,0,0
2427675,25c298e5-fb34-31dd-671f-a59b8730130c,64,2398929,2398929,2427675,2424531,28746,28746,0,0,0,0
2439318,2f592f3e-1bbd-2513-30bc-76c4e3fa6893,64,2439097,2439097,2439318,2442076,221,221,0,0,0,0
2441640,076c1833-ca50-e117-95f9-6dfa933ac61c,32,2380447,2382794,2441640,2477683,58846,61193,2347,0,0,0
2447071,1dd18fcf-b99b-8d2d-b72a-69289c7871de,64,2446378,2446378,2447071,2447349,693,693,0,0,0,0
2450293,2cd4e76d-f40a-b6cf-31c7-8a33db5983d3,64,2449981,2449981,2450293,2452450,312,312,0,0,0,0
2453222,113145d2-4346-cce5-8895-d134acb4b5c3,64,2452926,2452926,2453222,2454367,296,296,0,0,0,0
2453285,29a7f041-2d51-9614-442a-584a6f8cd15f,64,2452926,2452926,2453285,2454419,359,359,0,0,0,0
2453345,8d84067f-ce58-e7fc-6cc0-e350f7c40cb2,64,2452935,2452986,2453286,2454000,300,351,51,0,0,0
2453345,1cea99dc-04ef-61f0-b13c-78db99fc2b67,64,2452936,2452986,2453286,2454052,300,350,50,0,0,0
2453515,7e02c8c1-e7c2-caa7-2460-fdd72cedc1f9,64,2452937,2453345,2453515,2454979,170,578,408,0,0,0
2453575,3975864c-d9da-9362-da06-e43988d094a9,64,2452933,2453345,2453518,2455025,173,585,412,0,0,0
2453635,5468edcc-4256-dc8d-b1bd-d56a5e8fb079,64,2452933,2453285,2453592,2454911,307,659,352,0,0,0
2453635,df681283-d4be-d77b-8f1f-114793cabbe1,64,2452927,2452986,2453627,2454175,641,700,59,0,0,0
2454053,31d46873-c29d-0b1c-8fcb-6df2c5e3b186,64,2452926,2452926,2454053,2454869,1127,1127,0,0,0,0
2454113,7f720ffc-9b6d-272f-639b-66512ffbe857,64,2452938,2453515,2454078,2455073,563,1140,577,0,0,0
2454173,bb10f0be-db76-8604-befa-e203b206da83,64,2452927,2452986,2454117,2454838,1131,1190,59,0,0,0
2454233,c49dc4fc-cc64-1c00-31b4-1e884b0c8c70,64,2452937,2453575,2454222,2455105,647,1285,638,0,0,0
2454293,6e0bc459-ce30-36f3-2bb4-ee3817467451,64,2452934,2453635,2454274,2455158,639,1340,701,0,0,0
2454353,fc2edb04-9a18-e0e8-cc42-82cd1474849f,64,2452938,2454053,2454351,2455271,298,1413,1115,0,0,0
2454353,82d3c040-8e69-44d3-523b-505c4127bbb7,64,2452928,2453222,2454353,2454885,1131,1425,294,0,0,0
2454438,c6e79a7b-f712-e813-4e01-009d8d59b363,64,2452927,2454233,2454438,2455431,205,1511,1306,0,0,0
2454533,0289a49c-e036-f00d-64fd-da37ce635ae0,64,2452927,2454173,2454533,2455336,360,1606,1246,0,0,0
2454593,0cccf76f-8309-1e3c-c8c4-89bcce4766d1,32,2452931,2454233,2454588,2455393,355,1657,1302,0,0,0
2454702,47561669-1c89-a238-00df-2b6b77d0da32,64,2452926,2452926,2454702,2455254,1776,1776,0,0,0,0
2454893,ef3e9770-390a-e185-128d-fb8215ab1a47,64,2452927,2454113,2454893,2455272,780,1966,1186,0,0,0
2455591,03f2ffe0-c8ef-f82f-7588-73899b5ffa2d,64,2455461,2455461,2455591,2456254,130,130,0,0,0,0
2457323,f4c621ef-e80b-bc7a-5c3d-ae7b2a630401,64,2451437,2451491,2457323,2459630,5832,5886,54,0,0,0
2460333,de3d8b14-ab4c-150a-41c3-c01da6bdaf11,64,2451432,2451491,2460333,2459222,8842,8901,59,0,0,0
2462287,76b851e9-bfe7-66da-91a8-5948501d5146,64,2451437,2451491,2462287,2461664,10796,10850,54,0,0,0
2462943,39681e1d-898a-7752-9c71-64a818906db4,64,2451432,2451491,2462943,2458973,11452,11511,59,0,0,0
2463121,17a0fba1-1994-0293-fbc6-423eb58a4321,64,2462759,2462943,2463121,2463566,178,362,184,0,0,0
2463181,34cec306-c39f-cfb3-65ec-c39cc6079cb1,64,2462754,2462754,2463132,2463610,378,378,0,0,0,0
2463181,ef55c8e2-3b16-4e64-9849-73b7cb052418,64,2451435,2451491,2463140,2461843,11649,11705,56,0,0,0
2463181,3cff13aa-3c47-7d0c-857e-a11629a8f004,64,2462759,2462814,2463149,2463508,335,390,55,0,0,0
2463181,6086a5f3-e594-2c30-7458-30d691c0e6c0,64,2462756,2462814,2463155,2463424,341,399,58,0,0,0
2463241,8bf4a93a-3210-888f-c62c-13c37e390638,64,2451442,2457323,2463239,2462662,5916,11797,5881,0,0,0
2463316,e756b705-ae40-5d26-e84f-52adf60768a0,64,2462755,2463181,2463316,2463776,135,561,426,0,0,0
2463434,e726f649-e650-cae5-1b25-97f3dd00a64c,64,2462757,2463181,2463434,2463809,253,677,424,0,0,0
2463494,7d525a4e-432c-03e4-6a55-8ea53ea7d639,64,2462757,2463181,2463444,2463770,263,687,424,0,0,0
2463712,6b7cbb92-0bf9-924d-b1e0-3ca6017b63a5,64,2462755,2463494,2463712,2464141,218,957,739,0,0,0
2463772,987a8f71-00d2-8f9f-f510-3222fab0509e,64,2462758,2463434,2463764,2464113,330,1006,676,0,0,0
2464249,0ef6da2a-fcc9-cdf1-0d88-fa936292ac6b,64,2462757,2463712,2464249,2464167,537,1492,955,0,0,0
2464404,3c7d53a0-4d56-a834-fa5d-8ae747338a26,64,2451442,2451491,2464404,2461206,12913,12962,49,0,0,0
2466158,a7a3208e-b1fd-e4de-092a-2783e9b50a89,64,2451435,2451491,2466158,2461187,14667,14723,56,0,0,0
2471141,008a7385-e393-1f65-2cfc-95d73ae28de8,64,2451436,2463316,2471141,2464090,7825,19705,11880,0,0,0
2472300,5fa686f0-961d-4530-a068-f9edbfb9209f,64,2451432,2460333,2472300,2463904,11967,20868,8901,0,0,0
2472441,afb29df9-7ddd-f3dc-ba13-06b5be54b9d8,64,2451436,2466158,2472441,2468231,6283,21005,14722,0,0,0
2473513,663cf258-e2c5-3f4d-149f-25e36b19b289,64,2465062,2471141,2473513,2470226,2372,8451,6079,0,0,0
2473989,e9382f35-8210-1862-d69c-15b2224f6444,32,2465062,2472441,2473960,2471195,1519,8898,7379,0,0,0
2474112,bec4ee08-70ec-69c4-124b-035f24b9be69,64,2451444,2462287,2474112,2464018,11825,22668,10843,0,0,0
2474351,fef44a33-ae78-dd3f-8b23-96072d5e114d,64,2451431,2451431,2474351,2465402,22920,22920,0,0,0,0
2475027,c354fc52-5ee8-8627-3ee0-5165383819b8,32,2465061,2473513,2475027,2472187,1514,9966,8452,0,0,0
2475233,62a73ff5-e498-d1a8-9c02-8ab78068f766,64,2451433,2464404,2475233,2467133,10829,23800,12971,0,0,0
2475602,1604c332-09a6-1674-cb1f-a32544e5f394,32,2465063,2474112,2475602,2473302,1490,10539,9049,0,0,0
2475836,40fea948-d2d9-3f36-cde4-4f3a06633c73,64,2465065,2473989,2475836,2473283,1847,10771,8924,0,0,0
2475896,28d217d6-65a6-1c40-f5fe-ea0a5d3da878,64,2465064,2475027,2475864,2473411,837,10800,9963,0,0,0
2476836,0927d2fc-0306-53e0-4e3a-bb8ae18f8b8e,64,2451431,2451431,2476836,2466213,25405,25405,0,0,0,0
2477065,47218489-5f27-6ba7-9687-0bf14f19f810,64,2465069,2475836,2477065,2474528,1229,11996,10767,0,0,0
2477203,b0f1d209-7943-2f6f-da55-4d255d144588,64,2473872,2477065,2477203,2475980,138,3331,3193,0,0,0
2477551,7b2ff249-6565-8fc1-fb62-f1dc842a4b95,64,2465063,2474351,2477551,2473402,3200,12488,9288,0,0,0
2477816,ff09338c-422a-aaa7-5e2c-5cf900828826,64,2473873,2476836,2477816,2475489,980,3943,2963,0,0,0
2477895,895d603d-8172-b13b-2c52-75582c77a125,64,2465064,2475233,2477895,2473508,2662,12831,10169,0,0,0
2478288,a522f92f-4b20-d6a2-aa1c-8b533e2e7201,64,2473872,2477203,2478288,2476128,1085,4416,3331,0,0,0
2478435,1652142c-4b6e-c9d5-0227-e56b04741ebc,64,2473871,2477551,2478435,2476626,884,4564,3680,0,0,0
2478731,bce642a4-05cd-4d7c-d231-6495e333b8d0,64,2473869,2478435,2478731,2477877,296,4862,4566,0,0,0
2478791,21c4f6d5-95ea-378b-cce3-edb778fd780c,64,2473874,2477816,2478757,2476882,941,4883,3942,0,0,0
2478880,9c9425d8-2bba-86f4-c383-1cda626cc54d,64,2473872,2478288,2478880,2477389,592,5008,4416,0,0,0
2479016,60d8039e-92aa-71d5-61e7-2ff58cf50927,64,2465066,2475896,2479016,2475219,3120,13950,10830,0,0,0
2479076,dcc3645f-2b9e-6568-d8ee-0d81a7bbc32d,64,2473872,2477895,2479034,2476931,1139,5162,4023,0,0,0
2479398,8e382a3d-92b8-ef90-8a24-cbe1e0941981,64,2473870,2478791,2479398,2478093,607,5528,4921,0,0,0
2480013,6c83a898-8723-f7f4-f378-c9eebe751767,64,2473871,2478880,2480013,2478294,1133,6142,5009,0,0,0
2481018,1af0bb95-21c3-90e2-ea8f-37c74432dbd9,64,2473875,2478731,2481018,2477938,2287,7143,4856,0,0,0
2482324,4a36acf1-f9e5-c053-33cd-a586320c6b84,64,2481804,2481863,2482324,2486955,461,520,59,0,0,0
2482567,df5325cf-8255-0a9f-db72-7254ef022c92,64,2481806,2481863,2482567,2488645,704,761,57,0,0,0
2482627,cc7e66de-3cf7-526e-18ed-c1e686474182,64,2481806,2481863,2482571,2488495,708,765,57,0,0,0
2483759,b66db5df-4820-9942-88a5-9343c21ca2c1,64,2481803,2481803,2483759,2490754,1956,1956,0,0,0,0
2483873,73146dae-97a7-0f9d-39f4-4feba61109cf,64,2481804,2482627,2483873,2490848,1246,2069,823,0,0,0
2484047,81edceb3-8bb2-7f15-a045-d9e673ad562d,64,2425207,2425207,2484047,2470549,58840,58840,0,0,0,0
2484183,7016e105-21c1-06e7-2f74-b072c53ee9f9,64,2481803,2481803,2484183,2488840,2380,2380,0,0,0,0
2484939,dcb8c9a0-d123-0280-f26e-df2e3a37b907,64,2481803,2481803,2484939,2488901,3136,3136,0,0,0,0
2485000,62e32fa7-f4cd-6362-434a-184284d8ec6a,64,2481805,2483759,2485000,2491236,1241,3195,1954,0,0,0
2485060,d27ebe78-1e2c-ebca-9295-626be5121da2,64,2481803,2481803,2485055,2491307,3252,3252,0,0,0,0
2486812,e147a5cf-4706-8498-d19c-2f8c0b854f50,64,2481803,2484047,2486812,2492616,2765,5009,2244,0,0,0
2490244,a8c649ab-eadd-86c6-dc4d-e578c19473fe,64,2490033,2490087,2490244,2491877,157,211,54,0,0,0
2490304,6a3098aa-6729-fb46-4418-dce5fad5ab17,64,2490027,2490027,2490263,2491435,236,236,0,0,0,0
2490304,1863f159-5ab2-c279-6e14-5fa48ee58a98,64,2490029,2490087,2490266,2492648,179,237,58,0,0,0
2490364,8988266f-8e67-d7d8-431b-dc7053a3b34e,64,2490031,2490087,2490349,2491952,262,318,56,0,0,0
2490562,94eeda02-f9aa-5d6d-b2e9-d9393fbce063,64,2490032,2490304,2490562,2493831,258,530,272,0,0,0
2490622,d1303a7a-aca1-9386-7feb-5020e417eadf,32,2490031,2490087,2490571,2492217,484,540,56,0,0,0
2490682,8caf728a-9e58-f8b6-b24c-77826554f48c,64,2490033,2490087,2490651,2492747,564,618,54,0,0,0
2490982,12f04460-d6ad-f137-a196-5413d881a73a,64,2490030,2490304,2490982,2493354,678,952,274,0,0,0
2491374,c3b5b2bd-1eec-4d0d-f5a8-edd7c9b49d09,64,2490028,2490244,2491374,2493090,1130,1346,216,0,0,0
2491434,b6ef2c43-7b93-9d83-9f13-08200f3b35f9,64,2490029,2490562,2491429,2494116,867,1400,533,0,0,0
2491534,d2242ae5-7035-dec5-3b10-8cbabfcbaa55,64,2490030,2490364,2491534,2493945,1170,1504,334,0,0,0
2495605,2977fb6e-29d2-95d6-0c03-b6d6f27eec3b,64,2495128,2495128,2495605,2499181,477,477,0,0,0,0
2499237,6207db63-74e5-e611-2d65-27a15a968960,64,2420400,2420400,2499237,2471810,78837,78837,0,0,0,0
2500736,a9fb1b54-8fbd-2cfd-c651-a34f5a0f3cdb,64,2500318,2500318,2500736,2503058,418,418,0,0,0,0
2501554,ac97e067-48bb-ec17-7ccd-3eb62d51ca94,64,2282057,2282057,2501554,2446903,219497,219497,0,0,0,0
2501887,80210c15-5404-211d-97e3-e23f0c38f74b,64,2381006,2382794,2501887,2483031,119093,120881,1788,0,0,0
2508780,d8a9e06f-3646-7544-215d-8b1eec8c93eb,64,2508242,2508242,2508780,2509678,538,538,0,0,0,0
2512902,89797b17-eeb3-ab22-7077-d33ed04cc4db,64,2511973,2511973,2512902,2514020,929,929,0,0,0,0
2516198,9cca1eda-b5d3-6eb6-abab-2bc719e012e5,64,2489561,2489561,2516198,2561683,26637,26637,0,0,0,0
2518042,87c97761-f6bd-df6e-93a7-9138b2093314,64,2515844,2515844,2518042,2519759,2198,2198,0,0,0,0
2530019,95935df6-c6c2-86af-4aff-e799617d7629,64,2518472,2518527,2530019,2542534,11492,11547,55,0,0,0
2535519,126f28a9-107d-2387-48c2-1370c2a423f2,64,2390946,2390946,2535519,2518198,144573,144573,0,0,0,0
2535788,c7f2a172-affc-e532-d846-06250effa0c1,64,2534990,2534990,2535788,2538530,798,798,0,0,0,0
2536889,0de5fd7b-dcec-2307-b9e2-4cc0ca63d3d0,64,2536000,2536000,2536889,2540723,889,889,0,0,0,0
2536987,56689e24-fe39-0df5-fe2e-e0669e30d1d6,64,2536521,2536521,2536987,2538998,466,466,0,0,0,0
2537047,7c33c04f-32ad-ddad-8914-d0391ee096ff,64,2536115,2536115,2537031,2543956,916,916,0,0,0,0
2537659,1e22ade1-a3e6-bbfd-65e2-ebba27ae2220,64,2536292,2536292,2537659,2545859,1367,1367,0,0,0,0
2537829,ee3ada8b-84f9-00cb-42d7-57a83181b49e,64,2536415,2536415,2537829,2539785,1414,1414,0,0,0,0
2539788,2e401311-c973-c84e-2d4c-041374be3766,64,2536634,2536634,2539788,2545751,3154,3154,0,0,0,0
2540232,84fbcda0-164e-03e0-b1aa-6e6de1dc5188,64,2486557,2486557,2540232,2563204,53675,53675,0,0,0,0
2542774,3fd6f99e-ea03-486f-57d6-6988013319d1,64,2518468,2518527,2542774,2560902,24247,24306,59,0,0,0
2543562,dd53abe1-2b2f-8082-f613-aed3b9da42b4,64,2486570,2486617,2543562,2607631,56945,56992,47,0,0,0
2547859,94e17c88-b37d-5941-aa32-fd19c1e84c4a,64,2518471,2518527,2547859,2533288,29332,29388,56,0,0,0
2547988,91a17855-aabd-4589-b736-5e1b36f1374d,64,2518473,2518527,2547988,2543863,29461,29515,54,0,0,0
2550022,02b964d6-76d9-6b12-1443-3a8eed5acddc,64,2518467,2518467,2550022,2555094,31555,31555,0,0,0,0
2553710,17c8bc95-a413-26f8-44a8-ddc2ddf15e0b,64,2518475,2518527,2553710,2543277,35183,35235,52,0,0,0
2556046,05d04902-48d1-be77-1710-d2f519b7a8e8,64,2515387,2515421,2556046,2545758,40625,40659,34,0,0,0
2563862,74147301-673f-11eb-fe7a-f953b6dd7eec,64,2561731,2561731,2563862,2563163,2131,2131,0,0,0,0
2584129,9d4d8b69-ef8b-3927-de23-f191aaf170f9,64,2515301,2515301,2584129,2563006,68828,68828,0,0,0,0
2585394,c14b2769-3192-7584-9fb0-272735496673,64,2515331,2515361,2585394,2569782,70033,70063,30,0,0,0
2587266,993b1792-cfe5-aa88-abe3-ec98c32e6e52,64,2573441,2573448,2587266,2622340,13818,13825,7,0,0,0
2590972,001e7006-29d3-74d6-9a59-6f63141ec659,64,2546012,2546012,2590972,2582026,44960,44960,0,0,0,0
2591827,c3155e4b-b51b-8a05-ec4c-89cd6f4b3d1a,64,2573183,2573183,2591827,2609677,18644,18644,0,0,0,0
2609962,192cc87d-d8c4-198d-58e9-bf3804ae6d5a,64,2573484,2573508,2609962,2604714,36454,36478,24,0,0,0
2615983,42cc32f8-23c0-990e-a341-0b6f7603ccca,64,2584666,2584666,2615983,2673967,31317,31317,0,0,0,0
2626752,f0514b1d-eb61-7b74-cf53-6189d294f5a8,64,2624446,2624467,2626752,2632949,2285,2306,21,0,0,0
2628312,0b32b3a6-fe32-d7e1-19cb-2d9ed109fd54,32,2624347,2624347,2628312,2627457,3965,3965,0,0,0,0
2630360,2fbc9834-9dd0-3cde-6d37-45e890a6dffe,64,2573388,2573388,2630360,2617019,56972,56972,0,0,0,0
2631003,9522496e-a7c8-09be-9082-140aed00e657,64,2624401,2624407,2631003,2632844,6596,6602,6,0,0,0
2633217,fba837a7-a03c-6494-cc6d-bed4be576fe1,64,2588693,2588693,2633217,2629612,44524,44524,0,0,0,0
2637134,896f07e5-fabb-d975-e789-3317c2afaa5f,64,2632437,2632437,2637134,2636128,4697,4697,0,0,0,0
2675726,673a0c97-987e-828b-4caf-ae2b15caf379,64,2588693,2588693,2675726,2663889,87033,87033,0,0,0,0
2676216,da7f6f61-5813-d26f-54d5-a185ce2c1dad,64,2585326,2585394,2676216,2682128,90822,90890,68,0,0,0
2683943,85123413-d9e3-23be-48cc-02e84da29b5e,64,2591835,2615983,2683943,2702482,67960,92108,24148,0,0,0
2688015,8b61d80d-a691-fdda-43c8-1787f422dc84,64,2588693,2588693,2688015,2660348,99322,99322,0,0,0,0
2698259,f9848030-9fa9-35b1-2e18-76034ad551ad,64,2681093,2681093,2698259,2715678,17166,17166,0,0,0,0
2713129,67e69ffe-5dec-aa98-0e4d-f5f680474077,64,2653087,2653087,2713129,2717270,60042,60042,0,0,0,0
2715223,60bf684e-240d-383a-8dd0-64e34b50c34d,64,2627880,2630360,2715223,2688768,84863,87343,2480,0,0,0
2716688,0cdddf92-3711-9879-61a8-d644b002c52e,64,2686791,2686791,2716688,2742903,29897,29897,0,0,0,0
2718903,85fcfa18-189b-67a3-edf8-3de2151d892c,64,2591834,2591887,2718903,2677469,127016,127069,53,0,0,0
2719675,3556071b-11b9-e1b1-513f-9d0fde550a06,64,2718088,2718088,2719675,2719291,1587,1587,0,0,0,0
2721160,83eab8b5-d91b-8378-1d6f-affbe06bae1f,64,2719464,2719464,2721160,2723443,1696,1696,0,0,0,0
2721456,8c494fb2-1ec8-3afb-e79e-9573e33df2e9,64,2719253,2719253,2721456,2721571,2203,2203,0,0,0,0
2722187,3ca0cbd6-78e8-bf15-c775-3db0b795e838,64,2721396,2721396,2722187,2723070,791,791,0,0,0,0
2722378,b129a6a4-d3c0-d6c5-584e-6851f2b158c7,64,2719300,2719313,2722378,2721797,3065,3078,13,0,0,0
2731657,3f532270-4432-dbd0-d02f-1905a778f14e,64,2686843,2686851,2731657,2735577,44806,44814,8,0,0,0
2736910,e26e750f-c27d-2696-bc44-35083a9321f7,64,2736243,2736243,2736910,2736836,667,667,0,0,0,0
2741360,ee2291ef-ab97-37ef-ffc1-9e7bf17a273b,64,2739894,2739894,2741360,2740968,1466,1466,0,0,0,0
2743506,d8ef8f09-4a15-21ff-428c-92a6330e6bd9,64,2742097,2742122,2743506,2744687,1384,1409,25,0,0,0
2743744,8b6acc43-96af-3fcb-b3eb-f780c91d95c7,64,2742001,2742002,2743744,2744102,1742,1743,1,0,0,0
2743804,3990d711-9ace-5bb2-bcf8-0f7f380f52f3,64,2742031,2742062,2743793,2744224,1731,1762,31,0,0,0
2745343,c98a2fa2-3dba-c4d7-935f-52da1f324096,64,2741884,2741942,2745343,2747910,3401,3459,58,0,0,0
2753331,ec8a7209-afd1-3425-dde2-134c1e3a7063,64,2752589,2752589,2753331,2753645,742,742,0,0,0,0
2753753,f716b195-a06f-2919-9b58-0ad0dc3a765a,64,2653087,2676216,2753753,2746493,77537,100666,23129,0,0,0
2754978,c79e46ae-551b-7d7f-668e-43e1182a4ea3,64,2742097,2743744,2754978,2772618,11234,12881,1647,0,0,0
2755202,e5642b96-9624-ba9d-1cea-0ac0d466f946,64,2754319,2754319,2755181,2755493,862,862,0,0,0,0
2755460,4a32b32a-aa5f-0169-8afb-9b2db766c0f6,64,2754681,2754681,2755460,2755167,779,779,0,0,0,0
2755838,0af87147-bf44-ea67-f0cf-99906841667c,64,2755142,2755142,2755838,2755577,696,696,0,0,0,0
2762870,a4d7809a-5dbc-7f05-ac8f-f1839702d8c1,64,2496633,2496633,2762870,2663491,266237,266237,0,0,0,0
2764590,61592130-aec5-509c-9226-15b299cd0df3,64,2742031,2742062,2764590,2770926,22528,22559,31,0,0,0
2767106,c82d4afa-95be-2ff6-f4ae-5a44cd7b6acd,64,2742098,2742122,2767106,2769869,24984,25008,24,0,0,0
2767721,eaab0629-6a5e-ec28-e86e-8c8db98b06f3,64,2767014,2767045,2767721,2768912,676,707,31,0,0,0
2768486,89f515e0-8e1a-4d7d-d525-89b9de1bad90,64,2766931,2766985,2768486,2769257,1501,1555,54,0,0,0
2768546,1149544e-2bc1-33fb-a906-5b41b9be1d00,64,2767015,2767045,2768524,2768527,1479,1509,30,0,0,0
2768606,202a9ced-885a-fb35-db8e-e298f561f4c3,64,2766928,2766985,2768597,2770835,1612,1669,57,0,0,0
2769001,10f897ab-5b44-102f-aec1-6f6caea74c2e,64,2767894,2767953,2769001,2769014,1048,1107,59,0,0,0
2769452,97477da7-3626-2c14-fc19-9ebc97a92b57,64,2767898,2767953,2769452,2769297,1499,1554,55,0,0,0
2769775,8643eed7-dd30-24fc-b864-aaf78d73e7aa,64,2766927,2766985,2769775,2771626,2790,2848,58,0,0,0
2770183,5f90ea2c-f9ae-1b30-0af8-75b243fe6d09,64,2766925,2766925,2770183,2770624,3258,3258,0,0,0,0
2770243,f8ed8b6a-4c6c-ed6d-3f7d-d3136f438da3,64,2766930,2766985,2770238,2772138,3253,3308,55,0,0,0
2770303,7f808dbc-adc0-1c1f-e3ea-46a8a6864e54,64,2767893,2767893,2770254,2770017,2361,2361,0,0,0,0
2770363,be007552-f3d6-d5c7-5455-213bf1867d89,64,2767894,2767953,2770327,2769560,2374,2433,59,0,0,0
2770363,4864d025-fe41-8620-45b4-a13e60cd8424,64,2767895,2767953,2770356,2769381,2403,2461,58,0,0,0
2772194,7259e6c4-d820-1466-4d55-93a365a6b335,64,2742002,2742002,2772194,2773473,30192,30192,0,0,0,0
2773818,0b76d6f7-1f02-26eb-254c-f7b62af3d7cd,64,2764761,2764761,2773818,2778163,9057,9057,0,0,0,0
2774402,7f184a88-f02d-81dd-dc64-34ef6714aea1,64,2773509,2773509,2774402,2774704,893,893,0,0,0,0
2774871,72a35369-6de4-6fed-bece-128609f68439,64,2774466,2774466,2774871,2775566,405,405,0,0,0,0
2774931,e220134e-7976-3bb0-d7b2-abd8cc3effe9,64,2767898,2770243,2774880,2777587,4637,6982,2345,0,0,0
2775259,bcccd4b3-055c-1cac-68ea-0d226c187782,64,2774650,2774650,2775259,2775278,609,609,0,0,0,0
2776289,7af7bd84-0121-221d-129c-717f636dde12,32,2767897,2770363,2776289,2780945,5926,8392,2466,0,0,0
2777568,fc761e36-96ed-e9e9-96c2-eafa2b8f5009,64,2741884,2741942,2777568,2774203,35626,35684,58,0,0,0
2778146,b2288b79-5e5f-27a9-607a-93ea640ac369,64,2741882,2741882,2778146,2776572,36264,36264,0,0,0,0
2781379,643a6898-6e75-d006-f71e-b55d70e3c153,32,2767893,2770363,2781379,2780915,11016,13486,2470,0,0,0
2783399,1ff868e7-2e48-e95b-dae8-6239f05e6b17,32,2766928,2770363,2783399,2779450,13036,16471,3435,0,0,0
2783973,130aef28-f920-31df-0035-c5551bd12715,64,2783186,2783186,2783973,2784110,787,787,0,0,0,0
2784068,61208478-6f18-b134-7618-5aee62ccf3b9,64,2783709,2783709,2784068,2784203,359,359,0,0,0,0
2784876,a890f9a8-2015-949c-7b75-10b565dcae7f,64,2742030,2755838,2784876,2782729,29038,42846,13808,0,0,0
2785546,b5ef1ee6-7ff3-a4b9-769f-a399e1bfff1a,64,2767893,2772194,2785546,2784256,13352,17653,4301,0,0,0
2788780,a701e867-b962-a064-08eb-f1789c787640,32,2784636,2784636,2788780,2786769,4144,4144,0,0,0,0
2789156,9bd39476-17ca-35a2-7ff7-2b2097eea179,64,2767894,2776289,2789156,2787113,12867,21262,8395,0,0,0
2789271,f84a9bca-2ab7-413d-c99b-316743b6c14b,64,2766930,2778146,2789271,2791238,11125,22341,11216,0,0,0
2794496,36cf28af-9d64-22ce-e8de-4479911eb1cd,32,2766933,2775259,2794496,2785646,19237,27563,8326,0,0,0
2794556,f58f9bdd-d520-aef5-078a-4dcbdac97c5a,64,2766925,2774402,2794555,2785113,20153,27630,7477,0,0,0
2797127,db6fca27-00a5-3ee7-3fc3-8d4c76ae71ce,64,2796721,2796721,2797106,2797390,385,385,0,0,0,0
2797751,f0e67cd5-faae-7f71-0be2-39725d2db4f9,32,2797218,2797218,2797751,2797901,533,533,0,0,0,0
2797857,01910880-0f5a-1a7c-fe4d-b9ea636404e8,32,2796780,2796781,2797857,2797880,1076,1077,1,0,0,0
2798710,9c296b78-90f6-edce-b1f4-e511e6f9c201,64,2795809,2795809,2798710,2797502,2901,2901,0,0,0,0
2799146,17101a77-3d88-eb62-73df-2a11b79257a3,64,2796778,2797127,2799146,2799649,2019,2368,349,0,0,0
2799617,216dfc70-2196-5bee-da35-44b538118828,64,2796779,2796781,2799617,2798266,2836,2838,2,0,0,0
2800317,b8cf3f6a-c129-ce67-054a-778bc0383a81,64,2787304,2788780,2800317,2796542,11537,13013,1476,0,0,0
2801955,537356f2-cc9f-b7d4-1da0-b6add3bb447f,64,2742001,2762870,2801955,2793246,39085,59954,20869,0,0,0
2803462,9f3204af-d414-763f-8898-010d1b9e2c84,64,2796772,2798710,2803462,2802670,4752,6690,1938,0,0,0
2806032,9c1817a3-5e2f-0318-644a-79cd36b528a4,64,2796776,2800317,2806032,2807628,5715,9256,3541,0,0,0
2806376,0ea20820-67af-dfd7-5a8e-a2f5f556b55c,64,2796775,2799146,2806376,2803912,7230,9601,2371,0,0,0
2807032,a48fb9e9-4876-494b-cd10-4ac646c2f46e,64,2766927,2777568,2807032,2790384,29464,40105,10641,0,0,0
2809956,dabd385c-d2c5-69ab-f830-aa05d2d4dd05,64,2766925,2785546,2809956,2793686,24410,43031,18621,0,0,0
2810403,932df381-39f6-549b-48fb-95d1736d8da9,64,2809743,2809743,2810403,2810849,660,660,0,0,0,0
2812995,0a7f9c87-55a3-3387-4edd-6053845ba1d0,64,2796839,2806032,2812995,2823310,6963,16156,9193,0,0,0
2814798,182ebfd2-90c7-73ba-5db4-eef0afb79cd8,64,2796772,2799617,2814798,2806837,15181,18026,2845,0,0,0
2822104,9313ea0f-b5d6-a793-0003-fd3ed49bf21a,64,2798015,2801955,2822104,2820346,20149,24089,3940,0,0,0
2823042,565f8687-3df0-ddc0-d2e8-4094e19d768c,64,2796772,2806376,2823042,2823341,16666,26270,9604,0,0,0
2826279,af31dee8-81ea-a853-c415-a46760a55b8e,64,2823998,2823998,2826279,2825904,2281,2281,0,0,0,0
2829690,eb2873e6-e465-aed7-207a-d1d42888c573,64,2796770,2807032,2829690,2826129,22658,32920,10262,0,0,0
2831233,64fff7a6-35ce-bda8-5d3d-c371d6ac0d84,64,2797012,2803462,2831233,2822235,27771,34221,6450,0,0,0
2832570,b0e28479-a8f0-d513-6650-bc24f84b241f,64,2827957,2827957,2832570,2841029,4613,4613,0,0,0,0
2832885,518ba376-d76a-bc03-3534-f5214d564ca1,64,2796771,2810403,2832885,2828131,22482,36114,13632,0,0,0
2837048,b31b58fa-cffd-1e28-c271-a48f6aed2058,64,2797010,2812995,2837048,2828704,24053,40038,15985,0,0,0
2838870,390bde0d-98e7-d92b-5f53-5718535fc8cc,64,2823999,2824058,2838870,2841550,14812,14871,59,0,0,0
2842152,c8c67501-b45f-252f-7349-3fec37aa530b,64,2841843,2841843,2842152,2846502,309,309,0,0,0,0
2842545,3fa83ff8-dba4-444b-0892-80fd22bf52d3,32,2841970,2841970,2842545,2844409,575,575,0,0,0,0
2842757,3309cd89-f26d-e669-55e3-8f96a2bf0f3d,64,2842421,2842421,2842757,2846183,336,336,0,0,0,0
2842990,9c137f71-7a77-a4de-c6a1-c1ef2459bf96,64,2841430,2841430,2842990,2844313,1560,1560,0,0,0,0
2843704,3d9ea33b-1de5-0fa3-d033-dd5e798f5e3f,64,2842189,2842212,2843704,2845870,1492,1515,23,0,0,0
2844644,bc6699ff-bd73-1fcc-31ff-18f9e8a541f8,64,2841618,2841618,2844644,2848604,3026,3026,0,0,0,0
2845467,0a164306-e1ea-dd41-019a-1843d9dbff58,64,2841736,2841736,2845467,2849752,3731,3731,0,0,0,0
2846059,64a70279-8609-a880-ef29-c0f72ebbfe0a,64,2845857,2845857,2846059,2849462,202,202,0,0,0,0
2847506,916efd7b-7cc2-89b7-95b4-59923d49e4f8,64,2797007,2822104,2847506,2842617,25402,50499,25097,0,0,0
2847580,645261f7-6318-f1d2-9ebe-22d3111f1a28,64,2846103,2846119,2847580,2853035,1461,1477,16,0,0,0
2847898,43d8c607-f27a-b635-6064-62aea0683570,64,2845508,2845527,2847898,2850945,2371,2390,19,0,0,0
2848104,874ac31d-8ee0-68b6-2a9d-a1f7ec3115d4,64,2845745,2845745,2848104,2856132,2359,2359,0,0,0,0
2848188,c145419c-74eb-fa0d-f80a-ea0265dec4ed,64,2845991,2845991,2848188,2848595,2197,2197,0,0,0,0
2852541,f644404d-df36-5764-5b7a-ec0490de2fee,64,2812378,2814798,2852541,2837635,37743,40163,2420,0,0,0
2852630,4f52ddca-3b90-6d87-547a-8ad4dcccea61,64,2845624,2845624,2852630,2861666,7006,7006,0,0,0,0
2854120,b7636ce8-bd71-77cf-75b7-7e0cba0ca93f,64,2812382,2823042,2854120,2843072,31078,41738,10660,0,0,0
2854282,61e6b719-c36f-62b6-ab3c-5a669a3b2264,64,2797010,2832570,2854282,2849074,21712,57272,35560,0,0,0
2857053,94deff78-ccaf-a19b-f8e2-74d8f250f86c,64,2856646,2856646,2857053,2857118,407,407,0,0,0,0
2857576,9186c2a1-9536-922e-4a02-d7c19859df42,64,2856362,2856362,2857576,2860639,1214,1214,0,0,0,0
2857636,0f735617-9e61-f0dc-cc69-21373df359d6,32,2857086,2857113,2857577,2857779,464,491,27,0,0,0
2857919,74c9abd9-daac-fe2b-fb32-440ec2d66d46,64,2857097,2857113,2857919,2859114,806,822,16,0,0,0
2858039,66f7d56a-11d9-b407-c335-99550faa4b81,64,2823999,2832885,2857995,2860094,25110,33996,8886,0,0,0
2858159,ae344b14-505c-6986-97f9-580e6e20cc72,64,2856837,2856837,2858136,2861449,1299,1299,0,0,0,0
2858459,bd37414a-4784-259f-a86e-dac1f82e98dc,64,2857935,2857979,2858429,2860151,450,494,44,0,0,0
2858753,0ae19e7e-1b6d-8927-5315-de9ac4024764,64,2857979,2857979,2858753,2861200,774,774,0,0,0,0
2859051,3db87d15-32d8-aff9-f9c0-48829b40bb90,64,2858642,2858649,2859051,2861353,402,409,7,0,0,0
2859119,43d10cf2-afce-af1a-1ada-c950efe3155d,64,2857119,2857173,2859119,2859430,1946,2000,54,0,0,0
2859885,28de68ab-a992-7ca9-149c-eebdd472511a,64,2857376,2857376,2859885,2862640,2509,2509,0,0,0,0
2860008,47eb1172-2d47-d84c-143d-9bff1a89383c,64,2857214,2857233,2860008,2862220,2775,2794,19,0,0,0
2860068,95c7d0c2-6405-1dd8-1f1d-5ae0d3016d19,64,2858142,2858159,2860044,2861950,1885,1902,17,0,0,0
2860068,518d38f8-6904-1328-871c-db5df728a97a,64,2858565,2858589,2860065,2861761,1476,1500,24,0,0,0
2860174,26ab406f-9927-d85c-39bc-ae35eeba719d,64,2858167,2858219,2860174,2862095,1955,2007,52,0,0,0
2860432,c4811514-2cee-1a3a-f3e9-d42f19960b40,64,2858395,2858399,2860432,2862209,2033,2037,4,0,0,0
2860838,4f22fd57-bb5d-13c5-f6cb-407134781d96,64,2858432,2858459,2860838,2860369,2379,2406,27,0,0,0
2861324,5a45b8cc-117d-3f63-8e8b-84ebe9e24240,32,2856748,2856748,2861324,2869468,4576,4576,0,0,0,0
2861430,02580dcb-0dbf-38ed-ece3-e35d3a99542f,64,2858320,2860068,2861430,2864387,1362,3110,1748,0,0,0
2861565,23b590e1-f34e-9435-8f5d-0e9fc586e43c,32,2856857,2856897,2861565,2865840,4668,4708,40,0,0,0
2861695,728ac5fd-fc32-964b-871e-8c56cb3738c2,64,2858529,2860068,2861695,2866510,1627,3166,1539,0,0,0
2862234,24c4e6ca-8a66-1d77-6049-315b00938d5e,64,2857467,2857576,2862234,2863959,4658,4767,109,0,0,0
2863306,7edf1d61-4d55-a67c-c01f-39a647465064,64,2858254,2860432,2863306,2868455,2874,5052,2178,0,0,0
2864045,eec335f7-57df-4c9a-e7e0-fe2511d67820,64,2858050,2858099,2864045,2863864,5946,5995,49,0,0,0
2865973,4fdcb645-44ec-89bb-8688-6817800d198e,64,2865405,2865405,2865960,2870030,555,555,0,0,0,0
2866703,8503e3b7-1700-7953-e2ae-f5080213d090,64,2865997,2866033,2866703,2873869,670,706,36,0,0,0
2867208,626b6e7a-fe49-d6cd-ca12-516809bdbd25,64,2865902,2865913,2867208,2874745,1295,1306,11,0,0,0
2867268,3dc1e882-0712-2fb9-dcd6-f58eb457bba6,64,2865847,2865853,2867264,2885400,1411,1417,6,0,0,0
2867463,8844276d-c0a7-b490-ddcc-48a562c8570e,64,2866270,2866272,2867463,2876441,1191,1193,2,0,0,0
2867692,1b0e93e1-2be9-4560-d820-d3628a6181ae,32,2866442,2866476,2867692,2872644,1216,1250,34,0,0,0
2867786,861d3a8f-d24c-39a6-7776-fc5da2d99503,32,2866152,2866152,2867786,2873050,1634,1634,0,0,0,0
2867861,df61dbe1-b714-6c44-11b2-152483c38648,64,2866416,2866416,2867861,2874744,1445,1445,0,0,0,0
2868047,07d1316f-821a-8ac9-a957-2b45ed84859d,64,2865781,2865793,2868047,2874631,2254,2266,12,0,0,0
2869019,305c5d6f-0997-db9a-1fdb-482df69d1805,64,2868638,2868649,2869019,2873708,370,381,11,0,0,0
2869596,76890ed4-3a6f-d931-5358-30aa928b9e4d,64,2868562,2868589,2869596,2879040,1007,1034,27,0,0,0
2869837,7232245c-d2c3-51c2-bded-abba4e1a7019,32,2868357,2868402,2869837,2874395,1435,1480,45,0,0,0
2870242,115ca802-4310-357d-ec80-1a6f0a1dee98,64,2868222,2868222,2870242,2883277,2020,2020,0,0,0,0
2870307,d5647056-88de-4047-4543-646b2ddc3792,64,2819863,2838870,2870307,2889615,31437,50444,19007,0,0,0
2871550,41e39149-7f30-9761-72bc-e91aae8f191f,64,2336589,2349837,2871550,2729181,521713,534961,13248,0,0,0
2871940,5aae363d-198a-f6fd-657c-280127edb5db,64,2866314,2866332,2871940,2885447,5608,5626,18,0,0,0
2872477,8c128604-2acc-8fee-91c9-67441c67d4d6,64,2865733,2865733,2872477,2902534,6744,6744,0,0,0,0
2873363,1f5c5c10-76be-9057-8002-a34fd3b060d8,64,2868226,2868282,2873363,2872408,5081,5137,56,0,0,0
2874380,478fcedd-7134-1dec-89f6-53a97324c2bb,32,2868682,2870307,2874380,2891520,4073,5698,1625,0,0,0
2876461,bf5e39fb-14b3-f352-6d6a-53cb2f991807,64,2868333,2868342,2876461,2887506,8119,8128,9,0,0,0
2876987,d7a7d4f6-f5b7-7414-90a6-c5b41a70bcdb,64,2866032,2866033,2876987,2889764,10954,10955,1,0,0,0
2877503,72176085-f3fd-dabb-3e8b-a891d5c4b30a,64,2868529,2868529,2877503,2887615,8974,8974,0,0,0,0
2882584,809c109e-37d0-d024-543f-b0866e4ffb1c,64,2866178,2867861,2882584,2912426,14723,16406,1683,0,0,0
2883631,2650d902-16fd-7c70-a960-bd87ba9d64d4,64,2823999,2837048,2883631,2867494,46583,59632,13049,0,0,0
2896383,607cbd33-84dc-ff4d-8c6d-5cde04a7083d,64,2895973,2895973,2896383,2896728,410,410,0,0,0,0
2897013,31c1b3f3-a2a5-c00c-b6fa-64725436273c,64,2896440,2896443,2897013,2896911,570,573,3,0,0,0
2906388,87e504ce-1c17-9c69-9535-99c6c379b61d,64,2881936,2881936,2906388,2910578,24452,24452,0,0,0,0
2918685,10681724-edcc-6a95-61aa-142d4dec48e4,64,2913779,2913779,2918685,2918379,4906,4906,0,0,0,0
2923145,b03d3665-5c93-e629-e106-ae3288fb044a,64,2882024,2882056,2923145,2919717,41089,41121,32,0,0,0
2928147,784aed02-8c62-6a8f-349e-b0da7e509ec4,64,2927510,2927510,2928104,2934303,594,594,0,0,0,0
2928800,898a52e0-c50e-6599-4914-4c1b728c0b4a,64,2928141,2928147,2928800,2931793,653,659,6,0,0,0
2929229,25b1ad19-c8b9-3543-d956-3604cdf94cb5,32,2927414,2927421,2929229,2933109,1808,1815,7,0,0,0
2929289,80cb135d-2d78-da72-fdeb-d029785218de,64,2922213,2922213,2929267,2926157,7054,7054,0,0,0,0
2929349,fdba93eb-78e1-5240-9077-1f715ee76dc6,64,2928260,2928260,2929302,2932595,1042,1042,0,0,0,0
2929809,88fc929a-4dda-6b87-4291-b38ce4e7e7a3,64,2915143,2915143,2929809,2922772,14666,14666,0,0,0,0
2930130,d586ff50-7002-4916-6112-8e82969c8d45,64,2927056,2927056,2930130,2936915,3074,3074,0,0,0,0
2930190,e7718e1b-d1df-4ff0-75f3-2c8e83fc7a2b,64,2927893,2929289,2930138,2935652,849,2245,1396,0,0,0
2930304,65108b6f-aedb-d272-8ef2-6cacca32c1eb,64,2927530,2927570,2930304,2934512,2734,2774,40,0,0,0
2930836,a9cf94bc-4565-740a-a411-9211f42f6497,64,2927091,2927116,2930836,2932410,3720,3745,25,0,0,0
2930943,3a099c80-4d16-7503-9aad-dae806c6b8c2,64,2926742,2926742,2930943,2937583,4201,4201,0,0,0,0
2931328,4cd3dfc4-d17e-cecb-9a49-192f7732c94b,64,2928087,2929349,2931328,2936407,1979,3241,1262,0,0,0
2931413,59432772-64ba-82bf-9c99-f2bc55dcb8a8,64,2928027,2930943,2931413,2938285,470,3386,2916,0,0,0
2931967,3cbb32de-5a37-fe11-6b9c-7d7c8b713ce4,64,2927913,2931413,2931967,2940251,554,4054,3500,0,0,0
2934223,dac7bffa-d55a-3290-430c-a1a07946293c,64,2881937,2881996,2934223,2909252,52227,52286,59,0,0,0
2935210,38124f7f-8c46-b173-9699-e962319a009f,64,2933338,2933338,2935210,2937207,1872,1872,0,0,0,0
2935270,d10320a3-8a21-d06c-b13e-3f6d0062cf68,64,2881936,2881936,2935223,2940779,53287,53287,0,0,0,0
2938878,cb53e1ae-daed-71e5-929a-3babd08e6441,64,2881936,2881936,2938878,2938120,56942,56942,0,0,0,0
2941203,59432577-221c-08a3-6559-925520b203ce,64,2927777,2938878,2941203,2946435,2325,13426,11101,0,0,0
2945183,b66e58a8-7642-1a9f-0dcb-48113f1ad220,64,2927662,2935270,2945183,2944165,9913,17521,7608,0,0,0
2946248,688cce17-6d2d-2c6c-43b6-6a270e2d79ba,64,2924268,2931328,2946248,2939728,14920,21980,7060,0,0,0
2948236,c5eba017-fe0e-eda1-c01b-07c40ce356ea,64,2924269,2924326,2948236,2937766,23910,23967,57,0,0,0
2948373,8e562fbe-7a9d-bea0-415b-4add69e34120,64,2947568,2947568,2948373,2949521,805,805,0,0,0,0
2949046,bca50ac2-9852-3535-9e6d-3d623ca97d02,64,2882025,2882056,2949046,2917692,66990,67021,31,0,0,0
2949160,0693d01a-cfd6-bb31-0fcc-85202c2de0bd,64,2928480,2935210,2949160,2941368,13950,20680,6730,0,0,0
2949445,34cc97ac-07bb-a5df-2861-536f4abc5d91,64,2946498,2949046,2949445,2951218,399,2947,2548,0,0,0
2949669,c04cf6e6-cf6d-28c3-f661-cfdb7537fb16,64,2927309,2941203,2949669,2946773,8466,22360,13894,0,0,0
2949894,a6145f1b-79a3-b6a8-9f23-a1b588e65e96,64,2948409,2949160,2949894,2951336,734,1485,751,0,0,0
2950163,4d617ffb-d8d3-ac89-810a-9f84cd4ebc4b,32,2948282,2949445,2950163,2952113,718,1881,1163,0,0,0
2950403,5dba2337-c3c2-7248-3af6-527f78bbd251,64,2948833,2949669,2950403,2952697,734,1570,836,0,0,0
2950559,620072e0-4cc2-b118-a24e-ae81da2534f2,64,2947595,2950163,2950559,2953221,396,2964,2568,0,0,0
2951129,f41facd1-1344-c2f6-469a-cda367d73e57,64,2924267,2924326,2951129,2937979,26803,26862,59,0,0,0
2951372,61d81be9-a250-ed78-7e22-32796e71ad1d,32,2948528,2949894,2951372,2952710,1478,2844,1366,0,0,0
2951877,2a64d46b-ceac-d779-9538-e0354157abec,32,2948643,2950403,2951877,2953566,1474,3234,1760,0,0,0
2952745,6c05df93-969c-382a-bb9e-88f856ebd83a,64,2948151,2951129,2952744,2953887,1615,4593,2978,0,0,0
2953019,0ce3dcce-0b2a-2994-4cff-a0376feb3d46,64,2927686,2950559,2953019,2953582,2460,25333,22873,0,0,0
2953730,de14b989-4c91-372f-5ef7-c9e1ea882491,64,2928267,2945183,2953730,2949342,8547,25463,16916,0,0,0
2956133,1f92bdc9-9883-7e3e-a4c6-34ce3dad2abf,64,2927170,2949445,2956133,2952236,6688,28963,22275,0,0,0
2956811,fd0be52c-971b-a682-6c4d-181069793532,64,2952651,2952745,2956811,2955113,4066,4160,94,0,0,0
2957149,d34585a2-c6d1-30fa-5f14-4f16e7744ce2,64,2952682,2953019,2957149,2955134,4130,4467,337,0,0,0
2957269,ffc9cf29-7dbd-40f0-1544-59026bfebd17,64,2952625,2952625,2957269,2954742,4644,4644,0,0,0,0
2958973,1e4f1499-b0a9-f87f-9ea7-86bc6fdab002,64,2952627,2956811,2958973,2955937,2162,6346,4184,0,0,0
2959826,85a33467-b110-f489-1022-c8a1042ac25f,64,2952656,2957149,2959826,2956284,2677,7170,4493,0,0,0
2960492,a9dfcc0c-68db-76b3-982d-f0788a51451c,64,2952648,2957269,2960492,2956364,3223,7844,4621,0,0,0
2960981,23baa2ca-a90a-e1cd-f4ac-51f0fcf086c5,64,2952643,2958973,2960946,2956755,1973,8303,6330,0,0,0
2961089,eeb44055-ea62-8d3d-80a2-4679ed95e829,32,2928526,2956133,2961089,2955622,4956,32563,27607,0,0,0
2962081,45f97eab-b43c-dbe2-e3fc-722194fe41ec,64,2952627,2959826,2962081,2956854,2255,9454,7199,0,0,0
2962515,ffa6df21-6057-8624-eba6-71024b16d8a8,64,2952663,2960492,2962515,2957347,2023,9852,7829,0,0,0
2962895,13a2dc03-e14b-400f-d873-56e93262188f,32,2949273,2960981,2962895,2957492,1914,13622,11708,0,0,0
2964523,9770d013-b080-e995-7ea7-ccb8b0ad194d,64,2948561,2962081,2964486,2958681,2405,15925,13520,0,0,0
2964583,b2092e71-208f-a98c-ee2c-92b2d9b97b79,64,2927301,2956133,2964541,2955722,8408,37240,28832,0,0,0
2965522,78bf9e23-00e2-f562-bea3-2d3485c8363f,64,2952626,2961089,2965480,2958412,4391,12854,8463,0,0,0
2966837,e84dfaa4-4fa6-897e-b96f-52663d77546e,64,2964687,2965522,2966837,2969394,1315,2150,835,0,0,0
2970458,cc1de42d-07bb-d002-b1af-6608abfc8586,64,2948830,2964523,2970458,2961375,5935,21628,15693,0,0,0
2971316,b58d4c97-59df-5bb2-588a-7de79f57dbfc,64,2965462,2966837,2971316,2970274,4479,5854,1375,0,0,0
2974224,666ef491-88dc-fe09-4413-377b38d52946,64,2964403,2970458,2974224,2970496,3766,9821,6055,0,0,0
2975035,36c84263-fae9-bf9d-7d8b-d58a22a7899d,64,2965177,2971316,2975035,2971230,3719,9858,6139,0,0,0
2975181,3a5b10ff-8076-8a77-b25a-2225885f40aa,64,2965287,2974224,2975181,2971329,957,9894,8937,0,0,0
2975800,2e89bdbd-5369-1c45-077e-0371ed140bfa,32,2964771,2975181,2975800,2971587,619,11029,10410,0,0,0
2975990,4516bb39-9674-5e86-e94f-82d936f4dd3b,64,2965024,2975035,2975990,2971530,955,10966,10011,0,0,0
2976998,f31b74f8-163b-6001-17f9-31b676b3c18e,64,2964211,2975990,2976998,2973715,1008,12787,11779,0,0,0
2977420,c2b35e09-7f10-1f15-6cea-8e8a34c3ab73,32,2965492,2975800,2977420,2971642,1620,11928,10308,0,0,0
2977950,df2ff029-d5ce-9fac-58cd-9df3110024b8,64,2965259,2976998,2977950,2973793,952,12691,11739,0,0,0
2978722,78df7714-aa97-ff51-65fe-3fdd4273f09d,64,2964797,2977420,2978722,2973946,1302,13925,12623,0,0,0
2978799,a5fb9e9a-4ab7-d5e0-f814-af2e81e26ceb,64,2924266,2964583,2978799,2964272,14216,54533,40317,0,0,0
2979195,331212d1-4cdc-4dcd-7df5-e219468a4cd3,64,2924267,2951372,2979195,2955343,27823,54928,27105,0,0,0
2979766,cebbdf91-7c7d-7f90-595e-f944c64be810,64,2964404,2978722,2979766,2975564,1044,15362,14318,0,0,0
2980727,c6e4472d-983a-cd16-ba66-f439ee62af25,64,2965582,2978799,2980727,2976107,1928,15145,13217,0,0,0
2980787,817b6767-56e8-0e7e-25f9-79cda1010d68,64,2924267,2948373,2980747,2950145,32374,56480,24106,0,0,0
2983474,f3fd80f2-0423-793f-de3a-564a8bf63e19,64,2965034,2980727,2983474,2980182,2747,18440,15693,0,0,0
2983753,fff03027-32ef-5b5d-5571-7909016643b7,64,2965138,2979766,2983753,2977729,3987,18615,14628,0,0,0
2983898,8953cabc-94de-d20d-bbaa-e0a4660f1b0b,64,2965372,2977950,2983898,2975459,5948,18526,12578,0,0,0
2985844,b056fa5a-4317-abe4-7f33-922b11ed5768,64,2964661,2983753,2985844,2994851,2091,21183,19092,0,0,0
2988434,82d621dd-f00a-8b85-7c50-1ef8bb94c73b,64,2987233,2987233,2988434,2987825,1201,1201,0,0,0,0
2990265,354f9914-5698-07e3-f16d-a24334def7ee,64,2964546,2980787,2990265,2992770,9478,25719,16241,0,0,0
2991360,c67e0a01-1d34-2563-894f-f117d952e7bc,64,2989726,2989726,2991360,2990847,1634,1634,0,0,0,0
2992546,d439566a-c402-ba0b-b889-2fafc691a1ad,64,2964909,2983898,2992546,3000567,8648,27637,18989,0,0,0
2994706,80851d53-2d82-ab6a-49bc-819e9d180608,64,2964887,2979195,2994706,2977477,15511,29819,14308,0,0,0
2996866,530a542a-8f05-f94e-d9a1-9ca8f3177bab,64,2964561,2991360,2996866,3006977,5506,32305,26799,0,0,0
3025116,1e557621-d1f7-ab45-045f-1770536b0351,32,2882026,2966837,3025116,2969594,58279,143090,84811,0,0,0
3032348,d64894cd-2766-fe92-d873-6d60b7f23862,64,2960855,2992546,3032348,3015286,39802,71493,31691,0,0,0
3032470,91d5bfdd-00eb-85a9-eb7c-5618b12a8b02,64,2960835,2983474,3032470,2994055,48996,71635,22639,0,0,0
3033472,3bf5337a-224c-eee6-1936-059ccea35945,64,2755603,2789271,3033472,2949795,244201,277869,33668,0,0,0
3035416,d0b2b078-d393-6f3e-5a5f-838f23ee4016,64,3021492,3032348,3035416,3028472,3068,13924,10856,0,0,0
3036027,224a94a5-763a-2eaa-7340-fa855b2955f1,64,3034238,3034238,3036027,3037563,1789,1789,0,0,0,0
3037775,eb67a72c-8ee0-314d-de2a-7affabe5a807,64,3034239,3036027,3037775,3038764,1748,3536,1788,0,0,0
3038792,cc62f748-54b4-a8a6-d9d2-c70309ac7ba5,64,3034244,3035416,3038792,3038277,3376,4548,1172,0,0,0
3040135,25db9dbd-817f-8e3b-9a1a-59cf9b480ff5,64,3034242,3037775,3040121,3039675,2346,5879,3533,0,0,0
3042047,69ccaeb0-a4a5-308d-4aec-4d62f30fa5b6,64,3034241,3038792,3042023,3039809,3231,7782,4551,0,0,0
3046326,50029c14-39a8-4a83-88cc-f7ad3b54a3f0,64,3034244,3040135,3046326,3039988,6191,12082,5891,0,0,0
3046684,90266418-cc45-e20c-f48f-854e5562c4f4,64,3034239,3042047,3046684,3040144,4637,12445,7808,0,0,0
3049983,da2855e3-61df-d243-38e1-a05d9785db5a,64,3034243,3046684,3049963,3043488,3279,15720,12441,0,0,0
3067805,fd7e1648-bc29-7d8d-915b-3aca208d0d01,64,2960857,3032470,3067805,3038152,35335,106948,71613,0,0,0
3070711,9cb076a2-0e55-1d71-871e-b65c600c8bc0,64,3040645,3067805,3070711,3044864,2906,30066,27160,0,0,0
3071491,42d4c734-8ed6-5860-18da-fb7a4af3e1d7,64,3041987,3070711,3071491,3046409,780,29504,28724,0,0,0
3077904,8eba0d06-0a18-6676-f473-c022981b99f9,64,2882024,2985844,3077904,3003181,92060,195880,103820,0,0,0
3078211,e849c066-bee2-1b33-e104-bf7ab9312771,64,2960842,2994706,3078211,3028014,83505,117369,33864,0,0,0
3081307,9a9eb406-d591-01ce-f18f-2155865b0427,64,3041316,3077904,3081307,3047403,3403,39991,36588,0,0,0
3083184,77cf865f-71fe-d889-1af9-469ad55957c2,64,3039824,3071491,3083184,3046603,11693,43360,31667,0,0,0
3083244,8f57cd9e-1b30-9e97-8125-aedbf0884735,64,3041872,3078211,3083217,3047668,5006,41345,36339,0,0,0
3084733,82ca3ac9-2867-9c72-ef24-5e07158327a4,64,3041763,3081307,3084733,3048345,3426,42970,39544,0,0,0
3086373,2412a2ab-9c4a-b63d-1c9e-78442e27a7f7,64,3041429,3084733,3086329,3048749,1596,44900,43304,0,0,0
3086683,be6826d2-4aac-3fb6-cb14-5c963fa8a0e3,64,3041543,3083244,3086683,3048745,3439,45140,41701,0,0,0
3088336,677a72f6-6e0c-42e9-f817-9896c6b98ce2,64,2960866,3033472,3088336,3043359,54864,127470,72606,0,0,0
3090630,d2bfbcf2-d709-acc3-0461-a44d20f985d8,64,3039814,3083184,3090630,3048722,7446,50816,43370,0,0,0
3090880,ea88d27d-17a6-1711-7256-9d7c8c8a22f6,64,3040075,3086373,3090880,3049100,4507,50805,46298,0,0,0
3092229,6ef68419-8a39-3869-3bec-a80c87280662,64,3040756,3090630,3092229,3050174,1599,51473,49874,0,0,0
3092718,46e95aec-0cfb-2d8a-fa8a-7ad235362888,64,3040537,3092229,3092718,3050249,489,52181,51692,0,0,0
3095236,ed1d6d27-03ae-fa62-764d-a24314faa0f5,64,3039819,3088336,3095236,3049470,6900,55417,48517,0,0,0
3095614,92eae3b6-45c9-db9b-0b29-fc3a0a5ac47d,64,3042097,3092718,3095614,3051083,2896,53517,50621,0,0,0
3098651,fafb6c18-f190-4cec-c2d4-54e1017f040e,64,3041654,3095236,3098651,3051311,3415,56997,53582,0,0,0
3099855,01f73517-7c4a-42db-6105-06680e49a743,64,3039842,3098651,3099825,3051880,1174,59983,58809,0,0,0
3100043,58029d89-6ab5-84fd-914b-254e39873b7f,64,3039825,3090880,3100043,3050246,9163,60218,51055,0,0,0
3100131,a53a43d6-1ef5-40d6-f5d9-89367085770f,64,3039820,3086683,3100131,3049350,13448,60311,46863,0,0,0
3101299,53054058-80e2-ee40-3b89-1988c04d3cca,64,3039954,3100131,3101299,3054107,1168,61345,60177,0,0,0
3101971,c37e9c25-5d5e-d747-b83d-f10179ece854,64,3041207,3100043,3101971,3053516,1928,60764,58836,0,0,0
3116588,c76e8e04-1b64-ef32-5aa2-88e1609c6c82,64,3039816,3101299,3116588,3054399,15289,76772,61483,0,0,0
3120469,53fdb674-87f7-66a9-b0a9-5fc90f1f43a7,64,2960862,3049983,3120469,3043994,70486,159607,89121,0,0,0
3121562,99d2f7f2-eb1f-283e-856b-1c79a4f17bc1,64,3041095,3116588,3121562,3055360,4974,80467,75493,0,0,0
3123898,16ac92bb-f9f6-c49c-8eb7-ae33a848096e,64,3040871,3121562,3123898,3056968,2336,83027,80691,0,0,0
3128042,9c88f367-c46e-30a4-9086-b124c7422b51,64,3039816,3120469,3128042,3056361,7573,88226,80653,0,0,0
3128940,76949bb0-e7b0-e27d-244b-405aed7cb20d,64,2900005,2996866,3128940,3028333,132074,228935,96861,0,0,0
3131105,0207006d-e883-a4f4-b29f-2d6b8915a364,64,3039820,3123898,3131105,3058070,7207,91285,84078,0,0,0
3133215,4b045067-1481-b96b-477c-bc8ca5f604d7,64,3039818,3128042,3133215,3058492,5173,93397,88224,0,0,0
3135512,2bd6f0fb-ee3c-8687-b704-eced5b9df42d,64,3059683,3133215,3135512,3061574,2297,75829,73532,0,0,0
3136081,3c9b7cd1-983e-5d3b-b176-6ffc05fbd075,64,3039819,3101971,3136081,3054888,34110,96262,62152,0,0,0
3137516,309a11ec-706e-b43a-89e2-3a88d1cc7531,32,3059682,3136081,3137516,3062731,1435,77834,76399,0,0,0
3141120,3b4c0646-d38a-9b74-ddd8-6b0e6d0faded,64,3040302,3135512,3141120,3062023,5608,100818,95210,0,0,0
3143555,26366874-b225-18de-b6e2-887aefe61690,64,3040985,3141120,3143555,3066038,2435,102570,100135,0,0,0
3146498,5997fbb0-f7b9-a2e2-fe9b-f2d55de1d542,64,3039823,3128940,3146498,3059545,17558,106675,89117,0,0,0
3164930,63203fa9-0bf3-ee35-d392-5553ceef3ff2,64,3039816,3143555,3164930,3066407,21375,125114,103739,0,0,0
3167420,3eda9150-3993-e371-3c60-ae1c8818d277,64,2337649,2359825,3167420,2916155,807595,829771,22176,0,0,0
3171019,94b58d54-67a2-4ab3-daf6-009939dd843f,64,2960801,3095614,3171019,3051422,75405,210218,134813,0,0,0
3172742,9aba4c01-4042-0d1f-ca40-00c5355b8d83,64,2960834,3099855,3172742,3052814,72887,211908,139021,0,0,0
3175387,27facb5d-c74d-2800-be1e-0254e35aac0c,64,3039816,3146498,3175387,3069618,28889,135571,106682,0,0,0
3179335,130f0872-966f-3d47-8321-4b1455928cd5,64,2960836,3131105,3179335,3059604,48230,218499,170269,0,0,0
3180444,227763f8-fb63-4b0b-539e-a196aa386ce6,64,3040192,3175387,3180444,3075683,5057,140252,135195,0,0,0
3183735,139b4c16-fbca-ebdc-46ab-fedd21491f7c,64,3040415,3180444,3183735,3078841,3291,143320,140029,0,0,0
3190297,9eead5de-f5b5-777f-041c-4ba30bb90921,64,3039816,3167420,3190297,3072760,22877,150481,127604,0,0,0
3191031,10e681fd-a127-f663-8db4-daaa831fe884,64,3059687,3179335,3191031,3076981,11696,131344,119648,0,0,0
3193083,3c7bfe7e-8b95-e8ea-8070-9d9517eaa7fa,64,3039823,3164930,3193083,3071053,28153,153260,125107,0,0,0
3193685,684b1568-d42d-2055-30c4-31e62efe4238,64,2960874,3136081,3193685,3063292,57604,232811,175207,0,0,0
3193745,944bad04-9161-cc6c-9f41-dfcfcdccb9d9,64,3086273,3193083,3193713,3086899,630,107440,106810,0,0,0
3194222,ada4b5fd-b198-cd6d-df1e-e6b3c8663c6e,64,3059684,3171019,3194222,3074329,23203,134538,111335,0,0,0
3194934,aecb9625-66c6-ea9b-dd43-fb548b8961fa,64,3086287,3193685,3194878,3087027,1193,108591,107398,0,0,0
3195048,3834e80b-6638-6c22-a1d2-80a21038f8e4,64,3086255,3193745,3195048,3087073,1303,108793,107490,0,0,0
3195431,c768edb9-05d8-e146-17f4-2764de1a8a8e,64,3086266,3194222,3195431,3087218,1209,109165,107956,0,0,0
3195588,deef7995-1f88-4ed9-cefa-bf951227557d,64,3086262,3194934,3195588,3087306,654,109326,108672,0,0,0
3196177,5be330e5-2a5e-b81a-02c2-7ee1ff57c8d4,64,3086253,3195048,3196177,3087334,1129,109924,108795,0,0,0
3196422,18ab202b-df7a-d7b0-3044-f29765623354,64,3086274,3195431,3196422,3087356,991,110148,109157,0,0,0
3196585,20b8d865-580e-60e4-3f02-7521c8ba5226,64,3086263,3195588,3196585,3087451,997,110322,109325,0,0,0
3196830,ab204463-d92c-c6c8-5da7-f990d59ec42e,64,3039816,3172742,3196830,3074680,24088,157014,132926,0,0,0
3197000,d4796110-b35e-85f5-e7f2-f49d41a51d1f,64,3086265,3196177,3197000,3087648,823,110735,109912,0,0,0
3197344,0ef40214-014b-6836-47ad-fc55c99cb5f3,64,3086274,3196422,3197344,3087671,922,111070,110148,0,0,0
3197731,6431d4a9-ca1e-f8d9-44ed-bacfd8c42832,64,3089286,3196830,3197731,3090095,901,108445,107544,0,0,0
3198029,01a9abd0-ed71-d874-9dc3-a0c622d635b7,64,2769802,2794556,3198029,2960242,403473,428227,24754,0,0,0
3198351,ec1aa530-c0ff-0bc4-df44-9bffbad65109,64,3093115,3197731,3198351,3093980,620,105236,104616,0,0,0
3198774,65a815a3-7833-eece-08e5-ed83f8d4866f,64,3093252,3198029,3198774,3094222,745,105522,104777,0,0,0
3198842,4d25d614-53aa-b43a-7a9b-2b2c0b191955,64,3059686,3183735,3198842,3079633,15107,139156,124049,0,0,0
3199463,31faf7e0-38e5-156d-07c0-c4df88c8e83a,64,3093214,3198351,3199463,3094277,1112,106249,105137,0,0,0
3199810,f6d2a20d-b3d5-1708-5d1a-f023a73ff524,64,3093265,3198774,3199810,3094404,1036,106545,105509,0,0,0
3200013,d5471932-3e03-a5ea-63bd-916be674b2ca,64,3093129,3198842,3200013,3094483,1171,106884,105713,0,0,0
3200241,e61c4368-72f1-f318-6c4e-77f738da98b0,64,3093115,3199463,3200241,3094570,778,107126,106348,0,0,0
3200820,2fb1eb40-4f26-fedb-10d2-8a3220c6270a,64,3093262,3199810,3200820,3094645,1010,107558,106548,0,0,0
3201057,f60fdbf2-23b8-f542-6602-3be329fda256,64,3085961,3197000,3201057,3090503,4057,115096,111039,0,0,0
3201237,fd9c70c3-2972-3882-a6d9-d3d105ddf023,64,3093247,3200013,3201190,3094732,1177,107943,106766,0,0,0
3201237,81d9cff9-9de2-d8ca-4edc-3a083442853a,64,3093246,3200241,3201226,3094737,985,107980,106995,0,0,0
3201840,b8d7e825-bd6f-6707-b17d-64df35e8f24a,32,3099508,3201237,3201840,3100634,603,102332,101729,0,0,0
3202162,751095ed-9864-dc1a-c827-1dd98da18439,64,3093115,3200820,3202162,3094740,1342,109047,107705,0,0,0
3202273,4db70660-6388-3dea-e698-a3767afb83cc,64,3099675,3201237,3202273,3100370,1036,102598,101562,0,0,0
3202517,68151f14-d6b6-fb16-1d8d-7b02bc5d618f,64,3099760,3201840,3202517,3100647,677,102757,102080,0,0,0
3202903,0c0575ab-2dce-3207-400e-45409492ba69,64,3099489,3202273,3202903,3101056,630,103414,102784,0,0,0
3203289,51cb3f06-1435-67ed-0cff-84c2eb41ce2f,64,3099572,3202517,3203289,3101171,772,103717,102945,0,0,0
3203489,28fa0a73-1646-113d-dc76-39e58a799c75,64,3099696,3202162,3203471,3100745,1309,103775,102466,0,0,0
3204029,22cdf6a0-1899-9d8c-7f02-671ba6eb5efa,64,3099578,3202903,3204029,3101374,1126,104451,103325,0,0,0
3204175,140f9b24-fcc9-66c6-3c19-ef424cb9c5c6,64,3099681,3203289,3204175,3101426,886,104494,103608,0,0,0
3206218,4400592c-a0b3-35c7-8fe1-f0505cf9d973,32,3104353,3204175,3206218,3108585,2043,101865,99822,0,0,0
3206578,5cff7279-0c12-ea1d-a300-df89da07aa8b,64,3104015,3204029,3206578,3108324,2549,102563,100014,0,0,0
3207076,dc404104-91af-4892-240f-f1c4e5ae01ed,64,3103366,3206218,3207076,3109514,858,103710,102852,0,0,0
3208816,7745c60d-1349-ca14-bd89-99f5d2704c62,32,3103507,3207076,3208816,3110572,1740,105309,103569,0,0,0
3208964,c2a663d6-d34c-41f2-2746-cfa4724eb58d,64,3059685,3196585,3208964,3087879,12379,149279,136900,0,0,0
3209237,b9668355-6f72-bb3c-9885-e9901e668738,64,3105506,3208816,3209237,3111264,421,103731,103310,0,0,0
3209709,9ecc4181-f256-aa65-e7eb-7bae6e143f9d,32,3059683,3193083,3209709,3086619,16626,150026,133400,0,0,0
3210048,82e89b5e-4bcb-68bd-bfca-79d85f42cf6b,64,3104240,3208964,3210048,3112115,1084,105808,104724,0,0,0
3210108,7f4a3544-817c-781a-6fbc-2464ea524c69,64,3103254,3209237,3210107,3112969,870,106853,105983,0,0,0
3210646,d1d46f58-2b72-8139-af61-997d61275e64,64,3104464,3210048,3210646,3113570,598,106182,105584,0,0,0
3212891,c1204784-51e5-0918-df04-ea9f4505f98e,64,3105381,3210646,3212891,3113967,2245,107510,105265,0,0,0
3213581,8e416029-58b4-8e1d-9e13-87b03f12cf6c,64,3104129,3212891,3213581,3114010,690,109452,108762,0,0,0
3214107,cd68f11c-a4b0-190d-dd40-111ab276d819,64,3105619,3210108,3214107,3113797,3999,108488,104489,0,0,0
3215398,37f15695-ef67-e86a-b93a-502f7a1e827a,64,3105050,3213581,3215398,3114207,1817,110348,108531,0,0,0
3215631,b252456e-ffc9-ff30-9f9a-8a331ad6ff7b,64,3049923,3191031,3215631,3082668,24600,165708,141108,0,0,0
3216691,2c0ef6cf-727d-264a-4cc4-a7e5fd25bca9,64,3059683,3190297,3216691,3081993,26394,157008,130614,0,0,0
3216823,defc4d67-d8b3-680d-69ac-2a33c0e7d2f1,64,3105270,3215398,3216823,3115622,1425,111553,110128,0,0,0
3217274,76c397c2-2dbd-c89a-75b3-452a32562c45,64,3104573,3214107,3217274,3114703,3167,112701,109534,0,0,0
3217542,48f89e30-5f39-69ad-5918-a225ff7f84ec,64,3105160,3215631,3217542,3115638,1911,112382,110471,0,0,0
3219978,945dbe02-6b43-88f5-97ea-6d52f84dca4b,64,3103790,3216691,3219978,3123842,3287,116188,112901,0,0,0
3221758,ea3dbc37-67e8-8ce0-4c44-2d17d98d2038,64,3104796,3217542,3221758,3128318,4216,116962,112746,0,0,0
3224809,d353db1c-3d59-6f7b-3377-4ed1b039ba0d,32,3104908,3221758,3224809,3130330,3051,119901,116850,0,0,0
3227064,a68f75ac-7491-6018-2dc8-4e80a90bdc3a,32,3125593,3224809,3227064,3130378,2255,101471,99216,0,0,0
3227667,295c1b59-3807-9a8e-7e3b-eb35e1ebef9c,64,3075850,3206578,3227667,3110143,21089,151817,130728,0,0,0
3227727,b8d8e96c-ca54-c1d7-a2ab-a713e5a79d2f,64,3125100,3227064,3227711,3130776,647,102611,101964,0,0,0
3228224,496d4895-c8d7-f25c-823b-576b0ead4e04,64,3123226,3227667,3228224,3130786,557,104998,104441,0,0,0
3228381,e2e6e895-55e1-0b39-6afd-5fed17f20b40,64,3125479,3227727,3228381,3130943,654,102902,102248,0,0,0
3229056,e97e55d4-46b0-eed1-c2d4-705de1661e4d,64,3124540,3228224,3229056,3131090,832,104516,103684,0,0,0
3229116,6c589836-3a04-e4d7-2113-6ce039ba7d2f,64,3124411,3228381,3229090,3131858,709,104679,103970,0,0,0
3230018,d0ce2457-5cdd-0f45-3588-93f1280b0996,32,3123451,3229116,3230018,3132329,902,106567,105665,0,0,0
3230935,454e1370-28d8-fdf4-3710-3c3f90a58dd6,32,3124279,3230018,3230935,3132482,917,106656,105739,0,0,0
3232624,9ac1b7f0-a5b0-6be6-4d63-96fe022f6ca5,32,3123338,3230935,3232624,3132621,1689,109286,107597,0,0,0
3237299,759f52c9-9232-0a95-fae0-1ea2ce4771b8,32,3103619,3232624,3237299,3132664,4675,133680,129005,0,0,0
3238028,4c60429b-a17c-d064-698a-488827f49771,32,3123939,3237299,3238028,3132722,729,114089,113360,0,0,0
3240261,dbafd3b1-50ff-1ea7-03f5-dc20d065699a,64,3066602,3197344,3240261,3091751,42917,173659,130742,0,0,0
3241201,0247b04d-6361-6032-0b73-633f9e269012,32,3125213,3240261,3241201,3133472,940,115988,115048,0,0,0
3244415,e1ea1d2e-9874-4952-93ed-4b5c2c4276b2,32,3124063,3241201,3244415,3133566,3214,120352,117138,0,0,0
3246794,68efd18f-2266-a77f-0a2d-8b6671819d9d,32,3125367,3244415,3246794,3134261,2379,121427,119048,0,0,0
3247823,5cdbb28b-be6e-2511-0b2a-a744e14f043f,64,3075781,3219978,3247823,3129413,27845,172042,144197,0,0,0
3248370,f805d526-5e5a-e447-e282-20cd8ea359f9,64,3124988,3246794,3248370,3134373,1576,123382,121806,0,0,0
3248430,b81cc43b-f99a-3620-6ee2-f9bf8ad303b1,64,3124172,3247823,3248430,3135596,607,124258,123651,0,0,0
3249166,a0d60422-1a32-d219-2eb1-3e3cd3cb6d14,64,3066640,3201057,3249166,3098472,48109,182526,134417,0,0,0
3252440,c959dbb9-52b6-73d4-2481-216b988fd26b,64,3104687,3248370,3252440,3136334,4070,147753,143683,0,0,0
3254495,a3ffcbbd-8480-36ad-080c-cf788a178298,64,3124768,3248430,3254495,3140418,6065,129727,123662,0,0,0
3254871,e0f0c823-d077-8d1f-7079-04e00ef92e30,64,3123694,3249166,3254871,3143521,5705,131177,125472,0,0,0
3255857,26a97770-7983-efc0-8eda-75d9bc41c770,64,3075613,3217274,3255857,3127850,38583,180244,141661,0,0,0
3257078,86413c79-e90f-0aac-e82a-e2455a422292,32,3075762,3217274,3257078,3127805,39804,181316,141512,0,0,0
3258626,3ccb9897-cadb-11c4-a00d-1e18aeadc03f,64,3124875,3254495,3258626,3148300,4131,133751,129620,0,0,0
3262530,47e75b71-0a9d-484c-915c-a65d8f359e6c,64,3124654,3254871,3262530,3148963,7659,137876,130217,0,0,0
3265485,fe318a9e-8e49-9061-d805-aa2b2d6436ea,64,3075858,3203489,3265485,3106137,61996,189627,127631,0,0,0
3267712,34460c61-1bf1-b7e1-17f1-33972905fe7d,64,3103902,3255857,3267712,3151232,11855,163810,151955,0,0,0
3268232,94a9922e-f67e-d93e-0d78-343ad6d21b30,64,3123567,3262530,3268232,3169503,5702,144665,138963,0,0,0
3270015,dde630e0-cbee-2346-5d1c-153ef6ebcacf,32,3171441,3268232,3270015,3174504,1783,98574,96791,0,0,0
3271439,3c64b7e5-54ef-e054-0206-ad9d9be6aa29,32,3174627,3270015,3271439,3175383,1424,96812,95388,0,0,0
3273214,e47472d0-77e0-ad89-1197-aeb02ee49d62,32,3174626,3271439,3273214,3177187,1775,98588,96813,0,0,0
3274721,89d5e178-cf99-8da3-4f94-2b3ece05a281,32,3174625,3273214,3274721,3177254,1507,100096,98589,0,0,0
3276711,81a4dce0-c800-9f5e-3139-c12d3881efd7,64,3075606,3216823,3276711,3125670,59888,201105,141217,0,0,0
3276908,292254f9-37cc-a228-020f-8fa553fdd1f7,64,3174627,3274721,3276908,3178892,2187,102281,100094,0,0,0
3278385,b3aa475c-af31-4f40-5e8f-7d7e3c36c559,32,3120256,3258626,3278385,3152715,19759,158129,138370,0,0,0
3278445,b51f34b7-dba0-aa70-b32e-ddf2c1dd9365,64,3174626,3276908,3278433,3179341,1525,103807,102282,0,0,0
3278679,efd1422e-eb42-8215-4c3d-8a3535b92983,64,3174626,3276711,3278679,3178907,1968,104053,102085,0,0,0
3279034,bb4400f1-8baa-fca5-a47d-5fb6893bfecf,64,3123811,3258626,3279034,3163036,20408,155223,134815,0,0,0
3281918,86451dda-fbe2-2c49-35fa-d47f9f0590b5,64,3187363,3278445,3281918,3190641,3473,94555,91082,0,0,0
3282274,df3bd35c-35c5-edf0-f43f-847a29baadcc,64,3187357,3278679,3282274,3191035,3595,94917,91322,0,0,0
3282675,ff2d10f4-1555-6b95-f377-7cff1987e58e,64,3187350,3279034,3282675,3191053,3641,95325,91684,0,0,0
3285926,c5bde81d-cb7a-b831-ee65-3bb6ec981b8e,64,3187379,3282274,3285926,3191213,3652,98547,94895,0,0,0
3286983,7e29bddc-fd5c-d74e-8778-dbe69b29f76e,32,3187387,3282675,3286983,3191342,4308,99596,95288,0,0,0
3288723,a8c5840f-aa54-e68f-a927-4d42288a2e51,64,3187391,3285926,3288723,3191534,2797,101332,98535,0,0,0
3288997,eebd342d-22d9-1b18-0680-55f355114558,64,3187353,3281918,3288997,3191065,7079,101644,94565,0,0,0
3289365,a203b5c1-5de1-3be7-1721-04cb6e21b4a2,64,3187356,3282675,3289365,3191510,6690,102009,95319,0,0,0
3292125,55a28f90-ada7-93f0-e579-77ec48164644,64,3187362,3288723,3292125,3191648,3402,104763,101361,0,0,0
3293703,d772aea9-ec14-7855-94d9-6516897a68c9,32,3187349,3289365,3293703,3191896,4338,106354,102016,0,0,0
3294108,acdb425c-cff4-40eb-0730-24e4263490a1,64,3187380,3288997,3294108,3191829,5111,106728,101617,0,0,0
3294930,00cdcce8-17ed-ceb8-1739-1cff8cc99052,64,3187382,3292125,3294930,3192274,2805,107548,104743,0,0,0
3295830,8c9bcaa6-07aa-240c-5762-0a6f6f24564d,64,3187387,3289365,3295830,3192135,6465,108443,101978,0,0,0
3296704,37d9f94a-87e8-23e5-f4ae-6f01bfc3535d,64,3187376,3294108,3296704,3192397,2596,109328,106732,0,0,0
3297459,666a7861-1494-1dbd-ff6f-4f21ce64a89a,64,3187384,3294930,3297459,3192404,2529,110075,107546,0,0,0
3301455,f4e1048a-f417-adc9-f954-018b6be4d062,64,3187367,3295830,3301455,3192410,5625,114088,108463,0,0,0
3301796,7b03f61b-5705-a33e-52f0-2148016d0426,32,3187383,3297459,3301796,3192680,4337,114413,110076,0,0,0
3303221,f5e1ab65-8bd2-96cc-31cf-3224f0cb8112,64,3187354,3296704,3303221,3192650,6517,115867,109350,0,0,0
3303785,00bae133-babf-9447-e855-6690f4d85745,64,3187372,3297459,3303785,3192949,6326,116413,110087,0,0,0
3306190,d99598fb-9eea-7337-8646-f5c1ea89cc6d,64,3075598,3229056,3306190,3132077,77134,230592,153458,0,0,0
3307348,5f541a0d-7b4b-4a29-1991-61163aa4fcd6,64,3187388,3303785,3307348,3193448,3563,119960,116397,0,0,0
3308875,af7da5d4-238c-929d-3c2f-5047d205bba8,64,3075656,3252440,3308875,3145764,56435,233219,176784,0,0,0
3309256,68c5eddc-3253-f9fa-5c42-952b923cddb6,64,3075614,3238028,3309256,3133417,71228,233642,162414,0,0,0
3310135,20cbbd96-6699-aac3-b8f8-d92a3b6c28c5,64,3187371,3303221,3310135,3193182,6914,122764,115850,0,0,0
3313148,70d21fea-eba5-c500-df55-6ba6896d3a54,64,3187365,3306190,3313148,3193690,6958,125783,118825,0,0,0
3313938,d650e1f3-2231-5476-c005-05394e3b744f,64,3187389,3307348,3313938,3193700,6590,126549,119959,0,0,0
3315424,26b16c7c-5189-579a-7934-2fbd46296ada,64,3187366,3309256,3315424,3193949,6168,128058,121890,0,0,0
3315685,81b89c44-ee28-c856-4fc6-0d4370ba8e9c,64,3187375,3308875,3315685,3193819,6810,128310,121500,0,0,0
3316809,21d7ef88-448e-8408-2cce-bc8640ac9243,64,3187370,3310135,3316809,3193971,6674,129439,122765,0,0,0
3317437,bfcc8e33-c7da-450f-0bab-99ee6a3990da,64,3187382,3313938,3317437,3194317,3499,130055,126556,0,0,0
3317910,5577526f-6096-26ba-b03a-c41d3e9011e8,64,3187353,3315424,3317910,3194677,2486,130557,128071,0,0,0
3319853,7161c888-32c5-2d76-370e-bb11affee02e,64,3187385,3313148,3319853,3194287,6705,132468,125763,0,0,0
3320212,0a4434d1-994a-c61f-5110-7df927d23eca,64,3187351,3316809,3320212,3194841,3403,132861,129458,0,0,0
3321169,d7ee15bc-6ecd-8788-a31f-6c0fca66b8b7,64,3187360,3315685,3321169,3194816,5484,133809,128325,0,0,0
3322478,1307afb6-728e-a994-37df-79d830bd373a,64,3187380,3317437,3322478,3194952,5041,135098,130057,0,0,0
3323353,67f396b4-0510-9ebf-b347-fd7bf0e3b50f,64,3187375,3319853,3323353,3195031,3500,135978,132478,0,0,0
3325307,f7f9efbc-4ba7-0c70-16a5-4aa01e1296dc,64,3187368,3317910,3325307,3195024,7397,137939,130542,0,0,0
3326592,d298404d-96f6-2fa1-1951-9ab3bf5eaf8e,64,3187362,3320212,3326592,3195251,6380,139230,132850,0,0,0
3327736,4a95c90d-7c17-5917-d30a-835ddcea8b59,64,3187350,3321169,3327736,3195333,6567,140386,133819,0,0,0
3329289,b14aba86-dbd0-afca-6c07-86be0819f509,64,3187349,3322478,3329289,3195354,6811,141940,135129,0,0,0
3330620,ec7448f9-5b60-47b0-1777-676070fff474,64,3187372,3323353,3330620,3195505,7267,143248,135981,0,0,0
3330799,62c57829-6210-b734-9ded-b8538658c2e5,64,3187365,3326592,3330799,3195639,4207,143434,139227,0,0,0
3330903,050fd4d6-70fe-4ca2-8cec-314982f8065a,64,3187351,3325307,3330903,3195628,5596,143552,137956,0,0,0
3332952,fbb8d9fe-d0cb-16e9-bbc2-b67c9eec1868,64,3187392,3327736,3332952,3195674,5216,145560,140344,0,0,0
3333167,53921935-d6f8-d94c-39fa-35e6c98afa08,64,3187393,3330620,3333167,3195961,2547,145774,143227,0,0,0
3336497,c8cd015b-5dc8-38f0-8c8d-f318b7609e4c,64,3187375,3330903,3336497,3196095,5594,149122,143528,0,0,0
3337956,68353c7e-3eb0-59ec-4e6f-c9d441bff5b9,64,3187371,3330799,3337956,3196025,7157,150585,143428,0,0,0
3339764,f14dfb3e-fe3c-f361-e44d-9a28d739a70f,64,3187358,3333167,3339764,3196403,6597,152406,145809,0,0,0
3339923,7671b52a-293d-ffae-876d-9b132958d9ab,64,3187355,3332952,3339923,3196317,6971,152568,145597,0,0,0
3341819,7a8f5fad-3c80-54cd-eacb-832956f4927f,64,3194877,3337956,3341819,3196871,3863,146942,143079,0,0,0
3342574,356bf588-32c2-c61a-9553-507b4a8c6e28,64,3075598,3267712,3342574,3173526,74862,266976,192114,0,0,0
3343370,297eb3ce-11e3-d175-70ad-20702ca0ed97,64,3194874,3341819,3343370,3198807,1551,148496,146945,0,0,0
3343499,be07d0c9-7154-5572-7aac-3fd3bc376bf5,64,3187357,3339923,3343499,3197161,3576,156142,152566,0,0,0
3344282,e6184043-f9db-00b0-e40f-1972ea94a772,64,3194875,3342574,3344282,3198981,1708,149407,147699,0,0,0
3346422,44d44eca-976b-5158-ea93-26f6ec221123,64,3187373,3339764,3346422,3196883,6658,159049,152391,0,0,0
3355861,b4c2d392-bbe3-a2f6-6f12-546d84061322,64,3087635,3265485,3355861,3170777,90376,268226,177850,0,0,0
3357119,14c6e496-9146-f70a-269d-2c2229861808,64,3097946,3301455,3357119,3193160,55664,259173,203509,0,0,0
3369264,66c7f340-7f14-ebb6-f78c-0ea03e2358f8,64,3149071,3336497,3369264,3196640,32767,220193,187426,0,0,0
3384285,fba86e1e-34a1-48ba-1c7f-bd64ac5d2bd1,64,3201345,3355861,3384285,3243001,28424,182940,154516,0,0,0
3384812,7fc4bd3f-84c0-abed-d732-bacd8090661f,64,3203429,3343499,3384812,3233753,41313,181383,140070,0,0,0
3394644,053b2764-6293-35dc-8fe5-bfbed66ec8bc,64,3204376,3357119,3394644,3249858,37525,190268,152743,0,0,0
3403769,a1d60cf1-8a95-e0d8-4794-c44dab583656,64,3201344,3343370,3403769,3229285,60399,202425,142026,0,0,0
3410135,3b8879a2-6078-ba69-40f8-95ff23352f7f,64,3201442,3346422,3410135,3234795,63713,208693,144980,0,0,0
3420795,a71dc051-b1c8-0969-72da-c793663c36c1,64,3201438,3384812,3420795,3255002,35983,219357,183374,0,0,0
3427073,00256416-b908-803c-73e0-72cb05fd35aa,64,3201089,3384285,3427073,3252199,42788,225984,183196,0,0,0
3439033,64836ec2-00b6-2158-0540-38d7399b747b,64,3201091,3410135,3439033,3270556,28898,237942,209044,0,0,0
3443491,24516596-e7dc-5d43-e5b5-64c91a56b638,64,3062950,3329289,3443491,3195868,114202,380541,266339,0,0,0
3460509,411feb55-410c-de46-4762-fc232c189303,64,3201346,3439033,3460483,3284158,21450,259137,237687,0,0,0
3470207,0eca3630-7342-64e1-6957-a9dd5258e6d8,64,3201339,3420795,3470207,3276615,49412,268868,219456,0,0,0
3481273,121374ec-d9f5-6388-d202-5cd5d0b8bcbb,64,3201138,3427073,3481273,3277234,54200,280135,225935,0,0,0
3481909,4e85661e-3bc6-c4e2-6dd5-346eab2f4642,64,3201089,3403769,3481909,3260934,78140,280820,202680,0,0,0
3488633,c002c7fc-eb0a-97f7-1578-320ef4ca37a4,64,3200171,3443491,3488633,3289532,45142,288462,243320,0,0,0
3510586,2a8d16b0-30e8-c669-0fa3-3a9a453e50e0,64,3274891,3460509,3510586,3298420,50077,235695,185618,0,0,0
3515738,a03f137f-f14d-a3ea-9faf-c17e92a2319d,64,3274853,3481909,3515738,3323469,33829,240885,207056,0,0,0
3515853,eb536282-2aee-f929-b424-a7a0bd1e9e72,64,3322349,3510586,3515853,3328219,5267,193504,188237,0,0,0
3519131,ea8b34b9-e6c7-e728-f157-8055c5a79a96,64,3274824,3488633,3519131,3323554,30498,244307,213809,0,0,0
3519690,4c03e875-a8bc-30fa-5e24-67ba1130521c,32,3274742,3481909,3519690,3315344,37781,244948,207167,0,0,0
3525980,52ed2487-8aa9-d39a-726f-f6fdcec98bf1,64,3274743,3470207,3525980,3304591,55773,251237,195464,0,0,0
3536158,b575dd69-0b61-89c4-844a-a5c98e56dda6,64,3274743,3481273,3536158,3306443,54885,261415,206530,0,0,0
3538190,619c03d1-9362-2966-5f07-fe07f0a0a77d,64,3102349,3344282,3538190,3234373,193908,435841,241933,0,0,0
3545861,f46a9817-194a-589d-4f3f-be079dba68ea,64,3274741,3515738,3545861,3334604,30123,271120,240997,0,0,0
3547767,0777cad1-c900-20bf-f1b1-59b61e8c8499,64,3360054,3545861,3547767,3364258,1906,187713,185807,0,0,0
3548358,1a06cff0-73f5-6452-6899-25840ade0b41,64,3360929,3547767,3548358,3365925,591,187429,186838,0,0,0
3548957,f6423513-9ba1-43ac-649e-2575339c0ee9,32,3359605,3548358,3548957,3367417,599,189352,188753,0,0,0
3549725,094f5166-0bae-6d2b-fbec-e5d5a8856294,32,3360162,3548358,3549725,3367032,1367,189563,188196,0,0,0
3549857,00e5ebaf-2eb0-6b1e-ea7e-ee0b677ebe4d,64,3360668,3548957,3549857,3368097,900,189189,188289,0,0,0
3552438,f3098246-33ca-623f-f301-13f042bffd8b,64,3359833,3549857,3552438,3370039,2581,192605,190024,0,0,0
3555255,d5b26840-f4b3-593f-0b38-2c494853338d,64,3359716,3552438,3555255,3370115,2817,195539,192722,0,0,0
3555719,b43e9061-171d-a81d-b57e-526c1627999a,64,3359943,3555255,3555719,3370420,464,195776,195312,0,0,0
3556477,17664a5a-f24e-2477-2f51-5686a88db0f3,64,3360782,3555719,3556477,3371378,758,195695,194937,0,0,0
3559516,0956f0e5-ef0c-1132-4151-55db179c0a64,64,3274514,3515853,3559516,3336542,43663,285002,241339,0,0,0
3564261,96bfbee0-09a2-7373-32fd-73447862f1cf,64,3360318,3556477,3564261,3372340,7784,203943,196159,0,0,0
3565683,30084a02-a090-3f90-3fc5-43c97c479df2,64,3371182,3559516,3565683,3375387,6167,194501,188334,0,0,0
3565743,0809c464-fc90-d88a-e33b-b3e0d5f00f27,64,3274498,3536158,3565687,3348395,29529,291189,261660,0,0,0
3568251,dc8f79c8-bd95-5829-e72c-f300c917a68e,32,3371182,3564261,3568251,3375965,3990,197069,193079,0,0,0
3568796,6d1b5e96-6e64-8ec8-15db-0b31f6c84ff5,64,3371183,3565743,3568796,3376357,3053,197613,194560,0,0,0
3569597,ee6d7a27-e95b-9b7b-e585-fc3d7bf7202e,64,3371183,3565683,3569597,3376317,3914,198414,194500,0,0,0
3569998,129b1e2d-74a4-1600-af56-2306276c01fb,64,3371181,3564261,3569998,3376304,5737,198817,193080,0,0,0
3570896,4a7109c6-74f8-9694-7c95-9cad75e7f531,64,3371181,3568796,3570896,3376630,2100,199715,197615,0,0,0
3572879,9d482c49-f53f-d2d3-4df6-720520ff622c,64,3369647,3569597,3572879,3377232,3282,203232,199950,0,0,0
3573329,1f737931-b137-d223-bbeb-914b115626bb,64,3371183,3570896,3573329,3378098,2433,202146,199713,0,0,0
3575330,b2f9fa1a-53c5-4448-b61c-c55b8fd0720c,64,3371183,3572879,3575330,3380301,2451,204147,201696,0,0,0
3575508,03617d89-f038-419a-084d-93a646a968c5,64,3371183,3569998,3575508,3377622,5510,204325,198815,0,0,0
3576550,517eb16a-9922-2b37-2d9e-b2d25adea2a4,64,3360547,3575330,3576550,3382938,1220,216003,214783,0,0,0
3577843,4b50045e-fd93-34a1-e5af-12b1d83c575c,64,3360436,3575508,3577843,3386997,2335,217407,215072,0,0,0
3581195,9b9abb6d-dc95-4d75-944f-12fc22f1e7d4,64,3371184,3573329,3581195,3380956,7866,210011,202145,0,0,0
3586175,0ab6c155-2e42-d010-e9cd-10722127130e,64,3410988,3577843,3586175,3416667,8332,175187,166855,0,0,0
3586852,92f72f86-3958-289b-1e05-4c8a28605c20,64,3274519,3525980,3586852,3344217,60872,312333,251461,0,0,0
3587237,a44a0d54-472a-9d93-2c6e-7aa80e81a1fd,64,3414149,3581195,3587237,3417463,6042,173088,167046,0,0,0
3591277,811143a5-0a00-ab04-f359-77e1f1cdf51a,64,3414148,3586175,3591277,3417475,5102,177129,172027,0,0,0
3591444,1f1d1b20-be91-dd2a-bf02-4c09051d1800,64,3414154,3586852,3591444,3417489,4592,177290,172698,0,0,0
3593608,922d2afe-4d7c-a758-a305-5dbfabb5fd1e,64,3411029,3587237,3593608,3417598,6371,182579,176208,0,0,0
3594964,0ae95eb4-842a-ebac-6c7e-80ad29709912,64,3414149,3591444,3594964,3418114,3520,180815,177295,0,0,0
3597716,0f3b5f06-6de2-8a01-d12d-bd50902ead79,64,3414149,3591277,3597716,3417730,6439,183567,177128,0,0,0
3597933,f8736e59-062b-d6f0-8ea4-17feb85f0883,64,3414152,3594964,3597933,3418719,2969,183781,180812,0,0,0
3599467,a8b931bb-7c60-e5a9-761e-8bb724c0c086,64,3414151,3593608,3599467,3418452,5859,185316,179457,0,0,0
3602083,72be5fb8-52dc-383c-236b-f12c181d8b09,64,3414148,3597716,3602077,3419825,4361,187929,183568,0,0,0
3603446,62fc194b-649d-72ad-4556-b8a2db747f33,64,3414152,3597933,3603446,3420006,5513,189294,183781,0,0,0
3605344,2e5b80a1-57a2-5d1c-24e1-d1d903f10ab7,64,3414148,3602083,3605344,3421541,3261,191196,187935,0,0,0
3607014,9c6c3c4e-8f5b-8149-eb67-212a29b76b37,64,3414151,3599467,3607014,3420096,7547,192863,185316,0,0,0
3609357,32a6f3f1-2c46-e25e-77b5-520fb02ed1d7,64,3414148,3603446,3609357,3422597,5911,195209,189298,0,0,0
3610870,a4afade6-ca60-0b2d-09c6-28ddbff090b9,64,3428977,3607014,3610870,3431543,3856,181893,178037,0,0,0
3612179,a2b89e20-ef0f-3c04-a9e7-78cbcbba7e58,64,3442388,3610870,3612179,3444788,1309,169791,168482,0,0,0
3612412,b6a9e66b-19b9-1096-246c-4e5b7f25d908,64,3412061,3605344,3612412,3423845,7068,200351,193283,0,0,0
3612841,c2174dbb-e10d-b2b1-9881-3adcad45c94d,64,3428641,3609357,3612841,3433951,3484,184200,180716,0,0,0
3615129,352b6689-a39c-d730-0f62-06f19403ad3d,64,3442390,3612179,3615129,3445608,2950,172739,169789,0,0,0
3615820,ddc096d2-25fc-850a-be17-56edf0553964,64,3442344,3612412,3615820,3445657,3408,173476,170068,0,0,0
3616190,6ce87f51-1eb2-c170-31e2-d719f2034fe7,64,3442344,3612841,3616190,3445658,3349,173846,170497,0,0,0
3620183,3c573da8-0abe-20fe-8375-9222f74c72c0,64,3442332,3615820,3620183,3445983,4363,177851,173488,0,0,0
3621216,fbff1829-aea3-798b-00bd-204e32714f01,64,3442384,3615129,3621216,3445690,6087,178832,172745,0,0,0
3623783,d2b2cf4b-489d-3b8a-bab0-dbe0438e1bb9,64,3442349,3616190,3623783,3446110,7593,181434,173841,0,0,0
3623843,4f3c0388-ec61-23eb-733c-4dee97d47986,64,3442395,3621216,3623785,3446297,2569,181390,178821,0,0,0
3626427,92010309-1588-6873-2729-26b0ee0b683a,64,3337444,3576550,3626427,3397968,49877,288983,239106,0,0,0
3627380,d92757a8-6ece-6ce9-9112-448d473407a3,64,3442346,3620183,3627380,3446126,7197,185034,177837,0,0,0
3627441,d9e07cbd-1734-2957-0341-1e59a5680f62,64,3442354,3623843,3627441,3447043,3598,185087,181489,0,0,0
3630341,209f9f95-9f04-fdd0-1337-27c0c533fd1e,64,3442350,3623783,3630341,3446983,6558,187991,181433,0,0,0
3631146,e9f35e11-928a-44dd-8ace-87b74250f956,64,3442339,3627441,3631146,3447358,3705,188807,185102,0,0,0
3634376,be60808d-bcb3-9076-7688-f76ea504ee5a,64,3442334,3627380,3634376,3447315,6996,192042,185046,0,0,0
3634509,5f9094ca-e18e-763b-0d57-aef54aecb057,64,3442393,3626427,3634509,3447126,8082,192116,184034,0,0,0
3634812,b7696e0e-c07c-5f32-3e5f-e7f59252a620,64,3442351,3630341,3634812,3447670,4471,192461,187990,0,0,0
3635126,2a966a13-be04-d96e-adb3-5ea8a43a5eda,64,3191918,3519131,3635126,3337863,115995,443208,327213,0,0,0
3636937,4acafd79-ec60-6353-f12d-2edce6b03b0d,64,3442375,3634376,3636937,3447870,2561,194562,192001,0,0,0
3637388,82b91686-7126-c537-8bb8-14ccda3069f5,64,3442350,3631146,3637388,3447671,6242,195038,188796,0,0,0
3638922,a1b95e07-af38-0794-e0eb-16f1d3e8947f,64,3442378,3634812,3638922,3448104,4110,196544,192434,0,0,0
3639215,1374975f-6081-f8de-6e74-745d0af15cc2,32,3442344,3634812,3639215,3448072,4403,196871,192468,0,0,0
3640293,b381e8b0-38ca-4da7-01f0-98fca45ccc55,64,3442393,3637388,3640293,3448593,2905,197900,194995,0,0,0
3640777,2c81a569-8cde-5998-6a24-7a0cf2247b8d,64,3442349,3635126,3640777,3448180,5651,198428,192777,0,0,0
3642108,542fbdd4-e714-e1a3-5bf9-bfad03b93598,64,3442340,3634509,3642108,3447955,7599,199768,192169,0,0,0
3643600,0abdbcd1-782c-cfec-9e5d-78a1c5bdb495,64,3442390,3636937,3643600,3448288,6663,201210,194547,0,0,0
3643856,d619e0ce-69d5-ddf5-1d95-cdeac417fe56,64,3442332,3638922,3643856,3449135,4934,201524,196590,0,0,0
3644098,19d6cf82-25b9-6454-0bfe-68af3a87b3e2,64,3442337,3640777,3644098,3449233,3321,201761,198440,0,0,0
3646146,513be62e-d9ff-cacd-7284-03566d1eb9b4,64,3442390,3640293,3646146,3449230,5853,203756,197903,0,0,0
3648849,3b38102b-7bdf-1546-e4a8-844f7d94a6ce,64,3442336,3642108,3648849,3449343,6741,206513,199772,0,0,0
3648978,78f8ebed-05cb-5465-1e8f-ada4b4c77a96,64,3442331,3643600,3648978,3449396,5378,206647,201269,0,0,0
3649794,071c641d-2242-1baa-9ac6-2e25cf3cc829,64,3442380,3643856,3649794,3449437,5938,207414,201476,0,0,0
3650733,509ac91f-31ea-b1f4-2364-8766a43a4bdd,64,3442376,3646146,3650733,3449693,4587,208357,203770,0,0,0
3651531,d46a537b-bc0b-55fe-5713-412e8bceda58,64,3442373,3644098,3651531,3449465,7433,209158,201725,0,0,0
3653122,1ec83ceb-c201-526f-2924-b4722363bd37,64,3442339,3648849,3653122,3449702,4273,210783,206510,0,0,0
3655086,aaae3222-3f19-ed0f-54c3-9b6d0e31275c,64,3442385,3651531,3655086,3450231,3555,212701,209146,0,0,0
3655659,f68d6979-7fe4-c461-24e1-ed797d99e386,64,3442377,3648978,3655659,3449947,6681,213282,206601,0,0,0
3655793,0ead2ebd-4662-477c-6eec-28adf5c4dab4,64,3442387,3649794,3655793,3450100,5999,213406,207407,0,0,0
3656021,4f3b81d6-3745-abe5-bfd0-96b42c85ab3f,64,3442341,3650733,3656021,3450133,5288,213680,208392,0,0,0
3658785,aa8b73eb-3cde-0596-4cac-dd3d1ae5b384,64,3442336,3655086,3658785,3450618,3699,216449,212750,0,0,0
3659155,3fa916f9-eeb1-ecb9-7008-f9e0c28c36b8,64,3442389,3653122,3659155,3450469,6033,216766,210733,0,0,0
3661919,a31ffadd-0170-3874-3e89-7b355b2dec8c,64,3442339,3655793,3661919,3450848,6126,219580,213454,0,0,0
3662283,96f22a06-15c5-fe34-f183-0345a4229f14,64,3442384,3655659,3662283,3450639,6624,219899,213275,0,0,0
3663608,b10e91b4-6ae5-cc9d-79d3-cba066a0835e,64,3442332,3656021,3663608,3451244,7587,221276,213689,0,0,0
3663979,c7f06fea-94e0-8798-0852-02b0cc4f2da9,64,3442343,3658785,3663979,3451485,5194,221636,216442,0,0,0
3664273,9d470a35-c816-3c27-7c3c-4c2fa40e0199,64,3442389,3659155,3664273,3451774,5118,221884,216766,0,0,0
3664445,04579d6f-93d3-125a-3a56-04b37acd003a,64,3448277,3663979,3664445,3452484,466,216168,215702,0,0,0
3665386,52c5be0f-f2e3-e19a-f57a-7220763a4e61,64,3442394,3661919,3665386,3451820,3467,222992,219525,0,0,0
3669157,32e72520-4d83-b055-17ac-720e0626d3be,64,3442379,3662283,3669157,3452132,6874,226778,219904,0,0,0
3670463,454c976e-c5bc-10a9-6cf4-090928349f05,64,3449861,3665386,3670463,3454241,5077,220602,215525,0,0,0
3670579,5ff2b09f-084a-2ec4-3b91-80f58daf7c97,64,3442380,3663608,3670579,3452283,6971,228199,221228,0,0,0
3671657,891a9b5b-9763-43b4-b209-683eb7cc7157,64,3448163,3670579,3671657,3457431,1078,223494,222416,0,0,0
3672033,9564a7bd-c5de-72fb-dd31-5c0b530f7e66,64,3447759,3669157,3672033,3454470,2876,224274,221398,0,0,0
3672513,a84f3d75-69f8-76b9-481d-07d0ec2fb9e6,64,3449017,3671657,3672513,3457502,856,223496,222640,0,0,0
3672985,b3f731b7-1375-9f4a-7243-3e5365410267,64,3442381,3664445,3672985,3453647,8540,230604,222064,0,0,0
3673055,9a8b8524-4fac-a0ff-1385-3f450ed57c8c,64,3442375,3664273,3673055,3453639,8782,230680,221898,0,0,0
3673221,496ff6e3-0495-061f-9080-810858904829,64,3448027,3670463,3673221,3456299,2758,225194,222436,0,0,0
3673937,e62e54eb-878a-b369-e2e4-4a013e889897,64,3449726,3673055,3673937,3458462,882,224211,223329,0,0,0
3673997,c53a8da2-2f2f-f254-a22f-3da5dab2a215,64,3447890,3672033,3673969,3457590,1936,226079,224143,0,0,0
3674191,0c2fded5-1f74-c09c-b01c-5226e3786121,64,3450729,3673221,3674191,3458869,970,223462,222492,0,0,0
3674922,1b2b5f8b-a27e-5970-0452-ba518223c495,64,3449501,3672985,3674922,3458439,1937,225421,223484,0,0,0
3675419,931b5970-e946-033f-79b2-2b20db8d1836,64,3449974,3674922,3675419,3459696,497,225445,224948,0,0,0
3675547,250b0aeb-fa76-81da-fbb6-4c040dc56a75,64,3449392,3672513,3675547,3457596,3034,226155,223121,0,0,0
3675607,b9def348-4ea7-2fb3-0dbb-d8ed4ebed7c3,64,3448909,3673997,3675557,3458906,1560,226648,225088,0,0,0
3675792,92dba65f-ec35-ed88-1431-9083ce60cada,64,3459847,3675607,3675792,3461390,185,215945,215760,0,0,0
3676122,2978ad8f-0cc0-623f-6221-6ec62e5a7731,64,3447603,3674191,3676122,3459429,1931,228519,226588,0,0,0
3676556,558c7208-283c-a7ec-d8b4-f757d91ade99,64,3459499,3675547,3676556,3461185,1009,217057,216048,0,0,0
3676941,b87618a0-e519-1db0-b64c-99ed963a4320,64,3448750,3675419,3676941,3459878,1522,228191,226669,0,0,0
3677001,bd86a1ab-c16f-5ca3-7854-f2ce102c89ba,64,3449611,3673937,3676967,3458871,3030,227356,224326,0,0,0
3677287,f55c6af8-c6b4-4036-baca-2a87766afbe7,64,3463047,3676941,3677287,3465108,346,214240,213894,0,0,0
3678059,6bda623f-aca9-b4d8-8381-863cfb0cd85d,64,3450613,3676122,3678059,3462806,1937,227446,225509,0,0,0
3678119,260027aa-197d-dceb-f498-816e61cb03f3,64,3459436,3677287,3678079,3466041,792,218643,217851,0,0,0
3679126,1f7e09de-b799-08b6-8095-fa69db07a2a9,64,3459549,3677001,3679126,3465439,2125,219577,217452,0,0,0
3679255,3977c6c3-4f75-d392-fca7-e61410b7ca01,64,3450469,3675792,3679255,3461533,3463,228786,225323,0,0,0
3679323,82b3158f-7d03-3875-3b3a-ef0a5557bd35,64,3073528,3538190,3679323,3348890,141133,605795,464662,0,0,0
3680002,31ccd55c-18db-494a-56f2-ce968d1d122a,64,3460080,3679255,3680002,3468009,747,219922,219175,0,0,0
3680802,a33f06f4-fe87-9e56-cc7f-7718509e1cc2,64,3460201,3678059,3680802,3466282,2743,220601,217858,0,0,0
3681080,af61e25e-ec68-74df-1c63-c39b6675b033,64,3462413,3678119,3681080,3467386,2961,218667,215706,0,0,0
3681269,0963c291-242f-478f-77f3-cc6c766b6138,64,3460449,3679323,3681269,3468567,1946,220820,218874,0,0,0
3681623,084a4052-4913-a18b-ddcf-f347b5d84cae,64,3459139,3680002,3681623,3468639,1621,222484,220863,0,0,0
3681683,d90a8d20-de53-42d6-9e2f-d4afb18fbcd3,64,3462059,3679126,3681647,3467968,2521,219588,217067,0,0,0
3682338,91be48c3-2329-9406-5bac-0279a66b3d83,64,3460327,3680802,3682338,3468688,1536,222011,220475,0,0,0
3682567,031831eb-a720-52b4-102f-236d44270572,64,3463782,3681269,3682567,3468977,1298,218785,217487,0,0,0
3683070,276a3335-0a6d-bd8b-1136-5b345b867d34,64,3464349,3681683,3683070,3469328,1387,218721,217334,0,0,0
3683520,05aa0cd3-5eb4-5406-4919-d9ff57dfba1d,64,3468119,3683070,3683520,3469612,450,215401,214951,0,0,0
3683710,0852a95e-9015-144f-f539-1cd538e8279f,64,3462171,3682338,3683710,3469360,1372,221539,220167,0,0,0
3683838,6fa760a9-c19b-fe2a-7517-6bfad298345c,64,3448519,3676556,3683838,3464551,7282,235319,228037,0,0,0
3683985,55409902-4997-9fe3-231e-388af82dd1f5,64,3465080,3682567,3683985,3469506,1418,218905,217487,0,0,0
3684181,3e4c23fb-1f0b-1094-597c-e0cf50ad9cd5,64,3459680,3681623,3684181,3469192,2558,224501,221943,0,0,0
3684501,1a0c0048-7108-f569-108d-6ac75baca439,64,3459321,3681080,3684501,3468963,3421,225180,221759,0,0,0
3684603,d0a05417-2bac-7c89-31d8-3f7868437031,64,3459229,3683838,3684603,3470312,765,225374,224609,0,0,0
3684971,07b38e70-7ffd-fae1-8cb9-8201a8d705bf,64,3463205,3683985,3684971,3470763,986,221766,220780,0,0,0
3685475,ee426792-ce2c-36df-0051-01e5a7b85447,64,3467892,3684501,3685475,3471621,974,217583,216609,0,0,0
3685930,bfe9efdb-4a57-b541-4387-4957d4d61370,64,3461953,3684971,3685930,3472891,959,223977,223018,0,0,0
3686952,e7269390-c235-25c0-c16f-584add1b469d,64,3464132,3683710,3686952,3470182,3242,222820,219578,0,0,0
3687015,ed0c082b-cb78-57a9-4410-710eca3761d2,64,3450222,3685475,3687015,3473165,1540,236793,235253,0,0,0
3687075,20448d4c-c732-ca9b-c992-e0cc244a9ac8,64,3464720,3684603,3687073,3472237,2470,222353,219883,0,0,0
3687135,79b25e7e-73eb-73ce-262e-df5e0f4fbd2b,64,3464972,3683520,3687114,3470097,3594,222142,218548,0,0,0
3687731,62d0abcd-bc3f-512e-89f3-2a99dfc735f8,64,3464244,3687015,3687731,3473969,716,223487,222771,0,0,0
3687819,28e9209e-2470-5fcc-62cc-a6611a2a69d9,64,3461841,3684181,3687819,3471565,3638,225978,222340,0,0,0
3688252,2b31b5e7-40ed-4d57-04a6-24f3231830a3,64,3468228,3687135,3688252,3474549,1117,220024,218907,0,0,0
3688659,45bbfb02-f99c-f98f-62d8-d220bd36a04a,64,3469030,3687075,3688659,3474051,1584,219629,218045,0,0,0
3688917,9155ed93-626d-7bf1-17a3-f0bed9b37816,64,3462290,3685930,3688917,3473263,2987,226627,223640,0,0,0
3689338,c3d1b0b7-be94-ee36-5229-e29b56430354,64,3468463,3688252,3689338,3474861,1086,220875,219789,0,0,0
3689525,05476e17-0f9b-0aca-0081-a70437c200e3,64,3467998,3688917,3689525,3475186,608,221527,220919,0,0,0
3689863,4410d892-7419-6962-1f8f-a9dd7daf8db1,64,3464845,3689338,3689863,3475482,525,225018,224493,0,0,0
3690515,db82b67d-dd7e-0ae6-369d-5ad492b5a7e3,64,3469851,3687731,3690515,3474699,2784,220664,217880,0,0,0
3690590,2964aa99-1728-c576-452d-52fac0ae3ba6,64,3463902,3686952,3690590,3473876,3638,226688,223050,0,0,0
3691178,67f7aba4-0617-4c62-a243-b9ab2b0e817c,64,3469633,3688659,3691178,3475119,2519,221545,219026,0,0,0
3691425,a6d50103-18b6-85c5-86df-605bb0cebeff,64,3468907,3690515,3691425,3476224,910,222518,221608,0,0,0
3692440,4bae2c00-eb3f-4202-4579-609a3b1dfabe,32,3464024,3691425,3692440,3477676,1015,228416,227401,0,0,0
3693965,e2eb0222-26c6-8746-0391-ddc53e33a833,64,3462925,3689525,3693965,3475689,4440,231040,226600,0,0,0
3694559,9635dc67-ad5a-e575-565d-6ed039b05c64,64,3468349,3691178,3694559,3476649,3381,226210,222829,0,0,0
3695028,e7e4a92a-138c-549c-c53a-cbfc8bc7393e,64,3462800,3689863,3695028,3475831,5165,232228,227063,0,0,0
3695889,8d80c2fe-b7b1-0072-3436-873728ffa490,32,3474818,3694559,3695889,3478676,1330,221071,219741,0,0,0
3696579,8f45c269-6b52-59dc-e0d8-b49272896055,32,3459969,3691425,3696579,3476819,5154,236610,231456,0,0,0
3696661,8baf1516-0b6a-9167-2b6d-ee52058e2844,32,3470591,3694559,3696661,3478844,2102,226070,223968,0,0,0
3697608,e28b40c6-852f-88aa-0e2d-df52fd8190c8,32,3450096,3692440,3697608,3477840,5168,247512,242344,0,0,0
3697892,b1195d16-9aec-319f-f38e-f31f08ae64bb,32,3470470,3695889,3697892,3479319,2003,227422,225419,0,0,0
3698063,d8a29687-d5fd-1cce-1627-a8eeff7d485c,64,3475003,3695028,3698063,3479021,3035,223060,220025,0,0,0
3698304,f8e8e938-b2df-f2fe-9c90-282181a8d2b0,32,3469139,3696579,3698304,3479575,1725,229165,227440,0,0,0
3699482,a7b414b4-4e32-b993-e014-ec53f87c318a,64,3469963,3698063,3699482,3480373,1419,229519,228100,0,0,0
3701348,b04fd83c-1773-3d21-e906-222b8a00cf6f,64,3459632,3687819,3701348,3474830,13529,241716,228187,0,0,0
3702202,0279d6d8-e869-28cd-0f0c-b156ffc6ce15,32,3469739,3701348,3702202,3481228,854,232463,231609,0,0,0
3703055,9d70773e-dcd9-f69f-7897-59ef170d5c13,32,3476887,3702202,3703055,3481374,853,226168,225315,0,0,0
3703878,060556e8-d798-1e8b-5a1a-e46111ba91f9,32,3476758,3703055,3703878,3481510,823,227120,226297,0,0,0
3706049,fe8c686a-9bdf-9c67-62f9-11de087fcdef,32,3469520,3703878,3706049,3481827,2171,236529,234358,0,0,0
3706996,db2be1be-ba73-5eb2-999f-46ebbcb760a9,64,3476337,3699482,3706996,3480792,7514,230659,223145,0,0,0
3708782,446f0620-c580-bccf-4440-77d24ec24fb4,64,3459632,3690590,3708782,3476227,18192,249150,230958,0,0,0
3709289,b8c4535c-44ac-1bbe-fd88-857bcc282628,32,3459631,3696661,3709289,3479741,12628,249658,237030,0,0,0
3712278,14ceea13-c6ae-96ec-47fd-54eea4728ffc,64,3464582,3698304,3712278,3480765,13974,247696,233722,0,0,0
3713909,b8ee0ec6-2b0a-0050-235a-a8e9838fd802,64,3468682,3706049,3713909,3481940,7860,245227,237367,0,0,0
3715037,71b78d57-3f7b-877d-b4b5-11b93a573c6e,64,3469344,3713909,3715037,3483352,1128,245693,244565,0,0,0
3716147,2e0c881c-1068-2337-ee5e-ccf7df4924f2,64,3474372,3715037,3716147,3483582,1110,241775,240665,0,0,0
3716584,66f0c1f5-28ca-1d6f-744a-7cf510ca8162,64,3476215,3708782,3716584,3482777,7802,240369,232567,0,0,0
3717334,4459e2fd-2350-9275-8cef-f4f40efdcce7,64,3448402,3706996,3717334,3482551,10338,268932,258594,0,0,0
3717643,1b35caa1-c146-7fee-0235-1b4f59b164ca,64,3459506,3693965,3717643,3478342,23678,258137,234459,0,0,0
3719400,68fd1179-75d9-2768-f5ca-07f4b34d8b83,32,3470718,3717334,3719400,3483922,2066,248682,246616,0,0,0
3719806,950f5eff-dc51-36e4-d912-d963d32a9e06,64,3448632,3717334,3719806,3484026,2472,271174,268702,0,0,0
3721528,eb19071b-0b35-e0a1-3fa5-e99ffb23a4b7,64,3470355,3712278,3721528,3483289,9250,251173,241923,0,0,0
3721889,4d9e6b9f-a3ee-785f-134a-fb2395ce2483,64,3474704,3716584,3721889,3483831,5305,247185,241880,0,0,0
3723427,d351df5f-310b-82d7-90b9-ae31c46ac405,64,3468796,3716147,3723427,3483824,7280,254631,247351,0,0,0
3723856,9258b0c0-af58-1559-a186-ef6ff0d20481,64,3464457,3719806,3723856,3484121,4050,259399,255349,0,0,0
3724363,c07ec4c4-b6b4-aaa5-39c4-2eed297f8f1e,64,3474596,3721528,3724363,3484517,2835,249767,246932,0,0,0
3725101,f60ad0a3-8eee-fe95-5987-67113c20fe71,64,3475702,3723427,3725101,3485613,1674,249399,247725,0,0,0
3726548,2adff941-93c2-9f31-a495-dbf92632fa9d,64,3071983,3394644,3726548,3255740,331904,654565,322661,0,0,0
3726608,1ac62a63-feca-6f41-d908-d31984584019,64,3450348,3717643,3726585,3484117,8942,276237,267295,0,0,0
3726802,db0dc10e-1ca4-8caf-59c1-3fccf5fe9cc4,64,3476624,3725101,3726788,3486082,1687,250164,248477,0,0,0
3726960,f3151b0a-fd13-5ac5-e6cf-af54ca9dc28c,64,3477519,3724363,3726960,3486048,2597,249441,246844,0,0,0
3727562,e6af993c-700f-8e85-2ea7-56a8229ea406,64,3474485,3726960,3727562,3486527,602,253077,252475,0,0,0
3728242,d8ccacd5-b35c-348c-3193-4d22976611ee,64,3477640,3726548,3728242,3486188,1694,250602,248908,0,0,0
3728803,ccaeb64c-74c2-a11d-a3dc-896e902369ab,64,3475597,3728242,3728803,3486929,561,253206,252645,0,0,0
3729568,dfe9a6ee-4300-6c97-c0f3-beb154959740,64,3475493,3726608,3729568,3486308,2960,254075,251115,0,0,0
3730412,eb6d3598-232f-9fbe-aa5b-e35369331443,64,3476996,3729568,3730412,3488473,844,253416,252572,0,0,0
3730689,c5bc4663-f995-ae6a-4c68-36090c39de51,64,3477761,3727562,3730689,3486906,3127,252928,249801,0,0,0
3731259,75766872-d5cb-20a3-69cb-fc4e2f4bc0ce,64,3459508,3697608,3731259,3480067,33651,271751,238100,0,0,0
3731893,2e206e6f-7e46-0b4e-c213-89d9fdc642fe,64,3476514,3731259,3731893,3490841,634,255379,254745,0,0,0
3732558,4128b138-bf99-a6e3-6347-8b41f2023981,64,3476405,3731893,3732558,3491680,665,256153,255488,0,0,0
3734852,dd90fef2-fbf7-ad20-6a7e-95d258fe79a1,64,3462525,3726802,3734852,3486412,8050,272327,264277,0,0,0
3736222,21a44c4a-097c-763b-61dc-1d581ca88afb,64,3476267,3730689,3736222,3490723,5533,259955,254422,0,0,0
3736366,3c675934-95e7-8fd0-433f-ed33a7b4d7c9,64,3492740,3734852,3736366,3494344,1514,243626,242112,0,0,0
3736724,16d49f2d-103b-a2ed-d540-d6f59f8c9841,64,3475326,3728803,3736724,3487589,7921,261398,253477,0,0,0
3738393,e69cf4c8-72d6-27e9-95af-bf6fc7b0a9e2,64,3485997,3732558,3738393,3493659,5835,252396,246561,0,0,0
3739631,0cc6f6d1-6d66-392c-ac05-ad5c43089e1c,64,3459500,3721889,3739631,3485264,17742,280131,262389,0,0,0
3740536,51c680ca-57a6-e460-1b66-f3d3e6afcce9,64,3459500,3723856,3740536,3486019,16680,281036,264356,0,0,0
3745433,51f8deb6-3404-07f4-8a48-28afe4ff5eec,64,3468577,3736222,3745433,3494884,9211,276856,267645,0,0,0
3752520,ca7d60a1-d6f3-0b49-6168-2935b8b91656,64,3462644,3736366,3752520,3495080,16154,289876,273722,0,0,0
3753277,8ce285db-db30-e078-c435-0ad5c04675c7,64,3485963,3738393,3753277,3496180,14884,267314,252430,0,0,0
3754867,2086ba87-0bf2-598c-21be-4ca5cadaf90f,64,3485961,3740536,3754867,3498877,14331,268906,254575,0,0,0
3757183,6dabaa1c-5868-e32a-44c7-71063811f9e9,64,3459499,3730412,3757183,3490176,26771,297684,270913,0,0,0
3761183,922731e9-3aaf-6187-6638-4b25a9f9f36c,64,3485960,3745433,3761183,3499271,15750,275223,259473,0,0,0
3763282,12a34b04-a15e-cdba-682c-3bb2583f66bd,64,3485962,3753277,3763282,3500412,10005,277320,267315,0,0,0
3767496,7024cf94-0830-8982-56fc-1a769e1d5748,64,3485966,3754867,3767496,3501257,12629,281530,268901,0,0,0
3768407,0f57bc75-07af-b918-5020-036f9adbb8f1,64,3467289,3736724,3768407,3495208,31683,301118,269435,0,0,0
3769620,cb3ada7f-a10d-0623-6046-2998e37f24d7,64,3475109,3763282,3769620,3503495,6338,294511,288173,0,0,0
3776653,acb0bce4-164c-0e98-e25f-f355f8f43249,64,3485962,3761183,3776653,3502254,15470,290691,275221,0,0,0
3778525,fa709240-af8f-c8b4-d01d-cc22e22a75cc,64,3466820,3739631,3778525,3496470,38894,311705,272811,0,0,0
3781487,af6c9f36-64f9-2ef3-c072-15b1c544966b,32,3475219,3778525,3781487,3506338,2962,306268,303306,0,0,0
3781815,210f0001-d832-c732-30f6-99cdb4456f0d,64,3470207,3776653,3781815,3505348,5162,311608,306446,0,0,0
3782834,4a13b17c-8d93-8a1b-e5d2-5bc33c3826aa,64,3459505,3752520,3782834,3499461,30314,323329,293015,0,0,0
3783650,f8930a13-d770-17c8-c053-9b74fa00a281,32,3470073,3778525,3783650,3506246,5125,313577,308452,0,0,0
3785728,a6792090-5160-d305-6dcd-8d4318ecae05,64,3459503,3757183,3785728,3501782,28545,326225,297680,0,0,0
3786400,e0ad8c81-f297-ca6e-28f3-0754358e5535,64,3459502,3768407,3786400,3504020,17993,326898,308905,0,0,0
3787019,e5b2fd55-b0a5-c3c1-3409-1297031fdae1,64,3485960,3781487,3787019,3506444,5532,301059,295527,0,0,0
3787309,4baec9a5-274c-51a1-04d4-0f6a622361ee,64,3477409,3785728,3787309,3507824,1581,309900,308319,0,0,0
3789211,877477ad-94a2-2b24-c028-286b5402b337,64,3477290,3786400,3789211,3509086,2811,311921,309110,0,0,0
3790286,e090c65f-715c-8f85-4d52-9e8a4b5f9c24,64,3485963,3782834,3790286,3507064,7452,304323,296871,0,0,0
3797219,8d4363a2-3f2d-1955-78f3-0ce351ef467b,64,3477113,3789211,3797219,3510130,8008,320106,312098,0,0,0
3798801,14420114-dfe7-04a4-3225-70ff20baeb3f,64,3485964,3781815,3798801,3506501,16986,312837,295851,0,0,0
3802947,02e842bb-9391-6c8b-5628-c13eea9b85eb,64,3459504,3767496,3802947,3503673,35451,343443,307992,0,0,0
3803012,dbe79ccb-f600-2685-ddbd-3afbe5f3fcb9,64,3485965,3787309,3803012,3509802,15703,317047,301344,0,0,0
3804818,908bb7f9-9d91-21b2-9ea6-23257e91eec8,64,3485966,3787019,3804818,3509280,17799,318852,301053,0,0,0
3807233,19f58e82-5008-606f-dbf5-aafeb67a3c07,64,3520109,3798801,3807233,3528300,8432,287124,278692,0,0,0
3811502,f3d210db-e41f-ba4b-90c4-e57a97da6c23,64,3520053,3802947,3811502,3528434,8555,291449,282894,0,0,0
3811927,502e5598-3c3c-3182-2024-4fcf25445d8c,32,3536562,3811502,3811927,3537499,425,275365,274940,0,0,0
3812866,1aca9cf6-7ab6-1c3c-d667-159d22021f9f,64,3520112,3804818,3812866,3533378,8048,292754,284706,0,0,0
3817760,f70a1523-17d8-e814-b669-c307487a2d8b,64,3520054,3807233,3817760,3535662,10527,297706,287179,0,0,0
3820483,ee409f44-c959-4659-db59-1d884b0af1e0,64,3520052,3803012,3820483,3529045,17471,300431,282960,0,0,0
3829391,3dfa45fa-1da6-f0f0-0a53-d7c4f68fa05b,64,3520107,3817760,3829391,3541896,11631,309284,297653,0,0,0
3831688,9a18e6bb-71f6-f1a8-86f7-3047c0bdbeaf,32,3520109,3817760,3831688,3539083,13928,311579,297651,0,0,0
3834090,edfc1ab2-c198-6cfb-65cf-9236bdce8c96,64,3520053,3811502,3834090,3537620,22588,314037,291449,0,0,0
3836656,f4de6a69-6494-446a-3f00-5dab4a490f80,64,3520117,3820483,3836656,3542327,16173,316539,300366,0,0,0
3839273,14fe9960-a539-6212-634a-35ebec2be308,64,3520111,3812866,3839273,3539065,26407,319162,292755,0,0,0
3845845,c75e769c-22e8-843e-1b4c-80a75b13d748,64,2769776,2854282,3845845,3250855,991563,1076069,84506,0,0,0
3847431,4f848c31-7954-af2d-a819-d4b9b1a6aed3,64,3459501,3797219,3847431,3522377,50212,387930,337718,0,0,0
3847692,d61a4a69-30bf-9bd2-223b-da76bcaf0ee3,64,3520053,3834090,3847692,3543601,13602,327639,314037,0,0,0
3848345,4a3c2fe2-9d34-7254-5063-317dda738817,32,3559330,3847692,3848345,3559960,653,289015,288362,0,0,0
3848687,612e5c86-1a5b-558b-0d43-1870ebcfbcfa,32,3559802,3848345,3848687,3560647,342,288885,288543,0,0,0
3854718,efa107ee-ed75-5494-064b-4edc101905bf,64,3520114,3829391,3854718,3542533,25327,334604,309277,0,0,0
3855522,6b161276-d8e8-ea7d-6459-1a9b82673f9a,64,3520056,3836656,3855475,3546707,18819,335419,316600,0,0,0
3856308,e6035c26-0793-13db-2feb-0ef22dde29d8,32,3608957,3855522,3856308,3609669,786,247351,246565,0,0,0
3856428,e7b4638b-e871-690e-5cf9-cefa9dbb2aeb,32,3601147,3855522,3856414,3602821,892,255267,254375,0,0,0
3856698,f17d8b73-e0a1-ff32-f089-d324bfa223da,64,3609555,3856308,3856698,3610425,390,247143,246753,0,0,0
3857300,f16231e0-6db0-6ad8-9239-b3a065d52310,64,3609670,3856698,3857300,3610650,602,247630,247028,0,0,0
3860337,debfe7d3-7404-efd3-0377-c4283d51c7fc,32,3609769,3857300,3860337,3612352,3037,250568,247531,0,0,0
3860684,96bc3f42-797e-6c89-1bbc-af4503d7f55b,64,3609770,3857300,3860684,3612669,3384,250914,247530,0,0,0
3861120,676e34be-78be-c228-c455-da792a4150de,64,3520107,3847431,3861120,3551020,13689,341013,327324,0,0,0
3861416,5fb14f5b-81c0-ca3f-f8f7-03ec70bb034d,64,3520109,3839273,3861364,3546717,22091,341255,319164,0,0,0
3862763,65022273-ac5f-a726-2064-b2a131f5ee86,64,3609773,3860684,3862763,3614443,2079,252990,250911,0,0,0
3867207,64bb419d-dbc4-ccdd-5554-5bb97622f59a,32,3520113,3847692,3867207,3556825,19515,347094,327579,0,0,0
3868210,db36840c-19b7-2aaa-85cc-2c2d89c93243,64,3610694,3861120,3868210,3614863,7090,257516,250426,0,0,0
3869115,496b75fe-cc5b-59b5-2e9b-8fb501c90e2a,32,3520114,3848687,3869115,3562242,20428,349001,328573,0,0,0
3870538,0144fe67-8df5-b9a0-e577-e1b64dd35982,64,3609770,3861416,3870538,3615421,9122,260768,251646,0,0,0
3872432,c3575ff1-6caa-4c8d-7c3a-aa22d8f148fb,64,3610697,3867207,3872432,3615841,5225,261735,256510,0,0,0
3872576,b81c14e5-7fcc-eb99-5dae-f60b01c08038,64,3610693,3862763,3872576,3615796,9813,261883,252070,0,0,0
3873305,b084aab8-cf15-2c06-08e4-5be4d0b3575e,64,3609769,3870538,3873305,3616098,2767,263536,260769,0,0,0
3874805,d928c011-91fd-9b9d-319f-da66a986bfc0,64,3609775,3868210,3874805,3615878,6595,265030,258435,0,0,0
3876867,8a4f48b2-d251-63ad-c80b-dbd7657050ee,64,3610693,3872576,3876867,3616903,4291,266174,261883,0,0,0
3877457,8f48de0a-3375-99d9-3879-7294437fdbd9,64,3609773,3872432,3877457,3616145,5025,267684,262659,0,0,0
3877650,afd0c396-bb31-caeb-c8ce-14bb7dc63851,64,3403177,3790286,3877650,3521262,87364,474473,387109,0,0,0
3878087,596bf99f-a111-9bb1-3952-0c712e31e772,64,3520113,3845845,3878087,3548185,32242,357974,325732,0,0,0
3878484,dd20525e-bbdc-dd1f-343b-f9ce1d63734c,32,3610693,3873305,3878484,3617094,5179,267791,262612,0,0,0
3879043,5e452956-81e4-ee99-0c28-6323d27f6d1f,64,3610692,3874805,3879043,3617264,4238,268351,264113,0,0,0
3879187,b8692e43-3fa7-d954-8bfa-fb8c623c2c71,32,3610692,3872576,3879187,3616740,6611,268495,261884,0,0,0
3880211,1ad4e764-85fb-94a6-fb67-24376426e700,64,3614041,3878484,3880211,3620269,1727,266170,264443,0,0,0
3881492,98cc3e26-a1a2-0f5e-d75d-cd7e820740e7,64,3610697,3877457,3881492,3618547,4035,270795,266760,0,0,0
3883249,e2aebd53-b89b-4995-e32e-3ac453fe40e3,64,3609772,3879187,3883249,3620443,4062,273477,269415,0,0,0
3884153,dfdabe67-801d-04d5-4999-9d27c9f8f4d6,32,3609773,3879043,3884153,3620306,5110,274380,269270,0,0,0
3885070,753840d9-87ea-19f2-1e85-95360c11c74d,64,3614836,3880211,3885070,3621060,4859,270234,265375,0,0,0
3885296,afd063d6-35dd-e534-1528-68557858406c,64,3614989,3877650,3885296,3619604,7646,270307,262661,0,0,0
3886496,6f63def8-51a7-6445-0b9d-7654d5c31b18,64,3610696,3878087,3886496,3619886,8409,275800,267391,0,0,0
3887708,7e29d9a1-05dd-ffbf-bd21-0b7df5b350ab,64,3610692,3876867,3887708,3617607,10841,277016,266175,0,0,0
3888191,e1b3b9d1-f887-ac21-369d-2be14bf91d08,32,3630847,3887708,3888191,3631957,483,257344,256861,0,0,0
3888520,dc399fe1-bfd2-85d7-ecaf-9eeb21b5b893,64,3625923,3886496,3888520,3627277,2024,262597,260573,0,0,0
3888986,cc464bb8-f773-e927-58d6-9943e0e5e2f9,64,3631326,3888191,3888986,3632370,795,257660,256865,0,0,0
3889207,6d33758b-34d4-ab34-aca6-dd4b69dcce11,64,3639870,3888520,3889207,3643287,687,249337,248650,0,0,0
3890002,3d56400b-22ff-5a30-46b3-fcbffb18291f,32,3639985,3888986,3890002,3644648,1016,250017,249001,0,0,0
3891480,06dba492-b889-5a75-e80f-58fb2d0f0209,64,3610692,3883249,3891480,3621669,8231,280788,272557,0,0,0
3892957,55b82364-9ca4-d06c-d076-ddad317e43a4,64,3610693,3885070,3892957,3621835,7887,282264,274377,0,0,0
3893271,2bb2c51f-7023-6aca-5ee6-fdea9534ee94,64,3640114,3891480,3893271,3647260,1791,253157,251366,0,0,0
3894178,1e50661f-2fce-10ae-db06-fec229071205,64,3614787,3885296,3894178,3624235,8882,279391,270509,0,0,0
3897462,6b766741-cd26-a22b-9631-15d046f860a9,32,3617637,3887708,3897462,3631780,9754,279825,270071,0,0,0
3897671,a4ff58a2-8d8f-194c-2a8c-5fdbdcee656d,64,3653816,3893271,3897671,3658119,4400,243855,239455,0,0,0
3904383,36514258-4ca1-5720-22b8-952ee11b1719,32,3653821,3897671,3904383,3659645,6712,250562,243850,0,0,0
3905832,a874d557-cd0e-1708-acbf-81d4b1720b65,64,3653817,3897462,3905832,3659615,8370,252015,243645,0,0,0
3907220,a5c5677f-d8af-a26c-7d1d-53ca4e027022,64,3628045,3890002,3907220,3645714,17218,279175,261957,0,0,0
3908644,6b0376f0-2306-56d1-c2d5-2a58d791aedd,64,3535027,3854718,3908644,3594793,53926,373617,319691,0,0,0
3909243,227c27df-377f-0ac2-7e19-cad732af7b95,64,3653814,3904383,3909243,3659659,4860,255429,250569,0,0,0
3909632,78e33d35-f4e0-740f-476e-6a0641d0b488,64,3608449,3881492,3909632,3621124,28140,301183,273043,0,0,0
3911203,623d45f4-c1ef-6252-1b0c-6cadc9f12b09,64,3653813,3905832,3911203,3660338,5371,257390,252019,0,0,0
3913365,e05f8184-c115-ae8e-5586-768274dfb5ce,64,3653813,3909243,3913365,3660743,4122,259552,255430,0,0,0
3916662,9dc4805f-1fe3-c69c-431e-687425076d01,64,3644592,3892957,3916662,3657005,23705,272070,248365,0,0,0
3916796,93231668-f185-ea7c-6004-0d0d5257c31b,64,3654094,3909632,3916796,3660995,7164,262702,255538,0,0,0
3917578,3cd68ac3-5665-dd0b-cac2-9f1dc72c3764,32,3654060,3908644,3917578,3660733,8934,263518,254584,0,0,0
3918942,10f3f41f-f202-0876-0c44-3b8c068634e7,64,3654062,3907220,3918942,3660445,11722,264880,253158,0,0,0
3920506,7420431e-2bf0-f535-d2f5-c7bc54c4c8ba,64,3654046,3913365,3920506,3661185,7141,266460,259319,0,0,0
3922737,d9f23b37-8475-f248-0ca3-7885d7607ffe,64,3602023,3889207,3922737,3644842,33530,320714,287184,0,0,0
3923108,88ab7afd-6635-7eda-d26c-f96cf40e285f,64,3653815,3916796,3923108,3661289,6312,269293,262981,0,0,0
3923421,d7718c05-b671-f1b2-c9a0-a9ef513c5c4d,32,3620893,3894178,3923421,3658558,29243,302528,273285,0,0,0
3923742,9c454443-7eb1-a6f4-761e-b3acf92df31d,64,3654066,3911203,3923742,3661015,12539,269676,257137,0,0,0
3928267,4a086284-b35a-6b1c-5625-583a6b32264f,64,3653861,3923108,3928267,3661569,5159,274406,269247,0,0,0
3928854,bc6965e7-bdfb-0e2f-cf7a-9bd510e68719,64,3654026,3920506,3928854,3661511,8348,274828,266480,0,0,0
3930983,f04e11b5-2320-a56a-4cb7-310c6f6e0a4e,64,3654080,3916662,3930983,3661222,14321,276903,262582,0,0,0
3931055,472678ac-7eae-f452-8eba-2e783b162773,64,3654064,3917578,3931055,3661300,13477,276991,263514,0,0,0
3931515,363dda7c-d939-90b6-4835-b19428130df9,64,3654013,3918942,3931515,3661466,12573,277502,264929,0,0,0
3932149,979c2adc-d3fc-8621-8cfe-8711725c5c5f,64,3653810,3923742,3932149,3661589,8407,278339,269932,0,0,0
3934465,8ab55352-49de-f69d-230f-635993f06c26,64,3653822,3922737,3934465,3661544,11728,280643,268915,0,0,0
3935273,aed65001-b46d-7853-d126-ed1711958966,64,3653842,3928267,3935273,3661656,7006,281431,274425,0,0,0
3935901,72007655-02a2-13b0-22d7-e45d402c04cb,64,3653848,3928854,3935901,3661802,7047,282053,275006,0,0,0
3938171,8d1d37a3-0c88-4f7b-e84b-3c5517759710,64,3654094,3930983,3938171,3661898,7188,284077,276889,0,0,0
3939250,0476444d-0658-a5a8-3251-561eb43d9643,64,3654024,3932149,3939250,3662228,7101,285226,278125,0,0,0
3944700,830bed4f-c566-a2fa-0422-0efc9d435023,64,3653825,3934465,3944700,3662391,10235,290875,280640,0,0,0
3945232,d8c024a9-a99e-0f9b-768e-af5851ddaa9d,64,3654040,3931515,3945232,3662193,13717,291192,277475,0,0,0
3945922,2e0cf801-f436-6b12-c391-ef93aa012ab9,64,3653837,3939250,3945922,3662582,6672,292085,285413,0,0,0
3947046,3dddd241-fa98-6619-6ee8-3e03718fda3f,64,3654079,3938171,3947046,3662561,8875,292967,284092,0,0,0
3947473,dfb2591d-f9b5-a1db-525e-acaf8b67cdcd,64,3654035,3931055,3947473,3662030,16418,293438,277020,0,0,0
3948080,e37355f3-0378-25ba-2603-e8cd52eef7f2,64,3653824,3935901,3948080,3662528,12179,294256,282077,0,0,0
3948437,15c211ca-e4f9-eeff-3b8e-8a91deb1289a,64,3653854,3935273,3948437,3662474,13164,294583,281419,0,0,0
3955124,66a4372a-997e-53d1-b87a-d8968278e194,64,3653823,3944700,3955124,3662617,10424,301301,290877,0,0,0
3955621,f8644f2f-ddfc-55c2-772c-74985a15fc95,64,3653852,3945232,3955621,3662863,10389,301769,291380,0,0,0
3956586,aba78b51-eeef-b65f-91cf-b23504540420,64,3653805,3948437,3956586,3663280,8149,302781,294632,0,0,0
3956905,bac043ca-96b7-cf15-b249-848c58810e2d,64,3654049,3947473,3956905,3663033,9432,302856,293424,0,0,0
3958537,10df8c94-7b41-a3ad-0199-673b5f8635af,64,3654086,3945922,3958537,3662935,12615,304451,291836,0,0,0
3960047,c3b8a22b-5d76-4bc4-03f5-4e71cadafd4a,64,3654085,3947046,3960047,3663022,13001,305962,292961,0,0,0
3961256,994e4303-b0cb-27f3-c3ab-6793e30065bb,64,3654043,3956586,3961256,3663383,4670,307213,302543,0,0,0
3961484,1c30f3f5-598a-2bd1-5e35-b2472de3153d,64,3654010,3948080,3961484,3663126,13404,307474,294070,0,0,0
3964859,a333639f-3873-64c1-5e4c-e90bbadfbb75,64,3654070,3955124,3964859,3663303,9735,310789,301054,0,0,0
3966237,d67e0f37-f4e9-b38e-2fa7-6c80f7746c4b,64,3653993,3961256,3966237,3663636,4981,312244,307263,0,0,0
3966955,3772d3a3-1b72-ea6c-33c9-bfa153e87b79,64,3654072,3960047,3966955,3663602,6908,312883,305975,0,0,0
3967727,e8f66646-059d-42e6-b348-f0fed47ebb90,64,3654025,3961484,3967727,3663638,6243,313702,307459,0,0,0
3968574,c6ee1f6a-02d6-fd31-1c28-bbd8d7d6eda6,64,3653857,3955621,3968556,3663317,12935,314699,301764,0,0,0
3968836,40508324-875c-f067-3432-327f0db04a2c,64,3654027,3958537,3968836,3663559,10299,314809,304510,0,0,0
3969886,03c50ab3-02a4-8d6e-5a9e-fefcf07c0e77,64,3654047,3956905,3969886,3663493,12981,315839,302858,0,0,0
3973264,e89afbfe-822e-6328-2792-1c1cf14e8d13,64,3653846,3966237,3973264,3663913,7027,319418,312391,0,0,0
3976486,b90db373-5553-9a05-3960-a10e8ee56246,64,3654006,3969886,3976486,3664205,6600,322480,315880,0,0,0
3977396,15152d78-600b-90ee-ba4d-436d656c0188,64,3653820,3968836,3977396,3664183,8560,323576,315016,0,0,0
3978021,a5868874-4c31-67b6-96f3-05d7cece12fc,64,3653815,3968574,3978021,3664093,9447,324206,314759,0,0,0
3978081,ef58b690-632e-67ff-cf2a-5746b41ea125,64,3654036,3964859,3978040,3663733,13181,324004,310823,0,0,0
3978859,107187d9-2833-6002-db04-9d89b451c12b,64,3653833,3967727,3978859,3664031,11132,325026,313894,0,0,0
3979749,fe95c8c9-c16c-d93f-5c40-5fa3de2752ba,64,3654026,3966955,3979749,3663989,12794,325723,312929,0,0,0
3980281,607b7b22-2d18-01d7-602c-98871cecb536,64,3289137,3769620,3980281,3504754,210661,691144,480483,0,0,0
3984273,0c9f82ad-a7f5-7ee0-5f20-90333608428a,64,3654094,3977396,3984234,3664455,6838,330140,323302,0,0,0
3984459,0ac33b9c-37e6-daaf-6917-5c82c4c34aeb,64,3654060,3978081,3984459,3664527,6378,330399,324021,0,0,0
3985742,f721e45e-d796-efbc-3f79-17c5437feb6b,64,3654007,3976486,3985742,3664363,9256,331735,322479,0,0,0
3986810,bb02e930-e426-0ae1-c59b-7de8d09d1263,64,3654008,3973264,3986810,3664294,13546,332802,319256,0,0,0
3989132,b9e28abb-640c-70d9-1764-0a6f2ca43d0d,64,3654089,3980281,3989132,3664720,8851,335043,326192,0,0,0
3991247,02a49e9a-2a8c-befe-cdef-bf070553c66b,64,3653823,3979749,3991247,3664657,11498,337424,325926,0,0,0
3991307,fb26699f-1bf5-027f-cea8-be58e2cae78d,64,3653861,3978021,3991293,3664499,13272,337432,324160,0,0,0
3992431,960a3974-1efd-393b-2896-0c250bb1bad8,64,3654019,3978859,3992431,3664590,13572,338412,324840,0,0,0
3996800,b1f6d38e-4297-bb04-66f2-1e777ecbca9c,64,3653842,3984273,3996800,3664797,12527,342958,330431,0,0,0
3996905,9d30b0f7-f6a9-7c38-13f7-4636c7be5406,64,3654041,3984459,3996905,3664839,12446,342864,330418,0,0,0
3996998,e810c030-2edf-2b1a-ee35-5704b82f76ef,64,3653854,3985742,3996998,3664918,11256,343144,331888,0,0,0
3998411,84dc5e33-7555-7a6c-d6c1-de5749fa485d,64,3653845,3991247,3998411,3665162,7164,344566,337402,0,0,0
3999095,b8ab8e09-c5da-3dcc-4dd7-0974f84716b7,64,3653836,3986810,3999095,3665119,12285,345259,332974,0,0,0
4001540,1987e27b-2fb1-ce81-cb5f-b5b51388fee7,64,3653862,3989132,4001540,3665156,12408,347678,335270,0,0,0
4001940,6ecf4ff1-6f97-e80c-0bcb-b729b0646038,64,3653853,3996905,4001940,3665453,5035,348087,343052,0,0,0
4002779,d61b4a7d-4c41-c603-290a-de9e226c8bcc,64,3653827,3996800,4002779,3665443,5979,348952,342973,0,0,0
4002839,ac58d464-eb16-7eb0-c434-917090f43724,64,3653834,3991307,4002829,3665242,11522,348995,337473,0,0,0
4003134,97be4ad9-25eb-fcee-1b7e-b52972a07a9c,64,3653806,3996998,4003134,3665525,6136,349328,343192,0,0,0
4006260,83674372-d33e-2b2c-3ceb-cc1d6c019c07,64,3654021,3998411,4006260,3665535,7849,352239,344390,0,0,0
4006573,571cdfbf-8dd9-bb83-9877-c24c8842955a,64,3653802,3992431,4006573,3665385,14142,352771,338629,0,0,0
4006924,d04a8ff9-eee1-4ab3-1f5e-c4d26282a4d5,64,3653991,4001940,4006924,3665725,4984,352933,347949,0,0,0
4007518,318c6ee8-f1c8-6a37-23d3-59b81c84f34f,64,3654083,4002779,4007518,3665773,4739,353435,348696,0,0,0
4008247,6a21ab97-d04c-5e8e-1eca-88d3af665d67,64,3654045,4001540,4008247,3665715,6707,354202,347495,0,0,0
4011218,01c363cd-7add-3695-48ba-47a9ebf1f6a4,64,3653835,3999095,4011218,3665623,12123,357383,345260,0,0,0
4013257,f4aa15ac-3971-83ef-5339-e78dc05db901,64,3654047,4007518,4013257,3666273,5739,359210,353471,0,0,0
4015516,aaee3f08-ff69-0568-0d79-c20f4931bd94,64,3654002,4003134,4015516,3666052,12382,361514,349132,0,0,0
4016177,6bb0c8a0-2ec0-f10a-aca5-abd4354f7ca8,64,3653850,4002839,4016177,3665854,13338,362327,348989,0,0,0
4017866,fc424352-6d98-7038-b174-429ccffa9e4d,64,3653803,4008247,4017866,3666283,9619,364063,354444,0,0,0
4018302,397ab7cc-2567-14d6-2bdc-c3d78fb51ba1,64,3653825,4006260,4018302,3666124,12042,364477,352435,0,0,0
4018650,08fb27dc-e88f-12a4-2a1b-41edfe530a7e,64,3639444,4006924,4018650,3666218,11726,379206,367480,0,0,0
4021100,cab0d331-b13a-8dc7-92db-a951f7b8895a,64,3653838,4006573,4021100,3666181,14527,367262,352735,0,0,0
4023312,d0d0d99d-b7a4-9237-277f-172590ea31de,64,3654008,4015516,4023312,3666460,7796,369304,361508,0,0,0
4023417,2262dad8-6c16-a78b-3562-43476b715b34,64,3653832,4016177,4023417,3666528,7240,369585,362345,0,0,0
4024706,1407a94b-0e59-4ba4-35ea-7f1e5ec51b50,64,3654058,4017866,4024706,3666549,6840,370648,363808,0,0,0
4024898,81540e0f-74a2-e707-38dd-71fd4b295ee5,64,3653841,4011218,4024898,3666326,13680,371057,357377,0,0,0
4026162,f1bef588-9c08-51d4-8f20-2a19d0a836ae,64,3654081,4021100,4026162,3666684,5062,372081,367019,0,0,0
4026553,7792a78a-792a-83f4-4b1f-a8629fa0aa69,64,3654080,4013257,4026553,3666395,13296,372473,359177,0,0,0
4030200,5aa249bf-c827-e447-38d8-e484d4e384a3,64,3654040,4018650,4030200,3666665,11550,376160,364610,0,0,0
4031881,e941cff1-046c-f25d-340b-d8b6a521f3ae,64,3654030,4024898,4031881,3666894,6983,377851,370868,0,0,0
4033419,7f353843-d25b-b219-9912-28bed483764a,64,3654032,4026553,4033419,3667336,6866,379387,372521,0,0,0
4033711,4635d22a-7be4-0393-64b5-83300b1378a1,64,3653988,4018302,4033711,3666658,15409,379723,364314,0,0,0
4036603,6d0b4f01-cf09-b990-7b5f-b4278fd1bc4e,32,3654000,4026553,4036603,3667065,10050,382603,372553,0,0,0
4038362,6fc41bf6-3d6b-ff76-f790-df8a5c493e43,64,3654045,4024706,4038362,3666763,13656,384317,370661,0,0,0
4039008,9f88be6e-a0cc-faff-4e7e-9ac831b4709c,64,3654077,4023417,4039008,3666752,15591,384931,369340,0,0,0
4039691,b5100bca-0e7d-25c3-0509-c41e10f809ac,64,3653803,4026162,4039691,3666921,13529,385888,372359,0,0,0
4043966,b53a2800-7d86-1a55-36d8-3fad1ccda878,64,3654029,4039008,4043966,3667799,4958,389937,384979,0,0,0
4044033,216bb956-ec46-6708-3982-9dd41828da8f,64,3653802,4030200,4044033,3667368,13833,390231,376398,0,0,0
4044564,3f381a63-a4ac-2176-8882-7b82da6d33da,64,3653863,4031881,4044564,3667380,12683,390701,378018,0,0,0
4045167,d88a2b67-22c2-ca83-7424-0302e48bb336,64,3653991,4038362,4045167,3667584,6805,391176,384371,0,0,0
4046392,46b3138a-660d-2992-7307-039f19b251ca,64,3653841,4033711,4046392,3667583,12681,392551,379870,0,0,0
4046751,c3b44bae-101c-1fa0-4df4-8d1fff3c6eb0,64,3638269,4023312,4046751,3666710,23439,408482,385043,0,0,0
4048244,49fafbef-c45d-e840-ec25-30fa98b1d51e,64,3653856,4033419,4048244,3667486,14825,394388,379563,0,0,0
4050854,82a0f6e9-4b44-aa71-6545-4a72dd372743,64,3654014,4039691,4050854,3667870,11163,396840,385677,0,0,0
4053527,296da4cd-431b-011f-6f90-d9afca07906e,64,3653829,4044033,4053527,3667979,9494,399698,390204,0,0,0
4055715,c4593083-db40-8797-8ecc-4bd986db41b4,64,3653860,4043966,4055715,3667921,11749,401855,390106,0,0,0
4057178,98343ead-4239-a13e-b33f-f435207479d2,64,3653994,4050854,4057178,3668463,6324,403184,396860,0,0,0
4057375,926730dc-1c0a-8411-9086-af36fa0a5de5,64,3654094,4045167,4057375,3668020,12208,403281,391073,0,0,0
4058770,e0ebb3c7-b8a3-f3fa-7769-44b886b5ca8f,64,3653996,4044564,4058770,3667992,14206,404774,390568,0,0,0
4059756,432a23a8-0f05-d46c-7495-d544b1c8bdb9,64,3654017,4046751,4059756,3668205,13005,405739,392734,0,0,0
4060816,bf79dcb6-abc4-4f76-1718-27dfb4c0c39a,64,3653848,4046392,4060816,3668183,14424,406968,392544,0,0,0
4061597,634ee115-5c81-2bad-0bb3-4c1425818b22,64,3653860,4048244,4061597,3668412,13353,407737,394384,0,0,0
4062996,00501cd8-8bff-35b3-8f6a-5979ab55db54,64,3654047,4055715,4062996,3668693,7281,408949,401668,0,0,0
4063989,377f35c1-076f-632f-3c28-29392bae3b70,64,3653831,4057375,4063989,3668817,6614,410158,403544,0,0,0
4064095,66849b64-34e2-b1b8-7606-9f22b6f23b07,64,3653854,4057178,4064095,3668775,6917,410241,403324,0,0,0
4065722,047d4bc7-2753-0c4a-9136-8ea85bd3494b,64,3653804,4060816,4065722,3668963,4906,411918,407012,0,0,0
4065882,dd16663a-8183-abc0-80e2-cd0484c48ac0,64,3654002,4058770,4065882,3668859,7112,411880,404768,0,0,0
4066227,aee5b68c-6093-418a-e472-3a97a7178558,32,3653806,4057178,4066227,3668708,9049,412421,403372,0,0,0
4066850,fb50d324-129f-f56d-2c99-562cefe3a150,64,3654017,4053527,4066850,3668637,13323,412833,399510,0,0,0
4068031,929b4c7b-f270-3a23-a957-811d2fd02b45,64,3654016,4059756,4068031,3668898,8275,414015,405740,0,0,0
4070372,71a67925-1094-1b53-26d5-1dc14ff90831,64,3654071,4062996,4070372,3669084,7376,416301,408925,0,0,0
4072342,76d9d64d-7ae6-7ecf-599f-5901e65cad51,32,3654023,4064095,4072342,3669330,8247,418319,410072,0,0,0
4072402,671cae75-6dbe-934e-a2fb-8131b81c5f50,64,3653997,4066850,4072345,3669530,5495,418348,412853,0,0,0
4073398,09b3abbf-8078-5391-9bdd-8ac39c4d8e2c,64,3654015,4065722,4073398,3669369,7676,419383,411707,0,0,0
4074610,f2128a48-7a6d-9868-24d1-2e3b34f5b8eb,64,3654081,4068031,4074610,3669595,6579,420529,413950,0,0,0
4076389,ee6fc3f3-ca5e-6705-d1f8-0fcf03acc634,64,3653866,4061597,4076389,3669002,14792,422523,407731,0,0,0
4077676,0961b319-3403-3f08-9a60-7945e6bbba9e,64,3653810,4063989,4077676,3669214,13687,423866,410179,0,0,0
4078109,fe9d21c3-c5e9-8866-bbbb-dbd132d48c82,64,3653863,4065882,4078109,3669407,12227,424246,412019,0,0,0
4079208,c50ef346-f34c-8c78-4892-111c1bee4909,64,3653994,4072402,4079208,3669727,6806,425214,418408,0,0,0
4079405,640933ec-c68b-751f-84a2-092d2777fe38,64,3653830,4066227,4079405,3669462,13178,425575,412397,0,0,0
4083339,76da3747-8fae-e492-f7d9-f6056bbdcd3d,64,3654004,4070372,4083339,3669615,12967,429335,416368,0,0,0
4084723,9bd0e94e-601c-af82-faa5-9b3b8c283b62,64,3653825,4078109,4084723,3670546,6614,430898,424284,0,0,0
4084796,5fa8c28a-ca10-c941-d2b7-828638942fe2,64,3653848,4073398,4084796,3669830,11398,430948,419550,0,0,0
4086592,f5f30d6e-7632-d4d4-1866-177e63abd48f,64,3653803,4079405,4086592,3670852,7187,432789,425602,0,0,0
4086951,d4b6f0f2-3bb9-79b9-3f8c-c66b4423fcd5,64,3653990,4079208,4086951,3670624,7743,432961,425218,0,0,0
4088075,3f444245-4a33-2325-64a1-0253cee8efcf,32,3653993,4079405,4088075,3670840,8670,434082,425412,0,0,0
4089361,50a2c011-160f-79f3-a82d-0a46d0f7d4e7,64,3654004,4076389,4089361,3670182,12972,435357,422385,0,0,0
4089615,d8bfc4d5-80d5-4f85-4d3d-22c1d72d6882,64,3654001,4074610,4089615,3669946,15005,435614,420609,0,0,0
4091049,92c5d3d7-c25c-dea8-243a-c2d48051d262,64,3654092,4084723,4091049,3671180,6326,436957,430631,0,0,0
4092247,b05ab6bf-bca9-eeba-35ff-dd0c2eda17d5,64,3653843,4077676,4092247,3670442,14571,438404,423833,0,0,0
4092803,f367043b-dadf-5f67-6c6d-eaa2f1b4159f,64,3653809,4084796,4092803,3671285,8007,438994,430987,0,0,0
4093837,433d65c2-c0f5-de46-714f-4be5530619e4,64,3653804,4086951,4093837,3671307,6886,440033,433147,0,0,0
4096159,a8f75fed-0ae7-00f7-9d0a-afe2adc8a219,64,3654019,4086592,4096159,3671306,9567,442140,432573,0,0,0
4096591,294a8a71-bf7c-a627-325b-7c88efadd4b5,64,3654036,4083339,4096591,3670975,13252,442555,429303,0,0,0
4097659,0ebd9eef-0836-b2d1-04db-e9aa7999d29e,32,3653986,4089361,4097659,3671378,8298,443673,435375,0,0,0
4097828,e9622f9d-3242-daba-d2c0-75229cb14954,64,3654021,4091049,4097828,3671699,6779,443807,437028,0,0,0
4100536,9d6d37c7-5e45-32ec-7d3f-b84a53e39b1a,64,3653802,4089361,4100536,3671551,11175,446734,435559,0,0,0
4103228,a1f3a5bc-6580-64de-1bc0-04500ddf8da3,64,3654057,4096159,4103228,3671982,7069,449171,442102,0,0,0
4104202,13d94ad0-d809-5e6d-741a-d2c25ceef79c,64,3653987,4089615,4104202,3671680,14587,450215,435628,0,0,0
4105110,da69aa76-be4c-2dc5-bb57-40e9876796d9,64,3653828,4092247,4105110,3671705,12863,451282,438419,0,0,0
4106329,1719944c-9e5d-531a-2477-536f534fa89b,32,3654029,4097828,4106329,3672142,8501,452300,443799,0,0,0
4106910,1b19b829-d0fc-b577-cec7-56748b19f320,64,3653847,4092803,4106910,3671911,14107,453063,438956,0,0,0
4107710,983c9686-1ae3-8baa-339e-f82bb2e8f8bf,64,3653808,4100536,4107710,3672212,7174,453902,446728,0,0,0
4108596,bfbff315-0507-a453-098f-d17b4097d297,64,3653990,4093837,4108596,3671978,14759,454606,439847,0,0,0
4109001,ce68210c-1bdd-cbea-eec2-1c06f99773b2,64,3654073,4096591,4109001,3672107,12410,454928,442518,0,0,0
4110464,1d5f9ff2-a5d3-39af-dae6-c21b111139c1,64,3654037,4097828,4110464,3672186,12636,456427,443791,0,0,0
4110558,c3bf7d44-acc9-874d-63af-f1a4a6ebb88c,64,3684813,4110464,4110558,3686058,94,425745,425651,0,0,0
4111204,a54720e0-88be-9288-07ad-45b104a05d77,64,3653987,4104202,4111204,3672736,7002,457217,450215,0,0,0
4111264,5526db8e-922f-ebcf-0501-e79ef1204008,64,3684812,4110558,4111208,3686305,650,426396,425746,0,0,0
4111539,33057245-2a9f-b994-ff74-7a8a10e00199,64,3684813,4111264,4111539,3686689,275,426726,426451,0,0,0
4111708,f882ee16-2740-55a9-219c-5f3ddc26f6c0,64,3684812,4111539,4111708,3687032,169,426896,426727,0,0,0
4112204,bfe46ba0-6706-62f2-dc3d-7f9635c65a81,64,3654077,4105110,4112204,3673190,7094,458127,451033,0,0,0
4112375,ee4401c9-71af-c5ff-5bbd-cdb6f117bec0,64,3684812,4111204,4112375,3686388,1171,427563,426392,0,0,0
4112529,ae372e39-af39-6095-1461-1ef142bf18d2,64,3684813,4112204,4112529,3687647,325,427716,427391,0,0,0
4113103,6c2eb0c5-8f9f-f3d6-db40-265ca5dd8a7f,64,3684812,4111708,4113103,3687528,1395,428291,426896,0,0,0
4113884,fcc6febe-7b48-afd1-c185-361480f377c2,32,3684812,4113103,4113884,3690028,781,429072,428291,0,0,0
4114077,8224153c-320b-5ab7-159d-880c76a5025c,64,3684814,4112529,4114077,3689762,1548,429263,427715,0,0,0
4114595,7a3f4573-f16a-1857-9a68-990e2412e47e,64,3654033,4106910,4114595,3673493,7685,460562,452877,0,0,0
4114779,4420ccd0-8206-be0c-bd5a-19be049af501,64,3653987,4103228,4114779,3672629,11551,460792,449241,0,0,0
4117157,41bc3273-5b5e-ed09-29e3-74bd5b35300d,64,3639747,4109001,4117157,3684848,8156,477410,469254,0,0,0
4119619,8735b2bb-35bd-51ea-0799-6e3ba360c4cb,64,3654013,4107710,4119619,3673612,11909,465606,453697,0,0,0
4121180,59cb1e01-8a40-b5cd-9597-b5085bed5760,64,3705728,4119619,4121180,3709713,1561,415452,413891,0,0,0
4122961,19ffa018-c1c1-ba4f-515e-a371f0b10781,64,3705843,4121180,4122961,3710915,1781,417118,415337,0,0,0
4124665,781aee5a-ad79-b370-c9e2-fc9e277230de,64,3654034,4108596,4124665,3676219,16069,470631,454562,0,0,0
4125087,c5ba8420-5b4b-9466-36fe-b3a6a37d299e,64,3705603,4122961,4125087,3712727,2126,419484,417358,0,0,0
4125187,769eb31c-2683-0a4c-8133-25f1e76032c3,64,3708675,4124665,4125187,3713278,522,416512,415990,0,0,0
4127805,5caf5c6a-64ca-98e8-cdde-dccc831bef03,64,3705237,4125187,4127805,3714305,2618,422568,419950,0,0,0
4128060,a3b44efe-25c3-cc9d-6856-1badee287a92,64,3708910,4125087,4128060,3713957,2973,419150,416177,0,0,0
4128873,3e372c8d-8a13-7d8d-d292-4079dfee84b1,32,3708793,4127805,4128873,3714370,1068,420080,419012,0,0,0
4130123,098bfdfb-202b-50d1-c71a-5cecdbf0d42a,64,3639634,4113103,4130123,3696296,17020,490489,473469,0,0,0
4131079,779f00d5-571d-7650-2a7a-55500ea20640,64,3664496,4114077,4131079,3699045,17002,466583,449581,0,0,0
4132860,3a08daae-b70e-1920-0e65-9ebac2ad08d9,64,3705469,4127805,4132860,3715879,5055,427391,422336,0,0,0
4137697,cb725702-9192-518f-fbe3-f251f6096928,64,3663236,4112375,4137697,3687931,25322,474461,449139,0,0,0
4138446,ffdb88d7-52b1-731b-a4df-08c567adb841,64,3690283,4114595,4138446,3705448,23851,448163,424312,0,0,0
4139853,d164d651-9d36-dea0-6619-484819bf0f3b,64,3711163,4130123,4139853,3720933,9730,428690,418960,0,0,0
4140002,23d34fb6-58a5-802e-d779-87b7ae6791cd,64,3711162,4128060,4140002,3719600,11942,428840,416898,0,0,0
4141203,e97f0af3-ec6c-6fcc-f9ab-b350f52b0682,64,3688773,4117157,4141203,3708421,24046,452430,428384,0,0,0
4143037,8d129c6c-8a75-9c6e-d096-f682aab09b08,64,3705353,4139853,4143037,3728024,3184,437684,434500,0,0,0
4143540,a05a53c4-7c42-43c7-1bd8-978e92714fea,64,3689914,4114779,4143540,3707106,28761,453626,424865,0,0,0
4143694,4fca946a-6c6a-58e9-c564-956a97f5f3e4,64,3734058,4143037,4143694,3734595,657,409636,408979,0,0,0
4143758,e1e0d3d7-c541-ea01-a47d-d853887e649d,64,3711162,4131079,4143758,3724449,12679,432596,419917,0,0,0
4144249,87647505-ee88-19c9-0571-cc8df7102c89,64,3708483,4132860,4144249,3724470,11389,435766,424377,0,0,0
4144322,07a1012a-e8f8-6e43-0b99-69081d575d69,64,3708372,4141203,4144322,3734053,3119,435950,432831,0,0,0
4144382,8623a5ca-efc3-5842-65b4-11ed05d1f737,64,3734549,4143540,4144354,3735018,814,409805,408991,0,0,0
4145158,9adc8fe3-cad6-7b77-0287-413950e7ceb8,64,3740640,4144382,4145158,3741709,776,404518,403742,0,0,0
4145786,417e5edc-13e6-9df3-2fc0-fe9c854a05f9,64,3741428,4145158,4145786,3742407,628,404358,403730,0,0,0
4147319,fab8cd39-d6b3-e81a-ed37-0c84a011d446,64,3752564,4145786,4147319,3754204,1533,394755,393222,0,0,0
4147678,06c0965d-d68b-717e-57cb-97197a3367d0,32,3719974,4143758,4147678,3737495,3920,427704,423784,0,0,0
4147780,e4a6da33-bda5-3100-fbaf-f9ca565854d5,64,3711191,4138446,4147780,3725442,9334,436589,427255,0,0,0
4148557,78fd3b16-8262-8a03-be45-43f40a8fc854,64,3808947,4147780,4148557,3809999,777,339610,338833,0,0,0
4148617,b67819ff-9bca-0ac2-1786-e4b747c3c3cc,64,3778021,4147319,4148563,3779522,1244,370542,369298,0,0,0
4149032,8b418bdf-e52b-9187-3c3b-5ed72dd5b752,64,3708229,4137697,4149032,3724497,11335,440803,429468,0,0,0
4153056,e4af65aa-08f3-43a9-1398-592b698681df,64,3726742,4144322,4153056,3739964,8734,426314,417580,0,0,0
4154299,30b69f93-c438-c125-254d-befee1dd8d91,64,3711163,4140002,4154299,3730651,14297,443136,428839,0,0,0
4157932,a09d63de-44a3-521a-71ee-ea5105c0e8c6,64,3723924,4143694,4157932,3735792,14238,434008,419770,0,0,0
4161937,8afb9ff3-a7b1-abcd-033a-c676b6d6e920,32,3689636,4139853,4161937,3725944,22084,472301,450217,0,0,0
4163618,62e38426-06fb-22ac-c342-adc9df09451f,64,3804062,4149032,4163618,3819416,14586,359556,344970,0,0,0
4168533,3d948afd-864d-3a8d-1067-308a95cc34cd,64,3804060,4148617,4168533,3818377,19916,364473,344557,0,0,0
4169260,264e448e-1a87-77b0-855f-c748c6d273f9,64,3804063,4157932,4169260,3825932,11328,365197,353869,0,0,0
4175601,ff8abfc0-2d58-293a-aebe-15241549d4d7,64,3804064,4148557,4175601,3817201,27044,371537,344493,0,0,0
4177917,7731b193-e283-eb28-af9e-a625f091f0f9,64,3647233,4144249,4177917,3737964,33668,530684,497016,0,0,0
4186309,3ad96cc4-c0ac-ea64-a426-d1c1feb24920,32,3805689,4168533,4186309,3826989,17776,380620,362844,0,0,0
4186926,545b25b3-7e20-3afb-e858-f4f172f44add,32,3761466,4147678,4186926,3796892,39248,425460,386212,0,0,0
4189721,5f5310d7-6d7f-80cd-343c-4990c007e123,64,3805690,4163618,4189721,3826655,26103,384031,357928,0,0,0
4191247,7393c675-a3cc-77c1-c4b6-ae47ea0970c6,32,3804062,4177917,4191247,3828736,13330,387185,373855,0,0,0
4202099,fdff67de-6a63-bd5b-9398-ba020141f1ae,64,3763524,4153056,4202099,3823170,49043,438575,389532,0,0,0
4203883,dce202f5-36ef-f201-5656-b5f91c6a16e0,64,3782246,4154299,4203883,3823582,49584,421637,372053,0,0,0
4205031,8b0ed975-e20e-f794-9de5-d2eb28596e80,64,3805690,4169260,4205031,3828354,35771,399341,363570,0,0,0
4206996,0570ea72-a167-00f7-5de8-f62bd45f8e7f,64,3804062,4177917,4206996,3829859,29079,402934,373855,0,0,0
4207476,eeb450c8-50bf-c860-230d-a62a7a49ae9c,64,3855489,4203883,4207476,3860272,3593,351987,348394,0,0,0
4207926,4797fe1e-eab4-bce8-40f9-60502efc7709,64,3855469,4205031,4207926,3861618,2895,352457,349562,0,0,0
4211479,d0af7986-2937-27e9-1752-db082e86d47e,64,3855465,4206996,4211479,3862343,4483,356014,351531,0,0,0
4213756,d516f81c-43d8-015f-0394-c4d84a240d4b,64,3763494,4161937,4213756,3826335,51819,450262,398443,0,0,0
4214050,e1316354-e574-cdde-ad19-378ef64ff128,64,3856354,4207476,4214050,3864150,6574,357696,351122,0,0,0
4214270,67b80731-fe39-fe8d-05f0-604a896e5e77,64,3855468,4207926,4214270,3865309,6344,358802,352458,0,0,0
4215999,427288fd-5513-a16e-2c39-e3ba90080708,64,3855481,4211479,4215999,3865735,4520,360518,355998,0,0,0
4217103,16107d90-28c2-7491-ac83-995b53f0a378,64,3862445,4215999,4217103,3866622,1104,354658,353554,0,0,0
4217753,f929eda0-bf30-070d-42a5-af9b522326bb,64,3805690,4186926,4217753,3832638,30827,412063,381236,0,0,0
4218285,965a18c5-67bc-d5a7-2bef-0136432d9930,64,3856363,4217103,4218285,3867366,1182,361922,360740,0,0,0
4218422,64dd4384-b34f-21ca-3bde-c3f462171534,64,3855480,4214050,4218422,3866115,4372,362942,358570,0,0,0
4219185,21737acd-3e37-07dc-84d9-92ecea3c2de7,64,3855496,4213756,4219185,3865774,5429,363689,358260,0,0,0
4220426,d8058bb7-bdec-9144-0629-7a2a66599dde,64,3855494,4219185,4220426,3869498,1241,364932,363691,0,0,0
4220486,f8eb7113-6aee-a07a-c387-d8eb7509d8ba,64,3855463,4218422,4220483,3869061,2061,365020,362959,0,0,0
4221912,ddc16c3a-4f9d-2780-e1cf-33a4f6214132,64,3855483,4214270,4221912,3866452,7642,366429,358787,0,0,0
4222829,404eb634-f4e0-270e-d0b6-8d0280dc3ba1,64,3855487,4220486,4222829,3869822,2343,367342,364999,0,0,0
4225359,2899e850-dd32-b854-f3f2-33b742d4f31c,64,3856359,4218285,4225359,3868959,7074,369000,361926,0,0,0
4226514,fa33dec0-6d99-35f0-1623-6b475e4815f7,64,3855484,4225359,4226514,3871126,1155,371030,369875,0,0,0
4226784,b069acba-8d9b-4935-5af3-80a4ef70f8b6,64,3855479,4220426,4226784,3869800,6358,371305,364947,0,0,0
4226977,a227ac14-343f-5341-8593-d3a208a66a64,64,3856418,4217753,4226977,3868922,9224,370559,361335,0,0,0
4227546,ab6b897b-0ccc-941d-9d3b-9ac6be24af96,64,3855479,4226514,4227546,3871594,1032,372067,371035,0,0,0
4229516,a528698b-d756-b927-e0f0-200824a994d7,64,3856357,4226977,4229502,3874327,2525,373145,370620,0,0,0
4229904,8bb61e76-efbf-4c75-e6e5-4d66ee4ebb16,64,3856374,4226784,4229904,3872772,3120,373530,370410,0,0,0
4230298,07789dae-e478-7edc-899a-c6ce5704c899,64,3855485,4227546,4230298,3875293,2752,374813,372061,0,0,0
4230741,244a603e-156e-57f8-8af0-cf0c596b0c6f,64,3855465,4221912,4230741,3869981,8829,375276,366447,0,0,0
4231652,5c699e1f-458c-f41d-01b8-d47e7a5f1d32,64,3856357,4222829,4231652,3870063,8823,375295,366472,0,0,0
4231935,7f0544ca-40f6-754a-989d-f5ed6df2b925,64,3805690,4189721,4231935,3843955,42214,426245,384031,0,0,0
4232950,9f9dda0d-425b-8476-a9ca-723755d145d2,64,3856358,4230298,4232950,3876560,2652,376592,373940,0,0,0
4233212,29c649ec-2b48-a034-88e5-e76e68eac538,64,3856391,4229904,4233212,3876050,3308,376821,373513,0,0,0
4233498,48b1e8cc-679a-9d56-36e6-222e3be9cfb0,64,3855470,4231652,4233498,3877154,1846,378028,376182,0,0,0
4233558,1ac0dff3-6717-1ab7-61f0-e5c51cda8918,64,3805689,4202099,4233522,3858499,31423,427833,396410,0,0,0
4234565,f2203acf-8eed-8d34-f384-3346945f4281,64,3855491,4232950,4234565,3881004,1615,379074,377459,0,0,0
4234950,2bb47785-5385-9e02-6fe4-0ae899ccdde6,64,3856371,4233498,4234950,3882582,1452,378579,377127,0,0,0
4235895,e771c17c-fbcd-cfde-3354-38032cfffc6b,64,3855472,4233212,4235895,3882429,2683,380423,377740,0,0,0
4236602,82fecfdc-73fb-b982-4401-4a72068f19b5,32,3856354,4231935,4236602,3877418,4667,380248,375581,0,0,0
4238038,640324f0-99b3-51a6-6f2a-e2fd838edbe4,64,3856387,4234565,4238038,3882900,3473,381651,378178,0,0,0
4238915,e3931b79-2fc8-e230-f53f-38c0f95f299a,64,3855468,4234950,4238915,3883047,3965,383447,379482,0,0,0
4239718,04fb7e52-5834-75e1-231f-167698a7e77b,64,3856387,4229516,4239718,3875443,10202,383331,373129,0,0,0
4240417,8c28d4a4-d301-e76f-e8a9-4b68e9fc5fb3,64,3789551,4175601,4240417,3828519,64816,450866,386050,0,0,0
4241093,937838f9-bd46-bb37-885f-3b06aefb886b,64,3856354,4233558,4241093,3882610,7535,384739,377204,0,0,0
4241213,e88668a4-e0f9-9296-ca89-b4606d8ec757,64,3856363,4230741,4241191,3876590,10450,384828,374378,0,0,0
4242567,feb2ac4b-85e8-10a2-28ed-a191dfb48b5f,64,3855471,4235895,4242567,3886098,6672,387096,380424,0,0,0
4242647,dfe38af0-e85d-4aae-5024-7f99648ff83f,64,3856355,4231935,4242647,3879668,10712,386292,375580,0,0,0
4245571,2d3b840d-a0db-01ff-11c7-0935f03256d8,64,3855475,4242567,4245571,3891879,3004,390096,387092,0,0,0
4246109,44ed3d94-4ea8-599e-7440-6c5f72bfa693,64,3855462,4238915,4246109,3888010,7194,390647,383453,0,0,0
4246647,21e219ce-5158-7417-ab6d-0f79fac368c1,64,3856392,4238038,4246647,3886416,8609,390255,381646,0,0,0
4246754,c0ff979e-bd29-e827-e0f2-d1dc6b55ae42,64,3855463,4242647,4246754,3892939,4107,391291,387184,0,0,0
4246836,e32a2082-3d4a-c183-ce14-586856bdebf5,64,3856369,4241093,4246836,3890142,5743,390467,384724,0,0,0
4247853,7146a1c1-cd04-4f6c-6391-26040519ae36,32,3856389,4242567,4247853,3890564,5286,391464,386178,0,0,0
4248358,f1cf851b-ad02-94a0-080c-28ad0c11f642,64,3856390,4239718,4248358,3888512,8640,391968,383328,0,0,0
4250985,c351c359-6739-6010-b9dc-86a923c560d2,64,3855466,4245571,4250985,3894757,5414,395519,390105,0,0,0
4251512,d4073daa-68db-3370-4cb3-7187eb469b21,64,3855486,4240417,4251512,3889017,11095,396026,384931,0,0,0
4251598,92a6584c-85b2-6fa7-1fde-c4f3c92215cd,64,3856364,4248358,4251598,3900028,3240,395234,391994,0,0,0
4253783,b798e034-04cd-a7c6-0a12-1024a5a2d5ac,64,3855476,4251598,4253783,3902064,2185,398307,396122,0,0,0
4254640,323415b1-64e1-9340-97f5-d62875ef8169,64,3856367,4246754,4254640,3898280,7886,398273,390387,0,0,0
4259856,7a44167a-63f7-8edf-7294-8c6466d2c0a7,64,3856361,4246836,4259856,3898994,13020,403495,390475,0,0,0
4263450,85a0429c-a18d-218d-f6a0-e01fd969c458,64,3855490,4253783,4263450,3903167,9667,407960,398293,0,0,0
4264008,124abc16-de4c-4944-0678-4f498bdeb84a,64,3855475,4251512,4264008,3901147,12496,408533,396037,0,0,0
4266869,2e8139fe-e75d-b776-b3b5-ab5c9fb8d4b8,64,3901418,4264008,4266869,3905149,2861,365451,362590,0,0,0
4267439,d7b798ec-fd2e-93ed-8b17-74d44cda028a,64,3901424,4263450,4267439,3904621,3989,366015,362026,0,0,0
4270897,1a037833-d4fd-fad6-4008-40cbae9abf14,64,3856389,4259856,4270897,3903988,11041,414508,403467,0,0,0
4278389,07e79181-3039-6a9f-4f0b-5593542d4393,64,3855476,4254640,4278389,3903939,23749,422913,399164,0,0,0
4279200,ee926321-245f-ed94-2ac1-4fd1eb74e721,64,3855469,4266869,4279146,3905166,12277,423677,411400,0,0,0
4279440,d6e11e55-e6a4-443c-f06c-fdb6c046f297,64,3856364,4246109,4279440,3896555,33331,423076,389745,0,0,0
4280739,b800f540-7f69-53af-e921-3dfa86e979fe,64,3855482,4278389,4280739,3906394,2350,425257,422907,0,0,0
4285062,4af83592-2e85-8bc6-65ed-b1d9a4242b77,32,3901426,4280739,4285062,3906845,4323,383636,379313,0,0,0
4285879,9295e162-6383-3b28-d2ec-137980406ea6,32,3856389,4270897,4285879,3906161,14982,429490,414508,0,0,0
4287959,a71f4b37-4e35-7338-4124-98f96de27e22,64,3856378,4267439,4287959,3906064,20520,431581,411061,0,0,0
4291153,b91340e3-9afe-08a7-20d8-82e46b8d8642,64,3901426,4279440,4291153,3906601,11713,389727,378014,0,0,0
4293684,217c82b1-c884-fac6-619a-4805e03a0ab6,64,3900647,4285062,4293684,3907368,8622,393037,384415,0,0,0
4298159,a28322e8-d171-504f-df48-00048910d70e,64,3901423,4291153,4298159,3907523,7006,396736,389730,0,0,0
4298219,b4d713fb-d5b7-bc6e-dc13-1f79114e16d5,64,3900633,4287959,4298168,3907386,10209,397535,387326,0,0,0
4303339,ada3b63d-ad08-58c6-bad1-6e1dbefb1a15,64,3856381,4298159,4303339,3907700,5180,446958,441778,0,0,0
4308580,d78c2051-7efa-70ae-fdea-42aa14003cbc,64,3856388,4293684,4308580,3907574,14896,452192,437296,0,0,0
4309183,0bce8eeb-684f-1e52-22f1-5aad8752d9fb,64,3861356,4241213,4309183,3890169,67970,447827,379857,0,0,0
4309612,10e7ee6f-1c15-b55f-bf6e-074d865fe33c,64,3838609,4250985,4309612,3900597,58627,471003,412376,0,0,0
4310553,439cf4f8-e93b-f044-d292-5f7cb624013a,64,3900630,4303339,4310553,3908004,7214,409923,402709,0,0,0
4311310,8e47fb7d-8a7f-e26e-f585-f440c3a98532,64,3856366,4279200,4311310,3906582,32110,454944,422834,0,0,0
4311866,5339eb18-2aa3-ed5e-e58e-8fb63c884bee,64,3861421,4246647,4311866,3898071,65219,450445,385226,0,0,0
4313878,381487da-2c42-b7f3-9a03-718276f3304d,64,3900658,4298219,4313878,3907912,15659,413220,397561,0,0,0
4316440,1ab84c1b-8524-3095-5bcb-31f340ae802f,64,3900621,4311310,4316440,3908915,5130,415819,410689,0,0,0
4316690,24843f73-1e2e-fb93-0e72-f8dff38d906a,64,3900660,4309612,4316690,3908750,7078,416030,408952,0,0,0
4317031,45876487-9555-d6a4-045b-44d9bafd2834,64,3900621,4311866,4317027,3909180,5161,416406,411245,0,0,0
4320841,03908f5a-7312-e621-7992-ce54c2cfa589,64,3900625,4308580,4320841,3908031,12261,420216,407955,0,0,0
4323125,652b1328-422f-203e-fc29-c667233089c9,64,3900650,4317031,4323125,3909668,6094,422475,416381,0,0,0
4323185,01f239e4-3965-9c7a-42ff-3b13d32a27d1,64,3900630,4309183,4323131,3908537,13948,422501,408553,0,0,0
4329427,581d0820-e900-52ed-52d7-ed321de883ef,64,3900621,4313878,4329427,3909217,15549,428806,413257,0,0,0
4329644,eabb42d6-a81c-e995-9e00-801dcb8052e1,64,3900628,4316440,4329644,3909317,13204,429016,415812,0,0,0
4329791,6d3026db-20f8-260c-bf10-545a1dd3c5d2,64,3900660,4316690,4329791,3909608,13101,429131,416030,0,0,0
4329957,7397b987-5edd-3492-aac2-33021a3bc8d8,64,3900655,4323125,4329957,3909786,6832,429302,422470,0,0,0
4334613,90c031a8-a28e-aff6-e1fa-b7e41c230f19,64,3900678,4329427,4334613,3910280,5186,433935,428749,0,0,0
4334854,621285e3-407a-d92f-660d-63f3eaf590ed,64,3900642,4329791,4334854,3910545,5063,434212,429149,0,0,0
4335016,020978dc-b811-6c26-7748-9b6b97f3d71d,64,3900646,4329957,4335016,3910652,5059,434370,429311,0,0,0
4335383,2815eb62-670f-7921-9b61-e82e334b2922,64,3856358,4310553,4335383,3908805,24830,479025,454195,0,0,0
4335603,5ad2c420-f09d-ba8a-fcd9-915dc2b408fc,64,3901427,4323185,4335603,3910119,12418,434176,421758,0,0,0
4336848,561657a8-163d-cf6f-269b-ded71c474b1c,64,3901429,4320841,4336848,3909747,16007,435419,419412,0,0,0
4341805,5a332b7d-1c54-cdb8-b1dd-fdbb80cf9dc7,64,3900677,4334854,4341805,3910792,6951,441128,434177,0,0,0
4343264,f62e329e-32c2-1a25-9317-bf7bd45b1527,64,3900672,4334613,4343264,3910706,8651,442592,433941,0,0,0
4344552,6624f8ed-ed96-5f31-8bef-2ae1f87339cc,64,3900665,4335383,4344552,3910921,9169,443887,434718,0,0,0
4348925,b4cb8396-2b08-0b7e-bec0-94b8b02d25b4,64,3900626,4335603,4348925,3911144,13322,448299,434977,0,0,0
4350150,89d8953b-812c-fa6f-be98-703f50261309,64,3900637,4341805,4350138,3911546,8333,449501,441168,0,0,0
4350739,6755b2d4-2bfe-d52a-9350-46f4f7f80118,64,3900642,4336848,4350739,3911453,13891,450097,436206,0,0,0
4354547,b5e5f62a-9a39-bc36-93c8-40115c2281fe,64,3855494,4348925,4354547,3911883,5622,499053,493431,0,0,0
4355001,d2e9c930-eeec-175d-8772-36d0c39b7cb2,64,3900668,4344552,4354979,3911787,10427,454311,443884,0,0,0
4355868,e5b23a6d-00c9-578e-d3f8-b32d48e23143,64,3856388,4329644,4355868,3910497,26224,499480,473256,0,0,0
4356199,b5e18851-619f-6688-f6a8-6371bf693365,64,3856383,4350739,4356165,3912036,5426,499782,494356,0,0,0
4356792,34634757-3d23-1e3b-4a97-a245da5bf081,64,3900666,4343264,4356792,3911756,13528,456126,442598,0,0,0
4358834,1d3208db-a28f-57d0-5612-ad538172d09d,64,3900674,4350150,4358834,3911970,8684,458160,449476,0,0,0
4359904,7bd0a126-d086-d4d6-36e8-d3bd342f4b08,64,3855464,4335016,4359904,3910890,24888,504440,479552,0,0,0
4362744,a9fc73da-5926-c059-bfd0-b387963dbc5e,64,3900664,4354547,4362744,3912277,8197,462080,453883,0,0,0
4363959,16440645-f17a-0355-05b3-f11620629446,64,3900656,4356792,4363959,3913235,7167,463303,456136,0,0,0
4365868,4ff02a31-c903-5d4c-92f1-d3d08111f0f3,64,3900633,4358834,4365868,3913271,7034,465235,458201,0,0,0
4367082,7533c4df-b964-fbed-9d75-5e6cab84978c,64,3900670,4359904,4367082,3913365,7178,466412,459234,0,0,0
4367711,5fd24b9a-a527-9af5-3bd6-df9b36430f4d,64,3900641,4356199,4367711,3913133,11512,467070,455558,0,0,0
4367816,310e8aed-07dc-4a0c-2b72-d6947d41cba8,64,3900623,4362744,4367816,3913460,5072,467193,462121,0,0,0
4368397,3ea34052-2af3-2711-f518-75ec01adf395,64,3900648,4355001,4368397,3912419,13396,467749,454353,0,0,0
4370992,dca261ea-d432-c16a-b396-9a862a8daa45,64,3900641,4355868,4370992,3913017,15124,470351,455227,0,0,0
4371557,8852c78e-0633-a286-5852-62b176935d1f,64,3900647,4363959,4371557,3913492,7598,470910,463312,0,0,0
4374494,8a25cd95-539e-9c1f-8cb8-cf5d5be87a2a,64,3900637,4368397,4374494,3914897,6097,473857,467760,0,0,0
4374579,6a5b54e4-f0e2-aa55-284c-3ab4e5b2df55,64,3900676,4367711,4374579,3914053,6868,473903,467035,0,0,0
4375100,c37180d4-91e6-10dd-d72a-bf118f415cf0,64,3856392,4365868,4375100,3913693,9232,518708,509476,0,0,0
4380008,a44c26d4-03fc-5e6c-1b6e-63538d6ebe62,64,3901417,4374494,4380008,3915634,5514,478591,473077,0,0,0
4381206,9909131b-ad1e-e6f0-5459-7b42c28a9be4,64,3900650,4371557,4381206,3915094,9649,480556,470907,0,0,0
4381266,00fc21fd-8ffb-cc0f-0587-29f37c03af35,64,3900675,4367816,4381215,3914881,13399,480540,467141,0,0,0
4381813,3c02c906-aa34-d26d-f424-6a54afdcd2a7,64,3901422,4367082,4381813,3913985,14731,480391,465660,0,0,0
4385225,1eac66fe-fc30-c77c-8f58-ed08f5b917b1,64,3855487,4381266,4385225,3917515,3959,529738,525779,0,0,0
4386862,fd236d28-4f2e-8a08-63b3-dfd00ef90bcc,64,3856371,4381813,4386862,3917664,5049,530491,525442,0,0,0
4386922,7c923cab-2488-a330-4399-5af3021e2689,64,3900624,4370992,4386863,3915038,15871,486239,470368,0,0,0
4387547,2755d942-89cf-c27c-5f5b-787eb6131739,64,3900648,4374579,4387547,3916273,12968,486899,473931,0,0,0
4388290,cbfd0aa6-fc69-6d17-9f44-2e7b57869db0,64,3900673,4375100,4388290,3916630,13190,487617,474427,0,0,0
4391595,2280229d-9d1b-40f5-1fc6-1eb31c534b87,64,3900645,4381206,4391546,3916861,10340,490901,480561,0,0,0
4391703,6c456d93-1b4a-a8ae-7de7-e713f7fd8283,64,3900654,4380008,4391703,3916695,11695,491049,479354,0,0,0
4393722,cdf392f9-aa6c-fab9-dffb-ad3730a0d16d,64,3900657,4385225,4393722,3917734,8497,493065,484568,0,0,0
4395618,4059d846-ff17-bb76-b7be-51dffd5eb636,64,3900642,4388290,4395618,3917837,7328,494976,487648,0,0,0
4398719,d048c8af-ff5f-274a-ca53-76abc027c505,64,3900636,4391595,4398719,3918180,7124,498083,490959,0,0,0
4399691,c88736e9-6d82-bf0b-e6a1-9ff8ab9a9585,64,3900634,4391703,4399691,3918452,7988,499057,491069,0,0,0
4400254,73cd3e91-2f5b-46f7-449c-230d3bb11ffe,64,3900628,4386922,4400254,3917755,13332,499626,486294,0,0,0
4400526,6d566dcc-bb99-1df7-19ce-afeef4914ab0,32,3900685,4391595,4400526,3918002,8931,499841,490910,0,0,0
4400640,2ccd00e7-92ca-30b9-91d9-ee264997dd20,64,3900631,4386862,4400640,3917740,13778,500009,486231,0,0,0
4400730,e37b9630-9798-b4e0-1a11-0a4f673e79fe,64,3900661,4387547,4400730,3917791,13183,500069,486886,0,0,0
4404789,4f39a47f-b328-8760-a102-7a457e4e7273,64,3900669,4399691,4404789,3919066,5098,504120,499022,0,0,0
4406969,7ec4eb39-b0e4-50ce-a2d4-faa0a466c489,64,3900619,4393722,4406969,3918552,13247,506350,493103,0,0,0
4408926,83a64431-d83e-6704-3c29-9c682138fe3c,64,3900621,4395618,4408926,3918682,13308,508305,494997,0,0,0
4410582,a0d72005-411e-8bac-d192-4b21b54c54f9,64,3900654,4400254,4410582,3919174,10328,509928,499600,0,0,0
4412128,93ad6724-2abc-64d6-b21e-810becac3756,64,3900653,4400640,4412128,3919280,11488,511475,499987,0,0,0
4412188,54be6170-4ec6-6d97-38a8-9514ca0e0bc2,64,3900677,4398719,4412142,3918905,13423,511465,498042,0,0,0
4414759,38ac7355-f495-dd71-1802-f730e8ec6834,64,3900622,4400730,4414759,3919585,14029,514137,500108,0,0,0
4414831,b79fa51d-3045-c38c-c52c-7f939acaf159,64,3900666,4408926,4414831,3919990,5905,514165,508260,0,0,0
4416200,c337ed45-4e93-f53a-632a-992b5ddf6f80,64,3900637,4404789,4416200,3919604,11411,515563,504152,0,0,0
4416746,f5d92b55-74dc-bf13-8960-a41b25a744a7,64,3900619,4410582,4416746,3921245,6164,516127,509963,0,0,0
4419869,8fb8a4a3-3b64-5e6d-4584-9668ffd4b196,64,3920302,4414759,4419869,3927726,5110,499567,494457,0,0,0
4420217,d1c76cf1-35d3-fe5b-881f-ea11d36b06cd,64,3920716,4412188,4420217,3926366,8029,499501,491472,0,0,0
4421713,9170d854-c734-817f-c4a3-60a6925d5ff4,64,3900628,4406969,4421713,3919622,14744,521085,506341,0,0,0
4421993,e3a14f5d-6ed5-855d-2d1c-a2b3e5715f31,64,3900668,4412128,4421993,3921409,9865,521325,511460,0,0,0
4428591,6f1e2050-3f71-edab-1ad1-36d67472bd84,64,3856367,4419869,4428591,3949123,8722,572224,563502,0,0,0
4432631,2c01b5a6-c9dd-80a8-678f-5465228dc422,64,3856371,4421993,4432631,3970475,10638,576260,565622,0,0,0
4433949,4d2a5ec7-029d-b4a0-0609-ac3b386b8594,32,3856394,4416200,4433949,3932537,17749,577555,559806,0,0,0
4434621,4a2e25a0-f6ee-dbdc-9670-0f55a03ef56a,64,3968846,4432631,4434621,3972127,1990,465775,463785,0,0,0
4434884,e604d38c-0a9b-1471-31a7-9435b7c52ba7,64,3968626,4434621,4434884,3973351,263,466258,465995,0,0,0
4435312,a5588005-6527-6d38-73db-22db6b76c990,64,3855474,4414831,4435312,3929129,20481,579838,559357,0,0,0
4436670,db1a8e44-f477-4614-9463-9e5705ecad50,64,3968514,4434884,4436670,3975554,1786,468156,466370,0,0,0
4437440,9ae5fbbc-0f65-7cc9-8fbd-853a790f2b45,64,3984213,4436670,4437440,3985129,770,453227,452457,0,0,0
4437808,a3b0e3da-845e-aab9-cc00-7490888d7c51,64,3984657,4437440,4437808,3985316,368,453151,452783,0,0,0
4438637,f11b9c1b-bad1-ffe7-ed46-d087c77afed5,64,3983009,4437808,4438637,3986541,829,455628,454799,0,0,0
4440754,fe3d81d8-0eb9-daed-a39a-d4dfafd3ec8b,64,3968123,4435312,4440754,3983059,5442,472631,467189,0,0,0
4441855,599a20f1-81dc-d57c-164c-af2f6d442c3f,64,3982864,4440754,4441855,3987958,1101,458991,457890,0,0,0
4442177,41a50d68-4140-4d41-cea7-252160b1aac5,64,3856384,4416200,4442177,3935823,25977,585793,559816,0,0,0
4442391,5b1bab8d-98b0-4e7a-c74f-555dde9389de,64,3982753,4441855,4442391,3989485,536,459638,459102,0,0,0
4442724,b31e120d-9f49-ab89-6866-d52e0e05926a,64,3856391,4421713,4442724,3963095,21011,586333,565322,0,0,0
4442786,232e84ea-dfe3-28d5-50be-629444c1a38c,64,3990204,4442177,4442786,3991013,609,452582,451973,0,0,0
4442851,76b1cd87-3bbe-d1b4-cde5-7aa6c5ca18e9,64,3990747,4442391,4442851,3991216,460,452104,451644,0,0,0
4443143,19df5a16-cc2f-95ed-88f6-8352d38bca4e,64,3856359,4416746,4443143,3937626,26397,586784,560387,0,0,0
4443287,fb6e5531-3779-0ead-f6d4-017df8490b53,64,3998474,4442786,4443287,3999448,501,444813,444312,0,0,0
4443974,8a9da702-660f-44e6-445d-3231c6f7cc83,64,3999031,4442851,4443974,4000004,1123,444943,443820,0,0,0
4444203,8b81ea62-2fb0-aeaa-05ef-ea2af825a8bd,64,4005456,4443287,4444203,4005868,916,438747,437831,0,0,0
4444522,aad29f81-7fe9-9b4f-ca7a-d5f3bdacb371,64,4005278,4443974,4444522,4006170,548,439244,438696,0,0,0
4444733,e7a9f866-38f9-faed-25c8-5224d202d65b,64,3856383,4420217,4444733,3955507,24516,588350,563834,0,0,0
4447258,082bbc6f-b8bf-6903-9e15-00621ef70629,64,3968384,4442724,4447258,3992421,4534,478874,474340,0,0,0
4447645,ec32006d-da7b-9adb-1ce3-31182e857464,64,3982638,4444522,4447645,4009288,3123,465007,461884,0,0,0
4454840,b31985d0-a84a-3aee-d636-a89dad0fc0f7,64,3981981,4444203,4454795,4006394,10592,472814,462222,0,0,0
4455360,0d41de26-91c9-9644-72e6-3a676e971b5a,64,3968271,4447258,4455360,4010190,8102,487089,478987,0,0,0
4457213,00b30bda-6f26-bd7c-7634-fa4840480f7b,64,3856417,4438637,4457213,3986878,18576,600796,582220,0,0,0
4457863,21483249-414e-7cc1-5027-8ec26125cb48,64,4011610,4457213,4457863,4014940,650,446253,445603,0,0,0
4460860,d5e652b7-1a83-4240-f0a3-a4122cfc142d,64,3982388,4455360,4460860,4013468,5500,478472,472972,0,0,0
4466262,d4ec675d-53a3-939e-6899-98d64e444af9,64,3982503,4457863,4466262,4017722,8399,483759,475360,0,0,0
4476671,5ef28433-109c-21df-9f76-cb6f4eea155b,64,3856418,4443143,4476671,4004197,33528,620253,586725,0,0,0
4479867,a8f4c2dc-2bc1-2824-9dae-8912cf70ea88,64,3856368,4428591,4479867,3970550,51276,623499,572223,0,0,0
4480476,a19f304a-af71-a929-fda5-e1d1aa3db493,64,3856390,4460860,4480476,4025668,19616,624086,604470,0,0,0
4496082,273fd952-fe77-d9f9-8533-4baf222b8537,64,3404911,4270897,4496082,3906342,225185,1091171,865986,0,0,0
4497550,da51db69-394f-fcb9-93db-c3a56071b669,64,4055357,4496082,4497550,4058664,1468,442193,440725,0,0,0
4498246,aec13f6e-6a6c-0216-16f3-e1c899249d85,64,4066449,4497550,4498246,4067169,696,431797,431101,0,0,0
4499166,df40ae0a-e1cb-ad85-34f1-7153e3b89773,64,4066285,4498246,4499166,4067398,920,432881,431961,0,0,0
4499738,aee0ba17-9d25-4068-5fca-fb85dc34d926,64,4069448,4499166,4499738,4070019,572,430290,429718,0,0,0
4500342,bc9b944f-c6a3-e5d4-53c9-6c608551e6e8,64,4069448,4499738,4500342,4070083,604,430894,430290,0,0,0
4501407,e9f8e115-2d8a-c2cc-7bb9-bc20eea21c48,64,4069442,4500342,4501407,4070424,1065,431965,430900,0,0,0
4501750,41c7a406-9359-fb5d-9ac7-25209670efb3,64,4069453,4501407,4501750,4070510,343,432297,431954,0,0,0
4502204,b8b75626-b805-f666-716f-f4f50fbfae31,64,4069473,4501750,4502204,4070581,454,432731,432277,0,0,0
4503506,4e1c6d6a-7b82-ff4c-5473-04460a88bdd7,64,4069465,4502204,4503506,4070651,1302,434041,432739,0,0,0
4504159,e3d2549d-769f-3d26-fbb9-c4ee7641f1fb,64,4069455,4503506,4504159,4070744,653,434704,434051,0,0,0
4505114,ae269692-d819-a8d1-445d-ff54427fbc4b,64,4069479,4504159,4505114,4070765,955,435635,434680,0,0,0
4506178,9fd90541-f597-0e00-168d-1defbb926370,64,4069440,4505114,4506178,4070811,1064,436738,435674,0,0,0
4506950,1e2f9c71-b6a0-33e6-3ab5-d8d05ac9c4d4,32,4069481,4506178,4506950,4070898,772,437469,436697,0,0,0
4510365,b97938ac-ead2-2702-0fcc-588e49ec6e32,64,4068606,4506178,4510365,4073406,4187,441759,437572,0,0,0
4513114,a6cbb287-1432-f972-68b2-9ad37867340f,32,4068544,4510365,4513114,4074052,2749,444570,441821,0,0,0
4517489,bab5c54b-5a48-7fd6-2ef0-17e7888546da,64,4093481,4510365,4517477,4100167,7112,423996,416884,0,0,0
4518446,baad0da4-65aa-6c06-5d43-3dc2cb115be6,64,4105815,4517489,4518446,4107868,957,412631,411674,0,0,0
4527761,d5828d59-e1ce-f59e-6f10-2145227b0512,64,4101495,4518446,4527761,4112309,9315,426266,416951,0,0,0
4532865,2a17879a-67a7-9886-5716-6f351a64eed2,64,3856394,4444733,4532865,4010165,88132,676471,588339,0,0,0
4536470,21ce7ad0-73f5-9a4e-767a-004b71d87c8f,64,4098412,4527761,4536470,4116332,8709,438058,429349,0,0,0
4537159,1db60efe-740a-a8ad-4545-448dad2aa94b,64,4112065,4532865,4537159,4117676,4294,425094,420800,0,0,0
4538715,bbfe7e0e-3a22-1851-2928-a048763c714b,64,3856399,4479867,4538715,4039577,58848,682316,623468,0,0,0
4541797,ff33c8fc-187c-de97-038f-e1188cb2214e,64,4119175,4536470,4541797,4124616,5327,422622,417295,0,0,0
4542228,19504cc0-cf96-2bfa-5427-becdece9abc0,64,4144118,4541797,4542228,4144827,431,398110,397679,0,0,0
4543055,8151ef6c-7963-3f34-70c7-556a6576796d,64,4144609,4542228,4543055,4145116,827,398446,397619,0,0,0
4543484,81ec334f-c766-978e-7673-7d1619a1459d,64,4144090,4543055,4543484,4145247,429,399394,398965,0,0,0
4544055,3539bd22-6815-7607-43df-1c142ee066ca,64,4144616,4543484,4544055,4145389,571,399439,398868,0,0,0
4545124,fdcdd45c-53d3-2d79-f632-090ac22664f4,64,4144970,4544055,4545124,4145502,1069,400154,399085,0,0,0
4545790,79a59fec-d5fd-40e9-8102-d8ebb8d7529c,64,4144970,4545124,4545790,4145502,666,400820,400154,0,0,0
4545936,c9886df0-95d0-2dac-cef2-4e8ad1fcbfa4,64,4122312,4538715,4545936,4133907,7221,423624,416403,0,0,0
4546495,abf5c5d8-7582-40a7-b4a7-4d4353067ada,64,4144954,4545936,4546495,4145586,559,401541,400982,0,0,0
4546812,5a6d86ba-1434-faeb-261f-32ead2bcc804,64,4144935,4545790,4546812,4145521,1022,401877,400855,0,0,0
4547074,c6fc40c3-03cc-0a33-5db4-d496a8d89b3d,64,4144925,4546495,4547074,4146143,579,402149,401570,0,0,0
4547192,b4fc8fdd-875d-24cb-5b32-7b4edd44051b,32,4144945,4546495,4547192,4145853,697,402247,401550,0,0,0
4548151,24b0e62f-85ba-2504-3e07-90f18fc23d26,64,4144926,4546812,4548151,4146164,1339,403225,401886,0,0,0
4548264,e093e2cf-162c-f897-a755-54fefcebe192,64,4144938,4547074,4548264,4146224,1190,403326,402136,0,0,0
4549037,8ccf8851-fc94-7bc1-d14f-c8aa9cdd1043,64,4144924,4548151,4549037,4146380,886,404113,403227,0,0,0
4549574,5a878212-7988-16f2-e5d2-3d4112a1720b,64,4144967,4548264,4549574,4146535,1310,404607,403297,0,0,0
4550277,7a134ada-2e51-46bd-d857-0bc325ac7254,64,4122499,4537159,4550277,4129409,13118,427778,414660,0,0,0
4550700,fff44899-89d2-5791-bd8c-182fbf228ef3,64,4147420,4550277,4550700,4148330,423,403280,402857,0,0,0
4550782,9089bcfd-9145-9617-b9c1-f1b288c79c98,64,3962116,4476671,4550782,4031811,74111,588666,514555,0,0,0
4551678,6f3f753b-3fc1-2984-3818-1f7aaf2e1558,64,4147579,4550782,4551678,4148418,896,404099,403203,0,0,0
4552714,3f843c8f-a46f-87b5-8d45-e921e64b5523,64,4147543,4551678,4552714,4148500,1036,405171,404135,0,0,0
4553362,fa98f0cf-42df-3d68-969e-3fde571ceacb,64,4147593,4552714,4553362,4148598,648,405769,405121,0,0,0
4554789,3f4435c3-2fbd-af4f-b9e8-ba00cd59855d,64,4147424,4553362,4554789,4148661,1427,407365,405938,0,0,0
4555312,c84042f9-db66-cc53-3e15-91ee217fc48c,32,4147556,4554789,4555312,4148680,523,407756,407233,0,0,0
4555606,24f3984a-264f-b171-4a0d-08aedb6e82cc,32,4147419,4554789,4555606,4148665,817,408187,407370,0,0,0
4556064,649ad218-a5b5-c511-e7ad-3be20356b6fe,64,4142580,4549037,4556064,4147409,7027,413484,406457,0,0,0
4556293,f039d524-0897-42f0-923d-a9569be2c179,64,4143092,4550700,4556293,4148377,5593,413201,407608,0,0,0
4557261,6a036e2f-5108-4482-bdb7-7a79990501f8,64,4147566,4556064,4557261,4148967,1197,409695,408498,0,0,0
4557406,ccda08bf-5163-2bff-2d47-cb5af7b96b0d,64,4147575,4556293,4557406,4149130,1113,409831,408718,0,0,0
4557488,2abb8747-d88e-6b86-a159-b48192a6dd56,64,4144052,4555312,4557488,4148761,2176,413436,411260,0,0,0
4557771,ebbc9e9a-f786-7063-8c69-d4b8ba045dfb,64,4147592,4557261,4557771,4149135,510,410179,409669,0,0,0
4569348,fc16f82a-b682-4487-ef45-88c3277747dc,64,4143097,4557406,4569348,4149257,11942,426251,414309,0,0,0
4569909,1f8452fb-6c26-5326-0dc6-d899ee209e85,64,4126071,4549574,4569909,4147935,20335,443838,423503,0,0,0
4570063,f505b662-5937-0710-2829-1eebe614a0d9,64,4150188,4569348,4570063,4150783,715,419875,419160,0,0,0
4570194,8e1483d2-2f99-88ae-736c-1a10e4bc9bef,64,4127063,4557771,4570194,4150676,12423,443131,430708,0,0,0
4571027,426cd241-261e-5c4d-d868-7bc07de7ca5a,64,4150215,4569909,4571027,4150914,1118,420812,419694,0,0,0
4571569,2f2a2499-2da2-79cb-c4a3-68646ceb9d92,64,4150190,4570194,4571569,4151371,1375,421379,420004,0,0,0
4571670,52a6d515-b3d2-510c-6b2e-95702767333c,64,3972433,4466262,4571670,4031744,105408,599237,493829,0,0,0
4572293,018af2d2-427c-3d5f-3c3d-bcd8c7050c5b,64,4150351,4571670,4572293,4151723,623,421942,421319,0,0,0
4572998,7f258778-8140-3ce5-c2e8-118f9ca3d9d1,64,4143078,4557488,4572998,4150336,15510,429920,414410,0,0,0
4573058,625ac0d9-fce3-5a66-a23c-ff90968c5275,64,4150354,4571569,4573007,4151493,1438,422653,421215,0,0,0
4573230,aac782ac-dce2-ab06-7a15-422e3cc7edc8,64,4150431,4572293,4573230,4151755,937,422799,421862,0,0,0
4574273,70e39ecb-77ec-1430-6885-ca4740ee7a6e,64,4150416,4573058,4574273,4151979,1215,423857,422642,0,0,0
4574361,f20d3aea-a998-a3ee-22a1-12b53a880cec,64,4150362,4572998,4574361,4151868,1363,423999,422636,0,0,0
4578998,f0c46591-b2d9-95fa-449e-e02aeea28810,64,4143095,4570063,4578998,4150962,8935,435903,426968,0,0,0
4581084,2aed0848-639a-851f-57e5-d468f1ed1e4a,32,4143080,4574273,4581084,4153056,6811,438004,431193,0,0,0
4583410,312dd27a-87c8-9c01-86fc-96c7bc38bf24,64,4143101,4573230,4583410,4152120,10180,440309,430129,0,0,0
4585329,2d6446d8-94d3-a310-9489-133ccf40ee1a,64,4143081,4578998,4585329,4154853,6331,442248,435917,0,0,0
4586712,61650f34-465f-d96b-73b6-b1439d96d6dd,64,4143096,4574361,4586712,4154534,12351,443616,431265,0,0,0
4587131,18f1101e-8450-6864-035c-6c488b5c0140,64,4143098,4574273,4587131,4153181,12858,444033,431175,0,0,0
4587343,0d97bade-647a-96e9-1a2d-0d7abac432f8,64,4143103,4571027,4587343,4151450,16316,444240,427924,0,0,0
4591681,b4d70339-1424-bcfc-13da-35053daaae57,64,4146768,4583410,4591681,4155415,8271,444913,436642,0,0,0
4594275,929d778e-9fde-2d5f-c441-c3db6bb57af7,64,4143107,4587343,4594275,4156573,6932,451168,444236,0,0,0
4595542,131ad6fa-c8b8-0c6c-2f54-2dc69a24beb8,64,4143083,4586712,4595542,4156247,8830,452459,443629,0,0,0
4598968,c8880b2c-651e-bbd2-e99e-9370ede40cf0,64,4143088,4591681,4598968,4156893,7287,455880,448593,0,0,0
4599028,e39f95a1-61a9-529d-edc2-735db26dfebe,64,4143101,4585329,4599018,4156101,13689,455917,442228,0,0,0
4599423,03d2a7ca-3775-33ab-d447-6a01ec67f7b7,64,4158659,4599028,4599423,4159455,395,440764,440369,0,0,0
4604182,c91463ac-af4a-bf31-49df-f7488a8b0677,64,4143088,4587131,4604182,4156252,17051,461094,444043,0,0,0
4607492,7d82e0de-e3cc-1771-c66e-f0cdd2ea243c,64,4148324,4599423,4607492,4159711,8069,459168,451099,0,0,0
4609153,46997fc2-7de5-0d45-cb00-ebbfaf0545d3,64,4143087,4595542,4609153,4158626,13611,466066,452455,0,0,0
4613525,041aabfd-b894-9e59-a4da-b893e19896da,64,4143108,4598968,4613525,4159230,14557,470417,455860,0,0,0
4614362,b4c754f0-0f44-5302-2e25-acf434cc4768,64,4143093,4594275,4614362,4157346,20087,471269,451182,0,0,0
4619287,dfb44eef-7038-6338-4c2d-189b2422262e,64,4143106,4604182,4619287,4160993,15105,476181,461076,0,0,0
4621283,46a1c19b-d238-b804-8a8c-e2d7bdeb7527,64,4143096,4607492,4621283,4161052,13791,478187,464396,0,0,0
4622571,c2045288-3bde-8b66-701c-3f0c9b43324c,64,4143080,4609153,4622571,4161801,13418,479491,466073,0,0,0
4626823,e62c54bb-ff01-1f14-d97b-d00e34757171,64,4143109,4614362,4626823,4162865,12461,483714,471253,0,0,0
4630472,4927db4a-4a12-d0d4-cda4-2f8510995969,64,3763178,4480476,4630472,4047653,149996,867294,717298,0,0,0
4632609,9077f90f-58c9-2bb8-06d2-af43899348fc,32,4143082,4621283,4632609,4164712,11326,489527,478201,0,0,0
4633632,6b35a9b9-0bfc-8c45-8a43-aa23426ea2f9,64,4143089,4619287,4633632,4163756,14345,490543,476198,0,0,0
4636454,1006e0eb-63a8-4422-e29e-ae63e8475ebd,64,4143111,4626823,4636454,4165545,9631,493343,483712,0,0,0
4637159,48ae4aba-19b1-cec8-ae97-38692ea151aa,64,4170656,4636454,4637159,4171258,705,466503,465798,0,0,0
4638272,11f0a923-22b2-e0bd-b8b0-67436a02c1e2,64,4143096,4621283,4638272,4165462,16989,495176,478187,0,0,0
4640297,8ad634a7-f6a6-4d7f-a190-28e4e21e2ae4,64,4143098,4613525,4640297,4162824,26772,497199,470427,0,0,0
4642934,13abd39b-b92e-2cab-08e5-dd93dad50f42,64,4143086,4630472,4642934,4167439,12462,499848,487386,0,0,0
4649956,03e6551e-11da-be5e-1862-3b8cdb23915e,64,4143079,4622571,4649956,4165483,27385,506877,479492,0,0,0
4658360,408b1ac0-1f0e-b3aa-1709-0396ffd04fa6,64,4177410,4649956,4658360,4181558,8404,480950,472546,0,0,0
4659592,e31896d5-7216-006c-31ab-2c49ec817e3e,64,4188623,4658360,4659592,4189272,1232,470969,469737,0,0,0
4660203,80dac46f-2171-ce00-c261-c03dc6df62a7,64,4143080,4637159,4660167,4172703,23008,517087,494079,0,0,0
4661433,03711d3f-c9be-5dce-02ee-09bf9811cd8b,64,4143083,4640297,4661433,4178371,21136,518350,497214,0,0,0
4665466,d142a871-05b2-622f-3603-768daa7694d9,64,4143105,4638272,4665466,4172958,27194,522361,495167,0,0,0
4666837,77b299e6-22cd-2c19-e7a3-3be5532394aa,64,4188454,4660203,4666837,4196021,6634,478383,471749,0,0,0
4666919,7dd7e170-e0d0-807c-179e-e93ba3999919,64,4199760,4665466,4666919,4200506,1453,467159,465706,0,0,0
4672989,f70f8b81-4f83-90da-19a4-8e556cf1bb98,64,4143105,4642934,4672989,4179197,30055,529884,499829,0,0,0
4673901,33eadf2f-e4cd-46e1-2139-298b2795bf89,64,4201323,4672989,4673901,4202194,912,472578,471666,0,0,0
4674936,d3dd8cf8-53a7-0e7d-1b86-9a7274242892,64,4190333,4666837,4674936,4200602,8099,484603,476504,0,0,0
4681030,d771b446-7ac5-3288-4053-f74e3f003f8a,64,4143102,4633632,4681030,4167630,47398,537928,490530,0,0,0
4682172,80ff8beb-631e-b726-c364-9c91faca60d4,64,4199712,4674936,4682172,4210410,7236,482460,475224,0,0,0
4682908,e37fb2dd-2f8a-d8e5-c6bc-b0d00415052c,64,4209937,4682172,4682907,4211622,735,472970,472235,0,0,0
4683819,b3cbc1c4-4cdf-2ab5-94a0-f4355b3d7f2a,32,4209938,4682908,4683819,4211634,911,473881,472970,0,0,0
4684793,20bf262b-4f4c-9fe8-2cc1-8e4d83992e41,64,4209939,4682908,4684738,4211702,1830,474799,472969,0,0,0
4685153,c5c19ddb-917f-8389-e146-02b4eac2e8ad,64,4143088,4661433,4685153,4196144,23720,542065,518345,0,0,0
4685774,c51e21bd-b4d2-b229-23a7-cc57cf63961d,32,4209938,4684793,4685774,4211992,981,475836,474855,0,0,0
4689469,ab16b1fd-14ca-728c-1336-eb2833ba1e1b,64,4212197,4685153,4689469,4215459,4316,477272,472956,0,0,0
4694016,0f6924f3-2f53-2a9f-ce0a-e1dd5b95ae5e,64,4212197,4689469,4694016,4215961,4547,481819,477272,0,0,0
4696743,094d4b8a-67ee-87f2-7433-005aa5b33e2e,64,4199749,4684793,4696743,4213432,11950,496994,485044,0,0,0
4698361,ff36fe7f-c1ab-5f4c-23a8-bfbe96289af2,64,4212196,4694016,4698361,4217229,4345,486165,481820,0,0,0
4699782,73b171e5-cc56-4dff-c314-d41cf699734e,64,4217801,4696743,4699746,4221059,3003,481945,478942,0,0,0
4700188,2e8498c6-7c74-eb6a-78b6-a2933d6f9aaf,32,4212199,4696743,4700188,4217621,3445,487989,484544,0,0,0
4703012,57a9b67f-e35f-41db-0a12-0876c74de5e3,64,4217801,4698361,4703012,4223330,4651,485211,480560,0,0,0
4703546,b31083a0-5215-65ee-c65b-c093f90047bb,64,4191975,4673901,4703546,4207336,29645,511571,481926,0,0,0
4703922,12e63e97-178f-1dd7-44c7-b9766c0d8d97,64,4217803,4700188,4703922,4225441,3734,486119,482385,0,0,0
4706595,72b91684-e6d4-f65e-3401-9a9a90fcc940,64,4217801,4703012,4706595,4225595,3583,488794,485211,0,0,0
4710530,3db8014a-8dc5-d246-a85d-938be64f8ec0,32,4210929,4699782,4710530,4225043,10748,499601,488853,0,0,0
4717357,352d855e-95cf-bd81-6c47-016cecb359bf,64,4218843,4703546,4717357,4225769,13811,498514,484703,0,0,0
4718131,2bd346cb-e1ad-d4fa-6974-eaeebdb1d20f,64,4218840,4703922,4718131,4226577,14209,499291,485082,0,0,0
4719093,7bdeb381-f4fc-b6bc-012d-b1c403c3c30d,64,4219618,4706595,4719093,4226956,12498,499475,486977,0,0,0
4729504,7f527025-b3ed-3b04-a307-840278e6e25e,64,4218850,4717357,4729504,4227293,12147,510654,498507,0,0,0
4729564,c881464b-c358-5cfb-c75f-a0cf4974e1b7,64,4218867,4719093,4729525,4227497,10432,510658,500226,0,0,0
4733509,84203c0c-51f3-23e6-2126-180ad586cc32,64,4143091,4681030,4733509,4211036,52479,590418,537939,0,0,0
4734098,52105009-b207-75f2-8e07-b7b4a7905401,64,4218840,4718131,4734068,4227296,15937,515228,499291,0,0,0
4743087,2c5e405e-34cf-6b7f-3f4c-d64f3142feb2,64,4218866,4729504,4743087,4227570,13583,524221,510638,0,0,0
4743615,f53d488d-e994-4cd2-9ab9-5b799f76385e,64,4218840,4729564,4743615,4227822,14051,524775,510724,0,0,0
4744278,085e9e90-f12f-f03e-923b-6567dcdc614f,64,4218853,4733509,4744278,4228043,10769,525425,514656,0,0,0
4746729,b0385cd1-fb86-71c1-58be-6c14b2675285,64,4209789,4734098,4746729,4228455,12631,536940,524309,0,0,0
4752195,3878a369-b2f3-bc00-5092-74705a5e6d18,64,4218851,4743615,4752169,4229901,8554,533318,524764,0,0,0
4754009,ee550e96-037c-9932-e5b3-2f0bc91ca763,64,4218844,4746729,4754009,4231824,7280,535165,527885,0,0,0
4756209,ce908ee8-f657-a9b2-61de-ebef80b6d44f,64,4218855,4744278,4756209,4229953,11931,537354,525423,0,0,0
4756719,632cd092-5b80-f397-f347-e18df7dea35a,64,4218868,4743087,4756719,4228823,13632,537851,524219,0,0,0
4756793,378a91e6-882a-6ff5-40c0-63fc9c9a9d7d,64,4229398,4754009,4756793,4232642,2784,527395,524611,0,0,0
4764267,d91e7e1a-6e48-0e95-e228-23f82a46cb32,64,4229397,4756793,4764267,4233289,7474,534870,527396,0,0,0
4771071,cc02ae53-5cad-f1a9-40d2-e1bee0ef3416,64,4218862,4756209,4771071,4232748,14862,552209,537347,0,0,0
4771625,ddef6430-845f-6d5d-2c22-919cfbc07564,64,4218847,4764267,4771625,4233481,7358,552778,545420,0,0,0
4773138,fd481505-b8f0-9270-567f-d2e9c2f18bfc,64,4218839,4752195,4773138,4232192,20943,554299,533356,0,0,0
4775002,fd780916-aa84-6060-070d-eea0bb09e763,64,4218852,4756719,4775002,4233089,18283,556150,537867,0,0,0
4785248,84e69ef9-a629-ebb2-5352-e5785e13ab9c,64,4218846,4771071,4785248,4233491,14177,566402,552225,0,0,0
4785595,0cc664cb-132a-c1fa-9d51-65083b4a17cd,64,4218849,4771625,4785595,4233595,13970,566746,552776,0,0,0
4786965,019db91e-3c7f-1fd1-d3e2-63471ac33967,64,4218856,4775002,4786936,4234081,11934,568080,556146,0,0,0
4787609,6839ff36-079d-02d4-715a-27c5b9296f54,64,4218846,4773138,4787609,4233819,14471,568763,554292,0,0,0
4792003,c1fcdfc3-21b2-caa6-d5bc-cd83bb853c91,64,4229396,4786965,4792003,4234604,5038,562607,557569,0,0,0
4794594,86403806-a366-6154-7136-e9e57f71a837,64,4229396,4787609,4794594,4235105,6985,565198,558213,0,0,0
4795383,b5836d91-4eb1-3673-38ae-1b31becde24c,64,4229397,4785248,4795383,4234164,10135,565986,555851,0,0,0
4796623,626cd59a-ec3e-83c3-7961-3250d3752185,64,4219619,4785595,4796623,4234399,11028,577004,565976,0,0,0
4796939,3495aef4-fa2b-c70f-5b1c-1cd74dc0c04c,32,4219618,4787609,4796939,4235048,9330,577321,567991,0,0,0
4801499,0f34bd08-8e10-a3c7-0b4b-af231c4dacfd,64,4231106,4794594,4801499,4235651,6905,570393,563488,0,0,0
4802184,3a96c7f5-18e0-0183-c6bf-b986045fea04,64,4229397,4796623,4802184,4237273,5561,572787,567226,0,0,0
4802364,33c25e62-7960-e810-fa37-298924290112,64,4236341,4801499,4802364,4237302,865,566023,565158,0,0,0
4803891,b92d933d-a10f-f3db-c169-9add6c286e65,64,4236342,4802364,4803891,4237604,1527,567549,566022,0,0,0
4805959,e2f7da51-4c40-a716-bcf8-fa8f71c01cb1,64,4236341,4803891,4805932,4237821,2041,569591,567550,0,0,0
4806115,37309e25-f10c-b4f0-285d-9795b9138441,64,4218843,4792003,4806115,4235499,14112,587272,573160,0,0,0
4809340,1192a38f-6d5e-020f-a08c-afbfecdbe3c7,64,4236343,4805959,4809340,4238103,3381,572997,569616,0,0,0
4809552,63754082-420d-2799-fffe-5b8b7ae32c9a,64,4218854,4795383,4809552,4236314,14169,590698,576529,0,0,0
4815995,6d2616e2-2a3b-b73f-12fe-55f53732d5fe,64,4219618,4802184,4815995,4237369,13811,596377,582566,0,0,0
4817524,706370c4-971f-0676-7697-67b732dba13d,64,4232003,4809552,4817524,4238267,7972,585521,577549,0,0,0
4818937,824fdf53-d98a-1a6f-4f8c-d57dc5ecd23e,64,4218852,4806115,4818937,4238201,12822,600085,587263,0,0,0
4819117,f605070b-ea73-2391-5840-f42533decf96,64,4236341,4815995,4819117,4238356,3122,582776,579654,0,0,0
4820137,22897671-7234-9df0-45f0-3f1ccd4a3c8e,64,4236344,4817524,4820137,4238396,2613,583793,581180,0,0,0
4821889,22f50db1-6563-c7d9-d04a-3a7335bc040f,64,4236341,4819117,4821889,4239304,2772,585548,582776,0,0,0
4822325,5a8d9931-5ebb-3417-7523-8331243711ee,64,4236343,4820137,4822325,4239319,2188,585982,583794,0,0,0
4822402,d5b4c4a4-f9d7-b9ad-7850-b7b19d95f5c5,64,4229397,4818937,4822402,4238970,3465,593005,589540,0,0,0
4825680,66383fa3-dec6-7e8f-f21b-76e3482202f9,64,4236341,4821889,4825680,4240068,3791,589339,585548,0,0,0
4828101,46230245-dd7c-b15a-aeb2-51526002ed7b,64,4054261,4666919,4828101,4201651,161182,773840,612658,0,0,0
4828539,e282338d-27ae-500a-c6c2-e2be83b5c73d,32,4241664,4828101,4828539,4242654,438,586875,586437,0,0,0
4829841,0f90bfaa-b44d-4088-57bc-6e8af9653f72,64,4229397,4822325,4829841,4240835,7516,600444,592928,0,0,0
4831448,d75ca92d-a65a-158b-7455-008bb28fa46c,32,4218840,4821889,4831448,4239932,9559,612608,603049,0,0,0
4833903,966925ed-9c0e-2e5e-0d7b-03695769993c,64,4241148,4828539,4833903,4250973,5364,592755,587391,0,0,0
4834533,0caaf782-dae5-108b-7454-83ed12ed553c,64,4234280,4825680,4834533,4242389,8853,600253,591400,0,0,0
4836108,c0c86a82-b2b1-1b81-a438-0f8a8ffd43cf,64,4234281,4822402,4836108,4241370,13706,601827,588121,0,0,0
4844067,f1db228c-b4a7-ea99-d572-d4083e11bb31,64,4241139,4829841,4844067,4250995,14226,602928,588702,0,0,0
4845871,8e5e71c5-94eb-ae5d-bc16-5b0e3b17b288,64,4234280,4833903,4845871,4252878,11968,611591,599623,0,0,0
4848319,c6d93097-4d0e-2acd-1dc8-b74ad10b41c1,64,4234280,4834533,4848312,4253346,13779,614032,600253,0,0,0
4848822,44de3376-8a53-3a16-4752-7e223aff81d1,32,4276354,4848319,4848822,4277647,503,572468,571965,0,0,0
4850150,895c186b-3a77-2b80-27b8-f1780ef6465e,32,4277362,4848822,4850150,4278973,1328,572788,571460,0,0,0
4850389,f7b8a5e4-80a5-fe0d-0016-7fac2003c81e,64,4241146,4836108,4850389,4256520,14281,609243,594962,0,0,0
4850914,d550f98f-1cb4-e0cf-4bb9-536fbb74a62b,64,4277361,4850150,4850914,4279145,764,573553,572789,0,0,0
4851045,fc3b8f4d-fe42-db8f-4e5a-ef220f988297,64,4277362,4850389,4851045,4279273,656,573683,573027,0,0,0
4853135,52335cad-3905-7fc0-6151-f6edb2297aff,32,4241143,4844067,4853135,4259322,9068,611992,602924,0,0,0
4854510,5da55873-5e85-f364-6426-f2e5b5eae220,64,4279142,4851045,4854510,4283656,3465,575368,571903,0,0,0
4857657,53ae0bce-0ccc-f432-6913-ed3b7f5c62cc,64,4279142,4854510,4857657,4284772,3147,578515,575368,0,0,0
4857854,2b72895b-03c5-607e-080e-ee5e8020da65,64,4241148,4845871,4857854,4260161,11983,616706,604723,0,0,0
4858030,b1d8ea69-8eb7-cd02-abf7-c0281f978761,64,4274615,4850914,4858030,4281666,7116,583415,576299,0,0,0
4859129,a9c55ff9-9dd0-db9c-6c14-52b48bc1163c,64,4241142,4844067,4859129,4260028,15062,617987,602925,0,0,0
4863437,818b0652-7974-8626-8352-a5d609954fc3,64,4279140,4857854,4863437,4284988,5583,584297,578714,0,0,0
4869129,e2888ddb-892e-2973-cd65-be9a9b4d6f3e,64,4279144,4857657,4869129,4284958,11472,589985,578513,0,0,0
4874670,4b2ca54d-5343-5238-1694-c02c4ebd9823,64,4274811,4859129,4874670,4287776,15541,599859,584318,0,0,0
4876888,8776b75f-ecef-93a2-be19-b37aa966544f,64,4274816,4863437,4876888,4287865,13451,602072,588621,0,0,0
4879119,6c74eed4-4578-f4e6-332b-ad052c682589,64,4279149,4874670,4879119,4289035,4449,599970,595521,0,0,0
4883187,6d473b55-db1c-71cb-7002-983102bda3a7,64,4273117,4869129,4883187,4288475,14058,610070,596012,0,0,0
4883837,0d86ff36-f35d-164d-466d-8ac168f65558,32,4289466,4883187,4883837,4290082,650,594371,593721,0,0,0
4887479,02f38593-5fcf-960e-b71f-e000884831ce,64,4274850,4876888,4887479,4289486,10591,612629,602038,0,0,0
4894989,4d40e14f-0afc-32bc-0299-e3553e933783,32,4274814,4879119,4894989,4289633,15870,620175,604305,0,0,0
4902771,6fd2b471-64c4-8c04-e3bf-37c26ffe5a67,64,4274854,4887479,4902771,4293317,15292,627917,612625,0,0,0
4908518,c6e9c9c4-df46-6896-cdbc-3b08abc9fbb3,64,4292015,4902771,4908518,4295013,5747,616503,610756,0,0,0
4910153,ee125271-ef2b-03e0-0e5b-f3282b7a523e,64,4274815,4883837,4910153,4291190,26316,635338,609022,0,0,0
4914678,284baa23-350e-0c9a-1d95-505626db89dc,64,4068648,4809340,4914678,4238236,105338,846030,740692,0,0,0
4917195,18161864-515b-045a-028a-f9a75ac8c08c,64,4258665,4858030,4917195,4286369,59165,658530,599365,0,0,0
4919017,23451386-ebaf-c098-26f7-12cc81ca7732,64,4274811,4910153,4919017,4295583,8864,644206,635342,0,0,0
4923341,a8eb963a-2888-ead9-97d4-d81b92326c46,64,4258672,4879119,4923341,4289864,44222,664669,620447,0,0,0
4926729,62e5b19a-0ccf-d7fb-4382-79e7ecf8022f,64,4274835,4914678,4926720,4297220,12042,651885,639843,0,0,0
4932092,0784781d-2006-1fdb-16ee-251359d12415,64,4274853,4923341,4932092,4299113,8751,657239,648488,0,0,0
4947198,c0b15ca3-89ae-67cb-9893-e27dd5204b48,64,4274833,4908518,4947198,4295475,38680,672365,633685,0,0,0
4948566,285e9704-3fca-1417-1989-cdb9450513d0,32,4306220,4947198,4948566,4307071,1368,642346,640978,0,0,0
4948841,ed6b9872-dc2b-1537-8082-efd478b2a65d,32,4258659,4914678,4948841,4295931,34163,690182,656019,0,0,0
4949414,32803153-382e-80e8-059f-99d73acf0cbf,64,4306257,4948566,4949414,4307944,848,643157,642309,0,0,0
4950567,06cd3e3b-d202-6202-356d-98962f50f0fb,64,4308083,4949414,4950567,4309137,1153,642484,641331,0,0,0
4950984,478cd79d-0856-cc4b-9ea4-6e7d3cfa73f8,64,3516808,4447645,4950984,4011835,503339,1434176,930837,0,0,0
4952027,394b5576-f887-6d7d-bb28-b3b18212f5df,64,4308056,4950567,4952027,4309168,1460,643971,642511,0,0,0
4954644,695db06d-3151-bb94-f88f-7584a31dcd15,64,4274827,4932092,4954644,4303831,22552,679817,657265,0,0,0
4956228,87a6c63c-65a1-ee9c-3b39-b8aa39d0eb01,64,4274822,4917195,4956228,4298327,39033,681406,642373,0,0,0
4957221,61b862b2-181d-40f9-b0d3-ce6fb437e204,32,4314764,4956228,4957221,4315859,993,642457,641464,0,0,0
4963673,2b2fedc6-e1d8-2cb7-0a8a-88d92ec8d7c7,64,4256245,4919017,4963673,4298940,44656,707428,662772,0,0,0
4966943,1d522106-71e6-1fd1-e846-d6880047eacb,32,4316971,4963673,4966943,4318832,3270,649972,646702,0,0,0
4969182,ff62499a-f2ae-7fce-877a-71fc9d9fbeb3,32,4316985,4966943,4969182,4318917,2239,652197,649958,0,0,0
4971143,0a6368f2-e413-a4d3-e083-ebb5c0cdf96d,32,4316981,4969182,4971143,4318938,1961,654162,652201,0,0,0
4971947,e9052c4b-2c4c-7385-e74c-87ebf10a373d,64,4274845,4926729,4971947,4302361,45218,697102,651884,0,0,0
4972854,bca88911-97ea-502c-2bc6-206b16754427,32,4317647,4971947,4972854,4319118,907,655207,654300,0,0,0
4973663,db0f1685-93dd-ee65-ca12-f3d93e98f09d,32,4320095,4972854,4973663,4320628,809,653568,652759,0,0,0
4974308,33e1f2af-32cc-ea25-31fd-1e5ef86561ef,32,4320910,4973663,4974308,4321506,645,653398,652753,0,0,0
4977463,bef0e0f1-1791-de3c-cc75-70cc8e32ebbf,32,4274825,4952027,4977463,4313679,25436,702638,677202,0,0,0
4980787,773fbb30-107d-4224-493a-55d2e3a71aee,64,4314793,4974308,4980787,4322937,6479,665994,659515,0,0,0
4981570,5492112f-259d-537f-3f8a-16b8919a5591,64,4323511,4980787,4981570,4324220,783,658059,657276,0,0,0
4984101,6e96f611-e00c-04a3-3826-ad580e98686d,64,4274819,4957221,4984101,4317819,26880,709282,682402,0,0,0
4984472,9012d2f8-c3dc-13a9-5f42-feab979f5b27,64,4324061,4984101,4984472,4324632,371,660411,660040,0,0,0
4985447,4258828b-a23e-189b-4367-70b21a3a1233,64,4323530,4984472,4985447,4325034,975,661917,660942,0,0,0
4988291,6b2fa6bc-00b6-cb48-d0e9-9af04d257207,64,4272470,4954644,4988291,4314063,33647,715821,682174,0,0,0
4988479,2a67f030-87b5-3b85-5673-51cb39347843,64,4316982,4981570,4988479,4324623,6909,671497,664588,0,0,0
4990803,00bd2562-205c-ffb1-817b-f3cec78d7642,64,4274813,4950984,4990803,4310383,39819,715990,676171,0,0,0
4991095,c65f72e4-7d8b-8291-7b2a-cbee405620d4,64,4336908,4990803,4991095,4337410,292,654187,653895,0,0,0
4992057,2f63a62d-03d0-ac19-1df1-f0f5d0f36c28,64,4336898,4991095,4992057,4337458,962,655159,654197,0,0,0
4992684,5dbe0139-c895-78d9-8907-19db252a95db,32,4336900,4992057,4992684,4337552,627,655784,655157,0,0,0
4994088,dff4cc91-3164-6c14-f1a0-051f0acae683,32,4336439,4992684,4994088,4337680,1404,657649,656245,0,0,0
4994528,611e5684-76af-13c0-36c1-c052207ca173,32,4336943,4994088,4994528,4337685,440,657585,657145,0,0,0
4995040,31bf8a3c-5ae5-7068-d2ed-9291c3da1521,32,4336938,4994528,4995040,4337752,512,658102,657590,0,0,0
4996379,55ba1dfe-a30e-1e97-9406-1f23c91f8d86,32,4336465,4995040,4996379,4337753,1339,659914,658575,0,0,0
4997364,afef2e1c-f34b-83b9-9818-2703fc800953,32,4336485,4996379,4997364,4337817,985,660879,659894,0,0,0
4997941,d7aae31f-6afd-7346-ecc6-9033296e44d5,64,4274834,4971143,4997941,4319050,26798,723107,696309,0,0,0
4998257,c016215d-3807-ef3a-1cd4-aa85613c826a,64,4336900,4997364,4998257,4337834,893,661357,660464,0,0,0
4998877,1f4db543-f58b-42eb-db03-89976cab2214,64,4336943,4997941,4998877,4337939,936,661934,660998,0,0,0
5000374,f8642165-298a-7a60-2fac-4e8cf6c94743,64,4336461,4998257,5000374,4337985,2117,663913,661796,0,0,0
5000872,128e92ad-6b70-7ef6-fe62-314e22e142fc,32,4336900,5000374,5000872,4338043,498,663972,663474,0,0,0
5000973,8e687e83-0023-b3a5-38b0-42dac52a0570,64,4336524,4998877,5000973,4338036,2096,664449,662353,0,0,0
5001386,d46a1235-80c7-50d4-8b9a-0113b81c9d0b,64,4336979,5000872,5001386,4338090,514,664407,663893,0,0,0
5001769,6acac286-8b1e-e01c-6f79-029edea6a37e,64,4336967,5000973,5001769,4338122,796,664802,664006,0,0,0
5002590,ef3dc5a8-9295-8d18-ec7c-44a8e6c9e05e,64,4336443,5001386,5002590,4338199,1204,666147,664943,0,0,0
5003122,cc6c7745-06a7-bafd-0327-aec2f737e8bc,64,4336509,5001769,5003122,4338274,1353,666613,665260,0,0,0
5004033,f1587598-9e15-3705-df63-2d7a5ba3d1da,64,4336495,5002590,5004033,4338463,1443,667538,666095,0,0,0
5004319,ef145b36-06b6-3727-2fcf-9246a81f3e5b,64,3763286,4659592,5004319,4189910,344727,1241033,896306,0,0,0
5004395,6932317a-876e-f409-b106-3540067b0c70,64,4336498,5003122,5004395,4338481,1273,667897,666624,0,0,0
5005209,a564ee98-fc3e-9ed1-1cdb-d909f9cd1b18,64,4336421,5004033,5005209,4338516,1176,668788,667612,0,0,0
5006703,a484be3e-2191-990c-3c86-1a6af55db8b9,64,4336426,5004319,5006703,4338573,2384,670277,667893,0,0,0
5006763,23065b37-1c75-725e-dd3e-0153ea15bb14,64,4336452,5005209,5006742,4338908,1533,670290,668757,0,0,0
5006881,374e3e12-ebed-65d4-04f2-99efc26cd636,64,4336524,5004395,5006881,4338796,2486,670357,667871,0,0,0
5008339,240ed1db-0c3b-add8-52b1-9d01942caa0c,32,4336502,5006763,5008339,4338970,1576,671837,670261,0,0,0
5008720,ac5a61d3-94fc-2275-d4e8-45bcbdfe7f18,64,4248075,4952027,5008720,4314045,56693,760645,703952,0,0,0
5009163,93188472-9fa6-f3ea-db65-e8d62660f73f,64,4336490,5006881,5009163,4339153,2282,672673,670391,0,0,0
5009501,ef6739d2-6c82-3a41-30d5-69ed4684ac73,64,4336446,5006703,5009501,4338937,2798,673055,670257,0,0,0
5011223,2ed1027f-dcbd-6ef5-ef8b-07d099c8cca7,64,4336508,5008720,5011223,4339454,2503,674715,672212,0,0,0
5011283,87eb0127-c979-ff8f-cb8a-051ab27913d5,64,4336530,5008339,5011273,4339250,2934,674743,671809,0,0,0
5011343,9c4cc0fd-fee4-4434-1d2b-11d0e976d79f,64,4336445,5009501,5011303,4339520,1802,674858,673056,0,0,0
5013008,47eebcf2-6664-b678-5203-d212098aa62c,64,4336453,5011223,5013008,4340391,1785,676555,674770,0,0,0
5014487,3adbd2b2-943a-1af1-c146-3a0a8763edcb,32,4340941,5013008,5014487,4342341,1479,673546,672067,0,0,0
5016368,20b2a35f-64f6-82b5-3fc7-6ec5bdb3a39d,32,4340941,5014487,5016368,4342520,1881,675427,673546,0,0,0
5022115,cfab07f4-0022-994c-cdad-77367a272eb3,32,4274810,4992057,5022115,4337500,30058,747305,717247,0,0,0
5029942,f365185d-eafb-7b2c-b77c-32c24556a328,64,4274859,4988291,5029942,4330310,41651,755083,713432,0,0,0
5031686,252b473a-d2cd-b683-4c56-4c15e507b981,64,4322636,5009163,5031686,4339489,22523,709050,686527,0,0,0
5035113,32fc5015-b2c4-606b-8381-023f292faba1,64,4340896,5031686,5035113,4343359,3427,694217,690790,0,0,0
5036078,73eb0a4e-0e4b-4dbf-cf41-80b1b7e8b0a4,64,4274854,4988479,5036078,4330905,47599,761224,713625,0,0,0
5036226,986abdfa-800c-8efb-7943-bf07bc9b5872,64,4340956,5035113,5036226,4343395,1113,695270,694157,0,0,0
5038006,d6dcb81a-824b-debb-d644-2ee9c448ebc5,64,4340827,5036078,5038006,4343453,1928,697179,695251,0,0,0
5039375,d0f95340-720d-576f-0d96-30be5580885a,64,4341025,5036226,5039375,4343565,3149,698350,695201,0,0,0
5040000,90ccd1e5-8027-39e5-4da5-98e482a06460,64,4343643,5039375,5040000,4344100,625,696357,695732,0,0,0
5040170,88143a11-7b0e-2102-a6ff-ab6dc133ef02,64,4341032,5038006,5040170,4343680,2164,699138,696974,0,0,0
5040471,6dbd4921-653f-4313-ef82-fab37e0c5286,64,4343653,5040000,5040471,4344132,471,696818,696347,0,0,0
5040603,0c5f606f-8b5c-59ef-1faf-f7a0c991484d,64,4343608,5040170,5040603,4344188,433,696995,696562,0,0,0
5041311,ff3d782f-4cdd-aaf2-d57a-d46184255121,64,4343567,5040471,5041311,4344228,840,697744,696904,0,0,0
5041485,b4666d99-46d5-d341-ed50-a84e71bfd71b,64,4343585,5040603,5041485,4344248,882,697900,697018,0,0,0
5042238,8c38c18b-02de-4556-1f27-e8b562e03868,32,4343608,5041485,5042238,4344277,753,698630,697877,0,0,0
5042411,ab86fc70-a89c-0d28-ce08-215adbe6fc7f,64,4343621,5041311,5042411,4344257,1100,698790,697690,0,0,0
5043109,b443cda3-4b80-a8c6-ce31-66c3541acd27,64,4343567,5042238,5043109,4344279,871,699542,698671,0,0,0
5043446,731baedd-6b25-e1e9-fa78-14729c4973a4,32,4340834,5041485,5043446,4344268,1961,702612,700651,0,0,0
5043952,662b7ae4-c2aa-be0c-2f74-10dd57790735,64,4340813,5042411,5043952,4344630,1541,703139,701598,0,0,0
5044119,2bfad69a-8a9e-d16f-bd23-21add45ce2cf,64,4258669,4985447,5044119,4327379,58672,785450,726778,0,0,0
5044259,7ea19c4a-769b-c641-f84c-0ee5a2206dd1,64,4343583,5043952,5044259,4344657,307,700676,700369,0,0,0
5044873,350c559f-09ea-3c35-1f65-206e83a17fac,64,4340829,5043109,5044873,4344637,1764,704044,702280,0,0,0
5045088,00adad8f-cc5e-c79b-67fc-50e01e7e0e2d,64,4343566,5044119,5045088,4344775,969,701522,700553,0,0,0
5045832,8ab171e0-e657-1d38-4793-acb12afcc87e,64,4343889,5044259,5045832,4345191,1573,701943,700370,0,0,0
5046404,54f51900-dc2c-e1c4-3af3-1608b0ead4df,64,4344040,5044873,5046404,4345224,1531,702364,700833,0,0,0
5047278,698f3072-05ba-b8a1-973f-7fd5dca9b10a,64,4343886,5045832,5047278,4346048,1446,703392,701946,0,0,0
5047658,eb10052a-cead-fe1b-6a7a-4ce68d843ad9,64,4343876,5045088,5047658,4345702,2570,703782,701212,0,0,0
5048227,224717f9-9d62-c05d-99e4-8a169c9a3db3,64,4343995,5046404,5048227,4346577,1823,704232,702409,0,0,0
5048538,fcb4ee27-c167-dc84-a943-2abd5b95509f,64,4344049,5047278,5048538,4346765,1260,704489,703229,0,0,0
5049444,940cbc1d-469a-09ee-422b-a8e9db93db00,64,4346744,5048538,5049444,4347256,906,702700,701794,0,0,0
5049565,a44d3bc0-0572-257e-3250-d693e3656653,64,4345995,5048227,5049565,4347224,1338,703570,702232,0,0,0
5049884,086c030f-f0fd-1ea9-02c2-7f97af6c9a31,32,4343880,5047658,5049884,4347034,2226,706004,703778,0,0,0
5050144,29c09a85-48c9-5572-0ba4-0fdb105fef51,64,4346810,5049565,5050144,4347382,579,703334,702755,0,0,0
5050260,f8bc60bb-9677-3d4c-1a83-7f9e5a3ede12,64,4346954,5049444,5050260,4347326,816,703306,702490,0,0,0
5050729,731bd233-c011-c674-928a-77e53a99bbcb,64,4346802,5050144,5050729,4347490,585,703927,703342,0,0,0
5050862,6c04399d-f466-b44b-57cb-2f2eaa4ed133,64,4346896,5050260,5050862,4347498,602,703966,703364,0,0,0
5050968,504d39e0-d4f7-f15f-3e9a-f4fb7afe3780,64,4274844,5011343,5050968,4341939,39625,776124,736499,0,0,0
5051566,34cd510f-57e6-9df9-a142-070ef197e38d,64,4346893,5050862,5051566,4347647,704,704673,703969,0,0,0
5051626,5bc76084-e9a9-8188-ca27-b91a3a36fc4e,64,4346991,5050968,5051593,4347698,625,704602,703977,0,0,0
5052210,d15a1b21-d2f7-873b-d91d-49fa18acf173,64,4343936,5050729,5052210,4347515,1481,708274,706793,0,0,0
5052270,803e82de-7a9e-9031-ff01-73e93ddbd9d1,64,4344017,5049884,5052261,4347390,2377,708244,705867,0,0,0
5052368,3f55f644-f278-b488-25be-290abd4fb6fc,64,4346984,5051626,5052368,4347763,742,705384,704642,0,0,0
5052551,5728e2b6-912c-4ca9-af9f-504b5fb15849,64,4346966,5051566,5052551,4347729,985,705585,704600,0,0,0
5054084,b8280725-70e9-8f08-c9f0-9bd6a32785f7,32,4346109,5052551,5054084,4348051,1533,707975,706442,0,0,0
5054590,7f12e3cd-b09a-96e3-c00d-ec5e1b6046ee,64,4346051,5052210,5054590,4347765,2380,708539,706159,0,0,0
5054650,746a18dc-9990-1c0d-b618-1e8e18360f46,64,4346986,5054084,5054634,4348138,550,707648,707098,0,0,0
5054713,4d315b7c-c273-973b-39bf-cccad336a508,64,4346064,5052368,5054713,4348005,2345,708649,706304,0,0,0
5054888,7ed62e8c-44c5-6f6a-65c3-ea24adb94578,64,4346142,5052270,5054888,4347876,2618,708746,706128,0,0,0
5055306,5c05dcee-f49c-66f4-ab86-d1c5eab2bbe3,64,4322636,5029942,5055306,4343118,25364,732670,707306,0,0,0
5055842,d12f4227-e661-b181-46a9-5d1a5955d6c3,64,4346162,5054650,5055842,4348574,1192,709680,708488,0,0,0
5056600,c391a132-8626-09ab-418b-6aa27016f6ad,64,4346141,5055306,5056600,4348973,1294,710459,709165,0,0,0
5057481,60ca13d1-32b7-b456-1f22-b19432ce3db1,64,4346168,5054590,5057481,4348356,2891,711313,708422,0,0,0
5057596,0a6246b9-e624-76fe-a044-3dc9459b556f,64,4343891,5054713,5057596,4348585,2883,713705,710822,0,0,0
5057656,cfe4ce7b-2cd2-3623-e3be-6d6c88f25856,64,4346153,5054888,5057606,4348595,2718,711453,708735,0,0,0
5057843,75ffb57f-f27d-f93c-481f-af4bfd4454db,64,4346149,5055842,5057843,4349310,2001,711694,709693,0,0,0
5058009,53cbad6c-171d-a14d-dde2-2a23e47c666a,64,4351856,5057656,5058009,4352196,353,706153,705800,0,0,0
5058334,aaa54056-7928-913d-51f8-8167796c39ad,64,4351766,5057843,5058334,4352230,491,706568,706077,0,0,0
5058912,4e6120f3-af52-d77c-3243-cee9facd64f1,64,4351846,5058009,5058912,4352275,903,707066,706163,0,0,0
5058980,859b6ee4-9146-d391-cc25-9a1b240eb222,32,4350034,5057481,5058980,4351839,1499,708946,707447,0,0,0
5059103,e702c0d8-8875-b591-e11d-b469bde85aab,64,4350114,5056600,5059103,4351607,2503,708989,706486,0,0,0
5059163,44963381-f190-3205-bdee-5f357b51446a,64,4351570,5058334,5059153,4352417,819,707583,706764,0,0,0
5059223,3f0cd8c9-d98c-9dc3-4b67-2fac298604bc,64,4351804,5058912,5059206,4352463,294,707402,707108,0,0,0
5059830,4580ee86-18ce-5087-253c-e1148d185c2a,32,4351767,5059223,5059830,4352687,607,708063,707456,0,0,0
5059890,27d49ec5-ed64-6014-e254-c6d16350eff7,64,4351610,5059103,5059889,4352616,786,708279,707493,0,0,0
5059950,15c18944-b44b-2731-185f-014a29e9efa2,64,4351616,5058980,5059909,4352535,929,708293,707364,0,0,0
5060025,d4d1bf15-ea92-19d4-69e0-d8c3b8e2e864,64,4350070,5057596,5060025,4352182,2429,709955,707526,0,0,0
5060385,6b1b8c03-0b7e-cd79-cc1b-0d55933be58a,64,4351618,5059830,5060385,4352816,555,708767,708212,0,0,0
5060445,f0dac80a-57f1-19fb-bd24-e118d428df1c,64,4349998,5059163,5060396,4352684,1233,710398,709165,0,0,0
5060784,836392b7-d9a3-742a-83c2-8870adde98b6,64,4351930,5060025,5060784,4352985,759,708854,708095,0,0,0
5061219,c1192634-cad3-e250-6a5f-09cb81a603db,64,4349942,5059950,5061219,4352954,1269,711277,710008,0,0,0
5061326,3a25be44-db98-6cde-3e7b-15a3eefdf1cf,64,4350051,5060385,5061326,4353014,941,711275,710334,0,0,0
5062122,18927ebd-b195-6d60-84f3-6ac60bde24e2,64,4349910,5059890,5062122,4352822,2232,712212,709980,0,0,0
5062866,59f5870d-db2b-ee8a-f688-677da6de041f,64,4349991,5060784,5062866,4353182,2082,712875,710793,0,0,0
5062952,0097d5f0-f6be-5f8c-78aa-9c52d6eee772,64,4349965,5060445,5062952,4353073,2507,712987,710480,0,0,0
5063029,3aa74acf-50b4-927c-ab43-bd837c4e1b98,64,4351845,5061219,5063029,4353373,1810,711184,709374,0,0,0
5063299,8716f0b3-9619-7356-fcf8-d6f86cf322ab,64,3628167,4454840,5063299,4012678,608459,1435132,826673,0,0,0
5063533,7f849eea-c661-e011-f3fc-e192cf8e31a3,64,4351881,5062122,5063533,4353450,1411,711652,710241,0,0,0
5063985,ec2597eb-9482-20ec-9966-80b38231f16b,64,4351935,5062952,5063985,4353526,1033,712050,711017,0,0,0
5064379,5763c5c0-1934-d49c-81b6-69c67f6c945f,64,4351938,5062866,5064379,4353457,1513,712441,710928,0,0,0
5064587,bd00ff19-608d-5135-0f19-9b9217b4e6d0,64,4351858,5063299,5064587,4354144,1288,712729,711441,0,0,0
5064647,0a0ef615-f478-3e8d-e2e3-87c2a2e01d59,64,4349979,5063029,5064615,4353712,1586,714636,713050,0,0,0
5065488,b098a176-ea87-fe7d-63f1-8953ba4ec145,64,4351964,5063533,5065433,4354241,1900,713469,711569,0,0,0
5065593,f1fc8f26-466d-19a5-146c-e13089ecde94,64,4351907,5064379,5065593,4355170,1214,713686,712472,0,0,0
5065908,00d9dc89-0e6d-62f9-988f-00a8e643b83e,64,4356139,5065488,5065908,4356598,420,709769,709349,0,0,0
5066249,71926dfe-d64d-8f6a-de02-ad35ad0e0e1b,32,4352044,5064647,5066249,4355286,1602,714205,712603,0,0,0
5066501,89efa861-bb2b-35a2-7677-7d6d95745ff7,64,4356310,5065593,5066501,4356706,908,710191,709283,0,0,0
5066648,e498446d-38e6-1f15-8dba-2c36fb0100d9,64,4352024,5063985,5066648,4354938,2663,714624,711961,0,0,0
5066920,1ca691e1-dda7-c33a-b334-5e5bdca3aa0a,64,4356271,5065908,5066920,4356766,1012,710649,709637,0,0,0
5067210,e66aeaff-337c-eef0-2827-67c0ca85a82c,64,4352094,5064587,5067210,4355210,2623,715116,712493,0,0,0
5067270,ecfa60c9-83c1-7063-b890-33f0cb041d56,64,4356155,5066648,5067249,4356924,601,711094,710493,0,0,0
5067651,dc1c4e12-e4ac-1e29-d3c6-756c5a2cfba8,64,4354881,5066249,5067651,4356896,1402,712770,711368,0,0,0
5067771,66c09e7b-741a-a26d-cbca-fbdb54b0f552,64,4356292,5067210,5067771,4356957,561,711479,710918,0,0,0
5067831,31a9b14c-7f49-d0d9-1cc8-1f380c71aae2,64,4355130,5066501,5067786,4356899,1285,712656,711371,0,0,0
5068128,c87533e5-6bcf-d76f-46bf-c38b7b8ae091,64,4356498,5067270,5068128,4357010,858,711630,710772,0,0,0
5068234,4c6cfc1c-783c-b761-12f3-77fdbe072245,64,4356158,5067831,5068234,4357032,403,712076,711673,0,0,0
5068521,9b48c6fb-333f-117b-2054-e592101b3c72,64,4356359,5067771,5068521,4357024,750,712162,711412,0,0,0
5068894,d14c6d19-ab44-1946-935b-cc84fd030266,64,4355119,5067651,5068894,4357024,1243,713775,712532,0,0,0
5068967,6c1c0ab6-0f80-34cc-13d2-9821d42de47a,64,4356161,5068128,5068967,4357044,839,712806,711967,0,0,0
5069119,2344f207-f0a1-9255-671e-bf8e979bc54c,64,4356417,5068521,5069119,4357365,598,712702,712104,0,0,0
5069179,96c78cad-304e-d61b-6943-b1548d6eb73f,64,4355123,5066920,5069159,4356933,2239,714036,711797,0,0,0
5070021,c2c76cf4-91fd-62b9-72d9-c2b7416a4f9f,64,4355183,5068967,5070021,4357529,1054,714838,713784,0,0,0
5070541,47691dcb-d0c9-dfc1-d13f-24955ebc23bf,64,4355102,5068234,5070541,4357334,2307,715439,713132,0,0,0
5070972,d52939e5-3be4-5056-e7ea-6db48802bbd2,32,4355018,5069179,5070972,4358582,1793,715954,714161,0,0,0
5071155,809a794c-fa3d-5527-1d9b-a45067f4df95,64,4341058,5061326,5071155,4353394,9829,730097,720268,0,0,0
5071375,8a81b778-8bf4-d171-0ab5-6e07a167974e,64,4355105,5069119,5071375,4357855,2256,716270,714014,0,0,0
5071631,dea43dfd-29e1-bb4c-f701-f1f4a48f93b4,64,4355118,5068894,5071631,4357451,2737,716513,713776,0,0,0
5071728,33342b79-7969-748f-2510-f963c5a1faa6,64,4358264,5070541,5071728,4359452,1187,713464,712277,0,0,0
5071815,a4ba1e5c-f195-dc4c-2ce9-b6cb2d12831f,64,4354890,5070021,5071815,4358803,1794,716925,715131,0,0,0
5072878,4e02ffb3-04bd-d646-d561-2a4ae7a3d3fe,64,4358083,5071631,5072878,4359921,1247,714795,713548,0,0,0
5073855,c925f7fa-1484-e9d6-5f8c-2498bcb37ddd,64,4358230,5071815,5073855,4360665,2040,715625,713585,0,0,0
5073988,16520d40-4605-dd14-ec0c-00473ee5236e,64,4358185,5071375,5073988,4359863,2613,715803,713190,0,0,0
5074106,bf2c857e-9f7b-3992-ecec-73f232acf022,64,4358290,5071728,5074106,4360282,2378,715816,713438,0,0,0
5074963,8da72e1a-1b21-eb27-feae-0fb8be56db4c,64,4358176,5072878,5074963,4360782,2085,716787,714702,0,0,0
5075285,8772a3ba-0d5e-a574-ea8e-81315603534d,64,4358171,5073988,5075285,4360932,1297,717114,715817,0,0,0
5075989,d69cd777-4114-a2dc-ec06-2d4a708183ae,32,4353369,5070972,5075989,4359627,5017,722620,717603,0,0,0
5076116,5953b5d4-2e85-9607-6f62-752490ac7063,64,4358081,5073855,5076116,4360859,2261,718035,715774,0,0,0
5076223,3a21356c-0fd6-8618-ba6b-295caec9c199,64,4358200,5075285,5076223,4361528,938,718023,717085,0,0,0
5077472,2b998363-4e26-6d3f-ab28-efa9959ee77e,64,4358170,5074963,5077472,4361428,2509,719302,716793,0,0,0
5077614,f2af577d-43c5-27a4-fbc0-2c385e55bd48,64,4360781,5076223,5077614,4362339,1391,716833,715442,0,0,0
5078386,dfe88339-bcbf-7a3d-e5b1-7208243517e0,64,4360759,5077472,5078386,4362707,914,717627,716713,0,0,0
5080047,f3234331-1828-0e61-26de-fcafd9ba9cdb,64,4360816,5077614,5080047,4363045,2433,719231,716798,0,0,0
5080646,3a363b3a-8aa7-deb9-a3cb-29bd5c1947e1,64,4360783,5078386,5080646,4363236,2260,719863,717603,0,0,0
5081841,d2d07acf-7f1e-6dcc-955d-8f95b1ceb8e6,64,4360580,5080047,5081841,4363584,1794,721261,719467,0,0,0
5083006,8cf431de-8cdc-6715-5512-a5075f15ee3f,64,4360868,5080646,5083006,4363765,2360,722138,719778,0,0,0
5084479,cb0a7314-7088-1b5b-4b7e-40bda8efa221,64,4360825,5081841,5084479,4363767,2638,723654,721016,0,0,0
5084542,c252714e-869c-6fdd-0465-a8d7438806fe,64,4274848,5011283,5084542,4341249,73259,809694,736435,0,0,0
5085445,1f0e523d-9cab-2954-4e2b-952ee58d55cb,64,4360783,5083006,5085445,4363790,2439,724662,722223,0,0,0
5085715,64ea7b95-62a1-89fb-57de-b702b026d60a,64,4360864,5084479,5085715,4364132,1236,724851,723615,0,0,0
5086811,796c6ae6-fc19-285d-92d1-3d77da532699,64,4360751,5084542,5086811,4364213,2269,726060,723791,0,0,0
5086896,a910c002-ae9f-f41d-feb8-bf0b8775a0f0,64,4281021,5016368,5086896,4343117,70528,805875,735347,0,0,0
5092420,49a85d9e-dec7-56ca-d020-94d60c3c83d3,64,4346246,5076116,5092420,4361793,16304,746174,729870,0,0,0
5100711,8f6a201a-589a-691e-276a-7d9aff447459,64,4343891,5085445,5100711,4364610,15266,756820,741554,0,0,0
5106798,964d9921-41f9-bf45-86b5-dd45d41a4093,64,4274848,5075989,5106798,4361638,30809,831950,801141,0,0,0
5107306,65cc59d6-2d52-0b16-6709-9d55c49943ce,64,4274833,5071155,5107306,4359660,36151,832473,796322,0,0,0
5109623,4344c269-7a3d-7b8e-7071-878cb795c127,64,4344947,5086896,5109623,4366467,22727,764676,741949,0,0,0
5116508,5739d3a3-7003-3ea7-f54c-e27a34be949b,64,4365799,5106798,5116508,4374738,9710,750709,740999,0,0,0
5133952,b7f156e8-6e31-c7bd-d498-0e1d201cbf3b,64,4352596,5100711,5133952,4373065,33241,781356,748115,0,0,0
5137784,e53b7727-b209-21cd-c73e-45170b4967db,32,4274815,5045088,5137784,4345411,92696,862969,770273,0,0,0
5138304,95a5de44-e731-207b-65db-b4045b199207,64,4274847,5074106,5138291,4361413,64185,863444,799259,0,0,0
5139638,9d09cf19-a079-f65a-4cc5-b7058af263bd,64,4274831,5086811,5139638,4364997,52827,864807,811980,0,0,0
5142411,e3f9899a-62ba-6966-3388-cf1bd0f383cd,64,4374616,5139638,5142411,4378142,2773,767795,765022,0,0,0
5156839,132fdba1-f106-f955-4265-3ccf06ec3c00,64,4323363,5107306,5156839,4374973,49533,833476,783943,0,0,0
5157963,bc033a02-2d9e-3145-7f5a-c17aa926550e,64,4344413,5142411,5157963,4378666,15552,813550,797998,0,0,0
5160845,efb3eb37-6d57-ffd7-2ea5-f54bfafbb18e,64,4344998,5116508,5160845,4376776,44337,815847,771510,0,0,0
5164174,089f4c42-2407-6ed2-641d-f3f9e403cbbb,64,4274844,5085715,5164174,4364688,78459,889330,810871,0,0,0
5165001,4f418193-e328-9c3a-801c-bac1c5b56b89,64,4349980,5133952,5165001,4377205,31049,815021,783972,0,0,0
5167822,3c91accc-5538-b109-168e-8bf69f3df699,64,4344956,5138304,5167822,4377873,29518,822866,793348,0,0,0
5167947,2f637877-31b7-7072-6e28-b3e95c7e954d,64,4274825,5092420,5167947,4372470,75527,893122,817595,0,0,0
5168831,05722bc5-4b5e-4a40-1a5a-897790ba1d38,64,4349769,5156839,5168831,4381012,11992,819062,807070,0,0,0
5169726,54ad2b86-30b8-74e1-6440-4fef984bbbba,64,4382721,5167947,5169726,4384710,1779,787005,785226,0,0,0
5171358,6a5e52e1-f20b-db32-1ca8-d3ea77cb751d,64,4370777,5157963,5171358,4381358,13395,800581,787186,0,0,0
5173833,ec202e90-b701-9da2-aa44-7966029e6783,64,4370777,5164174,5173833,4383890,9659,803056,793397,0,0,0
5174451,6f242a0f-2588-61bb-ad32-a7c68b64612c,64,4370777,5160845,5174451,4382435,13606,803674,790068,0,0,0
5175434,258e0162-b287-2686-0de6-d57ecfcd1535,64,4370777,5165001,5175434,4384443,10433,804657,794224,0,0,0
5176150,e7ebff3f-3568-3bea-6e4f-fcf31046eb49,32,4370777,5168831,5176150,4386033,7319,805373,798054,0,0,0
5179567,2a314f1d-7bf7-bf91-9958-21e07b310f54,64,4274858,5109623,5179567,4375287,69944,904709,834765,0,0,0
5183057,5d5b0bd9-0ebf-1523-aaad-89265d9a24cd,64,4370778,5167822,5183057,4384551,15235,812279,797044,0,0,0
5185609,e11b2f5a-9f14-256f-ed35-839bf4d62658,64,4370778,5171358,5185609,4388255,14251,814831,800580,0,0,0
5189491,166e6aeb-7f1e-d1ea-61ab-0704de8e2646,32,4344962,5160845,5189491,4381786,28646,844529,815883,0,0,0
5189956,ce8437fc-38cd-0ced-ba7b-c404650c5ea2,64,4344960,5173833,5189956,4389158,16123,844996,828873,0,0,0
5190556,d173bd6d-16a0-0e13-9b80-5cc7e2712ff8,64,4344903,5174451,5190556,4389373,16105,845653,829548,0,0,0
5194093,21366a4d-01a1-296e-bf34-d88926530bd4,64,4404443,5189956,5194093,4411964,4137,789650,785513,0,0,0
5195784,a864a116-3852-9f46-69a3-618b910ad032,64,4408773,5190556,5195784,4417298,5228,787011,781783,0,0,0
5199675,6b2e258e-afc6-3d34-1dbe-fabd8c881f36,64,4344917,5176150,5199675,4396578,23525,854758,831233,0,0,0
5202806,455f8af7-d21d-637a-d504-882cd6d21f63,64,4344932,5179567,5202806,4398308,23239,857874,834635,0,0,0
5219840,da970edb-a841-588d-53b3-4dafcca5ac2e,64,4344950,5169726,5219840,4387671,50114,874890,824776,0,0,0
5232251,e50c27d4-a9df-bb1d-07a7-611de20da100,64,4344993,5183057,5232251,4401650,49194,887258,838064,0,0,0
5250810,51a3dfe4-7962-e5a8-7f7d-7604ebd92165,64,4324340,5185609,5250810,4402340,65201,926470,861269,0,0,0
5254152,cbd93d47-966d-b02f-3d98-03952621b899,64,4274835,5195784,5254152,4420464,58368,979317,920949,0,0,0
5258706,12a94f75-d243-3439-4be7-df76713a9af7,64,4391461,5219840,5258706,4432857,38866,867245,828379,0,0,0
5259670,797d3028-85f1-bc46-f473-bdb490ff3e09,64,4391423,5232251,5259670,4435659,27419,868247,840828,0,0,0
5260954,35c87983-910b-77f9-e1ae-25a6f1966b21,64,4444839,5259670,5260954,4446202,1284,816115,814831,0,0,0
5284299,bb859153-4918-df40-b3ff-962ec1e81da9,64,4391453,5250810,5284299,4436066,33489,892846,859357,0,0,0
5290943,f21dfe36-2c27-d031-d7ef-f6da6cd7f2a3,64,4391415,5260954,5290943,4448088,29989,899528,869539,0,0,0
5309387,1a04409f-37d9-6c58-5902-bf0bba891427,64,4274827,5202806,5309387,4432531,106581,1034560,927979,0,0,0
5311880,7bdd42e3-26e8-5cb6-ebb7-e6cc067b30d1,64,4447904,5309387,5311880,4450901,2493,863976,861483,0,0,0
5312544,aff32a65-0680-9246-c9c7-eb4c58cb5de8,64,4391422,5290943,5312544,4450826,21601,921122,899521,0,0,0
5334273,65b63378-a5df-c68a-17c4-8e8e24ebe8de,64,4391448,5284299,5334273,4449844,49974,942825,892851,0,0,0
5336114,f5b16d2f-e1fc-d171-ca23-792cac553173,64,4274833,5194093,5336114,4419890,142021,1061281,919260,0,0,0
5337107,829d03f5-567f-fe50-b4c3-13eb7e225d5c,64,4455631,5334273,5337107,4457637,2834,881476,878642,0,0,0
5339916,893ba2ae-c5d0-612d-4b1d-b296dfc81033,64,4274811,5175434,5339916,4390634,164482,1065105,900623,0,0,0
5340599,79edf2d0-ead7-131d-d4ea-18f51a01d224,64,4274850,5199675,5340599,4429147,140924,1065749,924825,0,0,0
5342918,b19158b4-d4db-9051-2b94-e8fa64f8a4b1,64,4391465,5312544,5342918,4456701,30374,951453,921079,0,0,0
5345201,db9b318b-12ba-cc10-9b45-caa9a13ea32a,32,4455622,5337107,5345201,4461800,8094,889579,881485,0,0,0
5351387,68ec88eb-60d2-642e-a670-af0fc40586bc,64,4304628,5258706,5351387,4442455,92681,1046759,954078,0,0,0
5351652,3f13d74a-5c7f-35ce-fea3-9cb17a4e438d,64,4455613,5337107,5351652,4463339,14545,896039,881494,0,0,0
5358201,94743809-8717-9af0-a52b-d100e20e22b8,64,4455634,5339916,5358201,4463403,18285,902567,884282,0,0,0
5358512,492eb70c-2f03-5a0c-6423-421be61aa316,64,4455631,5342918,5358512,4463585,15594,902881,887287,0,0,0
5360548,c58b8f79-4d71-5e47-01e6-8457f818b7eb,32,4455622,5351387,5360548,4463665,9161,904926,895765,0,0,0
5363989,6086ce8d-123e-a2fb-e95e-17415e48f8b3,64,4455614,5351387,5363989,4464064,12602,908375,895773,0,0,0
5365046,ea176ff6-bccf-45c8-7521-6a991726e178,64,4455626,5351652,5365046,4465384,13394,909420,896026,0,0,0
5369699,e6fe01cc-5553-931a-efd9-d09a8a74a19a,64,4324481,5254152,5369699,4439662,115547,1045218,929671,0,0,0
5370381,950097ce-28bc-2d51-f1e4-53e6dc50522d,64,4455630,5363989,5370381,4467171,6392,914751,908359,0,0,0
5373930,624f88a5-16a0-7b2c-1ddc-a90ae7215e6c,64,4455630,5369699,5373930,4467740,4231,918300,914069,0,0,0
5380369,1ab01dc1-39db-7ebb-7538-c985c533af2d,64,4455614,5365046,5380369,4467597,15323,924755,909432,0,0,0
5383189,9933a462-c058-ec0f-5555-c133c7b30b41,64,4455617,5370381,5383189,4468121,12808,927572,914764,0,0,0
5387379,9523175b-c0d5-dc17-61a5-564247d41385,64,4455641,5383189,5387379,4470174,4190,931738,927548,0,0,0
5394477,652fd941-e057-c014-3699-febb228c4f0c,64,4455632,5380369,5394477,4469178,14108,938845,924737,0,0,0
5400817,584c3ee3-adfe-0110-0bc1-b150367d9aad,64,4391428,5340599,5400817,4463404,60218,1009389,949171,0,0,0
5403124,81572c3c-df4e-ba91-a450-f04fbae0054d,64,4455618,5387379,5403124,4470377,15745,947506,931761,0,0,0
5408114,29ca6e42-d09a-e2dc-a3dd-65b3998549bc,64,4391493,5358512,5408114,4466012,49602,1016621,967019,0,0,0
5408293,53332e5d-3ac3-6c05-fa96-a00dcaf6a7d4,64,4455632,5400817,5408293,4470953,7476,952661,945185,0,0,0
5408353,b1c72493-4077-3847-9e04-215a9e92b9d9,64,4455627,5394477,5408347,4470719,13870,952720,938850,0,0,0
5409902,a5637759-e10a-bc64-9752-800f42bb7890,32,4455635,5400817,5409902,4470739,9085,954267,945182,0,0,0
5416076,974a2447-ab73-860c-83f0-79b3f78ffd83,32,4455640,5408353,5416076,4471379,7723,960436,952713,0,0,0
5417108,fdce4f12-dc46-76c7-393a-cfff1a2b2339,64,4455621,5408114,5417108,4471252,8994,961487,952493,0,0,0
5417735,7f7eedaa-ae01-d882-af9d-cdf04e9720a0,32,4455634,5408293,5417735,4471309,9442,962101,952659,0,0,0
5423426,2fad3d7e-a4bf-a846-660a-3bdb002ae6c6,64,4455619,5408353,5423426,4471658,15073,967807,952734,0,0,0
5426582,dcbd4d9b-377a-132c-ec89-cea74e1de367,64,4455627,5416076,5426582,4471807,10506,970955,960449,0,0,0
5430236,1f0b2be6-6040-4c51-584f-a41ff9f7852c,64,4455617,5417108,5430236,4472021,13128,974619,961491,0,0,0
5430706,6cd27618-bd14-3f78-1b6d-5342e9b2286b,64,4391448,5373930,5430706,4468745,56776,1039258,982482,0,0,0
5437994,3e16918f-7648-78d7-6934-3f601ccfb86d,64,4455642,5426582,5437994,4472421,11412,982352,970940,0,0,0
5438054,53d2f38a-ed34-7d55-3673-f569a9305695,64,4455614,5423426,5438015,4472195,14589,982401,967812,0,0,0
5441212,e3164f25-e22f-8d1a-76ec-f3f9735902cf,64,4455627,5430236,5441212,4472498,10976,985585,974609,0,0,0
5442153,f2fb122f-7e34-be79-bc25-d3bd88a72da1,64,4455624,5430706,5442153,4472618,11447,986529,975082,0,0,0
5445072,9e0a294e-c3cc-0aac-2489-41f479a55d6f,64,4455636,5438054,5445072,4472876,7018,989436,982418,0,0,0
5452160,35a02595-cfcb-3ed7-4599-9d7edd354aa4,64,4455639,5437994,5452160,4472633,14166,996521,982355,0,0,0
5454380,891887a7-3620-ab79-6fc0-760380cd513e,64,4455618,5441212,5454380,4473924,13168,998762,985594,0,0,0
5455303,7cd5babe-d0e9-9e5d-4220-f0b6c5035b6c,64,4455613,5442153,5455303,4474997,13150,999690,986540,0,0,0
5459640,fb3cd9c8-ebcf-a81a-61f3-b7803a5479ea,64,4324481,5311880,5459640,4456538,147760,1135159,987399,0,0,0
5463828,1cb04376-c5d6-6362-1b3e-144b6f093f45,64,4439406,5403124,5463828,4471076,60704,1024422,963718,0,0,0
5482462,1b993f82-fdd3-5eea-92d8-8eb166b9ce27,64,4304620,5358201,5482462,4465615,124261,1177842,1053581,0,0,0
5485445,26fb0b0c-a0b5-e6c3-bdcb-3eb2c0c28c41,64,4455069,5463828,5485445,4489761,21617,1030376,1008759,0,0,0
5486721,bfa55677-89a2-9dad-5422-7d6dc454d1a5,64,4454902,5452160,5486721,4483165,34561,1031819,997258,0,0,0
5495940,0262bf90-3bd8-8e22-cb0f-ab8e9fa4ce21,64,4439401,5445072,5495940,4475631,50868,1056539,1005671,0,0,0
5496460,eb108621-75ec-c919-1de5-388868e57a79,64,4455022,5454380,5496460,4484791,42080,1041438,999358,0,0,0
5511009,d4961e60-2daf-33de-84cc-98eb803f8f00,64,4439398,5482462,5511009,4489837,28547,1071611,1043064,0,0,0
5511521,0e0f2704-5265-072a-16e5-b746245c92cb,64,4324493,5336114,5511521,4459117,175407,1187028,1011621,0,0,0
5524087,71fef0ab-381d-02e5-8f73-e0f5497adf42,64,4455021,5486721,5524087,4491323,37366,1069066,1031700,0,0,0
5526808,4e0d4d6f-f324-a4fd-8f13-72bbdb55667b,64,4455108,5485445,5526808,4489899,41363,1071700,1030337,0,0,0
5527644,6295b041-4bfa-f1db-7cff-c54b2351fc3a,64,4454811,5495940,5527644,4495631,31704,1072833,1041129,0,0,0
5540185,345ec501-df85-a192-d21c-922affa2df47,32,4454740,5511009,5540185,4498822,29176,1085445,1056269,0,0,0
5542720,c01ba459-ec7f-dc2e-fb00-59ff563bf6e0,32,4455196,5511009,5542720,4502156,31711,1087524,1055813,0,0,0
5556380,a5571020-cf8b-e199-3a1c-e4164b046117,64,4324482,5459640,5556380,4487843,96740,1231898,1135158,0,0,0
5556717,bdcfc42b-8122-a1db-6a6a-58b294568b74,64,4495715,5527644,5556717,4522692,29073,1061002,1031929,0,0,0
5558354,3ecfc25e-c94e-36bf-a89f-d6ce4726d174,64,4495716,5540185,5558354,4524900,18169,1062638,1044469,0,0,0
5559087,40f62c58-4ac2-ee89-9b80-6a19c11f2240,64,4495703,5524087,5559087,4513463,35000,1063384,1028384,0,0,0
5559836,f05ad4ec-33f9-6264-de5e-d279cd2c614b,64,4532703,5559087,5559836,4534245,749,1027133,1026384,0,0,0
5560315,6db96fa2-6aa7-92a8-72dd-aaea0bb28d6b,64,4532702,5558354,5560315,4534020,1961,1027613,1025652,0,0,0
5560856,91b6aa01-74e6-0f83-af84-4b8f54f5e2f0,64,4532551,5559836,5560856,4535317,1020,1028305,1027285,0,0,0
5562517,de4b2801-38be-318f-96d0-d89df2314c7d,64,4532690,5560315,5562517,4536134,2202,1029827,1027625,0,0,0
5574807,72f0b90d-5c2f-e996-64ba-aea10cd4ba10,64,4455188,5526808,5574807,4520483,47999,1119619,1071620,0,0,0
5595074,54b279cd-0c24-8f00-8a4a-07e1234d65cf,64,4401482,5511521,5595074,4510257,83553,1193592,1110039,0,0,0
5600108,c92c2f78-3768-c08e-4177-497a25987d51,64,4495712,5560856,5600108,4536171,39252,1104396,1065144,0,0,0
5632686,c1ef09ec-3c06-c2b3-e170-cfb3357f080b,64,4517230,5595074,5632686,4542520,37612,1115456,1077844,0,0,0
5636740,5bd537b1-c35a-dde3-972b-cd8d67fec003,64,4439405,5556380,5636740,4527323,80360,1197335,1116975,0,0,0
5644555,da2a4996-aaef-7529-01aa-db8000401b20,64,4454720,5574807,5644555,4538910,69748,1189835,1120087,0,0,0
5645775,efa5fccb-eb24-4b05-845a-ede243641b12,64,4546168,5644555,5645775,4549119,1220,1099607,1098387,0,0,0
5650099,c9581c41-32bf-07ae-e2d4-c43cde0a6e83,64,4324487,5455303,5650099,4485724,194796,1325612,1130816,0,0,0
5650607,7e8f7fe9-163b-7284-b1b2-5b70a0a6e38e,64,4549532,5650099,5650607,4550613,508,1101075,1100567,0,0,0
5650667,84add36e-67b3-a154-e67a-e19a3c6736b0,64,4517370,5600108,5650652,4545727,50544,1133282,1082738,0,0,0
5671335,520c31d3-ab65-89eb-b9dc-e742ccea7dd0,64,4324497,5496460,5671335,4498002,174875,1346838,1171963,0,0,0
5677133,915fbbf9-53cf-ff73-2384-bb95921409e1,64,4439398,5632686,5677133,4546512,44447,1237735,1193288,0,0,0
5687061,ae957e1c-667a-6370-6e12-d25593ca3df0,64,4439397,5636740,5687061,4547045,50321,1247664,1197343,0,0,0
5688943,a119ca40-c360-8f0d-eccc-d30e0bf0afdb,64,4549514,5671335,5688943,4558471,17608,1139429,1121821,0,0,0
5689929,2c9c763b-e454-0286-9dd9-76469d892032,64,4549514,5677133,5689929,4558878,12796,1140415,1127619,0,0,0
5690327,dd0cd405-9084-b6de-830a-d57d19fdaf3b,64,4517129,5650607,5690327,4551579,39720,1173198,1133478,0,0,0
5695192,20141450-ae22-c5bb-b1c3-6cb3445dc624,64,4530603,5650667,5695192,4557505,44525,1164589,1120064,0,0,0
5706542,3f8f9da4-b98a-953f-fe85-44e1c1b65800,64,4549535,5689929,5706542,4565389,16613,1157007,1140394,0,0,0
5708434,57cad887-b916-7c61-22d0-0779724d3c00,64,4549536,5688943,5708434,4561778,19491,1158898,1139407,0,0,0
5709082,a93dbf91-66bb-1d3c-2cad-002a62a765d3,32,4573382,5708434,5709082,4574104,648,1135700,1135052,0,0,0
5718696,aa68a301-734a-f94f-4ab9-e0dff4a3ee30,64,4517180,5695192,5718696,4572598,23504,1201516,1178012,0,0,0
5723383,0ee503e3-298d-4c45-6407-675048107252,64,4517266,5706542,5723383,4573726,16841,1206117,1189276,0,0,0
5724875,534b3dbb-7a14-330b-8742-45861034794e,32,4516913,5695192,5724875,4570915,29683,1207962,1178279,0,0,0
5733678,6855a90d-0f2f-ea57-0883-93111216e243,64,4516912,5690327,5733678,4566316,43351,1216766,1173415,0,0,0
5734306,b5bef85b-ec0b-6ca6-dec1-6a3450f35bb4,32,4592962,5733678,5734306,4594098,628,1141344,1140716,0,0,0
5734868,e5d0111f-8521-46cd-8e30-0e9c8edb0ef1,32,4593386,5734306,5734868,4594329,562,1141482,1140920,0,0,0
5745746,c81e4c13-e4f7-86ab-d40b-d487b188bd6a,64,4379225,5562517,5745746,4537779,183229,1366521,1183292,0,0,0
5746376,66747987-658e-a17a-0a01-7177756c1d0f,32,4596651,5745746,5746376,4597133,630,1149725,1149095,0,0,0
5752713,59b0d399-8dd9-ff68-7611-7bbd0c4fde2e,64,4517360,5709082,5752713,4575468,43631,1235353,1191722,0,0,0
5753919,792f873e-11c8-398a-cf10-ecb56db68f14,32,4597276,5752713,5753919,4598599,1206,1156643,1155437,0,0,0
5754467,caad515c-12af-baeb-c91a-c2f241e4d392,64,4516929,5723383,5754467,4581820,31084,1237538,1206454,0,0,0
5755582,a2f445e8-5563-1bf4-850f-5739e227d70e,64,4304619,5556717,5755582,4527782,198865,1450963,1252098,0,0,0
5765165,4bf1d7a8-b904-2b4e-9f57-1ce3d3a085ec,64,4580828,5734868,5765165,4596539,30297,1184337,1154040,0,0,0
5779652,498ccdd7-ae1b-3c1a-c5e3-8a4e7cde6371,64,4581994,5753919,5779652,4604442,25733,1197658,1171925,0,0,0
5781949,9d88e7a4-f763-61e6-5f9f-9701b819544a,32,4526746,5718696,5781949,4581092,63253,1255203,1191950,0,0,0
5786219,b2846e07-4cbe-5d5d-2c24-bc1b30544160,64,4516917,5746376,5786219,4598470,39843,1269302,1229459,0,0,0
5792445,3b289bee-3ebc-c752-cb4f-e656b6819b33,64,4582178,5755582,5792445,4610194,36863,1210267,1173404,0,0,0
5793622,0466b04d-2c0c-9e4b-c920-aae993283178,64,4618171,5792445,5793622,4619629,1177,1175451,1174274,0,0,0
5794144,b106c45a-71f6-aee9-1f4a-47062e795ba5,64,4581944,5754467,5794144,4609442,39677,1212200,1172523,0,0,0
5797657,fcc6713a-7cbe-08bc-475b-ce8c47054796,64,4581708,5765165,5797657,4611646,32492,1215949,1183457,0,0,0
5802881,ad20c3fa-d501-b8d7-50ff-14bf96b525c7,64,4582220,5779652,5802881,4615199,23229,1220661,1197432,0,0,0
5813328,0942f1cd-a7f1-6425-4ced-c55b41365c29,64,4581370,5793622,5813328,4621039,19706,1231958,1212252,0,0,0
5814257,af88239f-d4a3-218d-ac08-f40119271805,64,4582398,5786219,5814257,4619429,28038,1231859,1203821,0,0,0
5818556,78f45889-1e49-c76a-90d5-2b99a2a1a620,64,4625622,5814257,5818556,4631986,4299,1192934,1188635,0,0,0
5820942,bb20fea4-bc89-e2fe-c3ed-fa0e9d620006,64,4324481,5645775,5820942,4549597,175167,1496461,1321294,0,0,0
5822080,ddbb5298-a575-1dda-2268-1c704eb00c3d,64,4582295,5797657,5822080,4623288,24423,1239785,1215362,0,0,0
5822904,299b4130-cafc-bc0e-2b66-201cf21d96e7,32,4644554,5822080,5822904,4645103,824,1178350,1177526,0,0,0
5823915,3473b11a-73a5-24c1-3c8b-c1890d8adcc6,32,4643829,5822904,5823915,4645998,1011,1180086,1179075,0,0,0
5824766,2c20fb0e-e632-ef0a-7ac6-885994f6614e,32,4645633,5823915,5824766,4646298,851,1179133,1178282,0,0,0
5836374,19664504-6e7e-b978-869d-7b0161f03b99,64,4582260,5813328,5836374,4630565,23046,1254114,1231068,0,0,0
5840088,863e3610-ae7a-e52a-5179-15b7883a5ef5,64,4582230,5802881,5840088,4623487,37207,1257858,1220651,0,0,0
5841450,d37805ee-204f-cbe4-adec-6f15bfdc2b0d,64,4643840,5836374,5841450,4648255,5076,1197610,1192534,0,0,0
5841618,9b08725e-e1ea-f0f2-4c52-b95c2146e7b4,64,4643818,5840088,5841618,4648357,1530,1197800,1196270,0,0,0
5843013,2c1fd0db-689a-5f90-a550-0af12777a40b,64,4646992,5841450,5843013,4648368,1563,1196021,1194458,0,0,0
5846250,1138b544-d8c7-8cbe-cd1b-30400f8f2932,64,4582222,5818556,5846250,4643636,27694,1264028,1236334,0,0,0
5848842,f001e73c-f5eb-b7f9-8f52-3f8a905cbe00,32,4643842,5846250,5848842,4649107,2592,1205000,1202408,0,0,0
5850082,b903b981-ebc7-2f45-94b7-177bc5bbed6c,32,4581926,5818556,5850082,4635523,31526,1268156,1236630,0,0,0
5851374,79150e99-8ed3-1834-fd72-1fc205e0c019,64,4626613,5820942,5851374,4645002,30432,1224761,1194329,0,0,0
5852207,c7569b9b-ca12-7556-f5cc-a86b92e92aa7,64,4643811,5851374,5852207,4650852,833,1208396,1207563,0,0,0
5852862,6e6c4c64-6f56-21b1-9d07-285b8e8752c2,64,4643841,5848842,5852862,4650591,4020,1209021,1205001,0,0,0
5853640,c22515fe-6f64-ca2b-4aef-9e25c9699ed6,64,4643824,5852207,5853640,4650919,1433,1209816,1208383,0,0,0
5853898,3d5e1fbf-f22a-f6f6-d2e4-455c0112ae15,64,4643822,5852862,5853898,4650967,1036,1210076,1209040,0,0,0
5854344,250d235f-1feb-a1e7-3bb1-591b2e832bbe,64,4643813,5853898,5854344,4652667,446,1210531,1210085,0,0,0
5854605,4087550b-f80b-ba34-f31f-24084d927676,64,4643836,5853640,5854605,4652260,965,1210769,1209804,0,0,0
5856252,a2a8d37d-aa22-23a9-7a25-90fcd91218a9,64,4643812,5854344,5856252,4652878,1908,1212440,1210532,0,0,0
5857899,7fd7559e-44c0-8b4e-acd5-f173904fa87a,64,4650473,5854605,5857899,4653036,3294,1207426,1204132,0,0,0
5860891,c89a0cbd-cc19-2b50-1e56-a4fbc4e7770d,64,4643823,5857899,5860891,4653447,2992,1217068,1214076,0,0,0
5862579,02d4729d-d414-cafe-5912-853ea204a093,64,4643811,5860891,5862579,4653770,1688,1218768,1217080,0,0,0
5863675,06ecbbf3-3616-0e06-3ee2-bae3825aac2e,64,4622085,5843013,5863675,4648955,20662,1241590,1220928,0,0,0
5866891,b0af70d2-4e3e-4f5f-0461-2c712eda833f,64,4643830,5863675,5866891,4655563,3216,1223061,1219845,0,0,0
5867306,48c31385-922b-a6f1-d9c1-75fd9e28984f,64,4650500,5862579,5867306,4655028,4727,1216806,1212079,0,0,0
5870260,5bf2e8db-7f7e-b2ed-705c-3053b789593e,64,4643837,5866891,5870260,4655925,3369,1226423,1223054,0,0,0
5871396,fb87ebc5-d986-3b5f-93fc-03bc3ef3d085,64,4643837,5870260,5871396,4657669,1136,1227559,1226423,0,0,0
5871472,1eb51009-2f85-f6a6-247d-2d527ee0938e,64,4643838,5867306,5871472,4657187,4166,1227634,1223468,0,0,0
5872660,589a8b9d-5bf2-d6af-8ba2-2d11f5b85c17,64,4582227,5824766,5872660,4646957,47894,1290433,1242539,0,0,0
5873919,39385322-537e-95ed-57ea-efa6299a19fb,64,4643814,5871472,5873919,4658141,2447,1230105,1227658,0,0,0
5875654,a4960505-032e-aa56-1d5a-c38c690dc911,32,4643827,5871396,5875654,4657698,4258,1231827,1227569,0,0,0
5877941,989f5496-53ce-a4c4-e7a1-550cf4fd7fd5,64,4643831,5871396,5877941,4658063,6545,1234110,1227565,0,0,0
5879228,1ee5abec-9b53-ca4f-6d09-82b77d76ea43,64,4643827,5872660,5879228,4659175,6568,1235401,1228833,0,0,0
5879337,e322544a-8034-3d4d-58be-184d87e7a66e,64,4643847,5877941,5879337,4659908,1396,1235490,1234094,0,0,0
5886502,45358d5a-2249-aa0f-ad58-35f3f87e213c,64,4643845,5879228,5886502,4660498,7274,1242657,1235383,0,0,0
5888181,116f176a-755d-2764-4bc6-fdb98a497bbd,64,4643825,5879337,5888181,4660607,8844,1244356,1235512,0,0,0
5889322,ffdf6588-0ffe-d184-29c4-91dd33dfeff6,64,4660143,5888181,5889322,4660829,1141,1229179,1228038,0,0,0
5891002,da8f55c4-b310-f0ed-2362-84b8d4a84c96,64,4643840,5886502,5891002,4660738,4500,1247162,1242662,0,0,0
5894757,f99003d8-cad4-13f4-9e68-9a6c91c98ab6,64,4643818,5891002,5894757,4661498,3755,1250939,1247184,0,0,0
5895029,199f4960-5716-1810-dbbc-b1d653ea4b54,64,4618775,5856252,5895029,4653253,38777,1276254,1237477,0,0,0
5896230,aad74fe0-5f48-087e-e0e6-60c2b477caf7,64,4659909,5895029,5896230,4663379,1201,1236321,1235120,0,0,0
5896574,9cb84018-1c79-8fe1-97ff-96423d40f9b0,64,4643844,5889322,5896574,4661051,7252,1252730,1245478,0,0,0
5898721,8f6a9f1b-ad82-64e3-8eeb-2a03f676831f,64,4643812,5896230,5898721,4663403,2491,1254909,1252418,0,0,0
5901685,3c6bad34-94fc-712b-5567-cd27b4664f33,64,4643812,5894757,5901685,4662506,6928,1257873,1250945,0,0,0
5901896,0043384a-f987-8ca6-5f2e-621e930951a6,64,4659894,5898721,5901896,4664425,3175,1242002,1238827,0,0,0
5911103,6f6afbe1-6dec-0f06-bc45-0b7c7f6d19a8,64,4643829,5901685,5911103,4664632,9418,1267274,1257856,0,0,0
5916251,e3e7589e-4bef-82f1-3467-73fbe2908a40,64,4643822,5901896,5916251,4664840,14355,1272429,1258074,0,0,0
5918372,46ff19b3-83da-50ff-96e8-9593f8f1e1f4,64,4304630,5687061,5918372,4560686,231311,1613742,1382431,0,0,0
5918461,9bc27450-a3a9-0472-3002-0f5e8a5acb4d,64,4643833,5911103,5918461,4665114,7358,1274628,1267270,0,0,0
5918620,0eba92ac-2d26-4022-3bd7-6e1fadeeb23b,64,4664041,5918461,5918620,4665819,159,1254579,1254420,0,0,0
5919451,aaef0591-3fd1-80e5-50a6-eb2200c65ec8,64,4664057,5918372,5919451,4665684,1079,1255394,1254315,0,0,0
5919707,8b41bcd9-3182-1fde-562f-62e88a0bb8e4,64,4664043,5918620,5919707,4665947,1087,1255664,1254577,0,0,0
5919789,82ee6e08-0ba9-ee1e-7588-8aa1f9e33543,64,4664061,5919451,5919789,4666023,338,1255728,1255390,0,0,0
5919980,b4c21dd6-2ed1-8d37-f63f-a63fa1d29dff,64,4664041,5919707,5919980,4666346,273,1255939,1255666,0,0,0
5920848,d3d17709-a54c-f489-0fdb-a768e9390c7f,64,4664047,5919789,5920848,4666372,1059,1256801,1255742,0,0,0
5921183,143e77c2-70fe-3e06-76e3-1e8ef67fb352,64,4324478,5724875,5921183,4586383,196308,1596705,1400397,0,0,0
5921592,5a6d4596-3580-17d6-3ece-ff5e917f61b3,64,4664049,5920848,5921592,4666580,744,1257543,1256799,0,0,0
5922175,9fc2e952-4e0b-ec8f-a07d-4d6c01d0468c,64,4664060,5921592,5922175,4666884,583,1258115,1257532,0,0,0
5922466,0ce06819-24c6-1f93-a081-9bf56940240c,64,4664059,5922175,5922466,4667009,291,1258407,1258116,0,0,0
5923093,8f0f7109-fddb-eb80-7e99-cb58b601efce,64,4664054,5921183,5923093,4666809,1910,1259039,1257129,0,0,0
5923545,5cc7127a-2b14-8354-c767-364495a1dc98,64,4664052,5922466,5923545,4667205,1079,1259493,1258414,0,0,0
5923605,dcaeedcd-67d7-7873-0f7b-524587aa2080,32,4664042,5923093,5923604,4667211,511,1259562,1259051,0,0,0
5923730,f0c935a9-91c3-d637-7ca5-013cf6b896c2,64,4664054,5923545,5923730,4667279,185,1259676,1259491,0,0,0
5924099,d3c8acca-3615-ede4-2bf3-074375987f10,64,4664053,5923093,5924099,4667219,1006,1260046,1259040,0,0,0
5924693,7d2e11bd-1708-f96e-f176-2fbdc37114e3,64,4664059,5924099,5924693,4668273,594,1260634,1260040,0,0,0
5924873,52949fbd-1243-1159-1df5-6402492ca612,64,4643820,5916251,5924873,4665314,8622,1281053,1272431,0,0,0
5925418,29568d7d-d57e-4322-0396-63d0133ee71e,64,4664043,5924693,5925418,4668664,725,1261375,1260650,0,0,0
5925637,0409b7c8-ef59-a4b5-2e89-015e92f765e7,64,4659908,5919980,5925637,4666579,5657,1265729,1260072,0,0,0
5925764,4138aeea-8988-7d52-7599-d4751b139a48,64,4664049,5925418,5925764,4669869,346,1261715,1261369,0,0,0
5926560,7a761f37-e1a0-6de2-f6de-974a6d9d5598,64,4664041,5924873,5926560,4668885,1687,1262519,1260832,0,0,0
5927013,9a77c01f-85af-b75b-e4c4-607130aaa9ae,64,4643815,5925637,5927013,4670405,1376,1283198,1281822,0,0,0
5927171,702adf3b-7cbf-66b4-f8e7-4535a9a45be4,64,4664045,5923730,5927171,4667558,3441,1263126,1259685,0,0,0
5927707,57ff5548-1d28-67a0-ad84-5afe38c77dca,64,4664048,5925764,5927707,4670475,1943,1263659,1261716,0,0,0
5927911,bce4d414-a7ff-3051-ae8b-3239311d3751,64,4664045,5927013,5927911,4671386,898,1263866,1262968,0,0,0
5928103,babfbd99-2d9d-4bd8-aeb2-f98cdb38c2f2,64,4664041,5927171,5928103,4671577,932,1264062,1263130,0,0,0
5928515,a6e62c01-8529-e74f-7c48-13d916c60b3d,64,4671982,5927911,5928515,4672498,604,1256533,1255929,0,0,0
5929522,1192e4dc-c99a-9a60-dfb4-6e9e15490c7e,64,4664059,5928515,5929522,4672862,1007,1265463,1264456,0,0,0
5929600,38059440-2642-765f-c772-fdb6b3d42f8a,64,4643846,5928103,5929600,4672499,1497,1285754,1284257,0,0,0
5930389,40328c40-b100-0314-b77c-ff4c99252280,64,4672466,5929522,5930389,4673148,867,1257923,1257056,0,0,0
5931160,cf460215-1225-33fd-765e-3ce808676b2a,64,4664052,5927707,5931160,4671587,3453,1267108,1263655,0,0,0
5947265,56885791-8f92-c2c3-2727-aea402f93785,64,4594456,5896574,5947265,4663823,50691,1352809,1302118,0,0,0
5952531,0c975601-97b1-afbd-43bc-bd124e9dfdb6,64,4651064,5929600,5952531,4674023,22931,1301467,1278536,0,0,0
5953985,6b775489-16ca-7742-f0e5-2458e2832379,64,4659899,5931160,5953985,4676090,22825,1294086,1271261,0,0,0
5954629,97967ef5-6cc0-1241-ea33-6701445ab4a6,64,4594503,5873919,5954629,4659637,80710,1360126,1279416,0,0,0
5955128,d1c1f266-ce9c-a015-c7c4-0854d6d4eb06,64,4681885,5954629,5955128,4682526,499,1273243,1272744,0,0,0
5955619,c5ee154f-6c3f-fefb-47ba-1cc7c58e411e,64,4682848,5955128,5955619,4683598,491,1272771,1272280,0,0,0
5956543,2ddecd40-e1de-c31a-cdd9-f251abc90bba,64,4643835,5952531,5956543,4676914,4012,1312708,1308696,0,0,0
5957195,4bf66063-8b91-7e2d-aaf9-ee3ee432d37d,64,4682867,5955619,5957195,4683698,1576,1274328,1272752,0,0,0
5957794,44fbb5b9-c9e5-a194-f746-682ad4e73adb,64,4682885,5956543,5957794,4683988,1251,1274909,1273658,0,0,0
5957854,38dd9a5e-dd9e-ae73-89c7-0e189eb88096,64,4652306,5947265,5957829,4676416,10564,1305523,1294959,0,0,0
5958621,15604ec8-1ca9-31d9-e5bf-13792587f6a0,64,4682888,5957195,5958621,4683999,1426,1275733,1274307,0,0,0
5958921,f275de56-4e18-dcc7-33fe-09e708fd4865,64,4682893,5957854,5958921,4684289,1067,1276028,1274961,0,0,0
5959127,1a950f3e-bd84-b6da-a266-04f3c9afd545,64,4682404,5957794,5959127,4684018,1333,1276723,1275390,0,0,0
5959187,41431647-0aad-04b7-d3a2-b6cb3f3753af,64,4682893,5958621,5959152,4684408,531,1276259,1275728,0,0,0
5959565,572d3274-e5c2-2467-4107-e87337f66fc4,32,4682891,5958621,5959565,4684317,944,1276674,1275730,0,0,0
5959628,99786dc1-5f54-d82d-53e1-1f554289281d,64,4682863,5958921,5959628,4684536,707,1276765,1276058,0,0,0
5959760,8e2a4c5a-97d5-4683-69c7-c2dd77e42950,64,4682887,5959127,5959760,4684563,633,1276873,1276240,0,0,0
5959848,e2abe6e3-72f3-4ed1-f163-ebe1b6dd5f35,64,4684749,5959187,5959848,4685396,661,1275099,1274438,0,0,0
5960461,ae57927f-730c-ce0e-d6f9-92984634a5f6,64,4684687,5959848,5960461,4685596,613,1275774,1275161,0,0,0
5961218,cf03c9ad-72d5-68d4-1ed6-d4366cfc3638,64,4684749,5959760,5961218,4685561,1458,1276469,1275011,0,0,0
5961422,c23e471a-6081-8fb2-755e-b3647da38784,64,4682884,5959628,5961422,4685455,1794,1278538,1276744,0,0,0
5961736,eb7fb03e-d14c-70b7-50ac-2a6d3bdad4ac,64,4684701,5961218,5961736,4686098,518,1277035,1276517,0,0,0
5962067,79e49119-ca6e-dd5a-46df-90fbbb01e392,64,4684750,5960461,5962067,4685830,1606,1277317,1275711,0,0,0
5962300,df30f2f5-3226-786f-8595-30c1a1295a39,64,4643834,5953985,5962300,4677704,8315,1318466,1310151,0,0,0
5962576,fe13d91c-183e-5726-9ea8-428428d30ca3,64,4684728,5961736,5962576,4686159,840,1277848,1277008,0,0,0
5962889,5ef993c3-07d7-afec-5d34-a21912990cb3,64,4684734,5962067,5962889,4686441,822,1278155,1277333,0,0,0
5962949,caea5bfb-3f70-a1b2-3206-9ba39561a574,64,4684673,5961422,5962912,4686112,1490,1278239,1276749,0,0,0
5963454,72e27aa8-f081-eaef-3320-66bf006083dd,64,4634403,5926560,5963454,4670842,36894,1329051,1292157,0,0,0
5963662,6a0e99b2-1c94-d5c6-89ed-4d64b984933d,64,4686065,5962949,5963662,4686983,713,1277597,1276884,0,0,0
5963724,03cfaa49-e80a-c6e7-10c8-f7c928f93da0,64,4685889,5962889,5963724,4686785,835,1277835,1277000,0,0,0
5963865,0d0d13d3-779e-e83d-36df-223906bc0d71,64,4684701,5962300,5963865,4686613,1565,1279164,1277599,0,0,0
5964005,dfd87a1b-8038-593f-3a25-9e6556c26218,32,4685890,5962949,5964005,4686883,1056,1278115,1277059,0,0,0
5964102,d5d19277-0418-cd27-9a78-ceed9708094c,64,4684769,5962576,5964102,4686729,1526,1279333,1277807,0,0,0
5964221,b6315c55-0ca3-e980-ec95-575283c2539c,64,4686068,5963454,5964221,4687118,767,1278153,1277386,0,0,0
5964407,24ea2f78-24fa-350e-ec70-d93aa260f227,64,4686034,5963724,5964407,4687207,683,1278373,1277690,0,0,0
5964707,5dcf19aa-bb3d-c51c-b893-dae943ab6168,32,4686039,5963865,5964707,4687295,842,1278668,1277826,0,0,0
5964767,69f6a8cb-42ac-dbbb-d328-bb735234967d,64,4685929,5964005,5964737,4687391,732,1278808,1278076,0,0,0
5964863,01183a0a-b908-b9f4-7d24-28d4e8eca39b,64,4686059,5964221,5964863,4687471,642,1278804,1278162,0,0,0
5966348,aadbb2fc-9331-653d-1b36-84b41b13a85f,64,4686089,5964407,5966348,4687500,1941,1280259,1278318,0,0,0
5966415,a37ae656-2a03-1bf9-da4d-4948435bfa43,64,4685910,5964767,5966415,4688316,1648,1280505,1278857,0,0,0
5967205,40d6c0ac-82ab-fb8d-69fc-339fe9dcbdd1,64,4687562,5966348,5967205,4688840,857,1279643,1278786,0,0,0
5967835,0823e20b-08ff-7421-c76e-e7c026c53162,64,4687560,5966415,5967835,4689228,1420,1280275,1278855,0,0,0
5968438,7e34edc3-dbe9-664c-f6b2-41f316f2af16,64,4687677,5967205,5968438,4689276,1233,1280761,1279528,0,0,0
5968737,6789278d-cc86-ac85-4212-173f5e997f0d,64,4687707,5967835,5968737,4689279,902,1281030,1280128,0,0,0
5969815,d8060ff5-059b-b77b-d921-0c645299607c,64,4687670,5968438,5969815,4689392,1377,1282145,1280768,0,0,0
5970467,313e59a2-f546-f5ee-d999-6d9d61eb8774,64,4687660,5968737,5970467,4689511,1730,1282807,1281077,0,0,0
5971152,ef3cfc8f-5e58-e27a-9256-fa39e5b6ead0,64,4687703,5969815,5971152,4689536,1337,1283449,1282112,0,0,0
5971411,d08ef8b5-c556-f034-b177-3184a3d2e30b,64,4687523,5970467,5971411,4689573,944,1283888,1282944,0,0,0
5972721,b3fce44c-942a-9c09-7b32-99df50833557,32,4687675,5971411,5972721,4689907,1310,1285046,1283736,0,0,0
5972841,361f448c-cb53-c44a-5126-28f2978bd951,64,4687675,5971152,5972841,4689616,1689,1285166,1283477,0,0,0
5973511,72f4c4b3-453a-2e55-6fe2-43b3828648b4,64,4690890,5972841,5973511,4691653,670,1282621,1281951,0,0,0
5974024,05a562a9-6cc7-3151-1172-44f793645e43,64,4690878,5973511,5974024,4691722,513,1283146,1282633,0,0,0
5975012,4ba9008d-85af-b680-e39f-6cc716f39bed,64,4691054,5974024,5975012,4691799,988,1283958,1282970,0,0,0
5976239,129f9fa5-3b6a-38cf-e0df-542da5b813c2,64,4690949,5975012,5976239,4692201,1227,1285290,1284063,0,0,0
5976422,5dc228d3-ab91-dd71-ba0d-24f5cff54357,64,4659898,5964102,5976422,4687455,12320,1316524,1304204,0,0,0
5976774,28018e89-0f94-e2f9-4296-8a4a53398474,64,4691034,5976239,5976774,4692322,535,1285740,1285205,0,0,0
5977758,2eeaf8b3-f3e5-118a-ab0d-bf1175770452,64,4691726,5976774,5977758,4692534,984,1286032,1285048,0,0,0
5978882,2bf23fc0-7393-9a80-a783-621808dc05ef,64,4691905,5977758,5978882,4692893,1124,1286977,1285853,0,0,0
5980257,63cd0cb1-a7b3-b6f9-1358-96aae2751ce6,64,4691717,5978882,5980257,4692896,1375,1288540,1287165,0,0,0
5982020,9814697c-9c02-5145-968f-86586800155d,64,4690915,5980257,5982020,4692915,1763,1291105,1289342,0,0,0
5983378,6e659294-876d-732a-e4a3-482f37c783d1,64,4691719,5982020,5983378,4692978,1358,1291659,1290301,0,0,0
5984215,3094f256-7420-2299-2ad2-85f1607e683f,64,4691159,5983378,5984215,4693006,837,1293056,1292219,0,0,0
5984290,b4c70241-990c-b8bf-c197-8cb867218261,64,4651064,5930389,5984290,4675604,53901,1333226,1279325,0,0,0
5986179,4056c9bd-bdc2-7e8f-b142-b54e5fd62bb0,64,4691117,5984215,5986179,4693026,1964,1295062,1293098,0,0,0
5986239,ad2654a4-8733-0652-dc01-ef9d881cf24c,64,4691716,5984290,5986212,4693087,1922,1294496,1292574,0,0,0
5987857,bbf7f858-2dbb-3bdf-2f23-4d87dc383057,64,4691209,5986179,5987857,4693113,1678,1296648,1294970,0,0,0
5987917,16f89d97-0795-7c4a-162f-bcea7551eb4f,64,4691144,5986239,5987912,4693200,1673,1296768,1295095,0,0,0
5988514,1feb1cf5-7dcb-e113-039f-f46b194274cf,64,4691714,5987857,5988514,4693221,657,1296800,1296143,0,0,0
5988807,ee38a9e9-f377-071a-28e6-a63b4fc34028,32,4691928,5987917,5988807,4693424,890,1296879,1295989,0,0,0
5988913,bc221d90-2edb-7916-22b9-4234eeda2259,64,4659892,5963662,5988913,4687155,25251,1329021,1303770,0,0,0
5989264,a6f7b85d-591a-91ea-38e2-aae3633ad91a,64,4692009,5987917,5989264,4693428,1347,1297255,1295908,0,0,0
5989931,ae1c64c6-9efd-a9e9-e1dd-2f7f00c976e5,64,4691836,5988514,5989931,4693553,1417,1298095,1296678,0,0,0
5990367,af003b94-596c-9252-7039-035691a4d3a5,64,4691929,5988913,5990367,4693847,1454,1298438,1296984,0,0,0
5991072,7455c604-fee9-31f4-582d-45dc38e6a21b,32,4651064,5972721,5991072,4690734,18351,1340008,1321657,0,0,0
6001520,c1ed3940-610d-a84a-34a4-ed3c7f0643ea,32,4659906,5971411,6001520,4689732,30109,1341614,1311505,0,0,0
6006027,e877a70d-692f-e76c-1a20-4dcc4ae8e236,64,4651064,5964863,6006027,4688758,41164,1354963,1313799,0,0,0
6006160,94f319ac-1938-bfc7-4224-91e981e02a64,64,4659895,5976422,6006160,4692381,29738,1346265,1316527,0,0,0
6008186,c148e224-6340-4548-e078-8722adef8e74,64,4651064,5990367,6008186,4696284,17819,1357122,1339303,0,0,0
6009499,e9faa206-7ad7-9ad5-c2dc-09c180ade83c,64,4699662,6008186,6009499,4701924,1313,1309837,1308524,0,0,0
6013590,3b8ee0e0-1ba3-4c18-684a-05d0b6f8dba9,64,4698045,6009499,6013590,4701934,4091,1315545,1311454,0,0,0
6014178,44f2a0db-b20c-651e-0d47-7c015e61df62,64,4660530,5989931,6014178,4695212,24247,1353648,1329401,0,0,0
6015733,8a38ef1d-015d-441f-8e22-0c2dea771919,64,4699666,6014178,6015733,4702724,1555,1316067,1314512,0,0,0
6017649,066208b6-96dd-4b80-a078-6e8f54909f0a,64,4698096,6013590,6017649,4702389,4059,1319553,1315494,0,0,0
6017709,9ea56510-4aa4-b837-7d9e-3bb20853d212,32,4699664,6015733,6017673,4703033,1940,1318009,1316069,0,0,0
6019291,5636d3b7-c069-47d3-72cd-fdd02e616bd7,64,4699670,6015733,6019291,4703374,3558,1319621,1316063,0,0,0
6020736,c5404be9-e6d5-9568-3695-6a3815280e7c,64,4651064,5991072,6020736,4697545,29664,1369672,1340008,0,0,0
6025848,7a52cd11-cb32-32ab-b5e9-fa216fef2a24,32,4715045,6020736,6025848,4722149,5112,1310803,1305691,0,0,0
6025946,57988711-e602-8d06-b441-a695ece321fd,64,4697687,6017649,6025946,4707750,8297,1328259,1319962,0,0,0
6029810,ddc55228-38e1-e998-ddca-9cc3d48f16c5,32,4697638,6019291,6029810,4708393,10519,1332172,1321653,0,0,0
6029877,d3c0331b-c002-c999-cfb3-0320e9bdb511,64,4700684,6019291,6029877,4714409,10586,1329193,1318607,0,0,0
6049852,75d0a2af-1c06-efa6-521b-a1e492e7fc57,64,4660532,5989264,6049852,4694463,60588,1389320,1328732,0,0,0
6056625,b1b8106d-e27e-9a13-022b-2e42cc1e713d,64,4594473,6006027,6056625,4698916,50598,1462152,1411554,0,0,0
6058793,3fa1292a-507b-bb8e-6bd6-f68435073a4e,64,4728279,6056625,6058793,4729935,2168,1330514,1328346,0,0,0
6059518,516bbc7b-7c96-cc00-1903-0a15376d65f7,64,4729679,6058793,6059518,4730907,725,1329839,1329114,0,0,0
6061004,20793a98-f94c-9458-9aff-badc7754cdfc,64,4660533,6025848,6061004,4723443,35156,1400471,1365315,0,0,0
6061579,5c253a40-ba76-96f5-ca69-35bdc89eb2f2,64,4660537,6029877,6061579,4725858,31702,1401042,1369340,0,0,0
6061708,944af6a6-83c1-4496-199a-2509203201a2,64,4729641,6059518,6061708,4731064,2190,1332067,1329877,0,0,0
6062008,0d1d5dbc-7500-56ea-3657-e50a469b4fde,64,4729655,6061004,6062008,4731133,1004,1332353,1331349,0,0,0
6063199,bc1af663-a096-ea2f-bc58-196e2064774f,64,4729624,6061708,6063199,4731493,1491,1333575,1332084,0,0,0
6063740,13b8fad4-1ed7-cc8a-a0f1-963a0269b71b,64,4729617,6061579,6063740,4731441,2161,1334123,1331962,0,0,0
6064130,99adf607-c26e-3dbd-9acb-0045a449aefa,64,4729672,6062008,6064130,4731535,2122,1334458,1332336,0,0,0
6064923,0daba507-1fc7-737c-b94e-b6f89d506e83,64,4729682,6063199,6064923,4732834,1724,1335241,1333517,0,0,0
6065967,fb81519b-ddc9-69b0-689e-77e54f304094,64,4729647,6063740,6065967,4732880,2227,1336320,1334093,0,0,0
6066444,6cdb930c-dc87-885e-8f6e-1e3025d6ad40,64,4729667,6064923,6066444,4733123,1521,1336777,1335256,0,0,0
6066711,5ebbb87b-afba-5ddc-c81c-597a9ba1cbe2,64,4729660,6064130,6066711,4733018,2581,1337051,1334470,0,0,0
6068616,36a7581e-4f17-1a4e-e2d9-79705115898b,64,4734025,6066711,6068616,4735034,1905,1334591,1332686,0,0,0
6070813,e245ed74-e9d5-6e55-fee6-6950e1b340ee,64,4734042,6068616,6070813,4735174,2197,1336771,1334574,0,0,0
6071752,f83f136d-d768-4211-6aed-5760d75b6911,32,4734192,6070813,6071752,4735860,939,1337560,1336621,0,0,0
6072032,8b5b73df-d701-8ade-04a0-c5990fab3b92,32,4733995,6070813,6072032,4735645,1219,1338037,1336818,0,0,0
6073447,020359c1-941e-22e9-f492-12e96cc1bd55,64,4734005,6071752,6073447,4735870,1695,1339442,1337747,0,0,0
6074548,b85acaf0-d7fd-6197-f750-6c46ddd0bcc0,32,4734005,6073447,6074548,4735926,1101,1340543,1339442,0,0,0
6075125,7453c9c3-8ebc-02b1-3866-5e813ff1254b,32,4734007,6073447,6075125,4736328,1678,1341118,1339440,0,0,0
6075887,efef1246-16d4-f2f7-3b6b-c3b774309740,32,4733984,6074548,6075887,4736339,1339,1341903,1340564,0,0,0
6077630,7609c580-2fd4-6a8e-e5d0-6bcf596d88dc,64,4734127,6075125,6077630,4737069,2505,1343503,1340998,0,0,0
6078365,dc247a02-286c-b3e0-02b5-166d0f3cc54f,64,4659905,6025946,6078365,4725652,52419,1418460,1366041,0,0,0
6079673,58c68877-4897-c6e2-1581-f33ea5b38959,64,4324478,5841618,6079673,4648691,238055,1755195,1517140,0,0,0
6079933,5ef75904-b1d9-4480-0caf-014434b51e65,64,4733978,6077630,6079933,4737229,2303,1345955,1343652,0,0,0
6080682,d9f0fa1f-c2a1-ea12-89ce-ab51a79a80da,64,4738238,6078365,6080682,4739529,2317,1342444,1340127,0,0,0
6080818,3918d757-1b62-5489-b94e-52be346b544c,64,4594450,6006160,6080818,4701672,74658,1486368,1411710,0,0,0
6081347,b99eec19-ac0f-a13a-8332-d1b9f42d157f,64,4738239,6079933,6081347,4739905,1414,1343108,1341694,0,0,0
6081623,b04dee79-4ff6-308a-9135-6bfe6193dc3d,64,4738237,6080682,6081623,4739913,941,1343386,1342445,0,0,0
6081686,3ad782dc-8dc8-ad97-699e-5dc9cae33dbb,64,4738355,6079673,6081686,4739682,2013,1343331,1341318,0,0,0
6081832,72a4bac6-9288-88f6-4c38-f15a66a247b7,64,4738166,6080818,6081832,4739924,1014,1343666,1342652,0,0,0
6082325,2b36b6f5-a2b3-ee1b-d1aa-0c74f9449817,64,4738157,6081347,6082325,4739994,978,1344168,1343190,0,0,0
6082572,7ef86974-ffb0-f027-1ca3-d15acad743d3,64,4738189,6081623,6082572,4740699,949,1344383,1343434,0,0,0
6083074,a9e7bb4f-a0b8-bebf-b82b-2b9310404bf3,64,4738292,6082325,6083074,4740861,749,1344782,1344033,0,0,0
6083313,445f1ad1-b801-2d83-faea-50545fb56c40,64,4738139,6081686,6083313,4740703,1627,1345174,1343547,0,0,0
6083429,c6991c22-be14-6c81-833b-b2f3e9972938,64,4738072,6081832,6083429,4740730,1597,1345357,1343760,0,0,0
6085548,ff2c37dc-6bfc-abd7-9831-3d758b719ba7,64,4739475,6082572,6085548,4743247,2976,1346073,1343097,0,0,0
6090105,cf92bd95-9b48-d302-7d2b-87148de0b52a,64,4730588,6083313,6090105,4744344,6792,1359517,1352725,0,0,0
6090372,f0582911-0499-9aeb-d8b6-a5b0c7c22f1b,64,4703395,6065967,6090372,4733852,24405,1386977,1362572,0,0,0
6096337,cd766247-e4ac-da19-6413-93ca3c87b498,64,4743928,6090372,6096337,4751160,5965,1352409,1346444,0,0,0
6112003,03305744-9ae4-16ba-0228-62c4b7ab7799,64,4710021,6083074,6112003,4743688,28929,1401982,1373053,0,0,0
6113053,b41287fb-6d08-5507-7262-c8cb5af7233a,64,4651064,6049852,6113053,4728743,63201,1461989,1398788,0,0,0
6117482,477ab887-4ae3-ba94-3020-366c7a7634b5,64,4713966,6083429,6117482,4746677,34053,1403516,1369463,0,0,0
6117917,a15c6648-d355-441e-3e3f-9b1ec29295fd,64,4752135,6112003,6117917,4758917,5914,1365782,1359868,0,0,0
6118520,6025cf7c-4966-055e-98a8-a428266ecb23,64,4762024,6117917,6118520,4762814,603,1356496,1355893,0,0,0
6119077,cfea3a8f-7b8d-b32f-39f7-113dba9bb777,64,4762493,6118520,6119077,4762865,557,1356584,1356027,0,0,0
6121356,05bcde63-f667-a91a-71c7-ebf1f9dbe07e,64,4731255,6096337,6121356,4754254,25019,1390101,1365082,0,0,0
6122030,e90c961c-c172-64d8-a6a2-1998afad738e,64,4763188,6121356,6122030,4763774,674,1358842,1358168,0,0,0
6122816,4b662fe0-c789-3c91-0ea5-102b2a14eafd,64,4763730,6122030,6122816,4764362,786,1359086,1358300,0,0,0
6132046,2d598b9d-b3e3-f68f-afce-09490dd1db5f,64,4751984,6117482,6132046,4761733,14564,1380062,1365498,0,0,0
6136571,590bbfbc-0160-c1c4-0ff8-a84c008ba779,64,4660541,6066444,6136571,4733920,70127,1476030,1405903,0,0,0
6136797,922e3abc-7ada-31a6-7c2a-5ca20c921749,64,4660541,6090105,6136797,4749462,46692,1476256,1429564,0,0,0
6138392,2700b560-9bd8-9990-b786-834b39c1801b,64,4759437,6136571,6138392,4766704,1821,1378955,1377134,0,0,0
6138765,ecea934f-263d-979a-03ba-c96e3c8f5a90,32,4770968,6138392,6138765,4771477,373,1367797,1367424,0,0,0
6140298,30794bd3-4ba4-08a8-d15d-4c4315678e9b,64,4752138,6122816,6140298,4765614,17482,1388160,1370678,0,0,0
6140886,13131048-93b3-f363-d307-32958326c2dd,32,4771433,6140298,6140886,4772289,588,1369453,1368865,0,0,0
6144966,275ac9d6-0b9f-97a5-5510-f78642004a56,64,4751982,6136797,6144966,4767153,8169,1392984,1384815,0,0,0
6145343,b64a46f5-eb6d-b35f-2950-94bbf3c8e316,64,4683679,6113053,6145343,4760307,32290,1461664,1429374,0,0,0
6146379,0a9c4b09-7e1d-890f-7bac-9b448af0744c,32,4751989,6138392,6146379,4768935,7987,1394390,1386403,0,0,0
6148699,92fcbafc-4501-a390-b249-c3c8a18e1a64,64,4758864,6144966,6148699,4775232,3733,1389835,1386102,0,0,0
6149466,20b6a33c-15d3-24dc-0dc4-aa1006062b52,64,4660530,6085548,6149466,4748584,63918,1488936,1425018,0,0,0
6150995,1cd6cf0d-e228-d8e4-e964-f172a9a9bd76,64,4745228,6119077,6150995,4763069,31918,1405767,1373849,0,0,0
6159914,6595fa90-4584-b215-0e30-20b68815251c,64,4751985,6138765,6159914,4771751,21149,1407929,1386780,0,0,0
6161958,7e35cb46-7b76-9a50-e549-84aef3e205de,64,4751993,6140886,6161958,4772692,21072,1409965,1388893,0,0,0
6174010,e4cfb2f3-9fc6-ea49-444a-bb9a251356e1,64,4752138,6145343,6174010,4775591,28667,1421872,1393205,0,0,0
6178392,685a9a7c-b83f-34ca-79a0-d586369db2ef,64,4777743,6174010,6178392,4782978,4382,1400649,1396267,0,0,0
6180027,b26d6078-5d5b-7adb-ee77-f590ea1581f6,64,4751980,6161958,6180027,4782881,18069,1428047,1409978,0,0,0
6182449,af826da0-5a18-f557-8f24-73da4141c9c5,64,4752135,6149466,6182449,4777696,32983,1430314,1397331,0,0,0
6189843,b9175922-18c6-a4ff-e3eb-ebd71e65ca50,64,4768179,6178392,6189843,4783444,11451,1421664,1410213,0,0,0
6189903,83c7f1d9-a3d7-ad9b-a9b2-97702aaa9394,64,4751992,6150995,6189867,4780176,38872,1437875,1399003,0,0,0
6190439,2046eeb5-9888-d27b-b1e5-2a9006506312,64,4788279,6189903,6190439,4789442,536,1402160,1401624,0,0,0
6190499,dad2e66e-8da4-ced1-1423-040dfa4fa66c,64,4763784,6182449,6190480,4786361,8031,1426696,1418665,0,0,0
6191797,c04f4bd0-bcfe-4408-9ac7-25a740b60c17,64,4777540,6190439,6191797,4789626,1358,1414257,1412899,0,0,0
6192140,dc29aca7-2061-2cdd-2146-de313a6b65aa,64,4786101,6190499,6192140,4790289,1641,1406039,1404398,0,0,0
6193718,5bf99857-c8cd-a671-c91d-bf0780e2811b,64,4752138,6159914,6193718,4781070,33804,1441580,1407776,0,0,0
6194983,52c2526e-737e-68ed-8b04-09e4fb65c3d3,64,4751980,6148699,6194983,4777254,46284,1443003,1396719,0,0,0
6195834,725d71f1-836a-2e1d-38f5-3fd1a711fd90,64,4787683,6194983,6195834,4790999,851,1408151,1407300,0,0,0
6195894,433fca8a-f72a-1b7a-ea78-b0884c9b9009,64,4786167,6191797,6195837,4790694,4040,1409670,1405630,0,0,0
6196035,b7017485-7b18-c0a5-ad3e-8705cd525f9f,64,4786068,6193718,6196035,4790990,2317,1409967,1407650,0,0,0
6196104,2e095630-d7b4-2669-d42c-ef0517fc87fd,64,4669989,6132046,6196104,4766617,64058,1526115,1462057,0,0,0
6197140,244226d7-271b-b0ac-fb83-4299b0dba7b4,32,4786821,6196104,6197140,4792268,1036,1410319,1409283,0,0,0
6197220,1dd19a42-cb8b-e57b-115c-13dec14df98e,64,4786785,6195834,6197220,4791812,1386,1410435,1409049,0,0,0
6197489,9f6e292a-bd6a-6ee8-191c-2be69e2189db,32,4786983,6195834,6197489,4791551,1655,1410506,1408851,0,0,0
6198032,9f999133-6e11-edc4-3c37-531544bd8fcd,64,4777719,6195894,6198032,4791945,2138,1420313,1418175,0,0,0
6198502,d74d930e-0e0f-6619-6926-61f516ca331c,64,4786134,6197220,6198502,4792721,1282,1412368,1411086,0,0,0
6200170,fcce4fb6-fd97-a595-26be-21e57ac20f0f,64,4786014,6196035,6200170,4792133,4135,1414156,1410021,0,0,0
6200251,c8b1ef8c-12a5-9eaf-f0d4-ad0c23a29fe4,64,4777666,6198502,6200251,4792877,1749,1422585,1420836,0,0,0
6200346,2ddcc829-0d24-c21d-97a3-5108d7b3c866,64,4786232,6198032,6200346,4792741,2314,1414114,1411800,0,0,0
6201148,74ed53ce-ef0e-bfd3-3398-39aa7e95b992,64,4786198,6197140,6201148,4792463,4008,1414950,1410942,0,0,0
6202103,088c436b-e5c0-13c2-aed5-d608b7c92e13,64,4787133,6201148,6202103,4793483,955,1414970,1414015,0,0,0
6202499,c3e8212d-744f-eff8-8257-7dd19d193891,64,4786264,6200251,6202499,4793249,2248,1416235,1413987,0,0,0
6203096,2b0d5b1c-027d-8e84-db0e-09ffb6e3f5d3,64,4786331,6200346,6203096,4793319,2750,1416765,1414015,0,0,0
6203355,696932ac-9349-c66a-0588-15b3ed335d5f,64,4788311,6200170,6203355,4793162,3185,1415044,1411859,0,0,0
6205076,430679d8-b058-4c0b-2931-e8032ec9e5f6,64,4786297,6203355,6205076,4794215,1721,1418779,1417058,0,0,0
6206288,f4dea863-71d0-f4fd-9b50-9cd77793231f,64,4788345,6203096,6206288,4794137,3192,1417943,1414751,0,0,0
6206792,be3ff70d-b552-f386-5a96-ef37ee45a744,64,4788245,6206288,6206792,4795216,504,1418547,1418043,0,0,0
6207505,523c0ed4-acd3-cc0b-b65d-95c2522c12e1,64,4777519,6205076,6207505,4795099,2429,1429986,1427557,0,0,0
6207826,6fd8440a-5283-889c-c31f-37eb2c981221,64,4788512,6206792,6207826,4795223,1034,1419314,1418280,0,0,0
6208462,59430636-b0b1-69f7-378f-78da14308e24,64,4777663,6202499,6208462,4794050,5963,1430799,1424836,0,0,0
6209143,072a5087-67d9-d83b-7fdf-c5c0876cacdd,64,4795308,6208462,6209143,4795990,681,1413835,1413154,0,0,0
6209496,5dda5439-d5af-e4fe-ca97-8dfacb3f99af,64,4786854,6207826,6209496,4795714,1670,1422642,1420972,0,0,0
6209609,2b105a3d-7f07-a2ad-c4c1-d18113e8b22b,64,4795839,6209143,6209609,4796446,466,1413770,1413304,0,0,0
6210701,2d17534a-4834-19b1-c8f5-d39ec3ad1a08,64,4788378,6207505,6210701,4795512,3196,1422323,1419127,0,0,0
6211028,dac5169d-f15b-854e-150b-1760f371c77e,64,4777781,6209496,6211028,4796812,1532,1433247,1431715,0,0,0
6211534,1dadd807-16d8-3599-ac66-69e6befb3cb8,64,4786951,6211028,6211534,4798283,506,1424583,1424077,0,0,0
6213055,97ad6a67-299f-3047-eefa-dcfa60ff9567,32,4788212,6211534,6213055,4799437,1521,1424843,1423322,0,0,0
6213124,424c330b-9e02-0261-cae5-7ceaefd5d562,64,4786890,6209609,6213124,4797124,3515,1426234,1422719,0,0,0
6213739,1fac6d85-c433-c4f0-1683-541bd1801014,64,4751986,6180027,6213739,4785702,33712,1461753,1428041,0,0,0
6214349,0067eaa6-483d-c53a-fc9d-b77e398c31c0,64,4787541,6210701,6214349,4797763,3648,1426808,1423160,0,0,0
6214820,0029691e-0c18-2305-0341-f831ea4a742b,32,4788410,6213055,6214820,4800579,1765,1426410,1424645,0,0,0
6216009,8d72441d-0709-9bf8-6d3f-9e041b14a2aa,32,4800640,6214820,6216009,4803055,1189,1415369,1414180,0,0,0
6217136,50e5b83b-c388-fb0e-2263-e16c66b768bd,32,4800675,6216009,6217136,4803336,1127,1416461,1415334,0,0,0
6217464,65173bc6-ceb8-9364-8e24-2b1dc5736b1c,64,4777622,6214349,6217464,4802135,3115,1439842,1436727,0,0,0
6219284,ee34827a-8958-92ee-d0ff-a971910fff44,64,4800577,6217136,6219284,4803682,2148,1418707,1416559,0,0,0
6230354,d094805e-1668-e9f8-820f-46424e6cebb2,64,4751980,6192140,6230354,4790847,38214,1478374,1440160,0,0,0
6234795,f431f8f1-87db-9211-f84f-e7ef5c726f34,32,4777627,6230354,6234795,4805220,4441,1457168,1452727,0,0,0
6236641,636ba8a3-e50e-f872-a892-f46778494ae5,64,4766962,6189843,6236641,4788149,46798,1469679,1422881,0,0,0
6237495,65d8350a-63fd-b07a-5c7f-9aef3403bfdf,32,4766975,6211534,6237495,4799152,25961,1470520,1444559,0,0,0
6240698,a3cd07bb-94f6-86bf-19b1-af6923bb1f64,64,4777586,6234795,6240698,4805307,5903,1463112,1457209,0,0,0
6240974,1d3c9859-2ccb-87cb-668e-d827cd101511,64,4300605,5794144,6240974,4621467,446830,1940369,1493539,0,0,0
6241276,488bd31f-4019-175a-98e4-18359b7215f8,64,4800607,6240698,6241276,4805611,578,1440669,1440091,0,0,0
6251663,0f92b3fb-081d-f5b6-e224-81801d4ac6f9,64,4780772,6241276,6251663,4805969,10387,1470891,1460504,0,0,0
6252171,a893b7e0-4bd3-63b4-37bb-f1542119e1c1,64,4799698,6251663,6252171,4806365,508,1452473,1451965,0,0,0
6252808,b2ea6850-94bf-e660-4e87-9c6249fa555e,64,4805949,6252171,6252808,4806469,637,1446859,1446222,0,0,0
6252977,c068a64c-d5d6-4a82-7500-d6ef0453ab6d,64,4780803,6236641,6252977,4805563,16336,1472174,1455838,0,0,0
6253512,0fa38669-b33a-82a9-7a73-42fc741d6857,64,4805949,6252977,6253512,4807022,535,1447563,1447028,0,0,0
6253775,18323765-d145-2528-f91b-ad400b022156,64,4805939,6252808,6253775,4806857,967,1447836,1446869,0,0,0
6253835,bcf7bbc2-8e38-440e-6cf9-8cc8a20c9fea,64,4777582,6240974,6253796,4805684,12822,1476214,1463392,0,0,0
6254090,fa32126e-995d-1d59-efd9-b5e10ded1b4d,64,4805936,6253512,6254090,4807108,578,1448154,1447576,0,0,0
6254878,4dbb5559-8c12-d6ef-31fa-b84d80dd8005,64,4805958,6253775,6254878,4807210,1103,1448920,1447817,0,0,0
6255839,112458e5-e7ae-468b-83a1-dcf0495efe40,64,4805957,6253835,6255839,4807883,2004,1449882,1447878,0,0,0
6256427,8d9f42bc-b0e0-d156-cef8-8a52e4cda3b9,64,4751984,6202103,6256427,4793873,54324,1504443,1450119,0,0,0
6256928,f0a968a6-aea2-d49e-7dc2-c940fa26897a,64,4799657,6256427,6256928,4808873,501,1457271,1456770,0,0,0
6258268,31ea2821-3034-7270-681f-f52852ec03ca,64,4780771,6255839,6258268,4808228,2429,1477497,1475068,0,0,0
6259320,613c9847-19ec-4e51-1d9d-dee1e09189f1,64,4752135,6217464,6259320,4803972,41856,1507185,1465329,0,0,0
6262289,24d4dba9-8cf7-fbd8-8d9a-58d83c7c5372,64,4751991,6219284,6262289,4804298,43005,1510298,1467293,0,0,0
6263037,66d78e18-a347-3f18-6341-6840f5b3029a,64,4777553,6254090,6263037,4807996,8947,1485484,1476537,0,0,0
6263210,9c18e0ba-3eea-3cf0-93ff-d1ea14f872f6,64,4777754,6256928,6263210,4809032,6282,1485456,1479174,0,0,0
6263959,4a298783-099c-4929-5705-9671b031a179,64,4751988,6213124,6263959,4801421,50835,1511971,1461136,0,0,0
6264433,5b345ede-d26b-6c21-87e4-7dbaf0ad73fb,64,4751982,6213739,6264433,4801469,50694,1512451,1461757,0,0,0
6265268,d554fadf-7633-9d1d-6694-940dddc5c146,64,4799740,6263210,6265268,4811252,2058,1465528,1463470,0,0,0
6266890,c395428a-024f-f385-a2ef-2b77a0d69a59,64,4782427,6263959,6266890,4812344,2931,1484463,1481532,0,0,0
6268252,b28935e7-8e5b-ef68-3dcf-3be05e4d9d2f,64,4808670,6264433,6268252,4813394,3819,1459582,1455763,0,0,0
6268312,ebd7fd91-5d5a-43aa-de09-b6685422d954,64,4808669,6265268,6268306,4813709,3038,1459637,1456599,0,0,0
6269616,adc4b86d-a180-ee9b-1767-370097e3ab40,64,4777702,6266890,6269616,4818145,2726,1491914,1489188,0,0,0
6271705,c766dd63-683e-1858-dbbe-b0d9802ccb52,64,4811894,6269616,6271705,4821766,2089,1459811,1457722,0,0,0
6275541,d7deaa33-738d-21e8-c0a0-07018acfbadc,64,4751982,6258268,6275541,4809831,17273,1523559,1506286,0,0,0
6278302,56d07ef3-f58a-7328-75db-9c81073fdf7f,64,4780805,6262289,6278302,4810027,16013,1497497,1481484,0,0,0
6278786,d66cbda1-20be-8394-8cbb-ca011cacfd9f,32,4806541,6268252,6278786,4819385,10534,1472245,1461711,0,0,0
6280141,11269f9e-03c0-ca01-ce98-6e40723182d4,64,4821476,6278302,6280141,4824914,1839,1458665,1456826,0,0,0
6282617,2d799705-9e83-0948-89eb-14e833671e1c,32,4821461,6280141,6282617,4825472,2476,1461156,1458680,0,0,0
6285451,97affdcd-26a1-ff29-285c-ecb9ed6d216d,32,4805839,6268252,6285451,4820631,17199,1479612,1462413,0,0,0
6285511,0c5332b3-10d5-d5b8-d448-a70dc04147f5,64,4821493,6282617,6285483,4825716,2866,1463990,1461124,0,0,0
6286835,c27eb09a-77f0-5674-988c-a047e6acb189,64,4751990,6263037,6286835,4810893,23798,1534845,1511047,0,0,0
6289199,3347216c-7a7d-6d78-670c-ada1c783870a,64,4822827,6286835,6289199,4827021,2364,1466372,1464008,0,0,0
6290166,833d19ff-3168-89f2-595f-0d20f3966a62,64,4805941,6268312,6290166,4820965,21854,1484225,1462371,0,0,0
6300643,5578126e-a06a-e93d-01d2-3fc9b44df4b5,64,4807026,6271705,6300643,4822025,28938,1493617,1464679,0,0,0
6306877,23e96b81-004e-0721-0cc8-fa21b601e5b2,64,4751987,6259320,6306877,4809902,47557,1554890,1507333,0,0,0
6313455,d5411860-8583-d0bb-32fb-59fd0c00f8ff,64,4807049,6278786,6313455,4825267,34669,1506406,1471737,0,0,0
6317538,404f04e4-44b0-c797-5fe1-271fda3c3beb,64,4807052,6290166,6317538,4828667,27372,1510486,1483114,0,0,0
6318506,dd50f7e7-d8fd-8386-4748-3ec122d1b5fa,64,4807014,6300643,6318506,4829943,17863,1511492,1493629,0,0,0
6322560,0ae689d6-003e-ea09-ac78-dec5d639d8aa,64,4795591,6285511,6322560,4826171,37049,1526969,1489920,0,0,0
6331841,501da458-e2b9-10f0-a035-d5955653cc44,64,4805951,6306877,6331841,4830132,24964,1525890,1500926,0,0,0
6333810,68a522b9-ff6f-26ca-e245-932771224f95,64,4807046,6289199,6333810,4827609,44611,1526764,1482153,0,0,0
6339271,503ef9cb-1006-37c7-af2c-65fa50e363d5,64,4805940,6317538,6339271,4830653,21733,1533331,1511598,0,0,0
6345075,7400c7a1-0de8-25b2-5246-cc34bcdbe579,64,4807037,6322560,6345075,4832159,22515,1538038,1515523,0,0,0
6345716,ae0343a9-4dff-80fc-3450-4da66a2a6ffe,64,4805839,6318506,6345716,4831096,27210,1539877,1512667,0,0,0
6348612,ad735097-a0c4-e637-565e-a7b89514e86e,64,4741487,6254878,6348612,4808095,93734,1607125,1513391,0,0,0
6349691,50cca99f-5ed2-f65d-0c07-cdc393bc506c,64,4739410,6275541,6349691,4822844,74150,1610281,1536131,0,0,0
6352364,60e565b6-39b3-742d-becf-bc0b5ea62cb9,64,4805840,6333810,6352364,4832855,18554,1546524,1527970,0,0,0
6352838,83bccfa8-f019-19d0-bc72-873246e53c29,64,4805914,6331841,6352838,4832771,20997,1546924,1525927,0,0,0
6357962,2212b446-f39e-ab73-a24a-7b893f22cd74,64,4807051,6345716,6357962,4835987,12246,1550911,1538665,0,0,0
6358113,fe389c35-e28c-259c-8124-14079870fafa,64,4837995,6357962,6358113,4838730,151,1520118,1519967,0,0,0
6358291,65c7fb93-e46a-c676-ddc4-5dd4aa620cd9,64,4807055,6339271,6358291,4835002,19020,1551236,1532216,0,0,0
6362255,20a145c8-8962-31dc-4b67-563a9d7362f2,64,4805952,6313455,6362255,4830278,48800,1556303,1507503,0,0,0
6364219,ca44724a-4502-0c28-d824-a59edb33ce63,64,4807019,6348612,6364219,4836698,15607,1557200,1541593,0,0,0
6368802,69e83561-4557-bdcb-715e-ae421461f0d8,64,4807016,6349691,6368802,4837487,19111,1561786,1542675,0,0,0
6369136,24a7dce4-a3dd-1a45-c75f-7f94ec529f2b,64,4807047,6352364,6369136,4837592,16772,1562089,1545317,0,0,0
6369219,386bf5fc-9b52-ba4d-851e-4fe83a6570b5,64,4840943,6369136,6369219,4841388,83,1528276,1528193,0,0,0
6381210,93de2da0-40ff-5822-dd8d-074742d361aa,64,4807025,6352838,6381210,4838619,28372,1574185,1545813,0,0,0
6384481,478d365f-c209-cac4-44be-71b901dfe84a,64,4807012,6345075,6384481,4835305,39406,1577469,1538063,0,0,0
6386859,b8c52ae1-0d09-a714-fd99-8da8c0524da3,64,4807055,6364219,6386859,4840992,22640,1579804,1557164,0,0,0
6389717,48f8672b-d601-12bd-7a2a-b3001116bead,64,4805917,6358291,6389717,4838775,31426,1583800,1552374,0,0,0
6392166,72811822-fd26-ce31-8a00-c9be55c5e74b,64,4837913,6389717,6392166,4846770,2449,1554253,1551804,0,0,0
6396584,2a329b37-5fcd-39c7-eaa2-c166d1893aba,64,4807040,6369219,6396584,4842993,27365,1589544,1562179,0,0,0
6405449,87b31442-3a6f-f66b-fa8c-178b4e90b61e,64,4807065,6384481,6405449,4844899,20968,1598384,1577416,0,0,0
6415001,dc2f952c-2583-eb38-cebf-3ea4c7a69982,64,4807040,6386859,6415001,4845660,28142,1607961,1579819,0,0,0
6419041,5e065732-03d9-f317-9d7c-24ce85d5bed9,64,4805915,6362255,6419041,4840419,56786,1613126,1556340,0,0,0
6421381,9b828fab-c0c3-6528-3e9d-547a96ce7d17,64,4807019,6381210,6421381,4844348,40171,1614362,1574191,0,0,0
6424261,26994648-2b42-023a-25fa-d4573c10cbcf,64,4805948,6368802,6424261,4841336,55459,1618313,1562854,0,0,0
6427304,a18abfa8-1ced-7991-07fe-b08e08f07b8a,64,4805937,6358113,6427304,4838765,69191,1621367,1552176,0,0,0
6428588,0e832587-315e-b39f-82e9-dd36bc23db22,64,4807039,6415001,6428588,4847372,13587,1621549,1607962,0,0,0
6433151,d057358d-c03b-3a8e-58ed-77989c266a1b,64,4807034,6405449,6433151,4847225,27702,1626117,1598415,0,0,0
6444868,a1592b44-d781-27e8-cb33-94d7aa8d6f81,64,4807011,6427304,6444868,4849386,17564,1637857,1620293,0,0,0
6446355,9e9a3e83-9a4e-f6fc-79a0-e72710e29558,32,4807011,6421381,6446355,4848825,24974,1639344,1614370,0,0,0
6446731,a3c595c8-fd54-44ec-afe4-fdbb4d6fc7e3,64,4807013,6428588,6446731,4849762,18143,1639718,1621575,0,0,0
6448575,c7d012b0-de9c-cb51-6038-e284ceddadec,64,4805941,6396584,6448575,4846905,51991,1642634,1590643,0,0,0
6450724,d99472c6-e6b8-7bf5-2454-a9f6a87dd098,64,4807052,6419041,6450724,4847830,31683,1643672,1611989,0,0,0
6458362,0c44c0fd-e13c-e64d-723e-860e0ae35494,64,4805956,6392166,6458362,4846839,66196,1652406,1586210,0,0,0
6467248,b506aa35-cfa8-5cc8-0dab-44287303f483,64,4766595,6433151,6467248,4850115,34097,1700653,1666556,0,0,0
6477220,bda91c8a-abb6-2c94-eecb-343b28569821,64,4807020,6424261,6477220,4849264,52959,1670200,1617241,0,0,0
6477791,e8d7ea29-3694-d78c-aed1-95c9a8c62c4d,64,4807022,6444868,6477791,4850375,32923,1670769,1637846,0,0,0
6479966,1b69000c-0670-70e0-f765-8613d34172ff,64,4807046,6446731,6479966,4852134,33235,1672920,1639685,0,0,0
6484491,eb5c4ed8-5ef6-840e-9ef8-b5a9b792ff65,32,4852008,6479966,6484491,4859588,4525,1632483,1627958,0,0,0
6489414,7508e10c-1035-ddda-2cf0-c77d7801792b,64,4805950,6450724,6489414,4856013,38690,1683464,1644774,0,0,0
6489787,50d8929c-5157-cf3e-9766-cd4326d18922,64,4807011,6446355,6489787,4850399,43432,1682776,1639344,0,0,0
6501273,cfd51f1e-01da-a440-21db-f7f76d3fcc72,64,4805942,6477791,6501273,4859184,23482,1695331,1671849,0,0,0
6502048,37b5ba07-eb21-0c92-c4ec-df3a1f9850b1,64,4863091,6501273,6502048,4863666,775,1638957,1638182,0,0,0
6502825,a12a8971-8239-e5a8-da61-4a73aaf39dd5,64,4862996,6502048,6502825,4863931,777,1639829,1639052,0,0,0
6503478,205cf4ec-8518-1eb4-c115-761359393a5d,64,4805930,6467248,6503478,4856608,36230,1697548,1661318,0,0,0
6513480,aaaa7602-2886-115f-f9f4-fbcd6f41bc23,64,4807017,6477220,6513480,4857056,36260,1706463,1670203,0,0,0
6516359,0e03622c-110a-156d-72d9-32a41583367e,64,4805923,6448575,6516359,4854655,67784,1710436,1642652,0,0,0
6518107,f3762c9c-7a03-0894-5cac-d5a685fad950,32,4648805,6421381,6518107,4848312,96726,1869302,1772576,0,0,0
6521697,907e5f2d-7f13-387a-f4e3-057067d17836,32,4844581,6503478,6521697,4865905,18219,1677116,1658897,0,0,0
6521757,c69eb431-cf34-4c15-e9b3-589ccf2109f1,32,4805929,6484491,6521753,4861643,37262,1715824,1678562,0,0,0
6526332,4b2a2bb4-097a-575d-36ce-8d27bacc5ea6,64,4808181,6489414,6526332,4862050,36918,1718151,1681233,0,0,0
6531208,fa4f169a-9de9-294d-b71d-2e0faf09c66e,64,4805944,6458362,6531208,4856460,72846,1725264,1652418,0,0,0
6540591,4808884b-6413-7c20-213a-839cdecc87f2,64,4807059,6518107,6540591,4867018,22484,1733532,1711048,0,0,0
6546267,91eca6b7-2d7b-3702-6365-798bcb6bb8fe,64,4807027,6513480,6546267,4866050,32787,1739240,1706453,0,0,0
6553809,279e04e7-6100-3856-22bb-0c8d7bdc80ac,64,4805946,6531208,6553809,4870016,22601,1747863,1725262,0,0,0
6558600,8bef5d54-c0c5-2495-92bf-804e89ca1b26,64,4838354,6546267,6558600,4870369,12333,1720246,1707913,0,0,0
6563485,25e591c8-2fff-7405-6e83-766e4639e799,64,4805925,6540591,6563485,4870112,22894,1757560,1734666,0,0,0
6566229,57232faa-b578-8525-af0a-c5d6ee5e1fb5,32,4807040,6521757,6566229,4867453,44472,1759189,1714717,0,0,0
6567449,341583df-5cee-cd7b-1183-8d860314f10f,64,4807036,6489787,6567449,4862785,77662,1760413,1682751,0,0,0
6575013,8a02711e-02f3-e4d0-eeb8-c6eb700affff,64,4844566,6553809,6575013,4871191,21204,1730447,1709243,0,0,0
6577715,2018ed3f-9a8e-d6e8-5bae-b471236bc49c,32,4799692,6503478,6577715,4865665,74237,1778023,1703786,0,0,0
6582421,5d06fdc3-fe64-41f0-7ec2-eadebf88f749,64,4761849,6516359,6582421,4866173,66062,1820572,1754510,0,0,0
6584767,c2fdb44a-7a8e-854f-dc44-91791d7a0bd0,64,4807021,6526332,6584767,4868279,58435,1777746,1719311,0,0,0
6595149,fa7cf893-24f2-95fc-e4d2-48572d7e085d,64,4838343,6567449,6595149,4875638,27700,1756806,1729106,0,0,0
6595209,33ca11ee-8c59-1d00-6b70-d4d56e0db295,64,4807611,6566229,6595191,4874003,28962,1787580,1758618,0,0,0
6612044,138664e3-c838-6cbc-2c42-e58bd42e937c,64,4805953,6563485,6612044,4873117,48559,1806091,1757532,0,0,0
6614542,fe4d58c1-6794-16cd-e17e-e03a8a5db90b,64,4807015,6558600,6614542,4872872,55942,1807527,1751585,0,0,0
6614983,293572d3-fb63-33cb-0c35-bf2dec4fa141,64,4805936,6582421,6614983,4876613,32562,1809047,1776485,0,0,0
6617276,df9a7704-adc2-5f16-64b3-0768fdfd984e,64,4807040,6575013,6617276,4875927,42263,1810236,1767973,0,0,0
6624468,2872edca-b362-03ce-7646-c493209186d6,64,4805945,6502825,6624468,4864113,121643,1818523,1696880,0,0,0
6636981,b5356bf3-b5f4-149f-5054-b5baa6b02299,64,4805921,6584767,6636981,4876899,52214,1831060,1778846,0,0,0
6651937,d56e0949-1de5-8d73-0e1e-5ebdff99fe31,64,4846845,6612044,6651937,4878337,39893,1805092,1765199,0,0,0
6659157,90c9e728-c66c-2104-5bd9-d3c948434dec,64,4805913,6595209,6659157,4878069,63948,1853244,1789296,0,0,0
6668184,669f5e4f-eddb-2d45-e702-d3cb8f021e9c,64,4805936,6595149,6668184,4876990,73035,1862248,1789213,0,0,0
6674398,4c6694ab-57b5-3de2-31ae-84bec7be05c6,64,4848259,6651937,6674398,4888134,22461,1826139,1803678,0,0,0
6679455,d3f9dab2-57ba-9b4c-e450-9dd3d4bf4f30,64,4807041,6614983,6679455,4883305,64472,1872414,1807942,0,0,0
6687919,c96e517f-e49e-6f6e-6c56-1f785e5a590a,64,4807011,6614542,6687919,4882209,73377,1880908,1807531,0,0,0
6688571,4667b057-7387-de41-3d79-f8b612d0ff7d,64,4807043,6617276,6688571,4885290,71295,1881528,1810233,0,0,0
6693271,6e06f176-d140-f967-0d53-48d15b15674d,64,4805922,6636981,6693271,4887571,56290,1887349,1831059,0,0,0
6697897,e1772a38-96aa-a3ca-baf6-e89f14e0a8d3,64,4807032,6659157,6697897,4888826,38740,1890865,1852125,0,0,0
6717731,3800da79-fcd1-c3b7-6b41-168370972046,64,4807028,6679455,6717731,4893493,38276,1910703,1872427,0,0,0
6731464,cebe11c8-16e7-350e-1486-cd280cabf18c,64,4807054,6697897,6731464,4897959,33567,1924410,1890843,0,0,0
6731560,ba80c88b-9da3-e777-598c-1a48e187ab6d,64,4807036,6693271,6731560,4897747,38289,1924524,1886235,0,0,0
6739466,ac672695-a54b-b06c-b1a3-3f6de3dbe202,64,4807011,6674398,6739466,4890801,65068,1932455,1867387,0,0,0
6750860,8e05cadd-a6f8-a5ac-c30d-afb577756059,64,4805931,6688571,6750860,4896898,62289,1944929,1882640,0,0,0
6752438,f35c02fd-d88b-4a71-ba53-d4ca79d1acbd,64,4900689,6750860,6752438,4901728,1578,1851749,1850171,0,0,0
6759371,2a24cab7-eb65-c70d-1c64-72c8bafe90d2,64,4805934,6624468,6759371,4885699,134903,1953437,1818534,0,0,0
6767256,05c95f58-9df5-4a21-6036-3d282e27c83f,64,4807025,6687919,6767256,4896223,79337,1960231,1880894,0,0,0
6794179,41659d74-a93b-ea35-8332-b29b80994da1,64,4807042,6717731,6794179,4898587,76448,1987137,1910689,0,0,0
6795079,79d81ee9-1d4b-c914-0bdf-a5f0c653705e,64,4805914,6731464,6795079,4899343,63615,1989165,1925550,0,0,0
6806741,960a035c-0786-a459-cf89-321cff4ca29e,64,4805934,6731560,6806741,4899964,75181,2000807,1925626,0,0,0
6819886,099c3693-fe59-189f-3035-fa61437478bd,64,4889848,6806741,6819886,4917966,13145,1930038,1916893,0,0,0
6829297,d51878a7-c962-8855-9f4e-f5d61b1a5a06,64,4875158,6794179,6829297,4910740,35118,1954139,1919021,0,0,0
6832613,00ef3377-08ed-3047-1900-1fc9ca445a6b,64,4807023,6752438,6832613,4906022,80175,2025590,1945415,0,0,0
6832613,8947494f-96c8-4002-d215-2070e4eea1bc,64,4807030,6795079,6832613,4910754,37534,2025583,1988049,0,0,0
6834885,75a8457d-74f8-94e2-70a1-e5ddd403653e,64,4691564,6739466,6834885,4900108,95419,2143321,2047902,0,0,0
6857483,ca9d0590-b36a-7314-7893-aa696790b027,64,4725513,6668184,6857483,4890769,189299,2131970,1942671,0,0,0
6860547,6cd6b9e1-0765-6c22-9bcd-e988ce25d281,64,4915374,6857483,6860547,4928198,3064,1945173,1942109,0,0,0
6861548,e97c0337-28f6-f012-2ba5-a631cb776246,64,4927636,6860547,6861548,4928619,1001,1933912,1932911,0,0,0
6862930,ce972144-4d17-094c-9288-cbf5a6bd63a4,64,4766972,6767256,6862930,4908112,95674,2095958,2000284,0,0,0
6864797,c75861c1-c0ac-b3e0-3083-807316e7d97b,64,4805924,6759371,6864797,4907449,105426,2058873,1953447,0,0,0
6893308,6f35fae2-c082-1f39-577a-e5a180b6068f,64,4867123,6862930,6893308,4936907,30378,2026185,1995807,0,0,0
6902667,51a2427a-dff9-2d8f-a33c-e56fc7b7383e,64,4805930,6832613,6902667,4927112,70054,2096737,2026683,0,0,0
6908141,004fe610-299a-7d68-7a0d-bbe1c105ab46,64,4868521,6832613,6908141,4924956,75528,2039620,1964092,0,0,0
6908717,ce5e137f-8772-3818-65e3-1112c35826a5,64,4836265,6819886,6908717,4918385,88831,2072452,1983621,0,0,0
6918922,3b8846e6-1823-9790-4046-0d07d4539094,64,4803450,6834885,6918922,4927416,84037,2115472,2031435,0,0,0
6938225,844e21a8-873a-6a3c-1094-f482b959170a,64,4803450,6864797,6938225,4938149,73428,2134775,2061347,0,0,0
6939774,f8dc2c64-c4e4-3753-8a0d-9af8322c519f,32,4930416,6918922,6939774,4947042,20852,2009358,1988506,0,0,0
6943040,6cddab56-8c30-6073-e8e4-c8deddd98c67,64,4862515,6908717,6943040,4942859,34323,2080525,2046202,0,0,0
6943838,c3aa59ef-e5bb-ffb9-e2c0-7b0fbc374a1e,64,4943889,6938225,6943838,4952952,5613,1999949,1994336,0,0,0
6963879,4e33db37-3142-5d81-0912-fddc0d36d15b,64,4936891,6943838,6963879,4956342,20041,2026988,2006947,0,0,0
6975142,9e929f50-995c-712f-2a96-08bd0f706894,64,4948227,6963879,6975142,4958137,11263,2026915,2015652,0,0,0
6982437,7f37c8f7-5dfe-c77c-dea0-f4f1d8355a00,64,4837731,6893308,6982437,4938160,89129,2144706,2055577,0,0,0
6987473,6f98e008-f9c2-0003-7958-2b950e0d7608,64,4950039,6975142,6987473,4971861,12331,2037434,2025103,0,0,0
6991723,36b86a13-8d1b-6ecb-2d79-4edf0dd14338,64,4869030,6918922,6991723,4947966,72801,2122693,2049892,0,0,0
7014996,5f786318-3e63-131e-1a6d-a2e5e0351e44,64,4939444,6987473,7014996,4973861,27523,2075552,2048029,0,0,0
7020094,a5c3a0a9-a29c-9dbe-ee8f-0a8837280c98,64,4803450,6829297,7020094,4923196,190797,2216644,2025847,0,0,0
7024268,2e3c7679-6dc2-d7db-9763-7e6ccd87a06a,64,4805929,6943040,7024268,4952983,81228,2218339,2137111,0,0,0
7024597,6b6348f4-d14a-3950-36e7-5939e2d76077,64,4805934,6902667,7024597,4939618,121930,2218663,2096733,0,0,0
7030515,ef0abbd0-dbae-a49d-9527-b10285bb0541,64,4967988,7020094,7030515,4977562,10421,2062527,2052106,0,0,0
7037727,119bd998-f1c3-020d-37e9-1ea49c0723c4,64,4809231,6861548,7037727,4933425,176179,2228496,2052317,0,0,0
7046310,aa10ce87-efbf-b921-e9f2-e2babb8999fa,64,4805914,6908141,7046310,4940439,138169,2240396,2102227,0,0,0
7048968,fe835c51-7e70-b309-3237-1f1493a971f4,64,4928599,7024597,7048968,4980891,24371,2120369,2095998,0,0,0
7071039,f3da143e-4962-394f-7c26-09e1375e5c72,64,4926669,7030515,7071039,4984234,40524,2144370,2103846,0,0,0
7071599,f5662788-2993-71cf-87ce-f9a29b75459c,64,4916109,6982437,7071599,4972540,89162,2155490,2066328,0,0,0
7083603,d961cea0-8a62-6b5c-ac4b-7dbd1961da1f,64,4805913,6991723,7083603,4974724,91880,2277690,2185810,0,0,0
7112573,aa2bcaa7-d90d-a48d-ce0f-3a5342809061,64,4956397,7071599,7112573,4998377,40974,2156176,2115202,0,0,0
7113067,9c174363-bc44-cb36-d89c-568d5674e177,64,4934913,7046310,7113067,4992663,66757,2178154,2111397,0,0,0
7114236,5905fd87-84c1-2470-da04-23dfe634727d,64,5009404,7113067,7114236,5010997,1169,2104832,2103663,0,0,0
7130624,d6c480da-2fd3-5f16-34b8-0226640876fb,64,4803372,7014996,7130624,4976488,115628,2327252,2211624,0,0,0
7131525,156c992b-cc97-7171-f926-393cf1974022,64,4937072,7071039,7131525,4997831,60486,2194453,2133967,0,0,0
7141318,2f17a43f-6f4e-b891-8e0a-c6f5d3c40794,64,4805930,7024268,7141318,4980577,117050,2335388,2218338,0,0,0
7144319,227cc456-193a-fe2a-f8da-93c8c0b4283a,64,5009894,7141318,7144319,5020106,3001,2134425,2131424,0,0,0
7144444,f5dab6fe-1ea4-b89d-9898-2e99fa9fdbb3,64,4946657,7083603,7144444,5004755,60841,2197787,2136946,0,0,0
7165742,242bba10-c7d0-b0d1-4b5f-df7039185b72,32,4974034,7144319,7165742,5020472,21423,2191708,2170285,0,0,0
7181939,2e26d622-e17c-e345-407f-eda6c2aec132,64,4805949,7048968,7181939,4994458,132971,2375990,2243019,0,0,0
7183646,8b160a4d-7adb-f90e-2c91-0cd0cb5e0dab,64,4805919,7037727,7183646,4985467,145919,2377727,2231808,0,0,0
7183857,5183c54f-ab3f-631b-d60c-e979c4d0388b,64,5043815,7181939,7183857,5045715,1918,2140042,2138124,0,0,0
7212464,17430eff-0431-d773-c544-3fb6ead24b3d,64,4961117,7114236,7212464,5016117,98228,2251347,2153119,0,0,0
7233822,15f3f9e1-2170-ef53-9137-8b3ed8abc155,64,4960990,7183646,7233822,5050884,50176,2272832,2222656,0,0,0
7259046,e470dab0-e520-b332-a4a5-8bd60a328c88,64,4940007,7144444,7259046,5038857,114602,2319039,2204437,0,0,0
7265958,a86e45c6-a279-21f6-6d58-f5e065b2e4c5,64,5044880,7259046,7265958,5061968,6912,2221078,2214166,0,0,0
7273636,4e8d2654-cd37-10e6-27eb-e3a50af9da16,64,5044880,7265958,7273636,5064450,7678,2228756,2221078,0,0,0
7279909,e8c80d96-3e5e-9986-c002-cd6bc28d1433,64,4805944,7112573,7279909,5005610,167336,2473965,2306629,0,0,0
7281690,bfb5ab4e-ea57-353c-1dc6-1cb849a7102d,64,5056114,7273636,7281690,5064870,8054,2225576,2217522,0,0,0
7286219,faca2c41-5377-0d9d-c911-7c2732878723,64,4972628,7183857,7286219,5052935,102362,2313591,2211229,0,0,0
7287376,3946ad23-c098-e2b4-7a79-8ed42a0bfd9f,64,5058496,7279909,7287376,5064896,7467,2228880,2221413,0,0,0
7294273,3b1f38f0-0be2-9694-652e-89572ae06f26,64,4804626,7130624,7294273,5016381,163649,2489647,2325998,0,0,0
7300873,5edce3b7-c9ce-362d-7273-b748f5cb2af8,32,5044880,7287376,7300873,5072354,13497,2255993,2242496,0,0,0
7301170,5487452b-226a-cb48-0428-6ad922e40b50,64,5044882,7287376,7301170,5073339,13794,2256288,2242494,0,0,0
7304267,035bd879-eca0-a912-861c-53de98e1e160,64,4805954,7131525,7304267,5019252,172742,2498313,2325571,0,0,0
7306614,99474e78-77cd-ab25-c786-140f2339df60,64,5082307,7301170,7306614,5086734,5444,2224307,2218863,0,0,0
7319679,8fae987e-1ed8-d9a2-345e-2b3707995fbc,32,5082494,7306614,7319679,5091859,13065,2237185,2224120,0,0,0
7320051,c524a1be-a6bb-b51c-85d8-acf312a7186c,32,5044880,7301170,7320051,5085321,18881,2275171,2256290,0,0,0
7322244,cc40d3a5-94be-a0bd-75d2-4173ee56aea4,64,5044880,7286219,7322244,5070964,36025,2277364,2241339,0,0,0
7322679,f12c2046-1cdb-06cb-e9c3-d3719f688611,64,5091838,7322244,7322679,5093198,435,2230841,2230406,0,0,0
7322807,ac7625b8-0fc0-6f77-b27b-14fdd4edc9d8,64,5091859,7322679,7322807,5093230,128,2230948,2230820,0,0,0
7325073,3bcb4f32-e3b5-2c1d-1a0a-1af2999f64e9,64,4835193,7144319,7325073,5022932,180754,2489880,2309126,0,0,0
7325133,605a79a3-279e-a501-4274-f88a5cbe6bb3,64,5091540,7322807,7325082,5093540,2275,2233542,2231267,0,0,0
7325439,c62d7b34-ddbd-67b1-4279-c1cc67b80414,64,5091905,7325133,7325439,5094015,306,2233534,2233228,0,0,0
7325524,9631be62-13b4-98db-d9bc-e2196fb398f4,64,5093354,7325439,7325524,5094445,85,2232170,2232085,0,0,0
7326248,9241e029-082d-c372-c996-a54bbcbb0658,64,5091830,7325073,7326248,5093836,1175,2234418,2233243,0,0,0
7326368,5d03e927-3c76-cf5b-f9ee-56874a411b06,64,5091866,7325524,7326368,5094514,844,2234502,2233658,0,0,0
7326553,e2073d92-c1c6-5bbb-2b02-38ae67de3fca,64,5091864,7326248,7326553,5094546,305,2234689,2234384,0,0,0
7326942,d85a4e1a-66ed-b71c-6a98-979991354949,64,5093311,7326368,7326942,5094876,574,2233631,2233057,0,0,0
7327609,a550a4d1-8e27-e044-9aa8-33b4a982d88e,64,5093355,7326553,7327609,5095227,1056,2234254,2233198,0,0,0
7327886,feb3a855-48e6-1273-4680-13786e607c2f,64,5093442,7326942,7327886,5095252,944,2234444,2233500,0,0,0
7327946,f0c3dc02-c4f8-c5ce-92ca-910d738cf3da,64,5091904,7327609,7327910,5095344,301,2236006,2235705,0,0,0
7328150,ddebaa54-9f6c-807f-1234-f67203d11260,64,5093325,7327886,7328150,5095670,264,2234825,2234561,0,0,0
7328595,1bb868d5-88c0-23d7-786c-014f65fae4a1,64,5093421,7328150,7328595,5095752,445,2235174,2234729,0,0,0
7328964,c65e23c7-9865-6bba-2ea8-16ef624949a0,64,5091911,7327946,7328964,5095683,1018,2237053,2236035,0,0,0
7330573,c1886c58-5208-72d3-9c21-592004007c5d,64,5093474,7328964,7330573,5095957,1609,2237099,2235490,0,0,0
7331699,60b97459-09e2-f56e-f0a3-be304d06b31c,64,5091910,7328595,7331699,5095792,3104,2239789,2236685,0,0,0
7332758,bb84711f-267c-b754-91c6-485467a9cca9,64,5093305,7331699,7332758,5096189,1059,2239453,2238394,0,0,0
7332891,bd95c7f5-dbaa-1aa2-ab9c-405dfd8a2b0a,64,5093420,7330573,7332891,5096064,2318,2239471,2237153,0,0,0
7333399,49058e12-0277-f141-3240-ab1579a7e05a,64,5091857,7332891,7333399,5096210,508,2241542,2241034,0,0,0
7334308,941eddf9-6460-f660-c08d-551fb9e89990,64,5093358,7332758,7334308,5096189,1550,2240950,2239400,0,0,0
7335237,c1f6afec-a15e-0655-e276-db301adecee4,64,5093376,7334308,7335237,5096253,929,2241861,2240932,0,0,0
7335597,246f5c1d-04e3-83eb-afca-225afc7cdc3e,64,5082545,7319679,7335597,5092800,15918,2253052,2237134,0,0,0
7336537,4eab6bdd-7fb8-2b3e-4234-e83e0786bad1,64,5093416,7333399,7336537,5096213,3138,2243121,2239983,0,0,0
7336597,c85336db-4754-c20a-902d-f7cf28efd75b,64,5093310,7335237,7336545,5096312,1308,2243235,2241927,0,0,0
7337525,1c05a85b-ca8d-3149-8a29-d1fbee88891c,64,5093338,7335597,7337525,5096362,1928,2244187,2242259,0,0,0
7337663,96944fa8-afb7-7dcd-afb6-f3c9a798deba,64,5093369,7336597,7337663,5096479,1066,2244294,2243228,0,0,0
7338181,517e71e0-47e5-df56-8e96-551aeeba6ad9,64,5093317,7336537,7338181,5096421,1644,2244864,2243220,0,0,0
7338998,7f14d81c-6f6d-18c6-c334-33e0aa566d79,64,5093384,7337663,7338998,5096736,1335,2245614,2244279,0,0,0
7339899,288d6c65-daf2-571c-0736-591d74f9bd90,64,5091835,7338998,7339899,5096966,901,2248064,2247163,0,0,0
7340034,01278844-06c5-6863-3a83-795dc4363bea,64,5093448,7338181,7340034,5096784,1853,2246586,2244733,0,0,0
7341068,f840596b-357c-e81a-3754-85e6ea9ed202,64,5091852,7340034,7341068,5097100,1034,2249216,2248182,0,0,0
7341128,76fc61e3-d5fe-a180-1333-f00ec2f6b14d,64,5093370,7339899,7341091,5097079,1192,2247721,2246529,0,0,0
7341699,da0eb3c3-f8f0-01ae-e924-e01a5f5cc473,64,5093395,7341068,7341699,5097168,631,2248304,2247673,0,0,0
7341777,50d8ae13-5a66-3824-a021-6b00a43ccdd5,64,5093478,7341128,7341777,5097174,649,2248299,2247650,0,0,0
7343278,f45045ad-2454-9c98-1510-71bcc15d3abb,64,5093443,7341777,7343278,5097303,1501,2249835,2248334,0,0,0
7344871,b521d095-94b2-2af0-9080-9121fe41bb81,64,5093412,7341699,7344871,5097181,3172,2251459,2248287,0,0,0
7345176,2f33d653-4421-d249-e3f6-b904fab34b7f,64,5080052,7337525,7345176,5096519,7651,2265124,2257473,0,0,0
7345497,150b8146-856f-fc5c-2d55-b7414b842799,64,5091827,7343278,7345497,5097324,2219,2253670,2251451,0,0,0
7347576,f66037cf-f737-b4aa-b85c-c2c8224c6031,64,5093416,7345176,7347576,5097674,2400,2254160,2251760,0,0,0
7347711,a589c017-16f4-a6b5-a760-a7dfce01fa3f,64,5093455,7344871,7347711,5097339,2840,2254256,2251416,0,0,0
7348125,57b6b27c-bf18-d74a-c743-d9f12d08413f,64,5091833,7347576,7348125,5097720,549,2256292,2255743,0,0,0
7348304,947ab584-5b06-b98e-eef4-74a3fb31a55f,64,5093368,7345497,7348304,5097708,2807,2254936,2252129,0,0,0
7348444,19848c74-6b51-bda0-2c21-d6c536c7b748,64,5093420,7348125,7348444,5097812,319,2255024,2254705,0,0,0
7349246,c9bbdda4-3080-e036-502f-4df3dffd1d40,64,5093432,7347711,7349246,5097788,1535,2255814,2254279,0,0,0
7349306,60562765-9c1d-7a65-d5c8-3c5d48754ef8,64,5091914,7348304,7349289,5097817,985,2257375,2256390,0,0,0
7350086,602596fb-d206-7a87-62c6-0435dc5bb24f,32,5093475,7349306,7350086,5098025,780,2256611,2255831,0,0,0
7350304,e16874df-5639-3a74-a768-b119fd9077b6,32,5093442,7349306,7350304,5098069,998,2256862,2255864,0,0,0
7351460,93350c77-c599-1a45-a3a8-68d786a56845,64,5093436,7348444,7351460,5097885,3016,2258024,2255008,0,0,0
7352419,6bd95a4f-37bf-fcbd-87a4-53041ff3a9f8,64,5093328,7351460,7352419,5098141,959,2259091,2258132,0,0,0
7352517,5708d618-9def-23a1-1042-26f62dfc60b7,64,5091875,7350086,7352517,5098120,2431,2260642,2258211,0,0,0
7352684,b7584252-fd9c-ed09-0442-46cfacf14cbe,64,5093339,7352419,7352684,5098153,265,2259345,2259080,0,0,0
7353286,6c27ca62-141f-8b4c-7977-93611204a9d9,64,5091849,7349246,7353286,5097895,4040,2261437,2257397,0,0,0
7353640,541d0136-17d8-ea64-82d1-0a80a76fc07b,64,5091872,7352684,7353640,5098299,956,2261768,2260812,0,0,0
7353783,150f1ad2-476a-4f1d-bfef-bd38a8112386,64,5091923,7353286,7353783,5098376,497,2261860,2261363,0,0,0
7354336,051852dc-8caf-7d2a-bc40-47fa1c6386f7,64,5093365,7352517,7354336,5098269,1819,2260971,2259152,0,0,0
7354728,8abefd88-626c-ea12-7e12-9751883e153f,32,5093403,7353286,7354728,5098356,1442,2261325,2259883,0,0,0
7354886,f43c67ba-75e3-a0a3-64ac-70a3e84c1940,64,5091915,7353640,7354886,5098430,1246,2262971,2261725,0,0,0
7355185,92ccadb2-8bce-0c24-7ee9-58ac77bd00de,32,5093410,7354336,7355185,5098463,849,2261775,2260926,0,0,0
7356462,bb2c23cb-361f-c924-a7a3-2e37475ce39f,64,5093395,7353783,7356462,5098441,2679,2263067,2260388,0,0,0
7356522,2056dff5-1f58-ceca-3b01-7c93a525e50b,64,5093361,7354886,7356501,5098522,1615,2263140,2261525,0,0,0
7356623,6b4c2dac-df93-b659-a30c-e666d36e7cca,64,5091880,7354728,7356623,5098516,1895,2264743,2262848,0,0,0
7356884,96a805bb-b7a7-d1ba-c6e4-34945e317e80,64,5093315,7356522,7356884,5098608,362,2263569,2263207,0,0,0
7357034,cb697bf9-384e-40c1-71ae-b0b964804241,64,5093417,7356623,7357034,5098647,411,2263617,2263206,0,0,0
7357842,a10cf398-835f-9963-07f5-5f28341e4895,64,5093373,7356884,7357842,5098665,958,2264469,2263511,0,0,0
7358431,9daeceaa-b306-0396-3a12-2631715463ee,64,5093393,7357034,7358431,5098699,1397,2265038,2263641,0,0,0
7358962,13a5893a-6b13-ad0a-5673-28bc55cf185a,64,5093440,7356462,7358962,5098525,2500,2265522,2263022,0,0,0
7359238,00f899de-fca3-39e8-73fb-f31264ecfbeb,64,5093349,7357842,7359238,5098739,1396,2265889,2264493,0,0,0
7359569,adc77c49-c280-6fd5-63ef-c4d9b85f4790,64,5093482,7359238,7359569,5098782,331,2266087,2265756,0,0,0
7359629,43799d48-ce35-d5ea-625f-c9245c9557ea,64,5093397,7358962,7359590,5098772,628,2266193,2265565,0,0,0
7360591,c1cb8d69-8fa7-bdec-e5a6-1a06a8422325,32,5093394,7359569,7360591,5098824,1022,2267197,2266175,0,0,0
7360653,1e26bc3d-f514-083e-f8b5-3c1650798aac,64,5093329,7359629,7360653,5098878,1024,2267324,2266300,0,0,0
7361399,507409da-0242-fb7e-c6c9-77ec41e327ee,32,5093327,7359569,7361399,5098808,1830,2268072,2266242,0,0,0
7361765,0be4a2fb-9853-5a5f-2bf8-4a05d82d6078,64,5091892,7360653,7361765,5098992,1112,2269873,2268761,0,0,0
7361825,69ac030e-0958-06df-03d9-f8c35c922fa4,64,5091843,7358431,7361772,5098768,3341,2269929,2266588,0,0,0
7362171,74b565f8-d8cf-7b88-5a37-a5048d2e304b,64,5093442,7360591,7362171,5098937,1580,2268729,2267149,0,0,0
7362466,367d9053-bec2-e40d-f0b8-1b2952044e75,64,5093491,7361825,7362466,5099019,641,2268975,2268334,0,0,0
7363652,ef30681c-e61b-4afc-a282-84df019b2b5d,64,5091925,7362466,7363652,5099144,1186,2271727,2270541,0,0,0
7363813,e55b116e-680c-40c1-0d57-9ea09b7d5a08,64,5093467,7362171,7363813,5099108,1642,2270346,2268704,0,0,0
7364187,0cad2d63-8cfd-980c-984f-541976b4c117,64,5091870,7363652,7364187,5099163,535,2272317,2271782,0,0,0
7365020,e7f1ec14-f8bf-491d-4311-fb266e153de8,64,5093430,7364187,7365020,5099226,833,2271590,2270757,0,0,0
7365804,8bd0d625-2639-2221-0312-615379927753,64,5093484,7361765,7365804,5099013,4039,2272320,2268281,0,0,0
7366121,c086789e-eb28-7ab1-e4f0-8e676b93c06b,64,5093465,7363813,7366121,5099202,2308,2272656,2270348,0,0,0
7366489,9bb718a5-cd7f-9010-318b-eb4e8251afd9,64,5093345,7366121,7366489,5099421,368,2273144,2272776,0,0,0
7366717,64ff3d41-eb4b-3bd8-2f49-056a9f5f4623,64,5093311,7365020,7366717,5099247,1697,2273406,2271709,0,0,0
7366962,b90914d8-ac79-fd55-03d2-15148c0a268b,64,5091841,7365804,7366962,5099415,1158,2275121,2273963,0,0,0
7367061,e3e32e42-29ac-92f0-66f6-290a592b4112,64,5091910,7366489,7367061,5099451,572,2275151,2274579,0,0,0
7367861,bada092a-5e4c-dce6-1453-9cdb1ec88633,64,5093341,7366962,7367861,5099549,899,2274520,2273621,0,0,0
7368293,6de72534-9c9f-2ec0-ef80-a18943cbfd06,64,5093478,7367861,7368293,5099679,432,2274815,2274383,0,0,0
7369168,2a545726-ca9d-569a-4539-fd8297266ab2,64,5093457,7366717,7369168,5099483,2451,2275711,2273260,0,0,0
7370065,b71a72c1-582c-d97f-0eb4-762ed32b3c0d,64,5091827,7369168,7370065,5099790,897,2278238,2277341,0,0,0
7371940,63d2b7c6-ab1f-0327-e59a-5f4ef8f218d0,64,5093441,7370065,7371940,5099801,1875,2278499,2276624,0,0,0
7372069,1131f87f-3748-5145-dbab-23419a977a80,64,5093443,7368293,7372069,5099714,3776,2278626,2274850,0,0,0
7372519,e3fe266b-a23b-3ed7-70ad-f7ed4277171c,64,5093371,7372069,7372519,5099927,450,2279148,2278698,0,0,0
7372622,54ea3718-46af-357c-8252-0d78cdbfaa37,64,5093398,7371940,7372622,5099926,682,2279224,2278542,0,0,0
7373222,b39844f4-e194-fb21-6e7e-2fbc21f8b225,64,5093343,7372622,7373222,5099961,600,2279879,2279279,0,0,0
7375374,270a4855-d0b6-eada-5b6b-8e34b344a147,64,5091844,7367061,7375374,5099576,8313,2283530,2275217,0,0,0
7376509,b166681c-b2c2-b691-ea74-b216e66d8edc,64,5093455,7372519,7376509,5099928,3990,2283054,2279064,0,0,0
7376569,9a0f7242-eeb7-591f-b304-08fa90bf747e,64,5093470,7375374,7376564,5100048,1190,2283094,2281904,0,0,0
7377402,fd43754e-39eb-005a-bab9-0085e27e12e4,64,5093483,7376569,7377402,5100272,833,2283919,2283086,0,0,0
7377620,28a625e1-4133-6ed1-5821-8c7556c8c3c7,64,5093306,7376509,7377620,5100177,1111,2284314,2283203,0,0,0
7378116,4998ef25-e794-00ee-4a5e-d28785a63296,64,5093457,7377620,7378116,5100393,496,2284659,2284163,0,0,0
7379386,ffab82a0-36e6-5004-12e8-089e4cc639c9,64,4946378,7212464,7379386,5057057,166922,2433008,2266086,0,0,0
7379885,498e6ba4-005d-55a8-2c9f-57059ba0e399,64,4890371,7281690,7379885,5070762,98195,2489514,2391319,0,0,0
7380021,53ce202b-f97c-4b6a-a1ad-0addc94b12db,64,5093422,7377402,7380021,5100348,2619,2286599,2283980,0,0,0
7380444,13189bf2-cf3a-b554-cf32-cd1499c69fcf,64,5093380,7378116,7380444,5100440,2328,2287064,2284736,0,0,0
7380504,66c64e18-fdce-9d79-7fdf-76ae89293c77,64,5093463,7379885,7380468,5100694,583,2287005,2286422,0,0,0
7380921,5630899b-5edb-f93e-69ad-2a79c8cc684d,32,5093359,7379885,7380921,5100605,1036,2287562,2286526,0,0,0
7381101,c89a10a3-17ef-71fc-441b-1a37a931f647,64,5093480,7380444,7381101,5100988,657,2287621,2286964,0,0,0
7382506,2e7cdb3f-4404-97f9-1e60-ba33fcbfa2ca,64,5075694,7373222,7382506,5100005,9284,2306812,2297528,0,0,0
7383075,4221ad1e-17be-360d-996a-d4754efac302,64,5093400,7380504,7383075,5101030,2571,2289675,2287104,0,0,0
7383214,153e09ba-f7b6-e34b-1e60-5b15e915a8f9,64,5091872,7379386,7383214,5100533,3828,2291342,2287514,0,0,0
7384021,0f9d7819-53e6-c977-488d-5d8d0aef77ed,64,5093348,7383214,7384021,5101419,807,2290673,2289866,0,0,0
7384518,aa47bfc8-164b-a766-b4c7-573a84c84c23,64,5093491,7382506,7384518,5101262,2012,2291027,2289015,0,0,0
7384758,baabf7ec-2eca-29b7-9087-ba7334bbc278,64,5093325,7383075,7384758,5101372,1683,2291433,2289750,0,0,0
7385366,876080e1-4c9a-f99a-233d-9eb3d1eba173,64,4940729,7233822,7385366,5059666,151544,2444637,2293093,0,0,0
7385837,b7e1cb21-2e80-c748-de78-c6038ca3c793,64,5093492,7381101,7385837,5101135,4736,2292345,2287609,0,0,0
7385956,709b5f65-ea3e-442f-23cd-ec8466ed34e2,64,5091831,7380021,7385956,5100819,5935,2294125,2288190,0,0,0
7387451,bc9742d3-e955-f593-ce5c-5b2006d23bde,64,5093319,7385837,7387451,5101706,1614,2294132,2292518,0,0,0
7387592,7c53ccb0-96a8-df54-726a-18440cf2a69a,64,5093454,7384758,7387592,5101580,2834,2294138,2291304,0,0,0
7388274,030b23db-bfbe-9ca3-f610-350b76f53b65,64,5093417,7385956,7388274,5101835,2318,2294857,2292539,0,0,0
7388647,62a5aa21-2b3f-de5d-d8b4-d672212552fa,64,5093453,7387451,7388647,5101884,1196,2295194,2293998,0,0,0
7388837,1e767433-fe95-6f4a-ed56-c7c7ae455311,64,5091890,7384518,7388837,5101538,4319,2296947,2292628,0,0,0
7388900,c28fcc52-80fe-11cd-9734-aeb43550d3f7,64,5093444,7388274,7388900,5102177,626,2295456,2294830,0,0,0
7389032,4d1f3b9a-04ca-9bf5-1b97-9060a7f12456,64,5091854,7384021,7389032,5101421,5011,2297178,2292167,0,0,0
7389686,55957cd1-a691-c0e6-1600-b3cf3f0e3075,64,5093317,7388900,7389686,5102340,786,2296369,2295583,0,0,0
7390239,8e86f9b2-d4e6-75f7-3427-fb9ee7912673,64,5093366,7388647,7390239,5102228,1592,2296873,2295281,0,0,0
7390819,1c751ad4-bdec-fa9d-84b0-249af208deed,64,5093493,7385366,7390819,5101685,5453,2297326,2291873,0,0,0
7391040,ed7bd78d-bc67-7747-2e2a-485c97382a4d,64,5093347,7390239,7391040,5102730,801,2297693,2296892,0,0,0
7391425,9c2f3381-7736-fb28-225e-75c8f8f431f9,64,5091843,7387592,7391425,5101930,3833,2299582,2295749,0,0,0
7392333,09a3e57e-2c5b-2eb0-303d-a2528c486219,64,5091861,7388837,7392333,5102281,3496,2300472,2296976,0,0,0
7392547,13e76434-c3cc-b51e-b33d-9b53c3d6a993,64,5093379,7391425,7392547,5102942,1122,2299168,2298046,0,0,0
7392703,e9f410c9-1cfa-78a2-d517-fa40ed233795,32,5093386,7389686,7392703,5102484,3017,2299317,2296300,0,0,0
7392763,3c9ea73a-2f45-a112-5b7c-398883ab6df5,64,5093469,7389686,7392757,5102721,3071,2299288,2296217,0,0,0
7392928,047032f6-33b5-f51d-0a5a-2180c4c0eaf1,64,5093435,7391040,7392928,5102903,1888,2299493,2297605,0,0,0
7393535,2adfedf8-786f-186a-f90a-3610b0b55ce7,64,5093424,7390819,7393535,5102743,2716,2300111,2297395,0,0,0
7393738,ec9f1803-64f3-d80f-88f5-1390a32e6cb4,64,5091905,7389032,7393738,5102469,4706,2301833,2297127,0,0,0
7394139,f65a5aa3-6314-0fcc-c8b6-b9a29b5358d4,32,5093461,7392547,7394139,5103035,1592,2300678,2299086,0,0,0
7394587,a7f3cf5c-9818-13c7-0657-894f0c953522,32,5091834,7392703,7394587,5103116,1884,2302753,2300869,0,0,0
7394738,bb5452fd-26a3-761b-a21f-56b20c650576,64,5093352,7392928,7394738,5103187,1810,2301386,2299576,0,0,0
7394798,7c115895-db1f-3973-a194-3347b9ebce1f,64,5091892,7392763,7394756,5103146,1993,2302864,2300871,0,0,0
7395580,0c4d862e-5ef8-fa9b-8cfc-a54b8ac31e08,64,5093407,7394139,7395580,5103288,1441,2302173,2300732,0,0,0
7395781,8ad09042-ef18-0725-f10c-88c063b55bfb,64,5017182,7294273,7395781,5079491,101508,2378599,2277091,0,0,0
7396476,c41e63d4-9cb1-1b59-1245-6606596fb6ce,64,5093382,7393738,7396476,5103259,2738,2303094,2300356,0,0,0
7396566,7f2487bc-8c10-2bc1-736b-8385522fb6b0,64,5093426,7395781,7396566,5103658,785,2303140,2302355,0,0,0
7397021,b9a1f8c5-929c-c513-5e6f-46b9a77465af,64,5091857,7393535,7397021,5103221,3486,2305164,2301678,0,0,0
7397671,44b2e5aa-f334-bf9b-fadd-e398c09eb13e,64,5093398,7392333,7397671,5102991,5338,2304273,2298935,0,0,0
7397783,c59ac867-b844-81e9-35ba-f0bd455a14d6,64,5091861,7395580,7397783,5103614,2203,2305922,2303719,0,0,0
7397843,f1668e89-59f7-771a-c94b-08d20f1536da,64,5091855,7396476,7397830,5103660,1354,2305975,2304621,0,0,0
7398065,2e3a9584-adf5-38fc-995f-2694b8edffe8,64,5091832,7394738,7398065,5103355,3327,2306233,2302906,0,0,0
7398468,e2c94a44-2248-fe75-5885-dca5cac5ebc7,64,5093425,7396566,7398468,5103811,1902,2305043,2303141,0,0,0
7398618,db1df2c3-2713-9873-f3e4-613a6672cf51,64,5091885,7397021,7398618,5103826,1597,2306733,2305136,0,0,0
7398763,dca4b19e-5ffd-f1cf-fc8e-920df692f963,64,5093424,7397783,7398763,5103925,980,2305339,2304359,0,0,0
7399112,13e10a19-889c-0299-7a19-c2f3386a76b1,32,5093331,7396476,7399112,5103659,2636,2305781,2303145,0,0,0
7399172,a754251d-04fe-52e3-e98a-470cb894550a,64,5093396,7394798,7399132,5103472,4334,2305736,2301402,0,0,0
7399878,2fc3bb1c-577b-8d97-001b-d08ee4fa2e93,64,5093457,7397671,7399878,5103895,2207,2306421,2304214,0,0,0
7400394,ec0389c1-23ff-18b2-865a-5dcda016d50a,64,5093465,7399172,7400394,5104297,1222,2306929,2305707,0,0,0
7400773,5a94ca8a-1013-4e94-1b1b-eaa3b484befe,64,5091869,7398065,7400773,5104029,2708,2308904,2306196,0,0,0
7401173,58d687f6-9bb5-a052-9a88-d62a55812914,64,5093494,7398468,7401173,5104091,2705,2307679,2304974,0,0,0
7401413,8bf54fa8-8ae9-1f31-4674-a2f56818f77e,64,5093320,7398618,7401413,5104127,2795,2308093,2305298,0,0,0
7401764,49b04036-6486-0c75-fb89-85bc027d3094,64,5091845,7398763,7401764,5104206,3001,2309919,2306918,0,0,0
7402320,e61219b5-73ac-a6e1-dc21-0944e84511a2,64,5093461,7400394,7402320,5104374,1926,2308859,2306933,0,0,0
7404539,81db9a62-10a4-37d5-e6b1-7ece85d0cf83,64,5091887,7401764,7404539,5104936,2775,2312652,2309877,0,0,0
7405899,fdbf4aa4-e211-cc10-d368-c594e09b6f17,64,5093423,7397843,7405899,5104016,8056,2312476,2304420,0,0,0
7405959,d220f704-0da1-24c5-70ca-6f70cb3ffc4f,64,5093321,7401413,7405930,5104933,4517,2312609,2308092,0,0,0
7406364,3ea0dd43-cc7a-1886-dd4f-6de87a91e144,64,5091888,7400773,7406364,5104525,5591,2314476,2308885,0,0,0
7406533,007d3d37-b5b4-6dcd-8cc1-e0363c253eb3,64,5093444,7404539,7406533,5105224,1994,2313089,2311095,0,0,0
7407978,6cf4d2fd-d37f-6059-71d7-64ba1712df48,64,5093341,7406533,7407978,5105383,1445,2314637,2313192,0,0,0
7408972,e54dce58-044e-2d9b-4526-aeed47a0fcda,64,5091899,7402320,7408972,5104959,6652,2317073,2310421,0,0,0
7409267,44a912f7-49f8-a292-1d30-6afa5f380b5b,64,5093337,7405959,7409267,5105251,3308,2315930,2312622,0,0,0
7410986,1182d657-f6e3-c5f3-fe28-cbd9cec84000,64,5093434,7406364,7410986,5105305,4622,2317552,2312930,0,0,0
7411846,c743eed3-ad54-5be9-9712-4b5a715c2507,64,5091876,7401173,7411846,5104926,10673,2319970,2309297,0,0,0
7412289,80ef2ccf-8999-b812-d616-76fcbb1ffaf4,64,4960956,7304267,7412289,5087679,108022,2451333,2343311,0,0,0
7412528,63ce0666-4b78-9b1f-a68a-84572b924e09,64,5091901,7411846,7412528,5105871,682,2320627,2319945,0,0,0
7412588,54a3e5ae-db9f-658f-41c6-444b08a575c4,64,5093305,7408972,7412557,5105533,3585,2319252,2315667,0,0,0
7412762,c88994e7-49ef-1088-8ab7-2eb99be4e2ac,64,5093453,7407978,7412762,5105429,4784,2319309,2314525,0,0,0
7412848,985d94c0-21aa-50dd-5838-9bc769810678,64,5093402,7410986,7412848,5105825,1862,2319446,2317584,0,0,0
7413101,9ad0afdc-e280-1ef0-0b90-1a34a3d6f33a,64,5093335,7412528,7413101,5106021,573,2319766,2319193,0,0,0
7413165,615a443c-6e73-699b-3144-0c359266facc,64,5093352,7412588,7413165,5106023,577,2319813,2319236,0,0,0
7413340,37b71c72-b9e2-f6e0-2ea6-4fad153f7fee,64,5093319,7409267,7413340,5105559,4073,2320021,2315948,0,0,0
7413728,2c5fd1ca-b0f7-32d8-0fab-0fb8210bf60a,64,5093475,7412848,7413728,5106223,880,2320253,2319373,0,0,0
7413976,1e7c30a0-7614-17f3-d817-3ad5ca1ac0b5,64,5093480,7413340,7413976,5106400,636,2320496,2319860,0,0,0
7414765,6852c038-be54-cdf1-4782-05fdc6026414,32,5091879,7412289,7414765,5105944,2476,2322886,2320410,0,0,0
7415208,ee1db5ee-f480-4b7b-51d5-d62b1c45cd81,64,5093480,7405899,7415208,5105242,9309,2321728,2312419,0,0,0
7415475,932e02cc-159b-61c3-c2a0-4830bcc14124,64,5091885,7413728,7415475,5106410,1747,2323590,2321843,0,0,0
7415633,90fdbb3e-6173-e67d-d020-91168a608ef3,64,5093362,7413165,7415633,5106369,2468,2322271,2319803,0,0,0
7417020,8612944f-977b-ee96-b232-398b1f3c4a38,64,5093387,7413101,7417020,5106366,3919,2323633,2319714,0,0,0
7417080,779bfee4-a6f7-0a50-4903-528a5e0fb618,64,5093395,7412289,7417057,5105960,4768,2323662,2318894,0,0,0
7417080,e312e7dd-a6b8-3e23-5ef9-5050d4838cd3,64,5091906,7412762,7417065,5106071,4303,2325159,2320856,0,0,0
7417140,16a3ce4e-ca5c-4c4a-e79b-d4394236fb0e,32,5093331,7415208,7417115,5106699,1907,2323784,2321877,0,0,0
7418655,bc7d0e39-c3a6-23ce-f019-eca2b54fae0b,64,5093457,7413976,7418655,5106580,4679,2325198,2320519,0,0,0
7419091,d4d8c52e-d4c6-c7db-3cb4-8481b4f82d12,64,5091881,7417020,7419091,5107164,2071,2327210,2325139,0,0,0
7419164,080bf99f-f00c-4cc5-2045-3d2d59244739,64,5093312,7415475,7419164,5106878,3689,2325852,2322163,0,0,0
7419441,ee519882-93ef-f8c4-29b1-2582c3545cd8,64,5093458,7415208,7419441,5106830,4233,2325983,2321750,0,0,0
7419518,92989be4-348b-03d8-c05d-b5447881a492,32,5093458,7417080,7419518,5107278,2438,2326060,2323622,0,0,0
7419760,fb1eaa6e-d19b-1b23-d602-3639047ad506,64,5093495,7415633,7419760,5107145,4127,2326265,2322138,0,0,0
7420637,cdbbbc7a-a48a-8be5-e0d0-dacc6a1917c8,64,5093404,7419441,7420637,5107946,1196,2327233,2326037,0,0,0
7420814,f31fbee0-358a-e854-49b4-af175e6bed7a,64,5093409,7419091,7420814,5107731,1723,2327405,2325682,0,0,0
7421243,2dc3e080-ce69-1f9d-80b0-4e3ddd2f1be8,64,5091911,7417080,7421243,5107450,4163,2329332,2325169,0,0,0
7421426,4a3e7903-43e5-87b9-0728-04aa88a0d69a,32,5091875,7418655,7421426,5107622,2771,2329551,2326780,0,0,0
7422053,cf97b941-af62-a976-520c-7748addb47c3,64,5093441,7419518,7422053,5108022,2535,2328612,2326077,0,0,0
7422113,ecb3a74d-8daf-1352-6775-34893bdcf115,64,5093308,7421243,7422076,5108897,833,2328768,2327935,0,0,0
7423785,405d861c-5184-0088-5c8d-5e9d0b874724,64,5091828,7419164,7423785,5107748,4621,2331957,2327336,0,0,0
7425632,a01989d1-b998-d301-7df9-e116df58c65f,64,5093322,7419760,7425632,5108089,5872,2332310,2326438,0,0,0
7426974,fc411721-3667-7c4a-7e44-56d712a82af1,64,5093382,7422113,7426974,5109114,4861,2333592,2328731,0,0,0
7428381,e2293661-e153-4d2b-f261-b0827387d450,64,5093314,7425632,7428381,5109255,2749,2335067,2332318,0,0,0
7428558,d72dd24f-d4b9-5d82-6b01-15cabf94abfa,64,5091827,7423785,7428558,5109164,4773,2336731,2331958,0,0,0
7429085,1ccc575e-6c6b-fd66-94ba-c2b5ca4514d1,64,5093364,7426974,7429085,5109305,2111,2335721,2333610,0,0,0
7429649,21e5259f-cc0c-b19c-a973-6b1829d5039a,64,5091887,7420814,7429649,5108369,8835,2337762,2328927,0,0,0
7430521,9a36e49e-a99c-706e-ab8e-b99553663145,64,5093486,7429085,7430521,5109594,1436,2337035,2335599,0,0,0
7430584,b54ec323-1e53-a5da-0780-b3eedcfa02a9,64,5093432,7420637,7430584,5108095,9947,2337152,2327205,0,0,0
7430801,cf048f3a-6fa5-79d0-ee1f-18acb701001e,64,5093406,7417140,7430801,5107460,13661,2337395,2323734,0,0,0
7432284,934b45a8-4716-5e93-9ceb-5b43fa0d3875,64,5093379,7422053,7432284,5109016,10231,2338905,2328674,0,0,0
7432344,1f473751-b579-0849-e22b-c2f850a8ad59,64,5093353,7429649,7432295,5110085,2646,2338942,2336296,0,0,0
7432486,2c33acb9-1a1e-3904-7e76-3e5b1c011cb5,32,5093383,7428558,7432486,5109475,3928,2339103,2335175,0,0,0
7433467,4ad07831-8a0a-eef0-1bdd-fef5496e186a,64,5091851,7430801,7433467,5110365,2666,2341616,2338950,0,0,0
7435274,e6d7e558-9a11-7c5a-8d89-57fb4a357184,64,5093405,7428381,7435274,5109471,6893,2341869,2334976,0,0,0
7436342,c87df059-b2e3-e64b-ee8f-d6ca59e0890f,64,5093374,7430521,7436342,5110251,5821,2342968,2337147,0,0,0
7436599,f28dacb1-2701-16e4-8c35-00bd60df109a,64,5093305,7433467,7436599,5110707,3132,2343294,2340162,0,0,0
7436832,cff716ad-b85f-20e5-ab1a-a0c576990442,64,5093445,7432284,7436832,5110436,4548,2343387,2338839,0,0,0
7437667,266bb932-4f1d-a23b-ce0b-08abf67d8488,64,5093384,7432344,7437667,5110522,5323,2344283,2338960,0,0,0
7438304,bf96abad-e60d-9941-3fc6-8e1450b034fd,64,5093313,7436832,7438304,5111421,1472,2344991,2343519,0,0,0
7438498,935b67b4-2fbd-9d23-a516-8cda99d6bf85,64,5091864,7436342,7438498,5111226,2156,2346634,2344478,0,0,0
7438972,d455b87e-9322-9023-5a99-5017deb04c83,64,5093327,7428558,7438972,5109513,10414,2345645,2335231,0,0,0
7440003,eb26cc82-4324-887e-0010-2b4d660438cc,64,5093473,7430584,7440003,5110306,9419,2346530,2337111,0,0,0
7440113,2e49a904-21e7-8734-9601-44c01908b1b2,64,5091828,7437667,7440113,5111656,2446,2348285,2345839,0,0,0
7441850,a6e7e684-e7e6-fa6d-5fce-2980cf41205c,64,5091841,7438498,7441850,5112247,3352,2350009,2346657,0,0,0
7442187,f3be0191-8b42-acfc-46ec-9b9cc02ac918,64,5091869,7440113,7442187,5112313,2074,2350318,2348244,0,0,0
7445828,f3b20598-a303-d14f-6254-4d22944baabb,64,5093442,7442187,7445828,5112653,3641,2352386,2348745,0,0,0
7446620,630915e1-8bf6-d88b-12dd-332d0f0cd977,64,5093346,7441850,7446620,5112629,4770,2353274,2348504,0,0,0
7447981,b6d62dfd-7365-2790-a9cd-17503b63be00,64,5091841,7436599,7447981,5111294,11382,2356140,2344758,0,0,0
7448265,1b705635-54fe-f8cf-b383-1f178d399ec4,64,5091873,7445828,7448265,5112780,2437,2356392,2353955,0,0,0
7449189,6577aba9-9e65-79a5-92f7-d82a70186dce,64,5091902,7438972,7449189,5112256,10217,2357287,2347070,0,0,0
7450055,ab37ff0a-a574-625f-06ed-eb1183ade32f,64,5091889,7438304,7450055,5111849,11751,2358166,2346415,0,0,0
7450765,a5ca5367-b598-655f-f9d2-3cfd692981b1,64,5093333,7435274,7450765,5110880,15491,2357432,2341941,0,0,0
7451080,3e8e9f65-6f96-9845-3b8b-1bf766f8197e,64,5093324,7446620,7451080,5112888,4460,2357756,2353296,0,0,0
7452146,33a83451-f0d8-51ad-12c3-3d134eb71327,64,5093333,7440003,7452146,5112263,12143,2358813,2346670,0,0,0
7452684,23bf1f71-a901-bdb8-c0ae-50f37770014d,64,5091831,7450055,7452684,5113327,2629,2360853,2358224,0,0,0
7454923,becfa316-c66b-0a01-4f90-1410bfba290b,64,5093491,7448265,7454923,5113033,6658,2361432,2354774,0,0,0
7456362,65ea60d8-737b-6961-0f44-a6f10ffc93bf,64,5093483,7449189,7456362,5113151,7173,2362879,2355706,0,0,0
7456832,5bf0e042-bf56-7386-a6e2-e3f47174bbc8,64,5093455,7447981,7456832,5113032,8851,2363377,2354526,0,0,0
7457330,506f6bc0-ee6f-5a9c-f446-023621f66088,64,5091878,7451080,7457330,5113487,6250,2365452,2359202,0,0,0
7457580,095863f4-e640-bc25-5663-d6d508842230,64,5093347,7452146,7457580,5113811,5434,2364233,2358799,0,0,0
7458506,f889c78a-6e24-7a6b-f09e-a0d08e2d33d0,64,5093481,7454923,7458506,5114799,3583,2365025,2361442,0,0,0
7459267,23763f57-852c-62ce-f337-7b9ee60587ef,64,5091915,7450765,7459267,5113344,8502,2367352,2358850,0,0,0
7459767,f04084d0-4739-669a-dbb2-bf95c376caa7,64,5093422,7452684,7459767,5114327,7083,2366345,2359262,0,0,0
7461365,0cbe735d-bbfc-3897-f027-1efc049fb2fd,64,5093342,7459267,7461365,5117693,2098,2368023,2365925,0,0,0
7462790,de2bdf8c-a75c-77c0-46f5-8ae67a5c28ca,32,5093463,7457330,7462790,5115639,5460,2369327,2363867,0,0,0
7463367,facc2e35-35b6-c692-2528-759d218acc31,64,5091878,7459767,7463367,5118273,3600,2371489,2367889,0,0,0
7465183,198640a1-45a9-17a0-b443-7813d6bfe645,64,5091868,7457580,7465183,5115984,7603,2373315,2365712,0,0,0
7465965,b6961feb-8695-b07e-b56e-1e9637e85154,64,5093403,7456362,7465965,5115070,9603,2372562,2362959,0,0,0
7466753,dca21033-16ec-34b5-cf6a-d43f09536c4a,64,5091839,7456832,7466753,5115141,9921,2374914,2364993,0,0,0
7469111,88755363-2fc5-2298-53ef-fcdfea7ec9ac,64,5091903,7461365,7469111,5118571,7746,2377208,2369462,0,0,0
7469890,4377be10-c719-f5ea-c4e4-992911196b23,32,5093422,7463367,7469890,5119558,6523,2376468,2369945,0,0,0
7470140,c77ae3b1-20d1-eef1-5861-919d98a0be4c,64,5091847,7463367,7470140,5119934,6773,2378293,2371520,0,0,0
7470427,ae8e8200-c5c7-34b4-88c5-3b179733b490,64,5091902,7465965,7470427,5120061,4462,2378525,2374063,0,0,0
7470809,b309887d-ceec-79d5-c3fd-913088f45162,32,5091916,7465183,7470809,5120044,5626,2378893,2373267,0,0,0
7471711,0c9ef5aa-a8ef-a3a9-cdb7-5f5750452f2b,64,5091837,7466753,7471711,5120344,4958,2379874,2374916,0,0,0
7472367,247803a1-fb4a-0283-1e28-7c97a9e0917f,64,5093336,7458506,7472367,5117507,13861,2379031,2365170,0,0,0
7474492,edced19f-f47e-2c3e-dd5c-0525ec8f3b62,64,5091858,7471711,7474492,5121638,2781,2382634,2379853,0,0,0
7474590,4169de84-0ad3-f8b9-2c10-180ec8d2382a,32,5091846,7470140,7474590,5120961,4450,2382744,2378294,0,0,0
7475919,ae570403-58bb-8712-8db5-975fd2c447bd,64,5093391,7470427,7475919,5121102,5492,2382528,2377036,0,0,0
7476134,817ed3f4-a9f0-5ec4-27b1-85f6309b7234,64,5093387,7472367,7476134,5121710,3767,2382747,2378980,0,0,0
7476912,07fb3bdd-9559-3433-8b30-0329f55c12c6,64,5093493,7469890,7476912,5120581,7022,2383419,2376397,0,0,0
7476991,41797153-fba3-8051-63c8-4474be919354,64,5091912,7469111,7476991,5120346,7880,2385079,2377199,0,0,0
7480047,681a035f-e1e3-d66c-0a09-bdc139c8a117,64,5091848,7474492,7480047,5121917,5555,2388199,2382644,0,0,0
7480669,6ae1a31f-a7b6-3925-b3c1-20c39b0108d2,64,5093460,7476134,7480669,5122044,4535,2387209,2382674,0,0,0
7481705,af80ccb1-6cc3-5925-5b32-92fd1b7d405e,64,5093360,7480047,7481705,5125326,1658,2388345,2386687,0,0,0
7482273,1bb1ca48-b844-5438-de51-993207cdabeb,64,5093359,7476991,7482273,5125086,5282,2388914,2383632,0,0,0
7482400,29788933-78db-d04e-87e3-c9551e49e6e1,32,5093407,7476912,7482400,5122244,5488,2388993,2383505,0,0,0
7483597,ca33dd84-58c2-77f1-5b68-d4ee2f9997c3,64,5093352,7475919,7483597,5122001,7678,2390245,2382567,0,0,0
7483787,39120821-db7d-e40b-2588-7022a8b680fb,64,5091901,7482273,7483787,5126101,1514,2391886,2390372,0,0,0
7484988,b34e32fc-5243-14c8-ace7-6617cc42d8ff,64,5091853,7470809,7484988,5121239,14179,2393135,2378956,0,0,0
7486408,6557ecee-40e3-200c-683b-81bc0c0a7983,64,5093335,7476912,7486408,5122542,9496,2393073,2383577,0,0,0
7486572,76bd0773-d805-ee6a-2d91-6caf9c446194,64,5093305,7483787,7486572,5127161,2785,2393267,2390482,0,0,0
7488692,ab00fba9-a5e0-2e86-c3bd-7384176cc975,64,5091895,7481705,7488692,5125921,6987,2396797,2389810,0,0,0
7488772,d77dd689-a98d-61ec-3ad4-1c9abac97a02,64,5093484,7486408,7488772,5127405,2364,2395288,2392924,0,0,0
7489039,2b125551-f51a-797b-b34e-fd5b6e737276,64,5093356,7484988,7489039,5127405,4051,2395683,2391632,0,0,0
7491047,0b39c366-3319-9ce0-22db-a98191cb87c7,64,5093382,7480669,7491047,5125787,10378,2397665,2387287,0,0,0
7492795,53ab7473-f527-fa92-3cc6-985fc565ad41,64,5091883,7486572,7492795,5127454,6223,2400912,2394689,0,0,0
7493270,8a5abc61-9924-c5ee-fc8a-fb1dba99267e,64,5113650,7488772,7493270,5129464,4498,2379620,2375122,0,0,0
7495178,b9866767-81d3-7bca-ea34-23ed41357db8,64,5124675,7493270,7495178,5129855,1908,2370503,2368595,0,0,0
7495525,d55c41b2-7c71-7adb-5f72-fe574b2c8bff,64,5093397,7488692,7495525,5129408,6833,2402128,2395295,0,0,0
7497906,dce6ea64-2d5c-4588-c60e-35b66864fe6b,64,5091829,7492795,7497906,5129824,5111,2406077,2400966,0,0,0
7498144,b5b2872b-a15b-293e-497d-1e5c3155dc87,64,5091895,7491047,7498144,5129662,7097,2406249,2399152,0,0,0
7500003,c6573806-3841-a305-125d-5ccda8f5314f,64,5093431,7489039,7500003,5129483,10964,2406572,2395608,0,0,0
7503508,df4b4c19-6faa-039b-98ec-5b6a9c7cf745,32,5093305,7497906,7503508,5131802,5602,2410203,2404601,0,0,0
7503568,2e52635d-2bc4-a319-5321-1cf18ddc5f0e,64,5093415,7500003,7503523,5137415,3520,2410108,2406588,0,0,0
7505234,b3338169-dcfc-2b72-ebbb-ae74db9b4d43,64,5093371,7495525,7505234,5130982,9709,2411863,2402154,0,0,0
7506992,c2e8a700-3548-7cd7-e0ef-27f80061a789,64,4956790,7399878,7506992,5104368,107114,2550202,2443088,0,0,0
7511988,fa6a2e9f-d86c-3321-48ee-e6b2a5e441cd,64,5093365,7498144,7511988,5136946,13844,2418623,2404779,0,0,0
7514527,ede652f5-1167-c1d8-de71-a4acee367214,64,5091903,7505234,7514527,5138280,9293,2422624,2413331,0,0,0
7516412,6a3eed4f-c754-7e4d-55a7-97311b53b124,64,5091914,7506992,7516412,5140421,9420,2424498,2415078,0,0,0
7517561,a99e7d01-e5ae-81f3-a90b-98109bf4b57d,64,5139534,7516412,7517561,5141273,1149,2378027,2376878,0,0,0
7517887,879d19c3-57e4-267e-38e6-b704b1d12755,64,5139026,7514527,7517887,5141264,3360,2378861,2375501,0,0,0
7518761,f49eaaa3-0ef1-47f7-6a84-6c2c6d9b5aa8,64,5093307,7511988,7518761,5140991,6773,2425454,2418681,0,0,0
7519132,15534416-bf3a-5509-e66e-cec56852833e,64,5091851,7483597,7519132,5127152,35535,2427281,2391746,0,0,0
7521060,745d8729-5bc7-1822-fcfe-06e3c395899e,64,5138244,7517887,7521060,5141903,3173,2382816,2379643,0,0,0
7522624,f6fa5eb6-51a5-8b4e-c49c-00424efb4227,64,5135468,7517561,7522624,5141604,5063,2387156,2382093,0,0,0
7524870,ce74ec56-db42-2295-95a2-b7e4351399ed,64,5091832,7503568,7524870,5138179,21302,2433038,2411736,0,0,0
7529385,0a524e33-3a08-07d8-d666-7ba856bebe18,64,5143893,7524870,7529385,5149792,4515,2385492,2380977,0,0,0
7546531,636f1e3d-28c8-40b1-67be-e26e9f30418c,64,5087504,7522624,7546531,5145930,23907,2459027,2435120,0,0,0
7549078,f1f58294-a66c-93f2-87f2-b5814809c026,64,4993703,7457330,7549078,5115699,91748,2555375,2463627,0,0,0
7553305,9e9a1e40-ba49-ccd5-6185-3b1a63e12924,64,5091867,7529385,7553305,5151229,23920,2461438,2437518,0,0,0
7553636,8e31ea45-2b34-b52b-644c-5b7d95ea0734,64,5143757,7546531,7553636,5155482,7105,2409879,2402774,0,0,0
7558072,4d7f6dfb-03c2-e3e5-6150-e2162fd049b1,64,5065428,7519132,7558072,5144446,38940,2492644,2453704,0,0,0
7561701,61e5cdd9-741d-60f6-bded-3f17ab76faa9,64,5150920,7553636,7561701,5158956,8065,2410781,2402716,0,0,0
7562693,e1ea7e7a-40aa-3ee9-d9d5-815da6869a68,64,5091864,7553305,7562693,5157114,9388,2470829,2461441,0,0,0
7563616,feb1e270-69c8-0b17-bf33-5ada2e20766f,64,5091907,7558072,7563616,5159976,5544,2471709,2466165,0,0,0
7565866,236603b4-53ae-322e-d147-b235e537cd52,64,5151195,7561701,7565866,5162331,4165,2414671,2410506,0,0,0
7573283,3933c2ed-9c66-75cd-b939-8e8e25fc57c7,64,5150921,7563616,7573283,5163366,9667,2422362,2412695,0,0,0
7578648,cbd4b8db-541c-8f78-489f-3f1a566fe0df,64,5150944,7562693,7578648,5162479,15955,2427704,2411749,0,0,0
7581171,379f0075-ba72-186e-b79a-0c86c986b3e4,64,5150932,7573283,7581171,5164783,7888,2430239,2422351,0,0,0
7585608,421e0683-dc0a-1c8e-88bc-e600431b800a,64,5150921,7565866,7585608,5163664,19742,2434687,2414945,0,0,0
7586015,70c92b33-ceef-5d5c-dcef-3d321cf63fae,64,5031243,7495178,7586015,5130818,90837,2554772,2463935,0,0,0
7592724,0db1565d-6d70-799e-430b-105742fbacf1,64,5101013,7521060,7592724,5144950,71664,2491711,2420047,0,0,0
7599564,312997af-d7e3-05d5-407e-85061ec4816d,64,5150948,7585608,7599564,5165566,13956,2448616,2434660,0,0,0
7601863,6e19f773-3a5c-a1bc-5797-29e87a8d8320,64,5150920,7586015,7601863,5168748,15848,2450943,2435095,0,0,0
7602817,f02a1b37-9865-f96f-99f8-d29021abbbf2,64,5082663,7549078,7602817,5155614,53739,2520154,2466415,0,0,0
7607810,93c16428-c5f9-3dca-f1f0-2b90882cbb08,64,5150942,7601863,7607810,5169512,5947,2456868,2450921,0,0,0
7612235,68f06068-e087-e259-4507-1307e183cfa3,64,5150921,7592724,7612235,5168833,19511,2461314,2441803,0,0,0
7616222,deafd27f-2548-cb37-bd61-676d56aa814e,64,5150931,7602817,7616222,5169604,13405,2465291,2451886,0,0,0
7627225,3d7d9e1e-c7e1-66e3-ff71-d4015f09058e,64,5150930,7616222,7627225,5170596,11003,2476295,2465292,0,0,0
7627376,ffd8ca90-cc12-e44b-bdcc-5163cf3b5aa8,64,5055221,7497906,7627376,5131921,129470,2572155,2442685,0,0,0
7631349,6399c513-ae96-0e3e-71f7-a87cf1430eea,64,5150930,7599564,7631349,5169284,31785,2480419,2448634,0,0,0
7631681,4279dcd6-86e7-6c6c-c800-69fbd4c7ca67,64,4960355,7518761,7631681,5143980,112920,2671326,2558406,0,0,0
7632012,975e1b27-ead5-d65a-7c30-761e710dc918,64,5150938,7612235,7632012,5170170,19777,2481074,2461297,0,0,0
7634435,5c4cbcb4-2f04-cf18-21ba-0416e70320bd,64,5169149,7631681,7634435,5175454,2754,2465286,2462532,0,0,0
7636973,dd7c5485-6c70-7048-5093-4c874f8ccb0b,32,5175336,7634435,7636973,5179338,2538,2461637,2459099,0,0,0
7638429,32455848-cbcf-3687-55d2-5c83c7e9607b,64,5150927,7607810,7638429,5170068,30619,2487502,2456883,0,0,0
7640897,317ca102-1339-ff4a-2dd5-f00525139dd0,64,5150926,7631349,7640897,5175393,9548,2489971,2480423,0,0,0
7648966,37c20000-f4d7-b8cd-e3c7-8964b776cbf6,64,5150929,7634435,7648966,5189199,14531,2498037,2483506,0,0,0
7651410,e6b31a27-703a-382b-7364-5c1b15b9d469,64,5150920,7627225,7651410,5172325,24185,2500490,2476305,0,0,0
7651593,6c426e1a-88ad-3de9-018e-2f1dec0bcb99,64,5161281,7632012,7651593,5176427,19581,2490312,2470731,0,0,0
7661946,1be52474-bb14-6720-39d2-6141c5a435cb,32,5150937,7640897,7661946,5193077,21049,2511009,2489960,0,0,0
7685977,ec2c1148-d67d-a117-cc77-15050f95e5dc,64,5088982,7640897,7685977,5193407,45080,2596995,2551915,0,0,0
7743891,10ab9db1-a5e5-178a-3943-23c3a38dbe8c,64,4931766,7581171,7743891,5165407,162720,2812125,2649405,0,0,0
7755204,0c586c0a-1cb6-e17b-0974-52d8b082a958,64,4962587,7578648,7755204,5164884,176556,2792617,2616061,0,0,0
7765722,710dcbb7-6e93-c789-6788-32d0dcfca748,64,4986730,7648966,7765722,5219510,116756,2778992,2662236,0,0,0
7781995,bb77e34a-38f2-22b9-8310-6b55f638900a,64,4981040,7627376,7781995,5174014,154619,2800955,2646336,0,0,0
8798419,be66de49-ca6d-6803-f75e-a48f6f747d68,64,3801660,7638429,8798419,5190773,1159990,4996759,3836769,0,0,0
