time,job_id,num_gpu,submit_time,start_time,end_time,ddl,executed_time,JCT,pending_time,preempt,promote,best_effort_job
13000,f238bb58-d7b1-1fd7-18b0-8e2d5c11434f,64,12010,12010,13000,14335,990,990,0,0,0,0
13539,56e636a4-b989-7050-a0ed-474e3707a3ac,64,10944,10944,13539,16849,2595,2595,0,0,0,0
16296,c360e99e-4ee6-60ec-3f4b-9506690190da,64,15377,15377,16296,18269,919,919,0,0,0,0
16482,d611eab8-5045-f270-46bb-7fc7957f8096,64,10991,11004,16482,21222,5478,5491,13,0,0,0
17031,ba63f893-e314-dce1-f0ff-606eaa2cd9c9,64,11191,11191,17031,23856,5840,5840,0,0,0,0
17384,37b9491b-7d09-8dc1-fe78-97fadae20e52,64,14858,14858,17384,17774,2526,2526,0,0,0,0
20625,16882d81-ea36-139a-467f-9ae1e8597efb,64,11052,11064,20625,22577,9561,9573,12,0,0,0
24665,fc549e41-b492-8641-2c42-33669e1e7568,64,18694,18694,24665,28627,5971,5971,0,0,0,0
39038,ee956a3a-9686-7dcf-0c22-8b723f5f7fdc,64,11108,11124,39038,86367,27914,27930,16,0,0,0
39386,e61d14c6-f6e3-8919-6745-f82d51e453fa,64,37745,37745,39386,38899,1641,1641,0,0,0,0
48877,b4b80eec-9640-4f3c-77d1-ea9cd79190c6,64,40426,40442,48877,44748,8435,8451,16,0,0,0
67943,e87c4905-c09d-62be-9fce-91c380e428e6,64,67555,67559,67943,68657,384,388,4,0,0,0
68136,20a14880-c09d-1a5d-37ce-f3b904ba3313,64,67499,67499,68136,68658,637,637,0,0,0,0
68196,048c238d-46eb-0138-10ee-358ef791645d,64,11237,11251,68180,64753,56929,56943,14,0,0,0
68593,fcbf0e8a-2f76-5277-a823-22267e459ab7,64,53717,53735,68593,96181,14858,14876,18,0,0,0
72622,437956f8-eb8a-cd15-1f2d-3573cfea9738,64,53696,53735,72622,99378,18887,18926,39,0,0,0
74568,77339180-ca8d-373d-9bac-88c790a4354f,64,11291,11311,74568,74762,63257,63277,20,0,0,0
74645,777042d2-845d-f425-86a6-d4ba753ebae7,64,53675,53675,74645,108104,20970,20970,0,0,0,0
88240,a8b62ca9-a0c1-908c-0aa0-177aeaa31841,64,33532,33532,88240,117948,54708,54708,0,0,0,0
97450,77009e43-7af3-1f44-7a03-d8a09f5b4ced,64,22951,22951,97450,102271,74499,74499,0,0,0,0
98804,4565e77f-f7f2-7d96-c823-bd8aefd18b7b,64,97739,97739,98804,99067,1065,1065,0,0,0,0
99947,7915533a-2f10-5655-153a-331e7c841363,64,55357,55357,99947,114313,44590,44590,0,0,0,0
103037,2d37f9ba-67be-34ab-6bc2-4e093236c39b,64,40382,40382,103037,94422,62655,62655,0,0,0,0
109779,865634e3-da21-6cf7-d897-de9a8b626ce4,64,108927,108927,109779,109786,852,852,0,0,0,0
119470,57cb90a8-bd59-0275-403d-2d9fb5e2ec2d,64,40298,40310,119470,118597,79160,79172,12,0,0,0
121357,c577cbb7-59da-d47f-0942-941d9d32fceb,64,40250,40250,121357,92222,81107,81107,0,0,0,0
123952,7f59be37-a981-cfc5-3222-fab3d5d2d13b,32,52897,52897,123952,99023,71055,71055,0,0,0,0
124658,50926491-582f-78cc-29ee-915371c50017,32,70070,70070,124658,121591,54588,54588,0,0,0,0
138833,eeb226f2-a49a-b750-c22b-2c5a1477ba83,32,69241,69241,138833,215787,69592,69592,0,0,0,0
138893,ad3970d1-125d-f3d8-e465-2ac74b06dd1d,64,24927,24927,138868,113688,113941,113941,0,0,0,0
146893,aff0e0a8-b7e2-126e-48e2-741334322572,64,139633,139633,146893,151288,7260,7260,0,0,0,0
147394,8bae04ed-39d0-f832-1d72-b0e54c51669b,64,139468,139468,147394,149443,7926,7926,0,0,0,0
147454,5b7aae49-f5c8-e52d-98c7-9f9c3b65c1be,64,32798,32798,147422,206131,114624,114624,0,0,0,0
148415,d7d3b79e-040c-fc63-be7f-449467ed805d,64,139780,139780,148415,161868,8635,8635,0,0,0,0
148824,cf2df4a6-c972-0c70-8561-88e7566b8b3a,64,139891,139900,148824,161855,8924,8933,9,0,0,0
169762,e41b87bb-cbe7-a835-366a-2438c946a8ab,64,94941,94941,169762,188639,74821,74821,0,0,0,0
172566,88dba487-8203-2ecd-7def-181800ab5064,64,157200,157212,172566,174110,15354,15366,12,0,0,0
172976,74cc7889-ca55-6921-bc8e-2ed7a52bdb1c,64,132792,132792,172976,171742,40184,40184,0,0,0,0
176269,48486346-877d-2b8c-7bab-4ee4f10adbca,64,157164,157212,176269,173206,19057,19105,48,0,0,0
176965,d7b44659-4b98-4523-43f8-a27529bcca3d,32,157190,157212,176965,178542,19753,19775,22,0,0,0
179797,0d0147b0-d342-b587-2bba-374c46992fb4,64,157172,157212,179797,197549,22585,22625,40,0,0,0
182296,305e9f5b-7920-a373-724b-6827cff692bf,64,170592,170634,182296,198788,11662,11704,42,0,0,0
185772,4b9c80b5-8c49-767d-9dfa-37afb3b755ca,64,134420,134465,185772,178592,51307,51352,45,0,0,0
186454,afdbc05b-fca5-97de-0adb-b96870a13c89,64,157152,157152,186454,187715,29302,29302,0,0,0,0
186996,cd03e267-178e-c3e5-28db-b62e88046d28,64,157180,157212,186996,178646,29784,29816,32,0,0,0
187056,9c8b3eee-fd5c-e523-fbce-836bdf847873,64,185529,185529,187022,186818,1493,1493,0,0,0,0
191772,fcc584be-3d4a-5466-f3ac-ca685d5ffefd,64,170620,172566,191772,203807,19206,21152,1946,0,0,0
192414,a3dc3b5a-91d4-0d13-d5a8-38fa953ba84b,64,191621,191621,192414,194370,793,793,0,0,0,0
192660,3be67049-56fe-51c2-8a77-a76040a92e54,64,191624,191681,192660,194492,979,1036,57,0,0,0
195222,959c0ce9-01bc-4c82-ff20-68e8647aab28,64,139834,139840,195222,187715,55382,55388,6,0,0,0
199990,4333fe5a-ec68-08bc-0ca3-71413ae8d359,64,134405,134405,199990,178871,65585,65585,0,0,0,0
200453,8706741a-16ae-2932-5a31-45cfbbde30b8,64,170602,170634,200453,193730,29819,29851,32,0,0,0
201506,4f261681-bebe-ea42-b1c3-26c01841305e,64,170582,182296,201506,211779,19210,30924,11714,0,0,0
205065,adde1b86-f82e-d407-f910-ae91f2e51838,64,170611,172976,205065,207534,32089,34454,2365,0,0,0
205251,ac21a335-e93c-8172-4300-6a4d353b597d,64,170574,170574,205251,209183,34677,34677,0,0,0,0
208075,ff597c4d-a586-bd7a-9233-02e5d435b914,64,95698,95698,208075,175376,112377,112377,0,0,0,0
209080,943b1745-2d35-3a8c-3788-881c598c0a9c,64,93762,93762,209080,154072,115318,115318,0,0,0,0
209883,9cd4a286-5452-b711-0443-b76669e8d3a4,64,208858,208858,209883,210204,1025,1025,0,0,0,0
210708,ad50dfe2-b7cb-05a0-b72d-c42160671542,64,210078,210078,210708,210667,630,630,0,0,0,0
212353,97a6e2bc-ec7c-c6e6-7e6d-39b86364d40f,64,211675,211675,212353,212628,678,678,0,0,0,0
212482,43b368c5-797b-4275-9e8c-7c4b92042eee,64,210433,210433,212475,212358,2042,2042,0,0,0,0
213007,5d63e77a-5339-d570-b14c-2e0f1c1c9d60,64,212422,212422,213007,213169,585,585,0,0,0,0
215035,392d920f-421f-89e2-fea9-446a196fc2ec,64,214443,214443,215035,215366,592,592,0,0,0,0
215930,af058480-d06f-c1bf-7f87-dd85371d1ce4,64,215252,215252,215930,216239,678,678,0,0,0,0
217199,3fd9d7e7-7d15-da16-07f0-53808c1f3cfb,64,216742,216747,217199,221875,452,457,5,0,0,0
217437,13fa0b22-3597-1f2f-6497-2ae136a5ddd5,64,216740,216747,217437,223646,690,697,7,0,0,0
217497,dfa896db-18a5-d9f5-5036-ba69a66db249,64,216744,216747,217463,223361,716,719,3,0,0,0
217497,ad1e8be8-2a9d-a558-0843-69644dd2519a,64,216747,216747,217475,220559,728,728,0,0,0,0
217975,5b97f442-e813-5b18-144f-5955dfff1aa0,64,216739,216747,217975,220759,1228,1236,8,0,0,0
218035,b7e94075-1156-bbed-6c52-c5f9ead7dce2,64,216744,216747,217981,220371,1234,1237,3,0,0,0
218127,f3150cf7-8237-7592-8cec-2d0722e96c15,64,216746,217437,218127,224118,690,1381,691,0,0,0
218212,a2dbcc0b-aa6f-7e94-3a80-2e71ec679415,64,216744,216747,218212,222958,1465,1468,3,0,0,0
218320,20e2da14-ff08-862c-bc66-d391069cd309,64,96548,96548,218320,187196,121772,121772,0,0,0,0
219061,865f3f8f-defe-a65d-3c47-909331c152d2,64,216746,216747,219061,223667,2314,2315,1,0,0,0
219121,8e9a911d-9aa8-561d-ecb7-6586eac2bf6c,64,216740,216747,219074,222143,2327,2334,7,0,0,0
219436,2d91bd7c-dbee-1e63-0d6e-7885ab7af4cf,64,216740,218212,219436,226120,1224,2696,1472,0,0,0
219496,7a5e3d52-3694-1aa7-d3ac-082bfdf56e9f,64,216748,216807,219473,221622,2666,2725,59,0,0,0
219567,54ce894d-6db3-a232-589a-15bdf61962af,64,216748,219121,219567,226378,446,2819,2373,0,0,0
219838,998b6dd0-acf7-d36b-5683-0bf8cb79dcb5,64,216740,216747,219838,223975,3091,3098,7,0,0,0
219898,a449f39f-c7e3-62e9-01e7-ec523c0c9cca,64,216740,216747,219872,221215,3125,3132,7,0,0,0
220103,fc44347f-33cc-0e85-3ec6-0206fe0ccfed,64,216744,217497,220103,224334,2606,3359,753,0,0,0
220163,4a8cd2e9-c608-301b-814f-d9bac71c41f8,64,216740,217497,220130,224855,2633,3390,757,0,0,0
220163,3e22c222-7af7-796a-5e47-ca1bb4489b2d,64,216742,219436,220163,226543,727,3421,2694,0,0,0
220223,55705d78-70ff-6ae5-eaa1-9c1af64a4a5d,64,216744,218320,220191,226169,1871,3447,1576,0,0,0
220223,947a2d8e-0116-f6ca-36e0-8a0d530527ea,64,216748,219496,220213,226554,717,3465,2748,0,0,0
220283,ebac3a24-40ee-43bb-fc8c-1b53726e0a16,64,216741,219567,220255,226676,688,3514,2826,0,0,0
221240,d4b27037-bfac-fdfc-8819-fdd70c017077,64,216747,218127,221240,225703,3113,4493,1380,0,0,0
222363,a24015d1-c30b-2db6-2095-8a6968607a49,64,221279,221300,222363,227879,1063,1084,21,0,0,0
222501,708292e7-c14a-81a5-b0a5-94afe3893cdb,64,221550,221601,222501,227636,900,951,51,0,0,0
222561,c189c9f2-38d5-d872-62b1-d31f05c75509,64,221429,221481,222534,227734,1053,1105,52,0,0,0
222621,5a4d6a5f-c1c6-9f79-f1ea-44de4bb38a82,64,216748,217975,222589,225089,4614,5841,1227,0,0,0
222681,c2464175-cd99-8628-1c85-510c79cebed1,64,216751,218035,222657,225113,4622,5906,1284,0,0,0
223316,6bbb8d0e-f46e-c77e-937b-d589e4e805bd,64,221554,222363,223316,231023,953,1762,809,0,0,0
223534,04ba16cc-e5d1-da78-9e01-9bfea0cd173d,64,96175,96175,223534,172897,127359,127359,0,0,0,0
223594,03a7712a-422c-3797-f6ee-23437dcc57c5,32,221545,221601,223537,227444,1936,1992,56,0,0,0
223658,9bdd9bc7-4160-e5cf-aede-eb37f8c422f9,64,216745,219061,223658,226216,4597,6913,2316,0,0,0
224193,fff12088-a824-c9bf-64c1-e751d1061f9b,64,221487,223594,224193,235028,599,2706,2107,0,0,0
224253,20f41f0b-2401-9b6a-84f1-4a20bd7cff65,64,221425,222621,224216,232322,1595,2791,1196,0,0,0
224462,ee576a97-0ddd-7c45-9cb4-e742de1657e2,64,221421,221421,224462,227517,3041,3041,0,0,0,0
224861,a21a28bb-c981-5489-558d-fdfa2e46c7f1,64,221321,221360,224861,232996,3501,3540,39,0,0,0
224921,b1600dd3-e492-3e6f-c394-7d86786a2e77,64,221319,221360,224870,227651,3510,3551,41,0,0,0
224981,85d438ce-9a87-aebf-946b-6e101d2f82d1,64,139942,139960,224965,192570,85005,85023,18,0,0,0
225754,fc158826-33a6-53ab-bb5b-7ded6d2e6d15,32,216696,220103,225754,230727,5651,9058,3407,0,0,0
226097,5a126037-e627-484b-4625-ed2da2480776,64,216696,220223,226097,232896,5874,9401,3527,0,0,0
226530,f6e0a26e-39bc-e100-5167-a3df29d2680a,64,221275,221300,226530,235007,5230,5255,25,0,0,0
226612,c37beeab-1d23-dfce-0c1f-dc0ab29c6d64,64,216687,216687,226612,237735,9925,9925,0,0,0,0
227296,b3996db3-c73c-8a02-2573-ed568d51dfb4,64,216687,216687,227296,236672,10609,10609,0,0,0,0
227837,fc92089c-e2ee-1603-9b30-1c38d6a5228f,64,216695,224981,227837,239395,2856,11142,8286,0,0,0
228268,c12fea40-f492-2364-f3d5-c6e4549a7bed,64,216688,226530,228268,240501,1738,11580,9842,0,0,0
229931,50f30807-982d-91ca-2b8b-bd4a0e277ff4,64,216687,216687,229931,230704,13244,13244,0,0,0,0
230144,dfe105aa-80da-97fe-f7ba-444fb2d3c152,64,216691,224462,230144,237169,5682,13453,7771,0,0,0
230204,4a2671b5-587b-521c-2888-e146844c9783,64,216692,219838,230187,230586,10349,13495,3146,0,0,0
231409,aac57e20-e8f4-5672-a170-a0c61ad545b4,64,216695,228268,231409,243680,3141,14714,11573,0,0,0
232005,d4c45e2e-6868-ad71-c588-43a747d73519,64,216691,220283,232005,236089,11722,15314,3592,0,0,0
232065,63a2d840-9394-57cb-4cc9-6644b13780e2,64,216688,224861,232062,237294,7201,15374,8173,0,0,0
232973,ee03f18e-b4dc-fd71-05e7-c959a47c25e7,64,216692,227296,232973,242269,5677,16281,10604,0,0,0
233036,80592bd0-df94-5be7-17af-0e28c9b77e59,64,11383,11383,233036,232198,221653,221653,0,0,0,0
235133,2f650efa-40ac-67a1-9bf4-a1ac03099cca,64,216692,232005,235133,246004,3128,18441,15313,0,0,0
235631,89da9d78-5a20-9e04-5e00-2e3b0f7c1a7b,64,213965,213982,235631,230937,21649,21666,17,0,0,0
237973,4d39f29f-7fd3-3daf-a31c-6761eb002062,64,216688,227837,237973,243489,10136,21285,11149,0,0,0
238881,3c316398-4415-428a-1800-cb2a33b8ae5d,64,216691,220163,238881,231200,18718,22190,3472,0,0,0
240172,4be9e5d7-b3d9-16f2-d7aa-abb2637b510c,64,216688,233036,240172,248429,7136,23484,16348,0,0,0
240343,4239433a-4a87-e802-e6cb-1d280d92736a,64,216688,231409,240343,245809,8934,23655,14721,0,0,0
241128,360848bc-c7c8-1db1-20b1-d8261c78e2d3,64,240186,240232,241128,249081,896,942,46,0,0,0
241188,77ba0b10-3c2b-836c-bfd6-277e63884e94,64,240179,240232,241129,245333,897,950,53,0,0,0
241188,8bb0cfe7-9f60-606f-35f1-d0a21a47d361,64,240185,240232,241132,244901,900,947,47,0,0,0
241188,c52391f2-c0e6-18f6-5a9b-a58634638bf0,64,240179,240232,241164,248944,932,985,53,0,0,0
242114,a6719f38-a61f-60d8-8167-8e512c828b93,64,240180,241188,242114,249568,926,1934,1008,0,0,0
242174,f121434e-1010-a064-ce26-20ff328529a1,32,240185,240232,242151,248726,1919,1966,47,0,0,0
242587,8c2c7d5c-d315-dad4-46ba-b6b11e100f9b,64,242121,242174,242587,246200,413,466,53,0,0,0
243189,46fc31db-55ca-982a-ca88-276436affc77,64,240184,240232,243189,246380,2957,3005,48,0,0,0
243249,8928f9ea-5be3-0054-eef8-545733e25f16,64,242229,242234,243191,246874,957,962,5,0,0,0
243309,e8119ab9-6c2e-ae0b-74a0-2c1f235992b8,64,242119,242174,243288,246859,1114,1169,55,0,0,0
243524,e303f451-ae36-22de-a913-a92ba410aa1a,32,242126,242174,243524,245869,1350,1398,48,0,0,0
243626,49fd5ee5-5192-afa7-387c-fb13340bffcb,64,242115,242174,243626,246878,1452,1511,59,0,0,0
244537,80f7c5f0-16e3-3c1d-c020-6118ed16bee5,32,242115,243189,244537,247016,1348,2422,1074,0,0,0
244597,f6003f09-9d53-e7f8-49a9-17d6c43953ed,64,242125,242174,244559,245854,2385,2434,49,0,0,0
244597,cbec5016-4e82-fd5e-8756-e05035cb8d41,64,242114,242114,244560,246633,2446,2446,0,0,0,0
244987,e157c124-fea9-dfb9-a385-31a9d1e63fb7,32,242115,243626,244987,247931,1361,2872,1511,0,0,0
245353,e50399b7-8225-eb62-c700-be387ece75ee,64,242120,243249,245353,247044,2104,3233,1129,0,0,0
245990,4828eb85-a47d-657e-d6c4-bd5ce155d338,64,242115,243524,245990,247304,2466,3875,1409,0,0,0
246451,0dc2cee5-98f0-2d68-0a2c-9d8677060c7a,64,242121,242174,246451,245955,4277,4330,53,0,0,0
246915,620deb5e-628a-313c-46b4-b4603aa4960b,64,242224,245353,246915,248500,1562,4691,3129,0,0,0
247507,e929e7df-ff50-e581-edf7-aa29b7ff9c83,64,242115,243309,247507,247246,4198,5392,1194,0,0,0
247590,69ae6c75-11c7-7537-5639-755503109f0d,32,240179,240343,247590,249184,7247,7411,164,0,0,0
247941,79b11c37-1055-a10d-01ff-49571afbbe0b,64,242229,244537,247941,247986,3404,5712,2308,0,0,0
248001,2faa2bc3-feef-e7f1-332c-d7780621e9e2,64,216688,230144,247973,244993,17829,31285,13456,0,0,0
248536,5fb26d34-4115-d12e-005e-0b17dbae47c4,64,242115,246451,248536,248554,2085,6421,4336,0,0,0
248596,28be894a-c6bb-2bbc-5461-74aaea258c65,64,242114,242114,248562,248838,6448,6448,0,0,0,0
248880,4862f17d-d37f-4be6-0dde-abcc6b258cbb,64,242119,244597,248825,248049,4228,6706,2478,0,0,0
249164,40dd4e0f-112c-8124-27d3-2d45ea24ea3a,64,240187,241188,249164,249511,7976,8977,1001,0,0,0
249433,eb8f6af2-d601-f36b-9784-f6e61d112177,64,242224,245990,249433,248514,3443,7209,3766,0,0,0
249834,320beb5e-428f-0eb4-d67c-4527c0a7ac50,64,242229,247941,249834,249346,1893,7605,5712,0,0,0
249894,8994b175-c432-b87f-0050-203c020281d7,64,242234,247507,249868,249236,2361,7634,5273,0,0,0
249954,6e2ef8d7-b140-c586-ee6d-6442dd84e56c,64,216692,232065,249898,246587,17833,33206,15373,0,0,0
250325,cf7b3271-e118-8a69-4403-dae0bf3be31b,64,240188,249433,250325,249697,892,10137,9245,0,0,0
250385,139cebb3-7e3b-534b-f549-4b5d071ef20f,64,242119,248001,250358,249417,2357,8239,5882,0,0,0
250762,840d0069-52bf-f0d3-c822-06b158d5a50b,64,242229,248880,250762,249566,1882,8533,6651,0,0,0
250851,9cb0e36b-a1ba-3dcb-ccbe-fa231cfcbd1d,64,240180,241128,250851,249503,9723,10671,948,0,0,0
251026,97711705-9154-90f6-807a-2c52990cf751,64,213922,213922,251026,244309,37104,37104,0,0,0,0
251099,a95d9448-ba98-4aef-4017-1c1a7101fcfc,64,242122,249954,251099,249836,1145,8977,7832,0,0,0
251718,a881644c-fa98-73b9-a701-d0960cb7321f,64,242224,249834,251718,249723,1884,9494,7610,0,0,0
251860,2abb1647-d838-6f30-b70b-da21dd728d56,64,242123,250762,251860,250234,1098,9737,8639,0,0,0
252283,9f69d845-7df9-5cb3-378e-045a17bd1f60,32,242234,250385,252283,250179,1898,10049,8151,0,0,0
252343,150f3be4-24a3-e27a-0f53-3e9a0cd95fb9,64,242225,249894,252292,249820,2398,10067,7669,0,0,0
252343,e813bdc6-25bd-f494-5e6e-7e00dc124f44,64,248090,250385,252298,250181,1913,4208,2295,0,0,0
252403,7bb7acd2-ac33-f5c1-ccb8-d6d60253e7b2,64,242123,251026,252353,250298,1327,10230,8903,0,0,0
252702,9efd76be-ca20-9861-720a-f6005c5bf9bf,64,216692,237973,252702,250519,14729,36010,21281,0,0,0
252762,34cd5d6f-52bd-d07b-07b5-c69a4a13de29,32,240184,250851,252754,250281,1903,12570,10667,0,0,0
252905,f6feb332-1f6d-d463-f4fe-110d14572b45,64,213944,213982,252905,241156,38923,38961,38,0,0,0
252965,9f27bc06-f686-95aa-373e-2f8f34c93ebf,64,242228,252343,252924,250597,581,10696,10115,0,0,0
253276,b764b1f9-0df9-c154-5538-8c8fb84cb517,64,242226,252343,253276,250608,933,11050,10117,0,0,0
253480,ced36e66-4523-3269-20a2-2ec985a7e996,64,216692,235133,253480,249572,18347,36788,18441,0,0,0
253568,e9e73d57-9e7d-146b-07b8-bdeee90cbc49,64,242120,251860,253568,250396,1708,11448,9740,0,0,0
253910,0fa4255f-04f9-98bc-f8a3-7953cbe54314,64,216081,216081,253910,239699,37829,37829,0,0,0,0
254458,384cbfbf-81d0-8054-b273-4f6e4b865144,64,242230,252905,254458,250796,1553,12228,10675,0,0,0
254598,f7ddb1c3-fc7e-d140-60e5-85ab803e8d5f,32,240180,252702,254598,250652,1896,14418,12522,0,0,0
254862,24510912-3bef-d844-5e0e-98121d79be77,64,242228,253910,254862,251134,952,12634,11682,0,0,0
254922,fc05ffa6-a176-1dbb-cdd9-203d3392f492,64,216294,216294,254890,245566,38596,38596,0,0,0,0
255047,ba42733c-4b59-0745-f29c-db17ba28a2b9,64,240182,251099,255047,250319,3948,14865,10917,0,0,0
255181,ece91846-c2e1-4502-3036-0f505322ee8f,64,240180,251718,255181,250331,3463,15001,11538,0,0,0
255329,a03d6f69-021c-facb-2673-6d23c5d0a0ac,64,242115,254922,255329,251525,407,13214,12807,0,0,0
255389,f4d0d392-8ee9-0d39-fdfa-71a36c88d143,64,242124,252965,255334,250839,2369,13210,10841,0,0,0
255623,96f35771-242b-f7bf-c621-068e0443d9a8,64,242120,253568,255623,251061,2055,13503,11448,0,0,0
255731,3eed5faf-c100-58ca-04dd-9975e3b5dd9f,64,242121,253276,255731,250964,2455,13610,11155,0,0,0
255791,9b34c649-26f8-03c6-d886-8d4d493bafc4,64,216687,238881,255742,250617,16861,39055,22194,0,0,0
256219,1299a020-f157-8cad-c699-4e4839414a94,64,240180,255329,256219,251894,890,16039,15149,0,0,0
256339,e4691176-2604-acea-f763-8f94d8612dad,64,242226,254458,256299,251189,1841,14073,12232,0,0,0
256401,d1f2be97-0bae-462c-704c-8a7d97955602,64,240183,253480,256401,250972,2921,16218,13297,0,0,0
256476,6a9199ed-3196-6282-ccb6-588f61b1ad35,64,248764,255731,256476,252395,745,7712,6967,0,0,0
256730,a8ab9884-e908-bd44-053d-8ea23b22499a,64,242226,252762,256727,250793,3965,14501,10536,0,0,0
256790,0022cc35-b695-1195-caad-191658a59bff,64,248768,255623,256758,252149,1135,7990,6855,0,0,0
256926,ed1771e4-d54e-c6a5-0899-c6912d61ea88,64,242230,256339,256926,252600,587,14696,14109,0,0,0
256986,2f7f792b-79b7-e8d8-0a79-be49eb712852,64,248760,256219,256981,252512,762,8221,7459,0,0,0
257112,5639a196-9d76-52ce-41d5-f6269a8d39c5,64,248761,255389,257098,252045,1709,8337,6628,0,0,0
257350,d9f861ea-6d2a-f6e3-5829-7e5612ddedc0,64,248766,256926,257350,253071,424,8584,8160,0,0,0
257682,a2c39075-3101-9662-55ef-572391bbca03,32,240186,255791,257682,252482,1891,17496,15605,0,0,0
257742,2fd07b2f-7fb8-66bc-df8e-5693b290256f,64,242115,254862,257736,251250,2874,15621,12747,0,0,0
257802,9883c611-3c17-fa07-2944-12af3c782140,64,240183,256730,257765,252758,1035,17582,16547,0,0,0
257862,adaa9b78-48cf-ed22-9529-87bbb9a27cd5,64,240183,256790,257832,252937,1042,17649,16607,0,0,0
258431,8880ade1-844b-a88d-f2d0-8a26b27e7b9d,64,240179,255047,258431,251560,3384,18252,14868,0,0,0
258491,f8d9f45f-8bd0-ca6c-275d-e2c489bf9377,64,248764,257742,258480,253255,738,9716,8978,0,0,0
258571,f5f71def-2318-c5c6-e3c3-ecf705a4702b,64,248761,256476,258571,252728,2095,9810,7715,0,0,0
259057,65df1bb3-19b5-94f7-a634-f02e4a6b6dcf,64,248764,258431,259057,253769,626,10293,9667,0,0,0
259117,37e27671-ea7f-17d1-9a01-76390e6ecd60,64,242233,258491,259074,253814,583,16841,16258,0,0,0
259203,b54211a4-e11f-4efd-48ab-d32e5eb4360a,64,248766,257112,259203,253229,2091,10437,8346,0,0,0
259263,bedc140f-bf1e-2b91-4c98-0eeca027a9a4,64,248764,257862,259212,253761,1350,10448,9098,0,0,0
259846,bf9cd75c-0637-66dd-9729-0c024af53dfe,64,248763,256986,259846,253076,2860,11083,8223,0,0,0
260007,ba2133c5-08b8-615d-67fd-5f2d13831f01,64,242230,259117,260007,253903,890,17777,16887,0,0,0
260361,53b7a1d5-240f-d31c-ec65-7e3d88aca9f6,64,240180,256401,260361,252682,3960,20181,16221,0,0,0
260595,c35b83fb-a024-2eee-b792-338f85fba303,64,248761,259846,260595,254670,749,11834,11085,0,0,0
260866,aceab138-3e62-0898-b557-6846ee7616d1,32,253277,260361,260835,254813,474,7558,7084,0,0,0
261041,f068d554-7f24-c98e-dca9-1aee478a94a7,64,251395,260361,261041,254829,680,9646,8966,0,0,0
261250,823c69a2-4909-87c9-86d1-f4dbd3440ea3,64,242226,257802,261250,253731,3448,19024,15576,0,0,0
261310,6dee4228-631a-ae61-778a-ad6e1a7d5a41,64,240183,257350,261299,253234,3949,21116,17167,0,0,0
261370,1e3fdf12-3903-9fb3-cbda-c20c15f68117,64,253315,261041,261355,254936,314,8040,7726,0,0,0
261441,d54bcec5-d918-7ff5-cd3a-9adb24cada76,64,240183,259057,261441,253833,2384,21258,18874,0,0,0
261597,07083aa6-8d64-c7d3-54cf-479fbc006136,64,240187,255791,261597,252501,5806,21410,15604,0,0,0
261657,d15f2728-d477-d223-dcab-893c7a95df83,64,242226,259263,261619,254661,2356,19393,17037,0,0,0
261657,8020982d-127e-e8b1-9a87-a83d8ab41c5b,64,248763,259203,261624,254383,2421,12861,10440,0,0,0
261779,33b90c47-4007-c07a-b220-96bcdc61cc72,64,248768,261370,261779,255044,409,13011,12602,0,0,0
262099,1e001af7-0112-2d83-a232-df5c85c84ccb,64,251395,261441,262099,255162,658,10704,10046,0,0,0
262297,f110b192-3f2b-21c5-ddfb-8af9bccce1c9,64,216691,240172,262297,251853,22125,45606,23481,0,0,0
262357,bb9fe5e8-43c2-a4ca-d944-a886808b902f,64,242233,261250,262310,254937,1060,20077,19017,0,0,0
262357,14ca6d82-6844-f776-4f7c-0c4e51362635,64,251734,258571,262343,253827,3772,10609,6837,0,0,0
262836,4b88146b-2c7d-5b6b-c844-3b711ff294f8,64,248760,262099,262836,255965,737,14076,13339,0,0,0
262933,3ed6e353-0ea6-d1fe-c00d-1d9d1b165e42,64,251400,262297,262933,255990,636,11533,10897,0,0,0
263150,c2abd8e0-f219-ec35-a69e-22fd542092e1,32,248761,261779,263150,255778,1371,14389,13018,0,0,0
263226,cfd1c57d-9f35-dec1-9435-91cc06ea8ac9,64,242234,261657,263226,255445,1569,20992,19423,0,0,0
263298,0c652ac0-66ba-9945-8455-f4ef63651ce9,64,248760,261597,263298,255195,1701,14538,12837,0,0,0
263411,659eff7e-39ba-880a-107e-d9af52e819a5,64,251402,261310,263411,255010,2101,12009,9908,0,0,0
263563,12bb954f-44c7-6929-e8f8-72c5e6e1396c,32,242224,261657,263563,255333,1906,21339,19433,0,0,0
263819,7bd06794-2985-cdd3-4a1d-5528d85a254f,64,213989,214042,263819,248281,49777,49830,53,0,0,0
263879,4e7c39c2-fdb1-080f-37d4-25bbd2e54b9e,64,248769,263226,263870,256355,644,15101,14457,0,0,0
264028,527420a1-6139-86e9-3ae8-cc86702a9bd3,64,248761,262933,264028,256258,1095,15267,14172,0,0,0
264282,291022d3-eca8-3ba9-56a0-faa54fbe6dca,64,251396,260007,264282,254762,4275,12886,8611,0,0,0
264502,42db7313-0af7-b8a0-b755-4839e0150c0c,64,251395,262357,264502,256009,2145,13107,10962,0,0,0
264575,0e1caea3-3c72-60b0-7b29-aa66e3b04af8,64,242229,260595,264575,254910,3980,22346,18366,0,0,0
264644,3065b3a2-4afc-6fef-8a27-9be10e4683dd,64,251399,263298,264644,256473,1346,13245,11899,0,0,0
264757,f918455b-342c-342e-63f4-bc0f7ce43aec,64,251397,263411,264757,256596,1346,13360,12014,0,0,0
264817,765aa3f5-82aa-bada-7201-5af70e75e4ab,64,251396,262357,264761,256187,2404,13365,10961,0,0,0
265123,ab4611be-0517-c4ef-a578-391987ab7bda,64,251399,264028,265123,256918,1095,13724,12629,0,0,0
265317,49b549cc-bfb1-e9da-92eb-ff8f95c51842,64,251395,264575,265317,257229,742,13922,13180,0,0,0
265562,1388d21e-6053-42f3-3ee5-3a20b7e4590d,64,251400,263150,265562,256297,2412,14162,11750,0,0,0
265622,8971ff47-1141-8142-7df7-82ebe88f823d,64,248761,263879,265602,256858,1723,16841,15118,0,0,0
265896,9cfa9b4a-27ec-d6b6-db4e-b35655ad1993,64,251396,264757,265896,257253,1139,14500,13361,0,0,0
266172,836da569-d8e5-080a-1070-53c47ddfbc34,32,251404,264817,266172,257331,1355,14768,13413,0,0,0
266232,e26224bb-2101-f87d-0a45-6ebbcc6cb94e,64,251399,265562,266224,258633,662,14825,14163,0,0,0
266292,929ba6f8-5dc9-8246-1d98-32e1217e52e6,64,251398,265622,266289,258716,667,14891,14224,0,0,0
266420,abd16c63-7fcc-a09e-9149-2453135d0ddd,64,248765,265317,266420,258335,1103,17655,16552,0,0,0
266480,9e4e7af1-6510-a25a-bc27-484a126f89c7,64,132985,132985,266428,209118,133443,133443,0,0,0,0
266791,c27b7491-cde0-81fa-f8d4-b975fcff9ed9,64,248765,264644,266791,257247,2147,18026,15879,0,0,0
266857,991e0704-733b-e7cb-fda8-547410a7b21c,64,256255,266172,266857,258873,685,10602,9917,0,0,0
266917,e2655d96-24df-613b-10e8-a2cb185bc5f5,64,248767,264502,266894,257117,2392,18127,15735,0,0,0
267037,6381bbd7-271f-fe38-a6fe-42117fe8b570,64,251403,265896,266985,258833,1089,15582,14493,0,0,0
267037,9df7a72f-fdfc-8b51-c82f-dccf15e18488,64,251402,262836,267004,256190,4168,15602,11434,0,0,0
267037,061664a3-5b24-da29-081b-c596891b3e6a,32,253722,265123,267024,258324,1901,13302,11401,0,0,0
267141,3c1719ad-475c-d160-25af-60043869d8e2,64,251397,264282,267141,257064,2859,15744,12885,0,0,0
267226,ba26dbc3-2d3b-4adc-6386-d673412dff6c,64,248768,264817,267226,258291,2409,18458,16049,0,0,0
267667,e10b4445-5c35-2183-25be-0e503e6beee6,64,251401,267037,267667,260376,630,16266,15636,0,0,0
267965,25dd2524-0835-8e9c-3a29-eb47872bdc25,64,251404,267226,267965,260787,739,16561,15822,0,0,0
268038,c9cfcefb-26e6-d3f6-d067-cc1b65be2ecd,64,251400,266917,268038,259812,1121,16638,15517,0,0,0
268098,6a726a86-f984-166a-1f88-ee0bf36cf018,64,248761,263819,268049,256699,4230,19288,15058,0,0,0
268098,ebefeeb8-5780-9964-fbb7-ce92f2e31228,64,253726,266480,268063,259721,1583,14337,12754,0,0,0
268174,5ed03451-a13a-36db-8a12-ff3054bf2f54,64,251398,267037,268174,260311,1137,16776,15639,0,0,0
268324,0db71d95-0804-05dc-379a-72807d97fb59,64,253717,266420,268324,259409,1904,14607,12703,0,0,0
268734,8d99a727-167f-0607-fcc4-0681eb1ba989,64,253720,266857,268734,259735,1877,15014,13137,0,0,0
268988,b81ae4a3-c4cb-5c68-2319-594f630ee896,64,253721,268324,268988,262368,664,15267,14603,0,0,0
269420,3cfca8cd-4000-2588-065f-06d7e5232adb,32,251395,268038,269420,261171,1382,18025,16643,0,0,0
269675,9cc37e56-c9f0-6339-553c-c03a3f64ec06,64,250638,266232,269623,259261,3391,18985,15594,0,0,0
269955,c6406b52-cdef-eef2-09c3-9ca741b419ca,64,253725,268988,269911,262735,923,16186,15263,0,0,0
270015,b69cc4fe-0fa1-d48b-1853-0d8ff15a5c37,64,253718,268098,269991,261546,1893,16273,14380,0,0,0
270311,15e9e019-9a9b-2c83-93a9-390615b19303,64,253717,266292,270311,259278,4019,16594,12575,0,0,0
270441,1a676c83-e8d4-6a35-97e8-64ca2959b968,64,245182,268734,270441,262540,1707,25259,23552,0,0,0
270501,1c21515b-fb11-4dc5-d6bb-889f0a278efa,64,253725,269675,270495,263221,820,16770,15950,0,0,0
270570,fe73d88f-2fbc-d67a-6bd7-cc06733a3248,64,216695,261657,270570,255611,8913,53875,44962,0,0,0
270756,d84b2f9d-6d09-5461-f67a-1b391111770b,64,245175,268098,270756,261998,2658,25581,22923,0,0,0
270816,cb58cbef-43b9-1c43-63f9-02bc90c432df,64,260816,270311,270791,263842,480,9975,9495,0,0,0
270816,360bb108-d18c-1169-06c9-9a0aae0136cc,64,253718,266791,270810,259732,4019,17092,13073,0,0,0
270922,cafac4f2-d3b8-242b-efd6-fcccd5bc5ae0,64,260815,270441,270922,263846,481,10107,9626,0,0,0
271442,2b573ecd-0304-7d1c-5612-872b7700ddb4,64,253721,268038,271442,261322,3404,17721,14317,0,0,0
271820,65cbb014-763c-2109-683e-68ebb8235d5e,64,260815,270756,271820,264725,1064,11005,9941,0,0,0
271888,228abcd7-7caa-a252-e0ad-01a0936b5322,64,251395,267667,271888,261006,4221,20493,16272,0,0,0
272373,b6838827-3509-855e-0ac3-5410eb3e0e8a,64,253717,270816,272373,264875,1557,18656,17099,0,0,0
272433,7e4e4d70-455b-e7a1-c79c-6ed500059930,64,253720,270015,272398,263656,2383,18678,16295,0,0,0
272705,d87fed47-97b3-121f-cb09-378a753d34dd,64,253723,271820,272705,265465,885,18982,18097,0,0,0
272997,fd2dd4e4-f17a-5c4e-44b3-725c567d8eb7,64,260807,271442,272997,265453,1555,12190,10635,0,0,0
273585,2ff9632f-bb00-2c76-2078-1f1f388fa2ed,64,260807,272705,273585,265742,880,12778,11898,0,0,0
273926,71297e0f-c77d-4134-1a51-23b01c0e3978,64,253717,267965,273926,261014,5961,20209,14248,0,0,0
273986,008f3fc8-e82f-d8b8-ce86-3135a418587a,64,253724,270501,273963,264021,3462,20239,16777,0,0,0
274107,534f7b30-ed84-65e1-f055-e55d8006bae5,64,253718,268174,274107,262314,5933,20389,14456,0,0,0
274291,ce1fd9c4-7b02-fa03-aa51-426586c50e09,64,253718,270922,274291,265246,3369,20573,17204,0,0,0
274847,abeef75a-1682-8ce9-ba98-f8198b503a2b,64,260812,271888,274847,265629,2959,14035,11076,0,0,0
275844,5b76a06d-e3dc-57a1-e5af-66b6c2916d42,64,253718,272373,275844,265728,3471,22126,18655,0,0,0
275970,6dde5358-0b49-9144-02b7-50d6a743fe00,64,260812,273585,275970,265787,2385,15158,12773,0,0,0
276030,aa1f3a39-2615-11a5-a267-a276e6d13d2c,64,245175,272997,275976,265782,2979,30801,27822,0,0,0
276369,bddc50ba-594f-dbf8-dbb7-ae2d8746d7c6,64,253721,273986,276369,266277,2383,22648,20265,0,0,0
276434,0847feab-673d-383a-a7fc-93ca98105b90,64,253725,274847,276434,266697,1587,22709,21122,0,0,0
276903,7a8b7aca-b53f-7ddc-15fd-307891f81fad,64,253718,273926,276903,266111,2977,23185,20208,0,0,0
277465,d0f41b30-37f2-7fe6-34ef-bf2fcde68cba,64,253723,274107,277465,266359,3358,23742,20384,0,0,0
277525,545eaa79-db9a-437a-6049-1fed86ab5a4c,64,260807,276903,277486,267868,583,16679,16096,0,0,0
277585,c1f0ebf7-0b64-46f2-bf8c-0f0d9645adda,64,245179,270816,277585,264987,6769,32406,25637,0,0,0
277759,d55fe520-572a-1c96-f393-94bee5e8f2d9,64,260814,274291,277759,266647,3468,16945,13477,0,0,0
277889,c36901a4-6004-e429-bc27-faeb687ac02d,32,260806,275970,277889,266857,1919,17083,15164,0,0,0
277953,e47ad260-dd7b-0534-5f5a-04d9d5094d65,64,253725,276369,277953,267206,1584,24228,22644,0,0,0
278334,43974997-fae2-dced-e569-3bb57ff7a5fc,64,253720,276030,278334,267141,2304,24614,22310,0,0,0
278394,1851408c-2512-4d94-ca1f-8f77719cec78,64,260806,277465,278363,267978,898,17557,16659,0,0,0
278394,c859c0eb-cf6b-fd37-a9f6-05ed2aec7576,64,245175,275844,278365,266820,2521,33190,30669,0,0,0
278394,788e7872-41d8-c57c-a923-d32680f7e737,64,260814,272433,278379,265729,5946,17565,11619,0,0,0
278454,651a2c63-3162-2809-6412-b4ef456f99c2,64,245180,269955,278432,263310,8477,33252,24775,0,0,0
278514,bbb089e8-11b6-23ce-bb53-1aee0a2fe221,64,260811,277525,278461,268267,936,17650,16714,0,0,0
278761,e002f214-d242-0b53-ae33-1288859c97d7,64,268760,278334,278761,269396,427,10001,9574,0,0,0
279143,07ef3d7c-67dc-5056-4ff8-4ab11559727f,64,269555,278394,279143,270222,749,9588,8839,0,0,0
279227,8b760ba9-2342-0f4b-4b80-507d8ce7e0f2,64,268625,278394,279227,269506,833,10602,9769,0,0,0
279330,8e4c15f3-5367-290f-6399-8656c38b4cf7,64,269835,278761,279330,270782,569,9495,8926,0,0,0
279518,e090bbf2-f4d7-800a-62a7-5b42859ce128,64,260812,277953,279518,269138,1565,18706,17141,0,0,0
279614,f418bd37-b952-b1bf-c0a0-f06c6f34f749,64,269604,278514,279614,270410,1100,10010,8910,0,0,0
279932,4f8788ed-e5b4-f21f-ef84-102c133dbc86,64,269892,279143,279932,270944,789,10040,9251,0,0,0
280035,1ce1f3af-6c22-167b-fa4e-df5a8471a52c,64,245184,270570,280035,264203,9465,34851,25386,0,0,0
280137,96de8576-09a7-c5f9-b8ee-05310e8eaab3,64,260810,277759,280137,268732,2378,19327,16949,0,0,0
280525,688a74d4-a5dd-6a5c-c39d-06fea490e9d1,64,260807,279614,280525,272023,911,19718,18807,0,0,0
281357,3c66d01d-6bfd-1434-9143-3111af1136c2,64,260810,278394,281357,269814,2963,20547,17584,0,0,0
281828,66c676f2-e5a2-e7d0-e895-01e534a1ce0c,32,245175,276434,281828,267741,5394,36653,31259,0,0,0
281908,57178768-33fc-fd7d-f605-aa9c2de75a92,64,260813,278454,281908,270246,3454,21095,17641,0,0,0
281968,0f962dde-4b1b-e774-9519-fd53586126fe,64,260808,275970,281912,267023,5942,21104,15162,0,0,0
281968,51dcf909-d0d8-fc66-2ab5-b654e5b0bf55,64,260811,280035,281932,272467,1897,21121,19224,0,0,0
282048,e2a4ae18-cd3c-b60f-64b1-8f8b3228381d,32,273695,281968,282048,274099,80,8353,8273,0,0,0
282108,ea9bd048-c7df-297c-9886-3fe176d5e948,64,260810,280525,282061,273060,1536,21251,19715,0,0,0
282108,ae505915-8e6e-0f96-9de6-ec59fa237ec8,64,273620,281968,282092,273979,124,8472,8348,0,0,0
282302,ce3350d1-bd1e-7fc0-ca09-e857de2b8f8b,64,273706,282108,282302,274136,194,8596,8402,0,0,0
282362,d2a84d59-5d56-07ea-4f5e-22889a6857c1,64,273636,282108,282349,274314,241,8713,8472,0,0,0
282362,8651d059-d5f6-7432-1093-68fffc0ea433,64,273628,282048,282362,274126,314,8734,8420,0,0,0
282422,6e40feeb-308f-bb84-dea0-574349839e4a,32,273733,282362,282421,274622,59,8688,8629,0,0,0
282482,7ffb14d0-d124-da10-dee2-235ec0786523,64,273731,282302,282452,274474,150,8721,8571,0,0,0
282542,d3294a71-b697-492f-d840-fd58014cd941,64,273677,282422,282511,274667,89,8834,8745,0,0,0
282642,82db34f3-52c3-c305-b822-78411d222845,64,260814,279227,282642,271320,3415,21828,18413,0,0,0
283331,cc193642-3b89-aa26-7d10-098b63c3ee60,64,260810,279330,283331,271395,4001,22521,18520,0,0,0
283825,5a33a6e7-57e9-5b83-2cfe-189a0dc29c55,32,245175,278394,283825,270218,5431,38650,33219,0,0,0
283885,90bc5076-5462-a3e4-849a-cf50655214af,32,260808,281968,283855,273833,1887,23047,21160,0,0,0
284439,32cdc1d0-0c99-a75b-d9d0-1c72529cbc09,64,245175,281908,284439,273287,2531,39264,36733,0,0,0
285446,0590e87c-2ff8-7c17-ded0-1a38e7b62d67,64,260811,279518,285446,271840,5928,24635,18707,0,0,0
286338,0ed588ac-66b3-2b0e-dfb5-d424d7b8470f,64,245176,283331,286333,275251,3002,41157,38155,0,0,0
287941,471b2038-3b60-446e-c13a-179989a0685e,64,245182,282542,287941,275037,5399,42759,37360,0,0,0
289515,381c4c97-5aa6-bcdb-bc7f-8a4b7c7ff8af,64,260689,281357,289515,273282,8158,28826,20668,0,0,0
292319,74cdae7e-73ba-7afd-a6d7-1157b8faa516,64,245175,283885,292319,275363,8434,47144,38710,0,0,0
293971,44a137cf-20d1-a8a8-a1ce-9fd43f293e0c,32,236540,277889,293971,269032,16082,57431,41349,0,0,0
296888,acf31b4d-9583-3542-095c-97fdfa51a4d5,64,245176,280137,296888,272547,16751,51712,34961,0,0,0
297482,da2329c8-d128-b80b-949d-94e29caeb54f,64,245184,286338,297482,276172,11144,52298,41154,0,0,0
298330,6cfa7287-8717-be6d-b5e2-478837ea3dc9,64,132724,132724,298330,235618,165606,165606,0,0,0,0
299259,27c61236-efd0-03d0-19e3-8b6544d89a45,64,245183,282642,299259,275190,16617,54076,37459,0,0,0
300040,123d329f-7f41-49af-45a1-21d8c81f2d3b,64,174554,195222,300040,260596,104818,125486,20668,0,0,0
300100,4f8ac775-2364-f175-e0ff-7f11fd962c30,64,260685,297482,300068,277405,2586,39383,36797,0,0,0
300510,4c1c946b-a3e2-29c0-9b22-e53364485715,64,245178,289515,300510,276215,10995,55332,44337,0,0,0
301595,67a4fdb6-60dc-3d2b-994f-e7dc4733f442,64,260690,292319,301595,276346,9276,40905,31629,0,0,0
302086,d64dbbb0-3111-5e09-c8c6-cbbb65606cc7,64,245175,285446,302086,276011,16640,56911,40271,0,0,0
303200,4b80a6b7-1130-e6dc-a248-b16068711af7,64,260684,301595,303200,279212,1605,42516,40911,0,0,0
303431,1993644b-0f4d-626e-0d35-8bc380863f67,64,257072,284439,303431,275461,18992,46359,27367,0,0,0
305117,55e12049-309e-0fc4-193d-15df6f4228d8,64,260692,296888,305117,277028,8229,44425,36196,0,0,0
306648,6df00b4e-19ad-eec2-ac14-45af34bcfbd0,64,275100,305117,306648,279578,1531,31548,30017,0,0,0
307500,23fb7ddb-de60-af01-3e97-699bb4083c27,64,275052,306648,307500,279798,852,32448,31596,0,0,0
309871,8e63fd56-dee7-0f9a-fc25-39d673f78379,64,245180,300040,309871,277688,9831,64691,54860,0,0,0
310563,1ab627e3-6487-af4d-91cb-9dae274a7225,64,245180,302086,310563,279490,8477,65383,56906,0,0,0
312350,8f57c122-f50a-82e8-03ec-608b5ae9d2b3,64,256701,282362,312309,274599,29947,55608,25661,0,0,0
312602,97b87e38-4bf5-843d-1cb4-c9940984258c,64,260691,303200,312602,279512,9402,51911,42509,0,0,0
313192,89d2e73e-c9d8-0901-7f73-fa3041d205a9,64,267003,303431,313192,279545,9761,46189,36428,0,0,0
313761,77d5415f-be59-d254-61da-969f5f4dc37c,64,256682,298330,313761,277436,15431,57079,41648,0,0,0
314719,fddd99ad-f2d6-5ef9-2e75-20e457bb861d,64,275047,313192,314719,281037,1527,39672,38145,0,0,0
315220,3fc31311-88f1-1964-80fc-844fb0395904,64,245180,309871,315220,280025,5349,70040,64691,0,0,0
315459,22e80727-2939-7928-a20b-d29915084a54,64,260683,312602,315459,280919,2857,54776,51919,0,0,0
315641,3445b47c-8079-e2ec-ebdc-2c9daef7c60b,64,94469,94469,315641,275018,221172,221172,0,0,0,0
316323,e1112ae6-c261-72af-27db-dc47e99be1d8,64,260692,314719,316323,281806,1604,55631,54027,0,0,0
316590,e40f9e2c-915a-a857-c48f-b0dbd3cc74d6,64,256690,300510,316590,277762,16080,59900,43820,0,0,0
318755,4ae5e57d-6b1b-860f-00e7-38fd12a5eb04,64,266950,300100,318755,277724,18655,51805,33150,0,0,0
318815,843efe2f-3441-8d4c-0445-50e71e42ee2d,64,257084,307500,318777,279871,11277,61693,50416,0,0,0
318875,2a22997b-713a-a5e1-c9d6-edbaf2131de4,64,274996,315641,318860,282497,3219,43864,40645,0,0,0
319965,46a1e473-df82-f12f-5383-9c0f2d839318,64,245184,315459,319965,282496,4506,74781,70275,0,0,0
320025,104a4141-5180-422f-9543-fad609cabe14,64,275065,318755,320023,283517,1268,44958,43690,0,0,0
320410,30c059e0-8bd0-0908-8b73-d4521a956e55,64,245183,310563,320410,280608,9847,75227,65380,0,0,0
320747,74177003-8076-7cbf-bde2-c14d43057119,64,274972,318815,320747,283691,1932,45775,43843,0,0,0
321287,7d21b934-8f65-59e4-7d76-5345867d28bc,64,275047,320025,321287,284525,1262,46240,44978,0,0,0
321579,780eabae-0329-5e1c-de8d-9f3d2e0fab6e,64,95264,95264,321579,218271,226315,226315,0,0,0,0
321982,fb0ba48c-eafe-3984-7667-937497f5533b,64,158733,192660,321982,249949,129322,163249,33927,0,0,0
322085,2d81791b-e32a-60ac-0f10-9a9fc6ab385e,64,257052,299259,322085,277542,22826,65033,42207,0,0,0
322238,ee935510-5e8c-f6b6-b31f-01a1f4caf583,64,245181,313761,322238,281309,8477,77057,68580,0,0,0
323746,7b7d91d4-f531-f226-9f2c-da971bbcd2e9,64,275066,318875,323746,283893,4871,48680,43809,0,0,0
324823,4eb16892-75cf-e82c-a414-e9fb445c61f1,64,245183,316323,324823,282508,8500,79640,71140,0,0,0
325181,31c79faf-fb14-dc56-a010-e9b7e254b249,64,260687,319965,325181,284047,5216,64494,59278,0,0,0
326112,db02a68c-cfe0-6ac9-cf70-b5e78d394846,64,260684,316590,326112,282818,9522,65428,55906,0,0,0
326543,4acc99ea-c47a-09ff-0edc-6da4bac7cd06,64,286270,325181,326543,289819,1362,40273,38911,0,0,0
326985,d64fe4e2-38ac-1bcc-51f6-3ceae391bb7f,64,187789,200453,326957,272128,126504,139168,12664,0,0,0
327289,8b869e30-c202-1b52-6f3f-3f763fed3d79,64,260686,324823,327289,288956,2466,66603,64137,0,0,0
327872,698a7ada-cb92-5e92-d9f7-07884d61d4c5,64,286274,326543,327872,290391,1329,41598,40269,0,0,0
328383,fdcadf20-5cd1-5fc8-c411-01383a1e1132,64,286275,327289,328383,290497,1094,42108,41014,0,0,0
328596,39a20ed1-5452-185c-ecfc-912a490a4abd,64,289343,328383,328581,290620,198,39238,39040,0,0,0
329980,9c012c23-63a5-4599-5cd1-f29335b1d7d4,64,260684,320747,329980,286977,9233,69296,60063,0,0,0
330369,830b230d-1223-b69d-e2a6-f98bd554e9aa,64,266941,321579,330369,287963,8790,63428,54638,0,0,0
330433,40f3de91-eb14-2767-568b-e1db4fbe5bf9,64,260687,326112,330433,290375,4321,69746,65425,0,0,0
330651,62824085-cb1f-4c06-d7b0-f9ccacef1584,64,289342,329980,330651,290918,671,41309,40638,0,0,0
330858,cb882c8a-fb00-6331-a647-89f01f4b83af,32,289341,330433,330858,291100,425,41517,41092,0,0,0
331191,561be345-fad9-11e5-10ac-12e9a84966af,64,286275,326985,331191,290401,4206,44916,40710,0,0,0
331281,810755e0-7b49-0ffb-3d9a-712920657718,64,256549,312350,331281,280897,18931,74732,55801,0,0,0
331391,b3d83b46-f510-3177-5e33-afef385e1055,64,260687,322085,331391,288384,9306,70704,61398,0,0,0
331542,7a484132-ae9b-f313-0355-faea44d7acfa,64,289338,331191,331542,291291,351,42204,41853,0,0,0
331602,db8d57d9-45c6-76c3-0ffb-db8f723f155c,64,286271,330433,331585,291183,1152,45314,44162,0,0,0
331716,af656bef-326d-bb01-bd7f-d94a8cd8277b,64,289339,330369,331716,290977,1347,42377,41030,0,0,0
331776,34641786-f88f-27d7-1ec0-9b51d8241de8,64,260688,315220,331732,282028,16512,71044,54532,0,0,0
332135,e11f15ad-bb82-8061-9e85-18387dd98863,64,286266,331716,332135,291732,419,45869,45450,0,0,0
332297,98271523-86f5-cdaa-b406-f1c15b25d1f1,32,289338,332135,332297,292123,162,42959,42797,0,0,0
332380,5a4594cf-6648-f283-f6de-1f5cd985084a,64,289341,331602,332380,291712,778,43039,42261,0,0,0
332571,bc053832-1f7e-2e1e-a58d-85c5dd74f4e8,32,289344,332135,332571,291906,436,43227,42791,0,0,0
332702,b6a6b431-83f9-4f58-b0fd-ede4e397423a,64,289339,331391,332702,291648,1311,43363,42052,0,0,0
332783,21309ac5-88fa-b23b-e74d-bf943bfb89a6,64,286270,328596,332783,290845,4187,46513,42326,0,0,0
332843,a828211d-7a94-10b6-1efb-6bc522d67eca,64,285744,331776,332821,291786,1045,47077,46032,0,0,0
333325,4928654c-e884-42c0-6c3d-7a287f12bba4,64,260691,323746,333325,288758,9579,72634,63055,0,0,0
333385,bef0284b-ad0a-1ec6-dc9d-7f4be16ab497,64,289339,332702,333371,292329,669,44032,43363,0,0,0
333445,73c5a96c-4d9f-08b1-6974-57d2cdc25249,64,286275,331281,333388,291319,2107,47113,45006,0,0,0
333505,472b60f6-957d-b9fe-b8b2-8b73e9549d88,64,285738,331542,333448,291700,1906,47710,45804,0,0,0
333766,859d86e7-cb69-3626-8169-84968a13b656,32,286266,332380,333766,292241,1386,47500,46114,0,0,0
333914,11a0e905-ca87-35b5-1754-26a54a7c60bb,64,286270,333505,333914,292886,409,47644,47235,0,0,0
334361,864a512d-d9ce-129c-1b57-856c005b8b64,64,285735,332783,334359,292376,1576,48624,47048,0,0,0
334442,c2e02128-73dc-e0e0-6657-00be80c48989,64,260684,327872,334442,290603,6570,73758,67188,0,0,0
334680,eb8fd2e5-556a-e7e8-f55c-2fcca88cba61,32,286267,333325,334680,292669,1355,48413,47058,0,0,0
334740,5cfbb010-7efb-9b2b-789f-8ea5edcd7411,64,286266,332571,334706,292273,2135,48440,46305,0,0,0
334800,98d470d7-df0d-c871-1e86-1ea4de641c67,64,286268,330651,334748,291192,4097,48480,44383,0,0,0
334929,d743a4cd-ae3e-0c98-8e35-490d73e99f68,64,286266,332843,334929,292537,2086,48663,46577,0,0,0
335020,785b399a-57d6-e9fe-056f-c94b40359cc0,64,289335,334361,335020,293110,659,45685,45026,0,0,0
335110,59d5f7a1-b3f3-a850-cba8-7493b5c47919,64,286270,332297,335110,292139,2813,48840,46027,0,0,0
335217,31e8c914-3797-1892-e30b-7fcc2e941a91,64,289335,333914,335217,293013,1303,45882,44579,0,0,0
335414,29fd9415-8028-df6c-f9fd-0365a52e4cba,64,5883,5930,335414,268630,329484,329531,47,0,0,0
335570,0e5650c3-492f-3756-6037-c111ccc2afef,64,289335,333445,335570,292848,2125,46235,44110,0,0,0
335694,75fb4469-068c-3a14-42a3-03658e9705d1,64,285741,335110,335694,293635,584,49953,49369,0,0,0
336170,c352a5c1-80ae-7fa4-e7d2-b43336a3005c,32,286272,334800,336170,293501,1370,49898,48528,0,0,0
336359,d20bed9d-266d-bf5f-5839-27bb1c5a99b0,32,285736,334442,336338,293166,1896,50602,48706,0,0,0
336935,9f98673a-d618-395d-46c7-96de3da271ff,64,286273,335570,336921,293958,1351,50648,49297,0,0,0
337199,af3b32b9-5bf3-6412-1e85-6dede7b96323,64,289335,334740,337199,293492,2459,47864,45405,0,0,0
337658,57418749-a9a9-fb2c-d0e4-fd8a48d4445d,64,286271,333385,337658,292769,4273,51387,47114,0,0,0
338639,3de78d0e-3d33-639e-e5d3-49efd21d66d9,64,267011,320410,338639,285287,18229,71628,53399,0,0,0
338737,9a6bd971-088b-efee-1fb4-2240948bf086,64,285743,335694,338737,294177,3043,52994,49951,0,0,0
338839,f11b81b5-1d81-e198-6584-c9e3a9c29b8c,32,285737,336935,338839,294239,1904,53102,51198,0,0,0
339344,58e0320d-7a10-9307-47b5-8bb58a9faf2f,64,260683,335020,339344,293555,4324,78661,74337,0,0,0
339531,ac33479f-bfbe-7683-9fc7-d097a718c8be,64,260683,335217,339531,293685,4314,78848,74534,0,0,0
339870,ec3c8084-c240-ab62-ced2-57f8bed47280,64,286272,338737,339870,294583,1133,53598,52465,0,0,0
340373,a2f1a234-1ee1-4086-59dd-6bf401479762,64,289334,337658,340373,294340,2715,51039,48324,0,0,0
340585,de537673-5e3f-3ec7-cabf-ae4af61a8c46,64,285738,337199,340585,294270,3386,54847,51461,0,0,0
341037,08b77c51-458d-971c-1c69-6395fe8e3b73,64,286271,340373,341037,294908,664,54766,54102,0,0,0
342152,d5329488-5dd4-797b-f480-6394fb276440,64,286266,341037,342152,295242,1115,55886,54771,0,0,0
342812,60e4ba2c-741f-4027-5798-1bc25f3df920,64,286268,342152,342812,295252,660,56544,55884,0,0,0
342872,eaa72752-e5de-4f81-d83d-31a0cb2cf472,64,285737,336935,342836,294262,5901,57099,51198,0,0,0
342872,89b80812-c69c-270f-86f8-6d78ef87bdbe,64,285741,339870,342864,294852,2994,57123,54129,0,0,0
343374,36502aef-ea93-17e9-2764-dec0448d4e76,64,285733,339344,343374,294669,4030,57641,53611,0,0,0
344729,ac15f7e3-00f4-91a5-0334-9f8166f7ac98,64,266975,321287,344729,287856,23442,77754,54312,0,0,0
344885,34d03ebf-0db5-f4af-d7a5-dcf2f3c148e2,64,286274,340585,344885,295229,4300,58611,54311,0,0,0
345143,9d484003-af70-5e12-2429-42a16d67831d,64,289336,344729,345143,295496,414,55807,55393,0,0,0
345274,e0dd6aee-f119-dcd9-bb59-97d64fec20b0,64,289338,342872,345274,295352,2402,55936,53534,0,0,0
345274,ee994e2f-381d-268d-d5d1-3fdb1d501b3a,64,289338,342872,345274,295357,2402,55936,53534,0,0,0
346118,44299108-ac07-2eea-8b57-22df2bfee718,64,260685,339531,346118,294839,6587,85433,78846,0,0,0
346178,8b25c717-ebb8-48a7-3495-ad7d19853d8f,64,285742,342812,346169,295261,3357,60427,57070,0,0,0
346410,f294ab2e-9b67-bd94-215d-36f9e62077b7,64,285734,345274,346410,295786,1136,60676,59540,0,0,0
346805,bb0bf375-834c-d0eb-0695-a0ba33d5ceaf,32,285741,344885,346805,295512,1920,61064,59144,0,0,0
347005,bf8048b4-2381-7db9-75c3-2e981bdfdf34,64,285733,346118,347005,295833,887,61272,60385,0,0,0
347065,ae326c53-ad9e-9a10-a9c1-5adc6232287c,64,285737,346410,347065,295886,655,61328,60673,0,0,0
347125,c48eca3f-6d0e-aa2c-82fb-fdc717dedfbe,64,285734,346178,347083,295858,905,61349,60444,0,0,0
347228,6571bc7f-1265-9624-f364-ae2c3f1f84a2,64,285737,344885,347228,295660,2343,61491,59148,0,0,0
347288,3d3ca786-726f-55ac-ff93-602f4852fbcc,64,286266,345143,347278,295722,2135,61012,58877,0,0,0
347671,4a4ef6c1-acd5-b138-4b92-71283186bbb9,64,260693,343374,347671,295468,4297,86978,82681,0,0,0
347775,76c42543-e7fd-8630-4daf-3bea22a6df25,64,294969,347065,347775,296008,710,52806,52096,0,0,0
347835,e6b04b55-4e65-50d3-a864-bfae15838511,32,294973,347005,347780,295891,775,52807,52032,0,0,0
348143,b46197f9-fc7a-f126-2f9e-5b5a850fc700,64,289335,347005,348143,295941,1138,58808,57670,0,0,0
348263,801fe222-14aa-9d7a-a70a-e33236dd3553,64,267022,336170,348263,294184,12093,81241,69148,0,0,0
348509,06470faf-850d-8003-b520-d86a9ae14459,64,296099,347775,348509,296658,734,52410,51676,0,0,0
349008,2b6c04c6-9f55-8bb0-dfb2-ecdeb337daf6,64,289338,348263,349008,296813,745,59670,58925,0,0,0
349467,0033d65c-1b0f-5962-843b-76b86798644d,64,286267,345274,349467,295736,4193,63200,59007,0,0,0
349580,00bf7f2f-261e-217f-28e0-fd9e4f7d3715,32,285742,347671,349580,296523,1909,63838,61929,0,0,0
349718,6b31f6c1-d1b2-58ff-077c-dedb65f8cdbd,64,285734,348143,349718,296717,1575,63984,62409,0,0,0
350157,78ec798b-b883-2e4e-0c1d-7fd52216a46c,64,289337,347288,350157,296408,2869,60820,57951,0,0,0
350217,1ccadd5e-1ad3-31ce-20fb-f03af1440d84,64,256670,334680,350176,293300,15496,93506,78010,0,0,0
350277,4c0476a9-64e6-d715-3999-76785013c8aa,64,260687,347671,350246,296572,2575,89559,86984,0,0,0
350396,5ab3f581-f026-45a4-a83e-64c0c9b0088a,64,285734,349467,350396,297801,929,64662,63733,0,0,0
350753,cc8c1dae-f3e3-3093-45be-06f83fbf7901,64,257061,335414,350753,293752,15339,93692,78353,0,0,0
350878,ce4a7635-2c6c-0b91-c6df-af7dc87208ef,64,266985,333766,350878,292938,17112,83893,66781,0,0,0
351406,68a8983c-fa18-c14a-c00c-c5bd3edaf6e2,64,289335,349718,351406,297802,1688,62071,60383,0,0,0
351530,7e8b3cc2-4750-62fb-ac22-97f3b4307cf0,64,289335,350157,351530,297840,1373,62195,60822,0,0,0
351834,008bb736-db32-ff5c-16c8-8a748a2e9624,64,285737,348509,351834,297427,3325,66097,62772,0,0,0
352123,641fd4a5-8ddf-03d0-0f61-44332c32ed18,64,285738,350217,352123,297936,1906,66385,64479,0,0,0
352440,14b379f4-69c4-b61f-d6cc-298d576f3527,64,285735,349008,352440,297673,3432,66705,63273,0,0,0
352500,3be311ae-b69b-72a1-b5a6-de72c0e16f34,32,260687,347228,352491,296177,5263,91804,86541,0,0,0
353162,f5dcb21a-fa80-8941-49ed-d76f1c946125,64,289337,350277,353162,298063,2885,63825,60940,0,0,0
353282,6957dc86-204a-c09d-2008-2013bfd8ae38,64,298361,351834,353247,299416,1413,54886,53473,0,0,0
353282,3dee7e09-79ce-b425-06ce-34b16e5038dd,64,285621,350396,353279,298884,2883,67658,64775,0,0,0
353437,22a2a2f8-c048-96a0-bb49-0e519e46ddef,64,286222,350878,353437,298941,2559,67215,64656,0,0,0
353586,56f8409c-5264-605a-f078-7539a378dacb,64,267029,321982,353586,288250,31604,86557,54953,0,0,0
353774,342edbc9-4cf7-c3c7-756c-0fcc1431528a,32,260684,348509,353774,297029,5265,93090,87825,0,0,0
353839,cfd3fefd-bc13-c586-70b1-f02bd6262706,64,289335,351406,353839,299007,2433,64504,62071,0,0,0
355477,48e724e4-c7bb-0252-9444-b5f81df52cb0,64,285622,352500,355477,300641,2977,69855,66878,0,0,0
355537,8400bf6e-32c2-368c-973d-c559122beb5e,64,285734,351530,355536,299407,4006,69802,65796,0,0,0
356185,b049ec0b-6ac5-4227-454a-19dbb91ece46,64,285622,353586,356185,302664,2599,70563,67964,0,0,0
359836,eebea50d-5a6c-b33e-af5f-8913d13a962d,64,286224,353282,359836,301881,6554,73612,67058,0,0,0
360300,62d85378-8c84-8b87-d052-47cc808d21ad,64,285625,350753,360300,298927,9547,74675,65128,0,0,0
360385,1988b7ec-4a09-6bef-c81e-fa1ff412b349,64,286224,352123,360385,299485,8262,74161,65899,0,0,0
360528,03962951-9704-ac60-24f7-a71d42ab7894,64,93775,93822,360528,276198,266706,266753,47,0,0,0
362330,ccdf321b-237c-3e70-6ea2-57c20471f6f8,64,286226,359836,362295,303371,2459,76069,73610,0,0,0
362450,2a193ff9-a201-73ac-d4d3-32e6fdd29e6c,64,266965,338639,362391,294466,23752,95426,71674,0,0,0
362774,a63b6c9f-cd97-0b02-9354-0737ef3ee855,64,285629,360300,362774,303537,2474,77145,74671,0,0,0
362873,4e4211e1-638c-ee09-2794-c9a49b1eeafc,64,285629,353282,362873,301477,9591,77244,67653,0,0,0
363041,1749f8f7-d8e5-ac5d-e33d-78768f5dd125,64,285626,353437,363041,302580,9604,77415,67811,0,0,0
363406,915fcf53-d83a-7dd5-035d-34696889bfad,64,285621,360528,363406,304888,2878,77785,74907,0,0,0
363476,a0b9ec2c-e3cf-14c1-b958-d682b3de1447,64,286227,352440,363476,300337,11036,77249,66213,0,0,0
363549,75ad231b-95de-12d5-d899-38bb1206994d,64,260687,347125,363549,296119,16424,102862,86438,0,0,0
364483,dc66a4dd-78b2-ae15-594b-cf668995e6ad,64,285626,356185,364483,303363,8298,78857,70559,0,0,0
364989,91108236-fb8c-d12a-1076-0bac005e5cf3,64,300210,362774,364989,307245,2215,64779,62564,0,0,0
365085,9d366639-1c6c-7f27-9b0c-020dc7a96087,64,286223,355477,365085,303123,9608,78862,69254,0,0,0
365587,548a3294-5d8f-fb1f-89d0-f9727eda1275,32,300212,362873,365587,307306,2714,65375,62661,0,0,0
365774,f1a158d1-1c61-9ade-1a88-73ec8402dccf,64,300217,363476,365774,308021,2298,65557,63259,0,0,0
365834,fbba3dac-2246-d044-d5c6-88ba9f6d6c8c,64,300215,363549,365782,308101,2233,65567,63334,0,0,0
366412,fec64185-93fd-b225-7105-f0920d2d39cb,64,300210,365085,366412,309365,1327,66202,64875,0,0,0
367121,c9fe2250-2a80-64b3-67bf-324a7437a0b0,64,300216,365774,367121,309626,1347,66905,65558,0,0,0
367209,1d875212-b6d5-f842-cea5-8c3e98433c3a,64,285622,362873,367209,307589,4336,81587,77251,0,0,0
368167,32a99f44-6bbd-3b4e-8f37-01390c6e2d47,64,285630,366412,368167,309650,1755,82537,80782,0,0,0
368618,d10c690a-8e14-b9f6-76aa-50e0427c954a,64,286219,360385,368618,303642,8233,82399,74166,0,0,0
369344,8e60d31f-e84c-a0af-5c3d-122bb72cef88,64,236599,322238,369344,288511,47106,132745,85639,0,0,0
369962,375e38b7-1136-29da-5ac4-01de0e070e00,64,285630,368167,369962,310897,1795,84332,82537,0,0,0
370411,44f3a555-a696-fd80-3087-cdfef568efe5,64,286219,353839,370411,302827,16572,84192,67620,0,0,0
370561,1c17ee0d-b295-11ac-d63e-7a0b03759f96,64,285624,362330,370561,304892,8231,84937,76706,0,0,0
370621,de7dc507-576a-be72-4ad6-5349c0f17c16,64,300209,367121,370570,309667,3449,70361,66912,0,0,0
371463,b972ff40-a35d-e603-72c0-d42d2f29ca3e,64,300210,365834,371463,309646,5629,71253,65624,0,0,0
371523,5bb90317-d242-43ab-f007-eee0c7bd7b63,64,286219,367209,371514,310041,4305,85295,80990,0,0,0
371583,eb5a83dd-4771-a24f-3cf1-e41b261847b1,64,300212,369344,371533,311423,2189,71321,69132,0,0,0
371769,b5798280-e9c7-d673-e3c0-8f2df33a86db,64,286227,362450,371769,305964,9319,85542,76223,0,0,0
372129,f4f839d9-8581-916a-34bc-ee91513d25a1,64,286223,355537,372129,303173,16592,85906,69314,0,0,0
372254,0b3564af-a12f-0dfd-32b7-3301162ea77e,64,312290,371523,372254,312799,731,59964,59233,0,0,0
372314,d6c69578-e2e5-8a89-488c-7a64361bc766,64,312308,371583,372295,312855,712,59987,59275,0,0,0
372611,a813ef5b-96a2-dcfb-280b-8f91f1431171,64,300210,371769,372611,313123,842,72401,71559,0,0,0
372910,3237929d-db7d-f97a-f0a6-2a3ea2fd5c8f,64,286226,363406,372910,307892,9504,86684,77180,0,0,0
373844,72dc4a8f-d0f7-a209-36cd-15312f91dda0,64,286218,364483,373844,308934,9361,87626,78265,0,0,0
374305,0f15c338-2d03-9f33-3d00-f3ccabef8dca,64,300216,372910,374255,314366,1345,74039,72694,0,0,0
374547,d33609be-bf8e-d97d-d740-3862d2636829,64,300213,372254,374547,313681,2293,74334,72041,0,0,0
374640,57f65bd2-e728-4f5a-50eb-a3be200e183d,64,300226,372314,374640,313879,2326,74414,72088,0,0,0
374823,a6c36f02-02ed-7cba-3159-b571c048ef2d,64,286219,370411,374823,311610,4412,88604,84192,0,0,0
375032,d699f908-d95a-017c-cb1e-7a8c2269d377,64,286218,370621,375032,312230,4411,88814,84403,0,0,0
375518,c276a38d-442b-7a2c-2b74-9593a4b6614f,64,285627,372611,375518,314134,2907,89891,86984,0,0,0
376348,cec88e0d-2056-30f7-8465-d576eeeb75c7,64,300212,375032,376348,315272,1316,76136,74820,0,0,0
376827,71a7fdb6-fd90-1bcb-8927-2f04668d7b72,32,286219,371463,376787,312594,5324,90568,85244,0,0,0
376887,1864630e-20de-77c5-6568-ef8d22e234bf,64,286221,368618,376830,310922,8212,90609,82397,0,0,0
377148,69ff7726-2494-5f1c-8fc0-f04fbfe68aa9,64,286219,370561,377148,311684,6587,90929,84342,0,0,0
377954,c6bf9d33-ec75-6a2a-61b5-f657d4453727,64,300209,372129,377954,313330,5825,77745,71920,0,0,0
378233,381dfd22-c864-d140-1beb-d0728d5dfd2e,64,300229,375518,378233,315575,2715,78004,75289,0,0,0
378567,e6612633-ee66-932d-c7a3-d6b2713e125f,64,300209,369962,378567,311455,8605,78358,69753,0,0,0
378716,145659ea-c7a0-5fe1-89e3-9c2ab8227f4c,64,300210,377148,378716,316454,1568,78506,76938,0,0,0
379040,65ebbf76-7a8d-25b4-7ec8-05c282538874,64,286224,374640,379040,314863,4400,92816,88416,0,0,0
379184,7e346174-ea3b-3fd6-582f-e1b6f533cc86,64,300214,376887,379184,316421,2297,78970,76673,0,0,0
379502,085c4bf0-3137-01b4-06de-0c92b302a11e,64,300213,377954,379502,316455,1548,79289,77741,0,0,0
379562,995faf9e-7cf2-030a-c318-7da0784d1304,32,300212,376827,379536,316013,2709,79324,76615,0,0,0
379742,b3ab18d9-976e-206c-616a-bf8c3027015e,64,300229,374823,379742,315025,4919,79513,74594,0,0,0
379911,e0a05e9d-0ad8-8ed3-d9fa-aebed1756ee9,64,286219,378233,379911,316724,1678,93692,92014,0,0,0
380265,5c7acc79-72ed-cbf9-9ae4-fa2e3f2e653c,64,300216,378716,380265,317044,1549,80049,78500,0,0,0
381150,d7280fd9-6087-826f-2364-2ba287401bc0,64,300219,380265,381107,317819,842,80888,80046,0,0,0
381531,50f15b8c-b6be-c014-3e1b-b73f0bd515d8,64,285622,379911,381531,317797,1620,95909,94289,0,0,0
381632,a604b598-1b77-b315-dd9b-04624569a49c,64,286219,379040,381632,317081,2592,95413,92821,0,0,0
382162,1376ca78-1698-a88d-4c4c-d8ab3320ee94,32,285623,376887,382162,316345,5275,96539,91264,0,0,0
382507,13164632-222a-8b0b-5659-1909309c5b52,64,286222,374305,382507,314437,8202,96285,88083,0,0,0
383038,d4f64f83-9493-b46e-4ba4-0f5ceb15f36a,64,300230,374547,383038,314448,8491,82808,74317,0,0,0
383103,8f3aed55-ab1e-1817-9dee-9ee8a70b1d42,64,300229,378567,383103,316802,4536,82874,78338,0,0,0
384013,fe1c4a28-c862-b70c-7904-ffb1443ff733,64,300229,379502,384013,317305,4511,83784,79273,0,0,0
384124,ee0ec269-744d-101f-5bed-1b489ecbda14,64,285627,379742,384124,317602,4382,98497,94115,0,0,0
384382,99f68c9a-50e2-b159-cc84-35ef7f9817c0,64,300209,381632,384382,318813,2750,84173,81423,0,0,0
384529,ee7e7fec-e99f-a644-c239-064b0c1a13b8,64,300209,383038,384529,319218,1491,84320,82829,0,0,0
384589,da82c4cf-9b04-dd27-7813-c217e1e32a6d,64,285620,376348,384554,315634,8206,98934,90728,0,0,0
386277,f27c75ed-d491-4931-a2ad-03d60d0a5493,64,300234,382507,386277,319117,3770,86043,82273,0,0,0
386337,14413349-bd0c-f773-54d6-bcdb9a3962d3,64,300234,384589,386312,320654,1723,86078,84355,0,0,0
386974,d6c04ae2-d464-2685-2987-0e589af58a79,64,285629,384382,386974,320191,2592,101345,98753,0,0,0
387158,65c9756a-689b-f92d-baab-ed4fb2123a66,64,300215,382162,387158,318833,4996,86943,81947,0,0,0
387815,c27d5571-3c52-89ca-7314-834eba451fa6,64,285624,381150,387767,318629,6617,102143,95526,0,0,0
387891,033a3740-696e-6a62-ca00-6fa953c3f674,64,286222,386277,387891,320703,1614,101669,100055,0,0,0
387951,f558d6ea-dd7e-8333-6a53-990d80e1caa2,64,300214,383103,387950,319276,4847,87736,82889,0,0,0
388707,b174d31c-b771-2366-64a7-76e30a91d7bd,64,286225,379184,388707,317293,9523,102482,92959,0,0,0
390764,649e0a91-64f2-aeec-ff17-444143a2a3ef,64,286222,386337,390764,321007,4427,104542,100115,0,0,0
391672,a3ced9d2-ab8c-309d-474f-606b9161d089,64,300229,387158,391672,321034,4514,91443,86929,0,0,0
392174,1e74d80a-26d9-3400-a433-ce4e3fdf77a2,64,285626,387815,392174,321566,4359,106548,102189,0,0,0
392299,ddf7cf3e-b127-41a6-5e9d-943355b3b8a7,32,285625,386974,392299,321031,5325,106674,101349,0,0,0
392368,a2d295db-b27b-d350-b06a-ab8f21f5b1e8,64,300226,387891,392368,321919,4477,92142,87665,0,0,0
392887,029f745d-4d35-1375-1abf-d7aa50f10435,64,300225,381531,392887,318812,11356,92662,81306,0,0,0
393267,c0036851-a0b6-8808-5305-482b1d240480,64,300225,384529,393267,320430,8738,93042,84304,0,0,0
393459,82b2a85a-c319-cd6f-c961-75192051c45f,64,285624,384124,393459,319723,9335,107835,98500,0,0,0
393831,ac8a6219-3f1c-47f2-4c11-d23b95a10399,64,300229,392174,393831,323886,1657,93602,91945,0,0,0
393935,35bd0f08-9aa7-d84c-61e8-39c567f77e75,64,285621,388707,393935,322561,5228,108314,103086,0,0,0
394217,1ed02b04-b10e-7dd6-bf05-413e9f531cc0,64,300233,391672,394217,322749,2545,93984,91439,0,0,0
395130,8d31a34a-c47a-cb1c-5b06-492387de82bf,64,285621,384013,395130,319478,11117,109509,98392,0,0,0
396971,7ce456bb-0c9c-f9e4-58b5-dfedf2b47627,64,314591,387951,396971,322024,9020,82380,73360,0,0,0
397578,f8b65c79-7376-9d97-cc47-468adb8c9c44,64,300234,393831,397578,326375,3747,97344,93597,0,0,0
398308,44ac435a-2b82-9c75-9f62-78fea7d84ed7,64,324874,396971,398292,328862,1321,73418,72097,0,0,0
398409,3ee517c5-4e20-d6d8-a4bd-7d3a8d63d40e,64,266994,353162,398409,301033,45247,131415,86168,0,0,0
398606,db11aedd-f676-5648-a638-40d4dc3cd76d,64,300225,394217,398606,327957,4389,98381,93992,0,0,0
398723,6f7c4fd6-7bb0-ede3-aa3e-3c23a95186d0,32,328538,398606,398723,329459,117,70185,70068,0,0,0
399126,3236f41d-c22c-384c-9a7f-8712c216a949,64,324880,395130,399126,328253,3996,74246,70250,0,0,0
399255,513d0f10-3e55-21ec-c3cd-61ab5fb6f397,64,300230,390764,399255,322697,8491,99025,90534,0,0,0
400285,855a1f4f-8bc0-2f6f-c43b-778345005273,64,324874,399126,400262,329726,1136,75388,74252,0,0,0
400551,04badcf4-9000-72e3-1599-1dbf6609b9a1,64,324885,399255,400551,330100,1296,75666,74370,0,0,0
400659,4bfcfba0-a405-66ac-04cd-a3eaa5b3c115,64,300229,392887,400659,324807,7772,100430,92658,0,0,0
400832,edd8ece8-1af3-c49c-1f07-bf99870372fe,64,324874,398409,400829,329399,2420,75955,73535,0,0,0
400892,82d8426f-3302-278c-55e3-5bb6a8fdc8ef,64,300231,392368,400840,324573,8472,100609,92137,0,0,0
401143,303715d7-293e-4a92-e6d0-9951417f6da9,64,324881,398723,401143,329655,2420,76262,73842,0,0,0
401534,f43f5088-6084-6cb6-59a6-54e12865eeb5,64,314600,393459,401534,326369,8075,86934,78859,0,0,0
401804,d392d5ec-c336-ab4a-0b75-b5f88bb25f9b,64,324874,401143,401804,330967,661,76930,76269,0,0,0
401981,e0a95f2f-0220-dfc6-8828-d9cdd9f6c0f7,64,324875,400659,401981,330477,1322,77106,75784,0,0,0
402041,1d6e7ab6-5867-a007-fe7d-dbdbf3296aff,64,300233,398308,402004,329107,3696,101771,98075,0,0,0
402508,8e30ff33-fae4-8458-3391-3ad4009ff786,64,324885,400832,402508,330770,1676,77623,75947,0,0,0
402684,154cfa54-4522-73e7-af88-42ecac18a9c5,64,300225,392299,402684,324455,10385,102459,92074,0,0,0
403171,6c759415-ecd4-ff6b-68e5-44883c18ebd9,32,324884,401804,403171,331149,1367,78287,76920,0,0,0
403319,51fa13fb-c1ff-13d4-775c-5718838e863a,64,324880,400892,403319,330802,2427,78439,76012,0,0,0
403379,0fadcb09-7208-ffb2-8ac5-3f93906128df,64,324879,401981,403342,331205,1361,78463,77102,0,0,0
403622,ebec9a01-e205-eabf-7f22-fba53cc3097d,64,324879,402508,403622,331598,1114,78743,77629,0,0,0
403738,e0b54744-4087-6d00-8285-6310692418b6,64,324879,403319,403738,331774,419,78859,78440,0,0,0
404061,cba8dd6e-ea54-79f2-399b-29fc5f5cf4f9,64,324880,403379,404061,332135,682,79181,78499,0,0,0
404738,ae672648-b932-ab84-9c01-a3459b751b4f,64,324885,400551,404738,330460,4187,79853,75666,0,0,0
404798,6dffd943-36fd-a98d-94ab-24e96794e589,64,324879,404061,404773,333332,712,79894,79182,0,0,0
405632,df1aa76a-84d3-2448-ecf7-4e8a2c0176d5,64,327634,402684,405579,331684,2895,77945,75050,0,0,0
405962,5da17dc9-ab48-9f7a-6474-5dce9e80e9b9,64,300225,401534,405962,331102,4428,105737,101309,0,0,0
406278,4a1a98b5-01b8-76e1-b22f-af39a96cd8e2,64,328541,405632,406278,333807,646,77737,77091,0,0,0
406441,11e55363-e318-2010-ebce-a5341e6b8a76,64,324880,405962,406441,334024,479,81561,81082,0,0,0
406545,8cc3e4c9-1f55-f8ac-bd5d-33375e8c22f2,64,324874,403738,406545,333244,2807,81671,78864,0,0,0
407022,96d765d0-7b16-c936-521d-ae98c42fa03e,64,328537,406441,407022,334080,581,78485,77904,0,0,0
407193,883f9e16-4daa-f438-8017-c2db9f56118e,64,314615,393935,407193,327527,13258,92578,79320,0,0,0
407342,ee608e1f-7f64-60ae-3846-e85d6627cd56,64,324875,403171,407342,331685,4171,82467,78296,0,0,0
407867,674ccb71-cf4f-aa6e-dc77-be61dc629367,64,324874,403622,407867,333141,4245,82993,78748,0,0,0
407927,c6bbb861-4840-ee5d-f8ef-7418739fe470,64,324880,406545,407870,334149,1325,82990,81665,0,0,0
408172,2de92307-a9ca-27f7-c305-01d2935a7058,32,328541,406278,408172,334068,1894,79631,77737,0,0,0
408266,3a5c7106-bc96-646a-7a2b-83aa0e9a8ee6,64,300227,402041,408266,331326,6225,108039,101814,0,0,0
408756,d2228ef8-35f8-56e8-9acf-760b68778ecb,64,328544,407867,408756,334418,889,80212,79323,0,0,0
410039,2042c893-b59d-bb55-7451-8a2f147bf656,64,300225,400285,410039,330219,9754,109814,100060,0,0,0
410099,a9222088-a93e-d33b-ef04-0a3ca26d50d4,64,324885,407927,410044,334441,2117,85159,83042,0,0,0
410616,ccda775c-a8ba-1f8f-d176-026420a22a93,64,328546,404738,410616,333416,5878,82070,76192,0,0,0
410676,fab014c1-47bf-824e-c70d-cc6ce777dac2,64,324874,408172,410618,334494,2446,85744,83298,0,0,0
411227,5d661199-6f93-056c-638c-c8e03b5a402f,64,328541,408266,411212,334612,2946,82671,79725,0,0,0
411460,fd9e54ce-8048-a0be-e0e1-96dd98a2a6e3,64,324874,408756,411460,334622,2704,86586,83882,0,0,0
411850,5312ab77-c729-e964-a142-42218cc5c84e,64,333545,410676,411850,335232,1174,78305,77131,0,0,0
412135,128689bc-fd2f-9643-2f41-5f9dfd7f60a6,64,328542,411227,412135,335529,908,83593,82685,0,0,0
412195,08303126-82ec-2f42-1a40-77920209f205,64,328538,410616,412166,335149,1550,83628,82078,0,0,0
413019,c69fca09-ac6f-ec8e-4afb-9204198d9b79,64,328538,407022,412964,334204,5942,84426,78484,0,0,0
413079,ae0b9c3e-2ef4-37db-126d-0b23f08a9f63,64,328536,411460,413058,335776,1598,84522,82924,0,0,0
413139,cf82779e-3079-49c6-9a5a-4d67055ae18d,64,328541,407193,413132,334209,5939,84591,78652,0,0,0
413434,aca58f21-89d9-0927-b0ab-c45fcbd26e85,64,328545,410099,413434,334848,3335,84889,81554,0,0,0
414491,ff40abae-3c22-65fb-375e-aba38f43a702,64,300225,404798,414491,333473,9693,114266,104573,0,0,0
415670,9d157617-2c7a-5163-fbfa-92d74aa425fe,64,332176,411850,415670,336183,3820,83494,79674,0,0,0
416079,cf699c98-9312-c20c-7918-68e3f9f08c1c,64,328545,412195,416079,336399,3884,87534,83650,0,0,0
416580,47107b23-9832-4d70-ca57-66558590ca75,64,328537,413139,416580,337104,3441,88043,84602,0,0,0
416669,3921c69d-7761-e77a-82e3-01f023aa2c56,64,328541,416079,416669,338669,590,88128,87538,0,0,0
417820,5b3cf9fe-73de-1685-3a97-d80450fca476,32,250645,365774,417820,309439,52046,167175,115129,0,0,0
418548,0c42333b-e081-aabd-48b1-8785592d899e,32,328541,417820,418548,339645,728,90007,89279,0,0,0
419401,91f01de0-2e4b-7c7f-5782-7826f6d000dd,64,328542,413434,419401,337806,5967,90859,84892,0,0,0
419461,a08c1d43-d00d-1898-ebc6-bc59f64b835b,64,334311,414491,419408,338406,4917,85097,80180,0,0,0
419670,83353c3d-3b91-e4f4-3326-af5861c0b62b,64,328430,413019,419670,336411,6651,91240,84589,0,0,0
419670,9d319350-5b7e-d2ff-839b-edd0781241bc,64,328538,415670,419670,338646,4000,91132,87132,0,0,0
420396,54a6e6a6-c369-4889-9405-f1f8fd5c430c,64,328545,418548,420396,340025,1848,91851,90003,0,0,0
420456,8a064b9b-902c-e81c-d979-a73b73cb2695,64,328537,419401,420447,340329,1046,91910,90864,0,0,0
421534,0c63b952-2b9e-7d18-615a-b9c7770f5152,64,328543,419670,421534,341217,1864,92991,91127,0,0,0
421792,aaa79e8f-16db-aa93-5d31-1a849e532353,64,328544,419461,421792,340549,2331,93248,90917,0,0,0
422621,82dba4db-1e57-deb0-8695-864941ee0c23,64,328541,419670,422621,341111,2951,94080,91129,0,0,0
422830,9b7289e5-20a6-4192-deb5-d042beb6b446,64,336299,416669,422830,339457,6161,86531,80370,0,0,0
423100,b23283b2-8107-2c9f-bf1c-25a8760a54e8,64,328430,421534,423100,342281,1566,94670,93104,0,0,0
423773,5e17df4a-f9fb-6273-ad74-fc20c7c244cf,64,328538,420396,423773,341635,3377,95235,91858,0,0,0
423935,cfe84ae2-51bf-2d1d-83ed-79b20bfb997c,64,326734,416580,423935,338733,7355,97201,89846,0,0,0
426868,c202054b-c687-f52c-ad07-9f5a49dc9c23,64,328441,420456,426868,341816,6412,98427,92015,0,0,0
428125,8722f1c1-0832-dc92-2286-58786f488673,32,328431,422830,428125,343853,5295,99694,94399,0,0,0
429070,2474faaf-89f1-cc00-40c1-2f43b577dd1b,64,334327,423100,429070,343870,5970,94743,88773,0,0,0
430796,5aa7abc5-548f-c66a-dce1-113fc921fee8,64,328434,422621,430796,342627,8175,102362,94187,0,0,0
431103,775e0841-8abe-925c-38a3-a9c2aaad68e4,64,328440,421792,431103,342458,9311,102663,93352,0,0,0
431601,5cafca04-7317-58c7-e190-9c434e82263e,64,334301,423935,431601,345036,7666,97300,89634,0,0,0
432136,a91ee2d3-406d-cb60-e6ee-6ade2c7381ab,64,328431,429070,432136,346756,3066,103705,100639,0,0,0
432631,9d38eb9c-b420-9426-9b00-6259990dcb3b,64,334320,426868,432631,345059,5763,98311,92548,0,0,0
433966,1aa8fcd7-afb0-3328-58f3-25c0cc77f138,32,328430,430796,433966,347181,3170,105536,102366,0,0,0
435408,a5ea0d8f-788e-f5c1-a8a9-4ed52d427251,64,328435,431103,435408,347767,4305,106973,102668,0,0,0
436559,0df85499-a393-775c-a52c-bf13217c41ea,64,328430,431601,436559,347872,4958,108129,103171,0,0,0
438226,9a8578e8-f044-7ca9-a7d1-415a09d955ef,64,328435,433966,438226,349623,4260,109791,105531,0,0,0
439106,058cbf65-a568-9f3a-0ee1-ec9d00871d18,64,328436,428125,439106,346354,10981,110670,99689,0,0,0
440207,437e6068-4ccb-8ee7-77ea-8daafc46b071,64,326865,423773,440207,344067,16434,113342,96908,0,0,0
440267,93e024d2-00bd-eefd-0d8d-2944ded9c34c,64,334347,432631,440208,349487,7577,105861,98284,0,0,0
441831,e907aae7-e222-f39e-f00f-7fc93f38f537,64,328439,440207,441831,354330,1624,113392,111768,0,0,0
442342,39138902-c544-eab0-fe70-3fc225bb2712,64,349863,440267,442342,354513,2075,92479,90404,0,0,0
442542,62684b43-408c-d80d-d175-b167175ec2b5,64,250633,412135,442542,336352,30407,191909,161502,0,0,0
443291,820abe75-6c8b-f454-9613-bb63f766c361,64,349870,442342,443291,354751,949,93421,92472,0,0,0
443395,6d1eb722-60ab-bc7f-c47b-90ed77eba921,64,349867,441831,443395,354697,1564,93528,91964,0,0,0
444414,5e6d9db3-2217-3f70-b646-9a1f5f7402f2,64,348379,438226,444414,354110,6188,96035,89847,0,0,0
446390,bf921069-55d7-449c-8f6e-3160b65c0ef8,64,328434,443395,446390,355273,2995,117956,114961,0,0,0
446946,9e61740f-cf68-4768-dcdb-c872fabfe297,64,328431,442542,446946,354985,4404,118515,114111,0,0,0
448334,68a4c56f-92e1-7ce5-ab66-b8e73fa014a2,64,327116,436559,448334,353958,11775,121218,109443,0,0,0
450222,f6dd23fc-4fea-c34f-5155-89118abbd74f,64,349870,446946,450222,355845,3276,100352,97076,0,0,0
450385,522be5d5-f848-169c-5b7f-aafef30226bd,64,349868,448334,450341,355887,2007,100473,98466,0,0,0
450665,087df61d-21e4-a7e7-7856-fcb38b27036b,64,328435,446390,450665,355830,4275,122230,117955,0,0,0
452280,db9bca04-1948-ac3e-2526-f41c2e5cfd07,64,349868,450385,452280,356622,1895,102412,100517,0,0,0
452491,cea9e905-e0e4-fb32-8c14-1f2316954ee6,64,349863,450665,452491,357357,1826,102628,100802,0,0,0
452691,f0acce13-cda3-cd5a-ca9e-90b614e1521c,64,326922,432136,452634,348908,20498,125712,105214,0,0,0
452779,2a665ac5-4a46-2ec7-b9bd-6cd858a895b0,64,328434,443291,452779,355248,9488,124345,114857,0,0,0
453614,adacbf26-34e5-5d9c-ca6b-802b9fe8c455,64,349871,452691,453614,357960,923,103743,102820,0,0,0
456073,40ce922c-4dce-488d-a55c-67bd5ca4a098,64,348387,452280,456073,357418,3793,107686,103893,0,0,0
456453,6018a71b-b5ab-f66e-0e7e-481143eddd87,64,133286,133286,456394,307758,323108,323108,0,0,0,0
456805,b2e1a5f1-0e4f-078c-705a-7fab10025918,64,349863,452779,456805,358616,4026,106942,102916,0,0,0
456971,de81b3ed-b77b-1335-0e4d-bfb24675aa13,64,334337,444414,456971,355805,12557,122634,110077,0,0,0
457116,f3adea7d-245e-ceec-cf6b-95506a2f7860,64,349862,456073,457116,358908,1043,107254,106211,0,0,0
457784,e6c0b0c9-4016-3bc5-37cb-51216e9602ff,32,328436,452491,457784,357863,5293,129348,124055,0,0,0
459847,743d0ed3-5540-df98-f8d8-b584ce04663f,64,349866,456453,459847,359021,3394,109981,106587,0,0,0
460165,53e946d9-528d-a2fe-660a-7799f2700781,64,349867,456805,460165,359298,3360,110298,106938,0,0,0
460600,83637de0-7196-71a5-0c0d-640b0626176b,64,349866,457116,460600,359386,3484,110734,107250,0,0,0
461353,da44ca8d-4c5f-ba9f-ad23-7dc1e7e4acb0,64,328440,450222,461353,355951,11131,132913,121782,0,0,0
461449,eccc0831-9410-02e7-be33-c4bdfbae117f,64,349866,459847,461449,360077,1602,111583,109981,0,0,0
461535,59b5f891-ad2e-6105-2ca6-50a3eec445f5,64,349862,457784,461535,359567,3751,111673,107922,0,0,0
465407,48c23668-678a-ec24-1558-6e6348020250,64,349863,461353,465407,360625,4054,115544,111490,0,0,0
466071,fe76d3e5-4fcf-1b1c-8031-3984ce53cccf,64,349870,460165,466071,360299,5906,116201,110295,0,0,0
466204,aa3af6b7-bd2a-9da3-ca5c-6f9ad873ef5a,64,140018,205251,466204,293505,260953,326186,65233,0,0,0
466677,ea7d9349-6779-8ac0-1e7b-5e00ed032b70,64,349862,466071,466677,361505,606,116815,116209,0,0,0
467908,864ddc0d-e84d-f8cd-33d3-07f2d745e51e,64,328434,465407,467908,361419,2501,139474,136973,0,0,0
468639,ee068e53-0573-47dd-c2bf-3bda0404e989,32,349869,467908,468639,362295,731,118770,118039,0,0,0
468823,2a5252c8-d4d6-08b4-6322-5384a1fc53c3,64,349871,466677,468823,362163,2146,118952,116806,0,0,0
469119,27237c1a-6172-4155-277b-af460d7eee5e,32,362270,468823,469119,362730,296,106849,106553,0,0,0
469186,8e78646b-7d47-af43-f4dd-59785c009a69,32,362436,469119,469186,362891,67,106750,106683,0,0,0
469589,7964421a-2444-d19c-6d4f-52f755bc36e9,64,349866,468639,469589,362526,950,119723,118773,0,0,0
469649,e37fa237-cb75-805b-0882-dcaacce5dc31,64,349863,466204,469606,362143,3402,119743,116341,0,0,0
469733,83de069c-4ed2-c7d9-d9db-71ede283a8a0,64,362472,469589,469733,362953,144,107261,107117,0,0,0
469802,96502536-a19c-c66b-6172-2d0cadd5901e,32,362322,469733,469802,363101,69,107480,107411,0,0,0
469862,c960b917-296b-bf50-ddef-2a66c530dd82,64,349863,469186,469849,362908,663,119986,119323,0,0,0
469925,4f85f747-e885-0279-501f-3f11d5468910,32,362506,469862,469925,363223,63,107419,107356,0,0,0
469985,e464a4f2-f7aa-a07e-64e5-cdc7be85300c,64,362502,469802,469949,363105,147,107447,107300,0,0,0
470091,95fd62db-5fc2-252e-1974-99ae110e0a1d,64,328431,453614,470091,358906,16477,141660,125183,0,0,0
470168,53172e89-1595-3106-9511-6c5f34c4f6ad,32,362415,470091,470168,363278,77,107753,107676,0,0,0
470259,cb5f85f5-a10e-0c72-4c41-59422627d722,32,362372,470168,470259,363297,91,107887,107796,0,0,0
470319,607242e8-5034-f6d1-4aff-51abc51df0ca,64,362435,469925,470309,363268,384,107874,107490,0,0,0
470402,14ab1f3c-922a-a4c7-4802-78617fe66c2a,32,362535,470319,470402,363426,83,107867,107784,0,0,0
470503,62c04528-e687-e1f3-a061-8b976355e25d,64,362458,469985,470503,363271,518,108045,107527,0,0,0
470697,1203f15e-df6c-6e6f-e411-1f4a8406562d,64,349863,469649,470697,363100,1048,120834,119786,0,0,0
470838,b20c42aa-1b42-200d-4637-d5fe03813d26,64,362541,470697,470838,363566,141,108297,108156,0,0,0
471233,034a0aab-71a5-e9e3-3ebc-7049d67e7010,64,363195,470838,471233,363678,395,108038,107643,0,0,0
471316,8e8f4854-956d-92e2-089c-fd5a9d3cf4ab,64,349866,470259,471316,363349,1057,121450,120393,0,0,0
471376,7daae9db-5b90-aa65-2612-a30409ce2544,64,363195,471233,471337,363784,104,108142,108038,0,0,0
471539,7b2df78f-3ba4-6082-0336-6b3d08384e87,64,363207,471316,471539,363806,223,108332,108109,0,0,0
471599,620423f1-08f5-3973-0663-7e426e4e8497,64,328431,460600,471575,360555,10975,143144,132169,0,0,0
471682,0d19364d-00eb-f10e-c40c-f33a42e32c21,64,363185,471539,471682,363924,143,108497,108354,0,0,0
471742,a630e28b-6c57-3391-40bd-07abe194891f,64,363188,471599,471684,363994,85,108496,108411,0,0,0
471852,0bc25a3b-741d-319d-52bb-e4e1fda57faf,64,363207,471682,471852,364183,170,108645,108475,0,0,0
473142,b11822ff-ab73-b9a1-be9d-d3cc28aca4da,64,348409,461535,473142,360800,11607,124733,113126,0,0,0
475963,152b7fbd-aa15-a7d3-b4ec-733defe47a7e,64,348400,470503,475963,363543,5460,127563,122103,0,0,0
478448,dd918930-ec13-4367-2e97-4f7a98f314cb,64,328431,471852,478448,364355,6596,150017,143421,0,0,0
479524,bcad7491-d1e2-4f28-15be-dddf19af378c,32,348418,470402,479524,363431,9122,131106,121984,0,0,0
481476,2ee65b00-fd3e-1572-d4ad-e022e0038105,32,362505,479524,481476,367280,1952,118971,117019,0,0,0
481871,2d47c84a-d3dc-a7d4-cc62-ac5428c95338,64,362506,478448,481871,367244,3423,119365,115942,0,0,0
482453,99860656-3699-56ab-2951-9a0f060f22eb,64,362508,481476,482453,367301,977,119945,118968,0,0,0
484209,fb59a25b-6236-c6f1-ff4d-aa0c2d74cf85,64,328434,473142,484209,364842,11067,155775,144708,0,0,0
484547,b624c283-6bb4-5123-f81d-42726d8b643e,64,362509,482453,484547,368696,2094,122038,119944,0,0,0
485203,dd61730b-5efe-232c-eaf6-8f57701dc761,64,348426,471376,485163,363831,13787,136737,122950,0,0,0
485323,3c7edb88-ddf4-5d30-0c9c-2d55a1bbe389,64,328440,475963,485289,366251,9326,156849,147523,0,0,0
485488,cebdc3e3-c05f-b0c8-6f44-cd6dc382ba7f,64,362511,484547,485488,368930,941,122977,122036,0,0,0
485810,13e2c5ee-1afe-14f8-ddfb-b48ed32cdaf0,64,362500,484209,485810,368787,1601,123310,121709,0,0,0
486559,6ad1182f-5e93-e505-6ec7-c0eebebe06ea,32,362505,485810,486559,371065,749,124054,123305,0,0,0
487754,1f0c033b-a5fc-982f-3dbd-331984fef0f5,64,362500,481871,487754,367705,5883,125254,119371,0,0,0
488544,35013e0b-3815-dbf4-125e-4b3fe81133a9,32,362501,486559,488544,371156,1985,126043,124058,0,0,0
488870,149bc313-acc2-ac76-c533-c8c6a0a75dfe,64,362500,485488,488870,370755,3382,126370,122988,0,0,0
489312,8119136d-ad2b-e9a9-550f-9533d51b840f,64,296091,435408,489312,349740,53904,193221,139317,0,0,0
489394,8c393f4c-29ef-e33b-51e5-9f8d807600fe,64,362509,485323,489394,370547,4071,126885,122814,0,0,0
491075,b0fb843c-fa31-346b-f041-d9612a983f49,64,362501,489394,491027,373260,1633,128526,126893,0,0,0
492318,6fe61bfa-74d2-feb6-37a4-465141500063,64,362504,488870,492318,372855,3448,129814,126366,0,0,0
492695,dd134751-5119-4e38-13be-d02f56c8d221,64,362505,491075,492695,373270,1620,130190,128570,0,0,0
493441,2ae0e12c-9570-c489-4e6d-0bbf3cdaa243,32,362506,492695,493441,374868,746,130935,130189,0,0,0
493854,eda7b6e5-eb1a-c86f-c4e5-b7e4ebea8fee,64,362501,487754,493854,371424,6100,131353,125253,0,0,0
493991,d052857e-8f8b-55d1-5d60-be10d7ee5d4f,64,353185,471742,493991,364332,22249,140806,118557,0,0,0
494306,8e7cf803-626e-f43f-0446-9f66c90a115d,32,362504,492318,494306,373899,1988,131802,129814,0,0,0
494574,74c8b8a5-74bb-a122-2e74-095cc51c452b,64,362502,488544,494574,371468,6030,132072,126042,0,0,0
494791,e2b77137-8173-e1c0-513d-5c96dfab137c,64,362501,493854,494791,375541,937,132290,131353,0,0,0
495526,82a3df65-dd26-7ae5-c8be-93a637fdefa4,64,374855,494574,495526,375758,952,120671,119719,0,0,0
496759,a0725989-a1db-830f-1fb0-abc3aecbf7f1,32,362501,494791,496759,375847,1968,134258,132290,0,0,0
496867,2f8e3cde-ceed-d234-96f5-87d8a192d203,64,362504,493441,496867,375356,3426,134363,130937,0,0,0
497091,13ddd5b2-3287-e958-cabc-a3205c6b69e9,64,362506,494791,497091,376040,2300,134585,132285,0,0,0
497777,f878339c-8535-16ec-e2b4-c4a76cc9773b,64,362510,496867,497777,376261,910,135267,134357,0,0,0
498288,83b10677-e3bb-bbeb-8c65-c13df17871ba,64,362500,492318,498288,374526,5970,135788,129818,0,0,0
498363,1ac4df91-0498-4e28-7e80-8be1efec2095,64,371611,497777,498363,376384,586,126752,126166,0,0,0
498423,1de8b35f-bd8f-ad35-1b17-809de70a7e3c,64,362390,493991,498400,375683,4409,136010,131601,0,0,0
498483,be93b360-baef-cd21-4363-90ca0b268aaa,64,362507,495526,498461,376081,2935,135954,133019,0,0,0
498663,f720a35d-034b-3b25-26b8-1db9c0b739f3,64,371607,497091,498654,376311,1563,127047,125484,0,0,0
499167,ea7dbecd-e06f-f0d4-6f53-5f89e401ce0f,64,359499,498288,499136,376593,848,139637,138789,0,0,0
499837,7a995fba-7feb-2b41-8fda-8d85520a9f1a,64,250656,407342,499837,334359,92495,249181,156686,0,0,0
500613,948148e4-3f3f-87bb-aeef-749fe42d3cd4,32,376767,499837,500613,377449,776,123846,123070,0,0,0
500990,1900c321-4219-eb72-5ba6-612b42d8c523,64,362383,498423,500971,377126,2548,138588,136040,0,0,0
501324,a90829a6-f89e-54ea-8ac0-6a9e6cf7f504,64,362381,498663,501310,377325,2647,138929,136282,0,0,0
501504,0ef974a9-e72b-0e03-7356-131b699dba9b,64,371604,498483,501450,377257,2967,129846,126879,0,0,0
501745,dcaaffc4-d6c8-460f-4978-fcd7ce37237a,32,371609,499837,501745,377353,1908,130136,128228,0,0,0
501991,e692e081-751d-e5f0-0c53-cecbac48253f,64,371607,501324,501948,379359,624,130341,129717,0,0,0
502145,2e6a88c0-fb4c-db43-f27f-8712e573acc5,64,362381,499167,502145,377344,2978,139764,136786,0,0,0
502265,7db9fa27-cae3-a240-bce6-4b1ffd00dfdf,64,373927,500613,502234,378969,1621,128307,126686,0,0,0
502265,bc9ca81c-ecfe-f33d-8f50-371934108ea2,64,378475,501504,502245,379489,741,123770,123029,0,0,0
502615,f01e9c07-b9d0-832f-b5d7-9e8e8f21e8ec,64,371603,500990,502604,379101,1614,131001,129387,0,0,0
502991,29a55243-6197-38ba-e5af-e0fd879883f4,64,373931,501991,502934,379584,943,129003,128060,0,0,0
503217,e78dba98-4f8a-e217-9d94-d1c4d7681471,64,371607,502265,503200,380147,935,131593,130658,0,0,0
503277,cc39398d-23f3-853a-acfd-c5f3c535fb4c,64,379290,502145,503261,379793,1116,123971,122855,0,0,0
503985,d56f403a-33a7-bb68-bbd3-f06681971c92,32,371603,501991,503959,379583,1968,132356,130388,0,0,0
508211,221cb479-2478-b821-4852-019deeb335b8,64,371599,502615,508211,380201,5596,136612,131016,0,0,0
508381,28dd2e89-e4db-1d95-460e-372bac2d0f39,64,362381,502991,508381,380228,5390,146000,140610,0,0,0
509185,b625220b-656f-ba0b-d3bd-2099951a8375,64,371604,503277,509185,380691,5908,137581,131673,0,0,0
509280,15be2848-cad7-cd24-0491-670d64ef936d,64,379337,508211,509280,380827,1069,129943,128874,0,0,0
509340,295c1fe4-f2c4-16f1-035c-5a0b5630033c,64,371603,503217,509301,380672,6084,137698,131614,0,0,0
509427,2f649cc2-5eda-7b2a-9a5d-092090ef62ce,64,371604,508381,509427,380885,1046,137823,136777,0,0,0
510111,61033940-b078-91e7-5b76-4007ec1d9c52,64,373927,509340,510111,381097,771,136184,135413,0,0,0
510417,4f995de6-8a77-0e42-d3e9-2b7561f3555d,64,379398,509280,510417,380946,1137,131019,129882,0,0,0
511109,1405be55-7df0-fbd1-e274-359a7ab4ab80,64,373931,509185,511109,380898,1924,137178,135254,0,0,0
511657,8ded95e6-8333-1e4d-4b4e-cd8dc31ffff2,64,371600,510111,511657,381444,1546,140057,138511,0,0,0
512139,95952125-70db-85f9-9d27-d39d0593b210,64,362383,502265,512139,380148,9874,149756,139882,0,0,0
512412,1f9054bb-ffc3-5d02-a1da-9cda51e02147,64,362385,509427,512412,381309,2985,150027,147042,0,0,0
513390,a96e4559-cce9-5a81-b3c3-655898e31b8f,64,379981,512139,513390,381746,1251,133409,132158,0,0,0
513959,77174dc6-317c-2dbe-5e2f-5749e02bc406,64,297356,461449,513959,360740,52510,216603,164093,0,0,0
514305,d3c456ae-75c6-f18d-40a6-c85555840778,64,362389,511657,514305,381671,2648,151916,149268,0,0,0
514517,a55b8e54-c0a2-303c-8a3e-a4a8208df061,64,373930,512412,514512,381923,2100,140582,138482,0,0,0
514589,dba1586f-3ad5-a9e2-048f-bc73e4b0796b,64,380800,513390,514589,381925,1199,133789,132590,0,0,0
514729,70f98933-7c99-11e6-e333-c90f0906fbc0,64,380970,514305,514729,382494,424,133759,133335,0,0,0
515004,38d16511-8891-4fbf-f59d-079f075e03ed,64,381032,514517,515004,382662,487,133972,133485,0,0,0
515064,8bfa681d-8f82-f371-ff5f-d5e0fd186564,64,373928,510417,515016,381605,4599,141088,136489,0,0,0
515654,14fe1200-93f2-ea4d-214b-230e9f918e64,64,373930,515064,515654,382870,590,141724,141134,0,0,0
516478,7a6e8482-0db0-4347-3549-f42024551e23,64,371603,514729,516478,382806,1749,144875,143126,0,0,0
516986,22b089c7-aa31-0ee0-ce8c-9c65ca1c2593,64,381025,515004,516986,382831,1982,135961,133979,0,0,0
518755,cd78327c-744f-c942-2c33-54edfab09e92,64,353172,498363,518755,377035,20392,165583,145191,0,0,0
519539,78658c08-fd78-a7da-a280-fd5556d6c1eb,64,362390,516986,519539,383000,2553,157149,154596,0,0,0
520005,1ee0946c-c2a0-0944-f8cb-509bea8ac7e2,64,250665,439106,520005,354312,80899,269340,188441,0,0,0
520243,19197604-3b7f-805f-718b-1135a4f0b6d2,64,373928,515654,520243,382926,4589,146315,141726,0,0,0
521147,d9da15e6-bc27-5719-2bb5-5ac9a5767e70,64,373935,516478,521147,382973,4669,147212,142543,0,0,0
522758,cdcf9e05-bd8c-c80e-e34d-391a700b34a8,64,371602,518755,522758,383051,4003,151156,147153,0,0,0
523249,10846404-63ea-e724-eec5-d07699d657ab,64,373928,521147,523249,383602,2102,149321,147219,0,0,0
523433,2821922b-60a9-e072-cc67-0a1f9b0aec94,64,373935,520243,523433,383403,3190,149498,146308,0,0,0
523493,3bc27b50-8bdf-da2c-1379-f7fbb2a92e73,64,373931,520005,523483,383295,3478,149552,146074,0,0,0
523564,58a1a0be-2312-a685-7f95-1f817c6d7e0d,64,362390,513959,523564,382238,9605,161174,151569,0,0,0
526028,2eb5073b-e5cb-1475-83b0-f80e8064b287,64,362389,514589,526028,382776,11439,163639,152200,0,0,0
526350,a1cf040f-e5c6-e572-393e-1d02502a70e9,64,362381,519539,526350,383089,6811,163969,157158,0,0,0
526790,53f17e12-7da7-0582-6bb4-82c70b533a90,32,326974,489312,526790,372889,37478,199816,162338,0,0,0
527214,60bd0ea8-74c0-e9b6-58b4-6d7fc840c21c,64,373934,526028,527214,385857,1186,153280,152094,0,0,0
527305,1f1e74f5-85e1-7c3c-6301-1a73ac0ff333,64,374185,523564,527305,385463,3741,153120,149379,0,0,0
527719,c5c68438-b92c-0430-3539-8963d3270cc0,64,371599,522758,527719,383810,4961,156120,151159,0,0,0
528868,c9fb8785-05f3-24ff-1f92-3c2da511e769,64,371600,523249,528868,384518,5619,157268,151649,0,0,0
529191,2a7159b4-8cf4-dc8d-6dda-120ed526460b,64,371600,523493,529191,385182,5698,157591,151893,0,0,0
529251,12cc7134-f175-10ac-5edf-87dad485d540,64,373931,527719,529227,386368,1508,155296,153788,0,0,0
530312,f40c9767-bf4b-5064-42ba-ac0224b0146f,64,373929,526350,530312,385994,3962,156383,152421,0,0,0
531241,402077fb-2855-34b4-3bf3-4f6cf83296c1,64,373934,527214,531241,386186,4027,157307,153280,0,0,0
531404,3523915d-7e2e-c7af-9b96-312ee51582f3,64,373930,528868,531404,386395,2536,157474,154938,0,0,0
531751,f7d7b1d9-fac1-50ea-a1ce-bac41f44a5e8,64,373929,529251,531751,387228,2500,157822,155322,0,0,0
532634,15f697fd-a35c-f9f7-bd74-f9d3b949c125,64,374187,531241,532634,387563,1393,158447,157054,0,0,0
532734,00e4e0b0-599b-3cae-93d0-25137a045c43,64,373930,526790,532734,386043,5944,158804,152860,0,0,0
533252,ee31bc55-a973-d8f7-cf7d-59dc4b9486e6,64,373927,527305,533252,386327,5947,159325,153378,0,0,0
533312,28ace558-c81e-e77d-34b8-c32cb8e096ef,64,371599,531751,533279,387910,1528,161680,160152,0,0,0
533638,fba778b9-2fdd-77cd-ac60-0af0f0bedf9a,64,374186,531404,533638,387813,2234,159452,157218,0,0,0
534126,51338523-e933-45b8-bc5f-8a5bee0d0354,64,373928,532734,534126,388828,1392,160198,158806,0,0,0
535782,4dd4c6fc-d506-11aa-d2de-7909bb8a9d08,32,362384,530312,535782,387350,5470,173398,167928,0,0,0
536212,a87747a1-8d80-5e12-2a6b-379c7abc333c,64,373928,533638,536212,389675,2574,162284,159710,0,0,0
536348,9873e3ac-4f58-6137-e84e-d94e92f9a8fd,64,374194,529191,536348,386460,7157,162154,154997,0,0,0
537768,9d6ca021-1e46-ecdc-bd76-8a7dc8497cca,64,371603,536212,537768,390109,1556,166165,164609,0,0,0
537828,11856991-e442-0699-6116-2d0db3faec91,64,362386,533312,537819,389404,4507,175433,170926,0,0,0
538342,64b25499-ad5a-0110-4a90-85149f3d007c,64,371602,535782,538342,389880,2560,166740,164180,0,0,0
538664,5b117f20-8a05-ce06-1f83-c18b7c7dca05,64,362384,533252,538664,389162,5412,176280,170868,0,0,0
539288,e4e7f9e7-93c0-914e-7ac1-4727f3e25e1f,64,371599,532634,539288,388590,6654,167689,161035,0,0,0
539878,8cd54cb6-c0e4-e373-0152-300eeb47d902,64,374189,534126,539878,389809,5752,165689,159937,0,0,0
541258,ba456de9-8a6d-bf9e-2a15-a70f4b05cd2b,64,371602,538664,541258,391293,2594,169656,167062,0,0,0
541963,01ef34ff-8b3e-13a9-8910-ec5c313fb71e,64,371601,539288,541963,391748,2675,170362,167687,0,0,0
542443,8e45720c-d088-6d20-00e4-99b5925f9b67,32,373928,539878,542427,391901,2549,168499,165950,0,0,0
542812,b1966dd3-d4a1-dc32-84bf-e58ca905150f,64,371601,536348,542812,390513,6464,171211,164747,0,0,0
545949,457f0cf1-fd88-dd38-5068-53a269abb9de,64,356432,511109,545949,381660,34840,189517,154677,0,0,0
546417,4f0ac825-ec38-0f2d-f45a-38b4b7ace1b3,64,374190,542812,546417,393009,3605,172227,168622,0,0,0
547266,1c7b9285-7340-856b-a21e-a21be673b335,64,374186,537828,547266,390931,9438,173080,163642,0,0,0
547326,ce1b4bf8-28b8-9843-dde2-7d0a52805fbc,64,387589,542443,547315,392228,4872,159726,154854,0,0,0
547579,31bdd7de-f202-c05a-0d36-0498258ce2bf,64,388201,541258,547579,391915,6321,159378,153057,0,0,0
548019,2ede3ede-7ce3-da45-24fd-f258ce3413ea,64,133616,397578,547986,328955,150408,414370,263962,0,0,0
549258,c1510574-3616-e387-3444-39d59d12955e,64,362384,537768,549242,390907,11474,186858,175384,0,0,0
549507,1689d72c-5155-69f4-d2ab-3eb624bee05c,64,387961,541963,549507,391966,7544,161546,154002,0,0,0
549786,3a8c0c71-e488-dfd3-f661-26edb0d709f4,64,362385,538342,549786,390949,11444,187401,175957,0,0,0
550443,5ea4d9b3-469a-bb47-542c-a399f2a5e387,64,374186,545949,550443,393148,4494,176257,171763,0,0,0
551126,be631d51-a07b-5693-739f-f4379ec5d0cc,64,5813,5870,551126,308959,545256,545313,57,0,0,0
551490,b87fcd14-91c8-c699-2843-c6517561834e,64,374189,549258,551490,394806,2232,177301,175069,0,0,0
551823,7d4428c4-1279-7f2c-2207-c6211b5d0620,32,388210,547579,551823,393848,4244,163613,159369,0,0,0
554049,97bfc026-44bf-8bc1-dbed-b714d88b8f52,64,362381,547266,554049,393476,6783,191668,184885,0,0,0
556047,74a9b142-990e-3a80-5615-6797e8e465ae,64,387969,547326,556047,393580,8721,168078,159357,0,0,0
557327,97f3a5de-b145-26b0-d8b2-a4ac4519b98c,64,374189,551490,557327,396541,5837,183138,177301,0,0,0
557503,55b129a5-c744-5bfb-8f6d-27e1ffd7ee25,64,387705,546417,557503,393447,11086,169798,158712,0,0,0
559599,8eb4e2b4-0e49-3870-d407-1486057ae649,64,362388,549786,559599,395118,9813,197211,187398,0,0,0
560340,fb785272-0091-f77c-fb3b-e5e977439b31,64,387982,549507,560340,394949,10833,172358,161525,0,0,0
560450,e0986ed7-51f5-d47b-bfc6-cf2bda030e73,64,362381,554049,560450,397230,6401,198069,191668,0,0,0
564117,aadf37cc-f9a2-fe31-6d6c-95aea7356f6f,64,374187,556047,564117,398121,8070,189930,181860,0,0,0
564972,99d9ce1d-55a8-81cd-bab7-ce38da5ff051,64,362381,548019,564972,393865,16953,202591,185638,0,0,0
565425,29dd4973-2fb3-a898-fccf-b409bf583d5f,64,374185,557503,565425,398317,7922,191240,183318,0,0,0
565485,684fc293-3251-4a46-82b2-51f1199457eb,64,374194,560450,565429,399579,4979,191235,186256,0,0,0
565832,f785cd0d-685a-8e53-1d27-597885e381a2,64,362385,557327,565832,398303,8505,203447,194942,0,0,0
566016,75649ecc-957c-fc83-1f23-c7d93f5c7a04,64,374190,551823,566016,396947,14193,191826,177633,0,0,0
567248,9b20dac7-cff7-ce32-7649-a52a0ddf6858,64,374186,564972,567248,400964,2276,193062,190786,0,0,0
568065,8055f3c8-cd92-b0bb-274f-f643aecc015a,64,374186,565832,568065,401810,2233,193879,191646,0,0,0
568125,e9753bd6-8a63-6ba5-a0d0-940f069a3c79,64,362388,565425,568091,401419,2666,205703,203037,0,0,0
569306,a6f20f6a-aaea-c217-5bc6-9d21cf055ebe,64,374194,565485,569306,401632,3821,195112,191291,0,0,0
569819,3492abcf-6938-edd8-717b-b519830080fc,32,405573,569306,569819,406492,513,164246,163733,0,0,0
569960,a751f7d9-4f9a-936c-6743-9b986fe9dfc5,64,362387,560340,569960,399065,9620,207573,197953,0,0,0
570573,74021562-c5db-a032-787b-2cae3e820f4d,32,374195,566016,570573,401833,4557,196378,191821,0,0,0
572705,cc78f060-746f-3431-fe83-90214b96b952,64,374193,568065,572705,402653,4640,198512,193872,0,0,0
573070,d6bbe5ca-995b-5665-6a75-a86222ef5535,64,381035,550443,573070,395909,22627,192035,169408,0,0,0
573397,5820653c-e029-7487-7a0b-29d0904cc2ef,32,405572,573070,573397,406781,327,167825,167498,0,0,0
575429,0886278d-f4f2-5c0c-e71c-5006a24a72ad,64,362381,564117,575429,400686,11312,213048,201736,0,0,0
575782,28ff1860-01e7-2f3e-cadd-56267885c68f,64,387695,567248,575782,402112,8534,188087,179553,0,0,0
576369,fef9b10b-4f36-ce79-86b8-2a3d7a197bbb,64,405435,575782,576369,407150,587,170934,170347,0,0,0
576630,8867260d-70e2-2b70-7324-cc7c02a09432,64,405574,576369,576630,407227,261,171056,170795,0,0,0
577959,5c2ed7bf-8a65-2f75-e076-0e6a6259375a,64,374189,569960,577959,406553,7999,203770,195771,0,0,0
578984,61bf4326-412c-1034-41fe-dc5f66bd7b2f,32,393945,569306,578984,404464,9678,185039,175361,0,0,0
580786,f41d4011-0832-9b86-84f0-716bf78e5f10,64,392026,569819,580786,406520,10967,188760,177793,0,0,0
583715,fe758605-1871-891f-470f-057236ab058a,32,399892,580786,583715,408093,2929,183823,180894,0,0,0
583895,ca0a4ac9-31f3-e260-9f43-eb20fd6f6bbb,64,397720,578984,583847,407996,4863,186127,181264,0,0,0
584986,dfc9550d-48f7-407a-b5f0-18e40fe75f7e,64,391059,575429,584954,407036,9525,193895,184370,0,0,0
585194,ca86df51-3527-390c-646f-a3f08fcc25c8,64,391258,572705,585194,406558,12489,193936,181447,0,0,0
585254,c3377ad3-3c6c-a88b-6c77-e782419da3e1,64,405205,583895,585222,408648,1327,180017,178690,0,0,0
586009,c9c620ea-4336-c1a9-8abe-e26bd13076b8,64,5810,5810,585965,314395,580155,580155,0,0,0,0
586343,d5e82907-d66c-d553-12dc-4248f169e2ce,64,405203,585194,586343,409255,1149,181140,179991,0,0,0
587480,2aa14851-fec0-2849-e6f8-498c8215b86a,32,405207,586343,587440,409353,1097,182233,181136,0,0,0
587666,49b868c2-cfda-ff51-5caa-2701cef1878f,64,405203,586009,587666,409301,1657,182463,180806,0,0,0
587726,f71ac049-5829-c75f-ffdc-3e24c0a9fab9,64,405205,585254,587673,409299,2419,182468,180049,0,0,0
590582,43c62187-353d-28b2-d895-42d4d27f8d4d,64,405203,587666,590582,409530,2916,185379,182463,0,0,0
591158,3f92d258-4830-eb0d-156a-0e9a2f5680e2,64,371940,584986,591158,409052,6172,219218,213046,0,0,0
591665,f7131a89-adad-84f5-bfc9-3c9a6a4a78e3,64,405210,587726,591665,409673,3939,186455,182516,0,0,0
591725,8b42a745-16c6-3710-31a8-b75a0e3c7039,64,405206,590582,591706,409698,1124,186500,185376,0,0,0
592819,17013558-4826-c678-8f37-47794d3e8ae0,32,405203,591725,592819,409956,1094,187616,186522,0,0,0
592879,7f58f942-1ea0-c939-3291-74326e09069d,64,356403,559599,592855,398759,33256,236452,203196,0,0,0
593045,10ec3c87-3bc1-c038-f4ea-6d5d3dbf4e1c,64,405208,591665,593045,409915,1380,187837,186457,0,0,0
593294,b51f767a-746f-4373-58b0-6e0040c16f6f,64,405207,591158,593294,409733,2136,188087,185951,0,0,0
593522,21afe3ab-b829-15d5-440d-c11a1ed53091,64,405211,593045,593522,410881,477,188311,187834,0,0,0
593584,179ef857-45de-0e0b-0054-76f5082ddc63,64,405202,592819,593584,410032,765,188382,187617,0,0,0
595658,966a66e9-8811-f899-46bf-8daf71f4d6ed,64,371525,583715,595658,408146,11943,224133,212190,0,0,0
595770,8a83e051-3e5f-99e8-cb9a-de50eb5a6eed,64,405209,593294,595770,410902,2476,190561,188085,0,0,0
598857,e0ba46f3-feb7-bb5e-75bc-a0caf919db88,64,400790,592879,598857,410881,5978,198067,192089,0,0,0
599458,07801bde-277d-6af9-3d86-c367502d3593,64,400772,595770,599458,411813,3688,198686,194998,0,0,0
600404,99ba118b-7e5e-212d-6f25-222ddd6f0420,64,371523,593522,600404,411132,6882,228881,221999,0,0,0
600978,7d2202dc-02f6-ed3e-6111-fe2d071bcd2a,64,405210,598857,600978,411824,2121,195768,193647,0,0,0
601609,953a8bfb-e72a-6c39-f76a-e8a4162a8923,64,393469,587480,601609,409388,14129,208140,194011,0,0,0
602041,fd38752d-6a8d-c6eb-48a9-3c9352c60a7d,64,399825,600404,602041,412602,1637,202216,200579,0,0,0
602370,a310ca23-eddc-60d8-e3b6-83d4d3a35339,32,405209,600978,602370,413142,1392,197161,195769,0,0,0
602430,e6d7b38f-9d3f-b2bf-826a-ad170a882932,64,391026,577959,602408,407819,24449,211382,186933,0,0,0
602867,018d6d94-4048-3826-8c12-22054fafd096,32,400459,599458,602867,412397,3409,202408,198999,0,0,0
602969,9ede807c-24f7-53a3-a83b-921238bc4ce7,64,401001,595658,602969,411275,7311,201968,194657,0,0,0
603029,7603fce3-98ac-352b-2b0c-ba4118182465,64,405203,601609,602976,413498,1367,197773,196406,0,0,0
603798,55ad6655-4b94-f3d9-169f-915e59828abf,64,405203,602430,603798,413640,1368,198595,197227,0,0,0
603954,c0135411-2650-899d-eb51-d5b401946e64,64,400276,602041,603954,413523,1913,203678,201765,0,0,0
604123,0f84c89c-523e-a0dd-ebc5-821eca123602,64,405206,602969,604123,413951,1154,198917,197763,0,0,0
604225,461df9e4-18ae-0d77-8453-11fdf47a8193,64,371941,576630,604225,407664,27595,232284,204689,0,0,0
604285,e0ada076-e945-758c-4eb1-8194ad9f1325,64,405207,603798,604253,414473,455,199046,198591,0,0,0
605310,3b4a165b-2e58-8458-766c-8d33819cea5f,64,405207,602867,605310,413823,2443,200103,197660,0,0,0
605480,5223111f-b82b-b912-0aab-d482deaa3d09,64,405202,604285,605480,415147,1195,200278,199083,0,0,0
605783,da702265-fb79-e367-3195-f73068344756,64,400197,603029,605783,414249,2754,205586,202832,0,0,0
605856,0e6042fe-2a6f-7a09-a600-9174ab403ed7,64,400973,603954,605856,414742,1902,204883,202981,0,0,0
605976,659b6536-f7c4-e418-d659-21e3dcd771f5,64,405211,605310,605976,415228,666,200765,200099,0,0,0
607130,acfdb0c8-9e06-8ae3-8a7b-3b88938b5372,64,405208,604225,607130,414916,2905,201922,199017,0,0,0
607863,bbd6ef33-861f-cba0-f39f-e641377c15a4,32,412903,607130,607863,416515,733,194960,194227,0,0,0
608320,a515b18d-1b10-114b-fa4c-dd81c1837629,64,412899,605856,608320,416211,2464,195421,192957,0,0,0
608572,5c854436-7b72-a711-8fb7-70b3571c7037,64,412904,607863,608572,416925,709,195668,194959,0,0,0
609282,ff53d16a-a48c-6a92-6786-ef02b3c3fbf7,64,371938,568125,609251,403707,41126,237313,196187,0,0,0
609361,0326e324-6d22-7438-c65f-d9b060a9154d,64,399877,605976,609361,416327,3385,209484,206099,0,0,0
609431,c1d1a0f5-5e67-a69b-4707-3dc42186bfbd,64,412899,608320,609431,416954,1111,196532,195421,0,0,0
610037,bd8de700-1bd0-ad87-10bc-b6b81fd46e8e,64,412899,609361,610037,417657,676,197138,196462,0,0,0
610660,f4184dc9-4964-41d1-7784-6e4a2f5dcc06,64,412903,608572,610660,417363,2088,197757,195669,0,0,0
610720,d583543a-3908-fe2c-00a7-60884ab04c4a,64,414111,609282,610693,417647,1411,196582,195171,0,0,0
611029,1d6a62d5-9c19-3073-edd8-b2daec6092bb,64,412899,609431,611029,417682,1598,198130,196532,0,0,0
611335,b9e32584-dd2f-8c09-00a6-2f7b1647a849,64,412899,610660,611335,418369,675,198436,197761,0,0,0
611455,849267cb-dff2-1807-2033-3e8151e745ff,64,412904,611029,611455,418480,426,198551,198125,0,0,0
612098,2be1bb09-cc15-3371-14f6-95edd862fe2f,32,412903,610720,612098,418374,1378,199195,197817,0,0,0
614011,d9486fd8-13d4-6c93-fbce-d554b4293a81,64,371938,600978,614011,413161,13033,242073,229040,0,0,0
614131,4481c4d2-cef3-de42-9580-da3a97cf695f,64,399924,611335,614131,418570,2796,214207,211411,0,0,0
614370,8bcfb847-72e6-c8fa-3d3e-6bfb01ddd4db,64,412910,611455,614370,418883,2915,201460,198545,0,0,0
615243,a97db3d8-3f4e-9743-1fe7-600699904924,64,412899,614131,615243,419437,1112,202344,201232,0,0,0
617409,1803e038-f55d-b579-2f7f-aa736a815581,64,400165,614011,617409,419067,3398,217244,213846,0,0,0
617657,e83f405a-144b-36f2-1e13-498e1f462f03,64,140858,393267,617657,325099,224390,476799,252409,0,0,0
617928,55d0591e-130c-6722-7d80-43dea0f301ab,64,391266,593584,617928,411246,24344,226662,202318,0,0,0
620110,35a3bfe3-0f56-816f-ff14-eeba27eb7195,64,412907,617657,620110,420037,2453,207203,204750,0,0,0
620533,a4d4e6e4-b2f7-ef17-6b74-77dee67c55a3,64,412907,620110,620533,420182,423,207626,207203,0,0,0
620867,35caa76d-f0c7-e1ea-1daa-b6ea3098a5fa,64,371938,614370,620867,419479,6497,248929,242432,0,0,0
621654,ff23dc19-9787-5918-6369-9332fea32c75,64,412899,620533,621654,420193,1121,208755,207634,0,0,0
622257,600d9638-d673-30bb-1901-66c2d67dcfed,64,412908,617928,622257,420091,4329,209349,205020,0,0,0
623756,dcad3105-5232-701e-d1e3-8b2654d697a8,64,412903,620867,623756,420329,2889,210853,207964,0,0,0
624569,f460e485-61a7-442f-c772-e2ba9187f45a,64,412908,621654,624569,420676,2915,211661,208746,0,0,0
624744,d3f3cad9-188a-09eb-78ec-221bb6027a95,64,412900,622257,624744,420695,2487,211844,209357,0,0,0
625693,0514157c-6b7f-f1f1-fe29-fdca22589d3b,64,412899,624569,625693,421004,1124,212794,211670,0,0,0
626379,f7e04b1e-c41b-6e70-a276-4813660c3366,64,399923,624744,626379,421477,1635,226456,224821,0,0,0
626645,dc8c456b-268d-f887-6203-8741911ddf90,64,412903,623756,626645,420955,2889,213742,210853,0,0,0
628163,1113e35f-22a2-ea1f-35c9-cdcff058a9dc,64,371937,612098,628163,419030,16065,256226,240161,0,0,0
628578,e533f1c5-d23e-b130-eb56-fde3d839ea8d,64,412900,625693,628578,422051,2885,215678,212793,0,0,0
628810,e22b66d6-cc54-5012-92c7-83a0d6db086d,64,412904,626379,628810,422306,2431,215906,213475,0,0,0
629189,7c017d36-7aad-2446-885c-48c6498a1ff6,64,371938,605480,629189,415495,23709,257251,233542,0,0,0
629262,f49657f8-7341-7e30-87a0-41f9ddd0375f,64,414102,626645,629262,422661,2617,215160,212543,0,0,0
630520,34ff2d85-6185-17bd-fca9-4d04b1dc0fe3,32,371943,617409,630520,420032,13111,258577,245466,0,0,0
630615,2d4165f1-e1c9-db86-c55a-3f6cfabd2daa,64,412905,628163,630615,422681,2452,217710,215258,0,0,0
631031,1056d60e-91da-3e74-104b-746f07d8db58,64,412906,628578,631031,422768,2453,218125,215672,0,0,0
631672,406996a0-437a-5b1c-1652-6a596d577ccc,64,371530,605783,631672,416161,25889,260142,234253,0,0,0
634553,07c3f5bf-deec-a16f-aad4-1a734658b22e,64,391037,610037,634533,418229,24496,243496,219000,0,0,0
634699,186e8180-cec9-646b-bc92-379cba9a7c30,64,371932,630615,634699,426482,4084,262767,258683,0,0,0
635493,9d1fa859-91f3-aae2-714a-ceb8f1cace88,64,414107,629189,635493,424239,6304,221386,215082,0,0,0
635638,4165406c-d5a8-f2bc-9f4c-028ec05a2e08,64,371530,631031,635638,427480,4607,264108,259501,0,0,0
636246,f001877f-0794-bf3b-298e-a5e0747fee18,64,414110,628810,636246,423848,7436,222136,214700,0,0,0
638959,5cf2241f-5d22-68a4-442f-275546a3df9e,64,415063,631672,638959,427746,7287,223896,216609,0,0,0
639462,d1c8a66c-1ef3-d3ed-48ef-37f2dadecdfc,64,371941,635493,639462,428493,3969,267521,263552,0,0,0
643676,bfd21111-94ab-b358-5120-8bbb987f9999,64,322976,604123,643676,414770,39553,320700,281147,0,0,0
643736,7bf59c6a-77d2-9a3a-0314-0be39ea6ffda,64,391058,615243,643721,419843,28478,252663,224185,0,0,0
643796,e5ceac23-aff7-188d-eada-d07f2d6b89e7,32,371522,629262,643759,425160,14497,272237,257740,0,0,0
643796,1a492555-2b89-24a1-2279-9225adb3a657,64,419138,636246,643794,428862,7548,224656,217108,0,0,0
644428,dd42a08d-7a6b-6010-9fd3-05b006c38094,32,429885,643796,644428,430703,632,214543,213911,0,0,0
644733,16f9d47e-7cd0-50b5-bc71-bba13627bf2a,64,414106,638959,644733,428998,5774,230627,224853,0,0,0
644900,6d61c2b7-db31-8c10-b9c2-d65b6c5aaa25,64,417945,635638,644900,428633,9262,226955,217693,0,0,0
646595,e0c15e14-f887-4da3-cd57-5a79cb17cec3,64,414098,644733,646595,432268,1862,232497,230635,0,0,0
646664,4d2c0893-724d-dd1e-e2ca-eb651fc08d8f,64,416502,639462,646664,429035,7202,230162,222960,0,0,0
646797,f8f15c22-8a22-d653-bda8-a949dacc2d1a,64,427017,643736,646782,430309,3046,219765,216719,0,0,0
647728,c6220c02-0227-e5cb-776d-5a7cf8f7b82c,64,414102,643796,647728,430619,3932,233626,229694,0,0,0
647801,0a44b9ff-133d-b01a-3ede-cbbeffb4a107,32,371933,634699,647801,428293,13102,275868,262766,0,0,0
648264,b9257691-cca0-6420-28f4-07365b04ab99,64,417461,643676,648264,429634,4588,230803,226215,0,0,0
652667,3ff5e62f-6ae5-d025-d45b-a227b0d7d1dd,64,414098,647728,652667,433979,4939,238569,233630,0,0,0
652967,66ce8d55-b2b6-fdf8-a999-ac1ae3e1f96b,64,393460,630520,652967,426401,22447,259507,237060,0,0,0
653804,5ddf2edd-4c9e-d793-d253-5dc264fc77c2,64,414099,646664,653790,432702,7126,239691,232565,0,0,0
655293,9f420db4-80d8-7ed8-b410-f21fb94a6812,64,414103,652667,655268,434269,2601,241165,238564,0,0,0
657128,45cd0c41-c57b-f7e4-05a0-476ca238df16,64,371527,644900,657128,432306,12228,285601,273373,0,0,0
659800,d6e9e765-8edb-e792-4fd8-06d8e458e273,64,371529,652967,659800,434390,6833,288271,281438,0,0,0
659971,3d390f79-2963-eb20-e423-90236c597f2e,64,414099,653804,659971,434948,6167,245872,239705,0,0,0
660578,c96ec149-1355-0472-e65f-5c59913406a4,32,435156,659971,660578,435749,607,225422,224815,0,0,0
661191,ef5abd62-ed1f-db8f-1c11-a8e7d81ffc66,64,414111,659971,661191,435946,1220,247080,245860,0,0,0
661724,5fe98889-7eef-8777-e1d4-bdef873f7749,64,414100,659800,661724,435637,1924,247624,245700,0,0,0
663206,d04a2fb5-8172-1148-b000-13c5769cfef7,64,371936,646797,663206,432767,16409,291270,274861,0,0,0
664724,88197b4c-4d54-7b96-0b8f-743d8007519f,64,371933,648264,664724,434081,16460,292791,276331,0,0,0
664943,233e1589-58ac-4a0e-d6d2-34b469f760ae,64,371526,646595,664943,432537,18348,293417,275069,0,0,0
666186,b2416aed-fe3d-c3e5-8cdd-fdd5c8256291,64,371525,661724,666186,436268,4462,294661,290199,0,0,0
667685,d9b833fd-0964-45f3-5f36-8532241939f4,64,414102,655293,667685,435293,12392,253583,241191,0,0,0
667819,071d06cd-ad4d-758f-dffb-285fad8a19d7,64,434051,666186,667763,437077,1577,233712,232135,0,0,0
667819,a59b2d55-5baf-d14f-27b6-f26123489c10,64,86159,86159,667807,384701,581648,581648,0,0,0,0
670663,a7e84991-ba97-1ae8-5446-4f1f198fecf0,64,398461,634553,670663,428008,36110,272202,236092,0,0,0
670976,fc9fe716-230d-8139-b738-ff0adc7df2cf,64,414102,667685,670976,437204,3291,256874,253583,0,0,0
671274,954134c7-68c3-2600-b173-e3150fc44567,64,436683,670663,671274,438180,611,234591,233980,0,0,0
671984,1cd98e6b-3a0d-3859-82e8-67554ba74d82,64,432397,664724,671984,436896,7260,239587,232327,0,0,0
672322,5e2bcab9-c102-0fc8-d637-7a84cefa8037,64,437282,671274,672322,438225,1048,235040,233992,0,0,0
672382,b0b60d86-1dca-52f8-c3bb-526b430538f2,64,432388,664943,672327,437066,7384,239939,232555,0,0,0
673295,1fe42cdc-0b9b-e349-31c0-8c108c7f6489,64,373863,644428,673295,431243,28867,299432,270565,0,0,0
673439,d1748912-7794-e58e-8b5b-bbfdcdc54cae,64,432379,667819,673439,437270,5620,241060,235440,0,0,0
673499,1ffc2123-3fa3-3888-a42c-150f2d10b3d5,64,414098,661191,673499,436016,12308,259401,247093,0,0,0
675088,f8852280-fcce-7798-fcbf-3589abe87e4e,64,414108,667819,675088,437555,7269,260980,253711,0,0,0
675184,13517fc4-fd6b-2de9-c13a-69b31dbea7d5,64,414106,673439,675184,439721,1745,261078,259333,0,0,0
677615,b0b4f9ca-0175-c34a-b2fb-e76e01ff5912,32,414101,675184,677615,440292,2431,263514,261083,0,0,0
679326,b8957c93-c28a-a3ec-1f0a-7308544b1a44,64,414101,672322,679326,438661,7004,265225,258221,0,0,0
682414,b614c52a-5ab6-4d5c-e556-7d9bbf9adb75,64,432441,675088,682414,439966,7326,249973,242647,0,0,0
684616,5798db52-cbf8-2f53-4f16-91a410837e3a,64,371523,672382,684593,439307,12211,313070,300859,0,0,0
686068,056760f8-0de9-b292-98b5-e7e188ef88f7,64,414099,679326,686068,440660,6742,271969,265227,0,0,0
686262,0d92c5bf-0bd2-a470-da2c-8e5baefae7b6,64,431204,671984,686262,438610,14278,255058,240780,0,0,0
688675,df7e6540-4d9b-d420-2b7c-ede75ed29e43,32,414099,686262,688675,442281,2413,274576,272163,0,0,0
689772,219a0e64-3c5c-b061-5be3-c6970e1856db,32,371522,675184,689772,440123,14588,318250,303662,0,0,0
692812,cac7ec48-a6e9-dafb-a218-091af8b7aa63,32,94258,94258,692812,337056,598554,598554,0,0,0,0
695590,b9f9dfbc-d9b0-4539-4549-991651f6800b,64,371933,684616,695590,442041,10974,323657,312683,0,0,0
697008,77fd35a0-afc9-4350-5fcf-324f01c5380e,32,438846,695590,697008,443453,1418,258162,256744,0,0,0
698538,2363ffd7-f645-fab6-ffea-e7f5c3d5aee0,64,432424,692812,698538,443426,5726,266114,260388,0,0,0
699517,2f7ff30b-a971-98e4-f73f-707d6eef882a,64,327203,657128,699517,435315,42389,372314,329925,0,0,0
699712,7845e0ff-9581-c2f1-b4a9-fe0b5b407ea1,64,371521,673295,699712,439572,26417,328191,301774,0,0,0
702666,7650be86-2538-5ee9-cd30-a6e4b1f80754,64,371939,682414,702666,441374,20252,330727,310475,0,0,0
702925,ecedc78b-1ce1-c6f0-2237-d235a38d188b,64,440475,698538,702925,443770,4387,262450,258063,0,0,0
703108,2be9cf5e-c185-e76b-76cc-4aa5afe0558c,64,438688,699712,703102,443988,3390,264414,261024,0,0,0
703625,6ae2ab28-d029-91d9-dc33-c99b18b67fb4,64,438690,702666,703625,444302,959,264935,263976,0,0,0
703861,6ac84e62-bc94-a17c-cc8d-63948b321356,64,438692,702925,703861,444556,936,265169,264233,0,0,0
704097,63c4722c-27f3-b303-74a7-c15b161fc0eb,64,438852,703108,704097,444664,989,265245,264256,0,0,0
704326,1ab6d603-ffb7-e2f0-17e2-6f5cb26c1757,64,371522,673499,704326,439772,30827,332804,301977,0,0,0
704459,91c1649f-4a26-15c0-e69f-777e75fce80c,64,438850,703625,704459,444723,834,265609,264775,0,0,0
704544,7f140af5-6bb4-420a-71f6-a9b6ca8304bf,32,438688,702666,704544,444004,1878,265856,263978,0,0,0
705333,b3f9ce12-8178-1648-966d-6eb41f949a11,64,438846,704326,705333,445237,1007,266487,265480,0,0,0
705437,7eb674f0-9c1b-6efa-3738-a63fc212798d,64,438846,704459,705437,445272,978,266591,265613,0,0,0
705508,af4b354c-3b1b-f801-2b76-cafc3ff466c3,64,438687,699517,705508,443789,5991,266821,260830,0,0,0
706325,7b70a734-333a-2009-8ed7-c6e6b5456648,32,432450,697008,706325,443462,9317,273875,264558,0,0,0
706547,01775527-dfac-679b-7868-27f247e9f13f,64,438688,705508,706547,445719,1039,267859,266820,0,0,0
708557,c195842c-ed8a-ad7e-08f1-651410160de4,64,398437,663206,708557,436328,45351,310120,264769,0,0,0
709775,092779d4-bec5-5cab-d849-4b7618863eb1,64,429522,686068,709717,442087,23649,280195,256546,0,0,0
709909,60a75fb5-bf0a-8f68-998b-64161f846af3,32,445401,709775,709909,446124,134,264508,264374,0,0,0
709969,a1cacff1-d9e0-aaa9-7599-b3df889b2b65,64,390069,670976,709920,438208,38944,319851,280907,0,0,0
711417,94c1b7d4-93c6-6baf-e6ba-51826592d015,64,438687,708557,711417,445954,2860,272730,269870,0,0,0
711477,0627f5ac-9faa-f465-afe1-b9e375396a00,64,371521,688675,711475,442618,22800,339954,317154,0,0,0
711717,58667341-4174-d7e9-e76e-6aacf3b89516,64,438859,705333,711717,445351,6384,272858,266474,0,0,0
711915,3fda8388-751f-8769-933e-0e04c10a59d2,32,445405,711717,711915,446506,198,266510,266312,0,0,0
712084,1a735d49-e75f-c829-a16d-fae69e51e399,32,445374,711915,712084,446572,169,266710,266541,0,0,0
712313,c11fda29-debd-f53c-d032-306158d24990,64,438846,711477,712313,446428,836,273467,272631,0,0,0
712454,04c78f58-12b2-eb13-dabe-c72a5ed0a072,32,445406,712313,712454,446635,141,267048,266907,0,0,0
713132,4a0fc88c-7fb0-b337-b96d-3eb3371367e3,64,371522,706325,713132,445738,6807,341610,334803,0,0,0
713435,833e7942-d778-4f4d-0a7a-bcd3a5587878,32,445404,713132,713388,446670,256,267984,267728,0,0,0
714004,c5ce3692-6c53-3408-a8ce-e611604f29c2,64,371932,706547,714004,445768,7457,342072,334615,0,0,0
714209,a001ce13-8729-302a-2178-3ec8785bb210,32,445607,714004,714209,446981,205,268602,268397,0,0,0
714369,ad5a4a37-4eea-696c-ed54-3aa02c3be788,64,440481,712084,714369,446615,2285,273888,271603,0,0,0
714429,ac5d3cf5-7b01-2a15-8c29-5915487dea2b,64,445518,714209,714372,447007,163,268854,268691,0,0,0
714498,49c7f370-f785-e007-0c64-17778c2dbd72,64,445561,714369,714498,447086,129,268937,268808,0,0,0
715333,7b16a649-fcac-48fd-0474-776bb4c5d469,32,438846,714498,715287,447292,789,276441,275652,0,0,0
715453,64f49e7a-1305-b643-c261-f93fc65c0c2a,64,438846,714429,715411,447277,982,276565,275583,0,0,0
715799,9ccee93c-5e51-4265-b6b3-c921e074cf5a,64,440477,711417,715799,446401,4382,275322,270940,0,0,0
715859,e71bef25-7f5f-7a16-158e-d5c101fdc5af,64,432416,704097,715841,445207,11744,283425,271681,0,0,0
715940,24f82a96-b995-30cf-75cd-9559222e34e7,64,440951,709969,715940,446240,5971,274989,269018,0,0,0
716251,1b4b41ec-713d-d54e-12ea-1618e28d3518,32,445404,715940,716251,447716,311,270847,270536,0,0,0
716480,3ba1e0f0-d75f-36ef-35a7-da659f690e9c,64,438856,715333,716480,447345,1147,277624,276477,0,0,0
716541,09faa93e-23ed-dca2-1e6e-b157d27a6092,64,438687,715453,716541,447404,1088,277854,276766,0,0,0
717566,67b988f6-260d-df70-0b40-750fd221cdde,64,440943,709909,717566,446172,7657,276623,268966,0,0,0
717697,361f83da-c6ed-940c-ab48-df2e8d5dbc9f,64,438844,713435,717697,446893,4262,278853,274591,0,0,0
717818,7f815a33-1ac7-6e05-d692-936cd9ecbdef,64,438693,716251,717818,447730,1567,279125,277558,0,0,0
719384,4c3fe94f-c4a9-a7c5-9797-5b0b324b2851,64,438691,716480,719384,447989,2904,280693,277789,0,0,0
719444,78df0f95-74ca-3720-6f4e-0e9f06a894f5,64,438858,717697,719403,448253,1706,280545,278839,0,0,0
719444,915213e8-2cb4-dc34-6fde-d069d633b48c,64,438688,716541,719418,448012,2877,280730,277853,0,0,0
719504,d2d9eb0d-b366-82e6-d4f2-0774156c1280,32,438847,717818,719499,448351,1681,280652,278971,0,0,0
721213,2b0e57a7-98b9-8619-0ae5-3849f804ab4d,64,445098,719444,721155,448696,1711,276057,274346,0,0,0
721535,99e386fd-75d5-0d77-b950-3be207a75ee9,64,438691,719504,721535,448710,2031,282844,280813,0,0,0
721595,d498b88b-5145-1785-aaf4-fd66163d0b23,64,445102,719444,721560,448490,2116,276458,274342,0,0,0
722936,ba68d886-8ce1-6d40-f8f9-08e5821f6689,64,438852,721213,722936,448748,1723,284084,282361,0,0,0
723303,496bd174-e6ee-e64f-0bf2-feaad3a9ba8d,64,432298,703861,723303,444855,19442,291005,271563,0,0,0
723650,73067e2d-af92-47bf-0286-78bbc7c4d17c,64,445097,721535,723650,448877,2115,278553,276438,0,0,0
724388,905f4447-023a-793f-1699-3c9f23c18741,64,445101,723650,724388,449454,738,279287,278549,0,0,0
724897,2de1b82e-c91b-a264-c90c-8904e47dd05e,64,438691,723303,724897,449318,1594,286206,284612,0,0,0
725017,b8c20889-0055-b7d8-5a0c-2aac165d4c7a,32,438857,722936,724987,449229,2051,286130,284079,0,0,0
725216,98c6c1a7-7318-1f22-ad78-31a0133859c1,64,440960,719384,725216,448443,5832,284256,278424,0,0,0
726101,2dca3284-1b4a-c270-5d07-03eff60fabc9,64,445097,724388,726101,449489,1713,281004,279291,0,0,0
726193,91e62df6-9435-6b94-2a40-49d282033ec2,64,443602,725017,726193,449644,1176,282591,281415,0,0,0
726418,ed850f27-40af-4998-a154-acf2ce331d81,64,432409,715799,726418,447623,10619,294009,283390,0,0,0
726806,89e88154-9340-de4b-286d-17da29e0a292,64,438688,726193,726806,449778,613,288118,287505,0,0,0
728653,0f3e4ec4-90d9-8e1b-2ba1-a7a18c7e6fb7,32,438691,726806,728601,450033,1795,289910,288115,0,0,0
728782,e6694f3f-8dbe-81e1-161a-a2030216d820,64,371934,712454,728782,446656,16328,356848,340520,0,0,0
728842,3efebc12-55d6-3279-3459-f7526d75c096,64,438851,725216,728835,449718,3619,289984,286365,0,0,0
729657,d131276b-012d-9ebf-69e8-d1d3d99cb917,64,438845,728653,729657,450054,1004,290812,289808,0,0,0
729746,e1213c03-779e-e8de-237a-66a84d4e7af1,64,438845,726101,729746,449719,3645,290901,287256,0,0,0
729806,00421dd9-14c7-faa6-c4c9-921c0060566b,64,449249,729657,729758,450248,101,280509,280408,0,0,0
729806,22ad47e8-2e7c-21c0-a205-e9c1af866d97,64,438691,728842,729772,450167,930,291081,290151,0,0,0
729806,f8c43847-5d44-b558-f1c5-24a83cfbdc82,64,438693,726418,729786,449895,3368,291093,287725,0,0,0
729920,107983c6-5ee2-7a01-cd6f-4850df2b399a,64,445097,728782,729920,450166,1138,284823,283685,0,0,0
