time,job_id,num_gpu,submit_time,start_time,end_time,ddl,executed_time,JCT,pending_time,preempt,promote,best_effort_job
2978,4bb42dcf-d655-0689-6a5f-1b7f5562a1cb,64,2816,2816,2978,4324,162,162,0,0,0,0
3403,e1556165-9535-4a4d-64ea-20fca52b6098,32,2817,2876,3403,5525,527,586,59,0,0,0
7387,b0bf5454-deac-f1f2-e5f4-baa9e701f1ad,64,5736,5741,7387,31921,1646,1651,5,0,0,0
8222,e1f5ecf7-3d12-b624-2510-0c72e8a5031f,64,7900,7952,8222,11347,270,322,52,0,0,0
8467,9e234573-8166-b84b-7c62-c0307741cf44,64,7900,7952,8467,15244,515,567,52,0,0,0
8527,964399d5-12c6-ad0d-e513-28b5937617df,32,7900,7952,8517,9725,565,617,52,0,0,0
8697,808fe9cf-d428-5b58-7089-79ccebbe8617,64,7892,7892,8697,13080,805,805,0,0,0,0
8757,7f51b999-e03c-a958-8736-4aa2e4a9b97a,64,7900,7952,8738,15552,786,838,52,0,0,0
8757,719b21ae-4e91-5866-2cac-236dc98ef3d0,64,7893,7952,8739,13646,787,846,59,0,0,0
8817,bb72819f-04db-f94d-e4c1-2cb8ae0d0908,64,7893,7952,8776,14310,824,883,59,0,0,0
8966,f7d9ff4d-3008-372c-3bd4-a9dc621399da,64,5521,5530,8966,21664,3436,3445,9,0,0,0
9251,0e6acfaa-5926-f128-9c9f-f82e87e3f85b,64,7892,7892,9251,14978,1359,1359,0,0,0,0
9311,7343d6cd-0bbd-adfa-4ed2-2b1201e7349c,64,7899,7952,9301,18381,1349,1402,53,0,0,0
9371,71975d62-a203-aa39-4339-7cd8c741ecf3,64,7893,7952,9354,15672,1402,1461,59,0,0,0
9627,9efc5443-952c-390a-ad26-6ccd6aaa34ec,32,7899,7952,9627,16613,1675,1728,53,0,0,0
10172,00f1e786-fb85-8805-3fce-0317cfdbb79b,64,6238,6270,10172,26275,3902,3934,32,0,0,0
10526,30b78ee1-7cae-46f5-02f7-ea05d05658b2,64,7899,7952,10526,15355,2574,2627,53,0,0,0
10929,0f440d77-09b4-0e73-a7d0-298c819526ca,64,7893,7952,10929,12627,2977,3036,59,0,0,0
11030,141c62a5-cc9e-577c-d9e0-c360a8cf4c38,64,7900,7952,11030,15479,3078,3130,52,0,0,0
11276,fbd776a7-78c8-41f0-49f4-bed99a5dfef4,64,5388,5410,11276,27270,5866,5888,22,0,0,0
11497,bff23645-08c8-2cc9-2378-e00f27612a07,64,7893,7952,11497,13759,3545,3604,59,0,0,0
11561,68205818-267c-63e6-7e1b-21b8863529e0,64,7893,8467,11561,19612,3094,3668,574,0,0,0
11994,c9e896e3-0c4e-b5e5-9433-1bc0bc5af34e,64,7899,8527,11994,19654,3467,4095,628,0,0,0
13092,6ef7765c-bbb4-1b62-93d9-2099d3c2b287,64,8150,10526,13092,27796,2566,4942,2376,0,0,0
13152,355d3e0c-c631-1191-eb51-ac472ccbad70,64,7899,7952,13112,16620,5160,5213,53,0,0,0
13212,49c636ae-fe72-166b-703e-6cdc1a205315,64,7893,7952,13200,17439,5248,5307,59,0,0,0
13577,4acb0f7f-52ae-db52-528f-2d1f6718a1ad,64,5991,5991,13577,27527,7586,7586,0,0,0,0
14318,b6dd4de3-47a6-55f8-b961-28c2e0812dfd,32,5558,5590,14318,30011,8728,8760,32,0,0,0
14533,cb039ead-a836-2305-23b9-8cb49bd8501a,64,8325,11994,14533,34304,2539,6208,3669,0,0,0
14730,b718bbe7-6be0-36df-3c0f-231c12c50f7f,64,5369,5410,14730,22755,9320,9361,41,0,0,0
14828,c2576b32-813f-0995-8d1c-cfef812db6a6,64,6210,6210,14828,38916,8618,8618,0,0,0,0
15094,f56d3c1e-16bd-927b-a5f2-fbbb3a931897,32,6716,6716,15094,28107,8378,8378,0,0,0,0
15253,3ee551a4-8b5b-6381-2bbf-daa92cf39934,64,6285,6330,15253,30701,8923,8968,45,0,0,0
16133,0bf8124e-3379-a03a-a3be-ad0c5a68a7c4,64,5486,5530,16133,21403,10603,10647,44,0,0,0
17402,f7da52ee-9f58-48cf-039c-437142b90576,64,7774,14828,17402,43765,2574,9628,7054,0,0,0
17569,7cf37b74-5707-c3fe-e09f-c719c57f0f69,64,6450,6450,17569,25421,11119,11119,0,0,0,0
18315,f0dfd1ca-9a1c-0f02-d6a2-65905802391f,64,6284,6330,18315,35491,11985,12031,46,0,0,0
18375,fe037c8a-ff09-73f0-e089-da179fe6a2f1,64,5681,5681,18317,41036,12636,12636,0,0,0,0
18736,08ca3799-e8cb-fbfc-dd42-693de1075042,64,5860,5860,18736,28693,12876,12876,0,0,0,0
19170,aa409475-91e9-95e5-5f61-0405f7f39cf5,32,5350,5350,19170,41241,13820,13820,0,0,0,0
20185,da221281-a7e3-4310-0047-4526147dc2f1,64,7794,7816,20185,24966,12369,12391,22,0,0,0
20306,32d7e6c1-e178-3f77-cf92-8bc87ff59234,64,5457,5470,20306,36203,14836,14849,13,0,0,0
20585,564e5c18-ea90-516c-5de5-54859ba434b7,64,8101,10929,20585,28577,9656,12484,2828,0,0,0
21048,be95eaab-c621-5baf-18ab-a6b82fd5449b,64,7756,14318,21048,40339,6730,13292,6562,0,0,0
21108,21dc0fb0-33c5-eb3c-8aa4-34805ad11fa0,64,5486,5530,21100,39506,15570,15614,44,0,0,0
21895,9b4f65cb-1441-60b8-bc81-f8dafaee13f8,64,8555,15253,21895,44444,6642,13340,6698,0,0,0
22594,84757257-b378-ad7a-e59f-939202800850,64,5411,5470,22594,19310,17124,17183,59,0,0,0
23516,49302e73-ad5a-e260-1bd6-b589728d1b46,64,7794,15094,23516,43899,8422,15722,7300,0,0,0
24054,da0e16c0-f5fb-9c24-3b07-21e8f14c7265,64,6389,6390,24054,22174,17664,17665,1,0,0,0
26339,65dee1fc-5ad9-e39c-5751-bf72427cd2bb,64,5860,5860,26339,32269,20479,20479,0,0,0,0
32105,e8ad9302-5842-4418-79d3-4ac5c5425acd,64,31976,31976,32105,32925,129,129,0,0,0,0
32165,2dfd5322-e38b-3ce3-bf77-9bd26c076999,64,31998,32036,32110,33068,74,112,38,0,0,0
32165,28f336f2-b17d-0ebc-4d34-838a689eaea9,64,31999,32036,32121,32484,85,122,37,0,0,0
32308,7858235a-92a2-2860-c3ff-cd1fdd595b0b,64,31999,32036,32308,32956,272,309,37,0,0,0
35910,09895c3f-9a95-cbe2-ea6d-7d38f73c37ea,64,35253,35288,35910,41151,622,657,35,0,0,0
36373,4bad763e-399f-a504-470b-dbe0211a5ed8,64,35248,35288,36373,41294,1085,1125,40,0,0,0
36433,57fbf2e0-8485-ede4-ef00-41023012c1e3,64,35250,35288,36393,40598,1105,1143,38,0,0,0
36433,036ce5db-f823-db9c-50e1-955111857cf7,64,35232,35288,36407,42131,1119,1175,56,0,0,0
36901,c6133d47-ba33-1908-9241-e466d8c7b465,64,35232,35910,36901,43421,991,1669,678,0,0,0
36961,376c05ad-581b-3151-883f-b047247e62ca,64,35245,35288,36947,41339,1659,1702,43,0,0,0
37021,09e048ba-8fea-12e7-c517-7c688c8a0933,64,35229,35288,36993,41419,1705,1764,59,0,0,0
37021,fc71f069-1c52-ea68-aed7-46947e8edcc1,64,35249,35288,36993,41838,1705,1744,39,0,0,0
37081,603a9c0f-c318-3758-eee1-2082a35cde7d,64,35232,35288,37045,41081,1757,1813,56,0,0,0
37081,351fe339-3bca-ab10-9f87-ee093c862d8a,64,35236,35288,37081,40717,1793,1845,52,0,0,0
37141,6773d4c2-f52b-a5ba-a778-eb33238a1925,64,35240,36433,37089,43867,656,1849,1193,0,0,0
37291,22ab6661-b851-c2a5-a832-1268950eec6d,64,35228,35228,37291,43563,2063,2063,0,0,0,0
37382,d0fc4893-40a6-6aa1-b9a0-47630b43e448,64,35232,35288,37382,42907,2094,2150,56,0,0,0
37442,6658591e-83f2-fd01-3650-f8f31f1ea858,64,35230,35288,37395,43264,2107,2165,58,0,0,0
37739,4ef887be-0a7c-768f-db1b-bbe969095bd3,64,35228,35228,37739,40905,2511,2511,0,0,0,0
38047,37b1fac3-5997-36a5-6f36-4773035dfa90,64,35232,37021,38047,44497,1026,2815,1789,0,0,0
38272,ccac1c4b-6f4a-866a-f37a-33e21aaa626a,64,35249,37141,38272,45099,1131,3023,1892,0,0,0
38684,c42ef839-c50c-9360-e39a-ec5bcd07b08c,64,35232,38047,38684,46158,637,3452,2815,0,0,0
38874,1d32a9b2-961f-230d-8907-1128b96524a0,64,35249,35288,38874,41045,3586,3625,39,0,0,0
38950,2bdfdc8c-e0fc-c348-c29c-decea372de1c,64,35247,35288,38950,42378,3662,3703,41,0,0,0
39010,93468620-4fce-7d45-c543-425fe71670a0,64,35228,35228,38998,41758,3770,3770,0,0,0,0
39200,69d8d5e4-50fa-0146-36c6-9cb8b723bd30,32,35241,36961,39200,44415,2239,3959,1720,0,0,0
39260,cf2b9c4d-01d3-1ef1-205c-57e5cf2a4658,64,38701,38744,39227,42725,483,526,43,0,0,0
39320,9a62d78c-3511-7dcb-142c-cedb671d0f5a,64,38691,38744,39267,42988,523,576,53,0,0,0
39320,a6a37a3b-c1f3-4cc6-5bff-622ae608f79a,64,35236,36961,39289,44454,2328,4053,1725,0,0,0
39519,bf71b0a0-d2f8-7c2d-7d64-9f3e502afb6b,64,38686,38744,39519,43670,775,833,58,0,0,0
39579,731da814-30cd-e3ea-cbcc-60e5f0df3695,64,38706,38744,39539,43361,795,833,38,0,0,0
39646,df34b3c5-4dbd-485b-d19f-c2a6b1be6507,64,38685,38744,39646,43131,902,961,59,0,0,0
39706,45e9f315-b92d-8bc5-fc6e-e730252bfb3e,64,38686,38744,39663,44126,919,977,58,0,0,0
39706,d1b9ded8-a782-8ae4-7d2c-96aaedf48091,64,35251,35288,39675,42339,4387,4424,37,0,0,0
39766,ef03e3d0-5117-b6a6-6c49-0f33a23c3e80,32,35241,37081,39734,44837,2653,4493,1840,0,0,0
39826,d81865c3-ae51-dd9c-1fce-71de3cf8cf93,64,35229,37021,39798,44812,2777,4569,1792,0,0,0
40063,902e97b0-fe31-338f-29de-b1c00bdb8660,64,38698,38744,40063,44340,1319,1365,46,0,0,0
40123,77d5831c-750d-a6eb-7e92-ecf4b06d7fdc,64,38685,39579,40091,45153,512,1406,894,0,0,0
40354,9e352fd6-67a0-5048-7d5f-8ae41a466e48,64,38689,38744,40354,43026,1610,1665,55,0,0,0
40414,9571298b-466d-9b4a-5de7-8c86689cc1ad,32,38690,38744,40378,43550,1634,1688,54,0,0,0
40414,9d4f58be-2475-6e2c-7f5e-d98829f16d3c,32,38697,38744,40398,43943,1654,1701,47,0,0,0
40474,948d8465-ecbb-743a-c9ba-d575a913e969,32,38701,38744,40415,43845,1671,1714,43,0,0,0
40591,f67d7589-3cc9-0a1e-5954-bcae3ed19cc5,32,38697,39010,40591,44583,1581,1894,313,0,0,0
40651,ba3bd7f1-cac0-f1c3-5da7-1c0b1b7fb2d9,64,35235,36901,40599,44164,3698,5364,1666,0,0,0
40711,0836127c-a9e4-18f3-b8c7-55dd37a2d1aa,64,38705,39320,40678,45002,1358,1973,615,0,0,0
41066,abd06c5b-cc94-6b8c-fd2f-297dd6965ed1,64,38690,39320,41066,45055,1746,2376,630,0,0,0
41345,85f68f89-ac9d-6fb8-45fe-9700789b3cf3,64,38686,39260,41345,44889,2085,2659,574,0,0,0
41508,8931cb9b-365b-8426-6fca-743fd83894d1,64,35228,35228,41508,45964,6280,6280,0,0,0,0
41626,61cd2999-1c72-aa86-3a09-4bd51d5fe68f,64,35237,37081,41626,45093,4545,6389,1844,0,0,0
41686,69c57efd-e4a8-8be2-677f-ee4c361a516e,64,35253,38684,41634,46348,2950,6381,3431,0,0,0
41746,c1100895-d334-58db-a7f7-be4b95093e90,64,38694,39706,41737,45375,2031,3043,1012,0,0,0
41946,17761250-6691-8258-f87b-2151542199e5,64,35229,38272,41946,46335,3674,6717,3043,0,0,0
42089,967e60e6-0087-4358-6dd8-e21b37be4970,64,38702,39646,42089,45153,2443,3387,944,0,0,0
42207,12890eb2-14fe-713e-ac5a-c39f8470cbd8,64,38698,38744,42207,44073,3463,3509,46,0,0,0
42295,9110dc27-6b7a-7611-ec6e-fcf17d5560b3,64,35245,41626,42295,46513,669,7050,6381,0,0,0
42355,e4565770-eed3-1bd1-65e2-ca3643cc32ac,64,38689,39706,42353,45216,2647,3664,1017,0,0,0
42415,bae57189-bb92-cd6f-a00b-acbcaf59efc4,64,35245,37291,42373,45896,5082,7128,2046,0,0,0
42475,3b8830ea-1d72-3ade-27c7-9507abd6a46d,64,38702,41946,42429,46718,483,3727,3244,0,0,0
42807,2cc5d4db-14db-ec9d-34a5-0d282f6d72e3,64,38701,39826,42807,45494,2981,4106,1125,0,0,0
42867,2b3330c8-46aa-ae46-579b-0c542360eebb,64,38703,41508,42867,46465,1359,4164,2805,0,0,0
43137,70190af8-b2a7-fd6c-2464-cf3e1c23c511,64,35241,36433,43137,43978,6704,7896,1192,0,0,0
43197,58dd1aea-e879-aea8-5355-9cd42f07af46,64,35246,37739,43176,46154,5437,7930,2493,0,0,0
43352,0aeea207-eb03-6591-4972-dc86afcd6edf,64,38705,41746,43352,46643,1606,4647,3041,0,0,0
43559,0c312a3d-7efd-92aa-1470-eb2c73b7a54c,64,38705,42207,43559,46783,1352,4854,3502,0,0,0
43619,cafe4054-8801-cc2f-3fe4-2fc69cc1aec0,64,38705,40651,43596,46231,2945,4891,1946,0,0,0
43705,c87af26d-5ae2-7936-2f87-031a166ee552,64,38698,40063,43705,45640,3642,5007,1365,0,0,0
43765,e697354b-6a6e-0076-c804-f6e9b266859b,64,38701,42089,43713,46764,1624,5012,3388,0,0,0
44094,0aeb5016-9e6f-b8b6-f07d-467a1d17528b,64,35232,42295,44094,46828,1799,8862,7063,0,0,0
44175,e4fb50bb-dd64-6a9d-0006-e58f1f8886ba,64,35253,42475,44175,47078,1700,8922,7222,0,0,0
44418,483ad594-418e-6742-8ff2-6636de6fe2ee,64,35236,42355,44418,46937,2063,9182,7119,0,0,0
44630,13305707-6605-b350-7b93-0f96154eb8cd,64,35242,43559,44630,47532,1071,9388,8317,0,0,0
44690,b10b737d-2069-5dd6-b970-c876b32e0a6a,64,35234,42867,44656,47166,1789,9422,7633,0,0,0
45332,aba511ce-b140-7ac2-671c-65534ea97d34,64,38692,43137,45332,47166,2195,6640,4445,0,0,0
45456,2c81693c-c4ac-ded2-b690-07696ab95abb,64,35245,43352,45456,47474,2104,10211,8107,0,0,0
45516,3ca8748a-ce39-7d68-9f33-81a275b98f5e,64,35228,35228,45463,46529,10235,10235,0,0,0,0
45622,dfb8c37c-bca5-611b-805a-903164743c52,64,35251,44630,45622,48458,992,10371,9379,0,0,0
45682,2967b1d2-d990-5d03-f55b-632d97e80293,64,35240,37442,45675,45976,8233,10435,2202,0,0,0
45742,05fc098c-dc2a-7f6d-c46e-c71baf6d008f,32,35243,43619,45685,47701,2066,10442,8376,0,0,0
45742,bd635c1a-68b4-f771-91fb-71f301fadbaa,32,35230,43559,45701,47526,2142,10471,8329,0,0,0
45802,ebe1e0d5-ea68-54be-b966-6872dc5084af,64,35240,41345,45783,46361,4438,10543,6105,0,0,0
45862,8d69a53f-82e8-36a7-59e1-8c5e44469740,64,35244,44175,45838,48229,1663,10594,8931,0,0,0
46190,4917e9ba-c91f-0f86-6e5b-875f2d4258d8,64,38694,44094,46190,47971,2096,7496,5400,0,0,0
46381,fc3138ab-dc73-cba3-58ef-ee9f3b76869b,64,38693,45456,46381,48741,925,7688,6763,0,0,0
46474,1bca3d58-d214-49d9-1bfd-68b8c1724fa4,64,38686,45682,46474,48886,792,7788,6996,0,0,0
46631,f87fd2c6-cd4a-d062-043b-48f7a603949f,64,35253,42807,46631,47091,3824,11378,7554,0,0,0
46701,7f1943e5-c2d7-0138-64c5-b651e2aed498,64,38690,46190,46701,49065,511,8011,7500,0,0,0
46832,19a23ca1-849b-a889-7668-95e7c0364302,64,35247,43197,46832,47410,3635,11585,7950,0,0,0
47248,09ab5237-6055-cde1-b3cf-2f81dea93d7b,64,38698,44690,47248,48558,2558,8550,5992,0,0,0
47469,72bc796b-3329-8b1c-4ed8-8716bd73d39b,64,35245,46832,47469,49529,637,12224,11587,0,0,0
47736,6188b0e0-e873-f9fb-ade0-a9b26bf19596,64,38700,45742,47736,48928,1994,9036,7042,0,0,0
47839,6cbe69b4-bc54-64c7-f11f-d00d25a87944,64,38686,45802,47839,49013,2037,9153,7116,0,0,0
48007,916ef72a-4edd-23a9-50b0-a9ea1fce96eb,64,35244,43705,48007,47793,4302,12763,8461,0,0,0
48107,bf60032e-d48a-fe61-87c0-3f9cf0e332f4,64,35231,46381,48107,49121,1726,12876,11150,0,0,0
48226,441d9173-fb5b-8f47-dda6-0b1afda78c8c,64,35241,43765,48226,47853,4461,12985,8524,0,0,0
48286,87c22a9a-77d1-8b01-b8e8-c672be7fb66e,64,38690,45622,48230,48815,2608,9540,6932,0,0,0
48736,cd83eeac-a187-77e3-8c68-3ca3e95dab0f,64,38686,45332,48736,48631,3404,10050,6646,0,0,0
48796,2f270564-15bf-245b-ba37-93e000e8609d,64,35253,44418,48738,48451,4320,13485,9165,0,0,0
48985,e51ad123-1231-6657-1eb4-0a8dfab1667b,64,35250,48007,48985,49754,978,13735,12757,0,0,0
49045,a3e59054-e2b1-4ab5-ffeb-7d36e479cc2f,64,35236,42415,49040,46974,6625,13804,7179,0,0,0
49112,18baf70c-206e-0281-b969-98efa09ace37,64,35236,48107,49112,49761,1005,13876,12871,0,0,0
49172,12f66e8d-09da-9bc9-b25b-3097bac142d6,64,35228,35228,49142,49645,13914,13914,0,0,0,0
49172,cc735f42-0c12-684a-68c9-5ca0ec185e57,64,35250,46631,49170,49247,2539,13920,11381,0,0,0
49232,95426fe6-22dd-5339-be87-817f65f1c37f,64,35231,45516,49208,48812,3692,13977,10285,0,0,0
49318,8a5d6b12-1c18-932f-071d-f105bf989f60,64,35236,47248,49318,49534,2070,14082,12012,0,0,0
49400,846d8c0c-2082-92b7-1b73-0410baf6f412,64,38686,46701,49400,49519,2699,10714,8015,0,0,0
49460,35c5f871-0f83-661c-ee3c-43a925307638,64,38694,46474,49405,49179,2931,10711,7780,0,0,0
49551,bcf581ac-d68c-cf4e-3ecf-c2d13a905fea,64,35254,47839,49551,49681,1712,14297,12585,0,0,0
49611,0fdee23e-8fef-ea06-c19f-674e62258054,64,38686,48736,49559,49987,823,10873,10050,0,0,0
49687,5f99ecbd-d23b-525e-4442-3d06996b2fff,64,38690,49172,49687,50500,515,10997,10482,0,0,0
50559,c8473aca-5fb6-6ffe-308a-77e41532d942,64,38701,47736,50559,49677,2823,11858,9035,0,0,0
50804,a9ec62c6-98dc-5475-85fb-df230efab78a,64,35237,49045,50804,50200,1759,15567,13808,0,0,0
50864,96d63983-86a8-67a7-6a98-da02306570a3,64,38700,45862,50812,49049,4950,12112,7162,0,0,0
51735,c2436814-ff28-3781-5b77-4db1f6765be8,64,38689,48796,51735,50091,2939,13046,10107,0,0,0
52025,f0a32841-ae22-15d9-2247-3986321294bd,64,35240,48226,52025,49864,3799,16785,12986,0,0,0
52085,f66749fe-f47c-5c02-9566-5032210817ba,64,38705,48985,52048,50174,3063,13343,10280,0,0,0
53377,d770f789-06ad-cab4-8528-eda10aaa1d5b,64,38699,48286,53377,49888,5091,14678,9587,0,0,0
53641,56abbf7a-b105-6129-8acd-b5e1c12db5d0,64,35240,49112,53641,50491,4529,18401,13872,0,0,0
57568,3afef5b8-5194-fc02-e740-d684709aefb7,64,55884,55884,57568,79829,1684,1684,0,0,0,0
58747,a59df59f-c32d-7a49-3be3-edbe51ea97b2,64,57057,57096,58747,81936,1651,1690,39,0,0,0
59304,b2582cb6-3700-c7e6-31bb-c8b2db82419a,64,56762,56762,59304,85576,2542,2542,0,0,0,0
59577,73ee7e3c-045f-12ae-5ad8-8291ca22adcd,64,57004,57036,59577,79277,2541,2573,32,0,0,0
60159,030117ff-af3f-6f3b-aac0-8e9558efe1af,64,57593,57628,60159,70944,2531,2566,35,0,0,0
60465,97473324-2e77-51a8-0c41-b882c6792220,64,57900,57937,60465,73769,2528,2565,37,0,0,0
60608,931589d9-b275-0cee-b2ae-16ebe19ee584,64,58084,58084,60608,77379,2524,2524,0,0,0,0
61855,6239a01d-dd48-7f19-015a-9eee21d628c4,64,57134,57156,61855,87182,4699,4721,22,0,0,0
62412,429642a1-8a76-a7ee-252c-9e1ae1df9383,64,56998,57036,62412,80415,5376,5414,38,0,0,0
63198,4da65d91-78e6-c0b1-8e9f-a2dc03c88563,64,57181,57216,63198,89258,5982,6017,35,0,0,0
63501,65cef31c-a62a-9b17-baf9-f119d5259eec,64,58286,61855,63501,90185,1646,5215,3569,0,0,0
64655,fd1d6a50-ccd2-8ff4-4c24-fe6cffac0501,64,58288,60159,64655,89686,4496,6367,1871,0,0,0
65006,78a43f9b-7e2e-7fb8-7d22-ca3cfbc01240,64,56474,56474,65006,85008,8532,8532,0,0,0,0
65088,7dfc0016-5724-9829-c950-1f0d007a78ad,64,57190,57216,65088,89758,7872,7898,26,0,0,0
65173,c5f9dc62-7321-5cbb-320a-dbb94ce620d7,64,56679,56679,65173,86374,8494,8494,0,0,0,0
66295,dd802334-ff5d-3f22-ac01-a5610dfb1823,64,56474,56474,66295,81052,9821,9821,0,0,0,0
66613,75518597-2722-43f1-69e0-23047e54d133,64,58163,58163,66613,81672,8450,8450,0,0,0,0
66948,b1550d10-7885-c862-fe07-46d9e295dc8c,64,57343,57343,66948,82373,9605,9605,0,0,0,0
67008,f57ef1ad-e842-b308-029e-d8dd9ebb672a,64,58473,58473,66959,80384,8486,8486,0,0,0,0
67558,eb57e9b2-9b65-9a05-1000-38eb52acf5d5,64,56976,56976,67558,93038,10582,10582,0,0,0,0
68389,d874654f-ee58-bd90-05ce-021b30e3c45e,64,57004,57036,68389,82987,11353,11385,32,0,0,0
68537,6b1eb106-5d5f-1174-dfbd-05289c931ca0,64,57150,57156,68537,73444,11381,11387,6,0,0,0
69051,314ae079-5e6e-c662-788b-1b19c736c148,64,57688,57688,69051,70727,11363,11363,0,0,0,0
69953,832cd3e5-7231-6190-fd6f-501937d376b9,64,57945,63198,69953,91391,6755,12008,5253,0,0,0
70701,39a8ab5a-bf9c-61e7-ea47-8c843f67ed89,32,57817,65088,70701,94490,5613,12884,7271,0,0,0
72756,dad56c30-217e-b7de-0811-dbfd636aa135,64,56207,56207,72756,92874,16549,16549,0,0,0,0
76009,64036ee6-0216-a502-3ecb-9fc1079276d3,64,57940,57997,76009,88457,18012,18069,57,0,0,0
76069,7e348e6f-d479-5b21-946d-f881c1889dc5,64,56474,56474,76058,90150,19584,19584,0,0,0,0
79880,d39b4a86-8b3a-3cef-bf42-af24915408cb,64,57868,62412,79880,90630,17468,22012,4544,0,0,0
80129,909fc614-4e9c-f119-9c06-57e57aacd83e,64,31999,32036,80129,109003,48093,48130,37,0,0,0
80473,407896e9-df2d-5502-264a-5cb72e072eca,64,57667,63501,80473,91810,16972,22806,5834,0,0,0
82003,d88f90d9-5199-7d88-5fdb-2134380a016c,64,57172,65088,82003,94802,16915,24831,7916,0,0,0
100625,ae890d71-3593-6623-4fb0-ef847ff8dc1b,64,100167,100172,100625,105060,453,458,5,0,0,0
100893,70bd380a-208a-081e-7f15-bb21b92ac99e,64,100161,100172,100893,106274,721,732,11,0,0,0
100953,a376b10b-69ca-9b7a-6eb1-52517b05b7ef,64,100128,100172,100911,106114,739,783,44,0,0,0
100953,ae22c8d4-7489-dbed-1783-959b83deef4d,64,100113,100172,100921,106011,749,808,59,0,0,0
100953,3b7dacd2-1c50-7562-bf9e-6561a026978d,64,100131,100172,100951,106264,779,820,41,0,0,0
101013,3f65fbc7-69e9-d14f-d275-202c5fa8637b,64,100121,100172,100965,105850,793,844,51,0,0,0
101073,cd6c7041-8c9b-e6ef-a9d6-338bf778d31f,64,100164,100172,101059,105064,887,895,8,0,0,0
101397,fe9b780c-a9ed-fac2-b3bf-9f7f9569c9cd,64,100156,100172,101397,103781,1225,1241,16,0,0,0
101750,c11d3f0d-a988-e291-db03-a033e48c79e7,64,100144,100953,101750,106499,797,1606,809,0,0,0
101810,88d2ba17-5b1f-e7b9-3006-7e9d42ecf39e,64,100143,100953,101752,106541,799,1609,810,0,0,0
101810,8840a662-bdda-d999-5827-a791e2abc67b,32,100113,100172,101810,105450,1638,1697,59,0,0,0
102160,c6077a34-c1ce-a286-c15d-1a09b22123b6,64,100169,100172,102160,104104,1988,1991,3,0,0,0
102227,5808b962-2673-023a-d4e8-4b41af017211,64,100121,100172,102227,105340,2055,2106,51,0,0,0
102227,414a8bdc-9154-aa53-7fff-a7522d213d1f,64,100143,100172,102227,104881,2055,2084,29,0,0,0
102287,29d0120f-94a9-5a7d-c15e-5000ff99d2ac,32,100115,100625,102264,106285,1639,2149,510,0,0,0
102539,07a53b36-d086-de68-2b1c-db30730b7c4a,64,100154,100172,102539,105284,2367,2385,18,0,0,0
102599,b3f13340-c79d-fff2-4400-d880cfe81127,64,100114,101750,102558,107138,808,2444,1636,0,0,0
102599,6a4b34ad-a875-502b-7dd1-c8f403f175a5,64,100113,100172,102599,105057,2427,2486,59,0,0,0
102659,743035b8-a4b8-d5ae-ac68-b945516e4c9b,64,100147,101810,102616,107304,806,2469,1663,0,0,0
103007,2a422de1-33eb-ecd4-af8a-4fdb79b912ee,64,100132,101013,103007,106692,1994,2875,881,0,0,0
103084,cc42bcd1-1a1a-158c-ea0f-48f96ff7424d,64,100163,102287,103084,107759,797,2921,2124,0,0,0
103251,51c3aaa9-f5f7-b994-6c8a-efa190fc11bf,64,100156,100953,103251,106554,2298,3095,797,0,0,0
103463,e3f302d0-5f21-fba2-d016-f08b913df498,64,100114,102599,103463,108250,864,3349,2485,0,0,0
103523,bd886452-c707-614d-cff0-87859355c553,64,100141,100172,103509,105553,3337,3368,31,0,0,0
103691,054c5200-a12b-40ff-4d5a-3dc449d7e8c5,64,100153,100172,103691,103123,3519,3538,19,0,0,0
103800,ffa10a56-7704-0968-07df-26fa1f8695f5,64,100165,101810,103800,107222,1990,3635,1645,0,0,0
103860,970f24de-409b-ae92-a320-7634886ded0d,32,100148,102227,103836,107537,1609,3688,2079,0,0,0
103860,f880d021-a5c8-5263-47a8-cd4bc4b8fb73,64,100112,100112,103850,108258,3738,3738,0,0,0,0
103920,608b9004-6f24-b6bf-bc78-22b9c67f3362,64,100142,103084,103866,108851,782,3724,2942,0,0,0
103980,83993bbb-3ab7-83e4-1dbe-6606948f7082,64,100118,101073,103980,106711,2907,3862,955,0,0,0
104147,29b4263b-bc59-c5df-51cf-1a403e85724b,64,100160,100893,104147,106401,3254,3987,733,0,0,0
104207,85ca1dad-5468-2881-72e1-47aeeadfd279,64,100165,103463,104180,109032,717,4015,3298,0,0,0
104267,5b1ac2e2-3919-5b9d-f987-1d3c02d9a928,64,100174,103007,104250,108583,1243,4076,2833,0,0,0
104327,a2b021d3-71f9-74f8-ab7f-428b1e06f727,64,100124,101397,104322,107135,2925,4198,1273,0,0,0
104464,3eb4f363-456c-791f-726f-f0855962198d,64,100136,103691,104464,109183,773,4328,3555,0,0,0
104524,a29eaa64-7fa2-f52f-2ad2-79b69089e827,64,100125,102539,104499,108021,1960,4374,2414,0,0,0
104584,c5c4467c-544e-ae0e-2abb-7000974a2c88,64,100128,103251,104544,108913,1293,4416,3123,0,0,0
104644,a991e2ae-d7a0-ce6b-a300-3c5597ac153a,64,100146,102599,104615,108057,2016,4469,2453,0,0,0
104782,52e3d320-7fc6-dbca-bd11-e85ad41d64a1,64,100150,102160,104782,107474,2622,4632,2010,0,0,0
105019,91c8ce95-814a-e0b4-e853-333d7bbdecb1,64,100125,104147,105019,109923,872,4894,4022,0,0,0
105079,673d1e66-5c91-b07b-692e-5bd7e6fe130a,64,100118,104207,105053,109937,846,4935,4089,0,0,0
105079,1ff36a6f-2001-e126-3fcb-dcfcd4d53aad,64,100169,104327,105069,110150,742,4900,4158,0,0,0
105139,11117be3-c89a-46cd-0035-9bb2288dead6,32,100131,103523,105106,109101,1583,4975,3392,0,0,0
105199,8a81dc7c-5682-ab8d-7260-f94b893d531d,64,100161,100172,105168,104161,4996,5007,11,0,0,0
105354,58e9e197-ead4-a782-5e7b-ed8550ecda55,64,100157,102227,105354,107549,3127,5197,2070,0,0,0
105422,4fc68e9c-ab44-247f-5d9a-ffd34cf44571,64,100129,104644,105422,110452,778,5293,4515,0,0,0
105584,9f737e48-dd51-0b3f-a488-6cb0e63b9383,32,100135,103980,105584,109816,1604,5449,3845,0,0,0
105738,a828304e-1267-a6f0-1402-ab19d51b6741,64,100158,104267,105738,110136,1471,5580,4109,0,0,0
105862,5d1071b8-9c18-711c-34e5-52d8619691fe,64,100141,103860,105862,109559,2002,5721,3719,0,0,0
105922,a8534019-03db-cf26-10e2-7ffc781acc67,64,100133,104524,105888,110209,1364,5755,4391,0,0,0
105982,b86e23a5-1b25-4524-cf67-4e848a8f6186,64,100139,105139,105927,111134,788,5788,5000,0,0,0
105982,c184b8ee-5c12-842a-165c-170df078954a,32,100150,104267,105937,110048,1670,5787,4117,0,0,0
106098,9638c694-b30a-949c-eca4-c1f877afacf7,64,100112,100112,106098,111455,5986,5986,0,0,0,0
106158,15f6eb66-4ab1-5193-9957-4b91e15eb0b5,64,100122,104584,106146,110341,1562,6024,4462,0,0,0
106339,9c335245-34b2-a317-3353-dfedf3856948,64,100138,103800,106339,109251,2539,6201,3662,0,0,0
106399,dbf19a2c-e10a-c374-ce4c-e64225b1f820,64,100113,103860,106384,109458,2524,6271,3747,0,0,0
106658,1521829a-72b3-3670-9944-6b2202018450,32,100125,105079,106658,110747,1579,6533,4954,0,0,0
106777,d6f8e1cf-17c7-8927-c363-1b34f02864b8,64,100120,103920,106777,109634,2857,6657,3800,0,0,0
106837,9661f345-e8e0-45fc-5a04-0b83237b42f3,64,100171,105199,106802,111193,1603,6631,5028,0,0,0
107048,bc6b8cfd-19a3-bb0e-52c1-868a563edd1a,64,100169,105079,107048,110948,1969,6879,4910,0,0,0
107496,b9e7b560-6c77-cd36-b71f-acd0f99212c5,64,100148,105019,107496,110593,2477,7348,4871,0,0,0
107975,8eb2e484-bdc9-cf24-4c65-bb71ebacbe77,64,100160,104782,107975,110530,3193,7815,4622,0,0,0
108357,24cd3f0c-1387-9e4b-3378-4438f7fb3812,64,100116,105422,108357,111601,2935,8241,5306,0,0,0
109440,10d28255-1e8c-40a0-5d5d-44f32005dce6,64,100140,104464,109440,110184,4976,9300,4324,0,0,0
114597,7f78a63a-f311-c8cf-934b-c1e858bd3fd9,64,100152,105738,114597,126143,8859,14445,5586,0,0,0
117777,d6408d37-e92c-3c0f-acda-4dceebe2712d,64,116504,116504,117777,125709,1273,1273,0,0,0,0
117837,beef7159-5e10-43f4-004c-f3afa67227fa,64,116651,116651,117818,123884,1167,1167,0,0,0,0
118395,ddecc7e5-0d95-430d-2c83-b6758c820fa4,64,116049,116049,118395,122024,2346,2346,0,0,0,0
120883,87cc1b60-1e27-918f-3953-f231f62e2314,64,117250,117250,120883,124080,3633,3633,0,0,0,0
121206,54613dc9-1604-99a5-fc8c-608ab54ba43b,64,116979,116979,121206,132440,4227,4227,0,0,0,0
121981,50f0ffc4-451c-cbf1-4a0e-2a852e90f6a8,64,121611,121611,121981,124248,370,370,0,0,0,0
127472,7e48624e-74fe-8e76-f9d2-da8c31eb5f8c,64,127359,127359,127472,128058,113,113,0,0,0,0
137026,d7bc40fc-6b6e-134d-d25f-ededf74fed1c,64,135379,135379,137026,154756,1647,1647,0,0,0,0
137466,bea1c3fa-49a3-e7ca-5578-6527af7b6e16,64,135778,135797,137447,155636,1650,1669,19,0,0,0
137804,e385f845-c1b9-0bdb-3b17-7a6794dfd39b,64,136124,136156,137804,149718,1648,1680,32,0,0,0
137960,cde26b2b-4d74-795a-018e-c588554f1ae8,64,136308,136309,137960,157775,1651,1652,1,0,0,0
138020,05849aa3-0da2-ae47-e5b6-fef7797693e2,64,135463,135463,138003,155748,2540,2540,0,0,0,0
138556,fdbadd52-1c2c-ffcd-2567-eabd04374832,64,135911,135917,138556,152304,2639,2645,6,0,0,0
139627,4240fca0-6783-0e79-9294-72b0ce783cfe,64,135196,135196,139627,151013,4431,4431,0,0,0,0
140285,d59ba4a6-6c71-a94c-c61a-dd147be73bc7,64,137326,137326,140285,153421,2959,2959,0,0,0,0
140345,118120f4-659c-1978-a67a-c6237316375f,64,138662,138662,140308,159270,1646,1646,0,0,0,0
141487,b6e59365-dc6f-ac01-72fb-ca887cd85ad7,64,138790,138842,141487,158243,2645,2697,52,0,0,0
141612,c55010a5-3ee9-b54d-ca0a-0e7cb13b50d6,64,136683,136683,141554,152167,4871,4871,0,0,0,0
142073,d93ff1ac-b98a-fa1c-0d91-05dcb6117924,64,136645,136683,142073,153418,5390,5428,38,0,0,0
143087,4a8846df-0b02-3b69-36cd-c3064ebb3992,64,136287,136309,143087,156688,6778,6800,22,0,0,0
143239,d9a41586-40ef-e1df-4368-a8782ee8770b,64,136443,136443,143239,153759,6796,6796,0,0,0,0
143934,37460c0e-497f-b51e-baa9-09e892da483e,64,139500,139500,143934,153192,4434,4434,0,0,0,0
144087,41c89865-ee9f-3c95-fdaa-6c404302f07a,64,141552,141552,144087,156588,2535,2535,0,0,0,0
144710,c576faba-e468-9c51-55a0-4a402fd8edf9,64,139632,142073,144710,160918,2637,5078,2441,0,0,0
146037,67dac19b-c18e-cb42-2f1d-86b113f2427a,64,136249,136249,146037,158266,9788,9788,0,0,0,0
146097,1d87de0e-65e0-e067-0dd8-03c937ed5a98,64,135867,135917,146044,161124,10127,10177,50,0,0,0
146195,3088fbf5-57d6-e7a4-ede0-5194c3327e3b,64,136556,136563,146195,150851,9632,9639,7,0,0,0
146327,84a01954-d9c9-1ec3-61b5-c8a3da4d7550,64,136104,136156,146327,160094,10171,10223,52,0,0,0
147241,5e6f401b-27d9-ee5b-c6a9-00ff0dbacc8e,64,138764,144710,147241,161852,2531,8477,5946,0,0,0
147315,0cb553a6-4d81-78bc-a639-d7e5ea842bf6,64,135901,135917,147315,152709,11398,11414,16,0,0,0
147528,ca7eebc0-2a94-f22b-cd17-1b14ace1425d,64,139038,139038,147528,159619,8490,8490,0,0,0,0
147746,8b5e3471-8a96-1c4d-da8a-18bd5a9f94dc,64,138190,138190,147746,151263,9556,9556,0,0,0,0
148104,7afbb3e6-8674-fad2-4343-3f1b1e5aaf93,64,135737,135737,148104,162793,12367,12367,0,0,0,0
148859,5839d0f0-1f59-4014-785e-bceda69f1fc5,64,138244,146327,148859,163426,2532,10615,8083,0,0,0
149573,7d891ecf-9f42-73f5-4d40-fa78ed201a6b,64,135559,135583,149573,161040,13990,14014,24,0,0,0
150599,cd1d923e-c5a8-8c70-d2d6-cddd722570bd,64,137084,146097,150599,163085,4502,13515,9013,0,0,0
151324,1fa13985-2bc8-eb0d-e3a3-977a17f3baac,64,135300,135300,151294,161120,15994,15994,0,0,0,0
152528,d388ee11-e57b-d0ec-589c-e323cb731f8e,64,141105,141105,152486,160452,11381,11381,0,0,0,0
152611,7f681bd6-7a94-380b-9ade-72121d2b415a,64,135631,135643,152611,152646,16968,16980,12,0,0,0
153010,387c1d69-7b71-12e1-1215-57a9c1b4e578,64,136096,136096,153010,159371,16914,16914,0,0,0,0
153564,c28cdf3e-f2df-c452-43ff-5dd4f8742e05,64,135936,135977,153564,161800,17587,17628,41,0,0,0
153882,b2f5930e-f561-3515-9515-9146f6722c83,64,152235,152235,153882,165387,1647,1647,0,0,0,0
154306,54bb279e-5a60-9abd-cca5-b9a48711bf3c,64,136501,147528,154306,165255,6778,17805,11027,0,0,0
155158,3d5699b6-97c4-3e54-a894-3ca455300eb5,64,135567,135583,155158,165229,19575,19591,16,0,0,0
155572,0e7df4e7-f35f-5311-0708-3dcfdfa9f4f0,64,137406,153010,155572,167841,2562,18166,15604,0,0,0
155701,67340cb5-11c1-6e0b-bde6-80edf9f0cee6,64,151246,151264,155701,165200,4437,4455,18,0,0,0
156032,1c086e9e-a4c4-a95c-6ac1-5852d07d528c,64,137408,146195,156032,163133,9837,18624,8787,0,0,0
156192,94139f08-f185-8a2c-5ad2-c225f0d4db08,64,137841,147746,156192,165713,8446,18351,9905,0,0,0
156459,2eda16b7-cfc0-b2a2-2394-7a9e9234b0af,64,137069,137804,156459,160804,18655,19390,735,0,0,0
156654,75ea60c8-35b7-a45a-6228-c87664a7505e,32,151204,151204,156654,165639,5450,5450,0,0,0,0
156999,05c4a7c2-922d-87e0-4766-843e1a3ec3b0,64,135832,135857,156999,165977,21142,21167,25,0,0,0
157158,421c192b-eb49-6708-709a-26d84e63d5f8,64,139317,140285,157158,160464,16873,17841,968,0,0,0
158646,79370adc-09a7-d941-609a-626819620750,64,135964,156999,158646,171261,1647,22682,21035,0,0,0
159455,5dfbab22-f0de-23dd-782d-b9ec1ed9f47b,64,136453,148104,159455,165908,11351,23002,11651,0,0,0
159573,2de7216c-90ff-88d7-4168-3d86c2361110,64,136567,147241,159573,165083,12332,23006,10674,0,0,0
159667,3cde9fc6-7f2c-7ba9-1e3a-f3cc86f94fc4,64,136550,155158,159667,168262,4509,23117,18608,0,0,0
159885,8cb2fa61-cc3f-a18f-0ac1-83f005cc45e6,64,132641,132641,159885,168050,27244,27244,0,0,0,0
160130,21949453-3f19-21bd-704c-7fae2d5c29ea,64,151208,157158,160130,171965,2972,8922,5950,0,0,0
160226,3b382050-73c1-91bc-a03a-942183b3716a,64,138684,155701,160226,169235,4525,21542,17017,0,0,0
160359,d612f776-6859-a12c-6dab-456eadd509fb,64,137593,150599,160359,167430,9760,22766,13006,0,0,0
160695,f9dd42ef-2aa5-44ed-e1cf-03015ce22155,64,136907,156192,160695,170092,4503,23788,19285,0,0,0
160758,bf12c5c1-c420-af00-2fb4-e12e4e504b1c,64,135801,135857,160758,170149,24901,24957,56,0,0,0
161157,04515944-701f-5366-d37b-f358b0ba2274,64,136885,149573,161157,167221,11584,24272,12688,0,0,0
161985,0980d2cc-3659-b2ce-5feb-08de906c7eb3,64,151624,153564,161985,167920,8421,10361,1940,0,0,0
162624,c1723dd1-0062-a4bd-5a9d-a25ae7d09d0f,64,151253,151264,162624,164354,11360,11371,11,0,0,0
162684,34e83f89-e59b-a3f8-2581-52c86a7b68f3,64,137687,159667,162628,172882,2961,24941,21980,0,0,0
162684,c44f1306-055e-d1e3-83e5-123ef593d27f,64,152943,160130,162663,173844,2533,9720,7187,0,0,0
163636,7365bb78-4d31-4160-c42e-1cd70f48efde,64,151212,161985,163636,176225,1651,12424,10773,0,0,0
164223,cd654d40-a2c0-3ebc-5db2-d06c9d773f71,64,136741,159455,164223,172440,4768,27482,22714,0,0,0
164387,36399dc1-d28d-88b9-5b94-484aabc142d8,64,137840,159885,164387,173207,4502,26547,22045,0,0,0
164867,b8c1d8a1-12f1-f84d-ce97-0ccc54d9e908,64,152468,160359,164867,174756,4508,12399,7891,0,0,0
165225,1974e45e-2968-4276-458b-3e5864c5fff6,64,143667,162684,165225,176711,2541,21558,19017,0,0,0
165285,52f219a8-7dfc-b22b-3fe5-fcf7a1068ad4,64,151272,160758,165242,175782,4484,13970,9486,0,0,0
165585,022c2c5f-2264-737a-5a32-b1b3efe60d13,64,153042,156032,165585,169538,9553,12543,2990,0,0,0
166103,e79e0515-87c3-0868-69f2-45c1be9f8afd,64,151987,160695,166103,175110,5408,14116,8708,0,0,0
167058,397aff0a-e003-700c-97eb-da48d7e6af1b,64,151274,162624,167058,176519,4434,15784,11350,0,0,0
168098,13773960-561f-56f4-c0c6-994be45a4a9e,32,152513,162684,168098,178656,5414,15585,10171,0,0,0
168158,926698bb-748c-a855-bc55-a7ee9a27f79e,32,140783,162684,168099,177967,5415,27316,21901,0,0,0
168158,a52244d7-b4be-568c-ee0a-acd5b1366d68,64,135511,135523,168100,172098,32577,32589,12,0,0,0
168755,ec5cc6a6-c4dc-0dc5-e8a3-2fd9d11a75e5,64,152254,166103,168755,185122,2652,16501,13849,0,0,0
169729,465d9ab2-8551-2195-74e6-9d74c9dfc75a,64,151284,165285,169729,184198,4444,18445,14001,0,0,0
170030,deb72c0e-f090-aa89-03a9-86f774bf0402,64,152495,160226,170030,174106,9804,17535,7731,0,0,0
170264,f98802a1-180a-df51-f821-0fa734f42bcc,64,152072,164867,170264,181167,5397,18192,12795,0,0,0
170723,b7a2d445-5f8b-5278-88bd-2a5918bb6d91,64,138124,161157,170723,175906,9566,32599,23033,0,0,0
170964,884b809e-e0b8-ecc4-42d9-cf701e151994,64,136307,159573,170964,172514,11391,34657,23266,0,0,0
171024,0d0c03a6-590f-f3f2-92b9-92ca98c0ea85,64,151289,164223,171016,180259,6793,19727,12934,0,0,0
171112,e44f063c-9a1a-b218-b343-9e7d6c2775e8,64,138783,154306,171112,168127,16806,32329,15523,0,0,0
171172,f52667bf-e384-c6fa-c0ca-22c79a40564a,64,153019,164387,171172,180528,6785,18153,11368,0,0,0
171923,602f13de-4741-315c-80de-a73e6db3a7fc,64,135559,135583,171923,168881,36340,36364,24,0,0,0
172085,6875fa7f-fbdd-4184-ba7b-6053b0c6c925,64,143609,163636,172085,179323,8449,28476,20027,0,0,0
172651,257df858-dea6-fd1e-3784-a0ba05be74d3,64,151591,168158,172651,188656,4493,21060,16567,0,0,0
174135,9b5a62a3-013d-62ff-8645-2c0104c80dbd,64,151910,168755,174135,188807,5380,22225,16845,0,0,0
175405,30cf7c21-8d16-4b98-83e1-edc8da101408,64,151697,165585,175405,184535,9820,23708,13888,0,0,0
175536,6e2729fe-a059-db11-15a3-8b8f802b2b41,64,151566,167058,175536,185689,8478,23970,15492,0,0,0
179336,9374e58c-70c6-1330-7d14-6c8139c3f8b8,64,151931,169729,179336,189563,9607,27405,17798,0,0,0
182088,41aedc98-a12d-7351-6b12-433172a21353,64,151898,165225,182088,183279,16863,30190,13327,0,0,0
184952,823b1b83-d6e3-ec54-3d35-eda4219ca79c,64,152488,168098,184952,186051,16854,32464,15610,0,0,0
200259,658c85f1-7057-78a9-4872-0ec7e0456a23,64,198353,198400,200259,209225,1859,1906,47,0,0,0
200743,7775dc58-805e-8764-d3d6-6149947e8ba6,64,198389,198400,200743,216295,2343,2354,11,0,0,0
201657,74cd4e65-f2c9-a411-bc7b-104aa6d51f82,64,198389,198400,201657,209291,3257,3268,11,0,0,0
202571,92c363af-1c01-bff0-e45d-035c61c69e30,64,198358,198400,202571,213061,4171,4213,42,0,0,0
202783,48b2ffb5-77e2-689d-351d-4de8f02e7152,64,198389,198400,202783,214408,4383,4394,11,0,0,0
203255,3201e995-6ea4-4575-15cc-7a5ae05c3edd,64,198378,198400,203255,216687,4855,4877,22,0,0,0
203721,17047d61-69bc-7a3a-0478-7a63967c565b,64,198395,198400,203721,213684,5321,5326,5,0,0,0
203988,ed83adaf-d888-5743-d089-85f141e793c0,64,198390,198400,203988,217495,5588,5598,10,0,0,0
204228,32edc198-8e1e-35ab-92cf-efabba60260e,64,198340,198340,204228,216806,5888,5888,0,0,0,0
204552,0e7169f6-552d-a4bc-3f9d-2c3d01b93b8b,64,198355,198400,204552,216126,6152,6197,45,0,0,0
204655,99a37b40-72ab-a412-b03b-479b5d536767,64,198347,202783,204655,218418,1872,6308,4436,0,0,0
204715,d9e86b32-2624-251f-df10-d7c6cfa1b595,64,198401,198460,204669,210619,6209,6268,59,0,0,0
205569,12408a66-f66b-58c1-2876-117ba0081370,64,198402,198460,205569,210093,7109,7167,58,0,0,0
205629,6343993e-ede4-b208-52de-5574a567643d,64,198392,203255,205613,218434,2358,7221,4863,0,0,0
206179,e3e038fe-246e-0610-4a9b-d6b60c580da8,64,198349,198400,206179,211674,7779,7830,51,0,0,0
206642,8cd324f7-f98a-b120-6a46-d2169488e479,64,198379,198400,206642,216171,8242,8263,21,0,0,0
206897,c4aef437-8611-168b-b912-e9e17f18758d,64,198353,198400,206897,216585,8497,8544,47,0,0,0
207235,984eff92-f4fd-c535-8ae3-92324e8ff0e9,64,198404,203721,207235,218777,3514,8831,5317,0,0,0
207470,4f90b258-d939-8a9c-b083-e44ca369d0e0,64,198354,198400,207470,217752,9070,9116,46,0,0,0
207608,50d29969-2b91-6fa4-259f-1b605338e58e,64,198345,206179,207608,222206,1429,9263,7834,0,0,0
207668,18994c66-254d-3ffd-6670-f83dde3a1376,64,198368,204552,207623,220442,3071,9255,6184,0,0,0
207728,06466619-77a6-1193-7c19-2a26f08c26be,64,198399,198400,207691,214148,9291,9292,1,0,0,0
207827,1f8b806a-7c90-6408-5983-9ded6a662ee8,64,198378,203988,207827,219235,3839,9449,5610,0,0,0
208388,86e599be-2dac-1607-3d5a-d89312d77b33,64,198366,204655,208388,221087,3733,10022,6289,0,0,0
209020,39d9cdfc-e857-c170-7418-be13d9ead82f,64,198397,206897,209020,222776,2123,10623,8500,0,0,0
209561,03d1923a-022b-5e5e-b60e-a9df174a5ee8,64,198347,204228,209561,219812,5333,11214,5881,0,0,0
209680,319569ab-0081-ed1c-4ceb-0c24a719ccd6,64,198357,205569,209680,221876,4111,11323,7212,0,0,0
210176,bad3954f-9bc7-65c2-a49b-c0058ac94890,64,198341,207470,210176,223054,2706,11835,9129,0,0,0
210251,2efe9140-b8e1-a180-df7a-fe018f9758d5,64,198401,198460,210251,214939,11791,11850,59,0,0,0
210838,26baeba7-c4d7-3c76-8db9-4542c2388317,64,198353,208388,210838,225646,2450,12485,10035,0,0,0
210955,e6132268-7c2d-358f-9626-a5472ceded3d,64,198340,198340,210955,227236,12615,12615,0,0,0,0
211277,d9e0de8e-8b24-4ed5-a22c-0814ec2de291,64,198341,207235,211277,222786,4042,12936,8894,0,0,0
211926,0713f2e5-94e1-46ac-a561-c4e20e7d08b6,64,198402,200743,211926,216963,11183,13524,2341,0,0,0
212732,6c56dc90-ef03-c5d3-98ae-9f821625ae5c,64,198387,204715,212732,221186,8017,14345,6328,0,0,0
214635,20c26090-c7f4-409f-d091-969a76a588f1,64,198368,211277,214635,231046,3358,16267,12909,0,0,0
214783,3c5d8c5a-ddaa-abbe-71af-850b4cec6a6e,64,198363,210955,214783,230843,3828,16420,12592,0,0,0
214843,f090a072-ed6e-ad7d-9ac8-cad6c79e5f5d,64,198362,210251,214784,230275,4533,16422,11889,0,0,0
215039,3829892d-2432-ae26-f582-88bb1ba96b1f,64,198360,210176,215039,228142,4863,16679,11816,0,0,0
215106,66e2bf74-7692-63cb-6082-46197e4bca7f,64,198340,198340,215106,211651,16766,16766,0,0,0,0
215363,562ba2e0-6779-0b8d-053a-fa4c77e20aa2,64,198389,207728,215363,225465,7635,16974,9339,0,0,0
215543,fbf0e66d-872c-c11d-aaf2-56d08998632f,64,198376,206642,215543,222657,8901,17167,8266,0,0,0
216514,beddd933-4369-e262-daa8-a1ee9bc158b5,64,198381,205629,216514,222011,10885,18133,7248,0,0,0
217112,2440e340-6351-a8e8-1ef7-883ff49968de,64,198387,215363,217112,235630,1749,18725,16976,0,0,0
217429,34fa8331-ce1e-9845-e319-3217b574f8b6,64,198340,198340,217429,223268,19089,19089,0,0,0,0
217829,ec69a9a2-2b4d-5590-01b9-4ed81abb423a,64,198362,214783,217829,233191,3046,19467,16421,0,0,0
218069,3df06c0c-8793-b2ae-f5c6-96395870253d,64,198341,215106,218069,235397,2963,19728,16765,0,0,0
218713,d65e6d20-4de6-c9d6-a0b1-ebb60b5d12d5,64,198358,212732,218713,232356,5981,20355,14374,0,0,0
219233,91c2267b-988b-b3af-4a8e-62dd15161fbe,64,198395,214635,219233,232600,4598,20838,16240,0,0,0
219472,1bdd3154-4799-bcbd-dcae-d3f23ddbe287,64,198370,207827,219472,225547,11645,21102,9457,0,0,0
219532,3d7ccbda-6c74-c571-e4a5-4b568d749525,64,198369,214843,219509,233550,4666,21140,16474,0,0,0
220451,270baee0-18da-b2e9-c060-3c43780cd373,32,198398,215039,220451,233682,5412,22053,16641,0,0,0
221083,d28cdfa6-315a-717a-36d9-a61c097661ba,64,198382,207668,221083,223491,13415,22701,9286,0,0,0
221634,1dd0543b-d0e9-6afd-661e-a751888bc015,64,198370,209020,221634,225750,12614,23264,10650,0,0,0
221694,a051b101-3079-387b-2797-29e2c68fb72e,64,198383,219233,221668,248557,2435,23285,20850,0,0,0
221847,d7a1d554-4197-c5eb-d063-ae8b83637cfd,64,198343,210838,221847,230444,11009,23504,12495,0,0,0
222317,f39b8ce7-eb8d-e247-9a49-4fea8ca8646e,64,198397,209561,222317,225833,12756,23920,11164,0,0,0
222882,30992d4a-0883-87e7-ce7f-a2073dcbf0d7,64,198340,198340,222882,234617,24542,24542,0,0,0,0
223379,e4a7d5d0-ebba-8ef4-3427-85a6f07b0e4d,64,198379,219472,223379,251307,3907,25000,21093,0,0,0
224022,c5abf054-7a7d-94af-3b68-30b8f91ad558,32,198351,217429,224022,240376,6593,25671,19078,0,0,0
224653,9910874b-6dcb-96a3-0385-15667cbb5902,32,198355,217829,224653,240922,6824,26298,19474,0,0,0
225744,b033c9ba-72aa-704e-fa3f-81bf1e90e1f1,64,198361,221083,225744,255571,4661,27383,22722,0,0,0
227378,7b493b91-de35-259f-fd2b-8fd07232ec08,64,198393,215543,227378,237443,11835,28985,17150,0,0,0
228685,fea70062-a2cf-98e0-8658-8adb6885a933,64,198373,217112,228685,238555,11573,30312,18739,0,0,0
228766,2977c169-31b6-f3e4-190f-2c57f74b0ed7,64,198375,211926,228766,231122,16840,30391,13551,0,0,0
229777,299076a7-ad46-07ee-c8aa-8587139282c8,64,198372,219532,229777,252463,10245,31405,21160,0,0,0
230848,6bb5338b-3525-3fb6-e5f6-7059885b5a4d,64,198350,216514,230848,238522,14334,32498,18164,0,0,0
231544,aa7f9308-bc46-0db5-6c98-31cd839bd358,64,198340,198340,231544,247536,33204,33204,0,0,0,0
238489,f6fee124-ec92-2690-3f48-8d3921614034,64,198385,221634,238489,261873,16855,40104,23249,0,0,0
238588,f23038dc-f861-1513-5962-a3f5d7fc1e4c,64,198349,217829,238588,246835,20759,40239,19480,0,0,0
240107,f942a058-e022-8af2-196a-e970a7d10cbd,64,198374,218069,240107,246925,22038,41733,19695,0,0,0
246231,210e2de6-387a-50d2-c832-0f74de79d507,64,244578,244579,246231,262550,1652,1653,1,0,0,0
247311,ec6bbce6-52a3-13c4-0f97-9c5d9de57aba,64,245656,245663,247311,262946,1648,1655,7,0,0,0
247533,eaafedb6-4e64-9028-7a38-087b5c0b7dfb,64,244843,244883,247533,258937,2650,2690,40,0,0,0
247723,416602d5-a866-112d-9b02-7699a87ad2dc,64,245128,245183,247723,258911,2540,2595,55,0,0,0
248635,9a89e30e-49e5-66f9-f68b-cfe403d59fb5,64,244083,244094,248635,258474,4541,4552,11,0,0,0
249373,29e6a0b0-96fc-41e6-5132-50c2121673f6,64,244759,244763,249373,263126,4610,4614,4,0,0,0
249934,5ceb409b-05f0-f350-4ae9-9d31286df303,64,244181,244214,249934,264601,5720,5753,33,0,0,0
250109,895b19a3-4771-6cb8-1084-039aa2200ff9,64,244698,244703,250109,258014,5406,5411,5,0,0,0
250181,4e7fd83a-ac2d-e08c-df26-1d9c878f33c1,64,245114,245123,250181,263013,5058,5067,9,0,0,0
251374,ee9801e5-4786-873c-e6ff-ffa336921eeb,64,244680,244703,251374,263994,6671,6694,23,0,0,0
254228,8bbe5be0-f03e-4e22-3724-712b7b9080d9,64,244498,244519,254228,259424,9709,9730,21,0,0,0
254425,58da3742-e6f1-4a28-a3b3-f771493fbd1d,64,245190,249934,254425,264824,4491,9235,4744,0,0,0
254664,ba9349d6-20c0-c6f1-ef83-f991ed051066,64,245076,245123,254664,260423,9541,9588,47,0,0,0
255257,b1bb593f-af75-f9de-1458-571e9ed995f2,64,245640,245663,255257,261992,9594,9617,23,0,0,0
256222,4e72aa52-83be-9cd9-c7d4-e1ff8b6a5839,64,244876,244883,256222,262661,11339,11346,7,0,0,0
256486,779c5b27-a100-5532-e9b7-760cd059db96,32,244810,244823,256486,265750,11663,11676,13,0,0,0
256611,f7dc9484-40aa-b6b7-8295-cd1d956be76e,64,245190,245243,256611,258579,11368,11421,53,0,0,0
256924,8ca45a57-ba9e-137c-5416-d3c3b5fae194,64,245516,245543,256924,262427,11381,11408,27,0,0,0
257144,d3d0ea9d-f0c9-e307-3d41-b6bac48bdd9d,64,244643,244643,257144,265792,12501,12501,0,0,0,0
257812,3437b0f6-abed-1a58-914b-297ee8598996,64,244684,244703,257812,268545,13109,13128,19,0,0,0
258470,b58db26c-e536-49a5-8471-1c301686f97e,64,244699,244703,258470,264633,13767,13771,4,0,0,0
258791,94ffab48-b0bf-bf49-175d-675a5e808791,64,245444,245483,258791,263837,13308,13347,39,0,0,0
259839,24dafcb7-e689-16da-c773-df816dc696af,64,245638,257144,259839,269271,2695,14201,11506,0,0,0
259987,66878f72-04a4-1fd3-d98e-5b5c7866c2ec,64,245434,250181,259987,265386,9806,14553,4747,0,0,0
260565,5a7900ed-a06d-e812-33ea-6dabf266d905,64,244145,244154,260565,269562,16411,16420,9,0,0,0
260788,2fa354aa-7449-c9e2-a6b2-c2a3e49ee1a9,64,243770,243770,260788,259106,17018,17018,0,0,0,0
261202,dcce8f2b-a06d-133e-0da4-e6d6ef5ea51e,64,244091,244094,261202,259999,17108,17111,3,0,0,0
261262,57dd9db7-c52c-0a1d-f598-35d6cb91b139,64,244151,244154,261261,262331,17107,17110,3,0,0,0
261570,5c1d831c-35bb-0496-d30a-53a9fe99ae23,64,245223,256222,261570,268576,5348,16347,10999,0,0,0
262106,69cbc7c8-9ab2-dbaa-8663-371242537e65,32,244510,244519,262106,269024,17587,17596,9,0,0,0
262206,163d08b3-e224-d1d3-80cf-587dbcda51d6,64,244497,244519,262206,270135,17687,17709,22,0,0,0
262498,3c49d63d-c43c-1466-12b0-c36c0c871ea8,64,245571,245603,262498,262167,16895,16927,32,0,0,0
262669,ab3ba952-6f12-f3db-fc6b-6e55e6a52753,64,244978,259987,262669,270143,2682,17691,15009,0,0,0
262771,b7d63143-ea6b-79b0-fb45-8d1a617ddf4d,64,243569,243569,262771,266332,19202,19202,0,0,0,0
263550,4a7ba815-44c0-be44-b392-328a69681a30,64,244375,244399,263550,271299,19151,19175,24,0,0,0
265196,04a63c46-c138-3803-895a-e15d33a247f1,64,245143,262669,265196,274451,2527,20053,17526,0,0,0
265392,6c46ea38-d111-86fa-5734-48c5562aeb86,64,245389,256924,265392,269061,8468,20003,11535,0,0,0
265488,daeb2b2b-1aa5-ca3b-5b78-f1c8157e952f,64,244566,244579,265488,274954,20909,20922,13,0,0,0
265685,d2f8160c-644f-b19e-dac1-6243ba89e4c0,64,244072,244094,265685,268680,21591,21613,22,0,0,0
266071,ba1a4201-e568-804b-76ae-b2d2cf092ca6,64,244034,244034,266071,264826,22037,22037,0,0,0,0
266131,7d5c28cf-bb59-a141-dc19-efef53a20ad0,64,245670,261570,266093,271420,4523,20423,15900,0,0,0
266191,9de71099-0471-c230-d977-cd87b0617e07,64,245363,260788,266145,271202,5357,20782,15425,0,0,0
266191,369f5850-8e72-c7c8-243e-072a74166d05,64,244660,244703,266154,269404,21451,21494,43,0,0,0
266641,f6bff4f5-8f4f-2476-fb22-12dc26623c24,64,245084,262206,266641,271788,4435,21557,17122,0,0,0
266866,31e60480-cec5-6c59-eaa8-389500d1845d,64,244339,244339,266866,276258,22527,22527,0,0,0,0
267046,97d6d50c-a1b5-d40d-8b79-3866f6599b89,64,244371,244399,267046,270400,22647,22675,28,0,0,0
267147,3d73826d-f3a9-490e-71de-c2196abd3d20,64,245040,258791,267147,269632,8356,22107,13751,0,0,0
267924,fc1cd985-9f26-133f-7d91-f42d6bd320da,32,245646,262498,267924,272685,5426,22278,16852,0,0,0
267984,6519cb1e-42a6-b678-eadf-5802eb62b652,64,245484,261262,267984,271353,6722,22500,15778,0,0,0
268117,bdcb5454-8709-c4db-414e-202eb9dfaf2f,64,245070,262771,268117,274792,5346,23047,17701,0,0,0
268727,4e544c0b-1d88-e434-ff34-46477991fb2b,64,244815,266191,268727,277915,2536,23912,21376,0,0,0
271049,4b61a861-e963-f946-6888-afec58b213b3,64,245007,245063,271049,265970,25986,26042,56,0,0,0
271594,baccdc5f-e2fb-faa2-f3c8-cddb4c8973c1,64,245165,254664,271594,267802,16930,26429,9499,0,0,0
272810,31ecfcae-6a3a-56f1-12e8-9eaa51c8efaa,64,244413,244459,272810,277929,28351,28397,46,0,0,0
273248,11b1148d-12d3-bbf8-8f7b-bc8972527736,64,244457,271594,273248,282701,1654,28791,27137,0,0,0
273559,c2ca2384-1109-443b-aa27-b40713cc068c,64,244367,244399,273559,272897,29160,29192,32,0,0,0
273775,e6a6e425-3f64-3e10-846d-b8d6ee60aaab,64,245063,267147,273775,281629,6628,28712,22084,0,0,0
274256,7122c132-454f-3eff-a62c-db557bbe17dc,64,244684,268727,274256,282479,5529,29572,24043,0,0,0
274800,7841e3b7-e31c-9458-5751-9277e39c8874,64,245553,265196,274800,276108,9604,29247,19643,0,0,0
274894,b50ecb25-3d95-bc44-c194-0502c645a7ef,64,245648,273248,274894,282770,1646,29246,27600,0,0,0
275434,74e5297b-3a70-6166-ee25-ad81716f73b6,64,245639,265685,275434,276535,9749,29795,20046,0,0,0
275680,351b4350-0f08-82c2-eb7c-24de70dcac34,64,245119,266131,275680,277309,9549,30561,21012,0,0,0
275781,a23ff5e7-7546-7280-8f49-f6ed2a04aaf8,64,245405,272810,275781,282745,2971,30376,27405,0,0,0
275878,16ed5c3e-61ed-003d-5980-d8f9b4c6d51d,64,244959,266071,275878,276935,9807,30919,21112,0,0,0
276355,0da6e6cc-dfc6-7f74-5ba7-bcafdb492c2a,64,244126,244154,276355,281574,32201,32229,28,0,0,0
276418,bcb396a5-e5fe-76d5-db82-4ff9f432874e,64,244438,273775,276418,283338,2643,31980,29337,0,0,0
277765,b1e2c4e1-06e9-e960-9f95-dd0d2ae7c00c,64,245492,267984,277765,281773,9781,32273,22492,0,0,0
278686,207f3ae7-6390-3d08-1d41-2f3595a675d5,64,245520,274256,278686,284162,4430,33166,28736,0,0,0
280982,2613a79b-5802-04f6-b132-d4b35d2e5a2d,64,244886,271049,280982,282545,9933,36096,26163,0,0,0
281994,d7e90130-41c6-9219-5884-a1782efc5ab6,64,245624,273559,281994,282989,8435,36370,27935,0,0,0
282320,27af1a41-3437-62fc-d278-6261d4b4048d,64,245175,265488,282320,276358,16832,37145,20313,0,0,0
283310,ac11e4e3-a5c1-9092-3f5a-f542c7159640,64,244178,244214,283310,279384,39096,39132,36,0,0,0
283800,c263f18b-f75c-b173-285d-cbecfcf5cdf2,64,244659,266866,283800,279445,16934,39141,22207,0,0,0
284970,6e5211c0-29ff-266e-68de-26c4c2d2ef82,64,245042,268117,284970,281798,16853,39928,23075,0,0,0
357877,4b179070-d188-c513-a783-f80d71a742af,64,355242,355242,357877,383022,2635,2635,0,0,0,0
359946,e024863a-a20e-b15c-65f0-da3c7abb9f9c,64,357412,357412,359946,380423,2534,2534,0,0,0,0
360065,dcf86096-91fc-c7b1-f1b3-c34fc6334f82,64,357412,357412,360065,381502,2653,2653,0,0,0,0
360397,202124ae-fd24-d2ca-a54e-34fd41d57749,64,355882,355882,360397,388046,4515,4515,0,0,0,0
360554,981ca058-1d0c-4010-1bec-d56fcb106f06,64,357589,357589,360554,373489,2965,2965,0,0,0,0
360795,f63862db-f56a-e168-7c9c-d1c5961b47d8,64,359151,359151,360795,392272,1644,1644,0,0,0,0
361510,7c6b8769-eb2b-5861-283b-64b40783135d,64,359865,359865,361510,388484,1645,1645,0,0,0,0
361739,d47f2c4a-92cd-9832-ec55-06b48c137f12,64,354968,354968,361739,385367,6771,6771,0,0,0,0
362083,5eeb05c0-b1ae-1f92-f52f-269b2f6fc2f8,32,356662,356662,362083,390496,5421,5421,0,0,0,0
362765,469406a5-38b3-716c-70a5-d9f3d580fb02,64,360123,360125,362765,393015,2640,2642,2,0,0,0
363066,cc2ff5ce-35b7-e755-6734-e95bf905224c,64,358571,358571,363066,375929,4495,4495,0,0,0,0
363308,c083ee00-e3d9-342f-59e9-2f04623af4d3,64,358859,358859,363308,397129,4449,4449,0,0,0,0
363821,98e0771d-3fd8-b185-49fa-dcf7f66270b9,64,355400,355400,363821,383028,8421,8421,0,0,0,0
367034,b8b6f3a9-e2b8-9226-ab71-4fe8d75a6ae3,64,357421,357472,367034,392296,9562,9613,51,0,0,0
367437,6aa2597e-2da1-c2c6-53fa-90a2a6e450c6,64,357655,357655,367437,377056,9782,9782,0,0,0,0
369081,e0ad9182-f821-0c65-73a6-6f26931b4be4,64,359544,359544,369081,379976,9537,9537,0,0,0,0
369661,e2b1dd7d-f6f8-71c7-1598-34276f5e5eb1,64,358292,358292,369661,378136,11369,11369,0,0,0,0
369732,e26022de-2405-a5ad-488a-6b4a5ba732bc,64,358394,358394,369732,395738,11338,11338,0,0,0,0
374430,d54d6dfc-3e9c-52fd-b0af-8be846dfc6c6,64,372549,372549,374430,382352,1881,1881,0,0,0,0
388332,2a2b936a-db60-124d-15ea-6ae13a03ec66,64,387465,387508,388332,392727,824,867,43,0,0,0
388682,40a3ce56-fae9-0049-5cba-36817e20b065,64,387388,387388,388682,398324,1294,1294,0,0,0,0
389964,8bbb709b-1ac0-c7be-5b8c-06c1eafd4967,64,387481,387508,389964,396245,2456,2483,27,0,0,0
390559,59ea5344-bb0d-f70f-02b9-3b43e4a295f4,64,387401,387448,390559,391842,3111,3158,47,0,0,0
392368,827779bb-073f-b524-2151-78a55360fcdf,64,387434,387448,392368,391421,4920,4934,14,0,0,0
399875,d2c1b86e-07f5-2d19-6022-d32ac2216acd,64,398231,398231,399875,420157,1644,1644,0,0,0,0
400298,f935a867-88ec-fbe6-0d80-8fefa7438a19,64,398558,398602,400253,416399,1651,1695,44,0,0,0
402613,90582348-0bb8-d19a-251a-c5941d9c26b3,64,399587,399634,402613,413927,2979,3026,47,0,0,0
403006,9820ef87-e1c7-b1a0-0c16-ee78b1d339f5,64,398542,398542,403006,422742,4464,4464,0,0,0,0
403066,dd963b08-c0db-304b-6571-47098618d540,64,398603,398662,403046,424722,4384,4443,59,0,0,0
403165,72fdd469-1428-5bfb-9e7f-e9218a1a83e5,64,400607,400630,403165,413780,2535,2558,23,0,0,0
403225,86a8a711-5db5-749c-02cb-a1f52721a89d,64,398775,398775,403208,417774,4433,4433,0,0,0,0
403346,b05d5545-a7e0-dd76-6fc5-e37caa4aa287,64,398784,398835,403346,419545,4511,4562,51,0,0,0
404677,856f082d-a6e4-2c41-8e56-c7597bda03c0,64,400202,400238,404677,418862,4439,4475,36,0,0,0
405470,27013d5b-b579-0c48-9d3b-03b5d90c766e,32,400060,400060,405470,415620,5410,5410,0,0,0,0
405687,614f54a1-cbfa-4da7-7131-87425293e0da,64,398852,398895,405687,418461,6792,6835,43,0,0,0
405827,c7d1a9ac-ff67-bc33-56e2-bea2860c544d,64,400450,400450,405827,420810,5377,5377,0,0,0,0
407000,109e8be3-aa69-cf53-1399-15c63abfc58f,64,401203,401203,407000,425039,5797,5797,0,0,0,0
407081,07502332-e9d6-9b83-2915-15447f627945,64,400239,400298,407081,416265,6783,6842,59,0,0,0
408006,f1dd4ba8-e05c-c516-04b6-5a3994e50b99,64,399450,399450,408006,435453,8556,8556,0,0,0,0
408142,af644e73-9ace-aef5-b224-bd43233701e5,64,401316,401323,408142,414538,6819,6826,7,0,0,0
408421,65019d99-cd2a-e746-e851-9442a2737548,64,398569,398602,408421,411750,9819,9852,33,0,0,0
408893,722af35f-5635-6f8f-7c4c-b74bf5532a95,64,399032,399075,408893,418695,9818,9861,43,0,0,0
409070,585deda6-5438-3334-af34-74bc585d5cf3,64,400552,400570,409070,420407,8500,8518,18,0,0,0
409273,183e31e1-0aae-ac04-7b7e-f22aa7143a65,64,398023,398023,409273,436141,11250,11250,0,0,0,0
409333,7bfff20f-98dd-474a-75dc-f7923fc18c3f,64,399015,399015,409319,427597,10304,10304,0,0,0,0
409531,e7a0f395-b79e-330f-66e2-3b111c982f50,64,401046,401046,409531,423700,8485,8485,0,0,0,0
410621,b74cc7fb-f034-8e51-f464-8743aa8940a7,64,398949,398955,410621,430813,11666,11672,6,0,0,0
411618,ecc0f247-549e-6f26-6b4b-5352c47df05f,64,400462,400510,411618,433590,11108,11156,48,0,0,0
411703,96891d75-c2b1-d774-109b-8ced1f87ebda,64,400178,400178,411703,425909,11525,11525,0,0,0,0
411984,9b895d39-2d91-96b7-4304-67708a56010c,64,399574,399574,411984,433137,12410,12410,0,0,0,0
413865,73aca360-1a3c-0802-8841-d320c802319c,64,400243,407081,413865,436655,6784,13622,6838,0,0,0
416227,f4121b65-45c0-3a9b-fb22-d7d204e2615b,64,399578,399634,416227,435326,16593,16649,56,0,0,0
418170,ccda42a0-c1a2-9a6a-3f33-32488b14e5c6,64,401232,401263,418170,421314,16907,16938,31,0,0,0
421164,d8524bbc-950e-1ac2-2cee-936a6598271a,64,400202,400238,421164,434917,20926,20962,36,0,0,0
449537,e2192a5f-9835-9bc5-f442-43d0e9893db7,64,447886,447886,449537,465581,1651,1651,0,0,0,0
449880,67ca5731-f38d-5068-6cf9-8889f962d24e,64,448191,448231,449880,472125,1649,1689,40,0,0,0
450066,b891f393-76ec-9622-1b10-a3b376fc46c1,64,448205,448231,450066,476037,1835,1861,26,0,0,0
450339,d9e8d803-a0a0-a5de-9647-6b0b6281d134,64,447812,447812,450339,463446,2527,2527,0,0,0,0
450978,0b8fb32e-b3a8-79c1-1982-902a1ec32371,64,449309,449315,450978,465891,1663,1669,6,0,0,0
451038,ddc68532-1ca6-73d0-f179-6ba1c0e2bbc5,64,448330,448375,451012,472918,2637,2682,45,0,0,0
451575,d528a363-9404-8dec-1d95-c1cc2c8b880d,64,448962,449009,451544,467028,2535,2582,47,0,0,0
451813,2c4520ff-8aa9-6347-3e1a-7d0cd5c721ab,64,448787,448812,451785,471917,2973,2998,25,0,0,0
452171,7be6f221-15b1-0e3f-78ba-ee8545652726,64,449633,449633,452171,470691,2538,2538,0,0,0,0
452571,ddff41b3-d2a9-138a-9c49-bfa3fa6d531e,64,448111,448111,452571,469028,4460,4460,0,0,0,0
452808,f2d2763a-71d3-c221-e2fa-9be48f90081a,64,448315,448315,452808,473087,4493,4493,0,0,0,0
453620,ab604467-0c86-c6d6-f6fc-01da219cfd54,64,450587,450587,453620,475359,3033,3033,0,0,0,0
453704,4f253e22-6d1d-e4ea-5e7a-2760ecfd5b22,64,449195,449195,453704,474548,4509,4509,0,0,0,0
453880,f9d806e6-d503-9207-936d-76808d5fb698,64,451300,451339,453880,471812,2541,2580,39,0,0,0
454371,342c18b8-a036-2af4-13de-c943035b892b,32,448949,448949,454371,468987,5422,5422,0,0,0,0
454792,61de46a7-dedd-b303-7b67-e7659b58c31b,32,449336,449375,454792,465255,5417,5456,39,0,0,0
455273,2c03205a-9add-5116-58ff-0db8560a7076,64,452302,452302,455273,470309,2971,2971,0,0,0,0
456242,f31feb00-149b-0e0e-7440-d6fe825cb50a,64,451880,453704,456242,476400,2538,4362,1824,0,0,0
456302,e98f5e32-076d-ab6a-c436-fee1b0dd2066,64,451760,451813,456258,472541,4445,4498,53,0,0,0
456302,3099e172-a72c-767c-9439-6e8e5a7c64f7,64,451753,451753,456274,467528,4521,4521,0,0,0,0
456816,db746990-5233-ff38-c0eb-32f4d026777a,64,451279,451279,456816,476564,5537,5537,0,0,0,0
456906,a39749ed-e6de-bc8d-8ac2-9fba9e00762d,64,452466,452488,456906,473604,4418,4440,22,0,0,0
457903,8ea55057-cf63-4dab-0a96-c4d479bbb192,64,452466,455273,457903,476571,2630,5437,2807,0,0,0
458384,f62af254-ca10-9911-5cd9-ff43ede8d96e,64,448752,448752,458384,462328,9632,9632,0,0,0,0
458444,a6b11089-e860-a8d3-e3e8-e24d122f3f2f,64,451526,451575,458392,464939,6817,6866,49,0,0,0
458504,87b6e5a8-22a0-b3ce-949d-235f45cda735,64,448481,448531,458481,475685,9950,10000,50,0,0,0
458769,b2c4b4fd-27d5-cf8f-2401-3bfe64c9ba3b,64,451108,451108,458769,478281,7661,7661,0,0,0,0
458829,9f3c25c2-39d7-01f8-b0f7-39f55e428f5c,64,452036,452036,458822,466682,6786,6786,0,0,0,0
459279,a46b4454-fd98-939a-0455-0590e547b69a,64,452381,452428,459279,474753,6851,6898,47,0,0,0
459339,83cb3ceb-cac9-d0d0-ea00-fa6dee86745c,64,449639,449693,459285,467158,9592,9646,54,0,0,0
459468,b7934184-5b44-2209-50e4-02ba3e744efc,64,451863,456816,459468,479292,2652,7605,4953,0,0,0
460056,4e66dace-ffb3-d002-1ef9-6a6c475efaee,64,448682,448682,460056,467594,11374,11374,0,0,0,0
460393,74a82041-4caf-b845-078f-f602988e4fc9,64,448504,448531,460393,481256,11862,11889,27,0,0,0
460453,ccd1b68b-19e1-f397-3f1e-f3b054751daa,64,450641,450647,460448,472786,9801,9807,6,0,0,0
461491,75d4292a-0531-3153-758d-85ffb619f999,64,448327,448375,461491,483453,13116,13164,48,0,0,0
463069,8a3854ac-49bc-0a66-dd83-8a8f074b92e4,64,448995,449009,463069,479551,14060,14074,14,0,0,0
463317,6a2b0e4b-d0d7-94ca-d962-f447edb3927f,32,450984,457903,463317,480834,5414,12333,6919,0,0,0
464264,d4a5983c-b1c5-5e8b-8350-e9aa26a693f5,64,451532,461491,464264,486800,2773,12732,9959,0,0,0
464340,894be010-3edc-eb45-8f1a-ab53539d05d1,64,448144,448171,464340,485589,16169,16196,27,0,0,0
464655,ba3f7b93-b629-3675-2c65-ed840c8690ea,64,447698,447698,464655,472756,16957,16957,0,0,0,0
464958,1632f37a-4436-c2c6-27cd-23959085f2f2,64,449200,449255,464958,477178,15703,15758,55,0,0,0
466439,8d60ddca-b6ac-9b1e-b27a-bcfd3f3beae0,64,448118,448171,466439,481979,18268,18321,53,0,0,0
466878,ef3f2721-a7a4-8ca8-f8bb-49bd08de6f7c,64,448471,448471,466878,481099,18407,18407,0,0,0,0
467665,5a7752e2-878a-e2d0-1724-b6eea70cb6c9,64,452368,456302,467665,478223,11363,15297,3934,0,0,0
468074,c3dddac4-8490-da95-dab2-c158fbbcf7b7,64,451289,458444,468074,481258,9630,16785,7155,0,0,0
468484,202ccf99-f6b8-3973-2a27-4777d1f47ee1,64,454026,460056,468484,484767,8428,14458,6030,0,0,0
469221,21dbe322-fa2d-3ea5-7852-ad9875f94383,64,448836,459468,469221,483714,9753,20385,10632,0,0,0
469487,e800ba50-3b33-e2ba-5fab-4fcd164269ba,64,451515,464958,469487,490622,4529,17972,13443,0,0,0
470829,7dd3ae2c-3d8b-8e49-dad9-7527afb343c3,64,453972,453972,470829,467012,16857,16857,0,0,0,0
472598,ab6f6749-3071-6811-9b78-0e89f3f21186,64,453369,463069,472598,488141,9529,19229,9700,0,0,0
473966,6ab93447-6fa4-3d14-7319-9276e3ea0372,64,450636,464340,473966,488803,9626,23330,13704,0,0,0
474880,02c35332-4f94-e812-4dbb-e7f18c26a4cb,64,448492,448531,474880,481579,26349,26388,39,0,0,0
475636,f75b6868-fb3c-fa2b-8b66-9b8412521a1b,64,451132,464264,475636,488268,11372,24504,13132,0,0,0
475756,2f35a992-ef13-1d2b-89af-e4f532d588db,64,449655,458769,475756,481585,16987,26101,9114,0,0,0
476241,e1891539-dd23-ac04-059e-31b45eeb2765,64,449650,459339,476241,483679,16902,26591,9689,0,0,0
477182,bbd1438a-f334-f515-0b5e-c1eccec0e2e1,64,450070,460453,477182,486041,16729,27112,10383,0,0,0
481604,19cf71ad-6e36-a64f-74f6-e18a31dc2aaf,64,451135,464655,481604,488909,16949,30469,13520,0,0,0
487408,95102bcc-ef1d-919e-00c5-c7a31ba99d17,64,484850,484850,487384,507832,2534,2534,0,0,0,0
488217,a28f4833-e599-1f0d-5635-73eb5f6f6b68,64,485680,485680,488217,502695,2537,2537,0,0,0,0
488745,1a18385e-cf55-b74b-91a3-f38b2d6b2542,64,486085,486097,488745,500628,2648,2660,12,0,0,0
488805,09b822d0-a202-56b0-0344-68ce40ba788a,64,484378,484378,488804,503456,4426,4426,0,0,0,0
489261,c0bf3d70-f563-5dd1-62ac-34779d931c4e,64,486269,486272,489248,502415,2976,2979,3,0,0,0
489822,6b94e5ca-a798-f297-579b-4899cebc6821,64,487190,487190,489822,500620,2632,2632,0,0,0,0
491658,e9e7e25a-2c80-1ca9-8810-d58cde9df62a,64,486217,486272,491658,506914,5386,5441,55,0,0,0
491718,a86399fd-e2c5-421c-741b-937824f220da,64,487256,487256,491691,500607,4435,4435,0,0,0,0
491888,7a3c2542-6abb-850c-ca29-2a3920b5a8d1,64,485038,485090,491888,507832,6798,6850,52,0,0,0
492022,07d073c1-cec7-9c2c-33d6-99fac23e5ca9,64,490356,490372,492022,508192,1650,1666,16,0,0,0
492742,2c782cbb-d39c-edfe-ea88-d03f9f4cdbea,32,484683,484683,492742,508976,8059,8059,0,0,0,0
492802,cf981bc6-a145-f2bd-26f0-3b86f77a1424,64,487348,487348,492754,506807,5406,5406,0,0,0,0
493572,6fdb005b-1cfc-d5f1-f20a-261df5767129,64,490706,490706,493572,506531,2866,2866,0,0,0,0
494343,d1048076-f2e6-8a9b-4da1-86d5c4448dd9,32,483830,483839,494343,512040,10504,10513,9,0,0,0
494421,034e02b2-a343-fda6-655b-bd963fe9f82c,32,484567,484567,494421,518404,9854,9854,0,0,0,0
494574,f2b71968-b8a6-63e2-f81a-3cdf878e0acf,32,489141,489141,494574,505799,5433,5433,0,0,0,0
494687,774ac618-4f93-ea38-b92f-493221a1f354,64,486212,486212,494687,508353,8475,8475,0,0,0,0
494855,dcfa4a20-2c76-9262-8a8b-0036f76e7394,64,485030,485030,494855,504907,9825,9825,0,0,0,0
495070,d824f591-916f-248a-ecde-724ca36538d1,64,485501,485501,495070,501108,9569,9569,0,0,0,0
495280,33334e4d-d1b9-9da6-2d20-7a722ad69eec,64,486844,486844,495280,504730,8436,8436,0,0,0,0
495804,a6dfc87f-a6c3-9058-bad5-e511918d9a31,64,486245,486272,495804,508587,9532,9559,27,0,0,0
495985,12df9afd-148c-48af-fb70-e8d41a1bdb5c,64,489156,489201,495985,503458,6784,6829,45,0,0,0
496799,38d95d60-9715-bfa5-4de3-d7fbf1d288ad,64,484176,484176,496799,509962,12623,12623,0,0,0,0
496901,8f22f83c-a375-8680-a52e-dd067b46bbd9,64,486079,486097,496901,518847,10804,10822,18,0,0,0
497006,f3581bf4-cf40-2c23-1437-a7880673dd77,64,483779,483779,497006,520775,13227,13227,0,0,0,0
498073,c9110eef-a3e5-4646-2c09-130558d092f8,64,489652,493572,498073,517317,4501,8421,3920,0,0,0
498784,6e027dd2-1974-f574-110d-94a46eee03dc,64,486037,486037,498784,508872,12747,12747,0,0,0,0
499379,1d2528ed-b85f-3c45-123a-de45c6661a47,64,489893,489942,499342,508662,9400,9449,49,0,0,0
499449,85000b7a-53e9-d696-547b-1eaefe4d4f25,64,489834,489882,499449,507361,9567,9615,48,0,0,0
499785,66659348-c780-1733-d5ad-0860b8c159a7,64,490196,490196,499785,508466,9589,9589,0,0,0,0
500451,bdd45e53-e354-409a-8c86-4a97d76c40b7,64,497918,497918,500451,520248,2533,2533,0,0,0,0
501172,6d6905d1-36d3-7a87-4bbd-f3e277694093,64,484225,484236,501172,499609,16936,16947,11,0,0,0
501232,36d54197-5796-54b4-f2f8-efba7e32c4fb,64,498670,498688,501223,524741,2535,2553,18,0,0,0
501485,d9b810dc-5509-ee3a-3f06-1f64515c1b2b,64,489922,494687,501485,519321,6798,11563,4765,0,0,0
501646,3cf1b6e7-f1c8-c4ec-1486-293e0d2530da,64,490312,494855,501646,520010,6791,11334,4543,0,0,0
501917,864d4f4b-c50e-9239-7513-54d049b30a3e,64,497382,497382,501872,522319,4490,4490,0,0,0,0
502108,fa31c4f1-5377-167b-de16-95aa6f634704,64,497618,497618,502108,513353,4490,4490,0,0,0,0
502332,c5274fed-8e33-9a17-e8fb-606ff8b119d7,64,489183,489822,502332,514748,12510,13149,639,0,0,0
503533,c0f03fa6-2043-28ca-b7f4-6c5e25a54fc3,32,498099,498133,503533,511367,5400,5434,34,0,0,0
504452,7a1f1b7e-4515-0f7b-d78b-f349ffadec14,64,501893,501917,504452,521343,2535,2559,24,0,0,0
504856,51a0b1f7-d74b-18fc-3fb6-f4043bc9284f,64,497949,497978,504856,525201,6878,6907,29,0,0,0
505094,bc34a403-e124-2c05-7af4-a8a418576b8c,64,498431,498482,505094,524765,6612,6663,51,0,0,0
505943,457d4e94-96d1-ccce-0f40-1ec28852161b,64,488997,488997,505943,505179,16946,16946,0,0,0,0
506508,8e659e67-ef4d-64bd-55b4-037bfe49b09b,64,498422,498422,506508,524963,8086,8086,0,0,0,0
506699,97c20d36-e2fc-1067-c7f1-646934c349c4,64,499871,499924,506699,518344,6775,6828,53,0,0,0
506863,6bef6d83-ebf7-4f6b-8ead-59cf617bedda,64,500053,500053,506863,523289,6810,6810,0,0,0,0
507280,5c010b36-c2ba-515a-db8a-c8fa21f87cef,64,502836,502836,507280,525881,4444,4444,0,0,0,0
507355,8e942b6b-5875-bcfc-472f-4c780557bef3,64,497788,497788,507355,524199,9567,9567,0,0,0,0
507670,ce2f3a9a-5229-e3b0-0d68-26f73ff37741,64,497839,497848,507670,517157,9822,9831,9,0,0,0
508046,a55da67f-cefd-3e0e-04ba-8d63b970769c,64,498092,502332,508046,529531,5714,9954,4240,0,0,0
508311,6860df84-7a66-28e9-3617-f5180f5224f1,64,489867,495280,508311,526258,13031,18444,5413,0,0,0
509501,a19e44fe-0217-c954-0875-b7c36108f9d7,64,498081,498133,509501,520388,11368,11420,52,0,0,0
509863,dde5972d-c9a1-9ef9-8aa4-47ea77dd8600,64,497544,497544,509863,528214,12319,12319,0,0,0,0
510335,754d4e32-2b84-348b-f7ed-218869b37304,64,504930,504930,510335,516214,5405,5405,0,0,0,0
510935,9f2af0ff-e57b-0f1c-8871-97ec57a918fd,64,498668,506508,510935,529761,4427,12267,7840,0,0,0
511357,91fcb327-767c-60c1-a764-e6996c65c8c9,64,498506,506863,511357,532198,4494,12851,8357,0,0,0
512111,33879a82-9ab4-4c1d-46de-84a67e81df3a,32,499319,506699,512111,529829,5412,12792,7380,0,0,0
512718,65c87dc4-2abd-e0c0-725b-e315101693ae,64,498955,507355,512718,534834,5363,13763,8400,0,0,0
513035,34f2b9fc-9800-8f42-f8fe-96ec164ec7fd,64,504972,504990,513035,511999,8045,8063,18,0,0,0
513424,e1c0d1a1-8891-4338-7176-5618c9635a8f,64,501905,506699,513424,531336,6725,11519,4794,0,0,0
514335,d01a092e-b00a-37af-9134-6227cf5ac26c,64,502931,502931,514335,525308,11404,11404,0,0,0,0
514828,e7fdeff1-88da-b80f-f25f-e11e32d0e50b,64,502191,508311,514828,539895,6517,12637,6120,0,0,0
516731,bcfdccca-51af-27bb-f8eb-83593e534051,64,499864,499864,516731,521628,16867,16867,0,0,0,0
517211,c5f0479b-04da-23e8-81dd-da149caa40dc,64,498675,507670,517211,534955,9541,18536,8995,0,0,0
517871,61483331-d21e-625b-1c0c-eded25608169,64,500984,500984,517871,515225,16887,16887,0,0,0,0
518725,df255750-d423-f6e8-277f-3140f8acf04f,64,501857,501857,518725,518640,16868,16868,0,0,0,0
524145,e33cd384-5ac7-dbf6-eadb-576687d8c006,64,498628,507280,524145,533166,16865,25517,8652,0,0,0
524896,ea0275ca-6a9c-3df6-5361-dd260789ae9b,64,500769,508046,524896,539605,16850,24127,7277,0,0,0
528339,0b719fce-4457-dc37-9958-b5d9bee20b3c,64,527507,527507,528294,539455,787,787,0,0,0,0
528531,79b190be-9061-1935-8e05-68f5dff6ed66,64,527689,527730,528529,546408,799,840,41,0,0,0
528659,6756f5d2-ee1e-1201-a4f9-49407149548d,64,527423,527423,528645,541735,1222,1222,0,0,0,0
528779,5baa9078-3c18-c539-962a-7a0fa444f583,64,527288,527292,528738,544855,1446,1450,4,0,0,0
529019,16608380-5169-7823-169e-ad19cd1624ed,64,528105,528160,528960,540033,800,855,55,0,0,0
529289,882a2c77-73da-5d0d-0501-60f6bfa044f6,64,528411,528411,529231,541388,820,820,0,0,0,0
530055,549cb49a-7682-b8e0-adbd-26933cdae024,64,528825,528839,530055,542209,1216,1230,14,0,0,0
530295,0f052021-7be3-d3da-4f19-de7bad0d91b7,32,527670,527670,530269,535682,2599,2599,0,0,0,0
530355,8a7913b3-d7b2-facc-bebf-82f409cdc8c3,64,528116,528160,530303,536849,2143,2187,44,0,0,0
530600,0f453fb4-8bd4-5e85-19a8-fde2d233054b,64,528450,528471,530600,534724,2129,2150,21,0,0,0
530780,b342d154-00f0-9c73-b252-070292db8256,64,529955,529955,530747,539132,792,792,0,0,0,0
531460,f991f9b0-d20d-329e-536d-afabd3eb64de,64,530222,530235,531460,541562,1225,1238,13,0,0,0
531769,82929dd1-fd18-c76a-b565-9ebe18688d14,64,528522,528531,531769,541624,3238,3247,9,0,0,0
531889,3a1938c0-62f4-e0cb-f640-468fc5d89194,64,528279,528279,531840,542959,3561,3561,0,0,0,0
532009,83e9f45e-b05d-6ea7-6222-eee7e0b1df76,64,527232,527232,531976,537668,4744,4744,0,0,0,0
532009,dacb75a7-31f9-f63a-5b6c-af6893c96652,32,529398,529409,532005,536745,2596,2607,11,0,0,0
532223,22d5a407-0571-c52f-8529-9e8c590f30c7,64,528105,528160,532177,541132,4017,4072,55,0,0,0
532223,6d7510cb-849c-7276-8efe-244b2c123297,64,529169,529169,532177,542601,3008,3008,0,0,0,0
532479,77a86732-1bae-c799-6ad9-c676da09f4db,64,528301,528339,532431,541911,4092,4130,38,0,0,0
532763,2fe26b71-cdeb-290b-bf49-106df51383e4,64,528100,528100,532739,538452,4639,4639,0,0,0,0
532763,415dbe79-2a95-810d-6c2c-3cf124487adc,64,528599,528599,532743,543330,4144,4144,0,0,0,0
532823,f4e7b21f-1d65-0b22-f919-410ed899e84e,64,530211,530235,532802,537746,2567,2591,24,0,0,0
533003,ccaef34d-02bb-64a0-61c1-d415f0949ce2,64,529485,532009,532975,543887,966,3490,2524,0,0,0
533252,6d8f21cb-7688-40cf-4208-4d86f6a478d7,64,527684,527730,533213,537355,5483,5529,46,0,0,0
533252,0c981451-054e-528e-8e1b-b75f0d053afe,64,530621,530660,533246,541389,2586,2625,39,0,0,0
533312,4cf25908-84b1-f74a-ea76-818f7d56ef82,64,528690,528719,533285,534883,4566,4595,29,0,0,0
533312,d421af64-7c67-1780-53df-9c5af62c8e93,64,532015,532069,533286,543396,1217,1271,54,0,0,0
533670,99021a00-204d-3862-6332-72489b7006b1,64,528865,528899,533662,539801,4763,4797,34,0,0,0
533790,5c14a0cd-4389-69d7-fcde-df340e314a68,64,529173,529229,533783,540486,4554,4610,56,0,0,0
533869,d247c7f4-e3d6-b60f-5019-e4e16845d2ea,32,531276,531276,533869,541045,2593,2593,0,0,0,0
533989,38b36b90-d546-08ec-75fc-8d616cb3c196,64,529187,529229,533942,539685,4713,4755,42,0,0,0
533989,5f128a08-d063-931e-658d-e592e763a87e,64,529321,529349,533943,543261,4594,4622,28,0,0,0
534557,0bb45f45-e895-c032-02d9-3e9d43fb118b,64,530072,533003,534557,544955,1554,4485,2931,0,0,0
534617,4210e060-7f87-00d0-3c6b-2aa8ba2d7b7f,64,531803,533312,534571,545471,1259,2768,1509,0,0,0
534922,2233cd3a-407d-698c-429d-ef92b5ae7dd7,64,530155,530175,534922,542507,4747,4767,20,0,0,0
534984,f85ab15f-6d4d-246b-c86c-c009b540d465,64,530201,532823,534984,544402,2161,4783,2622,0,0,0
535044,399b4377-11d8-4aba-9b6f-b92692c6c387,64,532419,532419,534996,541061,2577,2577,0,0,0,0
535472,b91a0973-bed5-8614-8190-7f48b893f355,64,530219,534617,535472,546074,855,5253,4398,0,0,0
535719,0b2414b5-8848-da41-b0f8-8f247da441d9,32,533132,533132,535719,542522,2587,2587,0,0,0,0
535846,a8c8bb1c-12af-8b37-0e5d-19e66dd5095f,64,527532,527567,535809,544370,8242,8277,35,0,0,0
536780,3c1f10f6-5f31-5fb1-ac7c-ae18b22bfe2d,64,533139,535044,536780,546968,1736,3641,1905,0,0,0
536915,d2ea6f62-a938-be4d-4132-9c17af76a7dc,64,531611,533670,536915,545495,3245,5304,2059,0,0,0
536975,872cdb90-17f1-da8a-dde3-35de727434b6,64,529261,532223,536932,544118,4709,7671,2962,0,0,0
537098,25a5d495-4f40-8f48-713e-de2d82d72701,64,530691,534984,537098,546733,2114,6407,4293,0,0,0
537158,15d2c156-7b50-b91c-ee84-820e3ce798b4,64,530767,534557,537117,545881,2560,6350,3790,0,0,0
537231,2a7dbb69-6da6-eadc-883b-91dfb2da3c7e,64,529395,533989,537231,545803,3242,7836,4594,0,0,0
537340,2f7ba79a-a154-3e75-541c-f8666815b921,64,532752,532763,537340,540669,4577,4588,11,0,0,0
537529,2c59a6d3-ada4-5655-24ab-79713bc3fe10,64,529452,529469,537529,538207,8060,8077,17,0,0,0
537918,fbcae4bd-fab3-03b2-d324-20515f259ac8,64,530145,533252,537918,544971,4666,7773,3107,0,0,0
538014,78b56e25-c276-b600-4ca6-51e314b898a6,64,530122,535846,538014,547757,2168,7892,5724,0,0,0
538429,16f9acdb-3f57-3d3c-16be-318221d135e8,64,528105,528160,538393,545541,10233,10288,55,0,0,0
538489,aa9277d3-bbb2-dacf-c25f-681111bd3e05,64,528530,528531,538432,547043,9901,9902,1,0,0,0
538489,2d9ea4c9-edc4-dacf-9cd0-a64f35d9d30d,64,528897,533869,538433,545646,4564,9536,4972,0,0,0
538829,0ba8d057-b04d-449c-23b1-d6e3c95605c1,64,531048,537158,538829,548962,1671,7781,6110,0,0,0
539173,92c44a1d-a6c6-f207-9e95-2a360428030b,64,532727,537529,539173,550743,1644,6446,4802,0,0,0
539483,c3fec06f-30b1-f6dc-e4d4-6ccac5cae640,64,532185,536915,539483,548117,2568,7298,4730,0,0,0
540547,a1ea2803-35a6-2d33-2494-1c4a19b06d38,64,533672,538014,540547,552598,2533,6875,4342,0,0,0
541385,3faee784-6510-502f-8c4a-5142795f7af1,64,530058,533312,541385,545320,8073,11327,3254,0,0,0
541474,74fedd1d-f8f1-154e-c1f3-7e6912391330,64,532786,536975,541474,548403,4499,8688,4189,0,0,0
541898,63a35c55-727c-3787-2e7c-b5c6afa3a25d,64,531917,537340,541898,549342,4558,9981,5423,0,0,0
542577,f0558a1e-e05a-1f90-319f-1e9db4410ad2,64,533349,537918,542577,551354,4659,9228,4569,0,0,0
542637,71b09fb0-e41e-7802-432c-b24e64dc75ab,64,530463,537098,542631,548803,5533,12168,6635,0,0,0
542971,9993fa0d-773b-034d-a872-1ec22f291438,64,528938,534922,542971,546210,8049,14033,5984,0,0,0
543326,4260d30d-84f6-f046-a8b3-83a1ef614640,64,537030,538829,543326,555974,4497,6296,1799,0,0,0
543702,9b0ba03f-b257-7364-e024-22df68e55a64,64,531508,539173,543702,556097,4529,12194,7665,0,0,0
543863,7065c1c9-1088-f81c-8f46-e5a4d585c06b,64,531946,538489,543863,554120,5374,11917,6543,0,0,0
543923,c5d5a790-5312-b9fc-bc91-1754b6f93a89,64,532703,538489,543871,554217,5382,11168,5786,0,0,0
545274,0789afa9-8782-34e2-06e9-b9c9a1a4da1f,64,530903,533989,545274,545851,11285,14371,3086,0,0,0
545334,cf3b1fb7-fb1d-800f-7029-bb3da517c8bd,64,532163,537231,545296,548984,8065,13133,5068,0,0,0
545969,ff36037f-d4f7-7b62-c673-a2012eb54750,32,538369,540547,545969,557196,5422,7600,2178,0,0,0
546502,51bc4460-6f21-690b-e683-360cc8c2f3ff,64,535486,543863,546502,567713,2639,11016,8377,0,0,0
546768,67974aba-d1bf-f88a-70fd-7d6c1a7c05de,64,534020,541385,546768,559154,5383,12748,7365,0,0,0
546839,20ac8aa0-728f-6939-1559-e5702d08e83f,64,533610,541474,546839,560266,5365,13229,7864,0,0,0
546899,215c6b11-4f16-ce3c-924c-28f3e777f8c9,64,533763,538429,546887,552660,8458,13124,4666,0,0,0
548126,074a1822-880d-99f0-fe21-d20dc5a6e6fa,64,537787,543702,548126,566680,4424,10339,5915,0,0,0
548186,0159b0af-c087-46ff-e2bf-2e1b68d89a8e,64,529402,536780,548148,548051,11368,18746,7378,0,0,0
548246,ea1c3946-4afe-4484-11ca-cd0e03767699,64,533157,545274,548241,571199,2967,15084,12117,0,0,0
548737,e855e04e-e1e9-f6e0-9705-bf286f36d95f,32,533891,543326,548737,564751,5411,14846,9435,0,0,0
549306,350e4e2b-41f9-b2f4-2902-a8c0a87f52f8,64,531967,543923,549306,570279,5383,17339,11956,0,0,0
549469,5bda4050-0813-704f-0644-755aaff0b02c,64,533787,546502,549469,571752,2967,15682,12715,0,0,0
550227,03fc603f-fb96-6c76-3db0-3811e7749e01,64,535786,540547,550227,558632,9680,14441,4761,0,0,0
550375,664e7cc0-55f4-02fc-510d-27ab68760a5e,64,532453,541898,550375,560972,8477,17922,9445,0,0,0
551198,38e6337b-5c62-c6ba-4d1e-8ebc3aa7c546,64,539561,546768,551198,577805,4430,11637,7207,0,0,0
551376,9210b4ed-a3f1-d37e-e27a-f56b036f9dd5,32,536145,545969,551376,571546,5407,15231,9824,0,0,0
552144,cfc38f24-dcfe-d4a2-6dae-7ac6481eb6e2,64,532884,542577,552144,561686,9567,19260,9693,0,0,0
552204,beea1f17-fee9-5e31-304b-1326f0f74717,64,533733,545334,552152,571256,6818,18419,11601,0,0,0
552264,6c580330-bec9-7afe-9eb2-839646e94d1d,64,531958,542637,552253,562180,9616,20295,10679,0,0,0
556351,e78cd3ef-242f-23d9-fdb0-1a3075cbae63,64,534392,539483,556351,556873,16868,21959,5091,0,0,0
559820,fc436a08-5d48-44c2-462d-ec02435b259e,64,532832,542971,559820,562977,16849,26988,10139,0,0,0
569258,e391501b-f74d-4785-327a-bab53eb2e711,64,566696,566728,569258,591924,2530,2562,32,0,0,0
569318,89ec5c63-0411-318a-e6ea-6688d490c48f,64,566668,566668,569311,588524,2643,2643,0,0,0,0
569561,762d16f7-c583-1198-40ed-7f06779f1a3f,64,566589,566589,569561,586147,2972,2972,0,0,0,0
576530,1bf780a2-6fb7-0b9a-301b-f82b2c7a059f,64,566725,566728,576530,589176,9802,9805,3,0,0,0
583276,a6c05b61-15b4-d3d9-0734-9168d8128727,64,581622,581625,583276,605746,1651,1654,3,0,0,0
583493,bfbf6e07-b62d-e7d2-5cfe-4e77577118f8,64,580948,580948,583493,594926,2545,2545,0,0,0,0
583555,81321d3c-bbc2-2ac9-c894-1f4b90595b1f,64,580591,580591,583555,606794,2964,2964,0,0,0,0
583757,012bd319-5f3e-0b3b-1e38-8e96e27696f2,64,581068,581068,583708,601735,2640,2640,0,0,0,0
583817,7ef5ea21-e417-7ad2-9f1a-c758fbf024e5,64,580265,580277,583767,608575,3490,3502,12,0,0,0
584782,a4b0ef52-00db-321d-5af2-01cab36e38c1,64,580262,580277,584782,596152,4505,4520,15,0,0,0
585326,e5aa9e92-e5f0-a580-51b5-e134f3af12cb,64,582659,582659,585296,601239,2637,2637,0,0,0,0
585645,2f8ec86d-8fd3-9d4b-a653-42d74697fcec,64,581161,581188,585645,603236,4457,4484,27,0,0,0
585765,d27ad3ae-3060-66ec-134d-d92616cbb5fb,64,580289,580337,585765,598956,5428,5476,48,0,0,0
587400,b4d9783f-934a-8668-f29e-c9f7367afe18,64,584415,584415,587400,603712,2985,2985,0,0,0,0
587520,b95e9013-e458-6475-9135-f5a34815071f,64,584838,584842,587483,598691,2641,2645,4,0,0,0
587520,daeb2f8c-df5b-a827-9d97-ec6017c5b05e,64,583019,583019,587518,599887,4499,4499,0,0,0,0
587811,77d27b4e-d8df-1c40-7a00-36cd3b8818dd,64,580439,580497,587811,608043,7314,7372,58,0,0,0
588187,b5c40b3a-950c-43cc-32ec-a9ce90cc4544,64,583697,583697,588187,599374,4490,4490,0,0,0,0
588507,c8224504-e5b3-f52d-d6c0-d9a497d6768a,64,581703,581703,588507,596619,6804,6804,0,0,0,0
588948,6d2c0242-1dac-a37f-58c0-99b3e201f732,64,583375,583493,588948,608528,5455,5573,118,0,0,0
589008,d90aa8a8-1e94-ac04-ce12-f63da7523cda,64,585992,585992,588965,601671,2973,2973,0,0,0,0
589163,e9150f11-389c-4502-b305-506eeee253de,64,582371,582371,589163,604432,6792,6792,0,0,0,0
589868,7b4f61fe-8c5d-a44e-4001-d48627a12cf6,64,585392,585446,589868,598503,4422,4476,54,0,0,0
590372,9422b76f-159d-87c1-d46b-4ded8da01716,64,586142,587520,590372,609120,2852,4230,1378,0,0,0
590912,d04bab10-320a-9342-ffda-02b7382d0fd1,64,580272,580277,590912,610657,10635,10640,5,0,0,0
592144,c62d7197-5013-f060-fe0a-ec635db05831,64,580759,580759,592144,601019,11385,11385,0,0,0,0
592558,a114e18c-f8bb-9fdc-57fc-aa4ce9ee6a82,64,581147,581188,592558,602174,11370,11411,41,0,0,0
593656,07003242-9ec1-32bf-cc71-82ad092eeacf,64,582272,582272,593656,601552,11384,11384,0,0,0,0
593915,558c1ce4-e1fe-429a-93a2-cd4592e30e43,64,580265,580277,593915,612046,13638,13650,12,0,0,0
594568,ff45e8d6-cf60-bf33-b74a-475baf134fa4,64,584551,589163,594568,610164,5405,10017,4612,0,0,0
594864,f9cbe017-16d5-b95a-43ae-c82315cae230,64,585266,585266,594864,606177,9598,9598,0,0,0,0
594928,e3578a19-5c4d-5632-4021-4b18c1fd61b1,64,581563,581565,594928,609948,13363,13365,2,0,0,0
597105,ad415cd1-9310-3db4-a1da-c864c69e7392,64,580069,580093,597105,601980,17012,17036,24,0,0,0
597165,74156df5-c6f1-072d-1c44-cc69f79247d5,64,587610,587610,597129,606164,9519,9519,0,0,0,0
597251,5a623db5-d96a-9d11-dd3a-59e624db200e,64,586536,587400,597251,608269,9851,10715,864,0,0,0
597330,3dddb482-fbe4-fc4f-0eeb-eb2df2253989,64,580886,580886,597330,613645,16444,16444,0,0,0,0
597426,03e3c726-ddab-fdc5-f353-b84111d8c28e,64,580191,580217,597426,612717,17209,17235,26,0,0,0
597775,b0791844-50a7-c10d-b844-4aa797965645,64,581095,581128,597775,612830,16647,16680,33,0,0,0
598069,8b827558-79bf-2209-cc06-3202ff3235f4,64,584894,588507,598069,609803,9562,13175,3613,0,0,0
598181,07088480-f5a0-f4aa-dbed-65bb5e49c43c,64,581062,581068,598181,609434,17113,17119,6,0,0,0
598619,67945bb6-2c20-c92f-27f9-31d0c85942bf,64,584524,589008,598619,610085,9611,14095,4484,0,0,0
599005,a1b24cbf-2ee0-c24f-98dd-a8759e371178,64,583097,594568,599005,612829,4437,15908,11471,0,0,0
599377,b530f2ce-a39e-8de6-32d5-6c47ca58f853,64,582473,582473,599377,602060,16904,16904,0,0,0,0
599437,87782f52-c231-dd0c-25f2-0be3809a8815,64,583119,589868,599436,610397,9568,16317,6749,0,0,0
599573,1a94a8f6-8cc4-65aa-dbc6-a5c1bf51fa28,64,580310,580337,599573,615190,19236,19263,27,0,0,0
599709,36392df8-a757-0204-ab99-6cd1fda091e1,64,587443,598069,599709,616218,1640,12266,10626,0,0,0
599769,f9730031-45b6-fb0c-8b6e-bee067677791,64,584424,597105,599759,613820,2654,15335,12681,0,0,0
599963,9acd427e-8a06-9837-8223-b53f3eb507dc,64,585666,597426,599963,615245,2537,14297,11760,0,0,0
600089,6100438f-5711-ee8a-17e6-3b5dca15a859,64,581022,581068,600089,611390,19021,19067,46,0,0,0
600814,beb8948b-b721-ad07-70ae-ad920d2d7b44,64,583855,583877,600814,606679,16937,16959,22,0,0,0
600874,2c404c35-e45c-f92c-8095-2890d0af9ab8,64,583758,598181,600817,616506,2636,17059,14423,0,0,0
602313,75463b4f-5d36-f436-e4f6-ec3afecab16f,64,584867,599769,602313,620670,2544,17446,14902,0,0,0
603044,32ab5afb-d127-d69a-d04f-892144fa6821,64,581078,581128,603044,611700,21916,21966,50,0,0,0
603148,a727f16c-7c92-4d74-9b5a-ea0502e68afc,64,580157,580157,603148,617972,22991,22991,0,0,0,0
603430,a70dddd4-d4bc-909b-2efe-6e00d7d92589,64,583059,599005,603430,617657,4425,20371,15946,0,0,0
603490,ef847ba2-5f76-1b36-47ec-1803f06310a5,64,584926,593656,603465,612126,9809,18539,8730,0,0,0
603811,aa6df127-ca39-18fc-efbc-eeb70352c299,64,586816,599377,603811,617706,4434,16995,12561,0,0,0
603876,8c660e9e-c531-f613-c9b5-225cdb811b42,64,586294,599437,603876,617896,4439,17582,13143,0,0,0
604041,89b06591-baab-2277-901b-1fe63636beb6,64,586533,597251,604041,614299,6790,17508,10718,0,0,0
604425,b8e3bf8f-ed8e-a1d5-e933-1d67406b3729,32,581505,599005,604425,617245,5420,22920,17500,0,0,0
606697,c2db4463-b1df-f5dd-85cc-9a69204c382c,64,580437,580437,606697,616128,26260,26260,0,0,0,0
606757,991f45ce-6d84-226c-9f19-44b573598fa1,64,585385,599963,606710,621329,6747,21325,14578,0,0,0
607542,da7db048-d0b4-4603-868e-d6f5e5bf00e2,64,580033,580033,607542,613829,27509,27509,0,0,0,0
609514,1a51b097-0423-fd5c-934d-2e98a07c547d,64,580963,599709,609514,619707,9805,28551,18746,0,0,0
609777,74848ddb-3d89-af7c-52f6-97e167ce71f2,64,585288,600089,609777,621655,9688,24489,14801,0,0,0
609875,35c30540-bcdd-ec1a-dbe4-9763b29b5a68,64,608450,608450,609875,620465,1425,1425,0,0,0,0
610022,6fbe2e28-3be7-ff97-a301-becf5390001a,64,585794,598619,610022,616624,11403,24228,12825,0,0,0
611513,492f40b0-51fa-5eee-acfa-668c09195da7,64,610246,610246,611503,621267,1257,1257,0,0,0,0
611573,bc78b83e-213d-a461-723a-40aa2ee7ed5e,32,608944,608979,611569,616340,2590,2625,35,0,0,0
612881,e9de7ebc-b7f8-b09f-8039-a8dc627e4d70,64,608852,608859,612881,619856,4022,4029,7,0,0,0
612970,54e4dac4-2552-f0b7-1187-1bb1033f7db7,64,610400,610400,612970,619940,2570,2570,0,0,0,0
613229,d9e58b4e-46d7-d803-db7b-c77a28d59f7e,64,608451,608510,613229,624025,4719,4778,59,0,0,0
613391,7dd06143-9310-0ed7-4284-a8f068712952,64,611284,611284,613391,618975,2107,2107,0,0,0,0
613474,b47fcfc0-9501-8009-a114-3babc573feae,64,612207,612218,613474,625164,1256,1267,11,0,0,0
613542,9812e06b-a1d5-c786-78c4-5eabf2d3ad3f,64,612232,612278,613542,619032,1264,1310,46,0,0,0
613751,70462f10-0d0d-70c8-bffe-02676e457639,64,611034,611034,613751,625852,2717,2717,0,0,0,0
614192,9a910a88-453c-20a5-e05a-afc8fb50f1ca,64,608799,608799,614192,620724,5393,5393,0,0,0,0
614253,eebbd54d-e78d-1007-7e88-e2af2f970fe2,64,612040,612098,614253,623742,2155,2213,58,0,0,0
614313,8bb7bce6-65e1-e026-7115-c40be76b4f6b,64,611660,611693,614270,625381,2577,2610,33,0,0,0
614313,7201fdab-7277-c253-567c-45cd6d1dd453,32,611663,611693,614287,623772,2594,2624,30,0,0,0
614433,9a2a6d77-6521-7e2a-8afc-7724cf4c1bca,64,608861,608919,614382,618839,5463,5521,58,0,0,0
614493,73129783-eb81-81b0-23ba-12d83920d788,64,610467,610467,614471,625865,4004,4004,0,0,0,0
615035,601f41d4-5798-87dd-d7d0-87ccf3842faf,64,612197,613391,615035,626205,1644,2838,1194,0,0,0
615711,8b8080a8-8446-5d0a-8855-a88dadec0061,64,611663,611693,615711,619333,4018,4048,30,0,0,0
615771,9a28619a-0cea-f06a-545f-a09fd750d637,64,612334,614493,615756,629985,1263,3422,2159,0,0,0
616090,a4e97a0a-3753-5b34-fbdf-51e81a267c82,64,612038,612038,616090,625734,4052,4052,0,0,0,0
616238,34117a83-3297-a040-85a5-caf6ced63da4,64,611673,611693,616238,621299,4545,4565,20,0,0,0
616298,25fe1206-1ba3-d808-fd01-85abad519f3b,64,611179,611179,616266,628591,5087,5087,0,0,0,0
616619,eee5fb2f-f48b-b919-23a3-063dc5700d0a,64,611077,611094,616578,618100,5484,5501,17,0,0,0
616679,b498b950-5ab7-28c7-05ca-6795a7bfe5f0,64,612087,612098,616675,621939,4577,4588,11,0,0,0
617078,b990ef4b-7866-87a1-e298-72df0260a4fb,32,611581,611633,617078,624809,5445,5497,52,0,0,0
617195,7987fac9-9a32-f3b6-eda5-00ffa93efdc8,64,615982,615982,617195,622193,1213,1213,0,0,0,0
617344,4d600c27-91e9-c5f4-c13b-50469b9bdcee,64,612046,615771,617305,630197,1534,5259,3725,0,0,0
617635,ad74135b-60c8-bf8d-da04-17d9fe78109c,64,609280,609280,617635,627123,8355,8355,0,0,0,0
617951,820151e6-9c3f-d1c4-51c6-5e2778527019,32,610779,610779,617951,626581,7172,7172,0,0,0,0
618581,68386d90-c2fb-8cec-a687-64e2f9b8bed5,64,611724,611753,618579,626504,6826,6855,29,0,0,0
618733,1a438363-b7fb-0125-4b51-2960d47a2ce6,64,612626,614192,618733,627717,4541,6107,1566,0,0,0
618853,bbd3779d-e641-cac4-3249-d58bff44ff0c,64,611453,611453,618843,629601,7390,7390,0,0,0,0
619441,9a6b8688-3f69-1743-d114-8a1a3fe0986c,64,617284,617284,619441,628096,2157,2157,0,0,0,0
619501,14c4bb3f-871c-6300-18c8-76e0419bba75,64,617293,617344,619461,625516,2117,2168,51,0,0,0
620085,64f2bee2-3d9a-64aa-f4eb-274d97cbd435,64,610498,610527,620085,626509,9558,9587,29,0,0,0
620225,dd1e072c-b7c8-1f98-8584-4230a878c90f,64,615504,615504,620185,629381,4681,4681,0,0,0,0
620658,eb15b5e3-4888-bb3c-0205-553fcb5f0dc4,64,618521,618521,620658,632456,2137,2137,0,0,0,0
620718,bcfc0df7-17ad-3daf-05ea-b96dc58b7bde,64,618106,618106,620670,629594,2564,2564,0,0,0,0
620914,8a0c8aad-f454-c94f-48b9-d1729abe5c7f,64,619633,619649,620901,630859,1252,1268,16,0,0,0
621078,3c36cd6c-ab5c-effb-b68a-3f13a04ca10a,64,612422,614313,621078,629278,6765,8656,1891,0,0,0
621330,79a53420-faf2-3bde-72fc-1f070458dabc,64,612581,613229,621330,625881,8101,8749,648,0,0,0
621443,ed181e87-fe66-cec3-0f07-46fc06d2c0e6,32,618748,618853,621443,634507,2590,2695,105,0,0,0
621813,b3442432-12dd-2c00-5d05-89681958b5dd,32,615504,616298,621813,633538,5515,6309,794,0,0,0
621873,b7f78427-213b-17d7-c035-1a77a8fe9f40,64,618553,618581,621814,631490,3233,3261,28,0,0,0
622227,f2e36af1-7073-2a8c-b924-6a246e0985ac,64,616772,616820,622227,633207,5407,5455,48,0,0,0
623143,266846b6-712a-bb95-dc8b-6f3540a1a087,64,620983,620983,623143,638038,2160,2160,0,0,0,0
623432,80aba730-c164-2f75-2fa7-6e13e4b782c5,64,620794,620794,623432,633849,2638,2638,0,0,0,0
624081,59bc0f55-e34c-65fb-ff3b-7254a0b7d9ca,64,618624,618641,624081,628940,5440,5457,17,0,0,0
624302,2033d6d5-b256-b1b7-1d83-c0bfe277a39f,64,615401,621330,624302,639304,2972,8901,5929,0,0,0
624362,5ddd0392-2d1e-b9ed-1c70-7d52273d83a3,64,614768,614768,624332,628221,9564,9564,0,0,0,0
624814,0fcb5b52-1da8-075e-6666-63a04ecad402,64,616760,622227,624814,641026,2587,8054,5467,0,0,0
624902,f735f353-3e62-8996-30e2-f20a28a550f4,64,616789,616820,624902,626257,8082,8113,31,0,0,0
625309,28c63e84-fc64-6e22-fcae-7266378ef4ec,64,616559,616679,625309,638373,8630,8750,120,0,0,0
625790,e9147286-9569-c33e-4667-4772974efecc,64,612125,616238,625790,633473,9552,13665,4113,0,0,0
625850,d7b243c7-debd-5a4a-d139-591c943362b4,64,614689,623143,625803,641045,2660,11114,8454,0,0,0
626342,b77909d9-b4fe-62a3-58be-e7af3cadbcb2,64,611948,616619,626342,635345,9723,14394,4671,0,0,0
626481,b06407aa-d843-136e-a292-2844180814d2,64,620589,624814,626481,643929,1667,5892,4225,0,0,0
626764,a6e68db8-d9d9-bd7d-c8ea-687b5fa1c4f4,32,612255,621330,626764,638674,5434,14509,9075,0,0,0
627073,b361c3b8-9e4d-7d9e-aeaf-a2b78f0f04cb,64,620231,620285,627073,634037,6788,6842,54,0,0,0
627420,e5426cc3-227a-92ea-a506-eb5d7e63b27a,64,619302,620225,627420,636714,7195,8118,923,0,0,0
627626,b9ff1d9e-e9cd-2115-0946-6957e47f763e,64,611849,616298,627626,635255,11328,15777,4449,0,0,0
628227,f64b05ff-744d-8a55-bb76-e11bed570211,64,616798,616820,628227,633820,11407,11429,22,0,0,0
628351,3924b336-574f-661a-7ba9-6b0763dc8020,64,612187,625309,628351,644188,3042,16164,13122,0,0,0
628587,097a4e0b-54df-39a9-3136-a86560f34f17,64,620439,624081,628587,643192,4506,8148,3642,0,0,0
628647,d557c694-3340-25a4-5677-2d375bdfcd2d,64,616674,621873,628589,640563,6716,11915,5199,0,0,0
629276,623088b1-ffbb-aac8-ea3d-9a351d03b82e,64,618791,627626,629276,647607,1650,10485,8835,0,0,0
629345,827dbc19-39f7-ce55-6969-2de09af2be57,64,616851,626342,629345,646718,3003,12494,9491,0,0,0
630762,8bedc652-853d-9926-3852-c96ba1a84f12,64,616126,628227,630762,647747,2535,14636,12101,0,0,0
631319,159ec49b-f221-e6a0-f447-9e31d7f27ae8,64,611860,628351,631319,648627,2968,19459,16491,0,0,0
631399,d07a709a-18dd-ec6a-08ba-abc5305eeeac,64,612183,621813,631399,640481,9586,19216,9630,0,0,0
631861,be58d502-ac37-f5e4-4e35-e0d65cbc957e,64,612479,627420,631861,647391,4441,19382,14941,0,0,0
631921,c5644572-bbb3-b873-35c2-1b56dfc16171,64,614330,629276,631913,652307,2637,17583,14946,0,0,0
632532,ad26a378-9ae1-f323-dca2-25a4050e5021,64,620589,625850,632532,644820,6682,11943,5261,0,0,0
633177,661ccedc-ce08-678a-12fa-22f6378c2ef7,64,609391,609435,633177,644701,23742,23786,44,0,0,0
633881,70ba8622-b535-1685-0448-3e20318eeb02,64,621229,624302,633881,643499,9579,12652,3073,0,0,0
633941,0f918f7c-450c-e9af-16b9-c96c096949b1,64,620827,624362,633902,643854,9540,13075,3535,0,0,0
634711,bf7e5bd4-68ce-acdf-1082-26b80104a086,64,619844,623432,634711,643038,11279,14867,3588,0,0,0
636260,7b3826d6-ac21-d2a4-3b18-39b133da3a2c,64,636118,636118,636260,637287,142,142,0,0,0,0
636320,0d337b3d-0fa5-d604-f15d-7f63e92d69cc,64,636118,636118,636286,637003,168,168,0,0,0,0
636380,be6d5063-0c06-49f0-eacc-2cba91f37f2d,64,636118,636118,636327,637930,209,209,0,0,0,0
636380,f8708da5-e6c6-38f7-60aa-39a42996e866,64,636120,636178,636349,638627,171,229,58,0,0,0
636380,06f310e4-9e67-b132-859c-ee23ec56f591,64,636118,636118,636366,637606,248,248,0,0,0,0
636380,deab8c66-99b7-e001-7558-45fc18107c54,64,636120,636178,636367,637747,189,247,58,0,0,0
636574,9bf52479-2fab-3ec3-a1b1-4844a02ea041,64,636120,636178,636574,638116,396,454,58,0,0,0
636694,3e4bbc48-61c4-e193-a342-ce849701504f,64,636119,636178,636694,638223,516,575,59,0,0,0
636754,efff8e7d-7c03-0c5c-aad2-7fdf3e7de11e,64,636125,636178,636710,637800,532,585,53,0,0,0
636814,8d244889-1029-0b3b-f3ac-adc9ed40cf1d,64,636119,636178,636774,637689,596,655,59,0,0,0
636814,217412f4-68bf-bbd1-d70b-84e1769a8d01,64,636119,636178,636807,637959,629,688,59,0,0,0
636874,4e65d58b-de68-edaa-8273-1999e62a01a4,64,621545,627073,636864,647245,9791,15319,5528,0,0,0
636934,93f4be74-1e8f-0aa3-cab8-31f6fbf23f67,64,636123,636178,636932,637108,754,809,55,0,0,0
637489,4f59e29b-56fc-cd73-1a75-7fd0cf052a0e,32,620165,631861,637489,655777,5628,17324,11696,0,0,0
638276,ac8180f3-8412-16d6-78f0-8676758bc206,64,618848,628647,638276,650680,9629,19428,9799,0,0,0
639293,93ee41c4-e291-1ca3-3e20-575c0e3b54a8,64,619589,629345,639293,652669,9948,19704,9756,0,0,0
639430,ee04ab56-a30e-e5ea-6939-4d15c03510b0,64,609375,609375,639430,643998,30055,30055,0,0,0,0
639969,ff594078-7fbf-b878-e4c2-07a680ca9dfb,64,619589,631319,639969,653083,8650,20380,11730,0,0,0
640799,61387e34-61e4-e49c-b882-4cf62b851bf2,64,640611,640640,640799,641357,159,188,29,0,0,0
640859,d24bfa0f-980f-8133-a7e0-b08d81fdfb7d,64,640628,640640,640801,641634,161,173,12,0,0,0
640859,a210ee03-643e-47d1-1807-27aa03b66a3b,64,640619,640640,640805,641614,165,186,21,0,0,0
640859,5498d53e-9dd5-0915-7a7d-709ce10d1a7c,64,640590,640640,640814,641518,174,224,50,0,0,0
640859,85e31548-3020-68b6-e630-ea41fe6f0857,64,640580,640580,640836,641471,256,256,0,0,0,0
640859,3b268c45-e37f-5315-52aa-ca04fd09f34b,64,640605,640640,640842,641733,202,237,35,0,0,0
640859,ae1d7b8b-3e13-7e15-1cbb-783d705d1f9a,64,640580,640580,640843,641656,263,263,0,0,0,0
640859,111d948c-de0d-983d-0079-04d026ebf87b,64,640659,640700,640850,641642,150,191,41,0,0,0
640919,1834da4e-3521-9c03-2068-48ab7eaecff1,64,640642,640700,640866,641687,166,224,58,0,0,0
640919,7498487e-b9c6-3679-2c7c-3859b9ca0b90,64,640581,640640,640900,641365,260,319,59,0,0,0
640979,72492007-f8a1-9d7c-1049-c2bbdbda64d6,64,640637,640640,640930,641636,290,293,3,0,0,0
640979,a22d93b3-cfff-8bf7-db6f-4b324379f7b9,32,640600,640640,640963,641543,323,363,40,0,0,0
641039,de5de044-27b4-ae4a-ad1c-d063459b44e6,32,640588,640640,640987,641620,347,399,52,0,0,0
641039,31ed33f9-6c6a-0dc5-c813-d84b96873b6c,64,640657,640859,641019,641739,160,362,202,0,0,0
641039,056d755f-95e3-37be-62db-0a8664e0b1ce,64,640637,640859,641033,641762,174,396,222,0,0,0
641099,760f0126-7b15-3c15-e35a-c0101d3821ce,64,640632,640859,641088,641787,229,456,227,0,0,0
641159,6050be7c-8a54-766a-44a2-fbc5f8a539e9,64,640587,640979,641118,641894,139,531,392,0,0,0
641159,4b7d7707-2322-2a87-36f7-88960868cabe,64,640652,640700,641144,641649,444,492,48,0,0,0
641219,164657d2-59d3-4718-d165-5506558a647d,64,640580,640580,641185,641423,605,605,0,0,0,0
641219,95fbccf8-91f6-355e-9efb-bba6a1d0a8ed,64,640585,640919,641186,641876,267,601,334,0,0,0
641219,7faa4b56-9fb2-d1bd-aab2-bb155e8d226a,64,640636,640640,641213,641495,573,577,4,0,0,0
641219,4a1fe12c-5a50-d13b-cbc4-6cb47414808a,64,640639,640640,641214,641501,574,575,1,0,0,0
641279,3cf81c05-791e-6208-45c7-3d72846dbb17,32,640581,640859,641245,641784,386,664,278,0,0,0
641339,1d0580c3-e977-f3ed-be5d-6031277511a2,64,640658,640859,641287,641813,428,629,201,0,0,0
641339,14b8cb05-1da8-a47d-9d86-50992c242e0c,64,640587,640640,641323,641747,683,736,53,0,0,0
641339,1d3f21a2-3fc4-4e3c-a2ca-0642f3a6a3e2,32,640661,641039,641339,641943,300,678,378,0,0,0
641399,098ca18e-2636-9d50-f8dc-d5088aef73e2,64,640621,641219,641346,642132,127,725,598,0,0,0
641399,6c8761a2-8d04-957b-2ab3-2bc82d05a556,64,640634,641099,641348,642061,249,714,465,0,0,0
641399,d875df0d-cf8e-399f-b018-97181171abaa,32,640613,640979,641355,641882,376,742,366,0,0,0
641399,5e7f5b8c-87c5-6046-7083-ad45f588f3a5,64,640580,640580,641374,642212,794,794,0,0,0,0
641459,24048c3c-48c6-c145-d176-753e3ec0871b,32,640593,641039,641400,642018,361,807,446,0,0,0
641459,2331bfb6-2001-8ad6-4128-7ec9688ed7f5,64,640628,641219,641406,642094,187,778,591,0,0,0
641459,aa8ec016-33b2-183f-5c73-4092e30f9070,64,640624,640640,641416,641665,776,792,16,0,0,0
641459,e5f9a82d-6aba-7fbf-3f8d-a07ec95ccbb1,32,640644,641099,641431,642018,332,787,455,0,0,0
641459,d4f647ad-ee64-ac54-851d-9f4515fc88fd,64,640632,640919,641433,641875,514,801,287,0,0,0
641459,f0e4cab6-e0c5-0839-f066-4b7674c9388c,32,640660,641159,641440,642070,281,780,499,0,0,0
641459,5840f6bf-bcb4-2628-54d8-19eb384a80e6,64,640655,640859,641449,641874,590,794,204,0,0,0
641536,2b9949dc-f109-291c-3871-e2f1064a383a,64,640627,641399,641536,642269,137,909,772,0,0,0
641596,13cc3529-2cad-a294-a28d-56b277579b1f,64,640623,640640,641543,641735,903,920,17,0,0,0
641596,0c5b43b8-29f5-3986-ca3f-b0f32c1ff90e,64,640636,641279,641559,642179,280,923,643,0,0,0
641596,6cf2a56d-73d0-4d8b-ee21-71db1856624e,64,640580,640580,641576,642304,996,996,0,0,0,0
641656,2fc2576a-8302-0e50-cf78-fb5bf8f4477d,64,640640,641459,641632,642488,173,992,819,0,0,0
641656,7e1e81a3-f80b-0da2-f147-fb93f6fab97c,64,640604,641536,641643,642490,107,1039,932,0,0,0
641656,85ea8a4d-b0c3-42d4-931c-d2e23ca7b3b0,32,640656,641399,641652,642231,253,996,743,0,0,0
641716,f5a8668f-ffcf-f86f-6bef-00db14a5b386,32,640648,641399,641659,642233,260,1011,751,0,0,0
641716,1807e232-8736-de5f-9b80-f537872a72bb,64,640609,641596,641716,642492,120,1107,987,0,0,0
641776,2191e470-a53f-843a-c95d-a2fb22abc9c4,64,640598,641656,641768,642568,112,1170,1058,0,0,0
641836,eada4a2a-6ca6-ec29-9cfd-b012190604e9,64,640612,641596,641788,642500,192,1176,984,0,0,0
641836,f39fecc0-3fd1-297a-076d-b3910e02dde1,64,640644,641459,641800,642484,341,1156,815,0,0,0
641836,6be4f9a8-40c4-2417-b3e1-2e5d0339261d,64,640642,641399,641822,642273,423,1180,757,0,0,0
641836,8da3969e-c808-d52d-4242-0b46e9fcf345,64,640651,641399,641833,642253,434,1182,748,0,0,0
641896,08906b98-3602-05d9-a5e4-dc9db1a1b76a,64,640596,641716,641861,642586,145,1265,1120,0,0,0
641956,05e6fc69-3240-2c0e-c14e-8648d3cbbc5a,64,640632,641459,641917,642441,458,1285,827,0,0,0
641956,19726394-28fa-36e4-0880-c11821289352,64,640591,641459,641929,642392,470,1338,868,0,0,0
641956,f9b7606d-46f1-cd62-ed80-b27ae9fd4c69,64,640591,641836,641942,642601,106,1351,1245,0,0,0
641956,8ea364b7-e1f4-67ed-e2b0-b8a8e1601967,64,640599,641596,641950,642514,354,1351,997,0,0,0
642016,84f1aa02-0571-9f33-53e2-81a71db86833,64,640614,641339,641958,642195,619,1344,725,0,0,0
642076,53948e33-f1bc-e743-2028-8297cd428cf4,64,640622,641836,642033,642670,197,1411,1214,0,0,0
642076,bf89ea23-3ea9-c808-1767-eeb78252f2b8,64,640619,641219,642035,642110,816,1416,600,0,0,0
642076,d16c34ee-4d69-d25a-8425-5b740193aace,64,640623,641159,642066,642078,907,1443,536,0,0,0
642076,59d176e3-8dac-1f9c-7339-ba8f032cbf16,64,640582,641956,642066,642809,110,1484,1374,0,0,0
642136,9cd4a50a-ae58-766c-6572-528856b9ee81,64,640654,641956,642104,642786,148,1450,1302,0,0,0
642136,039f2eda-071a-0cdc-aecf-f3ae0b0d4aa6,64,640653,641219,642114,642089,895,1461,566,0,0,0
642196,50c91ffa-3269-0ae1-464f-a06f073b38ce,64,640592,642016,642139,642855,123,1547,1424,0,0,0
642196,95db569b-15ee-3520-058c-08353573bf80,32,640647,641836,642154,642712,318,1507,1189,0,0,0
642196,ff3f33e3-7896-06fa-a8a7-b754a35dee92,64,640611,641039,642159,641956,1120,1548,428,0,0,0
642196,ac759d95-5e43-1a00-d896-13e7541e754c,64,640597,641956,642192,642792,236,1595,1359,0,0,0
642256,f3aedee4-3963-8381-5adc-bd4e6f918834,64,640612,641896,642208,642759,312,1596,1284,0,0,0
642316,19d71caa-65fb-d277-88d9-7ed0c6788b3d,64,640601,641656,642271,642534,615,1670,1055,0,0,0
642316,5e9625c4-5ec6-9afa-b8aa-d028174eb146,64,640649,641836,642300,642753,464,1651,1187,0,0,0
642376,f283504a-841a-652d-7d13-b658cd6fca41,64,640580,640580,642347,643202,1767,1767,0,0,0,0
642376,e72395f6-50c6-038a-08c2-14806b07fc0a,64,640594,641776,642348,642590,572,1754,1182,0,0,0
642376,ffd6325e-bb73-1b28-f0a5-2efbee12d465,64,640615,642196,642367,643125,171,1752,1581,0,0,0
642436,cfc26f5e-2d6f-0a8a-5f0d-3ae3e98004bc,32,640662,642076,642403,642863,327,1741,1414,0,0,0
642436,42d76a04-3376-9503-9449-c9f15da1de82,64,640597,642196,642403,643168,207,1806,1599,0,0,0
642496,55d8bc3d-534c-04d6-7f6e-396e0524bf5d,64,640643,641836,642460,642753,624,1817,1193,0,0,0
642496,9438030c-23aa-7127-65d4-0cbdb452eb2b,64,640609,642136,642473,643020,337,1864,1527,0,0,0
642496,1c075790-408a-18b4-01f0-a95d30c3c452,64,640606,642256,642475,643307,219,1869,1650,0,0,0
642556,5cfc6bec-51fd-f942-dcb5-bba11a1881f7,64,640650,641956,642540,642804,584,1890,1306,0,0,0
642556,83754888-490a-9bba-8b45-4f39bfbfb195,64,640633,642136,642545,642951,409,1912,1503,0,0,0
642556,efa1412e-a479-fae1-e8ee-679bd244f2b2,32,640646,642196,642549,643107,353,1903,1550,0,0,0
642616,d29b3bdb-8d69-8436-ee44-50fbe1ba3cc0,64,640580,640580,642574,642947,1994,1994,0,0,0,0
642676,7d57d44c-dee0-25d4-1fa0-6d549ceb14bf,64,640603,642316,642651,643343,335,2048,1713,0,0,0
642676,c369ddc3-e77c-25cc-83ed-7f3f9e57dd31,64,640630,642076,642661,642930,585,2031,1446,0,0,0
642676,939fbbfd-9b35-3efb-329a-cc81f075d9fc,64,615590,630762,642664,652677,11902,27074,15172,0,0,0
642736,17b5b75a-348f-8d30-789f-515d66b594fc,64,640627,642376,642731,643454,355,2104,1749,0,0,0
642925,01c54193-2208-72bb-9799-c37043672bb1,64,640602,642316,642925,643343,609,2323,1714,0,0,0
642985,1e79c42c-d7ff-6ae4-d9c2-24b0ac580761,64,640620,641656,642938,642570,1282,2318,1036,0,0,0
643215,49b1dae7-3159-ec9e-8e42-f7a2cac3e451,64,640608,642376,643215,643596,839,2607,1768,0,0,0
643276,72004593-8abd-9bb4-19e9-da0b6182b6c2,64,617850,631399,643276,655009,11877,25426,13549,0,0,0
643534,1a37d635-59ae-c057-9c60-72037d37bbf6,64,640618,642076,643534,642951,1458,2916,1458,0,0,0
645065,47c30a24-4461-bd94-6348-2cf075d041a4,64,616836,626481,645065,647180,18584,28229,9645,0,0,0
647237,427fc0fc-f838-6064-fbd3-e659d3408911,64,617829,628587,647237,649829,18650,29408,10758,0,0,0
654686,9694b1c7-0a18-82ab-112e-513c68ee2553,64,653030,653040,654686,679281,1646,1656,10,0,0,0
654844,912c9d4e-d1ca-b2f2-cd81-31c044132856,64,653187,653187,654844,690249,1657,1657,0,0,0,0
655638,29be48be-ce8f-4680-d6f1-671b7f5b5ee9,64,653090,653100,655638,677171,2538,2548,10,0,0,0
655959,21bb79a7-ee4b-de84-2d1a-2934b39ec396,64,653311,653311,655959,691922,2648,2648,0,0,0,0
656208,9f63e5ba-45d3-2d46-8f06-ce065fa83cad,64,653209,653247,656208,690440,2961,2999,38,0,0,0
657545,e794bc72-4662-cb68-c2d5-1bfd83dbe2a4,64,652993,653040,657489,682542,4449,4496,47,0,0,0
657545,94aefff1-045d-83aa-e556-cc9311ff7a07,64,652925,652980,657543,672304,4563,4618,55,0,0,0
657704,31ebddc2-0547-ac29-dda5-a602ab36708a,64,653206,653247,657704,690962,4457,4498,41,0,0,0
658249,7785db99-a428-3aa3-f28e-3a31608c821f,64,656600,656600,658249,670100,1649,1649,0,0,0,0
658503,2eaec8b5-fac6-37e0-0e0b-d67cb941539f,32,653097,653100,658503,677032,5403,5406,3,0,0,0
659691,2b05ab7f-67bd-470d-d213-deb7d8de22b1,64,657979,658033,659691,676500,1658,1712,54,0,0,0
659775,f1ed7faf-b739-6677-e431-cf252b1497d0,64,652920,652920,659775,673947,6855,6855,0,0,0,0
660166,c36d873d-e1b8-0ab7-06c6-5548a423d375,64,657271,657271,660166,679974,2895,2895,0,0,0,0
661527,c2ba75da-28b8-37a8-a486-6b6313e1454b,64,658872,658872,661527,676112,2655,2655,0,0,0,0
661665,138677d8-f6a4-2702-4c26-5358d8212aeb,64,659082,659127,661665,672985,2538,2583,45,0,0,0
662366,30d1b5a7-d39b-4369-f758-34b0c5d69586,64,659399,659399,662366,674528,2967,2967,0,0,0,0
662483,a1ffb79a-91a3-a29e-a56f-022bd29a64b8,64,659473,659519,662483,674523,2964,3010,46,0,0,0
662821,93d63c97-9df5-a53f-2fd7-ace0ef5513b1,64,657425,657425,662821,672039,5396,5396,0,0,0,0
664272,4f816d11-3441-711e-1c69-ac49769784f1,64,657430,657485,664272,672167,6787,6842,55,0,0,0
664647,6ef03b93-f2d9-753b-2962-4d3352dc2715,64,653197,653247,664647,679714,11400,11450,50,0,0,0
664989,dba6895c-4b12-c9e6-fcdf-96b1b245af82,64,652995,653040,664989,684993,11949,11994,45,0,0,0
665121,895ed74b-0c94-4452-7c2d-1046c59a8f0b,64,660310,662483,665121,681432,2638,4811,2173,0,0,0
665471,123e7675-8685-9f80-8ee6-ca6f7ac3c8fe,64,660937,660937,665445,677339,4508,4508,0,0,0,0
665685,2ae1e1e3-18ea-04af-e7fa-a7c14424a336,64,660284,660284,665685,674851,5401,5401,0,0,0,0
666169,7e361b3b-038c-d088-b3e4-676eeee28b34,64,661735,661735,666169,680279,4434,4434,0,0,0,0
666787,3727944b-f290-c161-9eba-51eef6ebc68a,64,658734,658734,666787,679951,8053,8053,0,0,0,0
667102,e70bdb98-078f-549e-44db-ff151a302c13,64,657429,657485,667102,673719,9617,9673,56,0,0,0
668378,57259d1c-61cc-66e1-af67-3bbb73432d14,64,653220,653247,668378,685528,15131,15158,27,0,0,0
669317,85b72b4e-4808-26d1-4cbb-3f1928004b64,64,657901,657901,669317,673364,11416,11416,0,0,0,0
670103,6754573a-832b-6b61-af38-72ce0f34f7b9,64,652923,652980,670103,676264,17123,17180,57,0,0,0
670288,133b0e50-fa31-1bc9-54db-9a7277a27098,64,667760,667760,670288,683566,2528,2528,0,0,0,0
670365,8195c6e7-b1cb-ebdf-e1bd-1a1fed635e09,64,667775,667820,670365,683721,2545,2590,45,0,0,0
670485,e9b9253b-6214-8a40-192a-49a68ca616cf,64,659067,659067,670443,679709,11376,11376,0,0,0,0
670596,76a4d79d-84a2-4656-694f-d06c3b66efc4,64,657973,657973,670596,681312,12623,12623,0,0,0,0
670876,6f2d5369-4eb3-9ec5-4d7c-8734ba85586c,64,659108,665685,670876,689155,5191,11768,6577,0,0,0
670936,c8c89fcc-65d8-e93f-3e9a-c8c31e2cd90b,64,659468,659519,670903,672937,11384,11435,51,0,0,0
671654,d2d6156a-ebf2-5857-ea4e-af3096ff5d80,32,666240,666240,671654,679524,5414,5414,0,0,0,0
672084,9b5fc735-df04-2fbd-8a07-656dcf7e66af,64,660660,665121,672078,688162,6957,11418,4461,0,0,0
673091,f843b65d-d49f-d90b-94cf-591780a4704e,64,668550,670103,673091,687740,2988,4541,1553,0,0,0
674100,851733b3-16d4-394e-c5e1-43ab310b314b,64,657127,657127,674100,676327,16973,16973,0,0,0,0
674372,09ed3440-1045-18d0-6e91-ab9c3cd8b739,64,668997,668997,674372,682599,5375,5375,0,0,0,0
674557,c5f0c10c-151e-903c-dd9f-1c3aff2409a1,64,659155,664989,674557,687431,9568,15402,5834,0,0,0
674798,c77d7b73-6d01-2d07-7876-6a8c1a7eea48,64,672684,672684,674798,680444,2114,2114,0,0,0,0
675026,4d2a33c7-ad79-783f-7594-dff841fee075,64,665411,665411,675026,682101,9615,9615,0,0,0,0
675128,c1b215eb-8bc2-c970-36da-f7f68095a056,64,668813,672084,675128,691643,3044,6315,3271,0,0,0
675383,2e2a8a79-ea3b-881e-cf0f-dd83063610d6,64,657332,657332,675383,692734,18051,18051,0,0,0,0
675443,ace45a6b-76fe-1479-d364-204ed11e16e8,64,667031,667042,675412,689749,8370,8381,11,0,0,0
675503,72028f03-c5df-a60a-01ae-f3e3cda7be29,64,658744,658794,675481,689999,16687,16737,50,0,0,0
676132,6d418556-5687-87d6-4715-bc6fdb245fa5,64,659208,659247,676132,674426,16885,16924,39,0,0,0
676208,7094e456-4f82-f304-66db-ceadbb0160db,64,667410,674557,676208,692256,1651,8798,7147,0,0,0
678087,6724d94a-0697-de3e-c83d-9ac8184e06a5,64,666987,675128,678087,693916,2959,11100,8141,0,0,0
678483,f6624fda-33f6-21b2-b244-b54da9e74ece,64,667068,667102,678483,683869,11381,11415,34,0,0,0
678595,399710fb-8381-a163-9d21-286c577e84d0,64,658010,658033,678595,681497,20562,20585,23,0,0,0
678800,763723e2-9bfd-f851-190a-4b0128b2c1f3,64,659561,674372,678800,691792,4428,19239,14811,0,0,0
678865,d5e2e854-b935-76d8-6fb2-de39ff72b56b,64,667420,667470,678865,680927,11395,11445,50,0,0,0
679414,5d5f5f72-a19a-e0af-3b52-455102ff42fb,64,658659,658659,679414,691783,20755,20755,0,0,0,0
679494,f8d4e537-b99c-0fc6-1162-19649b2264ad,64,666845,676208,679494,694902,3286,12649,9363,0,0,0
679712,6c6adf83-36a9-ee41-1cbe-60a8c9ffba92,64,668315,668315,679692,682997,11377,11377,0,0,0,0
679897,d2f4f840-1795-ff57-7919-6fb7b18b580a,64,677773,677791,679897,691056,2106,2124,18,0,0,0
679957,fd4f0818-a49b-0cf3-d0c9-dd9d0a40fa2f,64,667485,675443,679941,694001,4498,12456,7958,0,0,0
680408,fe7ddb2a-1e29-1455-5fa5-90d8fc9977d5,64,668101,670876,680408,690038,9532,12307,2775,0,0,0
681244,cd94b58d-8df4-5b65-007a-ed22753a3f79,64,658506,678595,681244,696008,2649,22738,20089,0,0,0
681818,f1a90e96-8eac-5fd8-e579-6c0f8f6e2217,64,680570,680604,681818,697442,1214,1248,34,0,0,0
681944,1f783bf5-d449-a6ba-fd33-9daef14bea5a,64,679801,679801,681944,687632,2143,2143,0,0,0,0
682292,88947229-1bc5-f7db-7654-64fbc87fcfaf,64,660543,675503,682289,694283,6786,21746,14960,0,0,0
682292,3d2a7c8a-6695-dca5-b34b-88b70cc28d42,64,679659,679712,682289,693877,2577,2630,53,0,0,0
682649,ba16619c-887f-ef8c-d9d2-0a3ef5539e9f,64,681394,681394,682649,696821,1255,1255,0,0,0,0
682899,9993d8a6-416e-2994-4feb-667057a64200,64,681583,681636,682899,693203,1263,1316,53,0,0,0
683161,b3a17b0f-4ff3-52d6-af6b-815227e63605,64,677731,677731,683161,692634,5430,5430,0,0,0,0
683283,e04e8e51-331e-5317-6796-b4fb518c4545,64,666283,666300,683283,687675,16983,17000,17,0,0,0
683343,0f4572a3-3035-2480-8246-385a25039c4b,64,680700,680700,683337,694190,2637,2637,0,0,0,0
683664,c4a5ea54-c12a-1e40-9e43-fdef37b2066c,64,681106,681106,683664,688877,2558,2558,0,0,0,0
683841,7a0e4324-93c8-72a5-2344-cae07a43c7fe,64,682586,682586,683841,693292,1255,1255,0,0,0,0
684634,21659911-3d65-3a17-adbc-858531e0d8e6,64,660837,679414,684634,698909,5220,23797,18577,0,0,0
684817,d44511aa-2009-7648-69ee-e8d193c21645,32,682232,682232,684817,695925,2585,2585,0,0,0,0
684985,f7f16010-b4a8-f036-56ab-676da24859a6,64,668797,675383,684985,693992,9602,16188,6586,0,0,0
685093,2f798e0f-d7e7-ae91-2469-e0b27238553c,64,679652,679652,685093,695703,5441,5441,0,0,0,0
685577,1c674547-086f-c363-d23d-c47056ada583,64,667493,678800,685577,697833,6777,18084,11307,0,0,0
685699,fb3c5bd0-3b27-80f4-5de9-ad0d769f9954,64,677771,683161,685699,703618,2538,7928,5390,0,0,0
686250,dfcff1bb-185b-b945-612d-f3ad308c8ae1,64,665575,676132,686250,694680,10118,20675,10557,0,0,0
686533,da7a0320-a116-e406-7fdc-0aa1743e0aee,64,657615,657615,686533,690899,28918,28918,0,0,0,0
686629,764b1eaf-4602-f765-1a3a-da5620c47a53,64,680544,680544,686629,700456,6085,6085,0,0,0,0
686923,9f553a11-bcd0-d407-6b80-25b7226d9f8e,64,666618,679494,686923,702194,7429,20305,12876,0,0,0
687782,2a912f0e-7b0a-60a1-a4b0-a1b63cf1dbf9,64,671226,683283,687782,705593,4499,16556,12057,0,0,0
688168,0fff731d-eea9-3e6f-5cd3-8419783f3d47,64,672024,683664,688168,710011,4504,16144,11640,0,0,0
690402,1fd5d819-5b11-2239-71d3-32a81eab4a5d,64,666982,678865,690402,697865,11537,23420,11883,0,0,0
691939,54cf7554-1115-021e-1315-919515b34d10,64,659456,675026,691939,693495,16913,32483,15570,0,0,0
692585,a55ad7d6-e2d4-d69a-edc8-87d88e5444af,64,668151,680408,692585,702722,12177,24434,12257,0,0,0
693367,87036af4-37e7-1bc9-8949-7f6ef53764f5,64,677788,683841,693367,712188,9526,15579,6053,0,0,0
696008,63f98cda-8110-c4c8-209e-26433e3940f1,64,681576,684634,696008,717278,11374,14432,3058,0,0,0
700122,90b51c2a-6fd6-05aa-fce8-023923095876,64,670399,683343,700122,708726,16779,29723,12944,0,0,0
723953,ae6e610a-8d8b-a2d3-7ee6-543510a7c96f,64,720921,720938,723915,741865,2977,2994,17,0,0,0
724073,5f7501ab-19e6-f980-0c20-ee0d8c020b4d,64,721444,721468,724023,739310,2555,2579,24,0,0,0
724672,97d13e79-af3d-c20e-eb79-956b09c32d5c,64,722079,722116,724672,742659,2556,2593,37,0,0,0
726515,70830c84-a32c-d8cb-2bf7-91a336a663e9,64,722056,722056,726488,738771,4432,4432,0,0,0,0
726575,2b17a985-692f-6cdd-62bd-6cf36b2cd21c,64,723869,723893,726541,738485,2648,2672,24,0,0,0
726787,6cc0492b-7072-6fca-4882-09929a82018a,64,721408,721408,726787,742312,5379,5379,0,0,0,0
727077,d50c6747-d9bf-fae2-d0a7-fe50cea68cc8,64,722633,722633,727077,737866,4444,4444,0,0,0,0
727587,928aa627-2042-df22-fd21-8fb862c02376,64,720878,720878,727587,744041,6709,6709,0,0,0,0
727889,acd019cb-3175-be26-0249-46d92c7d7ced,64,722500,722507,727882,741486,5375,5382,7,0,0,0
728166,2819ecd7-4c28-4a7e-87cf-44ff2fac76da,64,723704,723704,728166,743947,4462,4462,0,0,0,0
728226,25d82b45-34c1-48a8-5db8-a419e4c2a6d0,64,723719,723764,728207,739340,4443,4488,45,0,0,0
728657,f0382e87-c1a2-0068-978f-2f5f79895a97,32,723160,723200,728657,739795,5457,5497,40,0,0,0
728717,726df4af-023a-7c87-8360-08d4450649b3,64,723236,723260,728669,738461,5409,5433,24,0,0,0
729002,d8df4b74-87bb-d646-46b0-1a9cee78d9b6,64,722132,722176,729002,740830,6826,6870,44,0,0,0
729287,13f668e3-d9d0-e3d8-0838-c26dc8e2ac45,64,724826,724852,729287,738249,4435,4461,26,0,0,0
729931,8722cc70-1d5d-5b63-a245-5fe48bbd4023,64,721432,721468,729931,741364,8463,8499,36,0,0,0
730266,d0e14603-9fdd-3d52-d00e-750c51dda157,64,721768,721797,730266,739783,8469,8498,29,0,0,0
731230,c8f54756-95b8-4b27-f5b1-f521e7a3c7e8,64,720882,720938,731230,747448,10292,10348,56,0,0,0
731391,470c421b-44a1-099e-278f-e7e8c1c4eaf3,64,721469,721528,731391,735309,9863,9922,59,0,0,0
731657,c52ea6ab-2bf1-d7ce-3804-c797eaf02936,64,727744,729931,731657,748373,1726,3913,2187,0,0,0
731717,3aab3e68-2251-8f8f-d280-85ab43a3f4c6,64,723833,727077,731664,745731,4587,7831,3244,0,0,0
732202,406df0db-c6e5-7bb9-1175-bb5a7f852634,64,722889,722889,732202,745515,9313,9313,0,0,0,0
732889,7e8c2311-7e41-fd3d-dcb6-268601c0121c,64,723066,723066,732889,740273,9823,9823,0,0,0,0
733263,c9e891e2-efe4-a16b-b240-5094cdefe4f3,32,727829,727829,733263,741376,5434,5434,0,0,0,0
733323,8f8d8f82-cd4f-309a-2409-6fb5f5b01e86,64,721876,721876,733297,740970,11421,11421,0,0,0,0
733529,c727a3aa-25e5-e275-2858-7b1ebd0b5b3b,32,720211,720211,733529,748424,13318,13318,0,0,0,0
733589,7ac845a0-444b-fe3a-7e22-5dd603de98c5,64,724792,726787,733542,745657,6755,8750,1995,0,0,0
734919,4ecaac58-849f-8084-0172-62a616defbb0,64,726455,726455,734919,740091,8464,8464,0,0,0,0
735727,b34d0873-1449-c759-c5c9-fffc452bf2e0,64,726067,731230,735727,748491,4497,9660,5163,0,0,0
735829,bce88f20-b0ab-08aa-adb8-4d562f464cf3,64,720242,720271,735829,750777,15558,15587,29,0,0,0
736642,ca10e38f-278d-8a10-5963-5d2b2c8ab416,64,725218,732202,736642,749439,4440,11424,6984,0,0,0
736801,fccf9a32-1402-5a40-c49f-9de37331e83a,64,724809,731391,736801,748688,5410,11992,6582,0,0,0
736861,689226a7-2f36-3f41-537f-0fc04f6327b1,64,720488,720488,736819,746015,16331,16331,0,0,0,0
737157,3373912c-65c3-ffc3-4ec5-8f0bc8e5fad5,64,722447,722447,737157,747229,14710,14710,0,0,0,0
737301,70febf4b-fd4c-4f63-fb88-549df44823e0,64,720894,720938,737301,748104,16363,16407,44,0,0,0
737361,e1ae4748-8070-ef5b-0714-8891a10b0cfd,64,722658,732889,737335,749872,4446,14677,10231,0,0,0
738103,c3a72773-c36e-8852-a871-e0fe7372b3af,64,726519,733589,738103,750890,4514,11584,7070,0,0,0
738371,a4853c0b-2457-fd64-fb65-21e25419fab8,64,722689,735829,738371,751271,2542,15682,13140,0,0,0
738431,8320c0e1-133d-aad7-59a3-660ae865c323,64,720914,720938,738384,751389,17446,17470,24,0,0,0
740046,65ceb128-b64e-fb54-ab16-89ce96864062,64,722222,722236,740046,747994,17810,17824,14,0,0,0
740106,734cf9e5-6418-bd4e-5898-e9f4a0b9340d,64,725316,728717,740077,747480,11360,14761,3401,0,0,0
740166,e3fa09b2-8625-44c9-f390-91c706dbcbe0,64,723140,737157,740123,752957,2966,16983,14017,0,0,0
740906,6b3e1a74-3b14-7676-f19a-51912183e263,64,724814,738371,740906,754606,2535,16092,13557,0,0,0
741398,b18ca6d6-1a3e-24b1-dee4-beb73b48e29a,64,726053,736861,741398,752775,4537,15345,10808,0,0,0
741716,1e85caf7-3778-d72c-0940-e803eff9cf95,64,723729,733263,741716,750307,8453,17987,9534,0,0,0
742706,843f9271-3714-32e2-b5a8-7107777c32a2,64,727871,740166,742706,757062,2540,14835,12295,0,0,0
743557,ec1304a1-a4a8-c280-b981-f5fa74b5685b,64,723969,740906,743557,757354,2651,19588,16937,0,0,0
744199,206543da-e363-8171-4d4f-cad49bfa40e2,64,722808,735727,744199,751216,8472,21391,12919,0,0,0
744581,f563bc5a-e935-050f-ba1f-b7a1b74768be,64,727600,727647,744581,743966,16934,16981,47,0,0,0
744737,27906362-a83f-d06e-cc59-5800f04b9d14,64,722234,734919,744737,750984,9818,22503,12685,0,0,0
745265,638151f1-f5ee-118a-00f0-d199c6b63e70,64,725194,736801,745265,751565,8464,20071,11607,0,0,0
746573,4c8e35c8-e2c0-03cf-6125-e7a32023457b,64,721677,721677,746573,757465,24896,24896,0,0,0,0
746633,3cf44a95-5abe-e9de-77a3-9803739d180d,64,723950,738103,746618,754155,8515,22668,14153,0,0,0
746755,87b66854-e18e-67a1-8e7f-034049de1db6,64,721721,721737,746755,753654,25018,25034,16,0,0,0
746878,74b887df-d88a-b5a2-2ded-fd48a06950fc,64,725228,740046,746878,754982,6832,21650,14818,0,0,0
747149,b28d00c1-8b27-ff97-02d1-bceec042191d,64,726035,742706,747149,758185,4443,21114,16671,0,0,0
747222,8812f0f6-98a5-fa62-8570-3932cb79c872,64,722688,744581,747222,759232,2641,24534,21893,0,0,0
747423,8ec8a3bf-113a-f363-6a3b-52fb69e6d967,64,721130,721130,747423,749308,26293,26293,0,0,0,0
747620,97972f02-96f3-122a-828a-f444f05d1436,64,721439,721468,747620,754835,26152,26181,29,0,0,0
748066,cc121e49-2f92-bafc-98bf-860d6a12c2a4,64,722698,743557,748066,758897,4509,25368,20859,0,0,0
748482,08ba8f7a-e7dd-b971-1a33-96b008cf8148,64,722360,722360,748482,748723,26122,26122,0,0,0,0
748806,ee05c1dd-f078-1f75-c378-d0c31c4d0cf0,64,722261,737361,748806,753905,11445,26545,15100,0,0,0
748926,b29f21ea-8fb7-e838-61fe-5b05bd3a4ffa,64,720893,720938,748926,759830,27988,28033,45,0,0,0
749604,073c2a57-4bb9-9842-bce4-5ab0541570fd,64,723749,746633,749604,762306,2971,25855,22884,0,0,0
749999,b332082f-72e9-7486-61c0-fae74cb2e9ce,64,722241,740106,749999,755414,9893,27758,17865,0,0,0
750191,d9db8c35-34d3-78f0-dee8-e6d458bdd458,64,721747,741716,750191,757703,8475,28444,19969,0,0,0
751009,cfefc588-6327-3e3c-c231-25d9c8032ef2,64,723707,744199,751009,759181,6810,27302,20492,0,0,0
752336,4f07b2fc-462b-f582-5fda-045ab92deacb,32,726529,746878,752336,764775,5458,25807,20349,0,0,0
753277,11a13200-fc5f-494a-a461-278ef6222b59,64,722638,744737,753277,759687,8540,30639,22099,0,0,0
753395,57c629ef-4ee3-9440-362b-b5fd66714c7c,64,726068,746573,753395,760529,6822,27327,20505,0,0,0
755210,6b412fd0-7eaf-be2c-5e5a-3a4e3aba872f,64,726541,746755,755210,764126,8455,28669,20214,0,0,0
773661,471b168a-e36d-921a-0671-0a04b96657c0,64,771900,771945,773602,800802,1657,1702,45,0,0,0
775792,3150b0d2-6237-7e6e-d948-4dfca12ff1e8,64,774090,774128,775781,792274,1653,1691,38,0,0,0
776483,3cf2870b-5928-bc80-2412-8b885e6690a8,64,774822,774822,776483,791810,1661,1661,0,0,0,0
777033,3bd3c51a-7844-4003-1eab-95fa00d7f036,64,774068,774068,777033,793977,2965,2965,0,0,0,0
777587,a9ef2397-a604-8874-f621-bc1e75ff9050,64,772200,772202,777587,790870,5385,5387,2,0,0,0
777916,68e2378d-4980-5d4e-79c3-013e39e16a36,64,773438,773438,777869,787995,4431,4431,0,0,0,0
778011,c6cbe354-2bec-6f35-1a36-29b36e5da5ff,64,775442,775475,778011,793491,2536,2569,33,0,0,0
778071,b85b5737-354e-1ca5-0d08-be916e80ab0b,64,775415,775415,778051,793353,2636,2636,0,0,0,0
778071,697e71dc-c683-4ef9-5192-194431bd8d46,64,775059,775099,778071,794740,2972,3012,40,0,0,0
778216,2a6a4fee-a82d-cc81-b7a4-a30dd5ab8522,64,775672,775672,778216,795753,2544,2544,0,0,0,0
778597,4aaa6e62-0c18-4fec-cf82-0ab6de3d474e,32,772548,772581,778548,801428,5967,6000,33,0,0,0
779078,be90057b-cc4c-5d5c-00d1-f523aed70da6,64,774584,774584,779078,791444,4494,4494,0,0,0,0
780216,bc4a15ae-8907-2faa-d598-f4101e4e3bc5,64,772783,772783,780216,799966,7433,7433,0,0,0,0
780701,4244e357-e0ed-4d41-6792-3f8a2971b7d7,64,773872,773872,780652,789949,6780,6780,0,0,0,0
781382,9bcc2ba7-54fb-f0f2-a1a5-2df28f8cec3d,64,776830,776844,781342,793330,4498,4512,14,0,0,0
781772,f6b0753c-b122-4323-70dc-5fb0dbfade6b,64,771914,771945,781772,787925,9827,9858,31,0,0,0
782207,c4378a22-38f5-0cf2-2559-fa56dd0a88d4,32,776784,776784,782207,796804,5423,5423,0,0,0,0
782450,fe0d138e-18fe-5d54-123d-5742331e5173,64,775241,778011,782450,799901,4439,7209,2770,0,0,0
782758,b6d2b775-8057-fcd6-7e8c-8d6d98642107,64,777343,777372,782758,797406,5386,5415,29,0,0,0
782890,f18a6a4b-188a-7900-315a-4a15da940410,64,777754,780216,782890,803347,2674,5136,2462,0,0,0
783215,d0b693b8-3d58-e046-2ac5-389cfd864100,64,777257,778216,783215,803256,4999,5958,959,0,0,0
783520,584e8b2d-e02e-81b6-19fa-4011106fec0a,64,771885,771885,783490,805043,11605,11605,0,0,0,0
783520,2d7cdf60-b44d-16ad-2764-aac110051c5a,64,773601,773601,783492,798155,9891,9891,0,0,0,0
783882,148649b4-1074-db5f-504c-4229febbfcfa,64,772273,772273,783882,808093,11609,11609,0,0,0,0
784200,2ab7be8d-444a-48bb-1041-0c888eff8e10,64,773615,773661,784200,807736,10539,10585,46,0,0,0
784417,5dd07abc-8364-310d-dcf8-2a9efe7a2928,64,774620,774644,784417,797829,9773,9797,24,0,0,0
784682,1685c144-6984-03dd-18c8-f112b765826e,32,772880,772880,784682,804554,11802,11802,0,0,0,0
784893,2b722bdb-dc37-b844-e65a-e7ad27f759f0,64,775039,775039,784893,799363,9854,9854,0,0,0,0
785150,f4239ff7-2744-7785-1115-d81cabceff7c,64,777856,780701,785150,803556,4449,7294,2845,0,0,0
785443,7e175cdb-2448-f75f-5ec4-3df3aad312a3,64,778417,782890,785443,806626,2553,7026,4473,0,0,0
785805,7554ded9-d6dd-8048-baf3-b0d22d5f64a6,64,773261,773261,785805,809071,12544,12544,0,0,0,0
786065,8848941f-ff89-0b0d-dd00-3654c4fa81ab,64,774685,784417,786065,808900,1648,11380,9732,0,0,0
786932,f7bcadeb-c536-e8f0-b33a-a5faaef9ccf1,64,778477,778477,786932,792576,8455,8455,0,0,0,0
786992,da89622f-9eb4-8f12-4251-cfaaf9edbe61,64,772521,772521,786986,809155,14465,14465,0,0,0,0
786992,380eb464-00a7-69e5-609a-6d80395a8278,64,773999,773999,786988,805314,12989,12989,0,0,0,0
787595,b8a63af8-f2e5-6d66-3b05-88570975f1e1,64,773749,773749,787595,799850,13846,13846,0,0,0,0
787893,7ab46bb1-3df5-3212-a8fb-7f2d4379eab8,64,777252,786065,787893,810167,1828,10641,8813,0,0,0
788163,bbd5cc2e-cd16-fbc0-4352-66dcb7a1ad9d,32,776137,782758,788163,806345,5405,12026,6621,0,0,0
788359,19790227-e515-038d-e840-1a91cf701cc4,64,774390,785805,788359,809558,2554,13969,11415,0,0,0
789136,b3469eba-f99d-7cb4-daa0-20f6a5fbdaa4,64,772142,772142,789136,787458,16994,16994,0,0,0,0
789486,aec4a738-436b-1738-2227-b8de59a9e6bd,64,772548,772581,789479,791391,16898,16931,33,0,0,0
789606,57d04bd6-4e3b-8453-9c3c-e20c190ef2dd,64,775346,784200,789577,808868,5377,14231,8854,0,0,0
789958,dc3cd753-679b-180a-782b-2e6d4f95db47,64,777391,786992,789958,810587,2966,12567,9601,0,0,0
791411,97a005c5-4255-2aee-3831-fd5830cd3dcb,64,776637,786992,791411,812626,4419,14774,10355,0,0,0
791963,85cf049f-7d64-56bc-ab98-58fd1d0f8c0e,64,789426,789426,791963,803859,2537,2537,0,0,0,0
792023,18cbbf9c-eaba-048b-9c6a-802eeae76008,64,775046,775099,791982,792928,16883,16936,53,0,0,0
792477,87904407-826d-bd63-66fc-5ee11edb624e,64,772880,772880,792477,808697,19597,19597,0,0,0,0
793404,caa65ccc-a442-3c95-c469-b097aa414973,64,788906,788906,793404,806679,4498,4498,0,0,0,0
793717,68b4b79b-1360-fffc-b2fc-be429d4a334e,64,777498,786932,793717,810446,6785,16219,9434,0,0,0
793812,b39e34fc-5efc-4cfe-f920-7c8b9dbf89f8,64,791180,791180,793812,807991,2632,2632,0,0,0,0
794875,984ff547-5df8-64c7-cd7f-2a16b249b71f,64,790428,790428,794875,817184,4447,4447,0,0,0,0
794935,4c93cb6e-4cda-a868-3ae3-25621693463f,64,789520,789546,794922,807508,5376,5402,26,0,0,0
794995,9de76d9e-e044-c543-e3c9-b275600795ab,64,776654,785150,794937,809132,9787,18283,8496,0,0,0
795210,3cd6a2ed-d37a-e570-ad25-d105f71e6ee2,64,792681,792681,795210,814373,2529,2529,0,0,0,0
795388,493582db-c3b9-9eb4-0b09-57bd5307569f,64,789990,790018,795388,807826,5370,5398,28,0,0,0
795448,04bf7c91-7dc2-255e-9101-f70dc74f0947,64,778517,778597,795421,803214,16824,16904,80,0,0,0
795508,fde395a0-11c0-882a-daa0-e36c5b0d22a3,64,778420,787893,795471,817164,7578,17051,9473,0,0,0
795742,577247d0-babc-e79c-2fc1-d009413c4c37,64,791182,791240,795742,806310,4502,4560,58,0,0,0
795802,9e14253d-91d1-9271-a765-86c2dafd1697,64,793241,793241,795770,809973,2529,2529,0,0,0,0
797530,4cfbc356-8316-2c6e-29a3-6ac77a87610a,64,790707,794995,797530,826464,2535,6823,4288,0,0,0
798162,3421b022-1dae-f6c6-48fd-e3e1365a48ff,64,791019,792477,798162,821042,5685,7143,1458,0,0,0
798540,81862266-db96-7418-d58b-c8bff9fbbb4a,64,790067,790078,798540,825478,8462,8473,11,0,0,0
798635,78d3a58e-d5e7-962f-4d3c-7a1f4714c96b,64,778446,781772,798635,804969,16863,20189,3326,0,0,0
799206,fc573b72-d938-399c-10bb-0fa54cfbe334,64,775176,787595,799206,813841,11611,24030,12419,0,0,0
799634,2af95850-e6f6-3d52-1546-83a5d8005837,64,793649,795210,799634,826869,4424,5985,1561,0,0,0
800099,59f99568-2f5a-e7b1-0592-1575966e96c6,64,794722,794722,800099,809869,5377,5377,0,0,0,0
800181,75e478e6-69ba-cf2f-1483-b6c22e5c8e06,64,778713,783215,800181,807225,16966,21468,4502,0,0,0
800241,43221de3-379a-caf9-700d-9cd5dc6952a0,64,790693,790693,800241,804699,9548,9548,0,0,0,0
801517,6efaf5d8-670e-ae2e-4a5b-7a2bd77095dd,64,775686,784682,801517,809064,16835,25831,8996,0,0,0
802830,b6b54915-58f3-b1ec-3d93-3142bb859b33,64,794344,794344,802830,808216,8486,8486,0,0,0,0
804229,45e38d54-513c-e21b-a4a3-2338f5f4bfc5,64,783460,788359,804229,836388,15870,20769,4899,0,0,0
805234,4946cd9d-58d4-4587-2dc0-069ee1c49d0e,64,794448,795388,805234,829378,9846,10786,940,0,0,0
808134,1fbbc2c6-d663-ab0b-935d-d7f10f868fe2,64,783530,797530,808134,882732,10604,24604,14000,0,0,0
808414,dbb157c2-ecd6-438c-1756-eb9f3df4539b,64,781475,789958,808414,848415,18456,26939,8483,0,0,0
808688,f732ca13-96f6-17c6-e4e3-d8399547a997,64,781240,795802,808688,874192,12886,27448,14562,0,0,0
809719,847c6342-f919-3577-277e-82757c2fac6f,64,781013,798635,809719,895113,11084,28706,17622,0,0,0
810601,053aff9a-1cae-99b6-1bbb-58ec91a4db0f,64,782468,798540,810601,889881,12061,28133,16072,0,0,0
817836,71035981-5287-ee94-b7a5-265b3e8c1428,64,780641,805234,817836,942736,12602,37195,24593,0,0,0
820606,f9dc2131-5b57-e7f2-e879-d48dce0333f7,32,781322,797530,820606,874383,23076,39284,16208,0,0,0
822245,58bf3df2-c021-6984-d28e-787f64d0bc50,64,780732,800241,822245,924472,22004,41513,19509,0,0,0
822592,c2a97701-039d-cb78-929c-3ea0c27013e6,64,780879,808688,822592,967886,13904,41713,27809,0,0,0
823067,8f493cb1-568d-d8c8-2d34-0a5cc2038132,64,781693,808414,823067,955074,14653,41374,26721,0,0,0
825324,32be4d13-5814-eff5-fd40-5110c72d7e4b,32,780488,798162,825324,884003,27162,44836,17674,0,0,0
825872,6666cfca-699a-7823-ea5a-a52ed75b2c4e,32,780423,799206,825872,896863,26666,45449,18783,0,0,0
826770,60755ac2-d3d3-aa6d-ac67-e94559ec7109,64,780790,802830,826770,932766,23940,45980,22040,0,0,0
835722,eb61650a-9e47-e421-9017-916cc7eed6b9,64,783603,799206,835722,901682,36516,52119,15603,0,0,0
837396,4782d4f4-82a7-f23d-0838-f55341f6ddd0,64,781162,800181,837396,912217,37215,56234,19019,0,0,0
837582,60b4fc7e-2dc4-e848-b318-7e8f6afe39bf,64,780944,799634,837582,905043,37948,56638,18690,0,0,0
839734,10750ca2-0d21-4f17-f026-62310a8e820d,64,781545,800099,839734,909686,39635,58189,18554,0,0,0
841768,cb709ec5-1d58-77fe-2dc2-c2d9212a9224,64,781407,801517,841768,927197,40251,60361,20110,0,0,0
842812,d4401756-efba-6e8a-6a0a-ef9514406079,64,780561,795742,842812,866511,47070,62251,15181,0,0,0
844878,5fe5fa3c-637d-0cad-85c7-3b5481ed1a76,64,780356,804229,844878,936706,40649,64522,23873,0,0,0
851158,1bcc091d-0041-1108-911f-61d2fabdabbe,64,849509,849509,851158,876254,1649,1649,0,0,0,0
853093,d5943712-7c6d-931c-e1fc-a01bd97c50c0,64,851353,851398,853045,875283,1647,1692,45,0,0,0
854281,19fc05eb-0967-576c-553f-36d65daa5c71,64,851241,851278,854252,872244,2974,3011,37,0,0,0
854492,7f4b65d6-962f-0352-9811-c8a94c2deda9,64,850040,850040,854469,870521,4429,4429,0,0,0,0
854552,b4fc9228-3e5c-4796-a9e1-be00674aee26,64,851889,851889,854528,871705,2639,2639,0,0,0,0
855343,ead0282f-3349-de0b-c09b-aad7065bbec4,64,850908,850908,855343,876818,4435,4435,0,0,0,0
855926,d3a36feb-5113-05dc-9843-138c51a9f5b0,64,851365,851398,855926,876684,4528,4561,33,0,0,0
856878,547eeb01-6769-8cc9-eecb-496240c90686,64,852455,852455,856878,877239,4423,4423,0,0,0,0
856938,2defaed8-9664-a3af-a2b3-ba0c82291a65,64,853912,853937,856913,870475,2976,3001,25,0,0,0
858012,1d354a74-6a15-82ce-9ec4-3f4002b12668,64,849409,849409,858012,877570,8603,8603,0,0,0,0
858132,95d7514f-3f77-2a4e-e35f-760325d943da,64,851299,851338,858132,867616,6794,6833,39,0,0,0
858615,ab433357-009b-d6e9-d1ab-a295c2bed367,64,851828,851828,858615,865965,6787,6787,0,0,0,0
858897,471b2839-190a-7fe6-95e8-d04628286bc7,32,850966,850968,858897,879294,7929,7931,2,0,0,0
859307,c1c9ee7d-aeb7-5709-6783-799c6aeea7e7,64,854743,854792,859307,875295,4515,4564,49,0,0,0
859367,14762b21-9719-1f70-56c4-986fb6f1b3cb,32,853861,853877,859331,877186,5454,5470,16,0,0,0
859853,7d101990-50ac-b48a-353e-5de4a9cb52c4,64,854372,856878,859853,879468,2975,5481,2506,0,0,0
860026,7923e58e-f47a-1f9a-d7af-1b53ba34e69f,64,851474,851518,860026,872735,8508,8552,44,0,0,0
860773,9d3b0e93-d3cb-55e4-6c10-7ac563d742d7,64,854395,858132,860773,880865,2641,6378,3737,0,0,0
860934,5ef87e6b-437c-65ba-0482-a79e681a11e1,64,854066,854117,860934,867728,6817,6868,51,0,0,0
861047,117babd6-1106-6702-ed6c-fd7734c051d2,64,851414,851458,861047,876857,9589,9633,44,0,0,0
861850,de4cf808-7161-04a5-d755-bdd71fc0d8ca,64,853817,859307,861850,882083,2543,8033,5490,0,0,0
861994,d2329de0-7969-e3af-d650-c9dba029210b,64,852188,852188,861994,873679,9806,9806,0,0,0,0
862103,c3cf3a48-a614-2232-4786-49891542288d,64,851476,851518,862103,877791,10585,10627,42,0,0,0
862199,e2880ee0-7f5a-7c2d-6d92-dc3142e5896c,64,850816,850816,862199,874261,11383,11383,0,0,0,0
862602,413cda92-193c-1ad6-4262-65131cfe9e24,64,851168,851218,862602,871014,11384,11434,50,0,0,0
863320,da695b09-69f8-e6e9-35ab-963c2c5ec803,64,854602,858897,863320,882065,4423,8718,4295,0,0,0
863422,a524a769-8484-312a-a2ab-97ffe1af3215,64,851425,851458,863422,885557,11964,11997,33,0,0,0
863501,a8653e07-e2ac-bd0a-0a64-cde794709eab,64,851363,851398,863501,881922,12103,12138,35,0,0,0
863617,0269e915-2008-42c8-8997-69d612ff41ae,64,853986,853997,863617,870913,9620,9631,11,0,0,0
863677,8eb0af91-73b7-852c-ddf5-8bbda9120652,64,851984,861047,863630,886685,2583,11646,9063,0,0,0
864237,02c244b0-153a-7304-9113-a902ea2d6046,64,854642,854672,864237,870278,9565,9595,30,0,0,0
864606,78551007-0939-d8c8-b62a-8af66d9e0b39,64,851414,851458,864600,886863,13142,13186,44,0,0,0
864884,38b7a783-1a55-a1c1-e614-a78ba8efe664,64,862350,862350,864884,883545,2534,2534,0,0,0,0
865278,5b544da2-0111-d20c-49ba-416ce602d3f6,64,851000,851028,865278,880060,14250,14278,28,0,0,0
865959,bc1b0ba7-2eb8-54c0-7a71-780ea1b276c9,64,854221,863422,865959,888301,2537,11738,9201,0,0,0
866176,4f24d74a-f2ff-a797-d6b5-c3d740652405,32,854742,860773,866174,884868,5401,11432,6031,0,0,0
866300,f5dfc682-51d6-04db-66f7-8fbfa111b51c,64,853154,861850,866300,886712,4450,13146,8696,0,0,0
866938,6e8db18c-0461-6e86-0f2c-da12ed516e61,64,863970,863970,866938,882201,2968,2968,0,0,0,0
866998,dba25893-e321-13cd-f15a-b10cb0bb85f4,64,864309,864309,866953,886673,2644,2644,0,0,0,0
867687,0482faeb-210a-f34f-13fc-28b7da3f8f60,64,854010,862103,867653,887775,5550,13643,8093,0,0,0
868852,64d2a7f4-3520-7237-6fec-f8734c6b547d,64,850922,850968,868852,885831,17884,17930,46,0,0,0
869249,f39551c8-8cb3-7764-635d-617accf4686a,64,862372,862410,869249,885121,6839,6877,38,0,0,0
869443,b4b50460-c92b-da68-e0b1-8b290ff49237,32,863979,864030,869443,878396,5413,5464,51,0,0,0
869601,9160adbf-a90e-8d48-d43d-25072ecc7ed5,64,854725,860026,869601,883384,9575,14876,5301,0,0,0
869680,32402d5e-1a17-6fd0-a082-c02672b56c69,64,864605,865278,869680,889966,4402,5075,673,0,0,0
869831,ab10d0a5-b4f9-8296-54bb-164a8265f93d,32,862354,863617,869831,888940,6214,7477,1263,0,0,0
870543,9eefe50d-2ed8-7dd4-cc91-03bbc518d5f0,64,866116,866116,870543,879318,4427,4427,0,0,0,0
871227,47964805-6f81-cedb-8d60-8c4bb7f52d23,64,853884,859853,871227,882514,11374,17343,5969,0,0,0
871583,1c393ff3-afa3-041e-bbcc-48bc8b662cb7,32,866134,866176,871583,889307,5407,5449,42,0,0,0
871843,034b8f18-7102-3013-9ad1-01b1d1ff6208,64,851354,851398,871843,879871,20445,20489,44,0,0,0
871956,183944d8-2136-b848-958e-9b5969a6b8ca,64,851382,851398,871956,888325,20558,20574,16,0,0,0
872397,00f5f5a6-0310-8efe-dfba-142fe75583f5,64,867908,867908,872397,883137,4489,4489,0,0,0,0
872703,8d3d9b14-4450-0a98-2053-621b733252de,64,851169,851218,872703,887981,21485,21534,49,0,0,0
872895,09f2bd97-8948-1fd6-e1e9-6fdaca72b1e0,64,853033,863677,872895,890777,9218,19862,10644,0,0,0
873232,e25cf514-f90a-c201-8d53-2e88ff37c5a4,64,866167,870543,873232,897613,2689,7065,4376,0,0,0
873706,ce798090-5d6b-ae28-02b4-a0e861080dcc,64,865721,871956,873706,901680,1750,7985,6235,0,0,0
874006,e94211bd-c164-8110-e50e-fdeded0cda43,64,865350,865398,873977,887037,8579,8627,48,0,0,0
874146,3f4c0d5e-6f86-5bfe-6b4c-ade871576d32,64,855418,869601,874090,892946,4489,18672,14183,0,0,0
874146,c8a35f1c-9a0a-2b9d-2fb9-259f565aa1e9,64,864546,864546,874118,882666,9572,9572,0,0,0,0
874268,59e5f59d-135d-3cf8-0689-6bdd8e7a68c5,64,865318,869831,874268,896348,4437,8950,4513,0,0,0
875053,6d8107a6-7eb6-f4c6-4c47-703e647195b9,64,867501,869680,875053,895863,5373,7552,2179,0,0,0
875213,dc0ab88e-9ebf-d4fb-955c-fee69e9e9444,64,873982,874006,875213,890586,1207,1231,24,0,0,0
875313,706d85d6-00d0-7402-43e7-65c8323b9b21,64,873886,873886,875313,888429,1427,1427,0,0,0,0
875464,e01f2d89-fdb8-fe48-87df-cc39293aa0cc,64,867063,872397,875464,902096,3067,8401,5334,0,0,0
875893,e4dc377f-8e3d-912b-4662-0e538c9710fa,64,863878,863878,875893,889926,12015,12015,0,0,0,0
876342,416d3703-62e6-7326-62b9-f967de0663a5,64,867627,871843,876342,899757,4499,8715,4216,0,0,0
876622,03ba4c5d-fe3b-8711-2244-e4909038b60b,64,867045,867058,876622,880337,9564,9577,13,0,0,0
876682,f367f1af-f3a7-fdd2-bb27-5e971e7e38af,32,862372,871227,876644,897960,5417,14272,8855,0,0,0
876682,b72f2c3a-23d6-26cb-37cf-be947b3cc676,64,874086,874086,876644,888973,2558,2558,0,0,0,0
876905,d2136226-8b53-6dd0-55a4-4e5e41618656,32,874330,874330,876905,880606,2575,2575,0,0,0,0
877830,d5e155b9-9e20-ef16-a246-4b1012592fa3,64,873115,873115,877830,888115,4715,4715,0,0,0,0
877971,4d8eaa6f-83fa-d24c-8051-ce735ab75004,64,873919,873946,877971,888700,4025,4052,27,0,0,0
878031,862dc970-4cf7-68d1-4601-2183b22ad044,64,873951,874006,878028,885989,4022,4077,55,0,0,0
880604,20cb514e-1b16-6ae5-6e98-7e556f6a1ebf,64,863970,869249,880604,891758,11355,16634,5279,0,0,0
880664,05197ea4-b1b5-7216-dff9-4216e6a83e11,64,879743,879801,880639,882933,838,896,58,0,0,0
880724,54895d64-f8b5-a4f6-620d-53f23b12e490,64,879741,879741,880722,883069,981,981,0,0,0,0
881345,9bfbe83d-f0ad-1bb1-69fb-c052234de2de,64,864681,871583,881345,898999,9762,16664,6902,0,0,0
883369,3c6a7b99-a7d0-93ad-3b8e-d1d2a08ef2b2,64,866473,866473,883369,885413,16896,16896,0,0,0,0
915908,0966fe79-adab-049a-3cf2-a2b3ad169a70,64,781778,808134,915908,951931,107774,134130,26356,0,0,0
920842,a8aa1e64-bf68-90e5-3d1d-7f4418225cb0,64,919619,919619,920842,929279,1223,1223,0,0,0,0
921574,6c222fb2-0437-be61-a4ea-39bfdb52fe76,64,920307,920307,921574,935486,1267,1267,0,0,0,0
921789,6fa52f0b-4e73-541a-4e40-4542ca9c5a34,64,920332,920367,921789,935783,1422,1457,35,0,0,0
921849,80c424cc-3a7e-4e41-e96f-dc58c3943892,64,919622,919679,921810,928024,2131,2188,57,0,0,0
921909,07136255-7e20-d665-a97a-8e487161449d,64,919738,919739,921896,929438,2157,2158,1,0,0,0
921969,b6c831d9-5230-5072-cd32-069ff05bf388,64,919801,919801,921942,934332,2141,2141,0,0,0,0
922089,742ccfe1-88ba-c03d-3ff3-94a3b508b618,64,919943,919943,922089,936240,2146,2146,0,0,0,0
922173,75394265-9a1a-8606-c28d-0956a8fddea8,64,920020,920020,922173,929547,2153,2153,0,0,0,0
922243,1efef6b9-1a42-1c38-ae10-fb4ebf04367c,64,921016,921016,922243,938580,1227,1227,0,0,0,0
922363,7a304b51-fc59-4def-8959-23a0ec321bcc,64,919721,919739,922323,934303,2584,2602,18,0,0,0
922694,23adb501-0271-5b1b-b828-835505231c22,64,920114,920114,922694,936544,2580,2580,0,0,0,0
922694,a9969d43-5db3-41de-1430-44c08af7fddb,64,921279,921279,922694,931316,1415,1415,0,0,0,0
922926,fd791eee-bbd2-0beb-02c9-e36033bd0d99,64,920766,920766,922925,936072,2159,2159,0,0,0,0
923508,18a34488-54b4-2628-ab79-7db420d998a5,64,921341,921399,923508,933332,2109,2167,58,0,0,0
924252,e5057071-932f-8d84-1318-85081ad7587c,64,922868,922926,924193,930498,1267,1325,58,0,0,0
924427,c47c93f4-7067-0800-5302-de9e3fbd58c8,64,923160,923166,924427,934183,1261,1267,6,0,0,0
924890,2d9c7a96-2a28-2ce9-f7be-4d9383bf4b9f,64,922968,922986,924890,934629,1904,1922,18,0,0,0
925001,aad9cb14-c506-f5b6-939a-f154574acd7a,64,922406,922423,925001,933795,2578,2595,17,0,0,0
925559,e2ea5e58-5d61-a87c-ee81-1ee6dc4410f8,64,922250,922303,925559,933524,3256,3309,53,0,0,0
925665,175dc68c-35f6-1987-f535-e1d3ad53ba64,64,922392,922423,925665,933447,3242,3273,31,0,0,0
925732,b7084472-319f-7e04-107d-d2a242445cdc,64,923148,923166,925732,930494,2566,2584,18,0,0,0
925914,2c77a882-e3b0-f7be-19ef-22770a0b2d32,64,921318,921339,925914,929377,4575,4596,21,0,0,0
925974,85f08afb-17a5-ba75-853c-0b6e45333050,64,923822,923833,925949,931022,2116,2127,11,0,0,0
926072,df769ac4-d718-f6d0-342a-216f2bcc5c89,64,923913,923953,926072,932458,2119,2159,40,0,0,0
926354,24bcd67f-8ce9-edb0-7b93-aa3baed563b9,64,924134,924192,926354,930824,2162,2220,58,0,0,0
926414,51a847c1-5a42-ca2c-678d-f17786be136d,64,920920,920920,926360,928376,5440,5440,0,0,0,0
926866,9396d037-d9e4-448b-cdb7-7a861e9421ce,32,921452,921459,926866,936373,5407,5414,7,0,0,0
927007,e952fb1b-d2bd-4b46-7ff2-4d200898dbeb,64,922997,923046,927007,936360,3961,4010,49,0,0,0
927072,3f0266d2-a163-9056-b946-10850c11bb35,64,921157,921157,927072,935510,5915,5915,0,0,0,0
927132,c4d5921d-89da-f414-c79b-43e02baa8ff9,64,921650,921650,927097,928091,5447,5447,0,0,0,0
927363,6bc6f5e3-b0e6-2b69-f725-2a1a5d1de162,64,923312,923312,927363,933967,4051,4051,0,0,0,0
927608,49ee3695-f83f-d55e-112e-51a3209e1719,64,922873,922926,927608,929326,4682,4735,53,0,0,0
928055,551b950e-1264-f7b5-56dc-ac3ab6f104c0,64,923313,923372,928055,932021,4683,4742,59,0,0,0
928415,ed04d8fa-5c87-7622-214d-f0e74fc7a006,64,922972,922986,928415,929912,5429,5443,14,0,0,0
928641,a0751034-6daf-42d8-201a-16193441b3dc,64,923887,923893,928641,934224,4748,4754,6,0,0,0
928804,68e557c1-7f58-fbdc-c2ca-0e310b4fced7,64,923086,923106,928804,934807,5698,5718,20,0,0,0
928951,fec2e065-7f10-4698-7f39-777b3e9cd3bf,64,921862,921909,928951,935760,7042,7089,47,0,0,0
929039,fbda4bbe-da7f-24b3-ea69-6785fbd7870f,64,924510,925001,929039,935083,4038,4529,491,0,0,0
929151,523872bf-2cff-3f4f-0ab9-c1ae01211b37,64,924037,927007,929151,938374,2144,5114,2970,0,0,0
929211,c4cf92b8-a016-86f3-822d-e6f07526ee87,64,923543,927072,929187,938653,2115,5644,3529,0,0,0
929959,fb3075ee-e114-ae0a-7475-64f4e79e8571,64,922423,922423,929959,941014,7536,7536,0,0,0,0
930070,3f7fe9ac-2581-2896-24c2-fe1490fb1840,64,921653,921789,930070,938860,8281,8417,136,0,0,0
930130,b2091fca-1161-8dc5-8fea-e0b7bf2fc159,64,922866,922866,930124,937664,7258,7258,0,0,0,0
930190,bee51373-4560-6a76-08df-2ceb6c7af7d0,32,922968,922986,930142,939795,7156,7174,18,0,0,0
930645,ad63fab3-0a88-c529-986c-dc7424137215,64,924132,926072,930645,936526,4573,6513,1940,0,0,0
930999,675a3dc3-f9d0-03ba-9781-9ba81a32b9fb,64,921458,921574,930999,940030,9425,9541,116,0,0,0
931084,ee0db022-cac7-2216-560b-d2e303c53711,64,921676,921849,931084,939944,9235,9408,173,0,0,0
931144,a5296766-fdc9-b52d-df4b-08ffb7d5d0cc,64,924161,928951,931094,942024,2143,6933,4790,0,0,0
931144,672f21e7-476e-7e41-e91f-5f834d06ff71,64,923127,925732,931144,936327,5412,8017,2605,0,0,0
931204,67abfda5-3d22-4398-c33f-15db7afd4dae,64,923596,927132,931162,938703,4030,7566,3536,0,0,0
931766,3a0f32de-4ded-8ca5-e126-f058fae9567b,64,923952,926354,931766,937212,5412,7814,2402,0,0,0
932005,d89044ef-8877-32dd-9b74-037402fc8511,64,923773,928804,932005,941894,3201,8232,5031,0,0,0
932664,646ce69e-7d1e-61c1-12f0-132c229182fd,64,924311,928641,932664,941887,4023,8353,4330,0,0,0
934028,b03bd57e-1d27-d2a4-e739-5f217af26627,64,923157,925974,934028,936385,8054,10871,2817,0,0,0
934463,e8b632ce-3176-7815-8435-69980c412c2d,64,924533,929039,934463,942081,5424,9930,4506,0,0,0
935796,95180d43-af2a-5cb9-2f8d-2e1d9c99747f,64,934519,934523,935784,948850,1261,1265,4,0,0,0
936046,a1914369-91dd-eecd-7d11-38f7084ba929,64,934788,934788,936046,951016,1258,1258,0,0,0,0
936667,b8b249cf-e50d-ecaf-076f-df62186cab5b,64,934069,934088,936667,951825,2579,2598,19,0,0,0
936946,3ca02be0-d001-3028-de0c-fae8aac83c13,64,935688,935736,936943,943991,1207,1255,48,0,0,0
937006,d873eb47-08c0-fc15-dec6-f21284fbd51f,32,934371,934371,936969,951812,2598,2598,0,0,0,0
937306,e2f8daa3-cdd6-397e-06c3-8f8fa1e1fb39,32,934686,934686,937278,946456,2592,2592,0,0,0,0
937306,3ea659e5-1a07-24c4-e6ce-d70fc3f6565e,64,935161,935161,937306,943035,2145,2145,0,0,0,0
938182,39f930ee-572e-f7e0-bfdf-8c1e9dd85ab2,64,934051,934088,938128,948467,4040,4077,37,0,0,0
938319,79883039-6a73-158e-843d-bd5842d87905,64,936886,936886,938319,946842,1433,1433,0,0,0,0
938492,dcf42d50-4da0-5de1-ea90-a0c1328b94d0,64,936386,936386,938492,943997,2106,2106,0,0,0,0
938565,8724059f-1284-d5f9-2dbc-68db807d213a,64,937261,937306,938565,951431,1259,1304,45,0,0,0
938686,168be813-0524-be7a-aeaa-b199a18cd021,32,936087,936106,938686,949993,2580,2599,19,0,0,0
938928,ce29e599-ac03-0767-2bfd-5e1d7b76df98,64,935676,935676,938928,948461,3252,3252,0,0,0,0
939041,b0aa9be6-8eed-530f-7b21-4e6a2c93a5d3,64,936539,936539,939041,953414,2502,2502,0,0,0,0
939476,d50cad0a-e404-4b33-98fe-060dc33b23ca,64,938062,938062,939476,949885,1414,1414,0,0,0,0
940180,f0e78683-309a-5325-6104-4e236c816e7e,64,935576,935576,940180,942580,4604,4604,0,0,0,0
940424,f9805a3d-c453-a8c9-78c5-5ed1ebcf1583,64,937128,937186,940424,949188,3238,3296,58,0,0,0
940937,fb9efe73-4e62-0fa9-05f0-8ac668af5ea7,64,936886,936886,940937,946371,4051,4051,0,0,0,0
940998,c65a85b5-bd4d-3eef-5c6f-19d87d648655,64,937108,937126,940998,954186,3872,3890,18,0,0,0
941511,1d39b0bf-e49a-654d-71c4-5794cd7264bb,32,938127,938928,941511,954679,2583,3384,801,0,0,0
941770,b9f1f11a-a8df-8093-77d9-057667903bff,64,937151,937186,941770,945294,4584,4619,35,0,0,0
941848,2ebc130f-aad9-452e-b8c7-08affb392edc,64,937811,937811,941848,951450,4037,4037,0,0,0,0
942099,3fd2c5d6-0238-3577-ad22-f080192e0039,64,937978,937978,942099,951538,4121,4121,0,0,0,0
942174,94752f21-9f2c-199a-1fba-fb0d37b2d9f2,64,938106,939041,942174,956282,3133,4068,935,0,0,0
942879,ccdfb802-9ce5-b8ae-e9a4-f9c147708b8a,64,937171,937186,942879,954585,5693,5708,15,0,0,0
943052,fc627496-2f9b-e915-c75f-7dbcf3f62a36,64,937589,937589,943052,949950,5463,5463,0,0,0,0
943405,d46b82d7-d1b5-73b3-6d85-a04f8bbbc89e,64,935326,935326,943405,947572,8079,8079,0,0,0,0
943465,c7bb022e-5241-30a2-815b-078c9dea04ee,64,935419,935419,943410,946622,7991,7991,0,0,0,0
943525,7ad65f33-ed3a-5de6-0ddc-b123815cc6a5,64,937040,937066,943490,954936,6424,6450,26,0,0,0
943808,e2f06e75-a075-8677-4ad8-74e81192f37c,64,935759,935796,943808,947114,8012,8049,37,0,0,0
945305,bac22ea7-35e9-0ae4-8062-e1a4466292ba,64,937233,937246,945305,943759,8059,8072,13,0,0,0
957210,fc8e724e-418d-96ee-1e5c-4e127f56918d,64,957061,957090,957206,958752,116,145,29,0,0,0
957390,b5fbd304-44d3-a938-78d9-95cc899a4135,64,956645,956645,957381,958877,736,736,0,0,0,0
957450,062f4025-7f2a-5b65-3125-8cc1b90a28cf,64,957293,957330,957449,957828,119,156,37,0,0,0
957630,acea0ac2-3145-818e-1682-486f3deffc54,64,957481,957510,957587,958616,77,106,29,0,0,0
957630,f5f423eb-5e45-338e-843e-32f3f9a31315,64,957430,957450,957629,958866,179,199,20,0,0,0
957721,3738c219-91e0-feed-764b-63d9a48c6675,64,956909,956909,957721,968310,812,812,0,0,0,0
957781,8fbb8e3d-3741-2376-79a0-d4fe488e0d76,64,957577,957630,957732,958229,102,155,53,0,0,0
957841,96fd9a95-ef41-c8e1-1129-3bb2f4ea721f,64,957381,957390,957802,958454,412,421,9,0,0,0
957901,737f7d07-bac2-f91d-37ca-0f3b0b50c4bb,64,957392,957450,957842,960550,392,450,58,0,0,0
957901,f89d5bbc-4730-f5aa-e614-3d439c960733,64,957586,957630,957860,959747,230,274,44,0,0,0
958053,9cb37962-5f6f-bdc1-a531-1698f17a4577,64,957360,957390,958053,958660,663,693,30,0,0,0
958113,7bc97562-5cae-7736-db72-3291c5c984f4,64,957819,957841,958057,959595,216,238,22,0,0,0
958181,67adffd3-502e-b394-6352-66fb697414c1,64,957944,957961,958181,958567,220,237,17,0,0,0
958241,4f8ba5a8-fb8e-9f47-4137-ef500252a741,64,957392,957450,958186,959445,736,794,58,0,0,0
958485,6d76a5b7-8003-4081-b151-3aa95de751d8,64,957793,957841,958446,960937,605,653,48,0,0,0
958485,9c83c74f-eeba-fb57-4698-80a87590596a,64,957787,957841,958478,959745,637,691,54,0,0,0
958605,0e6aee1c-1eb1-7b70-588d-6c4be31c393a,64,958425,958425,958555,959425,130,130,0,0,0,0
958605,152e632f-d84b-11b6-acab-20f823cda311,64,958314,958314,958563,960081,249,249,0,0,0,0
958605,33c02855-e572-41c2-31a1-6da4f1c7db44,64,957550,957570,958568,960205,998,1018,20,0,0,0
958605,c9f39a50-44b8-d1f4-fda3-0c670f5f80fe,64,957148,957150,958578,967573,1428,1430,2,0,0,0
958605,e37a4771-a1ef-134e-f594-b373a122fc19,64,958227,958241,958600,960613,359,373,14,0,0,0
958725,8bfc5f16-92eb-0c8b-e5ed-63d0a0aea2fc,64,958222,958241,958699,959652,458,477,19,0,0,0
958785,6be91c79-e7e7-b58c-34bb-5d9dcedb780f,64,957298,957330,958764,959105,1434,1466,32,0,0,0
958923,626ed105-86ec-205c-bccb-bdf5ccd5d1d1,64,958707,958725,958923,959816,198,216,18,0,0,0
958983,045c0c15-6b8a-816d-f955-0144fe640051,64,958470,958485,958943,960302,458,473,15,0,0,0
958983,eb24a407-41f9-e30e-61e9-da38f213671c,64,958788,958845,958947,960079,102,159,57,0,0,0
959064,39ac9064-f4d3-40a4-a07a-4354bc5d543f,64,958615,958665,959064,959417,399,449,50,0,0,0
959124,de953118-8e56-221d-542b-50e8cedec18f,64,958475,958485,959095,960861,610,620,10,0,0,0
959244,8f21cc04-ceb7-9f5c-5961-53d807af536e,32,958693,958725,959188,961391,463,495,32,0,0,0
959304,59ac169c-5bf9-aa86-1bdf-6dc7529483e6,64,958975,958983,959288,959670,305,313,8,0,0,0
959304,36a49f01-0ecf-ea9c-2ff0-7b5fcbed2099,32,958775,958785,959297,960995,512,522,10,0,0,0
959364,28437701-e8d9-ddde-be51-7fc09aecca90,64,957149,957150,959323,968575,2173,2174,1,0,0,0
959364,ace1345a-ae20-0363-4d77-b32c41d6f9f2,64,958497,958545,959338,967732,793,841,48,0,0,0
959591,8734beb2-4489-6845-f83b-f59c93105e39,64,957168,957210,959549,972077,2339,2381,42,0,0,0
959591,853d30f0-59bc-535e-6026-07c9ae61a622,64,957395,957450,959579,967398,2129,2184,55,0,0,0
959651,6c0bd8a0-7003-90b9-30f9-b3ba2f87d372,64,958792,958845,959631,970219,786,839,53,0,0,0
959771,b2009fac-6701-ba45-928e-63426de1feb5,64,957429,957450,959752,970488,2302,2323,21,0,0,0
959913,2860c0db-38aa-e51b-48a2-8366791fb174,64,957251,957270,959871,966392,2601,2620,19,0,0,0
959973,64500e9f-8070-9dc2-c18f-2986deda4502,64,958510,958545,959970,967921,1425,1460,35,0,0,0
959973,48ef90a3-3e42-89ce-2ad7-637807370d10,64,959853,959853,959971,962513,118,118,0,0,0,0
960265,8696465d-aa80-e0b8-9d8d-ac2801d2df83,64,960128,960128,960262,962246,134,134,0,0,0,0
960445,eb9c39ce-8a9d-3948-594f-f8c9b191f781,64,960061,960061,960445,961521,384,384,0,0,0,0
960569,2ed0dbcc-4868-188d-ff99-d4350cfba1b0,64,960223,960265,960567,961967,302,344,42,0,0,0
960729,3cb82ec8-1cdf-cb3c-9236-ede077efe507,64,958508,958605,960729,969631,2124,2221,97,0,0,0
960789,062e2f6b-5ba7-97f1-826d-efc82d5c5a12,32,960236,960265,960736,962566,471,500,29,0,0,0
960849,b510a159-073c-972b-7c5a-dcd92162fa1f,64,957423,957450,960798,971840,3348,3375,27,0,0,0
960909,d4d3ac9b-7103-17f7-0a50-dec4d5af56e6,64,958511,958605,960854,970946,2249,2343,94,0,0,0
960909,016ae6c5-30a4-4dd4-06bf-4d93deae7937,64,960221,960265,960884,961982,619,663,44,0,0,0
961142,37fdca4c-4972-628d-d245-75493fec2135,64,958481,958485,961123,969585,2638,2642,4,0,0,0
961415,3527e689-af22-e95f-dd51-4a5f73d2ff67,64,960596,960629,961415,966894,786,819,33,0,0,0
961598,58d1ba69-72cf-2736-ce82-7a50862528a1,64,957488,957510,961554,966244,4044,4066,22,0,0,0
961961,476f9d95-1891-02ee-ae12-2118a93ab2f8,64,957521,959771,961934,973330,2163,4413,2250,0,0,0
962340,1bf8593e-9a45-d692-25d5-7a77accfadff,64,957623,957630,962290,969416,4660,4667,7,0,0,0
962590,9257c4b2-740b-241a-8e6f-0f84f2c60aa1,64,959310,959364,962590,970501,3226,3280,54,0,0,0
962766,3da10147-53b5-cc62-fd92-445137790df2,64,959515,959531,962766,968936,3235,3251,16,0,0,0
963068,25688e7e-02c4-c1e2-15f0-5f69b1fd533b,64,961538,961538,963021,973341,1483,1483,0,0,0,0
963128,d4a6fdc0-ebb0-a11e-127f-0e570916bf8f,64,957155,957210,963101,972542,5891,5946,55,0,0,0
963248,16a9363a-2e2a-8fe9-e004-bc971b21deb7,64,957030,957030,963220,971607,6190,6190,0,0,0,0
963429,60320a7b-7ea6-87b2-484d-722d8a20e9d8,64,960205,960205,963429,968168,3224,3224,0,0,0,0
963489,938b97a5-a3c1-6319-66d3-eb4c7f39f020,64,961224,961224,963440,973967,2216,2216,0,0,0,0
963652,637d4926-2a48-6534-a094-fae9bb913dc0,64,959553,959591,963652,967250,4061,4099,38,0,0,0
963712,047a2df6-567e-4584-d805-766362016354,32,961082,961082,963675,973333,2593,2593,0,0,0,0
963866,01bda526-85c1-b8a6-894e-41952605b6d7,32,961239,961284,963866,969775,2582,2627,45,0,0,0
964017,e4352aed-c088-3a89-0a1e-fdbc52d261e0,32,959471,959973,964017,973715,4044,4546,502,0,0,0
964180,5200f6c1-a3d8-0c1e-0e36-b22f8b2d68a3,64,959592,959651,964180,970089,4529,4588,59,0,0,0
964281,359e2500-4d6c-8b33-82d5-4b3f9594e474,64,960246,960265,964281,970194,4016,4035,19,0,0,0
964486,cfe236cc-d0e5-6fb5-5abc-66440ebaeaa6,64,959889,959913,964486,970260,4573,4597,24,0,0,0
964706,8cd8bca1-bbb5-d2de-2341-5fd03f9cda5b,64,958635,963489,964706,975550,1217,6071,4854,0,0,0
964988,fe916ff7-954b-3c2e-862e-af44605eae18,64,963008,964180,964988,976376,808,1980,1172,0,0,0
965081,6d4435dc-eb3f-fae6-211a-4e347c40f68c,64,957799,959973,965081,974557,5108,7282,2174,0,0,0
965531,f32d5478-afd9-fca8-c6da-9c40a67015ac,64,962235,962280,965531,969782,3251,3296,45,0,0,0
965591,a58cd59f-fbc9-576b-e1ad-dd6f29dad05b,64,961224,964706,965549,977949,843,4325,3482,0,0,0
965723,7aaf8af6-9bab-b2e7-fd83-f6e5938040cd,64,959132,964281,965723,977086,1442,6591,5149,0,0,0
965783,175236da-989f-f1d4-b97a-a38d8054905d,64,962010,964486,965767,977769,1281,3757,2476,0,0,0
965857,1f44994c-ae86-176d-2c72-4c6fc3facde2,64,962155,962590,965857,973441,3267,3702,435,0,0,0
966256,3f78f967-ff1b-a428-8547-6ee68c885633,64,963167,964988,966256,978002,1268,3089,1821,0,0,0
966316,8e260426-a3e1-d66e-1149-50150c134bbf,64,961659,961718,966267,971004,4549,4608,59,0,0,0
966460,90014d65-6b3d-3122-64a9-a8e85f1a4839,32,959662,963866,966460,975949,2594,6798,4204,0,0,0
966851,4a87739f-f228-acb4-8627-34592b74a182,64,962147,962160,966851,970726,4691,4704,13,0,0,0
967332,870d537f-6033-6970-548f-9cc9492aa483,64,957076,957090,967332,972224,10242,10256,14,0,0,0
967408,ae27dec2-f236-16d0-1400-e717f93911c9,64,962652,962766,967408,973867,4642,4756,114,0,0,0
967813,27409337-97d7-d3e2-766c-9df52859209d,64,962301,963128,967813,974064,4685,5512,827,0,0,0
968001,623f718a-7c15-b84a-893f-6d24af0ea5a9,64,962208,965857,968001,979555,2144,5793,3649,0,0,0
968117,41beab03-c44e-1f8e-ca9e-9181de1b4310,32,961667,965531,968117,978372,2586,6450,3864,0,0,0
968246,81eb38d0-37cf-2afc-0634-c607842f1233,64,961625,963652,968246,975730,4594,6621,2027,0,0,0
968437,2b324241-f317-a036-5102-3684c7577490,32,963011,965857,968437,979384,2580,5426,2846,0,0,0
968837,f7c52327-6b97-4588-52f7-3e48a9affd40,64,962346,965591,968837,978703,3246,6491,3245,0,0,0
968897,ff5e78c9-5416-6d62-274f-4fa4daf20003,64,962881,963429,968858,974903,5429,5977,548,0,0,0
968957,943b08bd-5bdf-1660-5350-bd0171d8593c,32,962134,966316,968914,980323,2598,6780,4182,0,0,0
969017,dfd43470-a41a-160f-e36b-02921027be54,64,961901,965723,968992,978873,3269,7091,3822,0,0,0
969458,b73c3d8c-49c4-b723-b879-3aa135d04be1,64,957468,964017,969458,976047,5441,11990,6549,0,0,0
969518,35d007c7-b75a-a791-bdfb-9962019f6d75,64,963178,966256,969491,980130,3235,6313,3078,0,0,0
970197,0db89201-3236-a6af-ed04-da35fbf0aae8,64,962100,962100,970197,969841,8097,8097,0,0,0,0
970435,5756a13c-abfd-d5ad-eef1-7071c03bd66a,64,960785,965783,970435,978995,4652,9650,4998,0,0,0
973069,cc6d0f8c-a37d-9504-7f21-8649f54edf30,64,960509,965081,973069,978340,7988,12560,4572,0,0,0
999078,6083ed9a-9962-b9d5-6155-3e93282527ed,64,997588,997588,999022,1011625,1434,1434,0,0,0,0
999328,cd4500ae-d7c3-85fc-2b52-035a695da9a1,64,998536,998536,999328,1015664,792,792,0,0,0,0
999810,82fb420e-d167-8665-ebc7-0bd5c011b0de,64,998349,998389,999810,1009708,1421,1461,40,0,0,0
1000171,f1f165ca-0d53-af42-1e42-563530ede685,64,998958,998958,1000171,1013353,1213,1213,0,0,0,0
1000261,abd1c401-4217-aaf2-d596-2bad374eb4f8,64,997931,997931,1000261,1014389,2330,2330,0,0,0,0
1000463,40ee17e5-b4c0-ea24-c54e-98f091358788,64,999203,999203,1000463,1005580,1260,1260,0,0,0,0
1000948,76df1885-f7c9-c46a-92a0-cc1012e122cb,64,997961,997991,1000948,1015943,2957,2987,30,0,0,0
1001008,1c1f4996-1e59-daa8-0c93-d7863b759543,64,998871,998871,1000993,1012478,2122,2122,0,0,0,0
1001143,ea75da93-daee-6756-dd8d-4c2d6bd77e36,64,998977,999018,1001143,1007256,2125,2166,41,0,0,0
1001203,3fe4043f-6f30-2303-e949-cf690c28c102,64,999008,999018,1001180,1008442,2162,2172,10,0,0,0
1001606,cfde92ad-da44-89dc-1a21-45512c29d8f5,64,999440,999448,1001606,1008393,2158,2166,8,0,0,0
1001666,36a52ce8-70b8-188e-ced9-475f07de2ba0,64,999050,999078,1001649,1007886,2571,2599,28,0,0,0
1001977,5d81679a-99e1-6195-cd22-645f5a1caad5,64,999024,999078,1001977,1016906,2899,2953,54,0,0,0
1002269,22ad9c78-ddb8-781b-10de-32162d43c250,64,998965,999018,1002269,1011376,3251,3304,53,0,0,0
1002394,53bafd3f-47c1-551f-038a-325a0732cde9,64,999134,999138,1002394,1009827,3256,3260,4,0,0,0
1002732,7d7a56bc-4b9f-5527-7be4-06bfa2704809,64,997983,997991,1002732,1006993,4741,4749,8,0,0,0
1002839,189a5b8c-8577-b68e-0d13-38e6d00948d1,64,999578,999628,1002839,1008455,3211,3261,50,0,0,0
1002899,978ecc83-e493-c7c3-0926-a919b7309782,64,998329,998329,1002899,1008111,4570,4570,0,0,0,0
1003425,2297e926-730a-5a6e-2e62-2db4ee225bce,64,999348,999388,1003425,1006420,4037,4077,40,0,0,0
1003965,e4a7c100-84d7-4eb8-06d8-c3ce5f3e9f9d,64,999359,999388,1003965,1006466,4577,4606,29,0,0,0
1004113,c3aeee90-1c5a-8d21-8a90-53823d73aa2b,64,999413,999448,1004113,1013381,4665,4700,35,0,0,0
1004288,12d89fff-310d-d789-f97c-e69270d46eab,64,998012,998051,1004288,1015461,6237,6276,39,0,0,0
1004907,6e9cbf43-b7e1-3394-ab96-5df24ff77ec2,64,999261,999263,1004907,1016027,5644,5646,2,0,0,0
1009028,a75d2b53-f34c-db3a-664d-744b8ed872ea,64,999556,1000948,1009028,1016654,8080,9472,1392,0,0,0
1009284,a8d93cb5-be9d-595c-afb0-3433e1ef527e,64,999501,1001143,1009284,1017622,8141,9783,1642,0,0,0
1032977,a64da63c-d631-5b39-53f5-a51cc53c75e2,64,1032174,1032174,1032972,1042393,798,798,0,0,0,0
1033763,25d626e9-2dc7-ae99-3001-5457730dac60,64,1031628,1031628,1033763,1039358,2135,2135,0,0,0,0
1033841,744f8e33-098b-2563-bf35-2dcf11a90904,64,1031706,1031706,1033841,1044170,2135,2135,0,0,0,0
1034507,926cdd8c-9d9b-663f-af3c-26c3c32a3bed,64,1033085,1033085,1034507,1042022,1422,1422,0,0,0,0
1034771,176358f3-47f1-90dd-0442-debc6e174db8,64,1032570,1032570,1034733,1041734,2163,2163,0,0,0,0
1034871,7738d433-00a0-803b-e71f-58dface7c09d,64,1034062,1034078,1034871,1047498,793,809,16,0,0,0
1035534,70b77175-ed32-94d3-0fbc-df6668aa5082,64,1034249,1034264,1035534,1051616,1270,1285,15,0,0,0
1036801,4ba17e37-07b3-9558-8f02-47642e8b94a1,32,1034204,1034204,1036801,1045822,2597,2597,0,0,0,0
1037286,32766bb5-c3d9-2ca1-1bbf-69551cb3521d,64,1032600,1032630,1037286,1041312,4656,4686,30,0,0,0
1037465,14a403b5-932a-f275-e624-44ad033a3b22,64,1034890,1034931,1037465,1070963,2534,2575,41,0,0,0
1038098,88941e68-657a-f375-2516-1211fde34380,64,1035140,1035140,1038098,1048063,2958,2958,0,0,0,0
1038305,e5a0c381-168a-90f1-aaa0-64fc80b5c4e4,64,1032917,1032917,1038305,1059718,5388,5388,0,0,0,0
1038731,7bd88724-8195-effa-5cdc-dae87f8ca891,64,1034018,1034018,1038731,1051639,4713,4713,0,0,0,0
1039948,b62880a1-04bc-bd23-b7f0-336c4239ad7a,64,1034518,1034567,1039948,1071656,5381,5430,49,0,0,0
1040723,30beca83-d27d-3fba-f140-ca4ace823aab,64,1032574,1032630,1040723,1042243,8093,8149,56,0,0,0
1041365,8099d94b-e433-9515-9339-2ec04140cc02,64,1040263,1040282,1041365,1053253,1083,1102,19,0,0,0
1041781,ed6bc0e5-a3f1-0a42-7b24-7e558ad65b9c,64,1041079,1041079,1041781,1049681,702,702,0,0,0,0
1042112,3f242b32-2e6c-2c34-2a51-bcf8535b23c1,64,1040829,1040829,1042112,1049553,1283,1283,0,0,0,0
1042418,e8bccb89-5359-bf07-8b2e-4b22f17f795e,64,1041094,1041139,1042418,1057711,1279,1324,45,0,0,0
1042618,eddeba60-35ee-9f85-945b-21ed11ce734c,64,1041466,1041485,1042570,1056850,1085,1104,19,0,0,0
1042678,0855e406-51a8-e1da-8f25-a873278a5707,32,1040342,1040342,1042668,1047703,2326,2326,0,0,0,0
1042782,6bd34ace-d800-9722-38bc-8d5623f86afa,64,1034711,1034711,1042782,1049947,8071,8071,0,0,0,0
1043146,76233726-683f-ac50-f425-bc75684fd8af,64,1040222,1040222,1043146,1050841,2924,2924,0,0,0,0
1043263,4fa8764a-2880-1efd-f497-c2377681b2bc,64,1042558,1042558,1043263,1054521,705,705,0,0,0,0
1043462,0db1856e-57ea-a50c-4447-002900868987,64,1041093,1041139,1043462,1056843,2323,2369,46,0,0,0
1043522,d622a257-a9ea-84bc-83b4-a0ac06d32c13,32,1041092,1041139,1043466,1053078,2327,2374,47,0,0,0
1044066,0585c177-2690-d18f-022c-d65fb1ec95db,64,1041136,1041139,1044066,1047727,2927,2930,3,0,0,0
1044126,40f53760-5a2b-3310-734f-2558fd4782fa,64,1032676,1032690,1044117,1051326,11427,11441,14,0,0,0
1044267,8bb5810a-f177-d89d-b214-357a330d576a,64,1040651,1040651,1044267,1052019,3616,3616,0,0,0,0
1044525,0d6ce8d1-7652-03a5-f353-e5f0afb5cfdc,64,1040889,1040889,1044525,1049264,3636,3636,0,0,0,0
1045105,1e5ffab9-2492-5f7b-a5a6-ed8344d1b4c5,64,1041455,1041485,1045105,1057181,3620,3650,30,0,0,0
1048213,092c814b-56ec-8332-1183-4823a655159b,64,1040902,1040949,1048213,1056210,7264,7311,47,0,0,0
1048273,c805ff54-ca47-4b83-8a37-8f24852d42f5,64,1040910,1040949,1048247,1056972,7298,7337,39,0,0,0
1048357,000b6374-11f0-8515-8f42-500d4d94f1ee,64,1036347,1036347,1048357,1075129,12010,12010,0,0,0,0
1048664,02448585-5096-9908-f532-7f9ea9ac63a8,64,1041401,1041425,1048664,1053680,7239,7263,24,0,0,0
1048864,82745942-52bf-de19-2999-0d0291d45509,64,1041633,1041633,1048864,1050307,7231,7231,0,0,0,0
1050667,ade33065-a9fb-70f7-5106-b5d23b8bf535,64,1049360,1049395,1050667,1057805,1272,1307,35,0,0,0
1051106,f30f86d5-8aad-60aa-c40e-0d8f46c1edc4,64,1049195,1049195,1051106,1061796,1911,1911,0,0,0,0
1051501,fbea2dd8-60a3-4e22-5068-dbafdb835660,64,1049528,1049528,1051446,1059525,1918,1918,0,0,0,0
1051801,368117cc-5c6d-cbdb-a246-9398385a6e24,64,1050530,1050530,1051801,1057436,1271,1271,0,0,0,0
1052206,37a7fd66-f78c-dff2-1eff-4c1f3ef26f48,64,1049899,1049899,1052188,1055970,2289,2289,0,0,0,0
1052266,9cfb4814-ef95-744c-5594-90687dcadc94,64,1049335,1049335,1052234,1057462,2899,2899,0,0,0,0
1052359,38d28a1b-80fa-a76d-4246-92977007921a,64,1048729,1048729,1052359,1064781,3630,3630,0,0,0,0
1052419,9f2246ae-8aa2-f865-0841-950bd59764f2,64,1051321,1051321,1052407,1058064,1086,1086,0,0,0,0
1052525,c4eafbcb-0832-19ff-1522-f844a81d49f0,64,1051430,1051441,1052525,1059229,1084,1095,11,0,0,0
1052775,d5a38079-51bd-68af-f732-064605073daf,64,1050466,1050466,1052772,1063449,2306,2306,0,0,0,0
1053221,30df5791-f20d-95e9-6a24-d3602a4d9e02,64,1052068,1052086,1053221,1065433,1135,1153,18,0,0,0
1053343,199ab284-f69a-ecfe-f192-6c3d9d89de8a,64,1051348,1051381,1053307,1065935,1926,1959,33,0,0,0
1053501,b8edf155-01ac-d135-14ad-dc2031a8fdb1,64,1052419,1052419,1053501,1063964,1082,1082,0,0,0,0
1053561,5b69c697-df07-76e2-e67f-34279227a7e0,64,1052368,1052419,1053555,1069040,1136,1187,51,0,0,0
1053744,d46af3b8-dedc-65f7-a56c-482a75fdf90d,64,1052984,1053035,1053744,1064378,709,760,51,0,0,0
1053935,7986cbfc-2686-4ebf-9b71-69ac0d20f880,64,1052026,1052026,1053929,1067169,1903,1903,0,0,0,0
1054259,d08ba0af-c8b4-ac38-7b0b-87ce1198e411,64,1052975,1052975,1054245,1066902,1270,1270,0,0,0,0
1054259,cc596e88-112c-8f5c-227e-7f469af501a2,64,1049345,1049395,1054257,1056597,4862,4912,50,0,0,0
1054407,03042524-98c4-e6e7-e0d2-02857cd1c31a,64,1050332,1050332,1054407,1060935,4075,4075,0,0,0,0
1054527,b1a1e261-61a2-70ea-5cd2-31b7ee35b0bf,32,1052134,1052146,1054485,1066981,2339,2351,12,0,0,0
1054766,94eaf573-428b-6fb9-262a-a9e38f4cb976,64,1052840,1052840,1054766,1066373,1926,1926,0,0,0,0
1054842,06192f3e-21e2-895b-4d6f-85cfa2a3429c,64,1054139,1054139,1054842,1060216,703,703,0,0,0,0
1055083,c5efdacc-0298-2437-e811-01059745f58e,64,1053815,1053815,1055083,1060837,1268,1268,0,0,0,0
1055467,12ca8940-8abb-f071-c95c-cde13829e56b,64,1054147,1054199,1055467,1063686,1268,1320,52,0,0,0
1055587,b86c2558-655d-f7de-bc79-0e847f84eddd,64,1054239,1054259,1055532,1064867,1273,1293,20,0,0,0
1055587,ee767c12-eca1-1ecc-d04e-5faa9790585e,64,1051391,1051441,1055555,1067844,4114,4164,50,0,0,0
1055647,201a2192-f782-e147-c80e-69167d6c4a39,64,1052715,1052715,1055631,1067386,2916,2916,0,0,0,0
1055781,412c575d-df9e-03b2-d256-bb9db80a4b37,64,1054435,1054467,1055735,1068682,1268,1300,32,0,0,0
1056006,0abe77f1-8991-3440-c54c-70b02bccc70d,64,1053040,1053095,1056006,1067638,2911,2966,55,0,0,0
1056222,fca954b1-4bce-5e5a-1599-bb5010e08c0a,32,1053857,1053875,1056189,1063555,2314,2332,18,0,0,0
1056517,24b252ea-55b2-855f-2735-c9e2ef438151,64,1055369,1055388,1056472,1061518,1084,1103,19,0,0,0
1057003,b6e9aadc-e891-e063-974a-7583b31e9ccf,64,1052868,1052900,1057003,1063101,4103,4135,32,0,0,0
1057217,f37f62fb-1759-85e5-f84e-2f9ee83a8441,64,1054260,1054319,1057217,1060354,2898,2957,59,0,0,0
1057835,8081baab-c96f-d09a-d6f0-3088bb13623e,64,1055491,1055527,1057835,1067939,2308,2344,36,0,0,0
1058407,dc489579-6f10-1568-d194-cdf3414345b0,64,1054191,1054199,1058407,1063027,4208,4216,8,0,0,0
1058484,72c92783-78a4-75e2-ba6b-ec114f2f6f3e,64,1056574,1056577,1058484,1063418,1907,1910,3,0,0,0
1058544,04dc38d4-45a3-8cc5-055e-a1b442bba2b4,64,1053640,1053640,1058507,1065183,4867,4867,0,0,0,0
1058685,4165bf63-44a1-486c-5b75-659ac9bdf37d,64,1051479,1051501,1058685,1063840,7184,7206,22,0,0,0
1058745,316d171e-be94-b4cc-8d45-76d689fa004f,64,1055328,1055328,1058709,1070038,3381,3381,0,0,0,0
1058805,d7704ff4-cada-87ec-f6fd-1005aa3266c6,32,1056457,1056457,1058791,1064173,2334,2334,0,0,0,0
1058874,ca75cf03-b528-321c-e43c-99bcc51c3a37,64,1056043,1056066,1058874,1070134,2808,2831,23,0,0,0
1059146,2ee5c5cb-9a51-3434-5656-75448e740d12,64,1055475,1055527,1059146,1065065,3619,3671,52,0,0,0
1059791,b3163196-b745-ceb5-6253-569ee54e3372,64,1056162,1056162,1059791,1069113,3629,3629,0,0,0,0
1059958,df792d40-5587-9c51-a275-640c94b8976e,64,1056468,1058874,1059958,1072962,1084,3490,2406,0,0,0
1060018,f7b1951d-850b-f4ee-b203-c877432e435c,64,1052634,1052634,1059968,1069184,7334,7334,0,0,0,0
1060078,383449f1-15d5-f588-a498-d43a47dcfa0b,64,1056564,1058745,1060029,1072418,1284,3465,2181,0,0,0
1060199,74f4181a-3664-8d95-785e-3eedcc18c831,64,1056558,1056577,1060199,1065120,3622,3641,19,0,0,0
1060268,c671feff-3f2e-268c-46fc-1c691df939cf,64,1059614,1059614,1060268,1063030,654,654,0,0,0,0
1060463,d15edf62-d405-3aa1-ac44-e271437b2cf7,64,1053283,1053283,1060463,1063339,7180,7180,0,0,0,0
1060716,bbf71876-2aa2-fb79-aba3-5fcdbed7171b,64,1056528,1058407,1060716,1070924,2309,4188,1879,0,0,0
1060776,def4cd93-a343-6548-3d51-3e1bcc2507bf,64,1055899,1055899,1060767,1068499,4868,4868,0,0,0,0
1062153,69005ce5-de68-cb5d-c283-739938bad6a7,64,1054078,1054078,1062153,1069900,8075,8075,0,0,0,0
1062673,807274e5-4e17-f415-07ca-9e663588d500,64,1056326,1058484,1062673,1071422,4189,6347,2158,0,0,0
1062748,b263c33b-cd89-1d24-b6a6-d37711ab78d7,64,1055477,1055527,1062748,1067223,7221,7271,50,0,0,0
1062808,fe47e139-b29c-8457-28b0-f9821a11c607,64,1056396,1058685,1062781,1071668,4096,6385,2289,0,0,0
1062922,8194903e-bb5e-745c-e59c-fc859eb46b7f,64,1055721,1055721,1062922,1066498,7201,7201,0,0,0,0
1063911,7807183d-7f23-7010-cd2a-bbe98207d639,64,1056736,1056736,1063911,1063700,7175,7175,0,0,0,0
1065429,77746f4e-d8a1-5005-b888-89c631d5bf7e,64,1055493,1055647,1065429,1071626,9782,9936,154,0,0,0
1088717,185c00b7-bf28-d861-cb4c-f224fe85e483,64,1087981,1088005,1088717,1097433,712,736,24,0,0,0
1089678,1c2cffc1-8375-5197-ae25-e17521e481a0,64,1088916,1088974,1089678,1098547,704,762,58,0,0,0
1089893,3f9f7783-83e8-a97d-400d-36666d0d0cd2,64,1087930,1087945,1089847,1099118,1902,1917,15,0,0,0
1090169,faac21f1-e0eb-bebb-7a69-65358b654937,64,1086067,1086067,1090169,1102439,4102,4102,0,0,0,0
1090337,c8fbccd1-2889-6016-cb25-e85de3aaa645,64,1088435,1088435,1090337,1094741,1902,1902,0,0,0,0
1090397,55d0cda5-b88a-66f5-11ef-00be92b1493f,64,1089096,1089096,1090370,1096086,1274,1274,0,0,0,0
1090637,e7f612ec-7785-a940-5b41-47ebba173c9b,64,1086404,1086404,1090637,1097049,4233,4233,0,0,0,0
1090697,b8d74803-5497-ed37-9ffb-f213c8309c4e,64,1089506,1089513,1090646,1102706,1133,1140,7,0,0,0
1090697,c80b3eda-2e2a-f3f7-250b-893794c70b49,64,1089934,1089953,1090660,1095565,707,726,19,0,0,0
1090757,95604b1c-ff0c-62a0-1c0a-7cc4f7790f43,64,1088914,1088914,1090750,1105010,1836,1836,0,0,0,0
1090846,c614b534-816a-dcbd-14d1-c756cc2bd89e,64,1089515,1089573,1090846,1098692,1273,1331,58,0,0,0
1091061,e821ca37-7f8f-c5d8-2438-536f91e49d0a,64,1089862,1090337,1091061,1104852,724,1199,475,0,0,0
1091222,dfc06491-9432-4c3a-5f5a-d10524dbb888,32,1088227,1088227,1091222,1103902,2995,2995,0,0,0,0
1091402,fc5d88ed-85e8-c7d5-a881-8cce4a81b661,64,1086420,1086464,1091364,1096896,4900,4944,44,0,0,0
1091402,3a6aa9dc-df3e-730c-6dd8-f4d8cd6e1ea0,64,1089453,1089453,1091383,1097771,1930,1930,0,0,0,0
1091462,8ad10a70-c636-642d-8939-fc59cca5839f,64,1089512,1089513,1091420,1100218,1907,1908,1,0,0,0
1091522,148a4cd3-c2f0-c639-72e7-411a3a0a0594,64,1089164,1089164,1091469,1102488,2305,2305,0,0,0,0
1092823,666c9a26-8c86-dea5-6c8e-6ce98733c8ee,64,1088048,1088065,1092789,1100192,4724,4741,17,0,0,0
1092943,008df369-5774-f0f8-07cb-1c5e38984f74,64,1087784,1087784,1092943,1103469,5159,5159,0,0,0,0
1093093,d43a08c8-6aea-f877-29d7-267c48d12a79,64,1092343,1092390,1093093,1106636,703,750,47,0,0,0
1093154,0f2e7d79-b19a-04b2-5e9e-cbf56a85961a,64,1088228,1088287,1093154,1102755,4867,4926,59,0,0,0
1093214,2f8b826e-735e-d66c-1d3a-7d2be5661be2,64,1091267,1091282,1093210,1104199,1928,1943,15,0,0,0
1093482,4eaec66f-4319-931e-670c-13e7820915d2,64,1089773,1089773,1093425,1100534,3652,3652,0,0,0,0
1093954,69e79b9d-c8eb-9981-b76d-187efd22f229,64,1092799,1092823,1093954,1099746,1131,1155,24,0,0,0
1094014,eb46c2ab-3867-0594-ea16-885326f4e97e,64,1089800,1089833,1093962,1095912,4129,4162,33,0,0,0
1094134,83864713-2f31-8ce6-4553-fd2ded89c9e4,64,1093376,1093422,1094131,1106309,709,755,46,0,0,0
1094199,99b1482a-e7cd-3246-b92d-780ce994f6ce,64,1092270,1092270,1094199,1103583,1929,1929,0,0,0,0
1094447,2fbc2975-d929-b2e9-0457-3fa3ed17467c,64,1093362,1093362,1094447,1100854,1085,1085,0,0,0,0
1094511,ec7775b5-73dd-8b43-2f38-ea1a373ad0e7,64,1093376,1093422,1094511,1101596,1089,1135,46,0,0,0
1094780,abb17f97-fac3-5483-b2dd-8e86e40e845e,64,1094056,1094074,1094780,1105251,706,724,18,0,0,0
1094967,6d381261-ffd5-a3b4-2a40-4dbcd8d068ea,64,1091320,1091342,1094967,1100365,3625,3647,22,0,0,0
1095145,d641d013-aff9-3ae4-2dcd-e11a9dc0565e,64,1093823,1093872,1095145,1101771,1273,1322,49,0,0,0
1095205,97b69904-810c-427e-2bf7-02227acb389b,64,1087885,1087885,1095158,1094764,7273,7273,0,0,0,0
1095265,1384756b-8082-87a3-0865-09586f1d6412,64,1094104,1094134,1095219,1104030,1085,1115,30,0,0,0
1095483,90c856cc-a8e1-231d-9343-297883bd82ac,64,1092527,1092527,1095424,1104213,2897,2897,0,0,0,0
1095762,26ef5112-9ccb-6ffe-19f6-34a419978f23,64,1093800,1094967,1095762,1109789,795,1962,1167,0,0,0
1095822,2bcab994-fe5d-8722-ffba-021f1335b6c4,64,1094128,1094511,1095788,1108334,1277,1660,383,0,0,0
1096038,7291ba0f-405d-9a96-5249-f2e5600a3beb,64,1095270,1095325,1096038,1103533,713,768,55,0,0,0
1096191,29742d62-f302-3d9f-418e-fe8db9d03a75,64,1093367,1093422,1096191,1108329,2769,2824,55,0,0,0
1096272,27be5d0e-243e-c6df-5c3e-c31327df3c74,64,1092778,1092943,1096272,1108598,3329,3494,165,0,0,0
1096409,3a3b594c-ca8a-bff7-8af4-0b32a8b1632d,64,1092319,1092330,1096409,1107922,4079,4090,11,0,0,0
1096726,dd062ec2-0726-2d2f-4777-917cad5014ab,64,1091269,1091282,1096726,1102889,5444,5457,13,0,0,0
1096855,7859ead7-ce5e-8279-cd36-f469db2ed713,64,1092763,1092763,1096855,1099000,4092,4092,0,0,0,0
1096989,c3cff4a3-42f9-0c3c-451c-71fa6bcb0f88,64,1094046,1094074,1096989,1107466,2915,2943,28,0,0,0
1097049,02d45aad-ef4e-31fe-b93b-406115bd125e,64,1092772,1092823,1097025,1106412,4202,4253,51,0,0,0
1097349,35ee8e4d-108a-ffe9-79a3-9497f445b1a3,64,1095059,1095059,1097349,1102184,2290,2290,0,0,0,0
1097777,d5daa879-3860-2ba7-45b1-bf2f7125419e,64,1095854,1095882,1097777,1107883,1895,1923,28,0,0,0
1097837,7b0f607c-a8e5-df5f-cf2f-588bbdcba1c2,32,1095430,1095483,1097810,1104828,2327,2380,53,0,0,0
1097972,ec7381b1-c9fe-f3c7-d26c-a2d0e32ca153,64,1093752,1093752,1097972,1106801,4220,4220,0,0,0,0
1098313,9edbea4c-a25b-f103-2d0b-86026d35cc46,64,1094036,1094199,1098313,1107968,4114,4277,163,0,0,0
1098373,1f811d74-26e6-5e82-fd7a-1945ecf69119,64,1095423,1095423,1098336,1109757,2913,2913,0,0,0,0
1098613,9aa7f546-5626-f565-0657-3a507c1e2e0e,64,1091302,1091342,1098613,1102719,7271,7311,40,0,0,0
1099616,b026b206-459c-4adf-caf4-9344f41486a2,64,1098908,1098908,1099616,1112411,708,708,0,0,0,0
1099979,0492d614-f6b7-a4a6-4e1b-ae46b222da4f,64,1095840,1095882,1099979,1110529,4097,4139,42,0,0,0
1100316,a7852abd-30bb-472d-97fd-431cede8d181,64,1098356,1098373,1100288,1110160,1915,1932,17,0,0,0
1100541,cc987814-da6f-6c84-7f92-ead79e675f63,64,1099453,1099453,1100541,1113036,1088,1088,0,0,0,0
1100902,04e16efe-84a7-b2bb-577c-d79709ff222a,64,1095801,1095822,1100845,1112391,5023,5044,21,0,0,0
1101317,3dcae2ac-5968-4ea4-b088-6dbe6e5314b4,64,1100189,1100189,1101317,1109489,1128,1128,0,0,0,0
1101377,504d73d5-2177-f54e-96d9-6a8b55bd7483,64,1097274,1097274,1101350,1106810,4076,4076,0,0,0,0
1101437,47bad27f-dc41-04b7-9d69-cf94f4e30d04,64,1100256,1100256,1101387,1114506,1131,1131,0,0,0,0
1102028,12df4c81-0143-d7d1-bc40-b96fcfc9f653,64,1101202,1101317,1102028,1115789,711,826,115,0,0,0
1102240,fe8dada9-2bb5-59cd-83c3-8bb2540e3755,64,1100935,1100962,1102240,1110758,1278,1305,27,0,0,0
1102307,4b22d8bf-5752-d3e1-b7cd-18016fd7e5d1,64,1100358,1100376,1102307,1110429,1931,1949,18,0,0,0
1102734,f1ec2333-f603-3b66-4436-03a30084596f,64,1100393,1100436,1102734,1112759,2298,2341,43,0,0,0
1102814,1bda84b7-1596-aaaa-aba8-166a5e9e2395,64,1095629,1095629,1102814,1111789,7185,7185,0,0,0,0
1102995,80cb0154-c923-d605-dfda-c0131396d194,64,1100683,1100683,1102995,1115767,2312,2312,0,0,0,0
1103281,178782b5-d7c4-1ecd-6918-191430e4ad1b,64,1100367,1100376,1103281,1108019,2905,2914,9,0,0,0
1103341,a6443d45-766f-4f45-a042-31e4efee599c,64,1098437,1098437,1103295,1109843,4858,4858,0,0,0,0
1103582,48eba619-68b5-5acd-efc9-71a5e09d1870,64,1102455,1102455,1103582,1108134,1127,1127,0,0,0,0
1103985,2503adfe-502d-df2e-2ef6-5ca726c985ef,64,1100278,1100316,1103947,1108051,3631,3669,38,0,0,0
1104045,390db63d-5f96-8b7c-49ac-f397dae97b56,64,1099904,1099904,1103991,1115688,4087,4087,0,0,0,0
1104161,0234f458-7436-fbcf-a6a9-ca955e432f32,64,1099283,1099283,1104161,1113720,4878,4878,0,0,0,0
1104465,f52ca4dd-eaaf-e4c1-216e-9dbb1cd90bb0,64,1100842,1100842,1104465,1106400,3623,3623,0,0,0,0
1104533,4ef4a595-4237-68aa-f6a3-f0f229e3b82f,64,1103368,1103401,1104533,1111247,1132,1165,33,0,0,0
1104878,cda67a3d-adb3-0954-c555-6bbe21c60b3f,32,1102480,1102515,1104833,1114288,2318,2353,35,0,0,0
1105058,d213424a-838b-0134-215f-10ee6c91501c,64,1100860,1100902,1105027,1115301,4125,4167,42,0,0,0
1105058,7d0101c9-7028-fb5c-fff4-fa15d6ffd771,64,1103925,1103925,1105051,1110999,1126,1126,0,0,0,0
1105118,c21c4ac5-b826-500f-47fb-ba54ced7dcc2,64,1103967,1103985,1105065,1118844,1080,1098,18,0,0,0
1105741,fba8a420-115d-9c28-e430-978179bd54e1,32,1103401,1103401,1105741,1114900,2340,2340,0,0,0,0
1105801,6e947184-54e5-8ea7-4e8b-ce9a14c20798,32,1103411,1103461,1105754,1119851,2293,2343,50,0,0,0
1105861,9e91cf37-d977-a5c4-71be-4463df8722f4,32,1103470,1103521,1105844,1116212,2323,2374,51,0,0,0
1106021,d342777d-9b80-70a6-45bb-f53ed8aca28e,64,1101130,1101130,1106021,1108579,4891,4891,0,0,0,0
1106200,60b05c58-3d31-2386-9ee5-26ba0b5eee4b,64,1102546,1102575,1106200,1109579,3625,3654,29,0,0,0
1106332,58cfe901-4f7f-cc42-0a5b-77ac1c7c63e4,64,1103398,1103401,1106332,1117371,2931,2934,3,0,0,0
1106719,a50c22f8-bec1-4ddb-2e4f-aaf4c1a60814,64,1104818,1104818,1106719,1111397,1901,1901,0,0,0,0
1107374,d1550bac-6ecc-fcc6-5ae8-54dcc38fc450,64,1105453,1105453,1107374,1119983,1921,1921,0,0,0,0
1107541,4b5c8fe2-b62c-2650-f14a-dc11cc3c5401,64,1105258,1105258,1107541,1114871,2283,2283,0,0,0,0
1107710,b5cab879-0172-3caa-44b3-94b94f340b20,64,1103592,1103642,1107710,1113771,4068,4118,50,0,0,0
1108302,5b6f9269-3337-92fc-e7f2-b25070a7354a,64,1107182,1107213,1108302,1122022,1089,1120,31,0,0,0
1109061,3eaf4f46-7124-2c2b-23c0-8037ebb047fe,64,1104998,1104998,1109061,1113967,4063,4063,0,0,0,0
1109501,aad13072-0c44-52c8-82d6-52dc77a17202,64,1107184,1107213,1109501,1120233,2288,2317,29,0,0,0
1110132,63666927-9be9-ab14-4c9e-5dc3579ddbb9,64,1107176,1107213,1110132,1118694,2919,2956,37,0,0,0
1110816,79c32664-ffd1-3147-57e4-9d63653267bf,64,1106646,1106646,1110816,1119612,4170,4170,0,0,0,0
1111231,b45d55ae-1026-5809-cab1-4e42a5eccc99,64,1107153,1107153,1111226,1120922,4073,4073,0,0,0,0
1111930,f5a04aa4-c830-220a-a6af-5484d1b5389b,64,1110036,1110036,1111930,1118336,1894,1894,0,0,0,0
1112258,ec342bd8-507f-eec8-f530-bb93b40b4ce5,64,1111171,1111171,1112258,1117234,1087,1087,0,0,0,0
1113207,905845af-52b2-628c-5f87-26416dd272ee,64,1112109,1112118,1113207,1121027,1089,1098,9,0,0,0
1113373,cce981ad-8863-8b10-0458-0cf1f09d8300,64,1112058,1112058,1113373,1128380,1315,1315,0,0,0,0
1113466,926ab9f4-72e1-c18f-164f-dc0d5b57064d,64,1112378,1112378,1113466,1123478,1088,1088,0,0,0,0
1113526,5eccb89c-381b-7f8b-3492-ce70ea07e0d7,64,1112378,1112378,1113513,1120743,1135,1135,0,0,0,0
1113586,8338c6af-efbd-b6d2-240a-330a90bba018,64,1111662,1111662,1113556,1127220,1894,1894,0,0,0,0
1113586,890e278b-dd58-6692-4a0b-a70ab5d006e9,64,1111662,1111662,1113585,1123367,1923,1923,0,0,0,0
1113725,1476d45b-fcde-7ddc-4183-5181c92dc1f5,64,1112597,1112597,1113725,1119726,1128,1128,0,0,0,0
1113785,9f9bbd45-72bb-445a-06d8-8e2f4a84dd86,64,1110850,1110876,1113782,1121588,2906,2932,26,0,0,0
1113941,3ecdcdd3-6d9e-3db0-d464-acc463078bfd,64,1110319,1110319,1113941,1121739,3622,3622,0,0,0,0
1114001,f1632ab1-6def-b3cb-722c-c247bd44afe6,64,1109864,1109864,1113944,1126309,4080,4080,0,0,0,0
1114128,a7501778-654c-1202-2f1f-767e2b04c911,64,1110511,1110511,1114128,1121717,3617,3617,0,0,0,0
1114188,b50ac811-f4ce-fa21-f79b-8fb1512a0a4f,64,1111838,1111838,1114141,1120255,2303,2303,0,0,0,0
1114326,9fea2b73-68c0-7f73-e8bf-7e1edbbaf82e,64,1111424,1111424,1114326,1121208,2902,2902,0,0,0,0
1115106,5ca56a30-dd14-b2d8-a93a-acc29873b799,64,1111433,1111484,1115106,1127077,3622,3673,51,0,0,0
1115324,3fe980e1-7b86-e314-c871-7f0baa684dbd,64,1114017,1114061,1115324,1125355,1263,1307,44,0,0,0
1115479,69f47d6b-15c3-3c00-cb09-6c66eade796f,64,1111266,1111291,1115479,1117988,4188,4213,25,0,0,0
1116049,b477ceaf-4aba-4a82-b4d5-49b533e0216e,64,1111171,1111171,1116049,1120356,4878,4878,0,0,0,0
1116160,ae9652e4-9443-cdd6-cfb5-cde7aa29ee0b,64,1114208,1114248,1116160,1126309,1912,1952,40,0,0,0
1118739,fdebfb67-e0d9-c41d-70fc-db2ba59aa9eb,64,1111435,1111484,1118739,1120208,7255,7304,49,0,0,0
1135984,10820c7d-c214-d184-4f1b-842286025562,64,1132754,1132754,1135984,1149975,3230,3230,0,0,0,0
1146200,738b21ee-64f7-0fe6-f68a-64db36fcc9ec,64,1144930,1144930,1146200,1158915,1270,1270,0,0,0,0
1146481,2fc4930c-6ee7-4eaf-0352-095a500aade8,64,1145157,1145157,1146437,1151350,1280,1280,0,0,0,0
1146481,22a46f7f-61ae-6b72-492f-731ec941b743,64,1145731,1145731,1146439,1159721,708,708,0,0,0,0
1146879,384e4753-6f67-4a70-1eda-ea0740167aa2,64,1145572,1145572,1146844,1160129,1272,1272,0,0,0,0
1147148,8db7620d-18bb-f7ac-de73-7e8008b93846,64,1145875,1145875,1147148,1162383,1273,1273,0,0,0,0
1147527,6548cd0d-4a8b-061a-b11e-03fea2f8451d,64,1146819,1146819,1147527,1158417,708,708,0,0,0,0
1147705,67b946b0-0443-a5cf-0944-436abe18edfc,64,1145734,1145791,1147705,1152312,1914,1971,57,0,0,0
1148152,9dc4f7a0-47d3-ca10-213c-15a0a2a8b6ec,64,1146828,1146879,1148152,1153729,1273,1324,51,0,0,0
1148282,75de0dfd-63c4-79a1-5d3b-647f256d36a7,64,1146978,1146978,1148255,1157551,1277,1277,0,0,0,0
1148282,78f3e4e6-60e4-6d0f-a89c-436451f25911,64,1146361,1146361,1148266,1163056,1905,1905,0,0,0,0
1148342,0859befa-269b-3954-7229-b197555a1c69,64,1146416,1146421,1148323,1155523,1902,1907,5,0,0,0
1148553,9b9267d9-b19e-5c4b-64b2-95226b16eaca,64,1146201,1146260,1148553,1152604,2293,2352,59,0,0,0
1148923,9eab7f0d-180c-c27e-d49e-16d3d9b05795,64,1146003,1146003,1148923,1160855,2920,2920,0,0,0,0
1148983,3e588e28-8362-c317-5576-019474522eda,64,1148222,1148222,1148931,1160716,709,709,0,0,0,0
1149051,f32c810b-e829-dd11-36ed-52ea97689264,64,1148319,1148342,1149051,1162135,709,732,23,0,0,0
1149223,421b4e8f-8106-efc8-ddc9-95fe9265375a,64,1144996,1144996,1149223,1151790,4227,4227,0,0,0,0
1149430,3138e78a-fb1a-14c6-916f-236ed2baf4bb,64,1145310,1145310,1149430,1161764,4120,4120,0,0,0,0
1149490,689b3515-fe11-229f-0a02-905e59253af5,64,1148286,1148342,1149474,1156432,1132,1188,56,0,0,0
1149490,02a44d23-7f65-5896-6fcc-e68b623dd994,64,1148297,1148342,1149480,1161583,1138,1183,45,0,0,0
1149686,198e5134-efde-4c2b-6c40-3dd6236270b3,64,1145320,1145370,1149629,1154925,4259,4309,50,0,0,0
1149746,5c50ec23-8410-eb6d-298d-ad1bae773867,64,1146049,1146063,1149694,1158554,3631,3645,14,0,0,0
1150137,8cc8f4c2-5cd0-330a-2065-938f868f0672,64,1145933,1145935,1150137,1159288,4202,4204,2,0,0,0
1150197,2e0154ee-40da-9314-252c-d8580776fde2,64,1148255,1148282,1150183,1157042,1901,1928,27,0,0,0
1150638,29735074-8d31-0160-7612-b04d384dce53,64,1149528,1149550,1150638,1164322,1088,1110,22,0,0,0
1150698,e9fd51ba-1d1d-d474-5e22-642bb2dfba4e,32,1148321,1148342,1150679,1159359,2337,2358,21,0,0,0
1150758,2519ef2f-fe90-a7fc-7f46-2d69d872741d,64,1147822,1147822,1150711,1163953,2889,2889,0,0,0,0
1150895,79cc667f-251e-5bf8-b43d-3e60a10655fc,64,1149847,1149847,1150895,1164363,1048,1048,0,0,0,0
1151090,a65190e4-8b4f-7e7d-86b5-c0fbec59c3c0,64,1149132,1149132,1151050,1161740,1918,1918,0,0,0,0
1151622,d6654844-c681-5a5c-de0c-97ce074b6599,32,1149246,1149283,1151622,1162204,2339,2376,37,0,0,0
1151682,54930ff5-8fd2-b5a0-b89f-7f9b52301745,64,1149722,1149746,1151682,1159476,1936,1960,24,0,0,0
1151805,3ec1def4-bf62-fe8b-3e17-e76f4b429680,64,1146829,1146879,1151746,1155531,4867,4917,50,0,0,0
1152257,c089e624-98a3-81f5-c1f3-8254121562c7,64,1149952,1149952,1152257,1156099,2305,2305,0,0,0,0
1152827,50787155-b1ca-b0e7-d6c3-4bf29df49345,64,1151745,1151745,1152827,1165892,1082,1082,0,0,0,0
1153044,402371b5-c6f3-7fe8-3b36-872967063070,64,1149626,1149626,1153044,1158223,3418,3418,0,0,0,0
1153983,3bafafde-5fd0-ece6-075c-6f4740ebdca4,64,1152079,1152079,1153983,1158873,1904,1904,0,0,0,0
1154109,918c6f42-8612-6b4c-1ebb-0e39c39d8e04,64,1151764,1151805,1154109,1163200,2304,2345,41,0,0,0
1154722,acd4e162-cad6-c86e-80bc-4621e1ac3b61,64,1151054,1151090,1154705,1166187,3615,3651,36,0,0,0
1154881,0d19955e-e696-ac67-e786-de64f92ec2bc,64,1151030,1151030,1154881,1190059,3851,3851,0,0,0,0
1155314,0c4341aa-6bff-3bc5-7470-282c940dd488,64,1148061,1148061,1155314,1158042,7253,7253,0,0,0,0
1155648,ef437de3-1f7a-1c85-a9d7-f5c3794993da,64,1154891,1154941,1155648,1161350,707,757,50,0,0,0
1155745,579807df-dd7f-4d9a-849d-0692c8d9bc36,64,1154662,1154662,1155745,1170593,1083,1083,0,0,0,0
1155979,89b18134-0d9d-f7c0-3feb-e76486d61e2a,64,1154662,1154662,1155934,1160689,1272,1272,0,0,0,0
1156304,4f9c094e-cf95-c34b-d6fb-cb7e17b32522,64,1152094,1152139,1156250,1161652,4111,4156,45,0,0,0
1156457,909b918b-b438-2a1d-c79f-22fbad9c88e6,64,1154563,1154563,1156457,1169585,1894,1894,0,0,0,0
1156523,6913edf8-8dd9-a9c9-0dc2-ea27e4c4dd50,64,1152426,1152426,1156523,1161611,4097,4097,0,0,0,0
1156643,b5e068e7-e8a1-a317-8e64-8f1b63f80039,64,1149304,1149343,1156607,1157525,7264,7303,39,0,0,0
1157626,35620738-1101-036b-c8e1-c1ef483fe885,64,1156905,1156922,1157626,1162493,704,721,17,0,0,0
1158033,d76884ce-750d-f84e-c483-68a32ae467ce,64,1157319,1157319,1158023,1170308,704,704,0,0,0,0
1158167,ebc5ecaf-8f56-b641-9993-9c4aefb76da2,64,1156189,1156244,1158167,1172369,1923,1978,55,0,0,0
1158235,10c99a48-a654-a17d-6ba2-565052694fee,32,1155919,1155919,1158235,1166904,2316,2316,0,0,0,0
1158383,1c70d3b0-b653-5a4e-9290-b125cd96374b,64,1151116,1151150,1158383,1165728,7233,7267,34,0,0,0
1158492,2aa6151f-2d74-58fe-7040-94465a4d0b5a,32,1156184,1156184,1158492,1164579,2308,2308,0,0,0,0
1158814,f4bbb13b-f6e3-e1cd-d0ff-6770c50038d0,64,1157646,1157686,1158814,1171766,1128,1168,40,0,0,0
1158884,d226b0ce-c7fc-4eb2-af77-9f19a6874d05,64,1156579,1156583,1158884,1167842,2301,2305,4,0,0,0
1159227,aacf8fa7-0dfb-5aa2-e2a2-cb8da2c90879,64,1156874,1156922,1159227,1173072,2305,2353,48,0,0,0
1160118,fa5fee08-4ab0-3498-9ed9-5069d04fb393,32,1157805,1157805,1160118,1164407,2313,2313,0,0,0,0
1160770,01abb0ad-bd37-bd22-27f3-60fcd169f2d4,64,1156586,1156643,1160770,1165888,4127,4184,57,0,0,0
1161131,efc67b3e-ff71-c10b-bcd5-91396e22df3b,64,1156869,1156922,1161131,1171404,4209,4262,53,0,0,0
1161557,c035bc8a-5f2a-1cbe-f71e-dcf035d2b23d,64,1157973,1157973,1161557,1173239,3584,3584,0,0,0,0
1164104,82bae1da-88fe-485f-50c0-3ab63147caff,64,1156862,1156862,1164104,1170074,7242,7242,0,0,0,0
1177386,85fc6db5-2cd6-8011-2bed-50ea2c16b2c8,64,1176253,1176253,1177386,1182316,1133,1133,0,0,0,0
1177831,63046fb9-e254-f1a3-b8e2-801747cf0362,64,1176690,1176690,1177831,1189189,1141,1141,0,0,0,0
1178260,14dc58ab-65a7-7b62-4885-517f014ea35c,64,1175923,1175961,1178260,1182068,2299,2337,38,0,0,0
1178320,af8da205-be99-cacf-e332-b95b7e12af5a,64,1176403,1176403,1178296,1190390,1893,1893,0,0,0,0
1178380,1861e622-e53c-4894-cf72-cd676c247145,64,1177229,1177229,1178358,1182814,1129,1129,0,0,0,0
1178543,e5abdf6b-2937-f28d-802b-0e6b68c1e272,32,1176187,1176187,1178515,1186282,2328,2328,0,0,0,0
1178787,66e9a251-ae96-3429-cedb-4451ed83e2f2,64,1176858,1176858,1178787,1186150,1929,1929,0,0,0,0
1179375,125e1789-e838-1904-6449-f9c7936480ba,64,1178664,1178664,1179375,1189313,711,711,0,0,0,0
1180382,9cddceff-2a8b-7755-ac7a-7b3f0039772a,64,1178483,1178483,1180382,1194458,1899,1899,0,0,0,0
1180766,9db5d7d6-4558-e148-8a83-c300525d2dc4,64,1175901,1175901,1180766,1187923,4865,4865,0,0,0,0
1181191,266cd7dd-6c5c-c90e-e107-c813aaf54ba0,32,1178869,1178869,1181191,1187556,2322,2322,0,0,0,0
1181510,2dc307c9-4f73-7f32-af73-8a86623bb95e,64,1179568,1179605,1181510,1191793,1905,1942,37,0,0,0
1181645,9ecee699-2cee-96c3-8f40-54201f6426ec,64,1178665,1178724,1181645,1192399,2921,2980,59,0,0,0
1181705,fda59835-d280-1137-b2dc-738a7a83fe11,64,1180920,1180955,1181664,1186741,709,744,35,0,0,0
1182230,39bcbb92-c7c8-bf2a-1076-e5df31b3affa,64,1178487,1178543,1182174,1184144,3631,3687,56,0,0,0
1182568,9b8a3415-baa4-64a4-08da-72667bef51e6,64,1178921,1178929,1182568,1187570,3639,3647,8,0,0,0
1182676,09edae8c-f4f7-9566-5b02-9f443e663788,64,1179761,1179761,1182676,1194803,2915,2915,0,0,0,0
1182839,bc53e2fa-291c-9c04-5b73-99396c74e071,64,1178681,1178724,1182839,1189478,4115,4158,43,0,0,0
1182899,183a56d8-e484-c2e7-c4ac-8d8673db3b17,64,1178024,1178024,1182873,1192936,4849,4849,0,0,0,0
1183210,0dc377da-3a5c-2b4d-b625-46328966a216,32,1180860,1180895,1183210,1196976,2315,2350,35,0,0,0
1183270,513685ff-e482-c58b-88fe-7c1c7d255a04,64,1182092,1182092,1183223,1193776,1131,1131,0,0,0,0
1183270,32d96b65-dacc-b639-db6d-8a3c48bdf320,64,1179579,1179605,1183236,1185792,3631,3657,26,0,0,0
1183330,5e4827a2-b1d7-cd98-aa93-9d30fb67128c,64,1182187,1182230,1183313,1193141,1083,1126,43,0,0,0
1183666,81f93b59-8598-36ab-01e5-02834dc5177d,64,1179545,1179545,1183666,1186748,4121,4121,0,0,0,0
1183739,c3495743-7833-5922-cc8b-25aeb3629b95,64,1180835,1180835,1183739,1192248,2904,2904,0,0,0,0
1183826,d1b95a9c-0770-f2fe-0130-fd79b86efbaa,64,1178883,1178929,1183826,1192659,4897,4943,46,0,0,0
1183993,5f65a6ab-9c6d-e1f7-2abf-e3d868f9e081,64,1181090,1181090,1183993,1194376,2903,2903,0,0,0,0
1184068,71480cec-9e2b-51ff-677b-f7d464c60d28,64,1176858,1176858,1184068,1190383,7210,7210,0,0,0,0
1184128,121ad00f-4880-1a69-b6ca-eb438e0ba093,64,1182170,1182170,1184094,1195637,1924,1924,0,0,0,0
1184188,a9aec628-719d-52ab-c947-cef977124ad1,32,1181856,1181856,1184180,1196415,2324,2324,0,0,0,0
1210744,efa1ad6a-8fdb-4557-cd38-2b1dc323eb05,64,1209737,1209737,1210744,1218466,1007,1007,0,0,0,0
1210824,82d5ebec-ef1d-4a47-e517-4aa41eaebe01,64,1210262,1210262,1210824,1220008,562,562,0,0,0,0
1213820,4f42b2a2-1b91-b3fd-cea0-4814276a81c4,64,1213254,1213254,1213820,1218544,566,566,0,0,0,0
1214941,c65267bb-739a-db8f-153d-f34c73ceaef9,64,1212575,1212575,1214894,1217871,2319,2319,0,0,0,0
1215001,a403b4ba-f215-243a-80ee-5f131f88a890,64,1214092,1214092,1214993,1219153,901,901,0,0,0,0
1215061,bdc5ddf1-ec4f-d668-0c1e-c18a9a7dc7c5,64,1213463,1213463,1215010,1218280,1547,1547,0,0,0,0
1215898,3d46f965-04d3-4bba-e708-6b7843f2dc81,64,1214881,1214881,1215898,1227366,1017,1017,0,0,0,0
1216288,2b58496e-b503-9a2e-4ddc-095dfbe47f5e,64,1213334,1213334,1216238,1221535,2904,2904,0,0,0,0
1217034,125cc200-2fcf-74d0-3ac1-e723ec0f1416,64,1215494,1215494,1217034,1226390,1540,1540,0,0,0,0
1217640,8abd1510-e6a3-b374-4512-a4a53eaa1da5,64,1216103,1216103,1217640,1224972,1537,1537,0,0,0,0
1218018,9b9cc0b8-a905-d919-57dd-ab10b00bdd01,32,1216123,1216163,1218018,1225662,1855,1895,40,0,0,0
1218326,e410dc4f-c935-53ca-749d-5628d7c5dee9,64,1217762,1217762,1218326,1226109,564,564,0,0,0,0
1218463,cd7a1042-91fd-35e0-9830-2ee18ed0b642,64,1215532,1215554,1218461,1222655,2907,2929,22,0,0,0
1218463,a9828e9e-07c7-11d9-ad67-58e8614ef037,64,1214594,1214594,1218462,1224597,3868,3868,0,0,0,0
1220060,ddc1f12e-81e3-73b0-db22-5a86291cadb0,64,1218998,1219050,1220060,1227376,1010,1062,52,0,0,0
1220136,5384e501-3183-5649-e309-60111ccb4691,64,1216228,1216228,1220136,1228543,3908,3908,0,0,0,0
1221143,62712073-b660-c144-a37c-b590cf364ea9,64,1215351,1215351,1221143,1223573,5792,5792,0,0,0,0
1221203,22a58f6a-6670-1926-b658-a5b7a5940275,64,1217778,1217822,1221196,1230530,3374,3418,44,0,0,0
1221263,7cf2df86-62de-5cb8-9421-13981f137c02,64,1219732,1219732,1221238,1230331,1506,1506,0,0,0,0
1221681,3e5271e8-44bf-2ea3-fea3-ada7244b8ece,64,1220777,1220777,1221681,1231437,904,904,0,0,0,0
1221741,46037f4a-091c-9af3-702e-ddecc3ba7904,64,1220794,1220837,1221707,1228206,870,913,43,0,0,0
1221817,d1146541-c824-b582-309f-f73b60ffaded,64,1220302,1220311,1221817,1229222,1506,1515,9,0,0,0
1221877,c5b6fc92-c064-f875-151d-f522f18678e4,64,1220266,1220311,1221818,1232261,1507,1552,45,0,0,0
1221877,66a9280e-54b5-8440-d20d-81c01a87496e,64,1220328,1220371,1221877,1228915,1506,1549,43,0,0,0
1222181,17c381e2-5044-054f-378b-44d8af84f87e,64,1221620,1221620,1222181,1233060,561,561,0,0,0,0
1222249,abde0b9a-ec61-1ae4-e654-dd4a71c36222,64,1218990,1218990,1222249,1231412,3259,3259,0,0,0,0
1222309,0dd14fc8-59fb-6fc4-6047-c569dc34d3c9,64,1218403,1218403,1222291,1228760,3888,3888,0,0,0,0
1222680,b7174c62-b2e5-29b5-1ca4-a9cc711ebcb7,64,1220814,1220837,1222680,1230865,1843,1866,23,0,0,0
1222740,82696cbb-b2ff-d23d-8e69-83850988862b,64,1219426,1219426,1222690,1229209,3264,3264,0,0,0,0
1223092,b9b2d34a-3996-d153-ed94-6d902d3d532d,64,1222529,1222529,1223092,1234701,563,563,0,0,0,0
1223168,474af94f-b14e-771e-44a1-07ec811b2d90,64,1220822,1220837,1223168,1229908,2331,2346,15,0,0,0
1223504,815a1703-c2ec-e0a5-dd9c-7e423d945ba0,64,1222945,1222945,1223504,1233779,559,559,0,0,0,0
1223564,a947925c-501d-7030-6928-caa4ad88d02a,64,1218999,1219050,1223542,1234840,4492,4543,51,0,0,0
1223624,d12bc8a3-43a1-8170-e0d9-318d6babef07,64,1217800,1217822,1223584,1224470,5762,5784,22,0,0,0
1223684,a610bb80-81dc-c68a-cfcc-0dc87625135f,64,1217830,1217882,1223652,1224376,5770,5822,52,0,0,0
1224127,c4f1bbd1-6075-319a-5a1b-1b7cee33602f,64,1220251,1220251,1224127,1233372,3876,3876,0,0,0,0
1224247,d36013e2-2768-4ff5-b3ba-cf910816dd28,64,1222356,1222369,1224208,1227791,1839,1852,13,0,0,0
1224550,3e98a76d-597d-36aa-da12-0cb435b413b2,64,1223661,1223684,1224550,1229837,866,889,23,0,0,0
1224966,20ac853c-7300-2849-73e3-8f3aa5b382cd,64,1222084,1222084,1224966,1230710,2882,2882,0,0,0,0
1225752,e53a619b-52bb-a9b0-0a76-d3247b800ec0,64,1224891,1224891,1225752,1230055,861,861,0,0,0,0
1226014,e90c0e32-5f19-30b1-7b9f-35c9616d3315,64,1224166,1224187,1226014,1231668,1827,1848,21,0,0,0
1226093,a077aa11-dbb6-1a96-8da3-5919c97fb090,64,1225191,1225191,1226093,1237848,902,902,0,0,0,0
1226273,7760a889-7b24-3e08-bcb7-4f6345e753c9,64,1224440,1224440,1226269,1234539,1829,1829,0,0,0,0
1226939,ee34409a-61f0-7629-c975-5fb9871a48bb,64,1223681,1223684,1226939,1236506,3255,3258,3,0,0,0
1227286,8636d371-6143-4e74-bee8-3ac55c845452,64,1226222,1226273,1227286,1237625,1013,1064,51,0,0,0
1227692,d8ad8a84-d791-5d72-7572-d60fb9422156,64,1226111,1226153,1227692,1232376,1539,1581,42,0,0,0
1228367,8325835b-ca90-c782-2df9-9be2fe652f19,64,1225003,1225026,1228367,1235834,3341,3364,23,0,0,0
1228797,c00c271a-6fbe-7b04-699c-f6b0033d74ad,64,1224698,1224698,1228797,1230885,4099,4099,0,0,0,0
1229161,7b1f46e0-2b63-c79f-fcd8-414e6848cf69,64,1226223,1226273,1229161,1235043,2888,2938,50,0,0,0
1232000,77840f6e-d373-0c21-3a4b-c20e0080b1ed,64,1226191,1226213,1232000,1231414,5787,5809,22,0,0,0
1292703,9d817e3f-ecee-f93f-761c-b26b81b7bc0f,64,1291788,1291788,1292703,1301202,915,915,0,0,0,0
1293617,e58500a5-d139-95bc-019e-275733db9864,64,1292090,1292090,1293617,1301755,1527,1527,0,0,0,0
1293973,2ef7104a-8be3-97ec-c5b6-8120525d924b,64,1292465,1292465,1293973,1302170,1508,1508,0,0,0,0
1294117,628b79f3-294d-7303-6d90-97156e04a225,64,1292209,1292209,1294059,1305425,1850,1850,0,0,0,0
1294490,88b0dff6-f95c-7dc3-4499-87bc49bcdb9d,64,1291555,1291555,1294490,1302556,2935,2935,0,0,0,0
1295261,aa9eab53-6309-1f60-4545-461d69a1090e,64,1292375,1292375,1295244,1303374,2869,2869,0,0,0,0
1295321,dac066c4-b0f3-a366-6604-a50edcc42a9c,64,1291864,1291908,1295270,1300331,3362,3406,44,0,0,0
1295573,4f0fa652-97bb-e20b-f5d9-51dfa6020c58,64,1294057,1294057,1295559,1305392,1502,1502,0,0,0,0
1295673,346d82cd-2913-5c61-c8b1-8b6370224fc2,64,1294666,1294666,1295673,1307836,1007,1007,0,0,0,0
1295912,f66043cc-2ecc-2beb-02cf-5515af6d8ede,64,1290148,1290148,1295912,1297309,5764,5764,0,0,0,0
1296096,c94b832b-03f6-e606-7257-52e4e0d9c43d,64,1295201,1295201,1296096,1300295,895,895,0,0,0,0
1296905,9a2b48c8-cf13-faaa-f64b-91170541ac02,64,1295380,1295381,1296905,1301558,1524,1525,1,0,0,0
1296980,8a64092d-b2f4-8a7d-f858-39064e47c4e1,64,1295435,1295441,1296980,1300215,1539,1545,6,0,0,0
1297040,97f36525-9667-6669-2034-a739664e6f38,64,1295982,1295982,1296990,1302400,1008,1008,0,0,0,0
1297365,12e4bb2a-d7bd-37d6-ef33-67864c418f30,32,1295513,1295513,1297365,1305280,1852,1852,0,0,0,0
1297559,3718bf8f-a4f8-1c31-2070-98797d549614,64,1296553,1296553,1297559,1303306,1006,1006,0,0,0,0
1297657,4cd1b793-1368-8cc6-7e48-5a621e75b3f4,64,1295843,1295843,1297657,1305941,1814,1814,0,0,0,0
1297717,d9a35e4e-2dc5-66c2-2fa4-9ad5a90bcd5a,64,1291818,1291848,1297708,1297725,5860,5890,30,0,0,0
1297777,14b7c23c-8f83-407c-fbf5-f80bace71d92,64,1291877,1291908,1297723,1304383,5815,5846,31,0,0,0
1297985,4bdf8fbe-9dfd-dee2-fb4d-b35f06c7853d,64,1295111,1295111,1297985,1302907,2874,2874,0,0,0,0
1298122,7c4a6f10-b7c2-a1fe-e221-47b241d0489f,64,1296557,1296613,1298122,1303999,1509,1565,56,0,0,0
1298817,9152fdaf-ade5-4308-3b41-230e7f83b319,64,1297252,1297252,1298789,1307727,1537,1537,0,0,0,0
1298877,83816186-47c7-46ee-9f49-ba8034146e80,64,1293064,1293064,1298819,1304525,5755,5755,0,0,0,0
1298990,43e9db4b-026b-ca59-dd12-4552247c5f63,64,1297147,1297147,1298990,1308827,1843,1843,0,0,0,0
1299090,34092602-9a37-d369-926b-7f70a196e2a0,64,1295742,1295742,1299090,1304972,3348,3348,0,0,0,0
1299565,9d443522-0ef0-8ce9-accf-548d5a4a9b62,64,1293833,1293833,1299565,1305854,5732,5732,0,0,0,0
1300731,c7aa3e29-70f5-f15f-8ada-3b71d9bb6d76,64,1297841,1297841,1300726,1303917,2885,2885,0,0,0,0
1301094,3731ed5c-8453-9a74-3366-f47f964d269c,64,1298742,1298757,1301094,1311693,2337,2352,15,0,0,0
1301599,051b54c7-5d85-1999-e22b-69192698a08c,64,1298697,1298697,1301599,1307404,2902,2902,0,0,0,0
1301659,64619be5-4a47-fd45-cdae-d7f2d0fb2c70,64,1298750,1298757,1301634,1303442,2877,2884,7,0,0,0
1301659,44d85d4d-12b1-ea49-6e4b-7f0cbf711f61,64,1298333,1298333,1301656,1304328,3323,3323,0,0,0,0
1301719,9219a6ff-10b6-543d-e5ce-5cc3ab6ce2d9,64,1300671,1300671,1301678,1307733,1007,1007,0,0,0,0
1302166,f6bcaafe-4c96-b264-2d18-e78b14ba480c,32,1300330,1300330,1302166,1306987,1836,1836,0,0,0,0
1303056,934172ca-d9a5-f0cd-077e-0b6e6a25d5f0,64,1302052,1302052,1303056,1308988,1004,1004,0,0,0,0
1303116,0618e063-a48b-c2f1-1f84-803eff043347,64,1299843,1299843,1303091,1312534,3248,3248,0,0,0,0
1303731,3084a123-3300-aa0a-5140-63dcef3cfee9,64,1300865,1300865,1303731,1313866,2866,2866,0,0,0,0
1305470,259c0ce0-cddf-f6ac-0bad-cb88c06f2f35,64,1304550,1304550,1305444,1317268,894,894,0,0,0,0
1306212,8bc538dc-45c8-435d-b69f-189441e48f0b,64,1305350,1305350,1306212,1310859,862,862,0,0,0,0
1306307,1a42af17-8f63-0ed2-0abb-bc60239ad066,64,1305408,1305410,1306307,1318159,897,899,2,0,0,0
1306511,55d8ebbc-56f0-2c4b-19e7-7b40234e77f9,64,1305005,1305005,1306511,1315702,1506,1506,0,0,0,0
1306660,5af8573e-4538-3e06-c966-74bd94508ea6,64,1305711,1305762,1306660,1312611,898,949,51,0,0,0
1307542,6e452dd8-fc46-1190-4a73-4225e2e4f74d,64,1304203,1304203,1307542,1311961,3339,3339,0,0,0,0
1308505,8624b8eb-f33d-d549-033b-ca83a1ddce38,64,1304627,1304627,1308501,1313085,3874,3874,0,0,0,0
1308634,aec95ee1-31a7-e3f0-3a1d-1e22e6254451,64,1307133,1307133,1308634,1320271,1501,1501,0,0,0,0
1308694,a5edad38-7bf9-9a3b-c780-f8f57939dfee,64,1305398,1305410,1308676,1311393,3266,3278,12,0,0,0
1308754,7df5a971-af3d-ea5e-abfa-a511bb57cf4e,64,1307144,1307193,1308749,1317576,1556,1605,49,0,0,0
1308882,85577b54-c2c1-e423-eb10-76f54e67bd10,64,1306523,1306571,1308882,1318830,2311,2359,48,0,0,0
1308951,8cb7c456-ac24-106d-1782-31bed43bfab9,64,1305702,1305702,1308951,1313001,3249,3249,0,0,0,0
1309063,e930f348-e5bb-f1db-222a-e9778151354b,64,1308452,1308505,1309063,1317485,558,611,53,0,0,0
1309485,d7fe52bd-8e68-b94e-4c73-b5815a854002,32,1307640,1307640,1309485,1317151,1845,1845,0,0,0,0
1309974,9b398290-6dd2-56d3-4cd5-8b38234aa409,64,1308445,1308445,1309974,1315194,1529,1529,0,0,0,0
1310822,d04228ad-b884-ba09-bdcc-79fc0e9cd25a,64,1307947,1307947,1310822,1314077,2875,2875,0,0,0,0
1311186,8f9dfbbd-f489-59da-35af-2feae630e14a,64,1305384,1305410,1311186,1313750,5776,5802,26,0,0,0
1311355,901bef93-53ae-23be-92cd-00eab94c2176,64,1308065,1308093,1311355,1313034,3262,3290,28,0,0,0
1311569,94e47c00-7192-8f37-e441-07a5b3fe590b,64,1310992,1310992,1311569,1320714,577,577,0,0,0,0
1311634,9f74e19a-1b5f-8260-ede3-cc9e82696673,64,1311072,1311072,1311634,1316395,562,562,0,0,0,0
1311993,6be91222-23d7-147c-1031-a3ee7532ed24,64,1308033,1308033,1311993,1314943,3960,3960,0,0,0,0
1313120,a0308e4a-7825-97e7-1f7c-87cef3a4ee04,64,1312224,1312224,1313120,1324712,896,896,0,0,0,0
1314424,09d1ed6b-d383-0a5e-ccc8-f751c63fceeb,64,1313531,1313531,1314424,1325153,893,893,0,0,0,0
1314484,60fe85f7-699c-cfcf-e4dd-92d5f3ce2cd1,64,1310580,1310580,1314434,1317505,3854,3854,0,0,0,0
1315041,b9673f5d-5382-f722-2719-e231b5b50d60,64,1314137,1314180,1315041,1322509,861,904,43,0,0,0
1315648,1bd13af9-bdbd-c08f-b38d-5204c6b6ef47,64,1314120,1314120,1315648,1320672,1528,1528,0,0,0,0
1315708,21c873ee-2ae8-5748-39a5-14165c3f02e8,64,1312445,1312445,1315692,1325195,3247,3247,0,0,0,0
1316320,b1e055e4-b472-6cae-8904-23572d91a4d7,64,1313010,1313010,1316320,1317457,3310,3310,0,0,0,0
1316519,7081c4d9-b5ee-4e8f-1d0d-f4f6fbe6bf14,64,1313163,1313180,1316519,1322806,3339,3356,17,0,0,0
1316579,c8e7caae-c5a2-8d39-d56d-f176d6b3a06d,64,1314253,1314253,1316566,1324108,2313,2313,0,0,0,0
1316709,87737d2c-fb30-9729-a4c5-fe76b6b1fe2c,64,1313457,1313457,1316709,1323391,3252,3252,0,0,0,0
1316769,82df02c3-a930-c876-7598-c9e7c70381f9,64,1313889,1313889,1316764,1323779,2875,2875,0,0,0,0
1398925,d93d5c97-0608-a8f3-5e99-ef2c8f5bf143,64,1397853,1397853,1398906,1408535,1053,1053,0,0,0,0
1400113,e905c981-cfa2-9801-7687-9b4f1d28650d,64,1398412,1398471,1400096,1411001,1625,1684,59,0,0,0
1400803,43b3d221-7167-9fa0-78f8-817f0bdffed7,64,1397882,1397913,1400803,1414354,2890,2921,31,0,0,0
1400872,327ccecd-e973-12b4-01e3-439024f1d991,64,1398935,1398985,1400872,1409942,1887,1937,50,0,0,0
1401048,c4a6358a-5c22-bc7d-492f-0d9ce726a4f5,64,1398182,1398182,1401048,1415136,2866,2866,0,0,0,0
1401250,130e93a0-0851-d87c-74f2-0c2e13b233c6,64,1398398,1398411,1401250,1410557,2839,2852,13,0,0,0
1401310,abf876f5-c26f-80a0-fa26-0ff87e4136ca,64,1398407,1398411,1401295,1406759,2884,2888,4,0,0,0
1401723,02465a1c-377e-b73c-30b3-79fb8a9dc373,64,1398865,1398865,1401700,1412446,2835,2835,0,0,0,0
1401828,f7fa11d9-a9fa-b3a8-f85e-eabc31d6dfd8,64,1399164,1399164,1401828,1417408,2664,2664,0,0,0,0
1401888,569cbbd7-6634-b14f-e73e-80e29afd9322,64,1400142,1400173,1401845,1411761,1672,1703,31,0,0,0
1402267,0358bbf9-af39-6eae-c225-fc722d73cb54,64,1399412,1399412,1402267,1413591,2855,2855,0,0,0,0
1402334,ca6eb404-ce8f-4cb3-3606-89e5e1d01d2f,32,1398018,1398069,1402334,1416072,4265,4316,51,0,0,0
1402741,d1195513-4e25-c35b-1a30-962773c04e30,64,1398385,1398411,1402741,1407697,4330,4356,26,0,0,0
1403538,69ec2340-3d3f-45fc-d859-16998b935be5,64,1399209,1399224,1403538,1411987,4314,4329,15,0,0,0
1403598,751e07ea-ea88-1d1f-9ea8-9fac1f9a33b3,32,1399352,1399352,1403555,1415848,4203,4203,0,0,0,0
1403778,cdce4e59-66ee-f1ca-00ca-6933ff269b29,64,1401872,1401888,1403778,1411518,1890,1906,16,0,0,0
1403957,49b23401-3155-ae1a-b8f5-466a57434114,64,1400173,1400872,1403957,1416188,3085,3784,699,0,0,0
1404017,559a434b-ad4f-d1e7-ac1d-2219a5e796f6,64,1399688,1399688,1404001,1408902,4313,4313,0,0,0,0
1404232,ae8120e7-ae7c-8fc4-7612-1caaca66e6e0,64,1398009,1398009,1404232,1414617,6223,6223,0,0,0,0
1404943,350b7a76-9906-5cbd-0649-366ee71d558f,64,1399266,1399284,1404943,1417632,5659,5677,18,0,0,0
1405003,df8f2538-cd7e-5244-6aad-869f60fafcd1,64,1399595,1399595,1404970,1411482,5375,5375,0,0,0,0
1405219,bcf277de-a97f-e754-3bd1-eb891c79304b,64,1398984,1398985,1405219,1408870,6234,6235,1,0,0,0
1405392,dd73558e-0763-3c8b-aab6-f61e7847950d,64,1404304,1404355,1405392,1420461,1037,1088,51,0,0,0
1405452,339a0de4-c97e-6b41-5f0b-1048a717744c,64,1402017,1402017,1405444,1414485,3427,3427,0,0,0,0
1405930,ab65c027-6ed3-f886-2d78-c53c1f8737cd,64,1399948,1404232,1405930,1421672,1698,5982,4284,0,0,0
1406025,f32cd9e1-a099-b3d1-7176-3ad04f2d2c2b,64,1404330,1404355,1406025,1420982,1670,1695,25,0,0,0
1406518,094b49b4-a10c-e86a-7224-98c668e8a7c1,64,1399173,1399224,1406518,1413174,7294,7345,51,0,0,0
1406623,7e495a70-08fd-6f23-07ff-0a3afcd3f5eb,64,1398564,1398564,1406623,1421238,8059,8059,0,0,0,0
1407528,ba942c2f-ea29-0646-ba03-9ff34bae5ead,64,1401465,1401476,1407528,1412823,6052,6063,11,0,0,0
1407528,a7f0dd3f-dd8d-dc24-1e91-3504ea19c387,64,1401469,1401476,1407528,1415324,6052,6059,7,0,0,0
1408042,71ed9b3c-ea8c-300b-39a2-bd013d73745d,64,1398351,1398351,1408042,1422471,9691,9691,0,0,0,0
1408509,9f5cadfe-c7be-2192-38b8-7f1a01fd01e1,64,1402062,1402334,1408509,1416980,6175,6447,272,0,0,0
1410439,f53b56bd-f133-7b8c-abe0-054b02af8985,64,1398034,1398069,1410439,1421940,12370,12405,35,0,0,0
1410709,2233df49-385f-b12e-2c41-012b231466db,64,1399941,1399993,1410709,1412771,10716,10768,52,0,0,0
1411062,64c4ab92-c561-9763-f727-2f2585ed0389,64,1398947,1398985,1411062,1421881,12077,12115,38,0,0,0
1411430,663654db-c3ac-69b6-1892-a4a97a7ea41e,64,1398748,1398748,1411430,1422737,12682,12682,0,0,0,0
1411490,4b76a151-2c9a-95fc-720e-3d4054d9a61b,64,1404295,1405452,1411476,1422036,6024,7181,1157,0,0,0
1412041,7e260331-ff41-f4b0-49c1-464b2bc65e6c,64,1404594,1410439,1412041,1424923,1602,7447,5845,0,0,0
1412126,a0d6181b-cdc3-9d8d-fb33-35f4436b976d,64,1401416,1401416,1412126,1412634,10710,10710,0,0,0,0
1412608,b64d5532-40bf-48ee-cc92-a8fa1a929ba8,64,1401842,1401888,1412608,1411760,10720,10766,46,0,0,0
1412787,9f58819e-eff7-0498-592d-be191f44bb3d,64,1399999,1406623,1412787,1423249,6164,12788,6624,0,0,0
1413580,c7e9bd6c-ca82-99fc-1d01-4f859cb08acd,64,1401663,1407528,1413580,1424623,6052,11917,5865,0,0,0
1413706,e1559cbe-05b9-5c7d-bdec-75922d13c209,64,1402154,1407528,1413706,1424525,6178,11552,5374,0,0,0
1414163,52c8ce65-17fa-a693-ce07-c7fa04593fa3,64,1399527,1401310,1414163,1418609,12853,14636,1783,0,0,0
1414455,db32ed20-b331-fc83-aed6-056f56adbbc8,64,1400464,1403778,1414455,1420025,10677,13991,3314,0,0,0
1414664,1fbfbaab-6bb0-8ec2-9420-1cdd5164d20d,64,1399933,1403957,1414664,1420707,10707,14731,4024,0,0,0
1414724,c0d4f348-1ae8-13d6-837a-85f835b91e50,64,1401681,1408509,1414712,1424885,6203,13031,6828,0,0,0
1416516,e7df3b36-a72d-216f-981e-2a5d8424a141,64,1402066,1405930,1416516,1422396,10586,14450,3864,0,0,0
1418737,f5d8c67c-e6ef-bbe7-c184-4d46e31889d7,64,1401831,1408042,1418737,1424732,10695,16906,6211,0,0,0
1435691,54eaf232-434b-47d3-84e6-98c8fc7f80f9,64,1434032,1434070,1435691,1448615,1621,1659,38,0,0,0
1436111,0ad652b1-a43b-c032-5ac0-4d8df88e8c19,64,1435028,1435028,1436077,1448264,1049,1049,0,0,0,0
1436220,112743c9-85dc-c4ba-fa7a-31d36e136b2d,64,1434544,1434545,1436220,1446889,1675,1676,1,0,0,0
1436766,410b1d17-0b82-7d60-1e88-93dcf865a214,64,1435084,1435088,1436766,1445232,1678,1682,4,0,0,0
1436826,23cf20fe-3301-4ddb-8c5c-0556ddc6dea3,64,1435141,1435148,1436822,1445289,1674,1681,7,0,0,0
1436826,c97f4d07-ae8b-6ad0-3f5b-72c98be8034c,64,1435168,1435208,1436822,1449007,1614,1654,40,0,0,0
1437270,bebe168c-fb84-fe19-e8f5-29045ae60174,64,1434425,1434425,1437270,1445287,2845,2845,0,0,0,0
1437330,394b364a-d288-ec4e-addc-12b7898eedf0,64,1435523,1435569,1437281,1448674,1712,1758,46,0,0,0
1437390,7e4531d3-e0cd-19fe-0c20-1367812c5ef8,64,1434429,1434485,1437357,1448437,2872,2928,56,0,0,0
1438265,e82fb1a6-da9c-5a8e-3b52-3f5343e838a0,64,1435329,1435329,1438265,1450893,2936,2936,0,0,0,0
1438655,d8c0458a-d929-2927-1751-b6f348a79876,64,1434303,1434331,1438655,1445292,4324,4352,28,0,0,0
1439390,8d670c83-6983-2b73-d6d8-dfdfacbab235,64,1433950,1433950,1439363,1444832,5413,5413,0,0,0,0
1439472,c2674c02-b25a-3946-8c78-e5b452da8e10,64,1435108,1435148,1439472,1444500,4324,4364,40,0,0,0
1439652,e9c1c104-6f3e-5503-039f-2e99c39d85af,64,1435941,1437390,1439603,1453624,2213,3662,1449,0,0,0
1439652,58542a23-bb18-df29-1023-fe882be9dd59,64,1437934,1437934,1439611,1450017,1677,1677,0,0,0,0
1440194,e5011668-96fa-a56d-63de-bd098ab86b6c,64,1435470,1435509,1440194,1450627,4685,4724,39,0,0,0
1440576,31a19501-bc3b-0b21-9a3a-f0de2d4b16ab,64,1434226,1434271,1440576,1442979,6305,6350,45,0,0,0
1440819,586fd16c-7d7e-36e0-ccad-595a014b246a,64,1434588,1434605,1440819,1446737,6214,6231,17,0,0,0
1441139,2503660f-4944-430c-1033-45da3ac2f193,64,1439477,1439532,1441139,1448918,1607,1662,55,0,0,0
1441353,674ee276-c240-ac45-21d2-e0e4af76bd01,64,1433954,1434010,1441353,1451759,7343,7399,56,0,0,0
1441522,53f6d5be-2267-da8e-e928-875df45d601d,64,1435989,1438655,1441522,1454378,2867,5533,2666,0,0,0
1441704,82b152bd-6fed-ffbf-d02a-9256af3a1b3c,64,1435417,1435449,1441704,1444727,6255,6287,32,0,0,0
1441851,2beb4b9b-860c-93bd-d8ce-e688c04dfb6d,64,1433969,1434010,1441851,1455885,7841,7882,41,0,0,0
1441911,363fcdff-4f14-9002-bff4-ca9d7ea292a4,64,1435823,1435823,1441906,1450475,6083,6083,0,0,0,0
1442386,5327257c-ae22-4823-9871-7ab5e2d859ec,64,1434947,1434947,1442386,1451188,7439,7439,0,0,0,0
1442568,4a3f85ce-70f6-351a-5516-8625dd99c11e,64,1439482,1441522,1442568,1456242,1046,3086,2040,0,0,0
1442628,02afc554-a5b3-b9ec-72a6-e806bdffa878,64,1435531,1436220,1442621,1450729,6401,7090,689,0,0,0
1442628,839e92f5-302b-59d5-ed1d-505848d709d6,64,1436365,1436408,1442624,1446155,6216,6259,43,0,0,0
1442760,eef58f75-33b7-872b-7756-457152e9e257,64,1439917,1439917,1442760,1450264,2843,2843,0,0,0,0
1443024,284b9133-aca8-438b-c6cf-0c6389be8e6c,64,1434491,1434545,1442990,1456416,8445,8499,54,0,0,0
1443358,ea5c3e5e-c44d-53ed-6d2e-105d842ade70,64,1442283,1442313,1443358,1451184,1045,1075,30,0,0,0
1443418,41be8f58-0bcf-eba4-cf04-d8d1feeb7422,64,1439946,1439977,1443359,1448558,3382,3413,31,0,0,0
1443956,0a74b40d-1eec-7487-cc9a-05b1ac052bbb,64,1435931,1441139,1443956,1455550,2817,8025,5208,0,0,0
1444122,b57462cd-50dc-de75-ba58-e67787d37e27,64,1435341,1443024,1444074,1457704,1050,8733,7683,0,0,0
1444231,cf6d9578-6426-7309-860d-0e3eaf9ec2d5,64,1442601,1442628,1444231,1453917,1603,1630,27,0,0,0
1444351,1d315c6b-995f-5a9a-30e7-425a476838d1,64,1433586,1433586,1444309,1447981,10723,10723,0,0,0,0
1444976,4aa57154-bcad-17d8-821c-8119fdcbf9f0,64,1435497,1439390,1444976,1454666,5586,9479,3893,0,0,0
1445060,1a3f13a7-1f0c-88ce-105a-6ea05974041e,64,1439335,1439472,1445060,1455374,5588,5725,137,0,0,0
1445120,8611256c-9a8f-aa0f-ec78-df895971f23b,64,1437803,1441911,1445083,1456897,3172,7280,4108,0,0,0
1445764,b53423b3-9169-27e0-9f69-fa02676a0ff7,64,1439637,1439652,1445723,1452830,6071,6086,15,0,0,0
1446095,cba16939-f9ff-26c7-b1c5-c1db325167cc,64,1444396,1444411,1446095,1456206,1684,1699,15,0,0,0
1446229,5fb7911a-8d69-e638-a5c4-0815e3b31568,64,1439332,1443418,1446229,1457915,2811,6897,4086,0,0,0
1446369,427e6019-025e-ef40-4cad-91545d7af0f7,64,1439642,1439652,1446369,1454858,6717,6727,10,0,0,0
1446786,032fa7c7-36ad-f135-23b1-51b1f940a61a,64,1439512,1445060,1446729,1459098,1669,7217,5548,0,0,0
1447479,cfd59b84-259c-131c-b9dd-e0be40b325dc,64,1444062,1444062,1447479,1453834,3417,3417,0,0,0,0
1447724,0fef0c07-6663-19cb-b8f8-b08a56296285,64,1435550,1446095,1447724,1459824,1629,12174,10545,0,0,0
1447970,eada92ae-f94b-d74b-7e03-1136a2e9fa0a,64,1435741,1437330,1447970,1453244,10640,12229,1589,0,0,0
1448030,92b50103-a0e7-f9d2-98c7-491f4e55d7ae,64,1434211,1434211,1448016,1457276,13805,13805,0,0,0,0
1448121,c67d3af5-3df6-13ad-9f50-651d3014d441,64,1434721,1434721,1448121,1459093,13400,13400,0,0,0,0
1448286,2c9743a0-d363-7371-5e94-e3f6dba9f6dc,64,1446435,1446489,1448286,1460094,1797,1851,54,0,0,0
1448520,2175b824-f7b8-bbce-1531-2466224dee35,64,1434136,1434136,1448520,1457926,14384,14384,0,0,0,0
1449106,46569089-c297-ae1c-212a-7eb09c0057be,64,1446278,1446289,1449106,1458566,2817,2828,11,0,0,0
1449226,896ec990-51a3-17c0-9589-4342e93fcd32,32,1439575,1445764,1449194,1459442,3430,9619,6189,0,0,0
1449387,3bc8befa-9da2-ddb8-43a0-e818fc4493d9,64,1444483,1448286,1449387,1461735,1101,4904,3803,0,0,0
1449447,3742181a-5af6-d895-d4fa-b9475e192037,64,1436910,1445120,1449394,1459166,4274,12484,8210,0,0,0
1449507,2cdc6c2d-41c8-ac26-d363-a9032533b603,64,1442210,1442253,1449464,1454254,7211,7254,43,0,0,0
1449615,0f45171e-3442-dc5f-45d0-6c9744bcaba5,64,1436348,1443358,1449615,1457717,6257,13267,7010,0,0,0
1449688,d73dfc3f-0998-1356-2968-ed744e7d9039,64,1446408,1448520,1449688,1462672,1168,3280,2112,0,0,0
1449916,a5dffafc-295d-b492-cd18-d441d1af1349,64,1446495,1448030,1449916,1461198,1886,3421,1535,0,0,0
1450018,3c80ae06-55d2-1956-38fb-aa54f9a3d55e,64,1439672,1445764,1450018,1459639,4254,10346,6092,0,0,0
1450406,f69b06e8-b4e5-ec43-8906-dfb08533e461,64,1442983,1444231,1450406,1458732,6175,7423,1248,0,0,0
1450959,1ebcc1b5-ab60-c9aa-ab4b-42bc96bf61af,64,1444855,1448121,1450959,1461654,2838,6104,3266,0,0,0
1451138,31992a0c-fc99-8398-78b9-bed29c09e197,64,1442435,1449507,1451126,1463043,1619,8691,7072,0,0,0
1451268,585d3edd-f577-84da-7156-5fd96d8fb3f6,64,1445644,1449615,1451229,1464004,1614,5585,3971,0,0,0
1451987,59e5bf99-bf9a-8d3e-827b-45bac7ad9457,64,1445691,1449106,1451987,1462782,2881,6296,3415,0,0,0
1452090,eebd2d65-5fd1-c48a-0105-ab87a8604414,64,1434599,1434605,1452090,1456680,17485,17491,6,0,0,0
1452803,656c38a7-8124-3c1f-e2c8-918c2be2d325,64,1447642,1450018,1452803,1464399,2785,5161,2376,0,0,0
1452865,792f7fc3-67d1-71f9-3916-b0a59ace72b0,64,1439134,1449447,1452865,1463006,3418,13731,10313,0,0,0
1452925,f5474591-7c9d-2a3a-9338-9f17a4d03959,64,1446640,1446640,1452886,1459444,6246,6246,0,0,0,0
1452925,74f4d6f0-cbd9-3149-da2f-04440dfb8db5,32,1449452,1449507,1452906,1458363,3399,3454,55,0,0,0
1452985,6303ab46-f958-1f57-a083-0ba39c68acfc,64,1442193,1451138,1452945,1465402,1807,10752,8945,0,0,0
1453081,d76cd2cd-d3e1-0822-c0ad-3ad59c0143a0,64,1451208,1451208,1453081,1461681,1873,1873,0,0,0,0
1453285,4a13cfd3-44d4-6308-2892-ac16b0ca0568,64,1444761,1450406,1453285,1465012,2879,8524,5645,0,0,0
1453442,2fb4319d-5e94-9c2e-dbc7-ddae01120381,64,1439330,1442760,1453442,1457567,10682,14112,3430,0,0,0
1453713,b76a1ada-fd89-5b87-e06e-70303e79307c,64,1442616,1449387,1453713,1462955,4326,11097,6771,0,0,0
1454420,a213dd66-0edf-21d4-7a25-b1428861a752,64,1436669,1446229,1454420,1460153,8191,17751,9560,0,0,0
1454890,38170f9a-2ac6-0782-c245-ae5e3d4f210c,64,1446463,1453285,1454890,1466974,1605,8427,6822,0,0,0
1456244,e12e6b0c-7126-f0a0-3eb0-43292d45d74f,64,1445340,1450959,1456244,1465294,5285,10904,5619,0,0,0
1456869,aff42407-ea2c-c57b-48f6-e888ed7e0a9d,64,1443881,1449688,1456869,1464226,7181,12988,5807,0,0,0
1458029,5480636e-3a49-9aa4-c5ab-64a49a072319,64,1451290,1453713,1458029,1468193,4316,6739,2423,0,0,0
1458444,06c6c650-5813-a58c-1f75-e653b3e22ef9,64,1436022,1447724,1458444,1460486,10720,22422,11702,0,0,0
1458715,2e953887-d1eb-9143-378a-33b2c38c4783,64,1442964,1447970,1458715,1460653,10745,15751,5006,0,0,0
1458891,c95826b0-212b-9dca-ba13-79f6143a1201,64,1449172,1452803,1458891,1465665,6088,9719,3631,0,0,0
1459112,36ff3c67-6645-2877-138b-64f3854251db,64,1450020,1452925,1459112,1466042,6187,9092,2905,0,0,0
1459172,e1f4e757-87eb-1129-09af-9c39382e89e0,64,1447021,1452985,1459155,1466197,6170,12134,5964,0,0,0
1459232,30d7c38c-3f07-cf66-ae44-9135e9b55926,64,1451714,1452090,1459173,1465653,7083,7459,376,0,0,0
1459333,8480e1d0-19e9-6cf2-ce29-d316bbc30fc7,64,1444463,1453081,1459333,1466452,6252,14870,8618,0,0,0
1459915,a0bc8d9b-bd2b-d07f-a898-781bbdbd6082,64,1449153,1458029,1459915,1473425,1886,10762,8876,0,0,0
1460092,078219f8-a1de-f8f0-0fa5-8d1c8e628227,64,1442077,1452865,1460092,1465841,7227,18015,10788,0,0,0
1460516,3c674b1f-7617-75f9-b6c5-62096c106bfc,64,1451872,1456244,1460516,1469808,4272,8644,4372,0,0,0
1460577,597d22bd-b30b-1ec0-aacc-bbbeca750fa2,64,1446726,1449916,1460577,1464326,10661,13851,3190,0,0,0
1460675,56fecd04-3a93-9543-2c16-c39c044eb095,64,1444273,1453442,1460675,1468159,7233,16402,9169,0,0,0
1460939,6e3958fd-7ea9-39f0-782e-7fbb7ea7b8aa,64,1451078,1454890,1460939,1469415,6049,9861,3812,0,0,0
1461645,d61b7658-a000-feee-78a4-c4a7f95c28f1,64,1446247,1454420,1461645,1468389,7225,15398,8173,0,0,0
1462057,2aeee0da-7473-80ca-4204-1583b0fc5a2e,64,1451300,1451328,1462057,1464902,10729,10757,28,0,0,0
1464014,b1cf5d00-2420-27ca-67b7-afb2b7c6e852,64,1450478,1456869,1464014,1473092,7145,13536,6391,0,0,0
1464673,2ecb0f5f-9fab-8892-98a6-9b0738e18a48,64,1451110,1458444,1464673,1473796,6229,13563,7334,0,0,0
1485365,2ff116fb-e5d9-fb2c-093c-fcb901ae5a36,64,1485244,1485244,1485365,1486225,121,121,0,0,0,0
1485784,5ee04c55-e9f3-0bee-797b-5d424011434f,64,1484958,1484958,1485768,1487714,810,810,0,0,0,0
1485844,494d24d6-1934-2f76-be18-bf4e85610e76,64,1485078,1485078,1485792,1486688,714,714,0,0,0,0
1485844,57d308fe-987f-212c-5641-ef6cafd64379,64,1485640,1485640,1485818,1487235,178,178,0,0,0,0
1485844,9fe12347-7de4-e4dd-2695-1712b9c18ca9,64,1485091,1485138,1485825,1486018,687,734,47,0,0,0
1486280,fb4c40b8-619c-b51f-2dab-b8398173a87f,64,1485976,1485976,1486280,1487234,304,304,0,0,0,0
1486340,03faf464-19d1-9981-7b8a-5ebc9e947822,32,1485882,1485904,1486290,1486947,386,408,22,0,0,0
1486400,76ece128-911f-e7ae-1e0b-c0241eb7ba91,64,1485864,1485904,1486398,1487685,494,534,40,0,0,0
1486460,710aca0a-c722-f06e-04cc-8bf651282eba,64,1486074,1486074,1486406,1487054,332,332,0,0,0,0
1486460,be865968-2ad2-535c-93a7-79db2eb13cdf,64,1485724,1485724,1486417,1487683,693,693,0,0,0,0
1486702,69c53867-fa02-5c2d-9cd0-db3b82835e22,64,1486470,1486520,1486702,1488906,182,232,50,0,0,0
1486863,55d084ce-ab85-a6cf-e444-f5de9c776abb,64,1486123,1486134,1486863,1487128,729,740,11,0,0,0
1486970,f8a2b913-51d9-d02c-7c4b-89ba04e4fd49,64,1486353,1486400,1486970,1488177,570,617,47,0,0,0
1487210,af1d0b70-b629-9691-1be7-9f2816e46edf,64,1487061,1487090,1487210,1489353,120,149,29,0,0,0
1487270,e688b58c-6cb8-e9e9-36dd-7f244622390c,64,1486571,1486580,1487234,1488533,654,663,9,0,0,0
1487330,cd97e54a-714a-4f81-9948-7a3479684429,64,1486602,1486640,1487314,1489143,674,712,38,0,0,0
1487713,3307e7b5-f411-eb96-a17e-a6cb558eba53,64,1486980,1487030,1487713,1488038,683,733,50,0,0,0
1487773,fb3fdcd4-605f-99bb-33a2-5bcbf5a66d2f,32,1487366,1487390,1487767,1489643,377,401,24,0,0,0
1488112,46c0f57f-fcba-93dc-283c-19dcc6bb24ff,64,1487414,1487450,1488112,1489530,662,698,36,0,0,0
1489119,1bcf7541-22b7-dce1-65a1-0432f12ff037,64,1488767,1488767,1489070,1490247,303,303,0,0,0,0
1489119,074936e1-51d1-77c5-ed93-d08df36d872a,64,1488613,1488613,1489098,1489864,485,485,0,0,0,0
1489179,2006fe99-7e56-b7ac-5a52-eceedb99d834,64,1488855,1488855,1489156,1490676,301,301,0,0,0,0
1489239,8713d0e7-d259-585f-c867-e71e4b5a5ee9,64,1489059,1489059,1489236,1489980,177,177,0,0,0,0
1489492,d3e682e0-9e62-ecf1-a47b-5728bb296c69,64,1489319,1489319,1489492,1491633,173,173,0,0,0,0
1489589,c7cdb15f-db09-0a2a-7b6c-c0594f448350,64,1488861,1488915,1489589,1491503,674,728,54,0,0,0
1489892,1bf0f66e-96fc-194f-1b4e-c87b00c491cc,64,1489118,1489119,1489892,1490813,773,774,1,0,0,0
1496566,34f406c7-1314-7259-94e4-7f35f7e9d527,64,1485806,1485844,1496566,1499845,10722,10760,38,0,0,0
1538856,6f986757-a690-6a4e-6be4-c10c9386deea,64,1538394,1538394,1538856,1540209,462,462,0,0,0,0
1539745,34928a7b-42dc-bd93-293a-04150360bd53,64,1539137,1539156,1539730,1540631,574,593,19,0,0,0
1539854,ac0ea89d-78e0-d42c-f2ce-bff8a8d181fd,32,1539450,1539450,1539854,1541981,404,404,0,0,0,0
1540131,15a3a047-bf08-8356-5e87-5cee587f2697,64,1539950,1539950,1540131,1541764,181,181,0,0,0,0
1540565,7a8bf777-3ebe-1653-ca6b-86b5d791c233,64,1539711,1539745,1540565,1541540,820,854,34,0,0,0
1540679,3f0e4b77-123b-2a12-e7e1-18ff9cdf03d9,64,1540026,1540026,1540679,1541192,653,653,0,0,0,0
1541410,f4779c3d-e3f6-719e-c3fc-d758fc93f1df,64,1539477,1539510,1541410,1558632,1900,1933,33,0,0,0
1541608,a2fa7a3b-f700-b6a0-9375-b25676cf63d7,64,1540956,1540956,1541608,1542119,652,652,0,0,0,0
1541755,09c59d6d-c86b-5f97-6070-0a421f18e429,64,1541492,1541530,1541704,1543009,174,212,38,0,0,0
1541905,10e0c0cf-25de-1877-b0cf-3722b733e063,64,1541699,1541755,1541867,1542861,112,168,56,0,0,0
1541965,f7f18bdf-44d4-bd68-c8c6-ebc7aa234acc,64,1541289,1541289,1541939,1542334,650,650,0,0,0,0
1542085,77cd8bba-c945-98f5-3ab9-d0cdcb7f7b6d,64,1541845,1541845,1542070,1543735,225,225,0,0,0,0
1542547,c5cee451-cd26-0279-868f-c2da4ee6716a,64,1542365,1542365,1542547,1543890,182,182,0,0,0,0
1542607,be340ce7-de70-6ff7-afb7-1f57cc1472ae,64,1541697,1541755,1542566,1543668,811,869,58,0,0,0
1542876,4cbf2b75-1e90-7754-67c5-430e6c6d7263,64,1542162,1542162,1542827,1543049,665,665,0,0,0,0
1542876,8a128abb-9738-fe72-e395-abc75fbdb0a1,64,1541975,1542025,1542867,1544458,842,892,50,0,0,0
1543012,6b29a430-9251-7e48-6367-559517016cc7,64,1541129,1541129,1542994,1563857,1865,1865,0,0,0,0
1543012,6662f081-5708-971c-9e88-f9fe03116006,64,1542816,1542816,1542994,1543811,178,178,0,0,0,0
1543148,36cf4fe6-4cee-3a97-528a-75cbcddf01cf,64,1541447,1541470,1543148,1557250,1678,1701,23,0,0,0
1543208,bc4461d8-edf0-c9bf-fcd8-d345fe713b70,64,1542867,1542876,1543181,1545152,305,314,9,0,0,0
1543497,d25de7df-bc62-f143-2b39-63545c3152b0,64,1542669,1542669,1543444,1544986,775,775,0,0,0,0
1543557,54f3a5c7-5ac1-4301-b763-292ee7888278,64,1543049,1543072,1543532,1545092,460,483,23,0,0,0
1543617,4e47fe21-9f75-ee73-2024-1694367904d0,64,1542952,1542952,1543615,1545346,663,663,0,0,0,0
1544060,a9b5b239-d898-4363-db89-a46f4753c87e,64,1543509,1543557,1544027,1544776,470,518,48,0,0,0
1544060,24896c36-e075-ae84-7937-89ed2fdb07b8,64,1543871,1543880,1544056,1545704,176,185,9,0,0,0
1544120,d1f2774e-7e9a-5126-e727-68faa4131774,64,1543760,1543760,1544069,1545896,309,309,0,0,0,0
1544205,ae7e3191-13a1-d1e9-d794-deeec142902b,64,1543515,1543557,1544205,1544668,648,690,42,0,0,0
1544400,7375058e-593a-d200-6022-41043285a512,64,1542581,1542607,1544400,1565693,1793,1819,26,0,0,0
1544460,fc1e0fa2-2e6e-d702-00ac-75370302ee40,64,1544098,1544120,1544432,1545788,312,334,22,0,0,0
1544520,a6837d13-9327-ef33-9fe0-07491df67c98,64,1543788,1543820,1544485,1545415,665,697,32,0,0,0
1544580,12ab3b38-3c73-dc5c-a204-5790ccbfb7f1,64,1541695,1541695,1544531,1557221,2836,2836,0,0,0,0
1545089,fbd9e68a-96c8-fdfb-35cd-cf269153e4bd,64,1539685,1539685,1545089,1551672,5404,5404,0,0,0,0
1545149,4d364675-d60f-ff0f-2e75-26c149a0e229,32,1541438,1541470,1545096,1564514,3626,3658,32,0,0,0
1545149,9103a665-1cca-6bca-0cc5-0abb0ea035f8,64,1543437,1543437,1545118,1557986,1681,1681,0,0,0,0
1545209,3c75366e-0687-d3a4-eafd-00677d701d85,64,1544000,1544000,1545151,1546161,1151,1151,0,0,0,0
1545209,8d5fe36b-671d-9ea9-19e5-958d36c7b802,64,1539102,1539156,1545161,1552679,6005,6059,54,0,0,0
1545269,732c533b-2404-8313-941b-f8a5720c615a,64,1543545,1543557,1545223,1555087,1666,1678,12,0,0,0
1545329,9fb9e7ea-7919-9df7-d740-55daa4db4847,64,1539096,1539096,1545286,1559196,6190,6190,0,0,0,0
1545430,96204af4-c7a9-ae2a-5cf7-9b896e97ab33,64,1543777,1543820,1545430,1553159,1610,1653,43,0,0,0
1545490,0ea54c7d-7a65-812d-2acf-3cab48cc3955,64,1540166,1540191,1545450,1550865,5259,5284,25,0,0,0
1545788,f420f4cf-bfb7-069c-ab92-6e59c241e005,64,1540279,1540279,1545788,1564362,5509,5509,0,0,0,0
1545852,47730b74-06a2-381a-48e0-bf747eaed702,64,1545531,1545550,1545852,1547737,302,321,19,0,0,0
1546246,c3ada6d2-63c3-0697-3096-b24fadaebe9c,64,1544608,1544640,1546242,1562310,1602,1634,32,0,0,0
1546606,cd8441c2-2aae-9487-9ee5-fb30c17bbaa8,64,1545870,1545912,1546574,1547314,662,704,42,0,0,0
1546666,a45c4976-c9f8-0c51-0269-11b85807f669,64,1546486,1546486,1546659,1547460,173,173,0,0,0,0
1546726,7e5c4948-6522-07e4-3a2b-4b272710c5ee,64,1542366,1542425,1546700,1560965,4275,4334,59,0,0,0
1546888,4a32d188-b356-e5db-0327-170872c6f069,64,1546526,1546546,1546850,1548480,304,324,20,0,0,0
1546888,4f2d4f31-7ca0-23fe-c1b0-522264b6a99f,64,1546028,1546028,1546859,1548106,831,831,0,0,0,0
1547086,bc1ef2f1-531f-b0c0-ecac-c5c5ab39ee17,64,1546289,1546306,1547076,1547630,770,787,17,0,0,0
1547610,64d5327d-f7a5-5772-f167-284dd597943b,64,1545907,1545912,1547577,1558383,1665,1670,5,0,0,0
1547730,007c1ede-d3f0-acee-fd68-3f05a9351374,64,1547391,1547392,1547700,1549813,308,309,1,0,0,0
1547991,f87e21b1-0e02-a9a4-d2ea-ce637b580e9e,64,1546895,1546948,1547991,1556441,1043,1096,53,0,0,0
1548326,cc1bd4e3-b72e-a8aa-3815-09d3b4cfe614,64,1545452,1545490,1548326,1556920,2836,2874,38,0,0,0
1548386,d51e393d-31ba-449e-5f25-2b1911223861,64,1545500,1545550,1548378,1560497,2828,2878,50,0,0,0
1548537,954380e5-42e5-48b7-824f-cb25fd3c18af,64,1546617,1546666,1548537,1559212,1871,1920,49,0,0,0
1548657,a6049d88-a2dc-b394-b324-84effa5a6093,64,1548400,1548446,1548632,1551046,186,232,46,0,0,0
1548787,e40f0327-52d8-8a03-3fe6-fa1a955db3be,64,1545882,1545912,1548787,1554770,2875,2905,30,0,0,0
1548993,4360b1d6-3c54-9602-ac90-12077e379303,64,1546186,1546186,1548993,1557208,2807,2807,0,0,0,0
1549062,9b36ec53-b923-2890-189d-8ad01e33f444,64,1547364,1547392,1549062,1560197,1670,1698,28,0,0,0
1549215,c0c5b852-4520-f5c1-c142-d8840c3d1101,64,1547550,1547550,1549169,1562298,1619,1619,0,0,0,0
1549215,4c94057b-c045-22ee-1f7a-b6eaed83cbe9,64,1548896,1548896,1549197,1551324,301,301,0,0,0,0
1549552,f1ea9f57-5aa1-ae70-545b-78d02cb57ad8,64,1545201,1545209,1549552,1564076,4343,4351,8,0,0,0
1549895,47b6e623-2073-1421-b1b5-3245d7035ebe,64,1549668,1549668,1549841,1551011,173,173,0,0,0,0
1549895,79de98e1-ecd4-5113-4422-09d2f625a090,64,1543581,1543617,1549873,1563459,6256,6292,36,0,0,0
1549955,73c308f0-bb87-220f-b089-671357cfc982,64,1548019,1548051,1549935,1556868,1884,1916,32,0,0,0
1550255,576c41b2-d464-f39b-5bbb-d1c9d4d7e4e3,64,1549155,1549155,1550199,1559667,1044,1044,0,0,0,0
1550315,e5af5c4d-3444-ea3f-d8d3-21aa3636f5f2,32,1546828,1546828,1550273,1562521,3445,3445,0,0,0,0
1550851,92fab7d2-5894-77b7-fc07-e6c9a1410bc8,32,1547348,1547392,1550851,1561701,3459,3503,44,0,0,0
1551202,170f28ae-1c9c-1a17-ca12-42615c05ca19,64,1550604,1550631,1551202,1552509,571,598,27,0,0,0
1551562,eded33d7-ef7c-8f3d-f419-4ad44cfafbe9,64,1548118,1548172,1551562,1561629,3390,3444,54,0,0,0
1551782,204678c9-bbc7-ae86-9adb-89f9f92e44c9,64,1550571,1550571,1551738,1552244,1167,1167,0,0,0,0
1552022,11d4d3e1-37ee-63c0-eb6e-e2cc416efd4b,64,1550047,1550075,1551964,1560251,1889,1917,28,0,0,0
1552022,0f52f32b-c3b0-29e4-7e9f-8c8f7c4de6d7,64,1550323,1550375,1551982,1560669,1607,1659,52,0,0,0
1552387,e5007f2e-e16e-6563-a751-776056242c66,64,1546287,1546306,1552387,1562685,6081,6100,19,0,0,0
1552559,a5e8c6d2-38c9-7cc3-3597-ab27e95be685,64,1545211,1545269,1552513,1563120,7244,7302,58,0,0,0
1552739,2cfa1344-99b0-320f-77d3-d2a10f798676,64,1548375,1548386,1552689,1560574,4303,4314,11,0,0,0
1552739,283ba30f-90b4-9e15-c89f-f69f7c1f2057,32,1545157,1545209,1552726,1564564,7517,7569,52,0,0,0
1552739,a8b8edac-e2cf-bca2-d39d-0607aa2e8e57,64,1552611,1552619,1552731,1555168,112,120,8,0,0,0
1552859,ea38ba1a-d23b-063b-db37-b604a47caf78,64,1545623,1545623,1552837,1556884,7214,7214,0,0,0,0
1553118,a557caa4-d27e-ad17-4ba2-c0ce5b8452df,64,1547782,1547790,1553118,1557063,5328,5336,8,0,0,0
1553427,409431c0-39df-d468-790f-cbef8e37e2e6,64,1547212,1547212,1553427,1563438,6215,6215,0,0,0,0
1554656,08d254fb-a878-6af3-5d4f-8adbf594ee99,64,1550324,1550375,1554656,1563711,4281,4332,51,0,0,0
1554823,86ab4b3a-4be8-e8df-c45f-52ff41439629,32,1551369,1551369,1554823,1560454,3454,3454,0,0,0,0
1554883,433891d2-6a5a-2f31-7d9b-3ffc2b0152d7,64,1547863,1547991,1554859,1563880,6868,6996,128,0,0,0
1555033,0ae0e7a8-1f5a-d953-d991-96adc757fd97,64,1550306,1550315,1555033,1566424,4718,4727,9,0,0,0
1555217,dd5c13b6-1666-e4c9-2009-98e1f78e03dc,64,1550079,1550135,1555217,1565220,5082,5138,56,0,0,0
1555479,51b83258-691f-0047-31cb-da26448781d3,64,1551924,1552559,1555479,1565214,2920,3555,635,0,0,0
1555539,58e596c8-a239-2851-7c43-9b5375a155d3,32,1555111,1555111,1555480,1557672,369,369,0,0,0,0
1555599,062a11ca-9609-5ee6-535e-71f73c05306f,64,1555385,1555385,1555586,1556375,201,201,0,0,0,0
1555906,c7726572-efee-b4d8-685c-812557ec8d9f,32,1550902,1552387,1555891,1564761,3504,4989,1485,0,0,0
1555966,5f311d56-be3c-e75b-b4d3-1d39298ee4e1,64,1555753,1555753,1555926,1557363,173,173,0,0,0,0
1556086,0e3b71a4-f8fa-8ff9-5f40-1cb56eaea40a,32,1555633,1555659,1556029,1557790,370,396,26,0,0,0
1556243,ba3a4418-6136-53a0-9c4e-2439191efa14,64,1549975,1550015,1556216,1561041,6201,6241,40,0,0,0
1556243,79c0955f-a769-b8a9-7411-040c622df1a4,64,1552780,1552799,1556222,1563742,3423,3442,19,0,0,0
1556303,22bb9c44-2e7c-6834-df08-eae0eccb2d6b,64,1545110,1545149,1556266,1563462,11117,11156,39,0,0,0
1557030,6505fcda-59f6-382b-35d5-3e0aacbd0089,64,1545690,1545690,1557000,1568112,11310,11310,0,0,0,0
1557306,3f8fd326-188e-929b-833d-171073d6b410,64,1551662,1551782,1557255,1564243,5473,5593,120,0,0,0
1557366,a2597bc6-a007-0731-7da8-7f97289c9c8f,64,1551125,1551125,1557354,1562205,6229,6229,0,0,0,0
1557426,4cda58bb-529a-46be-3be6-0ad648ef7637,64,1551815,1555539,1557374,1568139,1835,5559,3724,0,0,0
1557426,3f17a27c-7d1d-a8a7-9996-92597ab3e20d,64,1547892,1549215,1557375,1565598,8160,9483,1323,0,0,0
1557546,606a6f9d-6936-9ddb-6717-5926a7df0ff9,64,1550314,1550315,1557531,1561712,7216,7217,1,0,0,0
1557546,9846277f-f412-fcd2-72ec-61c3566c06ea,64,1556935,1556970,1557544,1557962,574,609,35,0,0,0
1557606,c0a3423d-3539-946c-7a4d-c8b6c19f6f74,64,1547342,1549895,1557547,1567409,7652,10205,2553,0,0,0
1557823,eb7268aa-898c-a056-2b27-16558f9d2f79,64,1550586,1550631,1557823,1559352,7192,7237,45,0,0,0
1558059,5208f145-08d2-4a1e-0ef6-b7f842c64836,64,1557452,1557486,1558059,1560007,573,607,34,0,0,0
1558243,a576d608-cb75-4ade-0831-525e8c253708,64,1556320,1556363,1558243,1564765,1880,1923,43,0,0,0
1558330,410bb382-f01c-9578-110d-b753fe4896f3,64,1557607,1557666,1558330,1559495,664,723,59,0,0,0
1558972,f551d469-535c-0371-f016-52e3e0a09085,64,1551904,1557366,1558972,1568743,1606,7068,5462,0,0,0
1559032,adca3a79-6b60-a463-aee7-76e7ac1b6d47,64,1558624,1558624,1558989,1560144,365,365,0,0,0,0
1559092,01434f1d-0981-2dba-35e3-cec5ecec093d,64,1553702,1555599,1559043,1568610,3444,5341,1897,0,0,0
1559152,12ca4621-2f2b-bd55-e6dc-4d06dba3bc39,64,1557972,1557972,1559122,1559146,1150,1150,0,0,0,0
1559152,9a3b1607-3abb-f73f-b0e9-6bfcfb26feed,64,1551879,1551902,1559136,1562966,7234,7257,23,0,0,0
1559720,75787c24-434a-eaf1-6545-8b5dca87c8a6,64,1547617,1558330,1559720,1569517,1390,12103,10713,0,0,0
1559780,dfef2eb6-9075-b603-cd03-388b47baeb25,64,1547053,1557606,1559736,1568860,2130,12683,10553,0,0,0
1559840,2a25eda8-ce15-00ad-df03-23cd52a17ef5,64,1548550,1558243,1559840,1569316,1597,11290,9693,0,0,0
1560506,dd2a3c3d-ca1b-950e-2184-5a1b4b86da92,64,1556183,1556183,1560506,1565732,4323,4323,0,0,0,0
1560787,c601e07f-0697-1e4c-b9c2-40a69c135714,64,1556358,1559092,1560787,1569777,1695,4429,2734,0,0,0
1560847,e917eb6c-dcfe-7448-5a44-c2acd1342ced,64,1556854,1559780,1560823,1571315,1043,3969,2926,0,0,0
1560907,441be6f6-4971-7671-8194-37ec892ae381,64,1552270,1554656,1560907,1567130,6251,8637,2386,0,0,0
1561704,0a1fecbd-358e-2b87-d211-007432058757,64,1547026,1547086,1561704,1568806,14618,14678,60,0,0,0
1561960,49a7f1b1-d71b-46de-c6d4-49938031ad2b,64,1554302,1559152,1561960,1570637,2808,7658,4850,0,0,0
1562020,2596baf4-48f0-b67e-fc6b-b331f42a4c16,64,1549843,1559152,1562010,1570343,2858,12167,9309,0,0,0
1562176,d7ee5ae7-8da1-1e01-7722-93587049084a,64,1550603,1560506,1562176,1572124,1670,11573,9903,0,0,0
1562671,3c682d54-56d0-22c7-abec-69bed4004b50,64,1549835,1560787,1562671,1573165,1884,12836,10952,0,0,0
1563348,e6bddcc3-e6f8-c195-a091-b634a8cef04f,64,1547291,1559032,1563348,1569677,4316,16057,11741,0,0,0
1563408,56cd95d8-e36f-2439-a57a-47b84987846f,64,1552669,1552679,1563380,1563441,10701,10711,10,0,0,0
1563563,7c7383cc-d3b0-f877-a07f-68c2308a12ff,64,1555846,1561960,1563563,1574805,1603,7717,6114,0,0,0
1563721,0c3d11be-f2a8-668b-1dc3-b316b3711c4f,64,1550194,1560907,1563721,1574366,2814,13527,10713,0,0,0
1563852,5e6cb6c6-56dc-5946-4d12-3e115c12a990,64,1556850,1562671,1563852,1575133,1181,7002,5821,0,0,0
1564207,9d0fb6c1-d61d-a290-98b5-1ae930a721d8,32,1553050,1560787,1564207,1572750,3420,11157,7737,0,0,0
1564287,74cbc159-8aab-e2dc-f947-1382ecdae180,32,1549670,1560847,1564287,1573240,3440,14617,11177,0,0,0
1564469,04924cf0-7c9a-95fb-6b8f-68e762267cd5,64,1556276,1556303,1564469,1568630,8166,8193,27,0,0,0
1564637,49469f78-9173-cc02-a65c-1fbae43a48c8,64,1557383,1557426,1564637,1568481,7211,7254,43,0,0,0
1564809,128ee1ca-39e5-c507-16e4-4d5d6fc64a91,64,1548112,1557426,1564809,1568755,7383,16697,9314,0,0,0
1564955,1e8ec933-c502-fb1a-082c-15f6d5f455df,64,1551714,1563348,1564955,1575605,1607,13241,11634,0,0,0
1565015,c10a8e51-f52c-5f86-6c92-82ff3a33ce0e,64,1554198,1563852,1564969,1577880,1117,10771,9654,0,0,0
1565015,824d948d-c262-3085-d72c-b877df68a15b,64,1547266,1547272,1565007,1567194,17735,17741,6,0,0,0
1565140,a5f6bd5e-abed-dfc3-3a25-07ce698efa7a,32,1552499,1561704,1565140,1574375,3436,12641,9205,0,0,0
1565235,4d7858f1-7a28-40c9-33ce-df06e0fc0575,64,1551825,1559840,1565235,1571450,5395,13410,8015,0,0,0
1565548,7e783af1-4673-8e53-c16e-c9cf01fb2e46,64,1557246,1564469,1565548,1578733,1079,8302,7223,0,0,0
1565612,5bd3bd64-cfaf-1af2-b333-0d78d0f7628a,64,1556431,1563721,1565612,1576875,1891,9181,7290,0,0,0
1566309,ddedf279-3e9e-1eb0-19f0-5726d721a0b1,64,1558732,1564637,1566309,1580509,1672,7577,5905,0,0,0
1566710,d5edea8e-afd3-a151-c668-3403094986e1,64,1556018,1556026,1566710,1567814,10684,10692,8,0,0,0
1567469,9ab86bf3-e4f9-67a6-f9ab-333db2083c12,64,1554040,1562176,1567469,1575106,5293,13429,8136,0,0,0
1567681,a8855428-ae0b-2f39-68d5-1b08a5a1cb2f,64,1554884,1564287,1567681,1578232,3394,12797,9403,0,0,0
1567869,eb99ec9f-ec3c-9e2d-9060-f6dee1ffa16e,64,1552196,1561704,1567869,1574716,6165,15673,9508,0,0,0
1568723,5586c176-ba95-7e24-c5a2-8d7a6aff7e49,64,1558505,1563408,1568723,1575686,5315,10218,4903,0,0,0
1569159,6d29f434-41b4-f642-d1fb-e47a1bb45401,64,1555520,1562020,1569159,1574974,7139,13639,6500,0,0,0
1570133,f2615da9-0b8d-b8a9-6d8f-f78b9492862d,64,1557119,1564809,1570133,1580593,5324,13014,7690,0,0,0
1570545,836c23f4-fd62-b23e-756c-375fa69f167b,64,1547914,1559720,1570545,1571075,10825,22631,11806,0,0,0
1574270,7e594d1d-c8fe-b5dc-8667-8f51df08144c,64,1554024,1563563,1574270,1575703,10707,20246,9539,0,0,0
1580580,84622964-3fc5-e0b1-7727-a590c2367278,64,1556205,1564955,1580580,1612121,15625,24375,8750,0,0,0
1597713,82490bbc-4d97-34d4-9b71-eba1a713374c,64,1596001,1596031,1597713,1607752,1682,1712,30,0,0,0
1598256,2cdf8ef8-2d31-ca81-10a1-f5360996db5c,64,1596640,1596640,1598256,1605328,1616,1616,0,0,0,0
1598316,abf6f445-f118-7f13-951b-0259a4e8cb59,64,1596387,1596415,1598303,1612166,1888,1916,28,0,0,0
1598316,7133fe39-1cce-d8c3-b7b0-ce5d7f34b7f3,64,1596700,1596700,1598305,1608318,1605,1605,0,0,0,0
1599824,83458e1f-7ce3-2c7d-03c0-69025635d301,64,1596304,1596355,1599816,1607783,3461,3512,51,0,0,0
1600101,32f9706a-19f7-3f4e-7ff4-93ebc54f4ec1,64,1597159,1597195,1600052,1608820,2857,2893,36,0,0,0
1600319,0d0a5585-8dc3-f3ad-a7a9-88829b2fad3c,64,1599236,1599274,1600319,1608022,1045,1083,38,0,0,0
1600379,908bcf7e-459a-dc55-8319-f2c998d8e92e,64,1595983,1596031,1600374,1610150,4343,4391,48,0,0,0
1601584,c796bdee-0bb2-b195-dd92-44dfebc01776,64,1599704,1599704,1601584,1615372,1880,1880,0,0,0,0
1601762,db88d2d9-8b55-b917-e38a-1ff8cabbda5a,64,1600092,1600101,1601762,1616652,1661,1670,9,0,0,0
1602051,1407a734-a663-e2a2-6070-6a877091fa1f,64,1596648,1596700,1602051,1605984,5351,5403,52,0,0,0
1602114,1b0b7140-0b5c-7240-2e5e-22c8f05de680,64,1595971,1595971,1602114,1610607,6143,6143,0,0,0,0
1602174,e21edd6b-3551-9dc0-b612-66791cb0daed,64,1599319,1599334,1602162,1613292,2828,2843,15,0,0,0
1602437,fed4c7af-8119-300e-c12a-8561496a5d17,64,1597075,1597075,1602437,1615522,5362,5362,0,0,0,0
1602540,426acc2e-5d3b-ad65-1b85-5a6812a46caf,64,1596295,1596295,1602540,1616776,6245,6245,0,0,0,0
1602755,daa5b109-1bfa-35da-52c6-7e78e1dd89aa,64,1599293,1599334,1602755,1612600,3421,3462,41,0,0,0
1602831,0763dfaa-c94d-5d29-fa6a-cf7118b29ecd,64,1599094,1599094,1602831,1619653,3737,3737,0,0,0,0
1602891,86545db5-b658-2545-b82b-16cc8b562578,64,1600041,1600041,1602864,1610489,2823,2823,0,0,0,0
1603171,c7139774-9bf4-8033-bf39-9b2faf185742,64,1600960,1602114,1603171,1622226,1057,2211,1154,0,0,0
1603380,6d27ae74-2edf-8ba0-bf89-7a1491412d4b,64,1599100,1599154,1603380,1623289,4226,4280,54,0,0,0
1603818,f99a1ba0-8f33-24f6-a54b-a2b07aeaf961,64,1599517,1599517,1603818,1611606,4301,4301,0,0,0,0
1604147,45ab133f-1a8c-ff92-3f6c-de7eca50e128,64,1600761,1602540,1604147,1622739,1607,3386,1779,0,0,0
1604245,b80ff956-6a0f-5509-eeb1-238e0f14e49c,64,1600806,1600821,1604245,1615307,3424,3439,15,0,0,0
1604355,852a27ac-7aaa-d4b3-1fc1-812aa4da7990,64,1597125,1597135,1604355,1608211,7220,7230,10,0,0,0
1604415,eb6a2290-89ff-59c7-7647-ce3223558665,32,1600944,1600944,1604374,1616823,3430,3430,0,0,0,0
1604626,3a90045c-b63c-dd1c-b3af-711eacbe65bb,64,1601020,1601762,1604626,1620764,2864,3606,742,0,0,0
1605066,444d698c-09c2-8620-be0c-6de05c8f8ec4,64,1599724,1599764,1605066,1618733,5302,5342,40,0,0,0
1605410,77ec757f-72ff-3fa6-b436-8198e2181dd8,64,1599177,1599214,1605410,1623783,6196,6233,37,0,0,0
1605617,801ba2a2-b9ca-8373-7541-eeb9c3732e9c,32,1599531,1602174,1605617,1622244,3443,6086,2643,0,0,0
1605847,03f0f18f-a80a-3b6b-e656-0e13e0942909,64,1600252,1602437,1605847,1622273,3410,5595,2185,0,0,0
1606352,3c0db635-fd32-94a6-4f3b-5dd92297f841,64,1600958,1601004,1606352,1615339,5348,5394,46,0,0,0
1606671,d2f22bdd-6c20-c5b8-fc90-aee186536459,64,1599421,1599421,1606671,1610822,7250,7250,0,0,0,0
1606857,ff6c058f-a631-a506-0e35-f691ba8a4581,64,1599577,1599577,1606857,1621392,7280,7280,0,0,0,0
1607224,8448010e-d1d4-39e2-fb18-c689883f6367,64,1599640,1602891,1607224,1624099,4333,7584,3251,0,0,0
1607811,98bae897-8772-744f-2801-dfeeb4f1864c,64,1597176,1597195,1607811,1609423,10616,10635,19,0,0,0
1616909,b1f4acb9-8b24-d4e8-74c1-5168d139348a,64,1615273,1615296,1616909,1638434,1613,1636,23,0,0,0
1617226,2cef1862-f643-8af0-2e84-4e383011230a,64,1615361,1615361,1617226,1624635,1865,1865,0,0,0,0
1618210,f050ddc4-4169-eb9d-3eba-de37d4d2a015,64,1615242,1615296,1618161,1629251,2865,2919,54,0,0,0
1618717,8df43e54-f0f2-7f40-a9b2-ceba978baba7,64,1617600,1617613,1618681,1627196,1068,1081,13,0,0,0
1618869,ba54a821-93a7-17d7-833a-f8ece53f2d00,64,1617815,1617815,1618869,1632243,1054,1054,0,0,0,0
1619049,7488ad9b-e267-a92c-8c92-34405cb0f09a,64,1617984,1618004,1619049,1634872,1045,1065,20,0,0,0
1619172,5c2e9725-7f87-21ea-e69f-10b7173b4054,64,1614869,1614869,1619155,1632592,4286,4286,0,0,0,0
1619422,0d3d3a80-81f8-24e4-da5b-29fe9ef7b8ef,64,1618317,1618330,1619372,1633490,1042,1055,13,0,0,0
1619568,b15d6d21-db96-cc10-6341-b29912d9a0b9,64,1617879,1617879,1619568,1626932,1689,1689,0,0,0,0
1619831,5b3cf8f3-ec02-4c57-4ba3-26823daf3f98,64,1614510,1614510,1619831,1635801,5321,5321,0,0,0,0
1620143,86d6fe2c-2cfb-97bb-5ac9-d09a48110bb1,64,1618226,1618270,1620143,1630890,1873,1917,44,0,0,0
1620413,138a12a1-18c6-662c-e079-0fa55f2da8e0,64,1619331,1619362,1620410,1631672,1048,1079,31,0,0,0
1620653,1960f85c-da89-47b0-0829-8564053502ff,64,1615236,1615236,1620623,1629183,5387,5387,0,0,0,0
1621250,bd425e67-bcdb-106d-69a0-f6cd8d3347f1,64,1620173,1620203,1621250,1629691,1047,1077,30,0,0,0
1621510,cea91444-02d8-1460-961c-144bc94439c4,64,1618607,1618657,1621510,1631731,2853,2903,50,0,0,0
1621570,e62ba94b-9988-4a12-bb31-03c3fa60f04a,64,1615133,1615133,1621548,1636166,6415,6415,0,0,0,0
1621570,f6f43af4-75c1-e3cb-2008-a6c8124d7169,64,1618672,1618717,1621557,1632773,2840,2885,45,0,0,0
1621745,628c03b4-280c-278e-b36b-4a1d57eb17e3,64,1618885,1618929,1621741,1627843,2812,2856,44,0,0,0
1621805,4e5ab46b-c359-da2d-f4c2-6eacdd69a52e,64,1618091,1618150,1621784,1637644,3634,3693,59,0,0,0
1621958,528f107c-55c1-423b-2427-89f14871ac70,64,1620353,1620353,1621958,1628693,1605,1605,0,0,0,0
1622034,f2b9f4fd-6e33-4220-0107-382e85a66907,32,1618597,1618597,1622034,1630021,3437,3437,0,0,0,0
1622565,0c77917c-b434-fcbd-26c9-eddec23d46c0,64,1619761,1619761,1622565,1630135,2804,2804,0,0,0,0
1622625,e03797fc-0461-ec9c-d067-a19e562406e3,64,1619121,1619172,1622616,1636811,3444,3495,51,0,0,0
1622685,b23b40be-a55e-4a13-85c6-82438822bf34,64,1618326,1618330,1622633,1626573,4303,4307,4,0,0,0
1623008,f92c4975-8d80-6d7e-522f-b3cc0ddf8167,64,1617553,1617553,1623008,1628864,5455,5455,0,0,0,0
1623670,410faa87-ed52-5013-5555-8194aed7997a,64,1618908,1622625,1623670,1639361,1045,4762,3717,0,0,0
1624085,ce37b5ab-ebd9-4471-d713-f2219da5d4e9,32,1620622,1620653,1624085,1633015,3432,3463,31,0,0,0
1624211,92a824e5-2171-293a-6201-dbc22b8991eb,64,1617944,1617944,1624211,1633633,6267,6267,0,0,0,0
1624391,5b049d12-5b70-2126-d638-ec732048508a,64,1618090,1618090,1624391,1634584,6301,6301,0,0,0,0
1624499,5cb2b47d-f217-59f5-a849-cacc8d128634,64,1621685,1621685,1624499,1631076,2814,2814,0,0,0,0
1624559,80e70660-43eb-cbd5-789b-7b5a54a09a55,64,1618402,1618450,1624522,1633808,6072,6120,48,0,0,0
1624619,60c35005-7b2d-3141-545c-08473a6bf380,64,1621706,1621745,1624563,1631702,2818,2857,39,0,0,0
1625226,b757b850-f940-1c40-9d2f-0f5ed75801d9,64,1621780,1621805,1625226,1636831,3421,3446,25,0,0,0
1625302,3c1f59ff-3fd6-4318-7613-5c6847283dc2,64,1618320,1623670,1625302,1641985,1632,6982,5350,0,0,0
1625740,3be0e969-d40b-4fc6-4a77-162e7c8c5a37,64,1618480,1618510,1625740,1626892,7230,7260,30,0,0,0
1625887,fc668526-5836-dc87-1092-b92cfc94f3d1,64,1620523,1620533,1625887,1630501,5354,5364,10,0,0,0
1625947,e6177230-4804-896e-bc75-840e57638e38,64,1617153,1617153,1625909,1642002,8756,8756,0,0,0,0
1626007,278538a8-e189-e366-f6d0-0bc1c7113896,32,1620228,1622565,1625999,1638740,3434,5771,2337,0,0,0
1626432,30d20eea-eda8-0463-e997-d36ce6b82604,32,1620427,1623008,1626432,1640274,3424,6005,2581,0,0,0
1626813,0c4db444-ae4a-8a2a-2c1f-0cb0aa4bf5b5,64,1619302,1620143,1626813,1637880,6670,7511,841,0,0,0
1627898,e6947082-8f4c-1dff-762f-5b2eb58c989f,64,1621808,1621865,1627898,1636816,6033,6090,57,0,0,0
1628081,1db305ae-e8eb-583c-602f-5df31b4d21a2,64,1618809,1622685,1628081,1639790,5396,9272,3876,0,0,0
1628141,b0f8cb1c-d2e8-ad3f-29d1-a407748a53df,64,1620541,1621570,1628096,1638204,6526,7555,1029,0,0,0
1629023,a1f9f3d1-ba6d-4129-2c4e-e82a5d76e58c,64,1619112,1623008,1629023,1640557,6015,9911,3896,0,0,0
1630067,16ade656-9897-6c57-07e8-9799238f7931,64,1616235,1616235,1630067,1638079,13832,13832,0,0,0,0
1630636,bb30acc5-f7bb-5e62-3bbd-fb1fb297fcb2,64,1618339,1624559,1630636,1642918,6077,12297,6220,0,0,0
1630872,c73b057a-4e02-5f36-fcd4-35079a730795,64,1621709,1624619,1630872,1644248,6253,9163,2910,0,0,0
1631708,7f363726-4a4a-d31a-f39b-180a11ccb853,64,1618415,1624499,1631708,1642494,7209,13293,6084,0,0,0
1633907,09fd1975-62bd-993d-cb5e-f8d5fee9ae1c,64,1632827,1632858,1633907,1646577,1049,1080,31,0,0,0
1634474,df3bf3e0-1e37-289b-b64d-de08167cdc70,64,1632832,1632858,1634474,1656684,1616,1642,26,0,0,0
1634989,f0dce4ef-c906-7636-caaf-ec181b0c1481,64,1618174,1618210,1634989,1642352,16779,16815,36,0,0,0
1635547,db1950cf-9722-207a-9985-18a232722af9,64,1632160,1632160,1635547,1646990,3387,3387,0,0,0,0
1636051,3cfa4ba3-6f3a-7c95-7456-0393c14d4599,32,1632652,1632652,1636051,1644642,3399,3399,0,0,0,0
1636329,96ce84a4-e724-5eea-f431-357cd6066a09,32,1632806,1632858,1636297,1644740,3439,3491,52,0,0,0
1636329,8a1520f2-a247-92d4-841f-9504e6dc8b2a,64,1632865,1632918,1636297,1647643,3379,3432,53,0,0,0
1637382,c7303241-2d1d-aa74-0f74-60eb5c5895ee,64,1636286,1636329,1637382,1646979,1053,1096,43,0,0,0
1638082,837d395a-dfd6-86b2-79a8-6786cdb7e4bf,64,1636209,1636209,1638082,1660378,1873,1873,0,0,0,0
1638142,f08ec83b-6973-8e03-2bc7-4ccad969cdaa,64,1632798,1632798,1638140,1645227,5342,5342,0,0,0,0
1638248,4a7de090-59ae-ed57-7891-4b8c6956ab75,64,1632177,1632220,1638248,1641816,6028,6071,43,0,0,0
1638308,12b08ef1-09ab-f3b8-aaf8-3512ed22acb0,64,1636416,1636416,1638303,1650583,1887,1887,0,0,0,0
1638368,5870298c-3620-6014-7ea7-e3d3c8c40462,64,1636429,1636476,1638356,1658823,1880,1927,47,0,0,0
1639193,7b40fa5e-3a94-6c86-aead-580ec51e522e,64,1636273,1636329,1639193,1651976,2864,2920,56,0,0,0
1639283,347fc9f0-b5d9-b8cd-e5f0-0ebc7fab189e,64,1636469,1636476,1639283,1651477,2807,2814,7,0,0,0
1639706,f31598c4-963f-916f-16ba-cc09ec0bcfc0,64,1636249,1636269,1639706,1646838,3437,3457,20,0,0,0
1639766,60bb5304-e300-2c5e-0ba5-861b164f4de5,64,1636280,1636329,1639755,1646573,3426,3475,49,0,0,0
1639826,a0685768-7540-fa94-8fbc-05f774328c10,32,1636318,1636329,1639790,1652083,3461,3472,11,0,0,0
1641402,13c6832f-7b85-316e-e594-25948e9d4761,64,1638576,1638576,1641402,1647997,2826,2826,0,0,0,0
1641657,d2a154a5-251a-eaf8-656d-3448724552dc,64,1636261,1636269,1641657,1660500,5388,5396,8,0,0,0
1642636,7e821fb2-1b52-277d-d466-a6bd558b889f,64,1636595,1636595,1642636,1654625,6041,6041,0,0,0,0
1642696,73f7dd6e-669c-5b48-cd6e-8de1c20380f4,64,1636439,1636476,1642677,1644969,6201,6238,37,0,0,0
1647228,299b7c48-9ad6-3e1c-7587-1bf8d8765dcd,64,1636433,1636476,1647228,1651860,10752,10795,43,0,0,0
1647599,898b4379-3a23-dd20-32b2-23cef8ea47c9,64,1646558,1646558,1647599,1660156,1041,1041,0,0,0,0
1649218,c3bc3ea1-c606-3268-3e52-8c3bdaa5b205,64,1648172,1648172,1649218,1662555,1046,1046,0,0,0,0
1649278,7219d3e4-023f-7122-02f1-2efd408adf78,64,1638499,1638499,1649247,1656302,10748,10748,0,0,0,0
1649352,c57a852e-0429-9903-5ae6-28fbdd5e7aa8,64,1647736,1647745,1649352,1663249,1607,1616,9,0,0,0
1649554,a27b3f67-e6a8-3d80-3bf0-65bd9d3dfc80,64,1646749,1646749,1649554,1660756,2805,2805,0,0,0,0
1649708,e57167ae-a306-5691-9dfc-bbc8f0b81959,64,1646849,1646849,1649708,1667845,2859,2859,0,0,0,0
1650462,bbc0cfb3-1d83-ba54-60f4-3fd3bd605a8c,64,1648842,1648858,1650462,1658954,1604,1620,16,0,0,0
1650523,39551b6f-b4a4-7021-c973-12ba8830a596,64,1648882,1648918,1650523,1660048,1605,1641,36,0,0,0
1650631,e40644c4-3e7a-f969-3f9d-dcb4c50203e6,64,1646344,1646344,1650631,1668350,4287,4287,0,0,0,0
1651865,d222d016-fcf7-e00f-1d82-c1757bfbd98d,32,1648109,1648109,1651865,1670866,3756,3756,0,0,0,0
1652347,e9de8023-00cc-8593-9a76-c5a749ac644f,64,1648887,1648918,1652330,1660722,3412,3443,31,0,0,0
1652407,5014c25e-4b43-f84d-8691-3e48a1bb7c24,64,1648912,1648918,1652352,1657388,3434,3440,6,0,0,0
1652467,d170a18b-cc97-878e-9974-8b9c4e9feb53,32,1649039,1649039,1652441,1667554,3402,3402,0,0,0,0
1652678,fd245dc4-b726-3dbf-80b0-962b1af915f6,64,1646584,1646618,1652678,1658151,6060,6094,34,0,0,0
1652833,d99e5206-f91d-4593-2e48-359096d74f90,64,1646572,1646618,1652833,1669577,6215,6261,46,0,0,0
1653199,54a5d90a-cebb-441d-4762-a1457244a6ea,64,1647751,1647805,1653140,1659835,5335,5389,54,0,0,0
1653433,8e044d56-b914-61e6-8b0a-b1559a3d3cca,64,1647685,1647685,1653433,1672105,5748,5748,0,0,0,0
1653664,29a3ec98-8235-af4a-49cb-e28a05abfc1e,64,1651752,1651786,1653664,1672249,1878,1912,34,0,0,0
1653849,92d5bd9a-834c-6429-1e2a-be8129266d8d,64,1648432,1648432,1653794,1668221,5362,5362,0,0,0,0
1654256,05d4f242-9b0b-c0af-6921-7cde15052eae,64,1652335,1652347,1654217,1673063,1870,1882,12,0,0,0
1654952,1974fdae-ad4d-5ea6-4622-bc7811eed364,64,1652094,1652094,1654952,1669068,2858,2858,0,0,0,0
1655012,d77f309f-1991-d0a1-fe82-e461ff4d3738,64,1648798,1648798,1654985,1659946,6187,6187,0,0,0,0
1655647,ae0b1337-8b4e-03ff-796c-baf115d84140,64,1653836,1653849,1655647,1673706,1798,1811,13,0,0,0
1655932,b95fbd98-46a0-8d6f-91df-a536719f1fd5,64,1654327,1654327,1655932,1668213,1605,1605,0,0,0,0
1656103,b082d2c7-8646-6bcd-c1bc-df5c457f8e40,64,1654414,1654414,1656103,1671960,1689,1689,0,0,0,0
1656190,080e0bd7-49a9-73f5-0efb-f3cff96b993c,64,1654615,1655012,1656190,1674215,1178,1575,397,0,0,0
1656577,0dbbbae0-3680-6b6d-275a-6a1a8b8e3f24,64,1652227,1652227,1656577,1669077,4350,4350,0,0,0,0
1656793,059f9496-7f58-8f50-5115-56f7f9d76c52,64,1652517,1652527,1656793,1662545,4266,4276,10,0,0,0
1657415,69a63e1a-bc9b-4c02-94e8-67fee5067bd0,64,1646584,1646618,1657415,1662663,10797,10831,34,0,0,0
1657576,7417b9bd-933f-856b-5bad-ca3ff7da32c8,64,1654779,1654779,1657576,1670126,2797,2797,0,0,0,0
1657636,785a3a82-5a72-5252-e2c5-7713aaef6f40,32,1654137,1654196,1657619,1664469,3423,3482,59,0,0,0
1657753,954c2657-c593-e7c6-dd4f-9ba30baf33f9,64,1651726,1651726,1657753,1659959,6027,6027,0,0,0,0
1658889,d1e02e58-6589-81f7-c34a-2315814fd7aa,64,1652337,1652347,1658889,1675226,6542,6552,10,0,0,0
1659144,12360b77-bbc8-8411-765f-464d2387a00d,64,1654136,1654136,1659144,1677554,5008,5008,0,0,0,0
1659204,47018202-78ea-e80f-b6f8-3f07b8d42484,64,1653139,1653139,1659186,1663806,6047,6047,0,0,0,0
1660154,1da1eaf6-930a-cde6-2971-ea93927a6e91,64,1652959,1652959,1660154,1662051,7195,7195,0,0,0,0
1660390,13029596-a295-ec95-11a3-a553751ceccd,64,1654152,1654196,1660390,1669145,6194,6238,44,0,0,0
1660450,552a4039-e23f-a451-8494-49f240e00c60,64,1654256,1654256,1660433,1664710,6177,6177,0,0,0,0
1660450,e7dff09b-7341-e5d4-bb46-05a365e1c2cb,64,1654212,1654256,1660449,1665742,6193,6237,44,0,0,0
1660978,8cef4288-c195-787a-970a-081d6627287c,64,1653789,1653789,1660978,1662725,7189,7189,0,0,0,0
1663039,2ea43152-ba0e-6140-0668-2d4367aebd97,64,1652246,1652287,1663039,1661713,10752,10793,41,0,0,0
1721672,9dfbc67c-5e02-6009-2a4f-ab21c4bad91e,64,1721175,1721175,1721665,1723194,490,490,0,0,0,0
1721749,9fec5d88-7dc8-c83d-b195-6dc7378f7ba8,64,1721632,1721672,1721749,1722415,77,117,40,0,0,0
1721994,aad5dff0-92e9-e011-8834-d5e57a91de9a,64,1721376,1721376,1721954,1723596,578,578,0,0,0,0
1722054,f4f88d6a-1181-15ae-36c7-3bcf54bcf926,64,1721874,1721874,1722029,1724095,155,155,0,0,0,0
1722054,483869f6-5ed3-2c60-46dd-6b545de30399,64,1721612,1721612,1722049,1722311,437,437,0,0,0,0
1722333,f5dc7c60-0d90-52f9-0035-be92a7cdf9d5,64,1721905,1721934,1722333,1724128,399,428,29,0,0,0
1723978,0bbf98f3-0a88-0aa2-b325-c4db7d944909,64,1723858,1723858,1723956,1725126,98,98,0,0,0,0
1724038,0bc7266d-0bb0-4806-d845-097774ff7fee,64,1722383,1722393,1724006,1744651,1613,1623,10,0,0,0
1724117,cdfeb434-5543-4371-d0a7-81909acc1756,64,1723594,1723650,1724117,1729018,467,523,56,0,0,0
1724256,bec14bf1-4c38-ad67-c309-a740639e4520,64,1723590,1723590,1724256,1728135,666,666,0,0,0,0
1724512,73697892-088c-577b-e0e4-5aae5d0e4149,64,1722625,1722625,1724512,1733357,1887,1887,0,0,0,0
1724658,e38f8a8f-b7d2-da25-8b1e-06f49cc11714,64,1723951,1723978,1724658,1726203,680,707,27,0,0,0
1725159,923b0123-13fb-4d10-afe6-31990d6397ce,64,1724859,1724859,1725121,1726654,262,262,0,0,0,0
1725276,ad3791e4-b25c-dbd3-a4e3-ac484c607708,64,1725049,1725099,1725276,1726704,177,227,50,0,0,0
1725336,448dcb8f-d5ab-15fd-a2de-60b929abb678,64,1725115,1725159,1725336,1726160,177,221,44,0,0,0
1725398,3bd1571a-46e2-d093-afb7-a9d02e9f59a8,64,1724890,1724919,1725398,1728984,479,508,29,0,0,0
1725645,62852c8e-3366-0642-ba6c-f7953192eed3,64,1725302,1725336,1725598,1726330,262,296,34,0,0,0
1725645,7d14f26d-4203-c887-e2a8-024a25dcdf5a,64,1724867,1724919,1725606,1729283,687,739,52,0,0,0
1725645,35c78f79-9bf6-7cc8-91aa-6629567d4150,64,1725010,1725039,1725623,1727103,584,613,29,0,0,0
1725820,d39f9faa-0bb7-56f4-cd51-cdbb61e5a4e2,32,1724864,1724919,1725805,1730989,886,941,55,0,0,0
1726120,e9a9cf9c-a1bf-c163-74b8-2dad145f9b7d,64,1725585,1725585,1726065,1731688,480,480,0,0,0,0
1726330,59b809b4-7bc3-bf95-c592-3f48fbee7d03,64,1725919,1725940,1726330,1729864,390,411,21,0,0,0
1726528,a2cc382e-0af6-50cd-e4b5-d0274193b871,64,1725790,1725820,1726528,1730962,708,738,30,0,0,0
1726789,8ff57d4e-13ee-dea2-6b5b-d02ccf0cf995,32,1725935,1725940,1726789,1729073,849,854,5,0,0,0
1726991,7a85c0aa-b4f3-6ace-8677-c38de043923a,64,1725902,1725940,1726991,1741204,1051,1089,38,0,0,0
1727668,54d7ab5a-9593-1dee-0d50-96c2d8daba4d,64,1725984,1726000,1727668,1737690,1668,1684,16,0,0,0
1728346,169839cf-44ce-261d-b31d-744bfa6d84fa,32,1727304,1727320,1728346,1740921,1026,1042,16,0,0,0
1728411,ed26c29c-6d42-06ca-3ea2-85de0d837609,64,1727810,1727848,1728411,1729084,563,601,38,0,0,0
1728591,ad743682-c271-f84e-2158-dd8f405c54d0,32,1724965,1724979,1728565,1742262,3586,3600,14,0,0,0
1728651,71b5bea2-38a6-af13-95ab-c2a9cdde9862,64,1726557,1726588,1728620,1741774,2032,2063,31,0,0,0
1728732,6ff72129-19c4-53a3-8f92-0a7b6ef5b434,64,1725918,1725940,1728732,1737814,2792,2814,22,0,0,0
1729240,788873e0-17f6-b054-0137-ede6249c1807,64,1725807,1725820,1729240,1740361,3420,3433,13,0,0,0
1729300,1814dcf2-fa95-a115-bb8e-0c5c957c9f84,64,1725826,1725880,1729291,1734156,3411,3465,54,0,0,0
1729362,9a67588c-27f3-6623-2434-05ffbaf65352,64,1726188,1726330,1729362,1742580,3032,3174,142,0,0,0
1730030,2bb7dcde-c647-30a2-6ac6-9ae931050a52,64,1723966,1723978,1730030,1733026,6052,6064,12,0,0,0
1730150,cc30880f-1570-dd1c-e983-eb38cc7b3e63,64,1728249,1728249,1730131,1737012,1882,1882,0,0,0,0
1730346,22326af8-6200-f62e-f0a9-68e308a79228,64,1730147,1730150,1730305,1732334,155,158,3,0,0,0
1730406,43be6e44-e638-f5c5-33da-eaf3b0917e0e,64,1727510,1727510,1730352,1740005,2842,2842,0,0,0,0
1730586,f24d4dc0-6940-7ab8-60ed-879d278b930b,64,1723938,1723978,1730583,1745057,6605,6645,40,0,0,0
1730743,0572f366-d45c-e1d7-704d-a1905ee459eb,64,1730578,1730586,1730743,1731717,157,165,8,0,0,0
1731199,2bb6092d-b825-b9f3-d1e8-d69de84fe635,64,1723914,1723918,1731168,1736794,7250,7254,4,0,0,0
1731259,d640f9ee-66c2-753a-d769-5c59223b6577,32,1727763,1727788,1731205,1738602,3417,3442,25,0,0,0
1731330,bbc7557e-63a4-a81b-5ffc-439c517c25d5,64,1730286,1730286,1731330,1740652,1044,1044,0,0,0,0
1731390,5ab91f97-4ffd-fafc-77c1-154e8294d411,64,1725760,1725760,1731385,1742882,5625,5625,0,0,0,0
1731587,f5c5fe46-21d1-7f0a-76aa-f7d6eded60bf,64,1726137,1726180,1731575,1736001,5395,5438,43,0,0,0
1731587,c1664600-5a55-4642-406d-a9360e51bbc3,64,1726168,1726180,1731586,1739189,5406,5418,12,0,0,0
1731753,18f3dc39-23e6-496d-b0e1-f3f56570e37e,64,1730132,1730150,1731753,1743508,1603,1621,18,0,0,0
1732105,e3ffd045-b86f-84bf-2d0c-eb08a52bee69,64,1731673,1731673,1732065,1733337,392,392,0,0,0,0
1732165,c2d2a9dd-e511-5bfc-7193-00ceff72f4b8,64,1726033,1726060,1732122,1737587,6062,6089,27,0,0,0
1732345,dc4361c1-cab9-0efd-35a8-7ce314f87c58,64,1732045,1732045,1732303,1733201,258,258,0,0,0,0
1732345,e6eb45a3-fbef-2069-98f6-b696c91c9320,64,1732184,1732225,1732322,1733121,97,138,41,0,0,0
1732405,1dd838c6-ea2f-5ab2-3ac1-af9d0daacb17,64,1726069,1726120,1732351,1735796,6231,6282,51,0,0,0
1732465,371098de-8dfc-fd54-1f02-f8743a7fba9a,64,1732278,1732285,1732438,1733168,153,160,7,0,0,0
1732525,0346967f-6d73-13b8-72f7-0d50ddc233c0,64,1730550,1730586,1732466,1741880,1880,1916,36,0,0,0
1732611,043d5322-60b7-d4f0-d806-c1b1839c662f,64,1727230,1727260,1732611,1735993,5351,5381,30,0,0,0
1733179,2c78bbd1-a331-3d2a-bbc6-0dcc68627464,32,1729748,1729748,1733179,1741079,3431,3431,0,0,0,0
1733259,a7e75ec5-d963-0e2a-8d99-b41593fb428c,64,1727200,1731587,1733259,1745313,1672,6059,4387,0,0,0
1733326,9973473e-013b-9998-27e8-83ffbd01293f,64,1727210,1727260,1733326,1737646,6066,6116,50,0,0,0
1733407,a3e94e5d-644b-d365-eadd-3b4d22c7b153,64,1725890,1725940,1733407,1742296,7467,7517,50,0,0,0
1733517,c831de5f-7d93-cc2c-0d9d-599220520a0a,64,1728028,1729240,1733517,1744106,4277,5489,1212,0,0,0
1733860,ac700a4d-db5c-812b-edfc-48e0f4e42f99,64,1728595,1729362,1733860,1745265,4498,5265,767,0,0,0
1733920,430df6b3-7a25-3152-757d-1c305af21db2,32,1730466,1730466,1733891,1740587,3425,3425,0,0,0,0
1734359,bae69c11-61a4-6483-ce19-1e0ca7d98106,64,1725936,1725940,1734359,1747357,8419,8423,4,0,0,0
1734660,94ed2330-1c78-8fc3-c7f7-5a5a5f67a61e,64,1730213,1731587,1734660,1745353,3073,4447,1374,0,0,0
1735144,21dfbe93-b86a-cb50-0e62-02cf29b9f47f,64,1728615,1733517,1735144,1747435,1627,6529,4902,0,0,0
1735204,cbfc06fa-3d10-28dd-bbbe-fb20e3aa8e21,64,1726120,1726120,1735192,1745683,9072,9072,0,0,0,0
1735954,33feb1e0-6995-a0c2-2493-37836c72f38f,64,1728422,1732525,1735954,1746677,3429,7532,4103,0,0,0
1736234,9dc65bbb-44f9-399f-d2d8-5da5d7d13cd6,64,1726216,1734359,1736234,1747896,1875,10018,8143,0,0,0
1736628,e03b45a0-e2ef-623d-beec-997964026304,64,1725790,1725820,1736628,1748111,10808,10838,30,0,0,0
1736709,bdd4feea-f51a-5906-6b22-57d0b9a51df4,64,1730913,1731330,1736709,1744983,5379,5796,417,0,0,0
1736836,c9458f65-d14b-f796-f204-7d5e6b5b91bb,64,1726131,1726180,1736836,1737941,10656,10705,49,0,0,0
1737189,65d8ea4c-2b0a-7b84-9b63-731e4fdcc9f6,64,1730918,1730967,1737189,1739386,6222,6271,49,0,0,0
1737543,11ce7c32-2467-db26-6383-e67382050465,64,1728620,1733259,1737543,1747199,4284,8923,4639,0,0,0
1737684,e237aadc-acc5-fee6-a923-2751bef19b04,64,1727716,1732165,1737684,1745620,5519,9968,4449,0,0,0
1737950,883f03ec-c4f4-a257-7418-bbb50a210f87,64,1727220,1736836,1737950,1750567,1114,10730,9616,0,0,0
1738445,d8ec6392-3a8f-7f14-35e3-3043f1fdb485,64,1731139,1731139,1738445,1741206,7306,7306,0,0,0,0
1738796,4e23cead-a714-6b37-6317-60e4fa66ca82,64,1726136,1735954,1738796,1748173,2842,12660,9818,0,0,0
1738883,f2c4a699-29a7-d743-8731-f730cf390323,64,1730110,1737189,1738883,1750945,1694,8773,7079,0,0,0
1739385,571e28b6-8073-4f59-ada2-d8043cd1249f,64,1727215,1733326,1739385,1747327,6059,12170,6111,0,0,0
1739755,cef2aee1-e508-2192-115a-98d5f3ca81ef,64,1725774,1725820,1739755,1747817,13935,13981,46,0,0,0
1739831,24af053b-8953-cc01-281f-e4d84e40fb13,64,1724989,1725039,1739831,1747908,14792,14842,50,0,0,0
1740040,4891098b-4677-3115-a041-fc4a9f851e3a,64,1730847,1736628,1740040,1748871,3412,9193,5781,0,0,0
1740136,e17693d9-85a0-10c3-a5d0-136de4427a9f,32,1730899,1736709,1740136,1749898,3427,9237,5810,0,0,0
1741814,93029209-274b-94a1-e81f-23e4127730a8,64,1727688,1737543,1741814,1750974,4271,14126,9855,0,0,0
1742146,5b11e8d1-78e8-ab8a-caf3-ecca4e79ec19,64,1724910,1724919,1742146,1747020,17227,17236,9,0,0,0
1742351,fa44083c-963e-d707-b913-60a04a212e13,64,1730289,1736234,1742351,1748669,6117,12062,5945,0,0,0
1742411,411d6353-16ce-261e-6c01-02f5444dd4e0,64,1729778,1735204,1742386,1748152,7182,12608,5426,0,0,0
1742775,808e24cb-4d8a-77b7-a735-3e196b0fb3b9,64,1726460,1736709,1742775,1750446,6066,16315,10249,0,0,0
1743175,e9a9ea82-7552-c6e3-abd2-277e49bae976,64,1728498,1732465,1743175,1745919,10710,14677,3967,0,0,0
1743786,c4c54f87-613c-0757-63b7-ed9a2efb0d32,64,1730929,1738445,1743786,1752078,5341,12857,7516,0,0,0
1743858,93e09a96-34c9-cfb9-0f42-11d8bbda14b0,64,1727746,1733179,1743858,1747160,10679,16112,5433,0,0,0
1744086,9aa4dc3b-f546-9b9f-9ac3-a93fd3dd19b2,64,1730081,1737950,1744086,1751942,6136,14005,7869,0,0,0
1744149,360e65d6-ab29-5b3a-9d38-b17440edfcfc,64,1731527,1738883,1744149,1754003,5266,12622,7356,0,0,0
1744886,c4421569-cc93-e01e-a3b2-9226b21f1a00,64,1730865,1737684,1744886,1751513,7202,14021,6819,0,0,0
1745467,c593e57e-ba8f-d000-8c36-38613fc2984c,64,1731141,1739385,1745467,1755163,6082,14326,8244,0,0,0
1747577,53acf202-5725-b4dd-3012-312bdb08e180,32,1747218,1747261,1747577,1748907,316,359,43,0,0,0
1747637,0a9b3d14-0d4b-36f0-def6-01671bb1fea6,64,1747442,1747442,1747603,1748878,161,161,0,0,0,0
1747637,039666d4-c8de-3801-b8b3-5de295b4b5c6,64,1747447,1747502,1747603,1749102,101,156,55,0,0,0
1747870,2f9dd18a-4aca-647e-9b0a-6dfe14ce90d4,64,1747728,1747728,1747834,1749338,106,106,0,0,0,0
1747990,a29598dd-eb7d-5c40-2a30-99faded60ec4,64,1747810,1747810,1747978,1748871,168,168,0,0,0,0
1748050,1a0d3aa8-4274-dd6a-fe5f-aa8353b2a849,64,1747848,1747870,1748045,1749869,175,197,22,0,0,0
1748204,875ff759-234d-7ed2-3f6f-ea8831201241,64,1747826,1747870,1748204,1749928,334,378,44,0,0,0
1748264,53fb4f36-c72d-4784-b5b0-6b99ca426e24,64,1747141,1747141,1748207,1748084,1066,1066,0,0,0,0
1748264,e2106222-7fea-46d2-141d-f8f43064d19b,64,1747194,1747201,1748242,1748479,1041,1048,7,0,0,0
1748384,8c1a6e52-9daa-ebef-99c0-5bd22ecbd04d,64,1747882,1747930,1748332,1749175,402,450,48,0,0,0
1748911,24972f61-a114-e23c-0203-87f8c511231f,64,1748654,1748702,1748878,1749616,176,224,48,0,0,0
1748911,8c2cbd61-be41-3651-7485-18ae32f3e517,32,1748534,1748582,1748906,1749935,324,372,48,0,0,0
1748971,c75c27c6-8d7c-48b3-5d52-f685c31963a3,64,1748331,1748384,1748969,1749931,585,638,53,0,0,0
1749031,9f31e475-a2e2-8739-4389-7504aa424f79,64,1748582,1748582,1748983,1750757,401,401,0,0,0,0
1749031,e6802a0c-3751-cd76-e8f2-88bab038594c,64,1748487,1748522,1749027,1749794,505,540,35,0,0,0
1749127,bbdfb711-c7b8-5955-94d3-41f0ab48a3fb,64,1748130,1748130,1749127,1749993,997,997,0,0,0,0
1749187,f7fbb771-d861-53e2-8039-67268e4b1c9d,64,1748612,1748642,1749141,1750324,499,529,30,0,0,0
1749307,27e54d98-49f7-e2ca-e184-c9e777205ad3,64,1748564,1748582,1749274,1749471,692,710,18,0,0,0
1749404,8899171b-d5d6-d86a-f375-5518093df661,64,1749223,1749247,1749404,1751020,157,181,24,0,0,0
1749464,55aaff5b-ed27-41f8-ee2f-ff82ea596d33,64,1749218,1749247,1749425,1751209,178,207,29,0,0,0
1749464,64a5b664-50e7-5484-5289-23432b4192f7,64,1749141,1749187,1749450,1750189,263,309,46,0,0,0
1749524,03e615ff-fcbd-3f9b-6fc4-f76a8819f20d,64,1748851,1748851,1749475,1750269,624,624,0,0,0,0
1749524,6018bf61-ac3d-2a9e-c079-023d194fc43d,64,1730505,1738796,1749516,1753849,10720,19011,8291,0,0,0
1749584,7f198785-abc1-7b91-8b46-01202e387c91,64,1749260,1749307,1749575,1751297,268,315,47,0,0,0
1749644,e7590259-892b-edb1-5214-ce9d93a3ac60,64,1748899,1748911,1749596,1750497,685,697,12,0,0,0
1749704,3c7c3170-86dc-2d7b-7853-14eb635a6b9d,64,1749216,1749247,1749651,1750467,404,435,31,0,0,0
1749704,02526588-b6cc-d78d-c4a1-b2f697f6d0e3,64,1749143,1749187,1749690,1751348,503,547,44,0,0,0
1749764,95931665-c162-8050-90a9-e2c76c22fd1d,64,1749251,1749307,1749711,1750489,404,460,56,0,0,0
1749884,2d97f4e5-ac5d-bf59-8034-65c76a5ebfa2,64,1749216,1749247,1749846,1750949,599,630,31,0,0,0
1749884,4fdbc850-c378-5555-98b3-fa195420b133,64,1749680,1749704,1749865,1751002,161,185,24,0,0,0
1749944,e4fab9c1-5ab3-4c9d-df22-984dcfe00049,64,1749268,1749307,1749890,1751123,583,622,39,0,0,0
1750004,f87e2ac7-8702-a611-2d78-5188ebc5c2db,64,1749860,1749884,1749980,1751084,96,120,24,0,0,0
1750137,2e52ea87-9e82-d2e6-d2de-67b81a3a44ca,64,1749626,1749644,1750137,1751847,493,511,18,0,0,0
1750197,e9279904-45ac-1133-943f-eda827554cec,64,1748508,1748522,1750138,1767666,1616,1630,14,0,0,0
1750197,f0d30f56-6aa2-a445-b59b-024b5c688ef1,64,1749815,1749824,1750142,1751145,318,327,9,0,0,0
1750197,06490b8f-dd66-4c47-3564-33885eccd59b,32,1749798,1749824,1750159,1751502,335,361,26,0,0,0
1750323,69e9e623-78fe-202b-ef46-5c938e4da8ec,64,1749813,1749824,1750323,1750760,499,510,11,0,0,0
1750627,a3e13316-8aec-83c5-84f3-aa8d014920f2,64,1750062,1750064,1750627,1752263,563,565,2,0,0,0
1750693,b0bf56f2-5d02-bce9-fcef-17c1aebe4ad1,64,1749687,1749704,1750693,1751038,989,1006,17,0,0,0
1750813,69cf7cda-ccc3-038d-f3db-ef8a0a44d58e,32,1750418,1750418,1750762,1751729,344,344,0,0,0,0
1750813,d99f0444-6db6-3f62-9b10-75578c8e652c,64,1750499,1750538,1750797,1752386,259,298,39,0,0,0
1750813,572c3b71-7b56-9879-775f-17e030958e24,32,1750477,1750478,1750801,1752551,323,324,1,0,0,0
1751159,66352a25-9ec1-a878-c908-fcf2127d7091,64,1748290,1748324,1751115,1772416,2791,2825,34,0,0,0
1751219,67bc315c-da34-d7bd-0d56-4d4f60553ead,32,1750817,1750873,1751190,1751992,317,373,56,0,0,0
1751483,05591284-097d-32d7-59e3-040662ae08e8,32,1751130,1751159,1751483,1752934,324,353,29,0,0,0
1751603,ae09ba7e-a1e9-37e9-064a-7702fcb782ab,64,1751400,1751400,1751552,1752517,152,152,0,0,0,0
1751778,8f329d87-6b7e-8a89-f172-8a253b09625f,64,1751554,1751603,1751751,1752944,148,197,49,0,0,0
1751838,6bb712e8-66ff-cac1-f217-1dadc8cc70d2,64,1751161,1751219,1751797,1753390,578,636,58,0,0,0
1751898,82b0a936-5ba5-a538-aef0-701374a31bcf,64,1751203,1751219,1751897,1752766,678,694,16,0,0,0
1752042,e261d146-2c9c-5ed8-d53f-2a9ec68b257e,64,1751720,1751778,1752042,1752902,264,322,58,0,0,0
1752211,b05ef9b0-d9aa-ff59-4ab8-382d26f85a44,64,1751160,1751219,1752211,1752173,992,1051,59,0,0,0
1752271,0bebb8e0-f5c8-4ec4-8aa7-f89641ab9228,32,1751860,1751898,1752214,1753982,316,354,38,0,0,0
1752571,f79e5006-0f70-d6f2-b6ad-fe6825e6802e,64,1752392,1752451,1752548,1753916,97,156,59,0,0,0
1752654,91957ca1-6a14-4742-540d-f3bacef0def3,64,1752348,1752391,1752654,1754412,263,306,43,0,0,0
1752714,d36599a3-a12e-1412-ccb4-6860947eaa9e,64,1752118,1752118,1752693,1752986,575,575,0,0,0,0
1753096,6bacfb35-1855-82d2-cde2-1ee706ebc7c7,64,1752756,1752774,1753037,1754513,263,281,18,0,0,0
1753156,ca77bfe8-be32-3d42-6e09-bc1f5296b92e,64,1752972,1752972,1753129,1754959,157,157,0,0,0,0
1753350,35827045-488a-0891-6f4a-5b598e09ea89,64,1753036,1753036,1753299,1754922,263,263,0,0,0,0
1753410,58fa29c2-3e36-83f1-77e0-03e662e07b51,64,1749887,1749944,1753364,1763977,3420,3477,57,0,0,0
1753578,c6698f02-2c9c-73d6-68fa-497631b56fb0,64,1750722,1750753,1753578,1765959,2825,2856,31,0,0,0
1753702,fe97b42e-fc9a-1250-8d00-37f6f5c1ee67,64,1753068,1753096,1753662,1754029,566,594,28,0,0,0
1753762,29ab7618-bd24-267a-836b-b697944475e8,64,1748349,1748384,1753742,1760504,5358,5393,35,0,0,0
1753822,279dae20-7871-c170-a276-81be3c4e5f07,64,1748462,1748462,1753819,1759874,5357,5357,0,0,0,0
1753942,f24205b4-71ba-aaf5-c95e-b157ee6121dd,32,1750453,1750478,1753934,1767402,3456,3481,25,0,0,0
1754231,e21eaac7-0a43-4dff-c51c-df35572264f0,64,1753847,1753882,1754195,1755979,313,348,35,0,0,0
1754231,02244498-8f61-8577-340c-3ebb9d4b3440,64,1753900,1753942,1754202,1754991,260,302,42,0,0,0
1754291,f02a114d-6927-c7e4-9a97-721858cf5723,64,1753952,1754002,1754261,1755283,259,309,50,0,0,0
1754291,4c0d6b19-ea8f-dc72-ddcc-5a938a53fddc,64,1753290,1753290,1754283,1754124,993,993,0,0,0,0
1754351,938b9df1-8ea8-94ca-c4e8-70f2743fc6c1,64,1753924,1753942,1754344,1755669,402,420,18,0,0,0
1754411,7bbc3aa5-cab2-2829-a3ac-957dc5a1454c,64,1751528,1751543,1754408,1768115,2865,2880,15,0,0,0
1754531,4eccda0a-369a-4ffb-011e-90cbf62e80c3,64,1751099,1751099,1754513,1768789,3414,3414,0,0,0,0
1754591,0ed45d96-41a8-68bd-9204-6d074523f1c6,64,1751718,1751718,1754537,1761535,2819,2819,0,0,0,0
1754651,a074d13e-d329-ae5d-f355-bd0a7b5546c6,64,1751752,1751778,1754613,1765635,2835,2861,26,0,0,0
1754651,06edffee-317b-4e96-70a8-2e3f707c5121,64,1754513,1754531,1754628,1755879,97,115,18,0,0,0
1754711,8a409d80-f732-9cb2-6ef6-a29df7dc9b54,32,1751148,1751159,1754709,1769141,3550,3561,11,0,0,0
1754854,21c98853-d03c-890e-769f-ce2a7c794485,64,1749246,1749247,1754854,1773131,5607,5608,1,0,0,0
1755041,b551aea5-abf6-020f-4c5d-7c2beb133a79,64,1754438,1754471,1755034,1755913,563,596,33,0,0,0
1755341,bf64f303-e8a9-60ad-f637-cbcecd66cf33,64,1750480,1750538,1755309,1769564,4771,4829,58,0,0,0
1755613,7fe9d1a8-d1d5-25f4-e0e5-2d88849365b7,64,1752728,1752774,1755613,1768435,2839,2885,46,0,0,0
1755673,809865ee-b5aa-1831-e4f1-508a884cbe3d,64,1754981,1754981,1755650,1756078,669,669,0,0,0,0
1755733,cfcd977f-62b7-e5e2-7e34-0c068be43e11,64,1755118,1755161,1755722,1756452,561,604,43,0,0,0
1755793,55b21089-20ce-e468-c429-6bb2ff5f4f2c,64,1754763,1754771,1755757,1756186,986,994,8,0,0,0
1755870,86122d34-e209-9f1d-3a3c-8fbfa79c8639,32,1750789,1750813,1755870,1770749,5057,5081,24,0,0,0
1755995,a5fc767b-4eef-f4b8-61f2-95647bfb6e79,64,1755693,1755733,1755995,1757316,262,302,40,0,0,0
1756230,11ffe13c-5063-213f-acc6-330285f96efd,64,1750765,1750813,1756230,1768787,5417,5465,48,0,0,0
1756473,39b25b86-f52e-3a15-8885-e930f9640fac,64,1756348,1756375,1756473,1758286,98,125,27,0,0,0
1756593,a84471b1-c667-11db-d226-748ba11520fe,64,1756355,1756375,1756549,1757698,174,194,20,0,0,0
1756593,7106ebf6-1afd-2322-01f8-3241288cc7cd,64,1756315,1756315,1756580,1758170,265,265,0,0,0,0
1756747,703996a9-1328-0871-ad2a-8824a562437b,64,1756567,1756593,1756747,1758769,154,180,26,0,0,0
1756927,4a32ef7a-ff63-2bd3-f922-3c324d9ddc09,64,1756800,1756807,1756903,1758361,96,103,7,0,0,0
1756987,54ca1675-d833-9d1b-cff9-ece984f842a0,64,1756806,1756807,1756961,1757829,154,155,1,0,0,0
1757208,2f0cf29c-a671-4ab1-764b-0d28d461438d,64,1751102,1751159,1757208,1765869,6049,6106,57,0,0,0
1757344,30066e98-8b96-3c49-6a20-82dd1b7fcc89,32,1756928,1756987,1757308,1758643,321,380,59,0,0,0
1757344,91a6b35e-bc80-7c91-25f4-2aeb237ada56,32,1753876,1753882,1757311,1764360,3429,3435,6,0,0,0
1757464,1543839b-8987-9495-883a-22a8c0875829,64,1757284,1757284,1757432,1759325,148,148,0,0,0,0
1757539,27adf2c7-3191-088b-6792-4f8baf22cdb9,64,1756821,1756867,1757539,1758636,672,718,46,0,0,0
1757659,c97f6ca1-5c08-27f7-36c3-2092d41d76f6,64,1757331,1757344,1757659,1758170,315,328,13,0,0,0
1757902,589779ce-8336-bdb3-e286-305402e26e1f,64,1757381,1757404,1757902,1758599,498,521,23,0,0,0
1758164,3bfbd2b1-7311-7aa2-0f57-66934662861b,64,1757554,1757599,1758164,1759761,565,610,45,0,0,0
1758292,f4d06969-388d-2376-49c1-b00e436cc8be,64,1757800,1757800,1758292,1759141,492,492,0,0,0,0
1758532,19de33e3-df9e-7f3d-1b35-4fb9b31ccb0f,64,1757934,1757962,1758526,1758876,564,592,28,0,0,0
1758712,c0ad8854-543d-24bc-2561-09c3fd5c5191,64,1758396,1758412,1758674,1760505,262,278,16,0,0,0
1758712,44f07222-91f8-7652-4a08-8593ede01038,64,1751535,1751543,1758697,1764894,7154,7162,8,0,0,0
1758835,98726ab1-ae0d-61ec-58fc-364082507bd9,64,1758516,1758532,1758797,1759295,265,281,16,0,0,0
1758895,7848d873-cc6d-81de-73bd-463ebe519d66,64,1754505,1754531,1758847,1766805,4316,4342,26,0,0,0
1759173,ceb9b2d7-9ec3-2768-a839-0174f0ba0b6c,64,1758589,1758592,1759156,1760113,564,567,3,0,0,0
1759353,8f6816e8-cf79-3003-8e6f-027b9aa8220b,64,1756532,1756533,1759332,1772392,2799,2800,1,0,0,0
1759413,caa50b64-6f55-4877-02d9-8839ca14218d,64,1755060,1755101,1759376,1770944,4275,4316,41,0,0,0
1759413,3e75a8af-7f5f-19ce-828f-79b45e4368a0,64,1758806,1758835,1759400,1759827,565,594,29,0,0,0
1759606,0d94a348-38f1-abef-59bf-0adef20d1186,64,1755248,1755281,1759590,1768869,4309,4342,33,0,0,0
1759666,82d59cc4-8e34-fa00-27a2-04cda8db65bd,64,1755232,1755281,1759613,1765213,4332,4381,49,0,0,0
1759666,08f08908-be30-bc00-b1c2-e70fe1631c1f,64,1759546,1759546,1759642,1760753,96,96,0,0,0,0
1759859,c876ea04-f95c-0065-6ffe-e64a348f551b,64,1759658,1759666,1759842,1760620,176,184,8,0,0,0
1760039,df30a893-481f-77e4-cfb5-15128e346e78,64,1759707,1759726,1759992,1761116,266,285,19,0,0,0
1760039,6ccf85c6-8609-6c76-0f51-6fa6d386d4f6,64,1755717,1755733,1760011,1771146,4278,4294,16,0,0,0
1760232,bcbf15bc-efa5-72f9-2ec0-be62b5c1525b,64,1759904,1759919,1760183,1761771,264,279,15,0,0,0
1760232,b7e7f463-017b-9c7c-0e13-a7e63f40984b,32,1754432,1754651,1760226,1773800,5575,5794,219,0,0,0
1760352,5cee4d54-4510-38f3-788b-2f464e44d4b7,64,1759867,1759919,1760320,1760682,401,453,52,0,0,0
1760412,390585e7-f3b7-b0f1-ef2f-d986df41cca6,64,1759827,1759859,1760358,1761389,499,531,32,0,0,0
1760529,0109c230-482c-6529-d657-eea75da82973,64,1758602,1758652,1760529,1771855,1877,1927,50,0,0,0
1760589,0e8348f2-f9cc-cebf-f9a8-68c76898ecd8,64,1760267,1760292,1760552,1761374,260,285,25,0,0,0
1760649,849fa676-5839-a61d-fddd-294a3cac58da,64,1754389,1754411,1760613,1767348,6202,6224,22,0,0,0
1760788,c374f8e9-3894-e77e-e264-0c60c0ab908f,64,1760164,1760172,1760754,1762041,582,590,8,0,0,0
1761023,892460ce-6fa6-7227-cd6b-4980164bbe28,64,1760848,1760848,1761023,1762869,175,175,0,0,0,0
1761310,0ac98109-82c8-9a29-5fbd-48a52ee1d1ee,64,1753642,1753702,1761310,1772435,7608,7668,60,0,0,0
1761370,15d6bdb7-8455-bd5e-711a-25b6f79bd9a7,64,1760777,1760788,1761360,1761959,572,583,11,0,0,0
1761430,ecafa6c9-4ff1-fd7a-607c-986cbd68901d,32,1755267,1755673,1761379,1773619,5706,6112,406,0,0,0
1761606,99b8a038-62f8-aa4c-ee2b-2418cb7b4adc,64,1749644,1749644,1761606,1773719,11962,11962,0,0,0,0
1761666,37c5a63b-b1d7-bc6c-0395-bd0e25829b63,64,1761337,1761370,1761627,1762621,257,290,33,0,0,0
1761786,64ec647d-778a-9e97-7307-995f6148842e,64,1758775,1758895,1761734,1773518,2839,2959,120,0,0,0
1761906,44a59127-e648-30dc-cb38-236358b17f7b,64,1755766,1755793,1761851,1765834,6058,6085,27,0,0,0
1761906,2976a0fa-b853-1ab4-0634-0dd953e81659,64,1760870,1760908,1761906,1763128,998,1036,38,0,0,0
1762236,36c20311-1307-6322-f9ff-fb966cb70cf6,64,1762056,1762062,1762236,1763317,174,180,6,0,0,0
1762416,104afbf9-b8c2-58f2-c0c7-20c10a1ead51,64,1762087,1762122,1762387,1762994,265,300,35,0,0,0
1762416,15569915-2041-d983-4edf-b4028bd2c22a,64,1758920,1760529,1762414,1774340,1885,3494,1609,0,0,0
1762536,363bb3f5-5122-4914-e456-19e23d6d4458,64,1754393,1759413,1762502,1774073,3089,8109,5020,0,0,0
1762536,a8cb482d-65f8-45b2-721c-563aa1ee01e6,64,1754171,1760589,1762504,1775015,1915,8333,6418,0,0,0
1762741,fcee471a-9b18-f622-8e24-9ad7e181e4c5,64,1751146,1751159,1762741,1774136,11582,11595,13,0,0,0
1763049,358f9c0d-588e-a41a-1259-427c4854aa44,64,1762008,1762062,1763049,1762998,987,1041,54,0,0,0
1763169,8365600c-fba3-8268-1282-638e96fb487b,64,1762821,1762821,1763136,1764282,315,315,0,0,0,0
1763169,ce01c241-e8d0-004c-2328-58741b3b0329,64,1762452,1762476,1763148,1764247,672,696,24,0,0,0
1763229,a6ffe0fb-66f0-c2dd-90b7-09661f9a5410,64,1762851,1762881,1763193,1764105,312,342,30,0,0,0
1763289,5e96dfe6-f3b5-7e22-f1b2-08a219ba4710,64,1762538,1762596,1763263,1763441,667,725,58,0,0,0
1763289,9791855a-a857-0a4e-87f7-da7f693e43ce,64,1759193,1760412,1763271,1774256,2859,4078,1219,0,0,0
1763289,00eb1fe6-a193-e27e-33fa-afbca64da266,64,1762251,1762296,1763279,1764320,983,1028,45,0,0,0
1763767,2b6633ec-30ae-fa5c-1061-f753a84e674d,64,1753058,1753096,1763767,1761677,10671,10709,38,0,0,0
1764147,417225f2-187d-4727-cb4e-4c6b2b1af9e7,64,1752482,1752571,1764147,1769766,11576,11665,89,0,0,0
1764662,3d5edc3a-0334-9295-b7bd-9a598bc600f4,64,1762851,1763049,1764652,1775314,1603,1801,198,0,0,0
1764722,78a13975-a445-5e17-0f9d-8a5183c6d6cb,64,1760292,1761906,1764675,1775893,2769,4383,1614,0,0,0
1764892,b8162931-6a3b-c84d-e321-c6d64f3eeefc,64,1755186,1763289,1764892,1776451,1603,9706,8103,0,0,0
1764952,d73bb4a6-5809-c32f-716c-9fd055acb935,64,1763932,1763947,1764928,1765226,981,996,15,0,0,0
1765210,c130173b-c091-38ef-ae8b-4371efe920d8,64,1765056,1765056,1765210,1766288,154,154,0,0,0,0
1765270,f18d2301-bcd0-01a9-b14b-113c3d86a053,64,1757554,1760649,1765257,1775431,4608,7703,3095,0,0,0
1765485,b74dc360-6e13-89cb-4839-3a26c267fb80,64,1752747,1753762,1765485,1772611,11723,12738,1015,0,0,0
1766108,ca8b9c11-b01e-88a9-694c-e51198644810,64,1758615,1761786,1766072,1775558,4286,7457,3171,0,0,0
1766168,fb627dd3-ad34-36db-384e-b30bf8808c3a,64,1756816,1763289,1766136,1776187,2847,9320,6473,0,0,0
1766324,89b5e130-5cf4-4a58-a494-2f47f7ec736f,64,1766167,1766168,1766324,1767418,156,157,1,0,0,0
1766451,92596c4b-706b-7b7f-9bcc-35b3af502928,64,1752326,1764722,1766451,1776805,1729,14125,12396,0,0,0
1766640,41db60de-73f8-b279-b93b-07d5d5fcdb07,64,1764748,1764782,1766640,1776089,1858,1892,34,0,0,0
1766700,56e8e0fd-afea-80ef-142d-9321d9905184,64,1765656,1765656,1766689,1773797,1033,1033,0,0,0,0
1766833,560b1937-cbc9-061e-af37-b177575a220a,64,1761460,1761490,1766833,1770539,5343,5373,30,0,0,0
1766978,177a1ed5-d578-d52d-a80b-497699a855ec,64,1755705,1764952,1766978,1776882,2026,11273,9247,0,0,0
1767648,1c460ad7-dc7d-fb29-1fc2-25385f04503f,64,1759799,1763767,1767648,1776773,3881,7849,3968,0,0,0
1767708,ffd5cc7b-9951-75bd-7b94-3f2d7786bff7,64,1761486,1761490,1767691,1772192,6201,6205,4,0,0,0
1768048,630ff460-8035-29d2-f18f-c325a95b4f46,64,1761317,1766324,1767997,1778062,1673,6680,5007,0,0,0
1768108,877518f1-a55b-e597-2884-b58be7f6a576,64,1762321,1766451,1768057,1778381,1606,5736,4130,0,0,0
1768321,088fff37-3c01-2411-9cc6-1a8b66d09b55,64,1768110,1768168,1768321,1769462,153,211,58,0,0,0
1768381,fcd97091-7600-32b6-6d93-091435007654,64,1767737,1767768,1768329,1769524,561,592,31,0,0,0
1768441,b84aa852-1606-0bf9-ee57-19d437b29510,64,1767705,1767708,1768382,1769584,674,677,3,0,0,0
1768441,0e822240-561d-dba7-17b1-b0eea413fba2,64,1758455,1766700,1768384,1778489,1684,9929,8245,0,0,0
1768765,0314690a-e239-9de8-8f43-839d101c4073,64,1758069,1758069,1768719,1768228,10650,10650,0,0,0,0
1768839,c41b1589-5fc1-dbde-2775-386ab0edb121,64,1768431,1768441,1768839,1770041,398,408,10,0,0,0
1768932,f7464030-2a6e-ec8f-697c-427a78d7b235,64,1768403,1768441,1768932,1770376,491,529,38,0,0,0
1769200,38959175-7494-bb4c-7788-5b8bcceb58ff,64,1768645,1768645,1769200,1770292,555,555,0,0,0,0
1769263,099e19b7-ff22-77e7-86b9-b09c7e65db7c,64,1768703,1768705,1769263,1769789,558,560,2,0,0,0
1769323,d651d2ee-28d2-2e9e-00d0-4fafbdabde60,64,1762112,1762122,1769315,1771430,7193,7203,10,0,0,0
1769323,89c9b09a-43f3-31fe-4f47-54bebc442ba1,64,1769002,1769061,1769323,1770556,262,321,59,0,0,0
1769760,d039101f-e5e8-99fb-677e-3f59066ace3c,32,1753329,1766324,1769760,1777486,3436,16431,12995,0,0,0
1770007,976a5fc9-8fdf-d79d-0b29-705dfe8af308,64,1759281,1759293,1770007,1772711,10714,10726,12,0,0,0
1770211,cb1390e1-7fd7-8353-861f-39d7948c49f6,64,1769867,1769880,1770191,1771936,311,324,13,0,0,0
1770288,295f02f9-a106-18b1-b7e4-57b5607c3e4b,64,1760728,1761906,1770288,1776018,8382,9560,1178,0,0,0
1770531,4f7266ed-10de-c14a-de32-84bfe1b7471b,64,1764352,1764352,1770531,1773949,6179,6179,0,0,0,0
1770934,82bd5ed3-877d-ddfd-6cb6-c196c8533174,64,1763834,1766640,1770934,1778407,4294,7100,2806,0,0,0
1770994,9f7eac2b-0424-300d-c57e-8c8ba9c3c87c,64,1769001,1769323,1770983,1779204,1660,1982,322,0,0,0
1771085,9f41c0be-c1d0-ed08-160c-65e1ccbaa54a,64,1755289,1766833,1771085,1778501,4252,15796,11544,0,0,0
1771265,5a94f862-960d-bbbf-2e03-c49247b0aa80,64,1770983,1770994,1771259,1772283,265,276,11,0,0,0
1771424,2cce0f8b-db29-92fd-4d6e-ce8fdf9c3483,64,1771185,1771205,1771380,1773234,175,195,20,0,0,0
1771484,87849398-4301-daa3-902a-443dbd3462f3,64,1764602,1765270,1771429,1776976,6159,6827,668,0,0,0
1771678,9ff84c3e-f130-dee1-260b-bbb656d799f9,32,1771364,1771364,1771678,1772355,314,314,0,0,0,0
1772083,adfefcec-355c-26c4-d6fb-114e88c674e5,64,1765070,1769263,1772083,1779168,2820,7013,4193,0,0,0
1772203,893ddeb3-2c1a-f662-4386-f81318a295e6,64,1760112,1765485,1772155,1777140,6670,12043,5373,0,0,0
1772263,9ca5e06b-f20b-fc65-684d-45947d5327d7,64,1759455,1766978,1772229,1778595,5251,12774,7523,0,0,0
1772263,58cdbdf4-85e1-ccc8-6832-055cb6b9a58d,32,1757911,1768381,1772235,1779115,3854,14324,10470,0,0,0
1772964,e74ad511-0186-b0a3-095a-ee84094e7e53,64,1755445,1769760,1772964,1780117,3204,17519,14315,0,0,0
1773024,a994f29e-c54c-6541-d9c8-d098c6b22474,64,1762301,1762356,1773010,1774098,10654,10709,55,0,0,0
1773204,fb0588b2-509e-cebe-a0a5-2f8c3acd6243,64,1772644,1772690,1773184,1774014,494,540,46,0,0,0
1773264,d5422e7c-0d8d-3934-5805-6f7a68fbaa38,64,1764466,1772083,1773207,1781750,1124,8741,7617,0,0,0
1773324,050d939a-5bac-bcbf-7da1-9f55de77bb21,64,1769876,1769880,1773284,1779762,3404,3408,4,0,0,0
1773324,9a4a66b0-1599-3051-cfc2-44fb6d959c3b,64,1768712,1771678,1773301,1781625,1623,4589,2966,0,0,0
1773616,6c35a4ef-f81b-8dc7-9ace-df975f00678f,64,1773434,1773444,1773616,1774564,172,182,10,0,0,0
1773676,43b274f3-1d95-0d59-d987-746b2c6cf5dd,64,1773054,1773084,1773651,1775207,567,597,30,0,0,0
1773676,7866e935-3048-68c4-d7a4-dd18269bf175,64,1758328,1770288,1773661,1780335,3373,15333,11960,0,0,0
1773736,7450abae-1675-ed86-0d17-a60bdbc7d742,64,1757089,1769323,1773701,1779874,4378,16612,12234,0,0,0
1773736,b160af29-66d0-b8e5-7e7b-7a91164de8d0,64,1761806,1768108,1773724,1779004,5616,11918,6302,0,0,0
1773796,5bd7abaa-058d-8d26-619c-c43ae1951ddb,64,1773457,1773504,1773759,1774498,255,302,47,0,0,0
1773856,e42b14af-2a27-6bdd-3360-0947b4eba372,64,1773101,1773144,1773802,1774299,658,701,43,0,0,0
1774045,3da47516-1c77-0f78-1e83-74b86ba62975,64,1766576,1767648,1774045,1778623,6397,7469,1072,0,0,0
1774760,832fb621-adb6-9f24-cf48-60ecb1c0ed94,64,1774178,1774231,1774724,1775635,493,546,53,0,0,0
1774971,3ea3f35e-27ba-0743-f947-a3cae9bef7b3,64,1772089,1772143,1774971,1781024,2828,2882,54,0,0,0
1775155,d44808ad-442a-69c0-d5bc-c25171101d0b,64,1774715,1774760,1775155,1776898,395,440,45,0,0,0
1775272,fa2c1865-f5eb-d020-bb05-345aac0876eb,64,1765279,1773676,1775272,1782703,1596,9993,8397,0,0,0
1775651,5d0e5344-a841-c580-b00f-eba0b741ed24,64,1759958,1773736,1775601,1783580,1865,15643,13778,0,0,0
1775711,e12143e2-ef04-d270-6d93-e626be7d5fff,64,1775555,1775591,1775687,1777709,96,132,36,0,0,0
1776444,f5464567-e3ee-d868-c6a5-9819227ce0c7,64,1776095,1776101,1776414,1777968,313,319,6,0,0,0
1776598,15a8c8ea-6986-39fb-a9d5-8c61a6c09734,64,1776041,1776041,1776598,1777174,557,557,0,0,0,0
1776658,c64c2359-8752-148d-1f7c-650637606d81,32,1772630,1773024,1776618,1781936,3594,3988,394,0,0,0
1776658,7f5acd14-1098-a762-9d75-31b8a650324a,64,1764028,1773796,1776623,1784559,2827,12595,9768,0,0,0
1776658,342b541c-d480-66d8-5646-4d212729d4a0,64,1776058,1776101,1776658,1777563,557,600,43,0,0,0
1776834,8a02705b-409f-d163-8832-45544b7a579b,64,1770533,1773324,1776834,1782623,3510,6301,2791,0,0,0
1776988,a250df6e-0e22-0dc8-e764-a279e01707bf,64,1759113,1773324,1776988,1782686,3664,17875,14211,0,0,0
1777582,60523f5f-c8a5-5cc0-cdb4-92de3f5b7449,64,1763910,1771484,1777582,1781593,6098,13672,7574,0,0,0
1777642,107e8290-a9b3-ced4-9998-a69931ce516d,64,1763550,1770531,1777634,1780458,7103,14084,6981,0,0,0
1777934,bf821b14-baaa-f131-88b4-cb51016aedb8,64,1763084,1772263,1777934,1781898,5671,14850,9179,0,0,0
1777994,856d3a0f-73a9-800d-234b-920830293a91,64,1771207,1773856,1777963,1784811,4107,6756,2649,0,0,0
1778054,816df78d-20be-f7be-ed58-f222d54bef1c,64,1766048,1770934,1778038,1780600,7104,11990,4886,0,0,0
1778278,16ce0361-94d9-616c-176e-ba2633677e42,64,1774700,1775155,1778278,1785489,3123,3578,455,0,0,0
1778338,4a058af1-43f3-c618-a20f-446c6867c7b6,64,1774491,1774971,1778333,1784903,3362,3842,480,0,0,0
1778398,1648ee6c-cf17-8c90-3132-5e9b46c26c24,64,1767248,1771085,1778353,1781318,7268,11105,3837,0,0,0
1778534,5325022d-6bb3-9e66-273e-2af36349cb25,64,1761720,1773024,1778534,1782325,5510,16814,11304,0,0,0
1778667,438f7e9f-5810-d632-d754-18a7ec94f823,64,1771138,1777582,1778626,1786311,1044,7488,6444,0,0,0
1778976,4c896f3f-2ec8-914d-4326-d7f660ed8b20,64,1765588,1777934,1778976,1786471,1042,13388,12346,0,0,0
1779131,4d577caf-8e1a-34bb-c855-d500252ee772,64,1778674,1778727,1779123,1780041,396,449,53,0,0,0
1779355,06b3c9e9-2572-46dc-3543-02ea7f9fd6a2,64,1779071,1779071,1779332,1780828,261,261,0,0,0,0
1779415,051e9d7b-5415-eb08-9955-1ece7b4d53f5,64,1768752,1768765,1779382,1777682,10617,10630,13,0,0,0
1779497,83e4df88-87af-72b3-2c6e-0fff0c2fe682,64,1762002,1776658,1779497,1785898,2839,17495,14656,0,0,0
1779686,f789ac1a-0251-34c1-5d2b-3b25e7aa3870,64,1763411,1776834,1779686,1785978,2852,16275,13423,0,0,0
1779820,ec22de59-2e34-69ab-2bc1-f5e17199868d,64,1772812,1776988,1779820,1786016,2832,7008,4176,0,0,0
1779880,a26a7d72-51fd-f6af-7e3e-d6151cf2c5e4,64,1779244,1779295,1779849,1780684,554,605,51,0,0,0
1779880,385a2da0-d6c9-5c26-54d8-98c370162e14,64,1771138,1778278,1779877,1787037,1599,8739,7140,0,0,0
1779940,7faccd1b-aeac-78f0-ceb0-0772c24f8dbd,64,1772089,1773736,1779915,1783733,6179,7826,1647,0,0,0
1780232,dc7b27f7-58b8-a7ed-204f-d6573b516e1b,64,1770746,1774045,1780232,1785562,6187,9486,3299,0,0,0
1780292,4c6da550-d0c9-4b72-597d-306c28744cbd,64,1770641,1778398,1780287,1787833,1889,9646,7757,0,0,0
1780949,e000ec18-9de6-5a56-c4a8-5b6d1e877c19,64,1765696,1778667,1780949,1788612,2282,15253,12971,0,0,0
1781009,a2c12f53-0bf1-012d-c955-1efda9c44b06,64,1780688,1780718,1780982,1782077,264,294,30,0,0,0
1781083,c25831db-cd1b-61f8-de04-3ce4c153c0fb,64,1770962,1779415,1781083,1789183,1668,10121,8453,0,0,0
1781143,3c56d33c-0975-68b9-9da5-ec70dd0e9847,64,1767988,1778338,1781135,1787817,2797,13147,10350,0,0,0
1781345,4d1c73a0-545e-e653-bcfb-02f4e885263e,64,1763818,1778534,1781345,1788282,2811,17527,14716,0,0,0
1781539,f6d9e3a2-aaf3-cb93-1e2f-98c0beb5177c,64,1775280,1780232,1781539,1792346,1307,6259,4952,0,0,0
1781599,a8f882c5-6794-3a71-f035-9f547ff211cb,32,1781246,1781246,1781561,1783282,315,315,0,0,0,0
1781758,f67693c1-a9ec-3fbb-3fb5-f09473f520f7,32,1775276,1778338,1781758,1787105,3420,6482,3062,0,0,0
1781961,9724b5ec-39cc-7805-e52e-99a7d0e526fb,64,1775302,1775332,1781961,1785493,6629,6659,30,0,0,0
1782560,644daf73-c322-650b-375d-84d9d18575f9,32,1782178,1782237,1782560,1783861,323,382,59,0,0,0
1782683,7e5f2617-af74-6f0f-313f-a3e0dd80a0ab,64,1773376,1781083,1782683,1793141,1600,9307,7707,0,0,0
1782760,0dff4b6c-8576-0fb1-b981-f1614530277a,64,1782177,1782177,1782760,1783131,583,583,0,0,0,0
1782820,617efaa5-54ad-84f8-8140-51e9f4158dc6,64,1775278,1779940,1782790,1792250,2850,7512,4662,0,0,0
1783281,413141a1-c557-3abb-fc12-be225db90ad0,32,1778607,1779880,1783281,1791485,3401,4674,1273,0,0,0
1783341,d0fdd5fc-e827-4561-6815-d1acee6710f2,32,1769795,1779880,1783295,1790415,3415,13500,10085,0,0,0
1783401,8188dcfe-97d4-5832-fb67-068199bf8365,32,1783071,1783071,1783389,1784013,318,318,0,0,0,0
1783521,c8cdc511-c35b-19d2-c17f-eec8883174ef,64,1772103,1780292,1783498,1792610,3206,11395,8189,0,0,0
1783521,5f993276-5177-f9ea-da05-e28d62a7c6e6,64,1783005,1783005,1783502,1784060,497,497,0,0,0,0
1783521,5e25b414-9f46-e965-609d-e9ff1717f677,64,1780658,1780658,1783511,1790718,2853,2853,0,0,0,0
1783912,e9fc67c0-ea02-8c8c-7179-e9829bec5c86,64,1783307,1783341,1783912,1785534,571,605,34,0,0,0
1784217,732f724e-45c5-e155-b2e7-7186296a184e,64,1768349,1777994,1784173,1787012,6179,15824,9645,0,0,0
1784217,34b7cc14-748c-989a-454b-02197841033b,64,1783154,1783154,1784187,1793844,1033,1033,0,0,0,0
1784277,8bb835c5-96e8-fd00-e33b-458e9abb5ed5,64,1783163,1783214,1784249,1792550,1035,1086,51,0,0,0
1784503,499582c1-f012-2e1c-75e9-4be55524583b,64,1783419,1783461,1784503,1791671,1042,1084,42,0,0,0
1784651,f7d8296e-18ee-8dd1-55ad-bc1c25841a5a,64,1784334,1784337,1784651,1786237,314,317,3,0,0,0
1785145,7be8efe2-5bf5-11cd-82b1-7273fc59b921,64,1782242,1782297,1785141,1790556,2844,2899,55,0,0,0
1785248,2bb68aef-25fe-b6ca-0c94-5c3d0927267a,64,1765719,1778054,1785248,1787021,7194,19529,12335,0,0,0
1785308,7f3e4944-0b8c-3de7-1fc6-23bb17da9f25,64,1774473,1784217,1785262,1797189,1045,10789,9744,0,0,0
1785581,45f7802c-1e91-6186-b1a5-b00fe8afd45c,64,1785025,1785025,1785581,1787054,556,556,0,0,0,0
1785641,e566c1c6-6912-adc4-3dd2-b2e702d3c9aa,64,1785344,1785368,1785626,1787119,258,282,24,0,0,0
1785641,3dd79953-6a41-16cc-63e4-065c5bd24896,64,1782211,1782237,1785630,1791592,3393,3419,26,0,0,0
1785701,b4d7904a-d773-77e4-5671-af978719c220,64,1785043,1785085,1785657,1786165,572,614,42,0,0,0
1785761,2f3c169c-8d7d-18cb-2864-87e8adc27198,64,1768684,1779686,1785706,1790148,6020,17022,11002,0,0,0
1785983,e423736b-3b2b-1669-a449-023004e2607b,64,1785829,1785829,1785983,1788095,154,154,0,0,0,0
1786043,67b36cee-7e6e-d029-cbc1-79f36d29c7bc,64,1775531,1779820,1785991,1790159,6171,10460,4289,0,0,0
1786330,096a2fba-5fb7-1f23-e6cf-a469dfc43563,64,1785758,1785761,1786330,1787445,569,572,3,0,0,0
1787056,2bb79407-edcc-cbd0-ba16-84bc6c6d0af7,64,1786926,1786936,1787032,1787722,96,106,10,0,0,0
1787116,5bc06836-991a-7f0d-91ea-13988bbd94c3,64,1774171,1781599,1787086,1796273,5487,12915,7428,0,0,0
1787176,232db160-6bc3-78cb-689c-0fc283d69795,64,1786941,1786996,1787144,1788097,148,203,55,0,0,0
1787391,2597eb3d-f944-d5b3-b97e-6281f73fd88e,64,1774994,1785641,1787364,1798975,1723,12370,10647,0,0,0
1787451,6492516c-72af-ae47-8262-ded2edfded9c,64,1770683,1781143,1787425,1794204,6282,16742,10460,0,0,0
1787511,0b3afe35-4f76-9549-7172-e546ad807b72,64,1784085,1785641,1787511,1798843,1870,3426,1556,0,0,0
1787665,1a26394e-4b87-d871-34f3-7897ec9f303d,64,1787361,1787391,1787652,1789025,261,291,30,0,0,0
1787866,11252a3c-3608-3873-77d8-82edfe218e8c,64,1775341,1785701,1787857,1799370,2156,12516,10360,0,0,0
1788187,9f1a6ef4-764c-eae2-d0af-85e2bdff369c,64,1787959,1787986,1788134,1789642,148,175,27,0,0,0
1788367,bf44ef29-984e-4d32-e042-289a25161d71,64,1771715,1777642,1788354,1786463,10712,16639,5927,0,0,0
1788581,a5f9bc93-3b26-cdb9-84dd-da6b04e6ab26,64,1787605,1787605,1788581,1788600,976,976,0,0,0,0
1788658,3f8fa1ba-fd07-e14f-ac43-3bb195a4c025,64,1778685,1786330,1788658,1800435,2328,9973,7645,0,0,0
1788718,425c4e57-eaa7-ebe0-a0cd-5fd6e3e7281e,64,1786954,1786996,1788667,1797426,1671,1713,42,0,0,0
1788718,8ac01f4f-40b6-f4b3-7fce-a33e14bfcf49,64,1788307,1788307,1788701,1789297,394,394,0,0,0,0
1788953,0f8b4a62-0580-43f1-1e3e-5a9e389b057e,64,1775387,1785308,1788899,1797600,3591,13512,9921,0,0,0
1789383,03ed7585-6cd1-81f6-ea2f-de12f1901f5c,64,1788893,1788893,1789383,1790501,490,490,0,0,0,0
1789443,c796147e-50e5-429d-d433-bd455346820b,64,1775272,1781539,1789425,1795786,7886,14153,6267,0,0,0
1789596,5ff9c756-104d-b040-3f9e-88cb6fde5f25,64,1783587,1783587,1789596,1795429,6009,6009,0,0,0,0
1789716,275735d3-e55d-7936-3c0f-a46bfa266d71,64,1786876,1786876,1789673,1797933,2797,2797,0,0,0,0
1789830,18f56437-dc66-67f6-fd85-931776f19892,64,1789600,1789656,1789830,1791722,174,230,56,0,0,0
1789941,d9a72880-aeaf-12d4-4194-ea7283aa6a63,64,1780689,1788718,1789941,1803648,1223,9252,8029,0,0,0
1790031,653b56c8-ad83-82cc-e0aa-fd6a2b7a3c32,64,1788372,1788427,1790031,1799057,1604,1659,55,0,0,0
1790091,6c5a2409-65b0-2817-8f57-1177a3212014,64,1770151,1779497,1790091,1789716,10594,19940,9346,0,0,0
1790228,948f7306-5366-f4fb-ef6a-7197b120bf6b,64,1789624,1789656,1790228,1791872,572,604,32,0,0,0
1790330,ab119496-1779-d0ac-a24d-40cd3df2bf6f,64,1787806,1788658,1790330,1801219,1672,2524,852,0,0,0
1790390,70fa2948-6507-57aa-67f6-06ed779675da,64,1790062,1790091,1790351,1791613,260,289,29,0,0,0
1790510,0df61ec4-56f0-8562-4ebb-dd6fcebe5a81,64,1776324,1779880,1790499,1792035,10619,14175,3556,0,0,0
1790570,031acb09-c59d-d97d-8a27-64e436a3ad9a,64,1785404,1789443,1790550,1804723,1107,5146,4039,0,0,0
1790630,5f3a5886-9509-21ea-cc02-304b421597a2,64,1790444,1790450,1790622,1792399,172,178,6,0,0,0
1790690,c407343c-9002-4f94-ddf0-9f015a05d8d8,64,1790496,1790510,1790665,1791570,155,169,14,0,0,0
1790750,924effed-fd7e-1bf7-c23b-6fff5817132d,32,1787325,1787331,1790735,1795910,3404,3410,6,0,0,0
1790955,750ce18c-6fc6-8b75-f3a2-d55896e0b93d,64,1775031,1781961,1790955,1797124,8994,15924,6930,0,0,0
1791682,9474b9ba-0ef4-a03b-9c28-759d0160e3d9,64,1790046,1790091,1791682,1798954,1591,1636,45,0,0,0
1791863,614e0f3a-8c0f-690c-b3ed-6b194beda614,64,1779235,1786043,1791863,1799514,5820,12628,6808,0,0,0
1792026,a0dea76e-9e78-0ba3-2667-85a5bf9ea33c,64,1778775,1784651,1792026,1797299,7375,13251,5876,0,0,0
1792430,f7463b5d-d8b0-4176-2ec5-45a67c3bb7c7,64,1792170,1792170,1792430,1793972,260,260,0,0,0,0
1792490,d4d80fea-2c8c-96d2-f4b7-062b78d23b8a,64,1792253,1792290,1792440,1794280,150,187,37,0,0,0
1792550,98274a34-ec4e-43d0-9adb-c6788d96c34c,64,1792224,1792230,1792543,1793228,313,319,6,0,0,0
1792800,5cb4fe3a-66a9-8d42-aeac-c759b77e8788,32,1785068,1789383,1792787,1804564,3404,7719,4315,0,0,0
1792860,f253ec0e-346b-d2c4-0648-e6180300f435,64,1791791,1791802,1792843,1804749,1041,1052,11,0,0,0
1793341,6b618a77-5ca1-fef1-4699-287268549eed,64,1791705,1791742,1793341,1800961,1599,1636,37,0,0,0
1793512,76b067ea-e6e2-591e-ea71-43989bedd667,32,1790038,1790091,1793512,1800921,3421,3474,53,0,0,0
1793588,c1ec436f-ee55-f3a0-c416-b187eaa0b7dc,64,1776366,1787866,1793588,1800874,5722,17222,11500,0,0,0
1793869,dfc17862-673f-8a61-5686-43f2d4124f7d,64,1784157,1790390,1793869,1806338,3479,9712,6233,0,0,0
1794279,95dc242c-3003-08bd-9247-1075b91300c1,64,1792680,1792680,1794279,1803184,1599,1599,0,0,0,0
1794359,50fb562c-8116-2a9c-935f-11cad838e31d,64,1787158,1787176,1794359,1796949,7183,7201,18,0,0,0
1794571,ba3c1cd6-aa21-44d4-82df-5c1c04ad6c28,64,1785859,1791682,1794571,1807579,2889,8712,5823,0,0,0
1794768,4f0d9243-e85a-3062-5bee-5e921f1454eb,64,1788356,1788718,1794768,1802772,6050,6412,362,0,0,0
1794909,96017f34-61be-266c-d0a1-94538757de84,64,1788127,1793869,1794909,1809302,1040,6782,5742,0,0,0
1795140,b3dd8b88-b533-fb0c-263a-ff8bf3250459,64,1773692,1784277,1795140,1797289,10863,21448,10585,0,0,0
1795266,d7c2be8e-246e-dd56-6710-2c4f61bf722a,64,1785356,1789941,1795266,1805694,5325,9910,4585,0,0,0
1795820,44b8ccc0-1cc0-e8e7-200c-9c6f9beb1e1a,64,1787938,1789596,1795820,1805595,6224,7882,1658,0,0,0
1795956,37807475-03ea-57a5-a54c-02ec23040824,64,1788058,1794359,1795956,1810735,1597,7898,6301,0,0,0
1796122,bc41d47c-0e02-0f38-f171-c4e7bb05d6a3,64,1789625,1793341,1796122,1807937,2781,6497,3716,0,0,0
1796367,734ef7e9-13f9-ecb0-0e2b-fa0220a29ae7,64,1789597,1790330,1796367,1806007,6037,6770,733,0,0,0
1796459,278acbbf-a678-8947-9647-b194565a1072,64,1787271,1794571,1796459,1811412,1888,9188,7300,0,0,0
1796567,14191e0c-40f5-d2bc-9391-50cd1f970abc,64,1792237,1792290,1796567,1804936,4277,4330,53,0,0,0
1796795,c29c9896-586b-0bb9-ec7a-e027aab8743c,64,1790434,1794909,1796795,1814745,1886,6361,4475,0,0,0
1796897,9f897745-e744-3329-e26e-7681e3a8e2d9,64,1785079,1790690,1796897,1807052,6207,11818,5611,0,0,0
1796982,a1196139-f6fa-ac18-73da-b7bd50362ac7,64,1785410,1790630,1796982,1806770,6352,11572,5220,0,0,0
1797330,89f87779-03cd-2727-8491-0d34f08ccbfe,64,1784027,1790031,1797330,1805970,7299,13303,6004,0,0,0
1797618,6d0c0507-ee7d-3181-4052-d416e298c3ea,64,1792704,1794768,1797618,1813899,2850,4914,2064,0,0,0
1797868,89e25584-7cae-3c8d-ae5f-ddbc8efdfe9f,64,1787921,1793588,1797868,1808222,4280,9947,5667,0,0,0
1797988,0abd091a-d2a8-f4ef-2fde-dd7c06f69219,32,1792234,1794571,1797988,1810951,3417,5754,2337,0,0,0
1798115,b6439cc0-4f6e-7a5b-d298-d68c57c1c060,64,1797443,1797443,1798115,1798937,672,672,0,0,0,0
1799205,d0bed38f-6d9c-54e2-cfe1-177851f65f03,64,1799109,1799109,1799205,1800850,96,96,0,0,0,0
1799367,f9b46b00-4cdf-c88b-3cfc-9befc02af4e9,64,1797452,1797503,1799367,1812112,1864,1915,51,0,0,0
1799599,68c4e436-23f1-0aa6-346e-cacd662c9fa2,64,1785108,1794279,1799599,1809502,5320,14491,9171,0,0,0
1799829,74dbf2bb-20b2-43ea-d072-ae2026c3b0e9,64,1796995,1797042,1799829,1819685,2787,2834,47,0,0,0
1800435,03e5b7ae-9d97-57cd-6bce-c6af1cde5a45,64,1800262,1800262,1800435,1802105,173,173,0,0,0,0
1801214,0f48e262-bd83-a2ad-7702-06f0bc999e50,64,1800950,1800950,1801214,1802893,264,264,0,0,0,0
1801792,6dbecb16-4d44-abf2-9cbd-2cea32e92bdb,64,1801281,1801281,1801774,1802715,493,493,0,0,0,0
1802096,1fc004d9-8a22-a8e2-f00a-65bde2e1824c,64,1788331,1790955,1802096,1807315,11141,13765,2624,0,0,0
1802172,ca2dad7b-a5e2-0bc0-98d4-6b780224480a,64,1800512,1800512,1802172,1809440,1660,1660,0,0,0,0
1802610,3cf47bb6-1e8f-515a-4e0e-f8450efdd577,64,1800990,1801010,1802610,1816547,1600,1620,20,0,0,0
1802670,25912c98-cca8-ad89-1b32-283cf0a31677,64,1802469,1802484,1802638,1804198,154,169,15,0,0,0
1802730,2aa5968e-a2cf-8206-39cb-d068de2467de,64,1802174,1802232,1802724,1803962,492,550,58,0,0,0
1803047,53a6d3a3-b71d-2ba7-b672-9eefac947dec,64,1802769,1802790,1803047,1804513,257,278,21,0,0,0
1803681,49f0b238-d353-753b-d454-940badf3d603,64,1800794,1800853,1803681,1824383,2828,2887,59,0,0,0
1804625,e9876b16-5c21-abd6-7e70-0bbf2d38175e,64,1801688,1801732,1804566,1824819,2834,2878,44,0,0,0
1804722,d68087d9-fb9d-2aa0-2603-8d8faf3b9a78,64,1802808,1802850,1804722,1819775,1872,1914,42,0,0,0
1805040,814cb87e-95c2-3503-34eb-685cda11dd97,64,1804847,1804847,1805002,1806322,155,155,0,0,0,0
1805375,3a1429c0-fb81-212a-fe80-93182259cd4a,64,1804980,1804980,1805375,1806505,395,395,0,0,0,0
1805444,34bde0b9-19d6-9f99-a4c1-e914c2d1d03e,64,1805230,1805269,1805444,1807285,175,214,39,0,0,0
1805525,c188fd7d-24d1-f392-a0cd-5387a73bfadf,32,1805209,1805209,1805525,1806604,316,316,0,0,0,0
1805645,ae113fa6-d06f-72a2-b2b6-7d3b4749c9b3,64,1805026,1805040,1805603,1806589,563,577,14,0,0,0
1805762,d8f10ba9-0c64-fd3e-79d7-da7905ef641e,64,1805232,1805269,1805762,1807480,493,530,37,0,0,0
1805822,70952983-7da4-71fc-8502-f0382dafb2c1,64,1792241,1795140,1805816,1815328,10676,13575,2899,0,0,0
1805882,2fd1afc4-199f-340e-3a38-c938e6f76e95,64,1804008,1804008,1805878,1821549,1870,1870,0,0,0,0
1806101,628a59da-50a4-b16f-9bee-2d2fe9ac9732,64,1800793,1800793,1806101,1813651,5308,5308,0,0,0,0
1806161,4fe73b70-f81f-b373-8f42-732b37be7bd8,64,1803341,1803341,1806137,1823809,2796,2796,0,0,0,0
1806221,2fc7ea8f-513a-5902-653b-707ac86b5354,64,1805947,1806002,1806177,1807819,175,230,55,0,0,0
1806221,7c3019e2-e182-6476-241c-b2ac7c3324b9,64,1805934,1805942,1806199,1807009,257,265,8,0,0,0
1806581,8261d68c-8d5a-0b8b-737e-3f3cdfbf0fef,64,1806219,1806221,1806535,1808402,314,316,2,0,0,0
1806641,0a194008-1871-bdf4-ac38-d3cada6986b7,32,1806300,1806300,1806614,1807580,314,314,0,0,0,0
1806781,7e023c02-e3fa-5560-a7af-92b3409d9697,64,1802424,1802424,1806726,1825835,4302,4302,0,0,0,0
1806858,51e47931-d91d-132a-1262-ceb52430f135,64,1806461,1806461,1806858,1808667,397,397,0,0,0,0
1807217,dec62fbf-2b7f-9108-f31b-224b7d3d40b2,64,1801035,1801070,1807217,1820055,6147,6182,35,0,0,0
1807277,28f4b935-f30d-e5ef-ca67-03ccd9296018,64,1806930,1806930,1807245,1808534,315,315,0,0,0,0
1807277,3bcdfe43-3981-c7f0-bcdb-a010d5fde56f,64,1807071,1807071,1807245,1808388,174,174,0,0,0,0
1807452,1d0aca8f-a56a-1f41-3b74-279ae53741ba,64,1804024,1804068,1807452,1825796,3384,3428,44,0,0,0
1807685,27c28707-c7a2-724e-0704-5f5a77e80a8e,64,1801672,1801672,1807685,1815421,6013,6013,0,0,0,0
1807879,284bc127-d351-e3b9-432b-bbd44afbf872,64,1805967,1806002,1807879,1819564,1877,1912,35,0,0,0
1807939,82afc6e5-db01-fcec-f903-7d488f3a0d12,64,1801841,1801852,1807900,1824440,6048,6059,11,0,0,0
1808059,589ca058-bdc8-872a-c5cc-fe294205f4d5,64,1807071,1807071,1808052,1808191,981,981,0,0,0,0
1808526,515c5dc8-6d00-f948-9f3d-88318ac44e5b,64,1807985,1807999,1808491,1808898,492,506,14,0,0,0
1808586,95802226-637c-cc76-d480-db6e0a411c10,64,1807550,1807550,1808533,1808815,983,983,0,0,0,0
1809144,1fa737b8-fc42-942d-3a39-8cea5068314c,64,1808939,1808996,1809144,1810150,148,205,57,0,0,0
1809264,c7d70307-b052-3e5e-7688-35fdd42f009f,64,1808549,1808586,1809246,1810132,660,697,37,0,0,0
1809264,610f7a71-057a-a568-8873-81eed11917ab,32,1808927,1808936,1809253,1811128,317,326,9,0,0,0
1809324,b779d516-1489-139f-3904-bafe4893af96,32,1805857,1805882,1809297,1826889,3415,3440,25,0,0,0
1809384,fd49c383-43d9-bf8b-d0e9-2eaacfb87add,64,1805942,1805942,1809369,1818348,3427,3427,0,0,0,0
1809444,b7606bb2-4425-37b9-a2e4-1a88ebb021e1,64,1804998,1805040,1809431,1828389,4391,4433,42,0,0,0
1809564,d092fcdd-6a17-65df-2c34-303fd4c85488,64,1809333,1809384,1809539,1811263,155,206,51,0,0,0
1809782,716107a5-b3e8-2cf7-9ea1-3ae17edb5ffa,64,1806467,1806641,1809745,1828382,3104,3278,174,0,0,0
1809842,abae15b1-d980-3ab3-4c8c-dc05c800b88f,32,1809470,1809504,1809821,1810629,317,351,34,0,0,0
1809902,77e1c2e9-a78d-4ec9-7c4a-822c3087b323,64,1805561,1805585,1809863,1817660,4278,4302,24,0,0,0
1809902,34589385-297a-c1a7-238a-05d8571345f5,64,1809722,1809722,1809869,1811580,147,147,0,0,0,0
1809962,da28550a-9bea-f9f7-7c96-e71311967b6f,32,1809621,1809624,1809941,1810953,317,320,3,0,0,0
1810082,d615467f-be1c-5ce0-5f9e-943b2ddf7eea,64,1808466,1808466,1810066,1820598,1600,1600,0,0,0,0
1810142,bc188605-ea22-5c34-812f-bba2ae8564d2,64,1809980,1810022,1810119,1811500,97,139,42,0,0,0
1810202,c2cdba93-c973-5da7-f964-83c481c4f5e5,32,1806721,1806721,1810146,1819685,3425,3425,0,0,0,0
1810383,5eaafa44-ed1e-7949-60dd-0c6ff2ea1e4d,64,1809356,1809384,1810383,1811526,999,1027,28,0,0,0
1810443,bc9d2e34-cb9c-0cba-6638-281aace9949e,64,1805855,1805882,1810402,1827821,4520,4547,27,0,0,0
1810741,a9b26018-eb1c-84c7-cbee-49df42afbdbe,64,1810528,1810586,1810741,1812020,155,213,58,0,0,0
1811111,2fbf83b5-c3ae-b820-c90a-a05fadbbf4c2,64,1810526,1810526,1811111,1811882,585,585,0,0,0,0
1811173,2a93fed7-4531-c604-a649-3b3fcd0c8e67,64,1810913,1810913,1811173,1812086,260,260,0,0,0,0
1811233,2a036585-d898-f84e-034d-216eb0b615c0,64,1810181,1810202,1811183,1810998,981,1002,21,0,0,0
1811751,830097e6-d497-9a61-ba94-9c6e404f3409,64,1808902,1808936,1811728,1824776,2792,2826,34,0,0,0
1811811,b93a0ed2-ccda-236e-ba94-adf4f39e7118,64,1804565,1804565,1811758,1824899,7193,7193,0,0,0,0
1811993,bbe16e0a-fc98-a1df-f0f0-473926cef478,64,1811436,1811436,1811993,1813326,557,557,0,0,0,0
1812087,079dc102-135b-4958-eb97-792ba472de8b,64,1811653,1811691,1812087,1812488,396,434,38,0,0,0
1812147,3c7503b0-dbb8-6d30-f44d-14475be9210b,64,1811631,1811631,1812123,1813127,492,492,0,0,0,0
1812519,fb669418-d15b-ee88-e446-55dfed3e06e5,64,1811489,1811496,1812495,1813567,999,1006,7,0,0,0
1812790,02ca23aa-e9e8-82d2-7896-d1d52d58287a,64,1806564,1806581,1812790,1822652,6209,6226,17,0,0,0
1813007,17fcb3c6-94ba-6388-dbfc-030438c246f8,64,1812911,1812911,1813007,1814995,96,96,0,0,0,0
1813067,9343824f-3302-0ff6-9dbb-562b6e9f8e23,64,1812820,1812850,1813024,1814139,174,204,30,0,0,0
1813475,a9b987d8-4190-8e8e-185f-c584c81e3b3e,64,1813216,1813216,1813475,1814591,259,259,0,0,0,0
1813535,483649b3-77a5-42a0-dad0-704ca00157d1,64,1811864,1811871,1813529,1820809,1658,1665,7,0,0,0
1813984,2b3878a0-2b66-f012-4a9a-1a1ecabae05d,64,1807759,1807759,1813984,1828482,6225,6225,0,0,0,0
1814056,74098754-0cf1-a893-d2bf-58c68f252b04,64,1803459,1803459,1814056,1827197,10597,10597,0,0,0,0
1814327,01b72643-6c54-8f87-20b0-e011a0c32062,64,1805957,1806221,1814327,1828847,8106,8370,264,0,0,0
1814447,7357fdc9-5d97-0a3f-b500-812f7f4daf82,64,1811466,1811496,1814392,1831794,2896,2926,30,0,0,0
1814447,01551961-1a73-8f9e-0fc7-5de0fc9661b3,64,1813834,1813834,1814403,1815688,569,569,0,0,0,0
1814971,29cc7f64-3def-41a9-bdf7-d358e77647bd,64,1808876,1808876,1814919,1817797,6043,6043,0,0,0,0
1814971,a3df864c-9ec0-30aa-6c65-9efb289a3cde,64,1814344,1814387,1814958,1816284,571,614,43,0,0,0
1815126,86bd6e7a-eaf7-8946-b99a-e2950f2ba54c,64,1804412,1804412,1815126,1819641,10714,10714,0,0,0,0
1815186,ceab0d50-18fc-768c-2240-4713ecbff6e7,64,1814469,1814507,1815170,1815838,663,701,38,0,0,0
1815305,5590933e-6d2b-003b-a3a0-50dc9b0fb544,64,1814911,1814911,1815305,1816002,394,394,0,0,0,0
1815874,202c1935-dba7-7d83-beba-6f95d22ff6b3,64,1812459,1812459,1815874,1833641,3415,3415,0,0,0,0
1816385,3b68852b-2079-02dd-3b98-299c8d8318cd,64,1809182,1809204,1816349,1820682,7145,7167,22,0,0,0
1816472,a779679a-ca2e-22d7-0c43-975508d53249,64,1816325,1816325,1816472,1818136,147,147,0,0,0,0
1816534,f57c5bed-b414-5530-61e9-06b1b4f54881,64,1816385,1816385,1816534,1817166,149,149,0,0,0,0
1816647,7bf70eb0-fb1f-3adc-2a30-d2df8c25f6c8,64,1805902,1805942,1816647,1817823,10705,10745,40,0,0,0
1817026,eac9b8ab-3794-a6df-cdb9-3c650cc9dc81,32,1813568,1813595,1817026,1830197,3431,3458,27,0,0,0
1817086,6b129abe-bee9-449f-9d95-bff60a173193,64,1816904,1816946,1817043,1818978,97,139,42,0,0,0
1817372,72a38868-a796-444a-76d8-14652165d2b2,64,1810144,1810202,1817372,1831020,7170,7228,58,0,0,0
1817458,cca64820-a851-578f-0abd-3cdc1c02887d,64,1816886,1816886,1817458,1818535,572,572,0,0,0,0
1817809,a75d5364-fccd-a47e-60b0-e340289181ea,32,1814375,1814387,1817809,1838759,3422,3434,12,0,0,0
1817869,f717f765-5f04-fb0c-a636-0cf1a00ee8b9,64,1813502,1813535,1817823,1832950,4288,4321,33,0,0,0
1818049,563beb3b-d842-3532-fa19-d02b8d2f188f,64,1817897,1817929,1818026,1818818,97,129,32,0,0,0
1818169,dfca0023-620e-3981-c1d2-1a9d3d446c4e,64,1817958,1817989,1818164,1818751,175,206,31,0,0,0
1818229,20c21f17-a360-d7a5-433d-1c937ee4c93f,64,1818016,1818049,1818198,1819621,149,182,33,0,0,0
1818305,c3b94545-c6cb-2c4e-1d8e-9af7c35d1bed,64,1817945,1817989,1818305,1819877,316,360,44,0,0,0
1818365,049ce167-dd6b-9473-1bf5-ca1ca3ad3da5,32,1818037,1818049,1818364,1820191,315,327,12,0,0,0
1818425,63146eb5-d472-d619-ed53-2899c8720657,32,1818016,1818049,1818374,1819462,325,358,33,0,0,0
1818425,f5016cfb-343c-86f6-6b0d-1c1aebb98add,32,1818001,1818049,1818377,1819384,328,376,48,0,0,0
1818507,79d42e7a-8617-0ecf-1aad-ca1e59d43d9d,64,1818071,1818109,1818507,1819117,398,436,38,0,0,0
1818632,e79ed216-d2b4-ccee-4c81-066f3e96b6bc,64,1817992,1818049,1818632,1819586,583,640,57,0,0,0
1818692,95b70f37-59be-87bd-3734-7b4b97da3d52,64,1811468,1811496,1818636,1830787,7140,7168,28,0,0,0
1818885,0d3d0c15-986d-5752-468e-6e95ce2d422e,64,1816093,1816093,1818885,1824278,2792,2792,0,0,0,0
1819069,1ed928ca-818e-d769-87cc-18e8bcf22195,64,1818001,1818049,1819040,1819015,991,1039,48,0,0,0
1819876,72bead4b-a389-d8c8-85a6-c20672ba41b1,64,1819756,1819756,1819852,1820647,96,96,0,0,0,0
1820136,72254fa4-376d-d6f1-e121-4eae369f3f2f,64,1819956,1819956,1820132,1821447,176,176,0,0,0,0
1820469,3d4edc5d-9048-d35c-0882-dd2d2345ca44,64,1820373,1820373,1820469,1821489,96,96,0,0,0,0
1820917,6b5bbd9b-c588-ee53-dd84-3008ac2f6ea8,64,1818966,1819009,1820872,1835118,1863,1906,43,0,0,0
1821115,32c7a173-b244-6f3c-6391-2d716e54a1cb,64,1820611,1820611,1821104,1821507,493,493,0,0,0,0
1821115,d1f06e40-72ad-d5df-e527-28f6e3bcef6e,64,1820072,1820076,1821113,1829019,1037,1041,4,0,0,0
1821115,00bf0417-d1df-c0f2-cffa-a28cd9f8a100,64,1820857,1820857,1821115,1823028,258,258,0,0,0,0
1821520,ba1f8db4-d8a4-5245-e935-4b7349e8fbb6,64,1815359,1815365,1821520,1835116,6155,6161,6,0,0,0
1821640,d4e3b666-dd7d-0e30-c79e-7b9d6d93594d,64,1820996,1821055,1821630,1823087,575,634,59,0,0,0
1822071,96aeb19a-8a15-b601-e5a0-10e66bb97214,64,1821546,1821580,1822071,1822827,491,525,34,0,0,0
1822699,e9c72651-4f50-64cb-8a64-2d87eb695a68,64,1819763,1819816,1822641,1828215,2825,2878,53,0,0,0
1823829,20932e75-ce4e-bf63-126b-f597c5e8091f,64,1820995,1820995,1823829,1835701,2834,2834,0,0,0,0
1824366,c6dcd6e6-8966-18dd-ef7b-c04c3a4e1cb3,64,1822685,1822699,1824366,1838078,1667,1681,14,0,0,0
1824426,e27671ee-dd80-420b-896d-04c8caa43d1a,64,1821546,1821580,1824415,1838300,2835,2869,34,0,0,0
1824805,9ae58982-c603-1544-87a6-8635fca64442,64,1817651,1817651,1824784,1833914,7133,7133,0,0,0,0
1824885,221a9208-bad7-43bc-7868-2e6f4cd97590,64,1824484,1824486,1824885,1825750,399,401,2,0,0,0
1825108,171fdec2-6745-03cd-cf99-fea97d2debf5,64,1818949,1818949,1825108,1841577,6159,6159,0,0,0,0
1825168,fd449404-a006-196f-57e9-d9b49f5e9600,64,1824891,1824945,1825117,1825889,172,226,54,0,0,0
1825632,6113161f-5047-faa7-ac21-fd77cf7025d0,32,1825317,1825317,1825632,1826749,315,315,0,0,0,0
1826042,83dee681-1d70-23d7-4945-06a0e8a39756,64,1822639,1822639,1826042,1833051,3403,3403,0,0,0,0
1826102,6b354a79-2e75-b076-cbf5-3a9a5ca4dce4,64,1819975,1820016,1826050,1831523,6034,6075,41,0,0,0
1826239,6a069320-aac2-12a5-66fd-680f295d49cb,64,1825977,1825977,1826239,1826895,262,262,0,0,0,0
1827142,5dcbfaf7-9140-4efa-bf26-311bc2d0a28e,64,1826100,1826102,1827142,1845240,1040,1042,2,0,0,0
1827280,6fd71daf-71c7-6004-9c62-7e101e8e27cf,64,1826888,1826888,1827280,1828974,392,392,0,0,0,0
1827516,2a648652-9cd1-a7d9-3d11-afef0364a7af,64,1827159,1827202,1827516,1828309,314,357,43,0,0,0
1828156,f8844eee-ceb6-0e05-dc91-9fa64ea05085,32,1824745,1824745,1828156,1844632,3411,3411,0,0,0,0
1828373,b70c6924-ebb9-dd31-7abc-14a8e2ef7b2d,64,1824092,1824092,1828373,1845113,4281,4281,0,0,0,0
1828433,15491e6e-4cb9-06ce-082c-669a3e8f02b3,64,1824958,1825005,1828388,1840259,3383,3430,47,0,0,0
1829471,bee259e4-f5b8-f737-1e8e-f65bfedea9d9,64,1826637,1826637,1829471,1849611,2834,2834,0,0,0,0
1830453,20eb574d-cbe6-5093-d4c0-aeafc4342eee,64,1827064,1827064,1830453,1845754,3389,3389,0,0,0,0
1833458,fb3cdd34-721a-03e3-a6d2-a173eb45a2b8,64,1826252,1826299,1833458,1838936,7159,7206,47,0,0,0
1833798,064e13c6-e33a-f0ea-b71c-3d1a4bac151c,64,1823161,1823161,1833798,1846538,10637,10637,0,0,0,0
1862434,a251bb9b-d7ba-8307-a82e-333acb35a473,64,1861380,1861380,1862434,1872788,1054,1054,0,0,0,0
1863194,58456f1d-dbb4-7b83-b0d0-139a089e2290,64,1861564,1861564,1863194,1873856,1630,1630,0,0,0,0
1863521,37eced07-21ad-a6b4-d2ce-60243db4f40d,64,1861805,1861841,1863521,1872822,1680,1716,36,0,0,0
1863581,aa00b519-b421-a49d-ca3b-818a4df4719e,64,1861872,1861901,1863579,1871647,1678,1707,29,0,0,0
1863774,520042b7-2863-ff23-2138-0a184a0b9e01,64,1861892,1861901,1863774,1871788,1873,1882,9,0,0,0
1863834,7692f56a-4c44-a44e-7731-71dd3ec34024,64,1861868,1861901,1863781,1872144,1880,1913,33,0,0,0
1864617,73a90d44-4643-f482-22dd-e21ac4f6ba15,64,1861774,1861781,1864617,1872050,2836,2843,7,0,0,0
1864710,d1eba380-12a7-f3d9-3fe6-e68694a2314b,64,1861818,1861841,1864710,1872746,2869,2892,23,0,0,0
1864862,f54d6175-33d1-bd89-65f2-9a4a090c09c9,64,1861999,1862021,1864862,1872627,2841,2863,22,0,0,0
1865575,78dfe184-99d7-ee23-13c9-3be7ad7845a2,32,1862083,1862141,1865575,1872022,3434,3492,58,0,0,0
1866278,4868fd75-309e-67ca-4579-c2bc8ecb3d54,64,1861958,1861961,1866263,1871995,4302,4305,3,0,0,0
1866346,c8843187-db89-b7a2-f173-66f2d354b20f,64,1861890,1861901,1866346,1874330,4445,4456,11,0,0,0
1866406,99c96ec0-2383-71c4-d033-728c697d3915,64,1866218,1866218,1866365,1867793,147,147,0,0,0,0
1866471,c24a91ad-8e16-16ed-5a1a-ddbc3d1d7f3d,64,1862103,1862141,1866471,1873357,4330,4368,38,0,0,0
1866805,25a2b98c-218c-2dd9-fb0b-ec4b7d3f2384,64,1866617,1866654,1866805,1867776,151,188,37,0,0,0
1866978,f4bcc19a-f784-e36a-39ba-f3c315f6e9f3,32,1866605,1866654,1866978,1868295,324,373,49,0,0,0
1867056,2b5fe177-61c2-df0e-e616-f3987e07018e,64,1866629,1866654,1867056,1867889,402,427,25,0,0,0
1867165,e76093da-45c9-03bf-3dcb-7853170c62b5,64,1866639,1866654,1867165,1867968,511,526,15,0,0,0
1867225,167786ec-49f5-3c50-601d-3437ad8033bc,64,1866594,1866594,1867171,1868131,577,577,0,0,0,0
1867225,57c39fd0-9200-cc1e-5d38-72bc97fe05fb,64,1861772,1861781,1867203,1870229,5422,5431,9,0,0,0
1867285,b62aa79b-f83b-ab77-e043-6eff37660033,64,1861882,1861901,1867271,1872730,5370,5389,19,0,0,0
1867842,f361dd6f-5c1f-2826-42bb-da812e21e3ee,64,1861947,1864862,1867842,1877786,2980,5895,2915,0,0,0
1867902,7ce22121-768f-0205-0016-32d022062152,64,1861661,1861661,1867868,1870979,6207,6207,0,0,0,0
1867981,f63f31f7-8ecd-de33-ea3e-948e5a81a1c5,64,1861851,1861901,1867981,1873599,6080,6130,50,0,0,0
1868352,b8ca7729-d54d-358b-6a0b-ee16826770e5,64,1861935,1866346,1868352,1877835,2006,6417,4411,0,0,0
1869026,a975a975-66d1-a716-ba6b-d041cfd40809,64,1862064,1867981,1869026,1878969,1045,6962,5917,0,0,0
1869207,59bc45fa-d60f-22f3-63d9-a2430ea2c281,64,1861984,1862021,1869207,1872921,7186,7223,37,0,0,0
1869542,5b40ab7e-3f39-7bf7-2695-2384a32db41f,64,1862082,1862434,1869542,1873975,7108,7460,352,0,0,0
1869602,828f9417-1ebd-e24c-ce32-60d33ec80e16,64,1861667,1861721,1869563,1875302,7842,7896,54,0,0,0
1869602,501246d1-484f-e191-61a6-279944cb35b9,64,1862033,1863521,1869593,1874463,6072,7560,1488,0,0,0
1870014,e4a58d8b-5903-05f4-2ba8-3a2a5358ac7b,64,1862233,1868352,1870014,1879193,1662,7781,6119,0,0,0
1870074,d45a9335-b7ab-8f11-fb70-1c7cb67c586c,64,1862012,1867225,1870035,1878280,2810,8023,5213,0,0,0
1871002,b8cbab80-5024-c521-78c9-fbee8a3f29dd,64,1861799,1861841,1871002,1880356,9161,9203,42,0,0,0
1871218,7cca874e-27ff-72ca-3365-9f8bc08daf2a,64,1861936,1866406,1871218,1877837,4812,9282,4470,0,0,0
1871909,9a1eacad-fe9e-0ef6-ce2a-2e7f3d291dca,64,1862074,1864617,1871858,1876977,7241,9784,2543,0,0,0
1871969,3f7857bd-b861-4c03-1da0-ac3093be47db,64,1861877,1864710,1871935,1877096,7225,10058,2833,0,0,0
1872029,253b07ca-73f4-b84b-487a-c6fdbc0e5625,64,1871849,1871849,1872004,1873909,155,155,0,0,0,0
1872089,1166f20b-0fe8-fdec-1561-46a29b8ab391,64,1861762,1861781,1872042,1878631,10261,10280,19,0,0,0
1872806,df14d079-de24-0592-d322-3935d1f4c9c2,64,1872602,1872626,1872806,1873683,180,204,24,0,0,0
1872926,6faf5659-760b-400d-a79d-5e313208e37b,64,1872506,1872506,1872906,1874387,400,400,0,0,0,0
1872986,05fab368-0846-cf3d-eda4-7575cb8a7340,64,1872605,1872626,1872944,1873942,318,339,21,0,0,0
1873046,e7741e3e-d0e9-fdc9-7997-c7258baab379,64,1872839,1872866,1873039,1873819,173,200,27,0,0,0
1873166,d7a5e44f-2d18-4ea6-d31c-19c9be8f30fe,64,1872512,1872566,1873131,1873404,565,619,54,0,0,0
1873296,240a8fa5-d3f5-5783-97fd-2f51e34a9adc,64,1872252,1872252,1873250,1874440,998,998,0,0,0,0
1873296,28a0b9bb-fc76-0cca-0526-d900b165574d,64,1872658,1872686,1873262,1873790,576,604,28,0,0,0
1873356,f06d6a9b-436b-8e59-a255-b1a54fdc2b2d,64,1872586,1872626,1873299,1874291,673,713,40,0,0,0
1873356,5d8b329d-97d6-92a2-d400-75c2f29f684c,64,1873039,1873046,1873308,1874309,262,269,7,0,0,0
1873356,e11d7da2-d3b7-f464-f420-befeb70477ea,64,1872601,1872626,1873317,1874850,691,716,25,0,0,0
1873356,6782c2c1-480c-0d48-a620-2d44c3b639dc,64,1873136,1873166,1873323,1874475,157,187,30,0,0,0
1873416,5a1f5eb4-4f00-1784-bedc-9dbec6a904a2,64,1872768,1872806,1873373,1874384,567,605,38,0,0,0
1873416,d2b2bd41-1233-0254-03bb-5886a810af5c,64,1872804,1872806,1873378,1874614,572,574,2,0,0,0
1873476,04c1dc89-bda6-6683-575f-e84fcd568430,64,1872811,1872866,1873439,1874045,573,628,55,0,0,0
1873536,0eae998f-8eb3-7998-530c-da33d0902958,64,1873109,1873166,1873484,1875168,318,375,57,0,0,0
1873536,b307f72f-5dd6-3096-4dea-9829966c98b6,64,1873072,1873106,1873508,1874673,402,436,34,0,0,0
1873596,ab190d0e-a3b0-6616-e27f-4fd6d5c4d569,64,1873469,1873476,1873575,1874924,99,106,7,0,0,0
1873656,d4cbafe2-c2b9-e81a-5261-500f4a6c2703,64,1873431,1873476,1873629,1875226,153,198,45,0,0,0
1873656,8bc36a71-8d82-edde-c19f-b89342ed91b8,64,1872569,1872626,1873632,1873691,1006,1063,57,0,0,0
1873716,22fa1cd7-e42b-b6ea-b987-b3a8554cbe28,64,1872663,1872686,1873679,1874799,993,1016,23,0,0,0
1873716,83223a7d-f6bc-096e-71ee-e9a7668a3587,64,1873016,1873046,1873710,1874994,664,694,30,0,0,0
1873776,3161d468-a6c9-5498-4849-11f6fbac38d6,64,1873436,1873476,1873750,1875375,274,314,40,0,0,0
1873776,1769bd79-0ee4-591e-2d7c-8b7af8d5505b,64,1861971,1869542,1873755,1879856,4213,11784,7571,0,0,0
1873836,5684d84f-d7de-cbfe-18c5-264220b3fe81,64,1873367,1873416,1873813,1874747,397,446,49,0,0,0
1873896,1e8f2611-4061-b77d-18c1-2bd02c32132a,64,1861248,1861248,1873879,1875707,12631,12631,0,0,0,0
1873975,c26abdef-2df0-05ca-2917-d661ab3cc4f7,64,1861861,1869602,1873975,1879974,4373,12114,7741,0,0,0
1874035,cfb7c967-699d-c8a5-7e56-4a251f04306a,64,1873004,1873046,1874030,1874575,984,1026,42,0,0,0
1874162,def1c799-9cdf-78fd-55cc-89b0067e6df1,64,1861841,1861841,1874162,1874819,12321,12321,0,0,0,0
1874261,0c198d4d-b3e7-a79c-bd2c-5c28e51c0281,64,1861841,1871218,1874261,1880762,3043,12420,9377,0,0,0
1874321,9089ee82-67b3-1dfb-71a8-b4ec9348af3f,64,1861687,1861721,1874319,1878058,12598,12632,34,0,0,0
1874782,3f05917b-4205-aff2-e973-b9398014e8d0,64,1861841,1861841,1874782,1878375,12941,12941,0,0,0,0
1875385,13ae53ab-1d04-f208-c22f-e648c68b7964,64,1869653,1870074,1875385,1880622,5311,5732,421,0,0,0
1875492,50feba46-67d1-03e5-57ad-3bbf9cb0cf81,64,1861824,1871002,1875492,1880694,4490,13668,9178,0,0,0
1875698,ac71fa37-a686-7680-166f-f8c1c7c9effe,64,1869856,1874035,1875698,1882536,1663,5842,4179,0,0,0
1875848,a3c11121-b819-929c-0082-81e30dcc5d19,64,1861785,1874162,1875848,1884779,1686,14063,12377,0,0,0
1876782,7de0bc66-99f1-b664-4e1e-cafe3b0aa467,64,1862036,1869026,1876782,1879723,7756,14746,6990,0,0,0
1877013,eb732bfc-9e07-2f8e-e6d7-7e7a81da6eda,64,1861767,1861781,1877013,1885724,15232,15246,14,0,0,0
1877087,d3e1e99f-8456-4775-2bee-1c7c6e67cfc6,64,1861788,1861841,1877087,1879809,15246,15299,53,0,0,0
1877408,b05c2325-79e7-f36c-33a2-175946885e33,64,1861874,1875492,1877408,1886192,1916,15534,13618,0,0,0
1877609,cb3fa2b1-cda4-ed57-8108-a22ce0127524,32,1872328,1874162,1877609,1882599,3447,5281,1834,0,0,0
1877752,624696c0-afd5-c788-9399-9802517544ab,64,1861824,1861841,1877752,1880123,15911,15928,17,0,0,0
1878723,6c754c9a-7f17-6704-5f45-05870dad7070,64,1869787,1877013,1878677,1887207,1664,8890,7226,0,0,0
1878986,ef5955b9-6526-0cba-15fa-dddec9849893,64,1861777,1861781,1878929,1885579,17148,17152,4,0,0,0
1878986,cf6461b6-69d6-dfcf-4d4e-495d5627d79d,64,1861986,1867902,1878957,1878644,11055,16971,5916,0,0,0
1879046,3e2c6642-308a-74d5-86bc-565f221864f7,64,1878543,1878543,1879001,1880627,458,458,0,0,0,0
1879106,02d5a162-1167-63b4-6a49-99997c3b3c0c,64,1861986,1875698,1879091,1886361,3393,17105,13712,0,0,0
1879166,7e5b807b-4f98-5f3d-1be9-f58f2d67f8a4,32,1878555,1878603,1879147,1881677,544,592,48,0,0,0
1879488,82db1f60-afc0-0473-c07a-281b655a78bd,64,1878641,1878663,1879488,1880488,825,847,22,0,0,0
1879793,8112bf5e-c340-f10c-cd08-2dc8fab70227,64,1873236,1877752,1879793,1888589,2041,6557,4516,0,0,0
1879932,ba81f5ce-bd63-f4db-4ba9-e81992f68caf,64,1861445,1861445,1879932,1884956,18487,18487,0,0,0,0
1879992,c3d92441-de52-834f-5d6f-5ca1dea515e0,64,1862102,1873896,1879964,1882358,6068,17862,11794,0,0,0
1880254,e297562c-9401-51fc-e6aa-c18d67fe192c,64,1880083,1880112,1880218,1881931,106,135,29,0,0,0
1880314,218bf379-7f6a-c1d2-2573-baa2e65beb9f,64,1880107,1880112,1880288,1881620,176,181,5,0,0,0
1880374,1be042ad-1623-5be6-88bd-a6be798c1046,64,1880200,1880254,1880359,1881188,105,159,54,0,0,0
1880374,f15d8d52-aa1a-0c69-073a-68060c6f8274,64,1861840,1874321,1880369,1885157,6048,18529,12481,0,0,0
1880434,9630fd85-9a76-4eac-f30c-701521b4b926,64,1880218,1880254,1880384,1881341,130,166,36,0,0,0
1880434,b4a81dfc-fcaf-2481-f91d-1e88fa3d4a50,64,1880070,1880112,1880387,1880874,275,317,42,0,0,0
1880434,169c342b-dfc5-995f-e96b-d16d63253bc9,64,1880237,1880254,1880421,1881975,167,184,17,0,0,0
1880434,ed5a7808-c26f-914c-65e5-1de8efb43618,64,1861968,1871969,1880425,1880876,8456,18457,10001,0,0,0
1880494,1e07c0e0-1a7d-40d5-e922-fd4d451336d1,64,1880079,1880112,1880451,1882492,339,372,33,0,0,0
1880494,0ec56430-cb8a-bb44-a143-b696ecfb54b5,32,1880061,1880112,1880454,1881284,342,393,51,0,0,0
1880494,d470f607-d99f-61a7-35f7-544f24607e6a,64,1880281,1880314,1880493,1882288,179,212,33,0,0,0
1880554,5a418e1b-2730-9e09-deb5-f4ccb8c8a04a,64,1880239,1880254,1880534,1881073,280,295,15,0,0,0
1880614,396141c6-266e-1939-e21e-b1cc82f9ae42,64,1880472,1880494,1880595,1882549,101,123,22,0,0,0
1880614,8b38ed84-acc3-7f8e-8b8a-d491732a94ce,64,1880200,1880254,1880610,1882246,356,410,54,0,0,0
1880674,963228c4-e50c-2706-0439-bad85b3c5c17,64,1880393,1880434,1880620,1881333,186,227,41,0,0,0
1880674,d108da42-252f-35f3-e7d3-ef690fd8419c,64,1880019,1880052,1880629,1882500,577,610,33,0,0,0
1880674,4f8af73d-0552-7dbf-fd49-b30185a20bdb,64,1880528,1880554,1880656,1881888,102,128,26,0,0,0
1880734,5071041e-f6a0-2972-9bb0-0c5c88e32f09,64,1880320,1880374,1880708,1881493,334,388,54,0,0,0
1880794,a9b5e6a2-07b8-90ba-060f-6f4a009202d0,64,1880447,1880494,1880779,1882567,285,332,47,0,0,0
1880914,6511ec45-0a50-7d0a-4f58-2855a479a957,64,1880194,1880194,1880897,1881912,703,703,0,0,0,0
1880914,5231fa94-6fc0-f8dd-b1dc-1d9b6ff924a6,64,1880315,1880374,1880914,1882619,540,599,59,0,0,0
1881073,988a9a8c-6cfb-04e3-59af-4d21a7c0796f,64,1880865,1880914,1881073,1882131,159,208,49,0,0,0
1881133,3db0d591-a803-3cbb-58e3-048bbaa2119c,64,1880485,1880494,1881105,1882564,611,620,9,0,0,0
1881193,cc7265c0-0861-5fba-a3d8-1a17d29cf935,64,1872253,1877408,1881141,1887985,3733,8888,5155,0,0,0
1881193,fbea3c72-9fb2-ea34-f1cb-a01471f49d5a,64,1880689,1880734,1881156,1882500,422,467,45,0,0,0
1881193,09f66726-47e1-f9ea-b27f-5f9691392f4f,64,1880515,1880554,1881166,1882729,612,651,39,0,0,0
1881299,8aa95959-b178-8e24-5714-d7dca394282c,64,1880631,1880674,1881299,1882010,625,668,43,0,0,0
1882038,4d57f74c-382d-151d-7d79-25092de609ca,64,1881001,1881001,1882038,1890804,1037,1037,0,0,0,0
1882494,63467bab-44be-8f6a-3a14-959231c9f8b5,64,1872758,1879046,1882494,1891244,3448,9736,6288,0,0,0
1882571,88c003e8-7a44-89a4-4105-34a7d1cc3593,64,1878752,1879793,1882571,1893275,2778,3819,1041,0,0,0
1882635,f0fa25b5-4a2e-0e31-981c-16b230262475,64,1872539,1877087,1882635,1887702,5548,10096,4548,0,0,0
1882958,22e51223-917c-8356-8d4e-e5cb73b5e9c4,64,1862162,1875848,1882958,1886468,7110,20796,13686,0,0,0
1883018,33b20e48-58ac-093e-2401-9bc7dbe2dacc,64,1880771,1881133,1883013,1891677,1880,2242,362,0,0,0
1884010,ec3a9685-9c79-a977-8411-ce20755a3f55,64,1862091,1872029,1884010,1880915,11981,21919,9938,0,0,0
1884089,70b2938b-cfd4-2e2b-7416-f7157ccc98be,64,1862259,1876782,1884089,1886583,7307,21830,14523,0,0,0
1884177,a99c69b6-1186-098b-6771-9d266b90f7a6,64,1880785,1880794,1884177,1890037,3383,3392,9,0,0,0
1884400,c6a7f336-62bc-0506-a086-a65d53a00b00,64,1861801,1872089,1884400,1881602,12311,22599,10288,0,0,0
1884687,92ea5e99-c117-c6b2-eabc-290d4cbfd156,64,1880880,1883018,1884687,1897336,1669,3807,2138,0,0,0
1884747,8a964a79-2ef8-23f8-df89-be3bd5b1ca09,64,1862084,1873975,1884729,1882500,10754,22645,11891,0,0,0
1885472,b51c8012-2927-86ea-d451-35236971dd2b,64,1872282,1878986,1885472,1891147,6486,13190,6704,0,0,0
1885532,ec4d4ad6-7bb8-4125-c1f6-c142d4f14a57,64,1869780,1879106,1885498,1892040,6392,15718,9326,0,0,0
1885663,7f0fad71-1c53-f18d-2d72-819d8e4d330e,64,1885182,1885182,1885663,1889317,481,481,0,0,0,0
1885962,c01c8854-6127-34af-1d5d-6ba994343118,64,1872108,1882571,1885962,1895386,3391,13854,10463,0,0,0
1886699,48a26f17-b82b-ee4e-30e7-3b08c633066e,64,1872714,1879488,1886699,1892294,7211,13985,6774,0,0,0
1886901,a530dd2c-d8c4-1344-11b0-0e4eddf392bc,64,1880826,1880854,1886901,1889515,6047,6075,28,0,0,0
1886961,45975094-ddc6-e07f-b82e-aba50c488d4f,64,1872786,1882635,1886930,1895956,4295,14144,9849,0,0,0
1887144,b9450a96-110d-c1c1-fed5-4b8a55005369,64,1878979,1879932,1887144,1893775,7212,8165,953,0,0,0
1887408,a0ee1680-ab8c-574b-7c6d-250ec648f46f,64,1879072,1879992,1887408,1894824,7416,8336,920,0,0,0
1887521,054bbfd4-0fb8-af1c-3a6a-11dd63855929,64,1880836,1884687,1887521,1898806,2834,6685,3851,0,0,0
1887581,19792a02-6a63-1e96-a3b6-4b24a84f9527,64,1879246,1884177,1887571,1898712,3394,8325,4931,0,0,0
1889242,2aed003c-5eb7-7f94-8675-8b126e7ac681,64,1888200,1888200,1889242,1901107,1042,1042,0,0,0,0
1889431,24d96e31-15a6-2c53-d1e4-d4b4b2d65765,64,1889286,1889302,1889431,1890464,129,145,16,0,0,0
1889594,5c1818ea-77d3-3a17-c166-86c2db4c1d55,64,1887920,1887920,1889594,1904246,1674,1674,0,0,0,0
1889654,5b302141-7435-9516-28e6-46fb6b084c0e,64,1889321,1889362,1889629,1892210,267,308,41,0,0,0
1889714,e7d76120-3b9a-6bd4-3bfa-df65b56fa8c2,64,1889323,1889362,1889686,1890899,324,363,39,0,0,0
1890226,b0e0e4d3-0976-a67d-c85b-8b7cd763b36b,64,1888519,1888519,1890177,1898835,1658,1658,0,0,0,0
1890226,73dd65e0-8340-5334-83fc-0dab2c19d0db,64,1888532,1888579,1890187,1904663,1608,1655,47,0,0,0
1890286,0f233787-8f3d-1adf-b6d2-a6a7ee89c3c0,64,1878778,1884089,1890238,1898704,6149,11460,5311,0,0,0
1890286,a1c636ec-a410-6ff8-ba33-9dff5e02ae6f,64,1888667,1888667,1890279,1896956,1612,1612,0,0,0,0
1890346,89aa1a59-3108-c392-decb-1466727dba1a,64,1887971,1887980,1890309,1907559,2329,2338,9,0,0,0
1890406,8a1aff04-9736-cc13-1add-0a6edb01d942,64,1878926,1884747,1890354,1901989,5607,11428,5821,0,0,0
1890466,4a8822d9-9326-c1ce-e1c8-de4bc422ed64,64,1890107,1890166,1890438,1891858,272,331,59,0,0,0
1890618,07c180be-eafa-8784-aeae-9873e6817c75,64,1880756,1884400,1890618,1898804,6218,9862,3644,0,0,0
1890678,4f14e0ee-345a-7f00-a235-b1ee72bc9e32,64,1888994,1888994,1890654,1903334,1660,1660,0,0,0,0
1890845,9b86e074-f232-f2b4-7e0f-8abae61d579a,64,1890521,1890526,1890792,1892047,266,271,5,0,0,0
1891044,eba68a1a-4623-34a9-adf5-b1e60579f711,64,1890785,1890785,1891044,1894327,259,259,0,0,0,0
1891112,e9219f8a-c90b-2dda-679d-2ec1a7e83ef3,64,1890106,1890106,1891112,1891654,1006,1006,0,0,0,0
1891193,e1c20230-534d-9fc9-232c-a66a69b31064,64,1889307,1889594,1891193,1906122,1599,1886,287,0,0,0
1891314,88bfca72-7b60-f025-b81b-d2eab036b50e,64,1890800,1890845,1891314,1893935,469,514,45,0,0,0
1891561,c3d8ea9a-4f6f-5ed3-4376-c0716d32d185,32,1888081,1888110,1891537,1896723,3427,3456,29,0,0,0
1891861,3d934c3e-09b8-ed0e-6110-b5af24e7b702,64,1891441,1891441,1891861,1893344,420,420,0,0,0,0
1892249,d69ac183-5f5b-005c-74e7-ab80f4302a71,64,1888851,1888851,1892249,1903000,3398,3398,0,0,0,0
1892474,945eb2ba-bfad-72bd-891a-72eba0f83c34,64,1891457,1891501,1892474,1894150,973,1017,44,0,0,0
1892594,21ea2c83-6386-385a-77ae-3ba7cd8f3e20,64,1890638,1890678,1892545,1900096,1867,1907,40,0,0,0
1892748,7ea8f577-da0f-a186-1884-37032b14de6e,64,1891650,1891682,1892748,1910175,1066,1098,32,0,0,0
1893019,19dbf531-cc24-ab74-e553-0f028173e846,64,1892866,1892866,1893019,1894607,153,153,0,0,0,0
1893178,04d06df1-c98f-e74c-3c2b-e5904103d5bc,64,1872365,1882494,1893178,1895296,10684,20813,10129,0,0,0
1893496,c4619824-9306-1abe-b0bd-09be682b4e66,64,1888050,1888050,1893496,1905706,5446,5446,0,0,0,0
1893556,78090672-a20c-65e1-d325-ad2169ea7a31,64,1892479,1892534,1893521,1894606,987,1042,55,0,0,0
1893663,ff13c6fe-245b-2fe7-1cad-bbb7756c44c5,32,1890212,1890226,1893663,1901895,3437,3451,14,0,0,0
1893739,897caaf4-cb30-415c-5bfe-a3957bdb5ee6,64,1892096,1892140,1893739,1904039,1599,1643,44,0,0,0
1893799,1ac782ee-6047-aa45-fab0-077acc79dc7b,64,1878768,1882958,1893747,1896578,10789,14979,4190,0,0,0
1894118,54af642c-9bea-12d0-1e3a-2c643acafbf9,64,1893060,1893079,1894118,1903461,1039,1058,19,0,0,0
1894400,5094d3d5-5bf9-9a1c-87ad-c4fda4c4b73d,64,1888669,1888727,1894400,1909964,5673,5731,58,0,0,0
1894750,83685a5e-88e5-e0f5-1abf-52bca921f65c,64,1873396,1884010,1894709,1897641,10699,21313,10614,0,0,0
1894750,77154f07-672e-d171-8f6c-d77eb7486ef2,64,1893041,1893079,1894723,1908854,1644,1682,38,0,0,0
1895119,5a8827c5-7d19-3122-6817-5d5e9416bf86,32,1891664,1891682,1895119,1904578,3437,3455,18,0,0,0
1895179,49f9ff57-fac9-0c31-e039-67f9f399afa0,32,1891636,1891682,1895127,1908813,3445,3491,46,0,0,0
1895239,fcb0157f-10bd-d71b-dbd4-8306e1dd61b5,64,1889143,1889143,1895197,1897588,6054,6054,0,0,0,0
1895299,90ddc2a5-754c-c081-946f-6b5615dca250,64,1891681,1891682,1895277,1915263,3595,3596,1,0,0,0
1895769,a3ed831d-4be9-0b31-9e25-aa905d455adc,64,1888300,1888300,1895769,1906553,7469,7469,0,0,0,0
1895829,bcea19ec-28c7-476f-aa16-ab7fdfd25814,64,1895429,1895429,1895826,1896836,397,397,0,0,0,0
1895902,9e8c4360-c5dc-1ae8-c01e-0393f761bb83,64,1892080,1892080,1895902,1915342,3822,3822,0,0,0,0
1896121,a87e8a76-c49d-3e1a-424c-8d142c84b448,64,1895783,1895829,1896095,1896968,266,312,46,0,0,0
1896804,52047f74-8859-4320-6c81-2397cb959c9f,64,1896368,1896368,1896804,1899365,436,436,0,0,0,0
1896987,46193186-1df7-c0b9-e0cf-99a529942fa3,64,1892662,1892662,1896987,1901638,4325,4325,0,0,0,0
1897419,8304ace0-3f1b-c903-6618-bff4b5c44d59,64,1896379,1896428,1897419,1897332,991,1040,49,0,0,0
1897688,70a550a1-943e-1723-f7d2-9b0c5b56f9ec,64,1894858,1894858,1897688,1912391,2830,2830,0,0,0,0
1897808,06f13dae-50ba-dae7-02f2-045a458ecef7,64,1891622,1891622,1897800,1908744,6178,6178,0,0,0,0
1897978,d6ed6566-b3ed-b91f-521f-3f0dcc3fa7b3,64,1897583,1897583,1897978,1899193,395,395,0,0,0,0
1898038,330e6665-590c-7f4f-9442-a97a4f7ac605,64,1897707,1897748,1898018,1900031,270,311,41,0,0,0
1898218,f68864b1-d203-6557-f1e0-d9f6dc287834,64,1892092,1892140,1898213,1908760,6073,6121,48,0,0,0
1898478,0e8eb262-0d14-87d7-f9ab-98f5a47f8e0b,64,1895617,1895633,1898478,1919828,2845,2861,16,0,0,0
1898907,c3c04f81-f7f5-55a8-cec0-8ab03035a984,64,1898787,1898787,1898889,1900498,102,102,0,0,0,0
1899027,9e8735f7-f756-523c-a987-f725348d1d25,64,1895592,1895633,1899021,1914839,3388,3429,41,0,0,0
1899027,2e357275-9ff6-5984-72fd-22c1fae85350,64,1895603,1895633,1899023,1906914,3390,3420,30,0,0,0
1899492,e44ea92e-6e7f-c639-74f7-5fef740d6899,32,1896006,1896061,1899492,1911563,3431,3486,55,0,0,0
1900199,b9a568b0-5b71-ff0a-db82-ebfaaa22ecac,64,1898486,1898538,1900199,1914685,1661,1713,52,0,0,0
1900259,fa4c96d2-1d22-1079-eb7e-192291e03adb,64,1898509,1898538,1900204,1913238,1666,1695,29,0,0,0
1900259,38ebaec3-6420-2d14-ddeb-88b4165bfe79,32,1895510,1895510,1900209,1917519,4699,4699,0,0,0,0
1900319,63899fe0-1dbd-cb59-8d01-9557e49696e5,64,1898389,1898412,1900294,1908470,1882,1905,23,0,0,0
1900379,6846e038-5d50-b664-23f4-98a14fa47eec,64,1894690,1894690,1900364,1918437,5674,5674,0,0,0,0
1900531,f9fe7ba5-249f-7c4d-009b-239e92382d3e,64,1898801,1898847,1900531,1909143,1684,1730,46,0,0,0
1900899,2d1ce9b2-c703-2fbb-8143-d3812af1bd75,64,1899026,1899027,1900899,1915754,1872,1873,1,0,0,0
1901453,477d4d7c-e912-ad2c-a876-7fe9c70484c1,64,1898878,1899492,1901453,1916243,1961,2575,614,0,0,0
1901567,2aca4c15-7b69-b410-7dbd-b2636f007d79,64,1894912,1894918,1901567,1917925,6649,6655,6,0,0,0
1901661,95924827-2361-c37e-0142-e7fe6e91792d,64,1898828,1898847,1901661,1913171,2814,2833,19,0,0,0
1901721,8347e62b-bcc5-0e86-dcf7-b04dc960f596,64,1897996,1898038,1901690,1921045,3652,3694,42,0,0,0
1902080,8b02bb68-f00b-6d90-166e-8fc07ef7f1eb,64,1894913,1894918,1902080,1914414,7162,7167,5,0,0,0
1902293,4832fb5e-4ab4-ce84-f8c7-0a91b58adb38,32,1898842,1898847,1902293,1912453,3446,3451,5,0,0,0
1903004,58cd2993-7a54-65c4-64b7-2149549b68a8,64,1902389,1902413,1902950,1905801,537,561,24,0,0,0
1903124,c1ef9476-cd20-0805-c0a8-0e10b7f2820d,64,1902944,1902944,1903105,1904427,161,161,0,0,0,0
1903124,efec69d2-87d5-a7d1-26e0-e8cce65a16d1,64,1902586,1902586,1903122,1906096,536,536,0,0,0,0
1903386,f82d3eac-38f6-a7fe-4355-0101d09874da,64,1897987,1898038,1903345,1907783,5307,5358,51,0,0,0
1903926,a7bbb1f4-d82d-0fb2-1708-94807309ded8,64,1902819,1902869,1903926,1917196,1057,1107,50,0,0,0
1904310,0dfd2ff1-aa36-2ff2-a4d9-a89aaace23bb,64,1898928,1898967,1904310,1910469,5343,5382,39,0,0,0
1904370,bfa09fcd-5a2b-321f-c1bb-d9b3aa2ed3fe,64,1898878,1898907,1904330,1915919,5423,5452,29,0,0,0
1904430,0a0a9677-e2df-1421-27c4-8675a4daafd7,64,1903381,1903386,1904426,1912360,1040,1045,5,0,0,0
1905343,f4b20740-d709-3580-6ef4-a5b8b399c774,64,1898109,1898158,1905343,1914317,7185,7234,49,0,0,0
1905545,328374d5-e208-deed-e58a-8d94bc0889d3,32,1898833,1900379,1905545,1920216,5166,6712,1546,0,0,0
1905605,1b8073ec-bcd4-5438-0212-8a03a5b31b8f,64,1905087,1905098,1905596,1906534,498,509,11,0,0,0
1905665,15f0f502-b696-066d-0e4b-191b37ef0434,64,1899001,1900319,1905644,1918621,5325,6643,1318,0,0,0
1906099,f956cf1d-8fd7-a1b7-b6f5-64e2141f63a0,64,1898863,1898907,1906099,1915072,7192,7236,44,0,0,0
1906159,fa823ae2-bf0a-4b33-3642-6796fdbb7edb,64,1903326,1903326,1906155,1915942,2829,2829,0,0,0,0
1906219,8566ff27-65be-77a8-f1be-cae129cf3ed7,64,1902751,1902809,1906193,1915307,3384,3442,58,0,0,0
1906353,4b4c686f-7bd6-d05f-9cca-e2343d6375fe,64,1895573,1895573,1906299,1910557,10726,10726,0,0,0,0
1906430,ba7a32fe-30d8-8dfb-b1bd-9d3f918c2b6d,32,1898821,1900531,1906430,1921036,5899,7609,1710,0,0,0
1906490,f21acbf4-5229-3020-6e7e-804e4df1bb50,64,1906101,1906159,1906443,1907532,284,342,58,0,0,0
1906490,b7a40495-e7d5-05eb-e489-7370cd27d5c8,64,1888905,1888911,1906483,1908205,17572,17578,6,0,0,0
1906550,388e3ed5-05d1-337e-7633-01158d926dde,64,1898796,1901721,1906542,1922462,4821,7746,2925,0,0,0
1906860,bce76484-ca16-5938-0cd8-7ec248366809,64,1906102,1906159,1906860,1907686,701,758,57,0,0,0
1906920,ff894dac-b5f1-3bf6-6cd0-ce5a23850112,64,1898518,1901661,1906877,1922182,5216,8359,3143,0,0,0
1907362,0a7ec68d-bbb1-3b8a-ed53-a9df576abd57,64,1903029,1903064,1907362,1912973,4298,4333,35,0,0,0
1907429,86886de0-1d80-b279-bebc-b21ef97ab164,64,1904530,1904586,1907429,1915217,2843,2899,56,0,0,0
1908037,6c853d03-0a4c-8007-14f6-80e36e3b5ec6,32,1904578,1904586,1908037,1914936,3451,3459,8,0,0,0
1908164,f8a659ce-62a6-ef50-92d5-0d8e8f3cff37,64,1898352,1898352,1908164,1922039,9812,9812,0,0,0,0
1908224,2259a9d1-53a3-fcac-28c9-1fb9c7143f1f,64,1907931,1907931,1908195,1909705,264,264,0,0,0,0
1908284,f7384aed-d057-810f-ec72-456ff7450741,64,1902825,1902869,1908268,1919915,5399,5443,44,0,0,0
1908513,16f0ace3-c3af-0ec2-fda9-b191422676ca,64,1896001,1896001,1908513,1921051,12512,12512,0,0,0,0
1908776,192bb137-f55b-9cfc-b99e-c3688ba2f2bc,64,1902749,1902749,1908776,1915367,6027,6027,0,0,0,0
1908836,098aa4c3-c20d-3334-0de3-b6b89c4de337,64,1908620,1908636,1908810,1909660,174,190,16,0,0,0
1908836,9fd9b973-afb2-ca69-adf2-d8f5aadae3b3,64,1898094,1898098,1908833,1914053,10735,10739,4,0,0,0
1909016,0966d62e-0cb1-2acb-e821-3c4d8166f8a1,64,1906562,1907362,1908997,1923234,1635,2435,800,0,0,0
1909136,b583d8f2-5304-0ea6-415d-825c86bc2e6e,32,1908576,1908576,1909109,1910283,533,533,0,0,0,0
1909136,3ecc0459-0156-3ddb-029b-dcb10377376f,64,1908819,1908836,1909136,1911366,300,317,17,0,0,0
1909316,5b92af06-2e57-d7be-8926-4afc25f8e854,64,1903015,1903064,1909310,1917439,6246,6295,49,0,0,0
1909376,47d0e8d5-32d4-145f-73ac-3d2a43c5d87f,64,1908327,1908344,1909348,1910062,1004,1021,17,0,0,0
1909436,5fb8a684-516f-c7b3-cd7b-9c39ab2e5264,64,1904958,1906550,1909384,1922896,2834,4426,1592,0,0,0
1910558,ee88672e-3ab6-5312-02a6-0a88e37cfc3b,64,1908902,1908956,1910558,1921899,1602,1656,54,0,0,0
1910626,9976ce6f-669c-0fe3-5de7-4c3121ac47cc,64,1904553,1904586,1910626,1912876,6040,6073,33,0,0,0
1910730,970d0cf3-3f1d-8ccc-9bea-1c500686e838,64,1909125,1909136,1910730,1922944,1594,1605,11,0,0,0
1910790,4011e037-e4d3-98a1-3d97-4be76b45b878,64,1909124,1909136,1910739,1922771,1603,1615,12,0,0,0
1911714,79436b9a-cda2-43aa-73c7-bda210835d97,64,1898119,1898158,1911714,1922498,13556,13595,39,0,0,0
1912109,5a0a7907-36de-7cb4-5d3e-7480a5052d11,64,1904918,1904918,1912092,1919646,7174,7174,0,0,0,0
1912169,c5c0aedb-5153-def1-8ef5-3ad510a8a061,64,1909346,1909376,1912136,1923128,2760,2790,30,0,0,0
1912229,253aa5f5-9ce1-639e-ab86-3b49eefeaf31,64,1909270,1909316,1912173,1918383,2857,2903,46,0,0,0
1912229,ee149cca-66ee-354c-2e54-f5a793ac6ef9,64,1903082,1904370,1912190,1921319,7820,9108,1288,0,0,0
1912349,cf2555c5-60b3-07c2-4699-bbe0d0622646,64,1904526,1904526,1912291,1920543,7765,7765,0,0,0,0
1912411,6487bd8c-85ab-d5f8-9f81-02f1621a5a0b,64,1908971,1909016,1912411,1921047,3395,3440,45,0,0,0
1912541,1ef94d29-30fc-4da7-3466-7eaf116b9d69,64,1909116,1909136,1912541,1921397,3405,3425,20,0,0,0
1913058,5981f983-41e3-d00a-14f0-e88b9bd65503,64,1912036,1912049,1913058,1914877,1009,1022,13,0,0,0
1913186,5fdb023a-ed57-3394-b2cd-5c78cdce1c72,64,1908892,1908896,1913186,1921401,4290,4294,4,0,0,0
1913376,0cd82ad9-20ff-df5f-25ef-6ccb957e40ec,32,1903043,1908224,1913376,1923601,5152,10333,5181,0,0,0
1913911,cd2c890c-2ce5-b6c5-693d-10179147bd43,64,1909602,1909616,1913911,1922767,4295,4309,14,0,0,0
1913980,7f66a49f-d867-4f0b-be03-574989e6720a,64,1902302,1906920,1913980,1923182,7060,11678,4618,0,0,0
1914128,c9e2b034-2e11-a113-44c0-a5b22ae22039,64,1909539,1912411,1914128,1924643,1717,4589,2872,0,0,0
1914188,03501196-149f-1a3f-b8ca-d584e797c10b,64,1912252,1912289,1914160,1923351,1871,1908,37,0,0,0
1914248,0c4635bc-1e48-d33e-125f-502928291ef6,64,1909049,1910790,1914189,1923630,3399,5140,1741,0,0,0
1914579,33519aef-b6da-5bf5-ebba-cfe2e5c64ee1,64,1898979,1907429,1914579,1923588,7150,15600,8450,0,0,0
1914683,b2d72c41-d7f5-1082-3413-52b1dcdc10e1,64,1911861,1911897,1914683,1922855,2786,2822,36,0,0,0
1914764,6db94344-3509-f187-b097-686bc6ecbe47,64,1909972,1911714,1914764,1924226,3050,4792,1742,0,0,0
1915022,57bb42df-7b8f-306a-06ec-5ef8fe5318ed,64,1904588,1908224,1915000,1924456,6776,10412,3636,0,0,0
1915290,8a4c5790-9535-3235-a713-fa9643e4e85d,64,1914767,1914824,1915283,1916721,459,516,57,0,0,0
1915585,498c556f-7d91-fc25-ce88-181c4e177b55,64,1911989,1913980,1915585,1925571,1605,3596,1991,0,0,0
1915885,807fd06e-4e6a-0504-4ca2-0b3605519082,64,1909671,1909676,1915875,1922863,6199,6204,5,0,0,0
1915945,d748b1db-e62d-35d4-4c87-87ec6ee79b66,64,1915479,1915479,1915897,1917230,418,418,0,0,0,0
1916072,c899c832-32a6-d644-c31c-4c92c83e3b21,64,1909142,1914188,1916072,1925798,1884,6930,5046,0,0,0
1916534,e9bb4665-93e6-62a1-7779-e931ee49e18b,64,1908970,1912229,1916534,1924605,4305,7564,3259,0,0,0
1916895,ce549ff3-5440-924c-40c1-90f8c1b16ead,64,1915193,1915230,1916895,1924038,1665,1702,37,0,0,0
1917316,29341f52-f837-6700-cd46-63bf24d3edd7,32,1908960,1913911,1917316,1925119,3405,8356,4951,0,0,0
1917376,c7a81d4e-b66b-986b-ce82-11455be16736,64,1899028,1902293,1917374,1922966,15081,18346,3265,0,0,0
1917967,8a92da0c-63a0-5e7d-5fac-15f81325e2c8,64,1912621,1912661,1917967,1924259,5306,5346,40,0,0,0
1918096,a95a1682-7f6d-c2bd-a8ee-671f9fc262c3,64,1915241,1915290,1918096,1924486,2806,2855,49,0,0,0
1918552,c4b9c81a-8e38-ee72-a8b5-63b5a9fb7e6b,64,1915690,1915705,1918552,1926374,2847,2862,15,0,0,0
1918795,fd3100ad-6a4b-61c2-6496-d225a559efb7,64,1904546,1914579,1918795,1926475,4216,14249,10033,0,0,0
1919045,ea71783b-00d7-2f07-7376-b9f18936d5eb,64,1904984,1908284,1919045,1924789,10761,14061,3300,0,0,0
1919216,f60ffe09-c936-d60a-1cf3-d41f1fc5d62c,64,1911837,1914764,1919216,1927177,4452,7379,2927,0,0,0
1919276,7063ed9d-a55d-0210-a386-aefd7e983182,64,1905256,1913911,1919230,1925558,5319,13974,8655,0,0,0
1919616,c23963a2-dcd9-b37a-2fa6-147f696ae564,64,1916235,1916235,1919616,1924405,3381,3381,0,0,0,0
1919774,3b38cccc-c72f-6bae-29bf-429598d3259a,32,1916358,1916358,1919774,1926562,3416,3416,0,0,0,0
1920026,3c50135f-69df-7853-6ba9-b184bf35103a,64,1909355,1918096,1920026,1927927,1930,10671,8741,0,0,0
1920146,a1eaf8c0-4dfd-2a4c-844c-1f241fc68453,64,1909362,1909376,1920143,1922635,10767,10781,14,0,0,0
1920206,e54e30ae-5226-0417-5215-19eeed6f2ee3,64,1912118,1914128,1920165,1925765,6037,8047,2010,0,0,0
1920392,c0c2de25-cc39-4894-f7b0-f4464a39137a,64,1906293,1914248,1920392,1926427,6144,14099,7955,0,0,0
1921340,65106ef6-d74c-f04e-cda8-a63b795fbd09,64,1915735,1918552,1921340,1927979,2788,5605,2817,0,0,0
1921539,fd546771-d146-2e8d-c4de-73504ef40129,64,1914962,1919616,1921502,1929098,1886,6540,4654,0,0,0
1921670,3a03ce9e-1c91-1142-388d-7439a9e02b64,64,1912809,1920392,1921625,1930514,1233,8816,7583,0,0,0
1921842,af3dc220-1bcd-cf54-6093-c6bcccf954b7,64,1909243,1920146,1921805,1929781,1659,12562,10903,0,0,0
1922095,89e08a33-ae27-df4a-d008-bd744fec1c05,64,1920031,1920206,1922095,1930240,1889,2064,175,0,0,0
1922180,90068c63-25d2-2f90-b0ad-d79f8639b736,64,1907621,1918795,1922180,1928424,3385,14559,11174,0,0,0
1922240,17fd4836-428c-76f3-3bb0-d466c86c0b49,64,1909974,1917967,1922205,1927781,4238,12231,7993,0,0,0
1922649,5b6ab95d-60c3-4b25-95e6-fe492fc5728c,64,1922033,1922033,1922649,1923005,616,616,0,0,0,0
1923289,a002abef-b929-2535-e60a-af3b2fc8a79e,64,1915239,1922240,1923289,1931299,1049,8050,7001,0,0,0
1923349,bc6fad9a-c2db-bb3a-d06f-cbd801ea955d,64,1909330,1919045,1923293,1928450,4248,13963,9715,0,0,0
1923409,db0a59d6-e326-0638-f804-5c8af2770cf7,64,1916397,1917316,1923367,1927491,6051,6970,919,0,0,0
1923469,33a50523-b504-d7ea-83e0-f0b95e22fde0,64,1915601,1917376,1923433,1927744,6057,7832,1775,0,0,0
1923529,eb6eef74-b10c-27ec-d2c9-9dd5fa92cf97,64,1915170,1919276,1923500,1928835,4224,8330,4106,0,0,0
1923589,abf57ec6-f39d-d42d-9af1-1aecb22e19b4,64,1909258,1912541,1923557,1924666,11016,14299,3283,0,0,0
1923649,5c93f31f-f1e7-d5bf-ea66-2a00deac674b,32,1920039,1920206,1923623,1930151,3417,3584,167,0,0,0
1923709,584e8f49-5c31-0fc9-37ea-18205cf68bc5,64,1912253,1922649,1923687,1931355,1038,11434,10396,0,0,0
1924181,07dffb35-58eb-2d02-d7ad-1109a4ca9fcc,64,1912590,1921340,1924181,1930548,2841,11591,8750,0,0,0
1924297,7e2d1c45-0480-00b9-6e6e-4a233750282f,64,1909077,1920026,1924297,1929699,4271,15220,10949,0,0,0
1924548,ce464319-c22c-5eb5-b92d-34586da194e6,64,1909483,1919216,1924548,1928513,5332,15065,9733,0,0,0
1924706,d137f0b8-5368-36c7-3ba2-4bffefd6952a,64,1919930,1921842,1924706,1931244,2864,4776,1912,0,0,0
1924920,6896a666-9456-ae7a-158f-a940c15a5930,64,1909905,1921539,1924920,1930635,3381,15015,11634,0,0,0
1925009,5ab9e98b-214d-9473-28c1-d1cd4035ad28,64,1915827,1922180,1925009,1931262,2829,9182,6353,0,0,0
1925094,1dc2b8ff-cbac-ade2-10c7-35340c4b36f3,32,1909412,1921670,1925094,1931028,3424,15682,12258,0,0,0
1925262,9b90f7aa-f4cb-52b4-e3a1-4e58bb1115d2,64,1908886,1923589,1925248,1932438,1659,16362,14703,0,0,0
1925406,9270fd19-7767-167d-c2e0-0dd698f62c19,64,1909001,1923529,1925406,1932271,1877,16405,14528,0,0,0
1925547,3f9854b1-37d6-5e2f-f286-e2f207e77899,64,1904589,1914683,1925547,1926928,10864,20958,10094,0,0,0
1925948,ad0be54a-4c3a-8daa-bca4-14326a75be19,64,1915712,1924297,1925914,1933616,1617,10202,8585,0,0,0
1926128,a4b39cbf-603d-cb7e-2cb3-8aa09cc83123,64,1915608,1923289,1926124,1931676,2835,10516,7681,0,0,0
1926368,d34c75fc-9ba7-921a-b916-18aa5a61f8f7,64,1909408,1924706,1926321,1933803,1615,16913,15298,0,0,0
1926506,7163c052-707f-7aa2-b926-870f01b8ebf4,64,1915750,1923649,1926458,1932888,2809,10708,7899,0,0,0
1926686,f1276fd4-8d92-f293-8369-fae7a8d0de2d,64,1926564,1926566,1926670,1928339,104,106,2,0,0,0
1926812,c24af672-0124-4d41-c810-634f7d930d5e,64,1909894,1923349,1926757,1931845,3408,16863,13455,0,0,0
1927005,44e75968-f04e-61eb-c266-de6d1bf4bd6b,64,1915734,1925406,1927005,1934565,1599,11271,9672,0,0,0
1927139,cf9c381b-fb27-8a3a-4e6e-0f2333616656,32,1920044,1923709,1927139,1933035,3430,7095,3665,0,0,0
1927353,0389b6b3-ef04-246c-e57c-001c086dc0e4,64,1926249,1926308,1927353,1934709,1045,1104,59,0,0,0
1927459,83ed959d-297f-eae6-aed0-75e1da33bbbd,64,1915806,1916072,1927459,1927254,11387,11653,266,0,0,0
1927695,fdc706a7-bff3-1bbf-d5c5-124ac2161d8b,32,1909850,1924297,1927695,1933550,3398,17845,14447,0,0,0
1927755,44953a6e-7a8f-67b7-815c-f3c77ffe746f,64,1909848,1923409,1927699,1931941,4290,17851,13561,0,0,0
1928643,16951215-d93a-148c-1f0a-f1175ee3ac2e,64,1925202,1925262,1928643,1934441,3381,3441,60,0,0,0
1928753,30715597-8703-3d11-2435-40e2ee21410d,64,1915267,1927695,1928753,1936358,1058,13486,12428,0,0,0
1929343,0aa2564b-9108-c99f-88ef-e83c95582a9a,64,1915392,1927459,1929343,1936119,1884,13951,12067,0,0,0
1929694,e87f9552-b14c-8403-4702-e86c22079891,64,1915749,1923469,1929694,1932071,6225,13945,7720,0,0,0
1930016,3852136f-b1bb-d2b6-d461-f023c9e1974f,64,1925708,1926128,1930016,1935772,3888,4308,420,0,0,0
1930076,15e42ebf-44b0-01e9-8ca5-f42c512a47c0,64,1926574,1926686,1930065,1934962,3379,3491,112,0,0,0
1930146,6270bf08-f840-8adf-f139-68809a170980,64,1912291,1927353,1930146,1935932,2793,17855,15062,0,0,0
1930206,89afcbbd-1369-06a7-606e-ad474314d0a3,32,1926209,1926506,1930173,1935199,3667,3964,297,0,0,0
1930963,d9c25b29-43eb-2ba8-452c-aa4549e343c2,64,1915030,1924920,1930963,1933835,6043,15933,9890,0,0,0
1931023,f1f008a6-7bb1-81a4-bfca-0c6001fc79e4,64,1926232,1929343,1930964,1937205,1621,4732,3111,0,0,0
1931200,72ec9870-6885-31df-6b37-129b5c62b7dc,64,1920604,1930076,1931200,1937900,1124,10596,9472,0,0,0
1931260,3f4eab43-5dd6-0e85-d8a4-0bc2f3e98abd,64,1912289,1925009,1931213,1934057,6204,18924,12720,0,0,0
1931387,371a9644-8009-864a-0e02-37deaa0c347a,64,1926318,1929694,1931387,1937386,1693,5069,3376,0,0,0
1931482,eaf13ee0-d436-fd25-8a41-ea9aad49058d,64,1912792,1928643,1931482,1936870,2839,18690,15851,0,0,0
1931776,d23800c0-a445-f1b2-d0ff-85a3012c8849,64,1921610,1924548,1931725,1933751,7177,10115,2938,0,0,0
1931776,4ff722e4-df74-81d3-b26a-c1e5363d1c12,64,1925597,1925607,1931774,1934269,6167,6177,10,0,0,0
1931874,888f02cb-6433-2e4d-e5ef-b61d7794cee1,64,1930836,1930836,1931874,1931846,1038,1038,0,0,0,0
1931936,d706b075-6794-fc1c-8285-51d84ed70721,64,1930848,1930896,1931936,1933933,1040,1088,48,0,0,0
1932197,6178697c-5b4a-0267-5eca-e4f3ad1a2cf4,64,1922187,1925547,1932173,1934921,6626,9986,3360,0,0,0
1932423,7ca8e1ae-1f4a-482f-3297-03c45880ac39,64,1926202,1926248,1932403,1934961,6155,6201,46,0,0,0
1933293,0cc22b71-815c-9e6d-996f-665079283410,64,1932661,1932709,1933293,1934524,584,632,48,0,0,0
1933414,1196a533-356e-5e35-82a8-9acd2cb98b12,64,1925931,1930016,1933414,1937696,3398,7483,4085,0,0,0
1933534,a5fd843a-5a95-a72c-485a-801c5df50956,64,1920586,1931936,1933534,1939293,1598,12948,11350,0,0,0
1934200,5489d829-b112-d8e6-0a3d-269b9ecd43d9,64,1926249,1931387,1934200,1938183,2813,7951,5138,0,0,0
1934328,6fb59694-fd84-3f31-fee5-420f2ae67661,64,1925955,1931482,1934328,1938285,2846,8373,5527,0,0,0
1934566,b30a2398-13a3-169c-8621-d4c44c161e80,64,1925828,1931776,1934566,1938813,2790,8738,5948,0,0,0
1934838,5887f01d-3165-613c-4aa9-58f744c138fc,64,1915179,1927755,1934838,1936532,7083,19659,12576,0,0,0
1934898,2fbc425c-6515-e634-7444-58e6b0dd6af0,64,1916278,1924181,1934880,1933458,10699,18602,7903,0,0,0
1934898,2e64310b-342b-5c16-94f4-42be01825907,64,1915789,1928753,1934891,1936876,6138,19102,12964,0,0,0
1935499,afafb0f6-c5ac-c4ab-40f3-7664343c8558,64,1921479,1931200,1935499,1938136,4299,14020,9721,0,0,0
1935597,d6dd317d-de6a-3006-7813-349426401085,64,1920040,1932197,1935597,1939384,3400,15557,12157,0,0,0
1935805,012f37cb-843e-09db-f092-70aa20e4e7ba,64,1926788,1932423,1935805,1939919,3382,9017,5635,0,0,0
1936166,0513ab75-949c-0ad8-9f5e-80f87fa1821a,64,1926150,1934566,1936166,1941386,1600,10016,8416,0,0,0
1936226,eb2387b3-6606-7857-fd85-1d4010d7115a,64,1920057,1931874,1936172,1938980,4298,16115,11817,0,0,0
1936226,f4866bdf-5ab0-dcb5-9157-4d56b8d747e9,64,1925750,1934328,1936211,1941372,1883,10461,8578,0,0,0
1936497,a6500cc0-49be-a8c6-506c-2667a0e7c688,64,1921800,1934838,1936497,1941717,1659,14697,13038,0,0,0
1936557,c7e8501b-3833-d556-8480-bb0e656c078e,64,1921895,1934898,1936503,1941924,1605,14608,13003,0,0,0
1937207,933c9506-6881-8404-37ab-e872c6238dc1,64,1926294,1935597,1937207,1942451,1610,10913,9303,0,0,0
1937504,5aa7d71d-df3b-c650-5d95-89ed1bcad7bf,64,1926824,1935805,1937504,1942655,1699,10680,8981,0,0,0
1937648,e8e484e2-1683-4a41-2e6b-9efef8d47fee,64,1926175,1927005,1937648,1935829,10643,11473,830,0,0,0
1937711,39efa441-871d-b24f-d80b-fdaf4f447340,64,1932303,1934898,1937711,1942116,2813,5408,2595,0,0,0
1937811,61c81691-f1b0-2af3-38f3-86f9be89093b,64,1916416,1931776,1937811,1938632,6035,21395,15360,0,0,0
1937871,8363959f-43ed-7f83-c47c-907b3bfba8d0,64,1932121,1936226,1937838,1943563,1612,5717,4105,0,0,0
1937931,c185f8b9-240b-9122-0ca4-8d231eb79d40,64,1937016,1937016,1937906,1940804,890,890,0,0,0,0
1938135,a9a69260-b7b4-b43d-c557-1cf1b75adcc3,64,1921529,1936226,1938135,1943625,1909,16606,14697,0,0,0
1938480,53ff7b3a-feba-96bc-f0a0-0addc84b12a1,64,1915781,1931260,1938480,1938164,7220,22699,15479,0,0,0
1938911,f9b2347d-7991-cc29-3052-24fd7e8f2c10,32,1921782,1935499,1938911,1942409,3412,17129,13717,0,0,0
1938994,89433bbf-4c7a-910e-fec3-9aa7cc21bd61,64,1926004,1936166,1938994,1943317,2828,12990,10162,0,0,0
1939889,53a87605-23aa-7c06-55f0-790bca4c5a1c,64,1926219,1936497,1939889,1943773,3392,13670,10278,0,0,0
1940164,5b07f592-ed72-8fff-36db-239a5ef9c1aa,32,1925834,1936557,1940164,1943831,3607,14330,10723,0,0,0
1940224,58423b14-e44f-8281-6130-1e66a55c7b28,64,1932100,1938994,1940220,1945730,1226,8120,6894,0,0,0
1940332,3c20eb58-c635-e203-a955-58e102569ef1,64,1926446,1937504,1940332,1943956,2828,13886,11058,0,0,0
1940392,0420bb58-1f8b-f3ac-f038-60b7b5598491,64,1926155,1934200,1940388,1941034,6188,14233,8045,0,0,0
1940553,58d6020f-e807-491e-132d-e24ba196f9bd,64,1926263,1937711,1940553,1944190,2842,14290,11448,0,0,0
1940985,26e8b85f-45f3-1923-c0bb-6879234f0c17,64,1915807,1930146,1940985,1938030,10839,25178,14339,0,0,0
1941486,15a4ebd3-01cf-341f-9a77-e277477302f6,64,1925597,1939889,1941486,1946133,1597,15889,14292,0,0,0
1941885,7a557446-6914-28b5-d572-039888c58939,64,1932325,1938480,1941885,1945260,3405,9560,6155,0,0,0
1942226,1a6a4b18-b5c9-8a8b-e7a3-7eee41251820,64,1920581,1937931,1942226,1944751,4295,21645,17350,0,0,0
1942637,ed322b44-48c6-d1ee-cdbd-b7ece0fac360,64,1926599,1935499,1942637,1942425,7138,16038,8900,0,0,0
1942930,dbecbd63-d385-d77e-6aa8-260eb21104a6,64,1932078,1941885,1942930,1948073,1045,10852,9807,0,0,0
1942990,79e5a936-0e16-9d94-66ce-2dc6f27c2cd7,64,1925911,1937648,1942972,1944083,5324,17061,11737,0,0,0
1943151,0a6feb23-3bd0-1f24-48f5-5a5d062de5b7,64,1933651,1941486,1943151,1947503,1665,9500,7835,0,0,0
1943599,f26c8807-7120-85ef-b40b-b8c89593ee72,64,1943496,1943496,1943599,1944824,103,103,0,0,0,0
1943682,92c2144f-91a9-78fa-4126-f67bdd4f05d9,64,1943050,1943050,1943682,1943940,632,632,0,0,0,0
1943833,3d66e5f1-c03c-447e-075f-2028d1495beb,64,1936194,1940392,1943809,1946877,3417,7615,4198,0,0,0
1943996,9f206fea-9eda-c1cf-8b33-76e34fe10c7c,64,1926752,1937811,1943996,1944443,6185,17244,11059,0,0,0
1944064,3e806c07-c8d5-f389-ebfc-04d0d0b6be30,64,1943773,1943773,1944064,1946916,291,291,0,0,0,0
1944124,27c16ae4-fc1e-9f2b-9cbd-cc364a4c425a,64,1926604,1937871,1944081,1944608,6210,17477,11267,0,0,0
1944124,af10563a-c1e1-dcf7-88a5-e2dfc1e2499d,64,1925908,1933414,1944097,1939985,10683,18189,7506,0,0,0
1944190,fe96fcf7-5dc0-7189-ab15-5899463fe00f,64,1925938,1938135,1944190,1945191,6055,18252,12197,0,0,0
1944278,88ebce52-564d-c773-c407-f89ee8fa455c,64,1920073,1933534,1944278,1940450,10744,24205,13461,0,0,0
1944756,ad5bc7ce-39b9-ce2d-8ad7-7a1a85af8af7,64,1944583,1944583,1944729,1945679,146,146,0,0,0,0
1944816,46d81e74-5d14-8798-ecae-2c84643ade4d,64,1925851,1942990,1944796,1949027,1806,18945,17139,0,0,0
1945466,514ee8ed-aa78-ef71-a9a2-5417778bd697,64,1925207,1942637,1945466,1948353,2829,20259,17430,0,0,0
1945766,1e12d13a-b27c-a09c-3ddf-6cb2bcfe84ae,64,1925811,1942930,1945725,1948632,2795,19914,17119,0,0,0
1945826,3d1298d5-d574-8e7a-d166-15faa43d92cd,64,1933078,1944124,1945800,1951542,1676,12722,11046,0,0,0
1946079,886c3e7e-0ec5-d5fb-2b0e-e485930f51bc,64,1921889,1938911,1946079,1945672,7168,24190,17022,0,0,0
1946532,2bddce7a-4c47-dac4-ba76-80aa91b630ea,64,1937399,1940332,1946532,1946855,6200,9133,2933,0,0,0
1946592,4fe5ef38-1566-24d0-c2b7-052d0ebc8bb1,64,1924842,1940553,1946577,1946955,6024,21735,15711,0,0,0
1946592,e69cf8bc-bf4a-d232-c982-bbb5de6898ee,64,1934057,1943682,1946582,1949300,2900,12525,9625,0,0,0
1946797,4a94a08c-6963-b0fc-4c54-5af124ce2728,64,1931666,1943996,1946797,1949452,2801,15131,12330,0,0,0
1946997,d79df76c-0e6f-8853-7a9d-9776e989f490,64,1932324,1944190,1946997,1952103,2807,14673,11866,0,0,0
1947057,d56b191e-b774-4913-2b1e-d5a824f6da6c,64,1932441,1945466,1947054,1952579,1588,14613,13025,0,0,0
1947396,72e710a3-d000-1359-568a-0ed58f633556,64,1926667,1940224,1947396,1946807,7172,20729,13557,0,0,0
1947558,9a5570b9-4e5e-51a1-aa93-05a89235ae56,64,1926046,1942226,1947558,1948266,5332,21512,16180,0,0,0
1947621,5eec38ad-48aa-8fc9-1e7e-7a4cb9ecf605,64,1932360,1944816,1947621,1952254,2805,15261,12456,0,0,0
1947741,a29d3d43-ad1e-b7b8-60dd-b091a5073ae7,64,1932649,1945826,1947708,1952971,1882,15059,13177,0,0,0
1948203,c256fe28-2dff-66f4-281c-0ac53e9d77d8,64,1932934,1946592,1948195,1953127,1603,15261,13658,0,0,0
1948869,49c4af89-9808-2753-b837-9e154d71356a,64,1948615,1948615,1948869,1952002,254,254,0,0,0,0
1949244,dff30dcf-c9ce-ddb1-d42f-027e77fa04cc,64,1948641,1948675,1949244,1950597,569,603,34,0,0,0
1949466,bc852b37-9005-2a31-1fca-4f203eed8d85,64,1931693,1946079,1949466,1953017,3387,17773,14386,0,0,0
1950198,4ad8fce9-72ea-85bf-4f6a-d99184318ec8,64,1931656,1947396,1950198,1954123,2802,18542,15740,0,0,0
1950483,ccaeb0dd-b053-38d6-0f20-dfb4ab05d346,64,1933087,1947621,1950483,1955019,2862,17396,14534,0,0,0
1950543,d422c2c6-f3c0-25a6-3470-1364103365a7,64,1937024,1949466,1950510,1955749,1044,13486,12442,0,0,0
1950772,23286849-9adc-4385-1166-cf325cc1ccb6,64,1945041,1947741,1950772,1955102,3031,5731,2700,0,0,0
1951268,35fa8b9b-cef8-8de7-ef5c-2e37b647daf3,64,1932077,1944124,1951268,1950273,7144,19191,12047,0,0,0
1951523,00507c19-619a-db7f-121b-c5cad4aa0469,64,1936192,1950483,1951523,1956087,1040,15331,14291,0,0,0
1951750,519ed1d1-0e5e-0a62-478a-2f2dc6d8ed88,64,1932110,1940985,1951750,1947474,10765,19640,8875,0,0,0
1951867,8a63474a-9b24-74f8-28a3-74a1b1f2cc00,64,1932483,1946532,1951867,1953063,5335,19384,14049,0,0,0
1951972,9b70680d-86f1-f505-81eb-baec064ec0ab,64,1931243,1945766,1951972,1952814,6206,20729,14523,0,0,0
1952333,878c1527-35cd-8dde-57e2-bbe6d54f0631,64,1934491,1946997,1952333,1953473,5336,17842,12506,0,0,0
1952393,f4f6c034-2085-9c6f-fc07-cd8a424bd2f4,64,1933071,1950772,1952374,1956216,1602,19303,17701,0,0,0
1952782,a7543448-3d05-f514-b16b-a41aba909da9,64,1934045,1946592,1952782,1953092,6190,18737,12547,0,0,0
1953057,eefb15fa-e0d6-6323-a7e2-beee337a93c1,64,1945710,1950198,1953057,1956085,2859,7347,4488,0,0,0
1953261,aeafb2a0-c9d3-bd85-b20b-89a39c86ef65,64,1930870,1947057,1953261,1953850,6204,22391,16187,0,0,0
1953394,312b2eb4-5a45-e3c4-a911-8d93520b5609,64,1944696,1950543,1953394,1956198,2851,8698,5847,0,0,0
1953723,bf090957-038c-8b55-a6ed-0770d5b2128b,64,1931221,1947558,1953723,1954200,6165,22502,16337,0,0,0
1954167,e6fdcd12-0ec8-6cf3-12df-b6ff878a87cf,64,1946196,1948203,1954167,1955694,5964,7971,2007,0,0,0
1954656,44d4ff82-9ff6-fdcd-a4cf-b00ac4365e8f,64,1936197,1953057,1954656,1958400,1599,18459,16860,0,0,0
1954716,e4ba3252-d94d-b90a-96a1-8ea75ad6c615,64,1946202,1951867,1954713,1957508,2846,8511,5665,0,0,0
1954795,ffb17d97-0445-2981-54fd-6c69433dc6ad,64,1926232,1944064,1954795,1949564,10731,28563,17832,0,0,0
1955126,6f07ffa6-e9ee-a2ec-87c0-f2606fb36b17,64,1936930,1944278,1955126,1952218,10848,18196,7348,0,0,0
1955186,01d0e2f9-5b7d-8b6e-7a11-f78e5921e000,64,1945027,1953261,1955138,1958532,1877,10111,8234,0,0,0
1955376,7ddd8a11-6554-4969-a8f7-775b2fb680b1,64,1937058,1951972,1955376,1957597,3404,18318,14914,0,0,0
1955617,c54704d0-44dd-2a17-832f-c469b3b2dad7,64,1948343,1952782,1955617,1958177,2835,7274,4439,0,0,0
1956243,fba3273c-d660-88a4-d0ab-ba83551cca64,64,1945700,1953394,1956243,1958600,2849,10543,7694,0,0,0
1956303,5f13de15-2263-d858-fc05-428768996e46,64,1949066,1955186,1956268,1961207,1082,7202,6120,0,0,0
1956613,6363ddec-6730-a0f9-5482-e1b4852de42c,64,1947685,1951268,1956613,1956399,5345,8928,3583,0,0,0
1957016,c701a4ad-5746-8efa-9231-8a1e9131a6ea,64,1945011,1955126,1957016,1961144,1890,12005,10115,0,0,0
1957479,042248b6-f4ac-5fd7-fdaf-b353c148d9e4,64,1931263,1946797,1957479,1953153,10682,26216,15534,0,0,0
1957597,d9f5f214-c18f-a4e5-894a-55881aa4007f,64,1946587,1954795,1957597,1960929,2802,11010,8208,0,0,0
1958097,1cd3c89b-a323-e626-486d-8d324cb5c031,32,1945724,1954656,1958097,1960217,3441,12373,8932,0,0,0
1958499,5580d13e-2186-5a54-bccc-18e54f39335e,64,1945654,1956613,1958499,1963051,1886,12845,10959,0,0,0
1958739,f5734ba2-6183-00c8-cf98-a147338f6fa2,64,1948192,1951523,1958739,1956687,7216,10547,3331,0,0,0
1959003,9cdad1c4-9dd1-2508-d78d-1d8bffec01a6,64,1946628,1951750,1959003,1957092,7253,12375,5122,0,0,0
1959070,583328ad-74d1-902b-5895-1ac5f916ec30,64,1945683,1953723,1959070,1959239,5347,13387,8040,0,0,0
1959514,21aa6694-eed0-ff87-279b-eb3e049d2c1b,64,1945646,1952333,1959514,1957656,7181,13868,6687,0,0,0
1959707,d99237a8-1104-57fa-25b0-9ecc91b384df,32,1948235,1956303,1959707,1962305,3404,11472,8068,0,0,0
1960054,64618ab5-0b6d-a442-1540-a109a644d4d4,64,1948190,1954716,1960054,1960822,5338,11864,6526,0,0,0
1960353,9b812436-0e23-887f-c14e-bebf8d4626fa,64,1948363,1957479,1960353,1963221,2874,11990,9116,0,0,0
1960413,6ca83405-7d68-98d5-b856-ea2ca94b4754,64,1944426,1957597,1960392,1963757,2795,15966,13171,0,0,0
1960413,d770f4e2-1294-f3b5-da60-9eee6a563d25,64,1948269,1958499,1960412,1964613,1913,12143,10230,0,0,0
1960641,e17d8a4d-7773-fddc-a85b-dfd8e7a95427,64,1947648,1958739,1960641,1964703,1902,12993,11091,0,0,0
1960928,7d551623-1328-edf8-889a-dc0d3d8134f4,64,1948347,1955617,1960928,1961767,5311,12581,7270,0,0,0
1960988,12990f95-d7fc-5bb9-1fd9-c8f0e475feb0,64,1944990,1958097,1960961,1963764,2864,15971,13107,0,0,0
1961048,3bd362d2-ebb6-c9b2-dfd6-cac6984acd9f,64,1946219,1959070,1960995,1965491,1925,14776,12851,0,0,0
1961310,a21da5d7-70a8-4160-26a6-c15dba04cdc7,64,1948249,1957016,1961310,1963163,4294,13061,8767,0,0,0
1961665,b0718388-f22b-930f-f32e-ab19ab23cf42,64,1948366,1960054,1961665,1965650,1611,13299,11688,0,0,0
1961831,c98cd085-ba9d-13be-5ce4-68e725e6bb52,64,1949082,1954656,1961831,1960737,7175,12749,5574,0,0,0
1961968,dfc66625-1dfb-a3f1-4937-f5a7322373de,64,1945727,1960928,1961968,1966881,1040,16241,15201,0,0,0
1962075,6a8eca50-61d1-2940-d8b4-15b35d5dc798,64,1948229,1960413,1962075,1966511,1662,13846,12184,0,0,0
1962341,273cdb44-bc8e-d5c4-c79f-50678278f424,64,1948295,1956243,1962341,1962056,6098,14046,7948,0,0,0
1962429,1cb8d52e-b378-68bd-e0e8-821d430dd383,32,1948183,1959003,1962429,1964795,3426,14246,10820,0,0,0
1962509,afafe89e-e6a2-06ce-36d1-c09de40018c0,32,1946619,1959070,1962509,1965478,3439,15890,12451,0,0,0
1962589,bfddf0bd-ae2c-ec74-505c-cb2d21ca531a,64,1948300,1955376,1962589,1961427,7213,14289,7076,0,0,0
1963100,59214008-5888-d130-acbc-55b6bbb30571,64,1948229,1952393,1963100,1958150,10707,14871,4164,0,0,0
1963352,3e97c2e6-6822-b4ae-7a09-33b9244c1a71,64,1948290,1961665,1963352,1968061,1687,15062,13375,0,0,0
1963460,a5e2ada2-ae8c-e974-dfe4-08acb9fcb6f2,64,1948363,1960641,1963460,1966609,2819,15097,12278,0,0,0
1963864,cdb44b74-f6c9-0e13-e914-36344c7aca49,64,1949067,1961048,1963864,1967294,2816,14797,11981,0,0,0
1964658,5abd93ff-ff3d-bc9b-9a9a-d4025a703ac0,64,1945657,1960353,1964658,1965830,4305,19001,14696,0,0,0
1964741,9f6eeea3-f106-0680-1d18-7ca4db4dada1,64,1948458,1961968,1964741,1968378,2773,16283,13510,0,0,0
1964915,0da4527e-f673-4990-b05f-a292cc00c069,64,1948453,1954167,1964915,1959893,10748,16462,5714,0,0,0
1965006,536da4ed-5bd9-8b24-3bc2-d31d1a6515e2,64,1948425,1963100,1965006,1969883,1906,16581,14675,0,0,0
1965247,8a1e39f7-d355-1b54-81b5-86aadadcc6fe,64,1948961,1963352,1965247,1969892,1895,16286,14391,0,0,0
1965722,dd02bda7-4c03-709f-d04e-70e905f7b741,64,1948347,1959514,1965722,1965641,6208,17375,11167,0,0,0
1965782,7eb43c53-1bde-6292-9a2f-0a098129e4aa,32,1948390,1962341,1965782,1969064,3441,17392,13951,0,0,0
1966107,0a5afc12-06a8-aae9-cdca-b89a6bb38b04,64,1948273,1965006,1966107,1971189,1101,17834,16733,0,0,0
1966167,94d7f6a9-afb1-bee6-6ccd-6434b614b705,64,1948406,1961831,1966143,1968337,4312,17737,13425,0,0,0
1966548,13881595-1f3c-9dfa-3924-57e0e9d9e013,64,1948370,1964658,1966548,1970431,1890,18178,16288,0,0,0
1966608,a6708750-71bf-56e2-3b5f-a292ffb50649,64,1948463,1960413,1966603,1966066,6190,18140,11950,0,0,0
1966668,db40d87d-474a-2d1c-6c75-c3c90feace54,64,1948172,1962341,1966614,1969183,4273,18442,14169,0,0,0
1966668,a462196c-30fc-07f3-039f-007c5bba6aea,64,1948254,1964741,1966640,1970625,1899,18386,16487,0,0,0
1966958,e47abc55-ac5a-e280-beb4-3baebe92e241,64,1949103,1965247,1966958,1971287,1711,17855,16144,0,0,0
1967077,3f95af25-b264-a457-bc19-3c766a525b02,64,1948278,1960988,1967077,1967135,6089,18799,12710,0,0,0
1967491,4c4b9b66-0a57-86a2-49b3-f2de7d1572d1,64,1946658,1961310,1967491,1967758,6181,20833,14652,0,0,0
1968050,4c19de26-d551-94b2-03dc-a6c2e600e7ff,64,1948441,1966167,1968050,1971790,1883,19609,17726,0,0,0
1968110,240b569f-e6b3-6b83-1193-91f2443725c6,64,1948413,1962075,1968109,1968765,6034,19696,13662,0,0,0
1968753,b4c47c8b-14f2-5035-6368-02373e5ac415,64,1945648,1962589,1968753,1969477,6164,23105,16941,0,0,0
1968975,2c2aecf6-d490-d63d-fa51-0841573f60ff,64,1948395,1967077,1968975,1972649,1898,20580,18682,0,0,0
1969117,5c7294c8-9383-c0b9-a811-fac21e336c47,64,1948165,1965722,1969117,1971519,3395,20952,17557,0,0,0
1969525,9a0e410d-05ef-8b3f-8332-e662772636a7,64,1948323,1963460,1969525,1970030,6065,21202,15137,0,0,0
1969703,690417f4-e18c-2bf1-0e7b-fff893f1496a,64,1949007,1962509,1969703,1969381,7194,20696,13502,0,0,0
1969932,ced29a67-cff7-a60d-91e9-444523e6dccf,64,1948949,1963864,1969932,1970402,6068,20983,14915,0,0,0
1969992,e05f3a47-a817-e5b6-7dfb-67bbee6369c6,64,1947677,1966548,1969945,1972036,3397,22268,18871,0,0,0
1970309,68f2a463-847b-e57c-d61b-d2da686a1117,64,1948342,1964915,1970309,1971062,5394,21967,16573,0,0,0
1970369,4e7c5ea3-9989-794b-1924-24ce4c9544e4,64,1948349,1966958,1970358,1972490,3400,22009,18609,0,0,0
1972187,13baaa5a-29e4-18f1-24ba-535ad800e305,64,1947706,1966107,1972187,1971539,6080,24481,18401,0,0,0
1972821,73127d77-8b33-3091-d4f1-ab838e79849d,64,1948143,1966608,1972821,1972200,6213,24678,18465,0,0,0
1972881,67d2f674-0359-c6cb-407c-86a7e91e5870,64,1948166,1966668,1972867,1972394,6199,24701,18502,0,0,0
1973894,e30b4625-b33a-a39a-5a75-e2b2e48a9934,64,1948274,1966668,1973894,1972283,7226,25620,18394,0,0,0
1984105,c0a6a6e8-0acd-b9df-3b11-6d22d30d8289,64,1982446,1982489,1984105,1994915,1616,1659,43,0,0,0
1984225,24fc4070-3ff2-5488-bd06-6618dd7351d7,64,1982297,1982309,1984192,1994117,1883,1895,12,0,0,0
1984316,db459d3a-04c0-45e9-1ded-8faaf62f5c86,64,1982198,1982249,1984316,1996325,2067,2118,51,0,0,0
1984737,1913c21e-7544-0f78-6862-a599c00d6df5,64,1982810,1982849,1984737,1993171,1888,1927,39,0,0,0
1984797,f7eb9432-12de-1769-2daf-03e7b9e4c95c,64,1981844,1981879,1984770,1993106,2891,2926,35,0,0,0
1984857,96ff7472-3236-ce82-3d45-4ac801afb605,64,1983754,1983763,1984814,1994472,1051,1060,9,0,0,0
1984917,0ee329cd-10cb-6f48-9e13-26b84343c8aa,64,1983241,1983250,1984881,1996312,1631,1640,9,0,0,0
1985047,cdae7702-851f-23f3-25b7-cad8f2437b79,64,1983399,1983441,1985047,1992317,1606,1648,42,0,0,0
1985340,5cacd53a-6eed-9571-6453-b2b8e22a329c,64,1982806,1982849,1985340,1996966,2491,2534,43,0,0,0
1986124,3b6761e6-0f2f-0f9d-8830-3bd33d30b30d,32,1982613,1982669,1986124,1993280,3455,3511,56,0,0,0
1986218,226286cd-9afe-da74-a98f-eefac394f610,64,1982743,1982789,1986218,1995572,3429,3475,46,0,0,0
1986320,a6cb4a40-12d6-3b30-d42a-57017b876fbd,64,1982887,1982909,1986320,1994083,3411,3433,22,0,0,0
1986503,800e1227-8de7-db1a-84e6-a5f3bdc863ca,64,1982139,1982189,1986503,1996243,4314,4364,50,0,0,0
1986736,cc1db4b2-6789-1da8-100d-b3ec3cef2f97,64,1982387,1982429,1986736,1995028,4307,4349,42,0,0,0
1987011,0d27630a-c583-c018-2ebc-d86afa85c12a,64,1982668,1982669,1987011,1992368,4342,4343,1,0,0,0
1987234,566a446f-66db-67c6-ccdb-08d6941f6db4,64,1983190,1985340,1987234,1997523,1894,4044,2150,0,0,0
1987504,397da512-dc2c-e16a-44b0-1d9955cdde05,64,1982129,1982129,1987504,1992880,5375,5375,0,0,0,0
1987637,ba27c1a8-fdee-e940-d35d-1a0f713cbefd,64,1984542,1984797,1987637,1997296,2840,3095,255,0,0,0
1987697,b3341d9d-256e-8822-4676-7262cb587d6e,64,1982582,1982609,1987667,1998226,5058,5085,27,0,0,0
1987788,a28b4260-ff3a-22d1-6f3a-ba5ddef94987,32,1984375,1984376,1987788,1994986,3412,3413,1,0,0,0
1987848,9074330d-67cf-0e56-888d-90fa89e0d4de,64,1982383,1982429,1987807,1997356,5378,5424,46,0,0,0
1987908,af1408a1-3382-9ad3-292e-ca53095a7dda,64,1982028,1982054,1987900,1997328,5846,5872,26,0,0,0
1988293,d8845eee-70c7-8b85-946e-574ca5fe7581,64,1982673,1982729,1988293,1997510,5564,5620,56,0,0,0
1988353,df2d5065-ee4a-40eb-e42d-d614f64b2685,64,1982955,1982969,1988339,1993432,5370,5384,14,0,0,0
1988649,986dcba7-adec-12e5-a478-bdc20b77147a,64,1983208,1983250,1988649,1991998,5399,5441,42,0,0,0
