time,job_id,num_gpu,submit_time,start_time,end_time,ddl,executed_time,JCT,pending_time,preempt,promote,best_effort_job
267509,4,1,256418,256418,267509,272884,11091,11091,0,0,0,0
268260,5,1,256458,256478,268260,269135,11782,11802,20,0,0,0
270093,7,1,258863,258863,270093,265982,11230,11230,0,0,0,0
270287,8,1,258886,258923,270287,270991,11364,11401,37,0,0,0
270779,12,1,259609,259645,270779,273980,11134,11170,36,0,0,0
270873,10,1,259585,259585,270873,267922,11288,11288,0,0,0,0
271034,6,1,256459,256478,271034,264444,14556,14575,19,0,0,0
271286,11,1,259600,259645,271286,269623,11641,11686,45,0,0,0
272637,9,1,258888,258923,272637,273213,13714,13749,35,0,0,0
273860,14,1,262517,262563,273860,271924,11297,11343,46,0,0,0
274247,13,1,262503,262503,274247,270864,11744,11744,0,0,0,0
274311,15,1,262523,262563,274311,274296,11748,11788,40,0,0,0
275110,3,1,251699,251734,275110,279709,23376,23411,35,0,0,0
275170,2,1,251674,251674,275170,281132,23496,23496,0,0,0,0
314990,24,1,314356,314356,314990,314834,634,634,0,0,0,0
315091,25,1,314378,314416,315091,315330,675,713,38,0,0,0
333170,21,1,309095,309095,333170,333973,24075,24075,0,0,0,0
333702,20,1,308826,308826,333702,341152,24876,24876,0,0,0,0
334280,23,1,310087,310127,334280,342111,24153,24193,40,0,0,0
335208,22,1,310067,310067,335208,322697,25141,25141,0,0,0,0
349917,16,4,268877,268877,349917,329690,81040,81040,0,0,0,0
350276,27,1,328414,328472,350276,343582,21804,21862,58,0,0,0
350514,26,1,328412,328412,350514,344661,22102,22102,0,0,0,0
351608,17,4,273432,273432,351608,331219,78176,78176,0,0,0,0
353852,18,4,274530,274530,353852,375412,79322,79322,0,0,0,0
431883,31,1,409806,409806,431883,437878,22077,22077,0,0,0,0
432006,32,1,409827,409866,432006,421715,22140,22179,39,0,0,0
444317,30,1,396126,396126,444317,454891,48191,48191,0,0,0,0
450499,34,2,445554,445554,450499,449585,4945,4945,0,0,0,0
458141,19,4,276110,276110,458141,450642,182031,182031,0,0,0,0
459206,28,4,365624,365624,459206,416400,93582,93582,0,0,0,0
486631,35,1,485979,485979,486631,486588,652,652,0,0,0,0
518466,36,1,499454,499454,518466,520999,19012,19012,0,0,0,0
519213,29,4,368092,368092,519213,576633,151121,151121,0,0,0,0
571947,40,1,571334,571334,571947,572100,613,613,0,0,0,0
576584,37,1,552756,552756,576584,584424,23828,23828,0,0,0,0
583469,38,1,559930,559930,583469,595056,23539,23539,0,0,0,0
594909,39,1,571052,571052,594909,603787,23857,23857,0,0,0,0
621736,33,4,438136,438136,621736,578977,183600,183600,0,0,0,0
626275,44,1,625627,625627,626275,626201,648,648,0,0,0,0
628732,45,1,627863,627863,628732,628796,869,869,0,0,0,0
659197,46,1,658517,658517,659197,659443,680,680,0,0,0,0
659318,47,1,658521,658577,659318,659578,741,797,56,0,0,0
691218,49,1,667990,668040,691218,689405,23178,23228,50,0,0,0
691244,48,1,667980,667980,691244,685474,23264,23264,0,0,0,0
744064,53,1,743407,743407,744064,744090,657,657,0,0,0,0
793446,52,2,714019,714019,793446,773775,79427,79427,0,0,0,0
834258,41,2,580807,580807,834258,939716,253451,253451,0,0,0,0
841919,42,2,587485,587485,841919,820984,254434,254434,0,0,0,0
854584,43,2,595709,595709,854584,768630,258875,258875,0,0,0,0
877985,51,4,693196,693254,877985,842567,184731,184789,58,0,0,0
882464,50,4,693194,693194,882464,811453,189270,189270,0,0,0,0
918595,54,1,917930,917930,918595,918617,665,665,0,0,0,0
976747,0,1,0,0,976747,771220,976747,976747,0,0,0,0
995515,55,1,977077,977077,995515,997256,18438,18438,0,0,0,0
1060798,57,1,1060037,1060037,1060798,1060775,761,761,0,0,0,0
1089284,59,1,1070705,1070705,1089284,1096046,18579,18579,0,0,0,0
1089311,60,1,1070742,1070765,1089311,1089516,18546,18569,23,0,0,0
1089767,61,1,1070743,1070765,1089767,1095777,19002,19024,22,0,0,0
1091921,66,4,1089801,1089827,1091921,1092022,2094,2120,26,0,0,0
1093244,58,1,1070705,1070705,1093244,1100928,22539,22539,0,0,0,0
1094460,67,4,1090064,1090064,1094460,1095524,4396,4396,0,0,0,0
1094584,68,4,1090067,1090124,1094584,1093843,4460,4517,57,0,0,0
1096925,69,4,1094822,1094822,1096925,1096535,2103,2103,0,0,0,0
1107373,62,1,1085610,1085610,1107373,1112173,21763,21763,0,0,0,0
1107632,65,1,1088037,1088096,1107632,1104597,19536,19595,59,0,0,0
1107825,64,1,1088036,1088036,1107825,1099985,19789,19789,0,0,0,0
1107881,63,1,1085610,1085610,1107881,1117482,22271,22271,0,0,0,0
1126937,73,4,1122645,1122645,1126937,1125438,4292,4292,0,0,0,0
1126975,72,4,1122645,1122645,1126975,1128477,4330,4330,0,0,0,0
1172189,76,1,1151950,1151950,1172189,1181507,20239,20239,0,0,0,0
1174213,75,1,1148547,1148606,1174213,1172351,25607,25666,59,0,0,0
1174246,74,1,1148546,1148546,1174246,1169857,25700,25700,0,0,0,0
1208777,80,1,1184265,1184321,1208777,1205811,24456,24512,56,0,0,0
1209201,79,1,1184261,1184261,1209201,1201165,24940,24940,0,0,0,0
1210391,83,1,1209585,1209585,1210391,1210271,806,806,0,0,0,0
1220598,81,1,1196785,1196785,1220598,1214986,23813,23813,0,0,0,0
1220812,82,1,1196788,1196845,1220812,1217324,23967,24024,57,0,0,0
1229922,56,2,996104,996104,1229922,1204567,233818,233818,0,0,0,0
1284036,70,4,1108307,1108307,1284036,1321304,175729,175729,0,0,0,0
1304688,86,1,1281443,1281443,1304688,1308637,23245,23245,0,0,0,0
1305819,87,1,1281444,1281503,1305819,1298791,24316,24375,59,0,0,0
1306030,89,1,1282399,1282444,1306030,1298578,23586,23631,45,0,0,0
1306389,88,1,1282384,1282384,1306389,1302950,24005,24005,0,0,0,0
1308455,71,4,1122029,1122029,1308455,1382297,186426,186426,0,0,0,0
1329457,92,1,1307455,1307455,1329457,1326854,22002,22002,0,0,0,0
1329504,93,1,1307455,1307455,1329504,1322007,22049,22049,0,0,0,0
1347169,97,1,1322761,1322761,1347169,1356654,24408,24408,0,0,0,0
1347363,96,1,1322761,1322761,1347363,1345509,24602,24602,0,0,0,0
1356390,77,4,1176018,1176018,1356390,1360630,180372,180372,0,0,0,0
1367331,78,4,1179128,1179128,1367331,1273880,188203,188203,0,0,0,0
1387240,100,1,1362294,1362294,1387240,1385382,24946,24946,0,0,0,0
1387399,101,1,1362333,1362354,1387399,1396238,25045,25066,21,0,0,0
1404102,84,4,1221987,1221987,1404102,1434435,182115,182115,0,0,0,0
1405532,85,4,1222004,1222047,1405532,1342650,183485,183528,43,0,0,0
1459456,103,2,1422424,1422424,1459456,1450055,37032,37032,0,0,0,0
1492428,90,4,1305672,1305672,1492428,1552154,186756,186756,0,0,0,0
1495693,91,4,1307066,1307086,1495693,1531340,188607,188627,20,0,0,0
1499680,95,4,1322235,1322235,1499680,1491879,177445,177445,0,0,0,0
1510678,98,4,1330834,1330834,1510678,1475755,179844,179844,0,0,0,0
1516588,94,4,1319234,1319234,1516588,1591178,197354,197354,0,0,0,0
1517515,99,4,1330843,1330894,1517515,1588563,186621,186672,51,0,0,0
1521600,104,1,1520982,1520982,1521600,1521515,618,618,0,0,0,0
1584260,102,4,1388150,1388150,1584260,1508307,196110,196110,0,0,0,0
1596084,108,1,1571375,1571422,1596084,1596670,24662,24709,47,0,0,0
1601566,107,1,1571362,1571362,1601566,1591136,30204,30204,0,0,0,0
1630441,110,1,1610864,1610864,1630441,1638542,19577,19577,0,0,0,0
1630749,111,1,1610875,1610924,1630749,1630880,19825,19874,49,0,0,0
1635718,114,4,1631317,1631317,1635718,1637730,4401,4401,0,0,0,0
1636033,115,4,1631322,1631377,1636033,1635778,4656,4711,55,0,0,0
1647047,112,1,1630983,1630983,1647047,1652044,16064,16064,0,0,0,0
1649941,116,4,1647890,1647890,1649941,1650148,2051,2051,0,0,0,0
1650606,113,1,1630997,1631043,1650606,1641580,19563,19609,46,0,0,0
1653292,117,4,1651211,1651211,1653292,1653074,2081,2081,0,0,0,0
1668955,122,1,1668328,1668328,1668955,1669127,627,627,0,0,0,0
1670813,124,1,1670140,1670195,1670813,1670611,618,673,55,0,0,0
1670936,123,1,1670135,1670135,1670936,1671258,801,801,0,0,0,0
1686179,119,1,1664218,1664277,1686179,1675489,21902,21961,59,0,0,0
1686242,118,1,1664217,1664217,1686242,1692002,22025,22025,0,0,0,0
1692437,120,1,1667778,1667778,1692437,1684744,24659,24659,0,0,0,0
1692549,121,1,1667783,1667838,1692549,1702487,24711,24766,55,0,0,0
1702351,125,4,1687101,1687101,1702351,1705891,15250,15250,0,0,0,0
1702644,126,4,1687106,1687161,1702644,1710069,15483,15538,55,0,0,0
1708908,105,4,1565365,1565365,1708908,1653471,143543,143543,0,0,0,0
1720729,129,1,1696457,1696457,1720729,1721645,24272,24272,0,0,0,0
1721287,128,1,1696457,1696457,1721287,1724582,24830,24830,0,0,0,0
1735183,130,1,1716607,1716607,1735183,1730051,18576,18576,0,0,0,0
1736195,131,1,1716609,1716667,1736195,1742615,19528,19586,58,0,0,0
1744098,134,1,1743219,1743219,1744098,1743658,879,879,0,0,0,0
1744213,135,1,1743558,1743558,1744213,1744355,655,655,0,0,0,0
1761425,109,4,1571742,1571742,1761425,1667889,189683,189683,0,0,0,0
1779391,136,4,1777206,1777206,1779391,1778988,2185,2185,0,0,0,0
1779500,137,4,1777206,1777206,1779500,1778749,2294,2294,0,0,0,0
1800425,138,1,1784253,1784253,1800425,1801112,16172,16172,0,0,0,0
1800767,139,1,1784253,1784253,1800767,1807210,16514,16514,0,0,0,0
1832895,106,2,1566328,1566328,1832895,1913944,266567,266567,0,0,0,0
1842928,140,1,1819146,1819146,1842928,1850581,23782,23782,0,0,0,0
1844174,141,1,1820628,1820628,1844174,1849273,23546,23546,0,0,0,0
1874478,127,4,1695296,1695296,1874478,1843237,179182,179182,0,0,0,0
1889664,142,4,1821515,1821515,1889664,1865310,68149,68149,0,0,0,0
1899894,133,4,1722100,1722100,1899894,1939466,177794,177794,0,0,0,0
1899989,132,4,1721528,1721528,1899989,1982761,178461,178461,0,0,0,0
1901575,143,4,1821516,1821575,1901575,1904907,80000,80059,59,0,0,0
1920186,145,1,1904135,1904135,1920186,1923991,16051,16051,0,0,0,0
1920250,146,1,1904139,1904195,1920250,1913902,16055,16111,56,0,0,0
1922913,151,4,1920806,1920806,1922913,1922361,2107,2107,0,0,0,0
1924648,152,4,1922368,1922368,1924648,1923629,2280,2280,0,0,0,0
1927058,147,1,1905347,1905347,1927058,1929520,21711,21711,0,0,0,0
1927377,148,1,1905356,1905407,1927377,1926251,21970,22021,51,0,0,0
1932261,150,1,1907471,1907514,1932261,1927765,24747,24790,43,0,0,0
1932523,149,1,1907469,1907514,1932523,1939024,25009,25054,45,0,0,0
1942843,153,4,1927711,1927711,1942843,1949780,15132,15132,0,0,0,0
1942907,154,4,1927712,1927771,1942907,1939896,15136,15195,59,0,0,0
2012264,1,4,219316,219316,2012264,2065619,1792948,1792948,0,0,0,0
2019263,155,4,1932851,1932851,2019263,2050096,86412,86412,0,0,0,0
2021066,156,4,1936352,1936352,2021066,1982087,84714,84714,0,0,0,0
2036337,157,1,2013026,2013026,2036337,2037050,23311,23311,0,0,0,0
2036596,158,1,2013046,2013086,2036596,2031578,23510,23550,40,0,0,0
2040655,159,1,2017157,2017157,2040655,2037447,23498,23498,0,0,0,0
2040886,160,1,2017175,2017217,2040886,2046271,23669,23711,42,0,0,0
2096544,162,1,2059484,2059484,2096544,2109551,37060,37060,0,0,0,0
2116954,144,2,1847078,1847078,2116954,2041028,269876,269876,0,0,0,0
2130465,165,1,2129795,2129795,2130465,2130474,670,670,0,0,0,0
2167335,166,1,2161106,2161106,2167335,2164693,6229,6229,0,0,0,0
2167634,167,1,2161107,2161166,2167634,2164701,6468,6527,59,0,0,0
2168308,173,1,2161666,2161666,2168308,2166405,6642,6642,0,0,0,0
2168371,172,1,2161666,2161666,2168371,2166606,6705,6705,0,0,0,0
2171545,171,1,2161425,2161425,2171545,2172908,10120,10120,0,0,0,0
2171658,170,1,2161425,2161425,2171658,2175605,10233,10233,0,0,0,0
2185922,169,1,2161132,2161166,2185922,2196074,24756,24790,34,0,0,0
2186086,168,1,2161132,2161166,2186086,2177715,24920,24954,34,0,0,0
2222168,161,4,2036839,2036839,2222168,2139380,185329,185329,0,0,0,0
2225713,163,4,2063814,2063814,2225713,2215338,161899,161899,0,0,0,0
2258117,179,1,2257491,2257491,2258117,2258052,626,626,0,0,0,0
2270481,176,1,2247322,2247322,2270481,2275619,23159,23159,0,0,0,0
2270558,175,1,2247257,2247257,2270558,2262280,23301,23301,0,0,0,0
2272179,178,1,2248491,2248491,2272179,2267201,23688,23688,0,0,0,0
2275275,164,4,2097269,2097269,2275275,2204678,178006,178006,0,0,0,0
2277628,174,1,2247257,2247257,2277628,2272810,30371,30371,0,0,0,0
2282873,177,1,2247429,2247429,2282873,2298385,35444,35444,0,0,0,0
2303593,180,1,2302903,2302903,2303593,2303831,690,690,0,0,0,0
2385836,183,1,2360615,2360615,2385836,2389827,25221,25221,0,0,0,0
2389333,199,1,2388654,2388654,2389333,2389123,679,679,0,0,0,0
2407360,200,1,2391840,2391840,2407360,2406584,15520,15520,0,0,0,0
2426716,190,4,2360619,2360675,2426716,2446352,66041,66097,56,0,0,0
2443286,189,4,2360619,2360675,2443286,2446374,82611,82667,56,0,0,0
2443851,186,4,2360616,2360675,2443851,2423408,83176,83235,59,0,0,0
2446067,192,4,2360620,2360675,2446067,2444405,85392,85447,55,0,0,0
2446894,191,4,2360620,2360675,2446894,2426322,86219,86274,55,0,0,0
2450764,188,4,2360617,2360675,2450764,2470792,90089,90147,58,0,0,0
2453290,196,4,2360646,2360675,2453290,2438968,92615,92644,29,0,0,0
2456711,181,4,2352993,2352993,2456711,2463078,103718,103718,0,0,0,0
2457209,195,4,2360646,2360675,2457209,2418062,96534,96563,29,0,0,0
2473431,182,4,2359902,2359902,2473431,2483282,113529,113529,0,0,0,0
2475866,194,4,2360625,2360675,2475866,2419969,115191,115241,50,0,0,0
2475937,185,4,2360616,2360675,2475937,2525969,115262,115321,59,0,0,0
2478944,201,1,2478146,2478146,2478944,2478713,798,798,0,0,0,0
2481939,184,4,2360616,2360675,2481939,2443894,121264,121323,59,0,0,0
2485324,187,4,2360617,2360675,2485324,2537255,124649,124707,58,0,0,0
2517195,202,1,2495057,2495057,2517195,2527488,22138,22138,0,0,0,0
2518817,193,4,2360624,2360675,2518817,2478755,158142,158193,51,0,0,0
2527883,203,1,2505721,2505721,2527883,2525537,22162,22162,0,0,0,0
2573937,204,1,2545486,2545486,2573937,2575882,28451,28451,0,0,0,0
2574227,205,1,2545511,2545546,2574227,2561528,28681,28716,35,0,0,0
2574415,206,1,2546184,2546184,2574415,2568676,28231,28231,0,0,0,0
2576836,207,1,2548010,2548010,2576836,2573894,28826,28826,0,0,0,0
2578250,198,4,2386703,2386703,2578250,2604507,191547,191547,0,0,0,0
2579018,208,1,2551437,2551437,2579018,2591969,27581,27581,0,0,0,0
2579435,209,1,2551448,2551497,2579435,2567850,27938,27987,49,0,0,0
2589652,210,1,2561761,2561761,2589652,2592646,27891,27891,0,0,0,0
2590254,211,1,2561775,2561821,2590254,2584350,28433,28479,46,0,0,0
2627150,197,2,2361910,2361910,2627150,2732705,265240,265240,0,0,0,0
2645392,217,1,2644740,2644740,2645392,2645432,652,652,0,0,0,0
2732055,221,1,2731218,2731218,2732055,2731994,837,837,0,0,0,0
2732115,222,1,2731220,2731278,2732115,2731895,837,895,58,0,0,0
2754091,218,1,2711038,2711038,2754091,2749692,43053,43053,0,0,0,0
2761636,212,4,2574992,2574992,2761636,2757049,186644,186644,0,0,0,0
2762354,223,1,2737914,2737914,2762354,2771178,24440,24440,0,0,0,0
2762433,224,1,2737938,2737974,2762433,2771276,24459,24495,36,0,0,0
2763086,225,1,2738675,2738675,2763086,2756131,24411,24411,0,0,0,0
2763101,226,1,2738683,2738735,2763101,2767153,24366,24418,52,0,0,0
2763224,227,1,2738836,2738836,2763224,2772980,24388,24388,0,0,0,0
2763479,228,1,2738836,2738836,2763479,2762745,24643,24643,0,0,0,0
2774287,229,1,2758116,2758116,2774287,2775783,16171,16171,0,0,0,0
2779823,232,4,2777686,2777686,2779823,2778798,2137,2137,0,0,0,0
2781198,233,4,2778950,2778950,2781198,2782272,2248,2248,0,0,0,0
2787693,213,4,2579225,2579225,2787693,2761529,208468,208468,0,0,0,0
2798869,216,4,2636760,2636760,2798869,2823906,162109,162109,0,0,0,0
2801693,214,4,2584996,2584996,2801693,2724139,216697,216697,0,0,0,0
2808858,215,4,2591838,2591838,2808858,2859896,217020,217020,0,0,0,0
2811914,235,1,2810910,2810910,2811914,2811598,1004,1004,0,0,0,0
2822139,238,1,2821066,2821125,2822139,2821952,1014,1073,59,0,0,0
2822245,237,1,2821065,2821065,2822245,2822762,1180,1180,0,0,0,0
2838328,240,1,2821972,2821972,2838328,2837251,16356,16356,0,0,0,0
2838376,239,1,2821972,2821972,2838376,2845890,16404,16404,0,0,0,0
2842238,248,4,2840204,2840204,2842238,2842194,2034,2034,0,0,0,0
2842728,242,1,2824613,2824613,2842728,2844103,18115,18115,0,0,0,0
2845145,241,1,2824613,2824613,2845145,2835966,20532,20532,0,0,0,0
2845406,249,4,2843377,2843377,2845406,2845625,2029,2029,0,0,0,0
2845543,250,4,2843510,2843510,2845543,2845426,2033,2033,0,0,0,0
2849879,251,4,2847602,2847602,2849879,2850145,2277,2277,0,0,0,0
2852259,252,1,2851413,2851413,2852259,2852067,846,846,0,0,0,0
2856556,246,1,2831570,2831581,2856556,2860396,24975,24986,11,0,0,0
2856842,245,1,2831484,2831521,2856842,2859157,25321,25358,37,0,0,0
2857207,244,1,2831461,2831461,2857207,2848709,25746,25746,0,0,0,0
2869373,231,4,2765561,2765561,2869373,2859970,103812,103812,0,0,0,0
2887743,234,4,2779788,2779823,2887743,2888453,107920,107955,35,0,0,0
2905558,253,1,2904763,2904763,2905558,2905409,795,795,0,0,0,0
2916634,219,4,2724456,2724456,2916634,2833582,192178,192178,0,0,0,0
2921995,254,1,2905860,2905860,2921995,2919957,16135,16135,0,0,0,0
2922260,255,1,2905861,2905920,2922260,2926867,16340,16399,59,0,0,0
2924502,256,4,2922459,2922459,2924502,2924367,2043,2043,0,0,0,0
2925802,243,4,2827652,2827652,2925802,2898901,98150,98150,0,0,0,0
2928606,257,4,2926520,2926520,2928606,2928729,2086,2086,0,0,0,0
2928813,247,4,2836521,2836521,2928813,2937651,92292,92292,0,0,0,0
2972251,258,1,2931823,2931823,2972251,2966481,40428,40428,0,0,0,0
2973069,259,1,2931840,2931883,2973069,2955315,41186,41229,43,0,0,0
2992101,266,1,2991493,2991493,2992101,2992343,608,608,0,0,0,0
3005517,265,1,2989075,2989134,3005517,3013373,16383,16442,59,0,0,0
3005700,264,1,2989074,2989074,3005700,3011497,16626,16626,0,0,0,0
3008861,269,4,3006294,3006294,3008861,3008228,2567,2567,0,0,0,0
3009423,270,4,3007080,3007080,3009423,3009901,2343,2343,0,0,0,0
3013702,236,4,2820995,2820995,3013702,3096887,192707,192707,0,0,0,0
3015596,220,2,2728286,2728286,3015596,3062230,287310,287310,0,0,0,0
3017822,230,4,2763018,2763018,3017822,2912466,254804,254804,0,0,0,0
3024128,268,1,2998774,2998833,3024128,3025579,25295,25354,59,0,0,0
3024314,267,1,2998773,2998773,3024314,3034214,25541,25541,0,0,0,0
3038284,271,4,3021108,3021108,3038284,3039105,17176,17176,0,0,0,0
3063828,272,4,3025374,3025374,3063828,3062700,38454,38454,0,0,0,0
3070164,273,4,3027806,3027806,3070164,3072295,42358,42358,0,0,0,0
3089045,275,1,3072212,3072212,3089045,3090521,16833,16833,0,0,0,0
3089092,274,1,3072212,3072212,3089092,3088533,16880,16880,0,0,0,0
3100953,262,2,2974036,2974036,3100953,3039826,126917,126917,0,0,0,0
3104487,278,1,3079751,3079751,3104487,3107122,24736,24736,0,0,0,0
3110647,280,4,3089337,3089337,3110647,3120585,21310,21310,0,0,0,0
3110782,281,4,3089347,3089397,3110782,3109064,21385,21435,50,0,0,0
3117784,282,1,3092021,3092021,3117784,3119521,25763,25763,0,0,0,0
3123262,284,1,3107496,3107496,3123262,3123617,15766,15766,0,0,0,0
3154209,263,4,2974311,2974311,3154209,3105926,179898,179898,0,0,0,0
3156154,261,4,2973384,2973384,3156154,3155395,182770,182770,0,0,0,0
3158749,276,4,3076202,3076202,3158749,3149030,82547,82547,0,0,0,0
3165064,260,2,2971942,2971942,3165064,3103503,193122,193122,0,0,0,0
3165534,289,1,3164923,3164923,3165534,3165431,611,611,0,0,0,0
3178682,277,4,3078614,3078614,3178682,3174801,100068,100068,0,0,0,0
3205834,279,4,3082227,3082227,3205834,3201011,123607,123607,0,0,0,0
3250029,290,1,3249391,3249391,3250029,3250347,638,638,0,0,0,0
3289800,283,4,3105066,3105066,3289800,3331304,184734,184734,0,0,0,0
3294518,285,4,3118878,3118878,3294518,3310142,175640,175640,0,0,0,0
3301179,287,4,3127777,3127777,3301179,3238937,173402,173402,0,0,0,0
3303853,288,4,3127782,3127837,3303853,3269107,176016,176071,55,0,0,0
3321621,286,1,3124356,3124356,3321621,3416472,197265,197265,0,0,0,0
3371501,295,1,3370867,3370867,3371501,3371564,634,634,0,0,0,0
3375088,296,1,3374277,3374277,3375088,3374717,811,811,0,0,0,0
3380547,297,1,3379909,3379909,3380547,3380491,638,638,0,0,0,0
3385834,294,1,3363770,3363804,3385834,3389843,22030,22064,34,0,0,0
3385953,291,1,3360917,3360917,3385953,3394414,25036,25036,0,0,0,0
3386164,293,1,3363744,3363744,3386164,3378261,22420,22420,0,0,0,0
3391838,292,1,3360972,3360977,3391838,3381337,30861,30866,5,0,0,0
3401702,298,4,3386654,3386654,3401702,3394928,15048,15048,0,0,0,0
3402247,299,4,3386668,3386714,3402247,3402065,15533,15579,46,0,0,0
3422536,302,1,3421884,3421884,3422536,3422732,652,652,0,0,0,0
3437296,303,1,3422723,3422723,3437296,3441784,14573,14573,0,0,0,0
3446154,307,1,3427409,3427409,3446154,3444602,18745,18745,0,0,0,0
3446327,306,1,3427409,3427409,3446327,3443152,18918,18918,0,0,0,0
3451467,305,1,3427084,3427143,3451467,3451286,24324,24383,59,0,0,0
3452359,304,1,3427083,3427083,3452359,3444233,25276,25276,0,0,0,0
3465284,308,4,3447594,3447594,3465284,3463136,17690,17690,0,0,0,0
3465430,309,4,3447596,3447654,3465430,3459315,17776,17834,58,0,0,0
3475601,300,4,3388149,3388191,3475601,3453414,87410,87452,42,0,0,0
3482868,301,4,3392448,3392448,3482868,3503770,90420,90420,0,0,0,0
3506476,313,1,3484764,3484764,3506476,3516224,21712,21712,0,0,0,0
3510072,312,1,3483503,3483503,3510072,3515953,26569,26569,0,0,0,0
3526852,315,1,3507742,3507742,3526852,3526873,19110,19110,0,0,0,0
3528866,319,4,3527660,3527660,3528866,3528745,1206,1206,0,0,0,0
3531663,320,4,3530044,3530044,3531663,3530946,1619,1619,0,0,0,0
3535498,316,1,3512167,3512167,3535498,3526049,23331,23331,0,0,0,0
3539981,317,1,3516797,3516797,3539981,3533814,23184,23184,0,0,0,0
3540157,318,1,3516818,3516857,3540157,3535133,23300,23339,39,0,0,0
3553423,321,1,3531413,3531413,3553423,3552126,22010,22010,0,0,0,0
3564387,330,1,3562846,3562846,3564387,3564438,1541,1541,0,0,0,0
3566411,314,2,3507025,3507025,3566411,3592460,59386,59386,0,0,0,0
3571204,324,1,3546896,3546896,3571204,3565214,24308,24308,0,0,0,0
3571549,325,1,3547060,3547060,3571549,3561684,24489,24489,0,0,0,0
3578166,333,1,3568059,3568059,3578166,3573198,10107,10107,0,0,0,0
3579847,327,1,3550979,3550979,3579847,3590051,28868,28868,0,0,0,0
3580195,326,1,3550915,3550915,3580195,3583741,29280,29280,0,0,0,0
3589040,329,1,3559452,3559452,3589040,3578271,29588,29588,0,0,0,0
3591045,331,1,3562905,3562906,3591045,3579953,28139,28140,1,0,0,0
3591518,332,1,3563086,3563086,3591518,3580455,28432,28432,0,0,0,0
3593522,337,1,3583917,3583917,3593522,3593560,9605,9605,0,0,0,0
3618414,342,1,3601773,3601773,3618414,3615731,16641,16641,0,0,0,0
3623156,346,1,3606503,3606562,3623156,3631148,16594,16653,59,0,0,0
3624567,350,1,3623891,3623945,3624567,3624711,622,676,54,0,0,0
3624908,340,1,3601029,3601029,3624908,3633789,23879,23879,0,0,0,0
3624945,341,1,3601042,3601089,3624945,3633881,23856,23903,47,0,0,0
3626222,352,1,3625591,3625591,3626222,3626093,631,631,0,0,0,0
3628369,344,1,3603725,3603762,3628369,3640411,24607,24644,37,0,0,0
3628553,343,1,3603702,3603702,3628553,3630206,24851,24851,0,0,0,0
3629384,310,4,3452699,3452699,3629384,3613450,176685,176685,0,0,0,0
3630298,345,1,3606502,3606502,3630298,3624655,23796,23796,0,0,0,0
3630987,311,4,3452703,3452759,3630987,3585489,178228,178284,56,0,0,0
3639086,348,1,3622365,3622365,3639086,3647031,16721,16721,0,0,0,0
3640820,347,4,3619932,3619932,3640820,3642608,20888,20888,0,0,0,0
3644378,351,4,3623916,3623945,3644378,3635981,20433,20462,29,0,0,0
3648914,358,1,3648283,3648283,3648914,3649058,631,631,0,0,0,0
3649625,349,1,3623885,3623885,3649625,3654711,25740,25740,0,0,0,0
3650044,353,1,3626130,3626130,3650044,3647193,23914,23914,0,0,0,0
3650096,356,4,3630868,3630868,3650096,3645755,19228,19228,0,0,0,0
3653403,355,1,3629107,3629107,3653403,3660225,24296,24296,0,0,0,0
3653859,360,1,3653192,3653192,3653859,3653685,667,667,0,0,0,0
3654728,361,1,3654028,3654028,3654728,3654658,700,700,0,0,0,0
3681305,367,1,3680694,3680694,3681305,3681185,611,611,0,0,0,0
3688536,368,1,3682946,3682946,3688536,3688058,5590,5590,0,0,0,0
3696553,365,1,3672278,3672278,3696553,3692110,24275,24275,0,0,0,0
3696657,364,1,3672278,3672278,3696657,3697251,24379,24379,0,0,0,0
3698339,366,1,3673999,3673999,3698339,3699640,24340,24340,0,0,0,0
3710172,369,4,3696926,3696926,3710172,3705656,13246,13246,0,0,0,0
3710474,370,4,3696930,3696986,3710474,3707229,13488,13544,56,0,0,0
3714288,372,1,3698209,3698209,3714288,3720430,16079,16079,0,0,0,0
3714677,371,1,3698209,3698209,3714677,3709350,16468,16468,0,0,0,0
3723690,323,4,3544128,3544128,3723690,3658690,179562,179562,0,0,0,0
3724482,322,4,3536814,3536814,3724482,3660570,187668,187668,0,0,0,0
3726238,357,4,3637157,3637157,3726238,3723926,89081,89081,0,0,0,0
3727995,374,1,3699860,3699860,3727995,3728673,28135,28135,0,0,0,0
3735454,375,4,3714878,3714878,3735454,3730117,20576,20576,0,0,0,0
3735879,376,4,3715545,3715545,3735879,3734133,20334,20334,0,0,0,0
3741740,359,4,3652534,3652534,3741740,3757724,89206,89206,0,0,0,0
3760345,334,4,3572596,3572596,3760345,3714773,187749,187749,0,0,0,0
3762958,378,1,3738580,3738631,3762958,3759677,24327,24378,51,0,0,0
3764638,336,4,3583142,3583142,3764638,3813739,181496,181496,0,0,0,0
3766595,335,4,3582036,3582036,3766595,3824256,184559,184559,0,0,0,0
3767555,377,1,3738571,3738571,3767555,3776190,28984,28984,0,0,0,0
3768964,383,1,3768325,3768325,3768964,3768971,639,639,0,0,0,0
3769951,384,1,3769346,3769346,3769951,3770085,605,605,0,0,0,0
3783210,339,4,3592543,3592543,3783210,3692869,190667,190667,0,0,0,0
3785258,338,4,3592464,3592464,3785258,3834000,192794,192794,0,0,0,0
3792803,382,1,3767699,3767699,3792803,3797222,25104,25104,0,0,0,0
3797865,381,1,3767636,3767636,3797865,3797727,30229,30229,0,0,0,0
3803356,354,4,3626705,3626705,3803356,3776645,176651,176651,0,0,0,0
3805893,328,2,3558450,3558450,3805893,3855280,247443,247443,0,0,0,0
3816021,386,1,3792131,3792131,3816021,3811521,23890,23890,0,0,0,0
3816040,387,1,3792141,3792191,3816040,3809098,23849,23899,50,0,0,0
3834376,362,4,3654525,3654525,3834376,3803074,179851,179851,0,0,0,0
3836115,363,4,3654706,3654706,3836115,3782717,181409,181409,0,0,0,0
3857559,390,4,3807516,3807516,3857559,3850995,50043,50043,0,0,0,0
3876363,393,1,3853696,3853696,3876363,3881435,22667,22667,0,0,0,0
3929801,379,4,3743782,3743782,3929801,3861952,186019,186019,0,0,0,0
3931407,380,4,3743803,3743842,3931407,3989953,187565,187604,39,0,0,0
3944714,397,1,3944029,3944029,3944714,3944602,685,685,0,0,0,0
3958888,385,4,3778315,3778315,3958888,3874590,180573,180573,0,0,0,0
3964436,395,1,3939267,3939267,3964436,3966556,25169,25169,0,0,0,0
3964819,396,1,3939287,3939327,3964819,3956386,25492,25532,40,0,0,0
3971532,399,1,3948161,3948161,3971532,3973045,23371,23371,0,0,0,0
3971617,398,1,3948161,3948161,3971617,3976934,23456,23456,0,0,0,0
3973607,401,1,3948683,3948703,3973607,3978642,24904,24924,20,0,0,0
3973648,388,4,3794017,3794017,3973648,3909875,179631,179631,0,0,0,0
3973722,400,1,3948643,3948643,3973722,3979473,25079,25079,0,0,0,0
3978544,389,4,3798799,3798799,3978544,3981690,179745,179745,0,0,0,0
3980781,402,1,3957067,3957067,3980781,3986690,23714,23714,0,0,0,0
3994912,373,2,3699634,3699634,3994912,4012933,295278,295278,0,0,0,0
3997375,410,1,3986839,3986839,3997375,3997480,10536,10536,0,0,0,0
3999910,411,1,3999273,3999273,3999910,3999969,637,637,0,0,0,0
4008415,409,1,3982911,3982911,4008415,4001693,25504,25504,0,0,0,0
4008776,408,1,3982911,3982911,4008776,4016515,25865,25865,0,0,0,0
4009381,412,1,3999556,3999556,4009381,4008821,9825,9825,0,0,0,0
4010864,392,4,3817009,3817040,4010864,3995325,193824,193855,31,0,0,0
4013123,391,4,3816980,3816980,4013123,3944950,196143,196143,0,0,0,0
4031561,416,1,4030894,4030894,4031561,4031372,667,667,0,0,0,0
4057231,415,1,4029438,4029438,4057231,4068164,27793,27793,0,0,0,0
4057259,414,1,4028354,4028354,4057259,4046644,28905,28905,0,0,0,0
4058533,418,1,4033191,4033191,4058533,4046548,25342,25342,0,0,0,0
4062608,406,4,3974528,3974558,4062608,4074696,88050,88080,30,0,0,0
4065012,417,1,4033191,4033191,4065012,4050925,31821,31821,0,0,0,0
4067249,405,4,3974498,3974498,4067249,4093657,92751,92751,0,0,0,0
4086465,424,1,4085613,4085613,4086465,4086267,852,852,0,0,0,0
4090015,425,1,4087783,4087783,4090015,4090746,2232,2232,0,0,0,0
4118543,434,1,4117910,4117922,4118543,4118481,621,633,12,0,0,0
4128287,428,1,4104148,4104207,4128287,4131475,24080,24139,59,0,0,0
4128518,427,1,4104147,4104147,4128518,4135305,24371,24371,0,0,0,0
4128745,429,1,4106572,4106572,4128745,4132943,22173,22173,0,0,0,0
4128902,430,1,4106578,4106632,4128902,4120114,22270,22324,54,0,0,0
4142159,433,1,4117804,4117862,4142159,4147185,24297,24355,58,0,0,0
4142933,432,1,4117802,4117802,4142933,4150267,25131,25131,0,0,0,0
4144681,436,1,4120741,4120799,4144681,4154978,23882,23940,58,0,0,0
4144993,435,1,4120739,4120739,4144993,4143249,24254,24254,0,0,0,0
4145317,438,4,4129470,4129470,4145317,4140696,15847,15847,0,0,0,0
4148205,404,4,3966537,3966580,4148205,4101072,181625,181668,43,0,0,0
4148659,403,4,3966520,3966520,4148659,4213768,182139,182139,0,0,0,0
4158666,440,4,4143244,4143244,4158666,4151372,15422,15422,0,0,0,0
4160257,407,4,3980444,3980444,4160257,4131567,179813,179813,0,0,0,0
4178523,419,4,4040789,4040789,4178523,4193682,137734,137734,0,0,0,0
4184827,394,2,3877453,3877453,4184827,4124791,307374,307374,0,0,0,0
4194642,445,1,4177967,4177967,4194642,4194122,16675,16675,0,0,0,0
4194929,446,1,4177968,4178027,4194929,4192125,16902,16961,59,0,0,0
4202456,413,4,4010260,4010260,4202456,4214691,192196,192196,0,0,0,0
4206830,451,1,4197102,4197102,4206830,4209774,9728,9728,0,0,0,0
4211671,448,4,4195336,4195393,4211671,4209330,16278,16335,57,0,0,0
4212892,426,4,4094914,4094914,4212892,4236080,117978,117978,0,0,0,0
4214395,447,4,4195333,4195333,4214395,4217971,19062,19062,0,0,0,0
4217766,437,4,4129096,4129096,4217766,4201278,88670,88670,0,0,0,0
4217805,449,1,4195859,4195859,4217805,4216421,21946,21946,0,0,0,0
4217845,450,1,4195860,4195919,4217845,4211930,21926,21985,59,0,0,0
4227128,439,4,4138291,4138291,4227128,4236033,88837,88837,0,0,0,0
4231714,442,4,4144185,4144232,4231714,4188098,87482,87529,47,0,0,0
4233960,441,4,4144172,4144172,4233960,4204076,89788,89788,0,0,0,0
4235100,453,4,4219964,4219964,4235100,4232912,15136,15136,0,0,0,0
4235761,444,4,4145383,4145437,4235761,4232055,90324,90378,54,0,0,0
4236836,443,4,4145359,4145377,4236836,4230721,91459,91477,18,0,0,0
4242632,452,1,4214060,4214060,4242632,4235268,28572,28572,0,0,0,0
4245801,454,4,4230304,4230304,4245801,4245155,15497,15497,0,0,0,0
4247620,420,4,4058834,4058834,4247620,4198106,188786,188786,0,0,0,0
4248727,421,4,4061631,4061631,4248727,4164457,187096,187096,0,0,0,0
4250980,422,4,4066328,4066328,4250980,4172159,184652,184652,0,0,0,0
4258034,423,4,4078122,4078122,4258034,4217418,179912,179912,0,0,0,0
4288165,457,1,4264577,4264612,4288165,4284690,23553,23588,35,0,0,0
4288473,456,1,4264552,4264552,4288473,4298791,23921,23921,0,0,0,0
4302596,458,1,4277990,4277990,4302596,4308514,24606,24606,0,0,0,0
4302619,459,1,4277992,4278050,4302619,4300486,24569,24627,58,0,0,0
4303493,461,1,4278531,4278531,4303493,4307446,24962,24962,0,0,0,0
4303611,460,1,4278531,4278531,4303611,4311311,25080,25080,0,0,0,0
4307281,462,1,4287927,4287927,4307281,4314731,19354,19354,0,0,0,0
4312926,464,1,4297167,4297167,4312926,4305141,15759,15759,0,0,0,0
4313384,431,2,4116253,4116253,4313384,4358658,197131,197131,0,0,0,0
4323488,465,1,4301044,4301044,4323488,4319862,22444,22444,0,0,0,0
4324134,466,1,4301048,4301104,4324134,4319781,23030,23086,56,0,0,0
4327258,467,4,4308272,4308313,4327258,4328819,18945,18986,41,0,0,0
4329049,469,1,4318309,4318309,4329049,4332708,10740,10740,0,0,0,0
4336153,468,4,4317309,4317309,4336153,4344940,18844,18844,0,0,0,0
4339924,470,4,4324607,4324607,4339924,4344613,15317,15317,0,0,0,0
4343624,471,4,4328608,4328608,4343624,4341012,15016,15016,0,0,0,0
4370408,472,1,4345678,4345678,4370408,4363885,24730,24730,0,0,0,0
4370715,473,1,4345679,4345738,4370715,4363406,24977,25036,59,0,0,0
4380758,475,1,4351522,4351570,4380758,4393746,29188,29236,48,0,0,0
4380906,474,1,4351510,4351510,4380906,4377238,29396,29396,0,0,0,0
4383720,482,4,4368189,4368220,4383720,4378802,15500,15531,31,0,0,0
4386010,479,1,4364435,4364435,4386010,4396399,21575,21575,0,0,0,0
4386108,478,1,4364435,4364435,4386108,4385484,21673,21673,0,0,0,0
4386257,480,1,4364901,4364901,4386257,4393681,21356,21356,0,0,0,0
4386287,481,1,4364903,4364961,4386287,4375988,21326,21384,58,0,0,0
4391750,485,4,4376515,4376515,4391750,4387765,15235,15235,0,0,0,0
4409576,488,1,4383498,4383498,4409576,4421108,26078,26078,0,0,0,0
4410120,487,1,4383498,4383498,4410120,4410339,26622,26622,0,0,0,0
4423717,494,1,4399695,4399695,4423717,4424150,24022,24022,0,0,0,0
4423972,493,1,4399695,4399695,4423972,4415390,24277,24277,0,0,0,0
4432558,495,1,4408517,4408517,4432558,4429242,24041,24041,0,0,0,0
4432610,496,1,4408520,4408577,4432610,4432561,24033,24090,57,0,0,0
4448593,477,4,4360425,4360425,4448593,4421469,88168,88168,0,0,0,0
4453600,476,4,4360425,4360425,4453600,4468307,93175,93175,0,0,0,0
4458674,483,4,4371271,4371271,4458674,4454718,87403,87403,0,0,0,0
4461924,484,4,4373711,4373711,4461924,4495302,88213,88213,0,0,0,0
4466045,502,1,4442913,4442966,4466045,4455245,23079,23132,53,0,0,0
4466297,501,1,4442906,4442906,4466297,4466652,23391,23391,0,0,0,0
4481294,463,4,4289677,4289677,4481294,4518232,191617,191617,0,0,0,0
4495694,455,2,4244520,4244520,4495694,4534595,251174,251174,0,0,0,0
4498984,497,4,4409989,4409989,4498984,4496890,88995,88995,0,0,0,0
4560095,490,4,4386516,4386516,4560095,4567401,173579,173579,0,0,0,0
4560714,486,4,4381717,4381717,4560714,4517056,178997,178997,0,0,0,0
4564301,489,4,4386282,4386317,4564301,4600482,177984,178019,35,0,0,0
4566278,506,1,4546987,4546987,4566278,4560122,19291,19291,0,0,0,0
4566359,505,1,4546987,4546987,4566359,4575626,19372,19372,0,0,0,0
4570345,491,4,4386526,4386576,4570345,4490059,183769,183819,50,0,0,0
4570554,508,4,4566782,4566782,4570554,4569949,3772,3772,0,0,0,0
4570894,509,4,4566784,4566842,4570894,4570112,4052,4110,58,0,0,0
4573085,492,4,4395791,4395791,4573085,4523869,177294,177294,0,0,0,0
4576464,498,4,4422354,4422354,4576464,4540500,154110,154110,0,0,0,0
4585344,510,1,4568455,4568455,4585344,4590209,16889,16889,0,0,0,0
4587440,511,1,4568459,4568515,4587440,4581399,18925,18981,56,0,0,0
4591764,512,1,4569354,4569354,4591764,4587822,22410,22410,0,0,0,0
4591960,513,1,4569354,4569354,4591960,4601673,22606,22606,0,0,0,0
4597771,520,1,4594662,4594662,4597771,4596317,3109,3109,0,0,0,0
4598160,516,1,4575469,4575469,4598160,4592604,22691,22691,0,0,0,0
4598221,515,1,4575469,4575469,4598221,4602911,22752,22752,0,0,0,0
4601008,517,4,4589360,4589360,4601008,4595753,11648,11648,0,0,0,0
4604543,518,4,4590543,4590543,4604543,4599252,14000,14000,0,0,0,0
4619694,500,4,4441407,4441407,4619694,4655985,178287,178287,0,0,0,0
4619972,499,4,4433325,4433325,4619972,4665437,186647,186647,0,0,0,0
4626759,504,4,4527004,4527004,4626759,4628365,99755,99755,0,0,0,0
4627130,507,4,4551846,4551846,4627130,4636953,75284,75284,0,0,0,0
4638761,522,1,4615073,4615073,4638761,4634931,23688,23688,0,0,0,0
4638922,523,1,4615077,4615133,4638922,4632044,23789,23845,56,0,0,0
4648715,503,4,4469635,4469635,4648715,4581504,179080,179080,0,0,0,0
4671054,514,4,4574969,4574969,4671054,4705026,96085,96085,0,0,0,0
4676925,519,4,4592449,4592449,4676925,4660268,84476,84476,0,0,0,0
4688399,521,4,4598745,4598745,4688399,4710204,89654,89654,0,0,0,0
4694937,525,1,4673853,4673853,4694937,4685404,21084,21084,0,0,0,0
4695155,526,1,4673854,4673913,4695155,4700714,21242,21301,59,0,0,0
4718490,529,1,4716661,4716661,4718490,4718241,1829,1829,0,0,0,0
4732215,530,1,4717360,4717360,4732215,4739526,14855,14855,0,0,0,0
4732631,531,1,4717366,4717420,4732631,4729156,15211,15265,54,0,0,0
4736234,532,1,4725074,4725074,4736234,4740279,11160,11160,0,0,0,0
4736735,533,1,4725728,4725728,4736735,4733527,11007,11007,0,0,0,0
4736736,539,1,4734943,4734943,4736736,4736780,1793,1793,0,0,0,0
4736917,534,1,4725732,4725788,4736917,4731779,11129,11185,56,0,0,0
4736940,535,1,4725741,4725788,4736940,4733842,11152,11199,47,0,0,0
4739081,536,1,4727850,4727850,4739081,4743183,11231,11231,0,0,0,0
4739402,537,1,4732988,4732997,4739402,4739815,6405,6414,9,0,0,0
4741380,538,4,4733622,4733622,4741380,4739004,7758,7758,0,0,0,0
4746698,540,4,4740627,4740627,4746698,4744557,6071,6071,0,0,0,0
4768861,544,1,4757441,4757441,4768861,4769783,11420,11420,0,0,0,0
4770746,545,1,4759087,4759087,4770746,4766363,11659,11659,0,0,0,0
4771612,549,1,4767247,4767247,4771612,4770029,4365,4365,0,0,0,0
4772307,546,1,4765129,4765129,4772307,4775639,7178,7178,0,0,0,0
4773240,548,1,4766517,4766517,4773240,4775822,6723,6723,0,0,0,0
4773331,547,1,4765923,4765923,4773331,4770721,7408,7408,0,0,0,0
4797244,550,1,4773262,4773300,4797244,4797159,23944,23982,38,0,0,0
4799310,552,1,4797574,4797574,4799310,4799847,1736,1736,0,0,0,0
4804208,551,1,4773701,4773701,4804208,4817907,30507,30507,0,0,0,0
4821471,541,4,4741730,4741730,4821471,4825726,79741,79741,0,0,0,0
4822927,542,4,4743241,4743241,4822927,4841722,79686,79686,0,0,0,0
4828324,543,4,4748288,4748288,4828324,4854253,80036,80036,0,0,0,0
4834597,524,4,4639376,4639376,4834597,4769632,195221,195221,0,0,0,0
4835540,557,4,4829390,4829390,4835540,4838426,6150,6150,0,0,0,0
4846683,555,1,4820618,4820618,4846683,4851978,26065,26065,0,0,0,0
4846916,556,1,4820620,4820678,4846916,4835339,26238,26296,58,0,0,0
4873513,528,4,4695321,4695350,4873513,4952035,178163,178192,29,0,0,0
4880465,565,1,4878738,4878738,4880465,4880463,1727,1727,0,0,0,0
4882643,553,4,4804855,4804855,4882643,4887680,77788,77788,0,0,0,0
4883891,527,4,4695290,4695290,4883891,4944830,188601,188601,0,0,0,0
4887357,566,1,4885620,4885620,4887357,4886764,1737,1737,0,0,0,0
4888496,567,1,4887117,4887117,4888496,4887853,1379,1379,0,0,0,0
4889694,568,1,4887894,4887894,4889694,4890388,1800,1800,0,0,0,0
4892654,554,4,4810870,4810870,4892654,4875491,81784,81784,0,0,0,0
4893232,569,1,4891412,4891412,4893232,4893941,1820,1820,0,0,0,0
4896129,570,1,4894407,4894407,4896129,4896930,1722,1722,0,0,0,0
4898095,560,4,4836320,4836320,4898095,4872445,61775,61775,0,0,0,0
4905147,558,4,4831679,4831679,4905147,4893493,73468,73468,0,0,0,0
4910030,559,4,4831786,4831786,4910030,4932072,78244,78244,0,0,0,0
4930201,573,1,4905375,4905428,4930201,4923526,24773,24826,53,0,0,0
4930358,572,1,4905368,4905368,4930358,4934368,24990,24990,0,0,0,0
4934984,564,4,4867324,4867324,4934984,4906182,67660,67660,0,0,0,0
4936016,574,1,4910787,4910787,4936016,4924838,25229,25229,0,0,0,0
4936022,575,1,4911112,4911112,4936022,4947428,24910,24910,0,0,0,0
4940030,563,4,4849339,4849339,4940030,4970430,90691,90691,0,0,0,0
4941392,562,4,4847985,4847985,4941392,4915709,93407,93407,0,0,0,0
4948754,582,4,4944021,4944021,4948754,4950525,4733,4733,0,0,0,0
4948758,583,4,4944021,4944021,4948758,4948106,4737,4737,0,0,0,0
4949749,585,4,4945241,4945295,4949749,4951523,4454,4508,54,0,0,0
4949767,584,4,4945235,4945235,4949767,4949815,4532,4532,0,0,0,0
4951050,577,1,4933348,4933348,4951050,4957062,17702,17702,0,0,0,0
4954789,580,1,4941906,4941906,4954789,4953415,12883,12883,0,0,0,0
4969485,587,4,4955329,4955329,4969485,4962728,14156,14156,0,0,0,0
4972752,581,1,4943145,4943145,4972752,4974283,29607,29607,0,0,0,0
4975168,586,1,4950105,4950105,4975168,4969391,25063,25063,0,0,0,0
4986058,591,1,4961283,4961341,4986058,4982918,24717,24775,58,0,0,0
4986307,590,1,4961281,4961281,4986307,4998046,25026,25026,0,0,0,0
5008121,594,1,4993941,4993941,5008121,5006853,14180,14180,0,0,0,0
5008132,595,1,4999439,4999439,5008132,5006521,8693,8693,0,0,0,0
5012531,598,1,5008474,5008474,5012531,5012991,4057,4057,0,0,0,0
5021905,576,4,4931024,4931024,5021905,5055959,90881,90881,0,0,0,0
5022606,589,1,4959394,4959394,5022606,5036109,63212,63212,0,0,0,0
5023024,588,1,4959394,4959394,5023024,5021531,63630,63630,0,0,0,0
5025291,561,4,4842455,4842455,5025291,5105878,182836,182836,0,0,0,0
5025768,578,4,4936560,4936560,5025768,4984569,89208,89208,0,0,0,0
5027873,602,4,5022963,5022963,5027873,5028269,4910,4910,0,0,0,0
5030662,596,1,5006402,5006402,5030662,5026219,24260,24260,0,0,0,0
5030997,597,1,5006913,5006913,5030997,5033820,24084,24084,0,0,0,0
5031695,579,4,4937415,4937415,5031695,5015213,94280,94280,0,0,0,0
5041532,571,4,4897447,4897447,5041532,5040790,144085,144085,0,0,0,0
5058953,603,1,5028303,5028303,5058953,5058159,30650,30650,0,0,0,0
5058955,604,1,5028815,5028815,5058955,5057753,30140,30140,0,0,0,0
5073878,593,4,4986899,4986899,5073878,5095933,86979,86979,0,0,0,0
5079493,592,4,4986899,4986899,5079493,5084511,92594,92594,0,0,0,0
5089775,599,4,5009189,5009189,5089775,5057188,80586,80586,0,0,0,0
5091576,600,4,5009302,5009302,5091576,5089262,82274,82274,0,0,0,0
5094184,607,1,5069252,5069252,5094184,5091005,24932,24932,0,0,0,0
5094635,608,1,5069907,5069907,5094635,5095807,24728,24728,0,0,0,0
5098034,601,4,5013472,5013472,5098034,5103833,84562,84562,0,0,0,0
5144668,613,1,5142942,5142942,5144668,5144595,1726,1726,0,0,0,0
5182888,609,4,5096136,5096136,5182888,5191324,86752,86752,0,0,0,0
5187426,610,4,5109224,5109224,5187426,5189139,78202,78202,0,0,0,0
5188537,612,4,5110031,5110087,5188537,5192527,78450,78506,56,0,0,0
5201293,605,4,5033338,5033338,5201293,5268265,167955,167955,0,0,0,0
5206546,614,4,5202078,5202078,5206546,5206189,4468,4468,0,0,0,0
5206791,615,4,5202154,5202154,5206791,5204741,4637,4637,0,0,0,0
5207307,617,4,5202797,5202854,5207307,5208521,4453,4510,57,0,0,0
5212821,616,4,5202794,5202794,5212821,5210639,10027,10027,0,0,0,0
5237366,620,1,5212571,5212571,5237366,5235413,24795,24795,0,0,0,0
5237371,619,1,5212571,5212571,5237371,5233933,24800,24800,0,0,0,0
5241531,622,1,5217024,5217024,5241531,5238686,24507,24507,0,0,0,0
5241621,621,1,5217024,5217024,5241621,5242136,24597,24597,0,0,0,0
5266087,606,4,5060912,5060912,5266087,5299086,205175,205175,0,0,0,0
5266486,611,4,5110027,5110027,5266486,5258833,156459,156459,0,0,0,0
5281104,623,1,5218045,5218045,5281104,5295476,63059,63059,0,0,0,0
5281492,624,1,5218046,5218105,5281492,5272864,63387,63446,59,0,0,0
5285577,627,4,5281170,5281170,5285577,5283976,4407,4407,0,0,0,0
5306707,630,4,5302207,5302207,5306707,5307003,4500,4500,0,0,0,0
5324603,628,1,5300019,5300019,5324603,5318831,24584,24584,0,0,0,0
5325747,629,1,5300411,5300411,5325747,5317108,25336,25336,0,0,0,0
5337206,633,1,5313532,5313532,5337206,5327495,23674,23674,0,0,0,0
5337246,632,1,5308695,5308753,5337246,5330726,28493,28551,58,0,0,0
5337258,634,1,5313533,5313592,5337258,5339499,23666,23725,59,0,0,0
5337859,631,1,5308693,5308693,5337859,5341508,29166,29166,0,0,0,0
5341969,635,1,5317383,5317383,5341969,5351784,24586,24586,0,0,0,0
5345467,636,1,5320434,5320434,5345467,5353117,25033,25033,0,0,0,0
5349797,637,1,5326064,5326064,5349797,5343403,23733,23733,0,0,0,0
5350082,638,1,5326083,5326124,5350082,5361092,23958,23999,41,0,0,0
5395392,641,1,5371839,5371839,5395392,5383902,23553,23553,0,0,0,0
5395680,640,1,5371839,5371839,5395680,5405583,23841,23841,0,0,0,0
5407823,625,4,5221097,5221097,5407823,5379792,186726,186726,0,0,0,0
5411533,626,4,5229011,5229011,5411533,5433045,182522,182522,0,0,0,0
5412859,618,4,5202844,5202854,5412859,5319150,210005,210015,10,0,0,0
5415990,639,4,5327676,5327703,5415990,5452572,88287,88314,27,0,0,0
5417973,646,1,5391494,5391494,5417973,5423501,26479,26479,0,0,0,0
5418504,645,1,5391494,5391494,5418504,5413689,27010,27010,0,0,0,0
5426201,647,1,5395000,5395000,5426201,5410705,31201,31201,0,0,0,0
5426636,648,1,5395001,5395060,5426636,5412153,31576,31635,59,0,0,0
5465775,643,4,5377007,5377050,5465775,5484173,88725,88768,43,0,0,0
5466685,644,4,5377437,5377437,5466685,5433068,89248,89248,0,0,0,0
5471553,649,1,5441443,5441443,5471553,5476330,30110,30110,0,0,0,0
5471997,650,1,5441570,5441570,5471997,5475784,30427,30427,0,0,0,0
5472494,642,4,5376990,5376990,5472494,5478777,95504,95504,0,0,0,0
5483134,651,1,5454052,5454052,5483134,5469322,29082,29082,0,0,0,0
5483657,652,1,5454357,5454357,5483657,5495383,29300,29300,0,0,0,0
5490679,653,1,5465672,5465672,5490679,5489317,25007,25007,0,0,0,0
5490942,654,1,5465993,5465993,5490942,5487068,24949,24949,0,0,0,0
5497312,656,1,5472498,5472554,5497312,5485209,24758,24814,56,0,0,0
5497603,655,1,5472497,5472554,5497603,5488855,25049,25106,57,0,0,0
5498860,657,1,5473262,5473262,5498860,5506127,25598,25598,0,0,0,0
5502342,658,1,5477249,5477249,5502342,5500561,25093,25093,0,0,0,0
5621138,660,4,5530424,5530424,5621138,5656593,90714,90714,0,0,0,0
5625636,659,4,5530356,5530356,5625636,5635579,95280,95280,0,0,0,0
5657147,662,1,5633391,5633391,5657147,5656400,23756,23756,0,0,0,0
5659224,663,1,5633502,5633502,5659224,5653874,25722,25722,0,0,0,0
5691101,661,4,5606601,5606601,5691101,5659504,84500,84500,0,0,0,0
5786597,665,1,5762914,5762972,5786597,5785387,23625,23683,58,0,0,0
5786861,664,1,5762912,5762912,5786861,5775552,23949,23949,0,0,0,0
5854861,666,1,5830938,5830938,5854861,5857820,23923,23923,0,0,0,0
5855035,667,1,5830939,5830998,5855035,5850681,24037,24096,59,0,0,0
5858150,668,1,5833126,5833126,5858150,5866036,25024,25024,0,0,0,0
5858208,669,1,5833143,5833186,5858208,5862426,25022,25065,43,0,0,0
5954047,671,4,5867383,5867425,5954047,5932198,86622,86664,42,0,0,0
5956230,673,4,5869869,5869869,5956230,5974072,86361,86361,0,0,0,0
5958226,672,4,5869646,5869646,5958226,5955097,88580,88580,0,0,0,0
5959653,670,4,5867365,5867365,5959653,5982862,92288,92288,0,0,0,0
5998062,674,1,5987096,5987096,5998062,6000689,10966,10966,0,0,0,0
5998646,675,1,5987750,5987750,5998646,5994286,10896,10896,0,0,0,0
6002128,676,1,5999106,5999106,6002128,6000941,3022,3022,0,0,0,0
6027320,680,1,6007600,6007600,6027320,6026437,19720,19720,0,0,0,0
6029475,682,1,6009718,6009718,6029475,6036277,19757,19757,0,0,0,0
6030095,683,1,6010074,6010074,6030095,6027179,20021,20021,0,0,0,0
6035071,685,1,6024171,6024171,6035071,6034140,10900,10900,0,0,0,0
6035403,686,1,6024179,6024231,6035403,6040305,11172,11224,52,0,0,0
6040430,681,1,6008657,6008657,6040430,6049097,31773,31773,0,0,0,0
6047666,684,1,6019535,6019535,6047666,6057301,28131,28131,0,0,0,0
6069026,690,1,6049141,6049141,6069026,6068853,19885,19885,0,0,0,0
6069122,689,1,6049141,6049141,6069122,6075563,19981,19981,0,0,0,0
6078802,677,4,6000093,6000093,6078802,6045040,78709,78709,0,0,0,0
6079447,692,1,6057548,6057584,6079447,6079525,21863,21899,36,0,0,0
6079825,691,1,6057524,6057524,6079825,6088948,22301,22301,0,0,0,0
6082791,694,1,6060811,6060843,6082791,6092109,21948,21980,32,0,0,0
6083286,679,4,6003339,6003339,6083286,6056656,79947,79947,0,0,0,0
6083550,678,4,6000849,6000849,6083550,6056717,82701,82701,0,0,0,0
6088352,693,1,6060604,6060604,6088352,6091545,27748,27748,0,0,0,0
6109875,698,1,6086175,6086175,6109875,6106091,23700,23700,0,0,0,0
6110192,699,1,6086314,6086314,6110192,6106355,23878,23878,0,0,0,0
6204832,706,1,6175066,6175066,6204832,6219457,29766,29766,0,0,0,0
6209473,708,1,6184166,6184166,6209473,6205747,25307,25307,0,0,0,0
6209535,709,1,6184167,6184226,6209535,6207430,25309,25368,59,0,0,0
6211828,707,1,6175069,6175126,6211828,6214318,36702,36759,57,0,0,0
6215751,688,4,6048024,6048024,6215751,6144252,167727,167727,0,0,0,0
6219207,710,1,6185771,6185771,6219207,6204697,33436,33436,0,0,0,0
6219772,711,1,6186011,6186011,6219772,6214293,33761,33761,0,0,0,0
6221057,712,1,6186475,6186475,6221057,6236588,34582,34582,0,0,0,0
6221257,713,1,6186678,6186678,6221257,6235102,34579,34579,0,0,0,0
6228141,687,4,6043848,6043848,6228141,6216145,184293,184293,0,0,0,0
6247392,696,4,6069250,6069250,6247392,6160346,178142,178142,0,0,0,0
6251323,701,4,6127246,6127246,6251323,6235133,124077,124077,0,0,0,0
6252374,695,4,6069134,6069182,6252374,6256252,183192,183240,48,0,0,0
6271434,697,4,6083650,6083650,6271434,6358615,187784,187784,0,0,0,0
6299899,700,4,6115474,6115474,6299899,6271002,184425,184425,0,0,0,0
6316599,705,4,6134728,6134784,6316599,6385106,181815,181871,56,0,0,0
6317881,704,4,6134724,6134724,6317881,6252163,183157,183157,0,0,0,0
6318117,702,4,6133054,6133054,6318117,6341300,185063,185063,0,0,0,0
6325100,703,4,6133139,6133139,6325100,6254427,191961,191961,0,0,0,0
6388525,716,4,6210513,6210513,6388525,6452456,178012,178012,0,0,0,0
6390093,715,4,6210317,6210317,6390093,6355271,179776,179776,0,0,0,0
6390389,714,4,6205706,6205706,6390389,6398664,184683,184683,0,0,0,0
6424402,721,4,6419769,6419769,6424402,6426594,4633,4633,0,0,0,0
6424487,722,4,6419775,6419829,6424487,6424767,4658,4712,54,0,0,0
6454925,725,1,6430165,6430165,6454925,6447197,24760,24760,0,0,0,0
6455876,727,1,6430422,6430422,6455876,6455668,25454,25454,0,0,0,0
6458988,728,1,6432576,6432576,6458988,6450163,26412,26412,0,0,0,0
6459437,729,1,6432578,6432636,6459437,6450663,26801,26859,58,0,0,0
6463677,732,1,6441054,6441054,6463677,6471708,22623,22623,0,0,0,0
6467083,733,1,6441059,6441114,6467083,6478037,25969,26024,55,0,0,0
6478023,734,1,6447826,6447826,6478023,6476433,30197,30197,0,0,0,0
6478275,735,1,6448012,6448012,6478275,6476082,30263,30263,0,0,0,0
6480032,736,1,6449212,6449212,6480032,6483501,30820,30820,0,0,0,0
6480736,737,1,6449433,6449433,6480736,6473254,31303,31303,0,0,0,0
6487009,743,1,6468018,6468018,6487009,6480751,18991,18991,0,0,0,0
6487103,742,1,6468018,6468018,6487103,6478131,19085,19085,0,0,0,0
6487884,718,4,6311061,6311118,6487884,6554515,176766,176823,57,0,0,0
6489488,724,1,6429919,6429970,6489488,6478834,59518,59569,51,0,0,0
6490221,723,1,6429910,6429910,6490221,6512078,60311,60311,0,0,0,0
6494296,752,4,6487491,6487491,6494296,6491475,6805,6805,0,0,0,0
6494329,753,4,6487495,6487551,6494329,6491536,6778,6834,56,0,0,0
6494831,754,4,6490265,6490281,6494831,6493352,4550,4566,16,0,0,0
6496547,731,1,6437338,6437396,6496547,6504733,59151,59209,58,0,0,0
6496884,756,4,6492146,6492146,6496884,6497662,4738,4738,0,0,0,0
6496893,730,1,6437336,6437336,6496893,6509385,59557,59557,0,0,0,0
6497961,746,1,6479711,6479711,6497961,6492683,18250,18250,0,0,0,0
6498606,745,1,6479542,6479542,6498606,6503917,19064,19064,0,0,0,0
6500009,717,4,6311058,6311058,6500009,6538263,188951,188951,0,0,0,0
6500716,749,1,6481700,6481700,6500716,6496090,19016,19016,0,0,0,0
6500777,750,1,6481700,6481700,6500777,6496067,19077,19077,0,0,0,0
6506444,762,4,6499715,6499715,6506444,6509185,6729,6729,0,0,0,0
6506598,763,4,6499717,6499775,6506598,6508121,6823,6881,58,0,0,0
6507281,766,4,6502825,6502825,6507281,6508553,4456,4456,0,0,0,0
6507453,767,4,6502828,6502885,6507453,6506601,4568,4625,57,0,0,0
6508272,757,1,6497214,6497214,6508272,6507689,11058,11058,0,0,0,0
6508538,764,4,6502024,6502024,6508538,6506812,6514,6514,0,0,0,0
6508695,758,1,6497218,6497274,6508695,6504078,11421,11477,56,0,0,0
6509709,765,4,6502676,6502676,6509709,6506573,7033,7033,0,0,0,0
6510151,761,1,6499108,6499108,6510151,6507947,11043,11043,0,0,0,0
6516065,768,1,6505275,6505275,6516065,6511699,10790,10790,0,0,0,0
6516107,769,1,6505283,6505335,6516107,6518102,10772,10824,52,0,0,0
6516478,770,1,6505455,6505455,6516478,6513581,11023,11023,0,0,0,0
6520442,760,1,6497668,6497724,6520442,6517452,22718,22774,56,0,0,0
6520827,759,1,6497664,6497664,6520827,6525741,23163,23163,0,0,0,0
6551858,783,1,6535081,6535140,6551858,6555297,16718,16777,59,0,0,0
6551949,780,1,6534656,6534656,6551949,6552451,17293,17293,0,0,0,0
6551984,782,1,6535080,6535080,6551984,6557398,16904,16904,0,0,0,0
6552051,781,1,6534657,6534716,6552051,6545857,17335,17394,59,0,0,0
6552987,778,1,6534514,6534514,6552987,6559683,18473,18473,0,0,0,0
6553236,779,1,6534515,6534574,6553236,6554341,18662,18721,59,0,0,0
6553917,784,1,6538909,6538909,6553917,6561311,15008,15008,0,0,0,0
6553936,785,1,6538910,6538969,6553936,6549163,14967,15026,59,0,0,0
6554017,739,4,6462106,6462161,6554017,6532062,91856,91911,55,0,0,0
6554561,738,4,6462101,6462101,6554561,6524585,92460,92460,0,0,0,0
6559001,786,4,6552690,6552690,6559001,6561614,6311,6311,0,0,0,0
6559938,787,4,6552894,6552894,6559938,6559697,7044,7044,0,0,0,0
6560014,788,4,6553670,6553670,6560014,6560078,6344,6344,0,0,0,0
6561319,789,4,6554537,6554537,6561319,6559122,6782,6782,0,0,0,0
6561610,790,4,6555338,6555338,6561610,6563104,6272,6272,0,0,0,0
6563341,791,4,6557206,6557206,6563341,6566022,6135,6135,0,0,0,0
6578481,792,4,6572542,6572542,6578481,6578749,5939,5939,0,0,0,0
6583844,719,4,6391532,6391532,6583844,6617052,192312,192312,0,0,0,0
6585766,794,1,6574426,6574479,6585766,6589201,11287,11340,53,0,0,0
6585780,793,1,6574419,6574419,6585780,6591342,11361,11361,0,0,0,0
6586073,795,1,6574833,6574833,6586073,6588428,11240,11240,0,0,0,0
6594135,796,1,6577600,6577600,6594135,6599573,16535,16535,0,0,0,0
6594449,797,1,6577605,6577660,6594449,6595235,16789,16844,55,0,0,0
6594467,798,1,6577816,6577840,6594467,6598753,16627,16651,24,0,0,0
6594561,799,1,6577820,6577840,6594561,6588657,16721,16741,20,0,0,0
6594872,771,4,6512847,6512847,6594872,6616384,82025,82025,0,0,0,0
6595565,772,4,6512848,6512907,6595565,6627979,82658,82717,59,0,0,0
6611280,773,4,6521844,6521844,6611280,6605960,89436,89436,0,0,0,0
6611459,774,4,6521855,6521904,6611459,6613244,89555,89604,49,0,0,0
6613552,777,4,6533296,6533296,6613552,6586240,80256,80256,0,0,0,0
6614091,776,4,6532776,6532776,6614091,6589119,81315,81315,0,0,0,0
6617070,775,4,6532476,6532476,6617070,6629882,84594,84594,0,0,0,0
6642237,800,1,6581489,6581489,6642237,6640675,60748,60748,0,0,0,0
6646859,807,4,6642379,6642379,6646859,6646637,4480,4480,0,0,0,0
6648288,801,1,6583588,6583588,6648288,6648111,64700,64700,0,0,0,0
6648664,741,4,6462515,6462548,6648664,6676496,186116,186149,33,0,0,0
6650479,744,4,6468333,6468333,6650479,6663423,182146,182146,0,0,0,0
6650763,804,1,6591790,6591849,6650763,6646260,58914,58973,59,0,0,0
6652331,803,1,6591789,6591789,6652331,6653877,60542,60542,0,0,0,0
6653086,810,4,6648404,6648404,6653086,6651005,4682,4682,0,0,0,0
6655256,812,4,6650792,6650823,6655256,6657232,4433,4464,31,0,0,0
6657014,813,4,6652401,6652401,6657014,6659142,4613,4613,0,0,0,0
6658918,755,4,6492062,6492062,6658918,6736359,166856,166856,0,0,0,0
6663550,747,4,6479879,6479879,6663550,6581656,183671,183671,0,0,0,0
6663656,740,4,6462488,6462488,6663656,6630966,201168,201168,0,0,0,0
6668106,809,1,6644171,6644171,6668106,6678194,23935,23935,0,0,0,0
6668124,808,1,6643842,6643865,6668124,6659802,24259,24282,23,0,0,0
6671510,748,4,6481379,6481379,6671510,6618795,190131,190131,0,0,0,0
6672661,751,4,6481867,6481867,6672661,6580522,190794,190794,0,0,0,0
6684072,814,4,6659693,6659693,6684072,6696137,24379,24379,0,0,0,0
6694219,817,1,6677852,6677852,6694219,6690819,16367,16367,0,0,0,0
6694565,818,1,6677854,6677912,6694565,6701097,16653,16711,58,0,0,0
6694704,816,1,6671391,6671391,6694704,6695320,23313,23313,0,0,0,0
6701526,820,4,6695125,6695125,6701526,6701052,6401,6401,0,0,0,0
6704422,821,4,6697676,6697676,6704422,6705651,6746,6746,0,0,0,0
6713458,805,4,6631279,6631279,6713458,6737488,82179,82179,0,0,0,0
6715581,806,4,6636792,6636792,6715581,6678081,78789,78789,0,0,0,0
6721644,720,2,6419521,6419521,6721644,6685768,302123,302123,0,0,0,0
6729816,811,4,6650154,6650154,6729816,6716709,79662,79662,0,0,0,0
6731174,823,4,6726597,6726597,6731174,6730658,4577,4577,0,0,0,0
6732306,824,4,6727697,6727697,6732306,6730219,4609,4609,0,0,0,0
6734577,726,2,6430228,6430228,6734577,6721743,304349,304349,0,0,0,0
6754349,815,4,6668807,6668807,6754349,6795451,85542,85542,0,0,0,0
6768705,802,2,6584791,6584808,6768705,6847361,183897,183914,17,0,0,0
6774839,819,4,6688327,6688327,6774839,6737837,86512,86512,0,0,0,0
6804688,822,4,6719753,6719753,6804688,6845939,84935,84935,0,0,0,0
6888207,825,1,6871624,6871624,6888207,6888283,16583,16583,0,0,0,0
6888237,826,1,6871627,6871684,6888237,6892566,16553,16610,57,0,0,0
6895392,827,4,6888749,6888749,6895392,6894323,6643,6643,0,0,0,0
6896769,828,4,6890032,6890032,6896769,6896469,6737,6737,0,0,0,0
6924412,831,1,6922772,6922772,6924412,6923877,1640,1640,0,0,0,0
6924551,830,1,6922772,6922772,6924551,6924969,1779,1779,0,0,0,0
6926505,832,2,6925547,6925547,6926505,6926829,958,958,0,0,0,0
6926955,833,2,6925550,6925607,6926955,6927544,1348,1405,57,0,0,0
6928799,829,1,6922653,6922653,6928799,6928411,6146,6146,0,0,0,0
6931737,834,2,6928879,6928879,6931737,6932453,2858,2858,0,0,0,0
6974711,835,1,6951540,6951540,6974711,6963186,23171,23171,0,0,0,0
6978458,836,2,6975081,6975081,6978458,6976998,3377,3377,0,0,0,0
6988862,837,1,6980890,6980890,6988862,6990145,7972,7972,0,0,0,0
7007658,839,1,6986210,6986269,7007658,6999798,21389,21448,59,0,0,0
7008289,838,1,6986209,6986209,7008289,7005918,22080,22080,0,0,0,0
7015585,841,1,7012292,7012292,7015585,7015164,3293,3293,0,0,0,0
7020302,842,1,7017171,7017171,7020302,7019070,3131,3131,0,0,0,0
7031412,844,1,7029788,7029788,7031412,7030675,1624,1624,0,0,0,0
7031416,843,1,7029788,7029788,7031416,7031242,1628,1628,0,0,0,0
7032122,845,1,7030589,7030589,7032122,7031847,1533,1533,0,0,0,0
7032709,846,2,7031494,7031532,7032709,7032586,1177,1215,38,0,0,0
7032734,847,2,7031495,7031532,7032734,7032257,1202,1239,37,0,0,0
7035624,848,1,7034133,7034133,7035624,7036271,1491,1491,0,0,0,0
7049980,849,1,7048263,7048263,7049980,7050454,1717,1717,0,0,0,0
7073440,850,1,7053431,7053431,7073440,7069409,20009,20009,0,0,0,0
7073510,851,1,7053433,7053491,7073510,7067934,20019,20077,58,0,0,0
7096079,840,4,7008630,7008630,7096079,7066450,87449,87449,0,0,0,0
7099305,853,1,7072849,7072908,7099305,7101238,26397,26456,59,0,0,0
7099817,852,1,7072848,7072848,7099817,7100480,26969,26969,0,0,0,0
7117626,854,1,7096433,7096433,7117626,7112983,21193,21193,0,0,0,0
7118705,855,1,7096437,7096493,7118705,7118618,22212,22268,56,0,0,0
7131491,856,1,7130172,7130172,7131491,7132063,1319,1319,0,0,0,0
7376535,860,2,7364539,7364598,7376535,7379623,11937,11996,59,0,0,0
7376696,859,2,7364538,7364538,7376696,7372596,12158,12158,0,0,0,0
7476002,857,4,7337415,7337415,7476002,7488567,138587,138587,0,0,0,0
7479275,858,4,7337591,7337591,7479275,7429658,141684,141684,0,0,0,0
7768786,861,1,7742218,7742218,7768786,7763282,26568,26568,0,0,0,0
7768898,862,1,7742218,7742218,7768898,7765394,26680,26680,0,0,0,0
7773530,865,1,7772019,7772019,7773530,7772790,1511,1511,0,0,0,0
7774854,864,2,7770158,7770158,7774854,7772939,4696,4696,0,0,0,0
7774868,863,2,7770158,7770158,7774868,7775079,4710,4710,0,0,0,0
7775923,866,1,7774433,7774433,7775923,7776209,1490,1490,0,0,0,0
7776271,867,1,7774723,7774723,7776271,7776771,1548,1548,0,0,0,0
7784009,872,1,7782507,7782507,7784009,7784066,1502,1502,0,0,0,0
7871141,871,1,7781996,7782054,7871141,7860128,89087,89145,58,0,0,0
7873795,870,1,7781994,7781994,7873795,7836090,91801,91801,0,0,0,0
7884521,874,2,7874425,7874425,7884521,7881726,10096,10096,0,0,0,0
7907955,868,1,7781473,7781473,7907955,7880128,126482,126482,0,0,0,0
7908094,869,1,7781473,7781473,7908094,7903624,126621,126621,0,0,0,0
7912246,875,1,7910536,7910536,7912246,7912960,1710,1710,0,0,0,0
7914922,873,1,7858722,7858722,7914922,7907402,56200,56200,0,0,0,0
