time,job_id,num_gpu,submit_time,start_time,end_time,ddl,executed_time,JCT,pending_time,preempt,promote,best_effort_job
2819,f68f22d6-bc91-7e70-fe6b-c3335ae66e80,64,2009,2059,2819,13122,760,810,50,0,0,0
3355,96eaab86-9c46-c60b-0f20-044fe4c2702c,64,2003,2059,3355,11289,1296,1352,56,0,0,0
3415,4e78ff92-6bcd-c784-a37f-02ea5c6c744d,64,2037,2059,3400,7887,1341,1363,22,0,0,0
3475,a24149d2-240c-039a-8054-033146dd7903,64,2008,2059,3423,9548,1364,1415,51,0,0,0
3647,0018d327-4e25-49b7-3f44-71c78e8ce97c,32,2009,2059,3647,6946,1588,1638,50,0,0,0
3707,c1d31857-23aa-1eee-0f63-917756e940d0,64,2003,2059,3672,13058,1613,1669,56,0,0,0
4087,71137ee0-d4e7-3c84-c236-06da176866ac,64,2002,2059,4087,6103,2028,2085,57,0,0,0
4354,a11b4fc9-8f06-7093-2b93-bcb89acf0e7e,64,1999,1999,4354,13212,2355,2355,0,0,0,0
4466,f2e329e1-35de-bfe2-df00-24257c536e6a,64,2004,2059,4466,13367,2407,2462,55,0,0,0
4526,18ddb9fd-5c1a-b58b-310f-85fb09846e09,64,2030,2059,4526,11812,2467,2496,29,0,0,0
4673,4bb33180-2347-21a4-7b89-9db1674a1e0d,64,2005,3355,4673,14941,1318,2668,1350,0,0,0
4733,d6fcbe84-6cbd-9525-f330-c7449cd5d050,64,1999,1999,4700,17604,2701,2701,0,0,0,0
4793,f7faf63f-5a60-c38a-439b-ada294f6ecd7,64,2008,2059,4743,12257,2684,2735,51,0,0,0
4853,a4337081-6f1c-2490-e09e-1447c0cbd7f1,64,2022,2059,4847,8508,2788,2825,37,0,0,0
4935,0ff65d5c-3307-04f8-eb0e-a5a7be477424,64,2011,2059,4935,6426,2876,2924,48,0,0,0
5164,ea433581-e14f-4c6c-5d4b-f5148ed933d9,64,2009,2059,5164,9966,3105,3155,50,0,0,0
5588,c7b2845e-7b8e-f100-36b9-4a4fecd5c075,64,2001,2059,5588,12810,3529,3587,58,0,0,0
6281,69390f06-ec8c-40ab-16b6-7e6140b4362a,64,2079,2119,6281,9383,4162,4202,40,0,0,0
6341,ec4b273b-6009-bfce-cdef-63f3beb2ebe0,64,2004,3707,6306,18347,2599,4302,1703,0,0,0
6784,e6c92435-03cd-ec7e-7f28-abc1ecb2a8ce,64,2033,2059,6784,8741,4725,4751,26,0,0,0
6873,c19b97a5-b4ce-288c-7b50-6c15a4f3fb4a,64,2021,3415,6873,15550,3458,4852,1394,0,0,0
7405,e16affea-109d-31cc-2513-486152b2e34a,64,2005,2059,7405,12373,5346,5400,54,0,0,0
7629,18ef8d67-3134-a068-bb0d-23f9470d6d80,64,2010,4354,7629,19025,3275,5619,2344,0,0,0
9718,c5114965-3e22-0af5-2fb2-c31ab54c6d26,64,2008,4466,9718,19185,5252,7710,2458,0,0,0
12005,fe7eb3ce-62db-ebaa-3a50-500f59aa3ea4,64,2014,4087,12005,18474,7918,9991,2073,0,0,0
15011,5d49b291-9281-a983-64f8-af859a1d353d,64,13239,13239,15011,16108,1772,1772,0,0,0,0
19687,e906ac4a-d180-3845-6802-9e40ea35e3bd,64,19567,19567,19632,20404,65,65,0,0,0,0
19875,aa731dae-20b0-4741-7459-c1d045ad299f,64,19599,19627,19875,20045,248,276,28,0,0,0
21138,2b0478f8-dba8-ca12-9611-47a1b50c0a6b,64,20545,20602,21138,22245,536,593,57,0,0,0
21311,0d2ae4e1-d0c3-e221-26ac-f92664460667,64,20542,20542,21311,21382,769,769,0,0,0,0
23230,53884625-0f1a-689f-863c-37eebed121aa,64,23025,23025,23230,24790,205,205,0,0,0,0
23303,039538d1-b73f-a11c-ba58-8c6ccd97dbbb,64,23030,23085,23303,23997,218,273,55,0,0,0
24314,099c9ecb-dd2c-e655-a21b-6afd3571c406,64,24254,24254,24297,25074,43,43,0,0,0,0
24634,2062508e-4b5a-3c21-bea6-b3ffd5f43ea5,64,24304,24314,24634,25090,320,330,10,0,0,0
25652,1c050631-6f63-4ef9-6633-cba57837891a,32,24970,25026,25652,36108,626,682,56,0,0,0
25766,17ecd119-5198-87c5-1e96-3bfcb359465e,64,24967,25026,25766,34803,740,799,59,0,0,0
25826,0cb6fe24-2c53-2a29-e0fd-0b54ef4405e7,64,24981,25026,25795,29086,769,814,45,0,0,0
26027,b921967c-17a8-c270-b64e-3b443299c5a2,64,22709,22709,25988,25623,3279,3279,0,0,0,0
26459,1048cfa0-f259-66d6-cf89-4c26c51c2b3e,64,24974,25026,26459,35615,1433,1485,52,0,0,0
26519,d9a8a70b-ef42-4c37-8827-f1e8ecf86a46,64,24978,25026,26460,32032,1434,1482,48,0,0,0
26652,88796f10-e7b0-6335-c707-f0c99c2bc85f,64,24978,25026,26652,34787,1626,1674,48,0,0,0
26772,f67deff5-81bf-5362-9ea7-a6655f8c35eb,32,24978,25026,26771,35378,1745,1793,48,0,0,0
27020,78b541ed-c824-bc15-4d95-96ddc4e26c8b,64,24983,25026,27020,32553,1994,2037,43,0,0,0
27087,122b4cf3-f54b-b47d-2ac6-2e1ae87c6ca9,64,24969,25026,27087,29082,2061,2118,57,0,0,0
27147,96c77e35-410c-53c6-c4f2-9f9680719434,64,24969,25026,27139,31798,2113,2170,57,0,0,0
27822,2a72b017-b508-317f-a184-230d8d7c6efd,64,24970,25026,27822,34339,2796,2852,56,0,0,0
27945,ab8c8c18-3380-02ec-d56f-075d273a3b52,64,26656,26712,27945,29390,1233,1289,56,0,0,0
28137,8a3220c2-0a66-e846-dc98-adc2966eaf3d,64,24989,25026,28137,36082,3111,3148,37,0,0,0
28197,53740400-3d00-95af-a215-07ffc6cebe71,64,24973,25026,28145,34872,3119,3172,53,0,0,0
28197,6f471d59-4587-56dc-e4b0-7a2bf3a6b11c,64,24978,25026,28166,35563,3140,3188,48,0,0,0
28354,8816dcc6-83ec-6bd5-5b7e-ba2b218b3288,64,24988,25026,28354,29577,3328,3366,38,0,0,0
28414,3347f392-f90e-5810-6ed2-a32ed612cb63,64,24975,26652,28359,39776,1707,3384,1677,0,0,0
28606,f8931f74-a3ee-1ca0-2742-d054a55d2641,64,24973,25826,28606,37782,2780,3633,853,0,0,0
29190,bbe953b4-2982-25c2-6d20-a3b6721b2ab8,64,24967,27945,29190,42180,1245,4223,2978,0,0,0
29461,ccaef9f7-6b0d-f8c4-9791-7ee40911d419,64,24981,27822,29461,41086,1639,4480,2841,0,0,0
29794,a815235d-f3c4-b23c-e0fd-a7e32ae8ff1b,64,24978,25652,29737,36772,4085,4759,674,0,0,0
30387,f4618f55-f49d-8364-5f3e-7fe29656ae50,64,29734,29734,30387,31219,653,653,0,0,0,0
30497,356bb0d8-546a-fa86-f8ad-b7e847aff8e1,64,24978,26459,30497,38583,4038,5519,1481,0,0,0
30557,750a9c79-21e6-1781-9f1d-9e6dff2985c5,64,24966,24966,30543,39042,5577,5577,0,0,0,0
30617,9cb7ac24-70a8-a066-2eaa-6a7bd8fe3413,64,24969,28197,30564,44608,2367,5595,3228,0,0,0
30617,157dc5d7-aee1-c31c-a90d-55f7491aa0aa,64,24969,28197,30577,44312,2380,5608,3228,0,0,0
30707,b2e4b144-6ec1-e445-82d6-b0271f7def7c,64,24967,26027,30707,37973,4680,5740,1060,0,0,0
30812,358ad68e-b84f-e48d-c1d3-ce224ceb4858,64,24968,28414,30812,48497,2398,5844,3446,0,0,0
30939,7b891d96-428f-5ddd-e32a-8c9d4f8c0b19,64,24974,25026,30939,35208,5913,5965,52,0,0,0
31009,b0827d23-ecdb-d8b9-f324-ff92fd1cdfc6,64,30190,30190,31009,32619,819,819,0,0,0,0
31656,4d4e6236-1b2d-9f36-02d5-30c3031d6dbd,64,24987,25766,31656,36783,5890,6669,779,0,0,0
32664,32a3bbdd-820c-9fbf-44a6-8a110998210b,64,24967,28606,32664,49523,4058,7697,3639,0,0,0
34247,978449ef-742e-570c-706f-fe3c12ddaf30,32,24981,29190,34247,52106,5057,9266,4209,0,0,0
34528,517ba1f3-14e5-5e74-7bdc-160c6c8d33e7,64,24977,29190,34528,52180,5338,9551,4213,0,0,0
34773,9a72a255-a614-8099-d9f5-7ccf78f75278,64,34073,34073,34773,35083,700,700,0,0,0,0
34833,94bbc2d1-36b6-d95f-63d2-3e7eed975e3c,64,25883,30557,34806,67985,4249,8923,4674,0,0,0
35035,1bf5241c-c91a-954c-fa33-51d4a7c526e7,64,24970,27087,35035,39849,7948,10065,2117,0,0,0
35519,cc0fc1a7-3b02-852c-319a-606d9b1b762e,64,27464,30617,35519,79073,4902,8055,3153,0,0,0
35885,e2ae7041-bebf-0ad9-2e4b-f7475bcbaad1,64,24972,27147,35832,41077,8685,10860,2175,0,0,0
37274,cd20063c-21e0-20e7-fc2c-17ff0a943503,64,24970,28354,37274,46052,8920,12304,3384,0,0,0
37914,e8517763-a6d0-07b4-0e6e-a62b4792e940,64,24974,28137,37914,42856,9777,12940,3163,0,0,0
38509,fe15f10c-acfa-a015-f95a-f453b11ddc42,64,37367,37367,38509,43440,1142,1142,0,0,0,0
38892,bfe0ebc8-b168-9df7-04fe-4baa3ab153b6,64,24973,30497,38892,58894,8395,13919,5524,0,0,0
39154,831b5be0-ac60-4c5c-ed16-7b84d90e9a63,64,38299,38299,39154,47827,855,855,0,0,0,0
40257,f6c3bc47-bd0e-c23c-2ad5-afee71ec9ddc,64,40093,40125,40257,41217,132,164,32,0,0,0
40377,2851b6fc-bb2c-f7c0-7f51-aa17d7b48efa,64,40092,40125,40354,40831,229,262,33,0,0,0
41129,4dfcdc88-6be9-61e6-44b9-4d91479c8871,64,39223,39223,41129,47337,1906,1906,0,0,0,0
41896,6d93439f-24ea-cc02-86b3-96e4fcde579b,64,25967,30707,41896,83509,11189,15929,4740,0,0,0
42200,3913fdba-1972-cf34-e178-2bc41f8b3428,64,38714,38714,42200,45146,3486,3486,0,0,0,0
43789,ab8688b1-9dde-2b35-9a57-39f9dcb2641f,64,26009,29461,43789,56098,14328,17780,3452,0,0,0
46824,ec4ebbd2-8133-3ad6-acb0-7785bac94e92,64,25824,30617,46824,68214,16207,21000,4793,0,0,0
58670,59b96217-3a90-ee15-d7b7-cfdb5fc88f34,64,27285,34773,58670,165234,23897,31385,7488,0,0,0
64204,689dfcb4-1ee5-9239-e1d2-eab241265b39,64,39731,41896,64204,243163,22308,24473,2165,0,0,0
64264,4abe44d1-a203-cc10-3be3-98d842a85922,64,22071,22071,64213,135394,42142,42142,0,0,0,0
69848,4e7abf3e-52ba-af28-fbb9-250e6f39018c,64,59960,59960,69848,84695,9888,9888,0,0,0,0
78877,aa08a3ce-ce68-fc29-9ca8-cf303f65cf88,64,78684,78740,78877,79573,137,193,56,0,0,0
79551,a59f83a9-f555-1f02-1ecb-a29f40e3da0e,64,78680,78680,79551,79641,871,871,0,0,0,0
83681,d2ed3095-eb47-09a1-8657-7c1424866375,64,83480,83480,83681,84212,201,201,0,0,0,0
86618,eaf3e8e5-21b7-c6d3-c807-29158c3ea4f7,64,86180,86180,86618,87058,438,438,0,0,0,0
86688,9e67d2cf-eec9-990d-9b7f-69db4bf0254c,64,86180,86180,86688,86892,508,508,0,0,0,0
94323,6c7da40d-1a32-0523-c1b9-4a408595f665,64,94086,94086,94321,95699,235,235,0,0,0,0
94662,416557c3-d929-290f-5dd3-4a3615693917,64,94087,94146,94662,94862,516,575,59,0,0,0
103714,8e3af02f-8d9e-ba40-e52f-fdd804d8a962,64,18742,18742,103714,119354,84972,84972,0,0,0,0
107668,e71e3bff-3243-37bc-ea0f-c0b54f7d3b10,64,21992,22011,107668,159464,85657,85676,19,0,0,0
110622,51bc3dc1-8b65-7926-6af3-61acdfff0f9d,64,5997,5997,110622,117998,104625,104625,0,0,0,0
116045,f94e7525-d971-e5db-af12-7ed7025b4029,64,40337,40377,116045,208933,75668,75708,40,0,0,0
116474,2b652307-3917-a559-a00e-16012edbc888,64,116217,116217,116474,120107,257,257,0,0,0,0
116842,9d06489a-f441-df52-4b06-70ba7600a94f,64,102811,102811,116842,210858,14031,14031,0,0,0,0
122399,d2a54233-5916-1b4b-600a-bf0e361a7b3a,64,122089,122136,122399,125462,263,310,47,0,0,0
122547,7398d6de-1f76-9e06-98bd-d6412b2dd741,64,122084,122136,122547,126424,411,463,52,0,0,0
122617,8afe227c-3af9-b333-fd2a-4b5b245b4406,64,122080,122136,122617,125020,481,537,56,0,0,0
122825,1b28c260-74dd-0438-2534-255494f276f0,64,122086,122547,122825,126912,278,739,461,0,0,0
122885,a7f91a6d-3b69-3df0-52ce-e1cc365faf8c,64,122079,122136,122853,124604,717,774,57,0,0,0
122885,06fc9487-9556-dbef-2a4b-9f96a85d084b,64,122076,122076,122863,127421,787,787,0,0,0,0
122991,d1107c6c-7449-2629-8b9f-390d9dc7ea1d,64,122087,122136,122991,125608,855,904,49,0,0,0
123051,793fcddf-50e3-45b1-c212-92d818c5df7c,32,122084,122136,123003,125394,867,919,52,0,0,0
123051,17e0d9ce-f7c2-de13-f8a7-118ab153728f,64,122088,122399,123039,126707,640,951,311,0,0,0
123263,04434ffb-a6e2-40c3-9746-3d8ce493b0a0,64,122077,122136,123263,126101,1127,1186,59,0,0,0
123323,441bc72d-2260-bff4-441b-f0496ae97091,64,122087,122885,123300,127817,415,1213,798,0,0,0
123323,58486647-1247-1666-4914-327497a8fea8,64,122077,122825,123306,127785,481,1229,748,0,0,0
123657,bdbc3428-4527-2c58-dcb7-7aa6bc3f95ac,64,122085,122136,123657,125089,1521,1572,51,0,0,0
123717,67bf31a8-3087-885a-a156-567d1fdc0976,64,122086,122136,123659,124854,1523,1573,50,0,0,0
123717,51199bd7-b53a-6532-cf64-b9c53130c055,64,122082,122136,123685,126488,1549,1603,54,0,0,0
123777,f2ecd0e1-829c-08e6-bcef-7d2990ac47c0,64,122081,122136,123720,124965,1584,1639,55,0,0,0
123777,77228106-2982-4629-7510-57385d23cbd5,32,122088,122885,123759,128218,874,1671,797,0,0,0
124004,bf124b3c-f25d-4cad-a012-cb40b221bbb3,64,122076,122076,124004,128242,1928,1928,0,0,0,0
124533,ac7b6134-07ea-96d6-0d6a-7f10ed4edbe0,64,122089,122136,124533,126464,2397,2444,47,0,0,0
124593,9a461b1b-6f91-60f0-8902-2ee4a627a2a4,64,122080,122136,124540,126544,2404,2460,56,0,0,0
124653,956ed12c-b60a-57fc-e04a-b2f3a8480e65,64,122089,123051,124653,128261,1602,2564,962,0,0,0
124837,16641aef-3dc5-1fd1-88ee-346788f2003b,64,122081,122136,124837,125537,2701,2756,55,0,0,0
124897,d3d1410a-3b43-6f9c-a165-cbbe84940a88,64,122089,122136,124877,125310,2741,2788,47,0,0,0
125002,227cca97-5ed8-f77f-1bf8-bc893fa03155,64,122078,123777,125002,130221,1225,2924,1699,0,0,0
125069,82b8e8af-a30d-c11f-bf8a-04de36a6655a,32,122083,123717,125069,129428,1352,2986,1634,0,0,0
125669,f9e2ae66-6cd0-76e4-bbba-b7dbe7850e75,64,122089,124533,125669,130761,1136,3580,2444,0,0,0
125729,597fab0a-4af3-d177-1eb4-20aa5cc8fa54,64,122086,123323,125713,129203,2390,3627,1237,0,0,0
126073,aa202379-e859-4c9b-5bd7-60a2b548571f,64,122078,123657,126073,129317,2416,3995,1579,0,0,0
126381,14c37b76-b8c3-00d1-1d37-b6daa88a6800,64,122088,124004,126381,130657,2377,4293,1916,0,0,0
126481,9139d231-6369-fece-e61e-01af1e016d92,64,122082,122136,126481,126227,4345,4399,54,0,0,0
126738,e352a517-756e-5e88-5e24-49cf0773dbd3,64,122078,124653,126738,131370,2085,4660,2575,0,0,0
127284,dcd51e40-80e7-4e70-97b5-0ca253464483,64,122089,123051,127284,128753,4233,5195,962,0,0,0
127463,7a0a516a-dca3-b684-350b-5793267c8ece,64,122089,126073,127463,136600,1390,5374,3984,0,0,0
127527,3427fefb-8a42-df00-4578-649b474fbe41,64,122085,123323,127527,129170,4204,5442,1238,0,0,0
127587,ec372754-5180-b302-f455-6fcb9a9ff77e,64,122096,123263,127535,129157,4272,5439,1167,0,0,0
127774,465a885d-7603-df2f-5d91-aa7fc24faec1,64,122087,125669,127774,135661,2105,5687,3582,0,0,0
128057,4273ddf2-ec32-d706-da00-036653f48874,64,122079,124897,128057,132539,3160,5978,2818,0,0,0
128117,995e874f-7291-6846-4404-1f78c16ace24,64,122088,124837,128088,132266,3251,6000,2749,0,0,0
128249,b71e8efb-df5b-c6d7-a983-5480fe175f28,64,122082,123717,128249,129559,4532,6167,1635,0,0,0
128479,4f365aaf-d1f2-b528-7ce1-37b2b8c4db09,64,122083,127284,128479,139140,1195,6396,5201,0,0,0
128539,f4583e89-3408-b563-48eb-ccabbbdbb72f,64,122077,126381,128512,136891,2131,6435,4304,0,0,0
129149,35cca7d6-840e-1b93-8588-f481df0c6c65,64,122093,123777,129149,129752,5372,7056,1684,0,0,0
129588,50a41877-02fd-85c3-45cb-3bbb363678e7,64,122082,125002,129588,132710,4586,7506,2920,0,0,0
129687,b2439afa-b63a-10a6-fd46-1abfc7539397,64,122081,126481,129687,137991,3206,7606,4400,0,0,0
129846,2051f5a9-629b-d223-d6e0-c6bcedfd8e34,32,31715,32664,129846,150010,97182,98131,949,0,0,0
129953,3a95bfdb-964c-3463-ee42-911d8f17ca76,64,122087,126738,129953,138218,3215,7866,4651,0,0,0
130478,4b366ddf-94a8-061c-6e2d-b5926df9afb3,64,122086,125729,130478,135731,4749,8392,3643,0,0,0
130702,c54b4863-5a0f-0ee6-b4e6-7fe8dfd36410,64,122087,127463,130702,139931,3239,8615,5376,0,0,0
132078,e34c88f9-ddae-f5c7-9cd3-a74b8f91a893,64,122083,127527,132078,140206,4551,9995,5444,0,0,0
145539,213b220a-d6bd-6a81-8bbe-5adfee3cbee9,64,90767,90767,145539,167678,54772,54772,0,0,0,0
149346,9208d532-f991-88c8-dd4b-d2e096e0af04,64,8745,8745,149346,122919,140601,140601,0,0,0,0
151590,2f811d1c-acdb-9bd6-88c1-399d4361f730,64,93219,116045,151590,226084,35545,58371,22826,0,0,0
153227,75f71342-d217-6a27-a910-430b5a542589,64,75452,75506,153227,215526,77721,77775,54,0,0,0
154366,4e5c3d77-25e6-a9b4-10c0-f8283f13e36c,64,37821,37821,154366,185235,116545,116545,0,0,0,0
155552,ae91b348-5c82-4072-06ce-8d965ce545b3,64,39689,39689,155552,232396,115863,115863,0,0,0,0
159242,59ca1f18-3bc0-e592-692d-57cfb529945f,32,158967,158967,159242,160311,275,275,0,0,0,0
161102,afc41858-d7fc-fdd7-426e-983f6938e501,64,31670,35035,161102,204791,126067,129432,3365,0,0,0
161829,27eb0d33-f3fa-5b58-6e8c-d0ba1c244a09,64,81714,81714,161829,181402,80115,80115,0,0,0,0
162319,988bf756-b621-4b30-bb58-11c3e2a53840,32,161929,161929,162262,163689,333,333,0,0,0,0
165738,e5495009-57cd-6dda-b7c4-86ea05f4b2f4,64,75449,75506,165738,202347,90232,90289,57,0,0,0
166756,f595fbf5-1c3f-ea58-87df-b17689c6602d,64,166392,166392,166756,168762,364,364,0,0,0,0
169809,b586e247-bd6e-2a50-7ca2-168329707595,64,3895,4526,169809,253778,165283,165914,631,0,0,0
170241,c8d98940-2058-d194-4b42-46fde844dd85,64,102952,154366,170241,249896,15875,67289,51414,0,0,0
170537,e7aad73a-fc65-b31f-10bb-9860901c95eb,64,81764,81774,170537,131253,88763,88773,10,0,0,0
175220,5bad287f-59bb-4917-a2d6-2c8b95e27771,64,174510,174510,175220,176456,710,710,0,0,0,0
182495,d041efa4-6d6b-7f76-ddaa-ed35784e6efe,64,93120,93120,182495,203380,89375,89375,0,0,0,0
185125,7c3f5178-7632-5a77-ffcc-7b27228fa24d,64,184650,184667,185125,189066,458,475,17,0,0,0
185491,39c694d8-7cd4-2970-5bd8-acfdc6ead979,64,184684,184727,185491,186817,764,807,43,0,0,0
185551,3fdddf8a-7ae4-e501-7ed4-1cd93f60a866,64,184846,184847,185514,188456,667,668,1,0,0,0
185663,48bd10a2-4440-667b-517b-0bcda03c81d9,64,184607,184607,185663,188843,1056,1056,0,0,0,0
185770,bed4edae-4d87-0074-9552-5187d913e4e1,64,184799,184847,185770,187476,923,971,48,0,0,0
185830,7986b96f-abcd-bf9e-4054-049dfddf383f,64,184624,184667,185785,190140,1118,1161,43,0,0,0
185830,d997e8e6-907d-5845-5967-354f26eb062a,64,184723,184727,185803,188568,1076,1080,4,0,0,0
185890,4f7c6ca8-02c4-c2d4-2c74-02f34058d678,64,184821,184847,185839,190118,992,1018,26,0,0,0
185950,080ad25a-3381-4eee-2fa6-abea1d780727,64,184765,184787,185949,189482,1162,1184,22,0,0,0
186047,eea34108-9917-441a-0167-c5e275469818,64,184887,184907,186047,188429,1140,1160,20,0,0,0
186238,9d9fd838-6f0a-3d9f-3d38-60051cc9721b,64,184747,184787,186238,186926,1451,1491,40,0,0,0
186354,7fb358e4-ca95-ae18-bf73-fd2c4b634bd5,32,184867,184907,186354,187374,1447,1487,40,0,0,0
186414,2b99d124-dcaf-fa81-8bec-22ae888a037b,64,184926,185125,186395,189976,1270,1469,199,0,0,0
186629,adb1cf96-47b9-134c-fcda-2b6adf5c4886,64,184947,184967,186629,188668,1662,1682,20,0,0,0
186920,5ba37a49-9357-64f5-e505-2431bcb42e08,64,184784,184787,186920,189828,2133,2136,3,0,0,0
187046,a0a75925-fb74-fa7b-bea5-35ef5bcecb84,64,184704,184727,187046,187101,2319,2342,23,0,0,0
187384,313286b6-72ab-e7da-2fcd-957777e37e9b,64,184905,184907,187384,187047,2477,2479,2,0,0,0
187890,986bdc1a-b60c-7a31-a7f6-a308c76200cc,64,184664,184667,187890,186863,3223,3226,3,0,0,0
188441,b4825f98-b352-05fd-9b74-f6b1ea9006a1,32,42442,42442,188441,183066,145999,145999,0,0,0,0
189685,1812dd1f-65c8-ab2c-6a2f-ffb41947200b,64,84338,84338,189685,217134,105347,105347,0,0,0,0
194777,c9d6d7f1-89e7-e312-ece3-184a253cb463,64,182922,182971,194777,232141,11806,11855,49,0,0,0
195048,77203e02-ba40-4375-b60b-787987601fed,64,182922,182971,195048,219835,12077,12126,49,0,0,0
196379,3ac1f765-9208-ba7d-51b7-90ceafffaf48,64,162742,162742,196379,207356,33637,33637,0,0,0,0
200168,f9e0b84e-7284-932b-14e3-53bfa2085cb6,64,182919,188441,200168,244951,11727,17249,5522,0,0,0
201139,1edee1ef-15a5-7357-b0bd-f789d305d1b3,64,182920,194777,201139,249585,6362,18219,11857,0,0,0
202727,e4342f95-cc97-f043-37d6-a7c173de4e86,64,182913,182971,202727,221979,19756,19814,58,0,0,0
203737,3f8204be-0d01-8774-5e06-f8c388c562f6,32,21951,21951,203737,240804,181786,181786,0,0,0,0
204396,bb4ff325-0d5c-ec15-8111-6fde053c99ac,64,182915,189685,204396,249034,14711,21481,6770,0,0,0
207256,5ccce823-b15a-019a-c56e-231ab6b54f0d,64,10576,10576,207256,203935,196680,196680,0,0,0,0
211139,4988e784-f13d-e936-6816-4d9a715dbf9a,64,182923,201139,211139,256957,10000,28216,18216,0,0,0
211993,876627c1-d8b0-9a78-31e9-fe090bc15d56,64,182923,202727,211993,260886,9266,29070,19804,0,0,0
213457,dd42a40a-70a0-b5a1-d145-ca4e64738f34,64,212795,212849,213457,218896,608,662,54,0,0,0
213573,19e11b22-3024-4cac-099b-164e5d33c915,64,212795,212849,213573,220210,724,778,54,0,0,0
213633,49a27dda-f078-4364-a82b-b4d05272b2d0,64,212807,212849,213593,221325,744,786,42,0,0,0
213633,bdbd9a66-40cf-c6e2-747a-5c9f42f78c75,64,212805,212849,213615,218592,766,810,44,0,0,0
213693,e7afb1ef-a459-3a16-7662-9b28c90360db,64,212791,212849,213692,221195,843,901,58,0,0,0
214099,c7414763-7348-4b47-c9fb-cfd6c6abccbd,64,212797,212849,214099,220413,1250,1302,52,0,0,0
214444,72871e1e-1e8d-0b34-0241-a1c89fe5d47e,64,212800,213633,214444,223363,811,1644,833,0,0,0
214612,d2330558-3c3f-7cd7-4528-9533f63911c3,64,212795,213633,214612,221821,979,1817,838,0,0,0
214765,a8f2f7c7-f3da-b18d-8ecd-11a7c94e797f,64,212800,212849,214765,219184,1916,1965,49,0,0,0
215036,5db2f7e9-f5fe-6632-5792-c8ad14858cd5,64,212804,212849,215036,219973,2187,2232,45,0,0,0
215228,59108ac7-a2fb-2650-a9cd-b6cc273963ce,64,212803,213573,215228,221684,1655,2425,770,0,0,0
215289,eddb1075-96d4-f1f4-533c-e405814ac398,64,212794,212849,215289,216601,2440,2495,55,0,0,0
215651,17890c9a-875a-ffb8-0101-561aa9feeddf,64,212789,212789,215651,218771,2862,2862,0,0,0,0
215916,9c466017-0096-d4c7-643b-e3fac6227ca0,64,212803,212849,215916,219236,3067,3113,46,0,0,0
216246,d3565194-1be9-35b8-8778-8d5c06245c29,64,212804,213457,216246,221338,2789,3442,653,0,0,0
217034,920fa21e-a99c-0296-7804-98b7546c95fb,64,212790,212849,217034,219956,4185,4244,59,0,0,0
217115,cb3eef0d-22e3-1edc-66c0-a8c8d1abc0ca,64,212799,214099,217115,223587,3016,4316,1300,0,0,0
217354,08052792-50f9-534a-4742-0da3dd0f2e32,64,75446,75446,217354,218821,141908,141908,0,0,0,0
217414,ad76aa21-bc22-982c-6e0a-2fb2bd5a6ebf,64,212798,214444,217372,223880,2928,4574,1646,0,0,0
217414,9ae06a76-bf1f-13ee-20f0-16e7c5f6cd64,64,212799,216246,217401,226982,1155,4602,3447,0,0,0
217627,a687dbd4-9f89-e810-43a6-22205b7d42f9,64,212802,212849,217627,218543,4778,4825,47,0,0,0
217687,916860ab-a9b3-fc0e-1d59-30a74df2e22d,64,212796,215036,217664,225108,2628,4868,2240,0,0,0
217911,c5075180-c763-6111-09f5-eaf8f67ea7fe,64,212799,215916,217911,226734,1995,5112,3117,0,0,0
218832,f6d4d363-7828-dd3c-d682-8b5a06c15db5,64,212802,215228,218832,225696,3604,6030,2426,0,0,0
219128,94393bf9-b6a8-6aab-eb11-86e3c8926767,64,212793,212849,219128,218543,6279,6335,56,0,0,0
219437,22e3ea02-9336-c8fd-13f9-41431da9f861,64,212798,217414,219437,228694,2023,6639,4616,0,0,0
219593,ac8e8985-5a02-b94e-22a8-64cf9fe4c86a,64,212805,217414,219593,229037,2179,6788,4609,0,0,0
219653,20a80fe9-b42d-b174-8145-14be5da83f2c,64,212792,215651,219600,226426,3949,6808,2859,0,0,0
219853,06290617-5722-b761-b44e-b507c0348cb4,64,212803,214612,219853,224026,5241,7050,1809,0,0,0
220777,6e8e9ddb-3081-d975-11f1-70a7d08ca709,64,212800,217627,220777,229294,3150,7977,4827,0,0,0
221196,d0ee26d0-5313-aa61-b2ba-a1d0c0258926,64,212799,217354,221196,228263,3842,8397,4555,0,0,0
221256,330739d1-7851-363b-6fb7-6a22a570a559,64,212794,217034,221223,228083,4189,8429,4240,0,0,0
221511,78ee2d01-8702-52e1-276d-70d1c9c1bff0,32,182914,182971,221511,239909,38540,38597,57,0,0,0
221737,78038f2c-11bf-0620-53f3-3b031063f709,64,212792,215289,221737,226386,6448,8945,2497,0,0,0
222634,5191c78b-426a-f77c-e983-22edb8833940,64,212790,217911,222634,230336,4723,9844,5121,0,0,0
222694,447b8d69-334a-c40b-d9ed-3607e7f66b2e,64,212803,217687,222646,230061,4959,9843,4884,0,0,0
222754,989d2f6b-5036-e29f-2a4f-5339a4c715eb,64,212797,219437,222746,231170,3309,9949,6640,0,0,0
223227,f846317e-8dde-2a2b-c69e-c79dcb1e0137,32,212791,217911,223227,230262,5316,10436,5120,0,0,0
223674,48be73ac-d96d-ca92-8aed-4cc419cdda2a,64,212796,213693,223674,223430,9981,10878,897,0,0,0
223861,9a9b4c58-079a-a6c5-d0ae-f9284c7e1856,64,212792,217115,223861,228214,6746,11069,4323,0,0,0
224697,377ee5b3-a0a0-2c9c-aba2-da75649a3585,64,218451,219653,224697,234998,5044,6246,1202,0,0,0
224993,ac067eef-2533-92a2-8cc5-1c4fb6c45d56,64,212796,220777,224993,239294,4216,12197,7981,0,0,0
227133,e500b84a-5547-2145-3579-6f6d087f03c4,64,212796,223861,227133,246830,3272,14337,11065,0,0,0
227834,362ee265-12cb-3d9d-3e6b-a40c3a25f8ef,32,212795,221737,227834,242312,6097,15039,8942,0,0,0
227963,5c1197e5-1670-24e5-47e1-98953075edd4,64,218449,218832,227963,230248,9131,9514,383,0,0,0
229350,8fe21e6b-3f4d-7dc3-3031-cbca3eff69f9,64,218449,218508,229350,227057,10842,10901,59,0,0,0
229458,0cc7dd37-1f62-b44a-6290-31ae2168f5b6,32,218451,221511,229458,240042,7947,11007,3060,0,0,0
230848,d162e1fc-3e9b-9b61-1643-fa81e0a4f125,64,212795,221737,230848,242994,9111,18053,8942,0,0,0
230908,a09a23c1-b0ce-74d3-323d-51648b45ac01,64,74021,74021,230898,158840,156877,156877,0,0,0,0
231533,93baaff4-e60d-aedd-dbe0-4f826896c5ed,64,218448,224993,231533,250452,6540,13085,6545,0,0,0
232298,77038021-639b-a9b7-7112-10665fdbba76,64,212795,224697,232298,246930,7601,19503,11902,0,0,0
234445,ab7d601a-fa29-f5c6-1d6c-883de82955f1,64,212793,223674,234445,246328,10771,21652,10881,0,0,0
235026,c49ce996-7ba8-0987-d987-3eff90aa8045,64,182914,204396,235026,263847,30630,52112,21482,0,0,0
235101,4f26414f-0718-27ee-3b69-429b5480f674,64,182920,182971,235101,239618,52130,52181,51,0,0,0
235292,3b6f4a0b-21f1-0c7c-e6bc-13bfea47385a,64,97070,132078,235292,236673,103214,138222,35008,0,0,0
235690,8341b213-fa22-0cd4-d3c0-fcef6229dc26,64,182911,182911,235690,256010,52779,52779,0,0,0,0
240231,6337aa95-e92c-5fb6-265d-985f81a02b6c,64,182913,182971,240231,243715,57260,57318,58,0,0,0
240307,01c4225e-be40-8b83-49c6-2b6b58974643,64,102872,170241,240307,286248,70066,137435,67369,0,0,0
241589,da379122-061a-c16e-b5e0-25b24aed19e0,64,182912,211139,241589,266566,30450,58677,28227,0,0,0
250181,1448dce6-30e0-7eb0-ca02-7b101ab98307,64,182920,235026,250181,276724,15155,67261,52106,0,0,0
251234,818ffe5c-6ee5-f233-1714-9b3cd3f6584a,64,40065,43789,251234,254489,207445,211169,3724,0,0,0
252203,be08c26d-2b1b-7244-e94a-dcc9bdee8f37,64,218451,219593,252203,234737,32610,33752,1142,0,0,0
254967,01de330d-3300-9301-796d-2780ae6587bb,64,182911,182911,254967,271668,72056,72056,0,0,0,0
258960,5fae8a16-8ad1-06c5-8f33-90bb25c1aa1b,64,182926,207256,258960,265982,51704,76034,24330,0,0,0
261935,6e3a9093-696f-310c-8ef3-182e13d3cbb0,64,259992,260051,261935,263370,1884,1943,59,0,0,0
263852,ac58732b-5b5c-269c-f266-edc3251a8295,64,259996,260051,263852,263730,3801,3856,55,0,0,0
263912,47044ab4-5a36-9481-614f-e562bd8aa97d,64,259993,260051,263868,268844,3817,3875,58,0,0,0
264430,cd6d0a68-d138-6313-f6af-ac772747f441,64,261790,261790,264430,266330,2640,2640,0,0,0,0
265318,155acae7-479b-9488-69c0-eefbf0d63940,64,182920,250181,265318,323519,15137,82398,67261,0,0,0
268820,53eccd06-1177-6b2e-b23d-85d8412b2d5d,64,182911,182911,268820,280503,85909,85909,0,0,0,0
270337,1ef7ee1a-5b24-e2ff-1326-11c64891eb4b,64,259994,260051,270337,269908,10286,10343,57,0,0,0
272943,23f89f0b-8f83-8327-8817-42b279e75943,64,272408,272460,272943,276198,483,535,52,0,0,0
273224,3a148d22-f5b7-722d-f41f-01422aed7b5a,64,272565,272580,273224,275210,644,659,15,0,0,0
273293,39242dd3-6e2a-6912-6f7a-9cc72f29332d,64,272524,272580,273293,274627,713,769,56,0,0,0
273484,11adb0d0-ad61-a634-0315-e733677af5c5,64,272386,272400,273484,274560,1084,1098,14,0,0,0
273577,8386ef49-86a6-c115-4568-ab65ff263c84,64,272501,272520,273577,274686,1057,1076,19,0,0,0
273637,5c3269ec-b67b-1c03-c866-07078c0708da,64,272596,272943,273632,276573,689,1036,347,0,0,0
273828,be57ffed-2bd5-8558-3f03-5377b6a6695a,64,272280,272280,273828,275918,1548,1548,0,0,0,0
273904,6bccf875-9b66-1371-d593-efa6b7504d58,64,272427,272460,273904,277539,1444,1477,33,0,0,0
273980,426fc7ed-cb82-8fd3-15a6-8e03daf45519,32,272353,272400,273980,274697,1580,1627,47,0,0,0
274275,85a417a8-1ccf-9aaa-0a28-dcda7144b3db,64,272336,272340,274275,276281,1935,1939,4,0,0,0
274801,242566bb-d903-21e7-5b41-dfe60fe7a70a,64,272295,272340,274801,277628,2461,2506,45,0,0,0
275003,5332282e-30b9-8724-17f0-c989b46c89c8,64,272542,273577,275003,277712,1426,2461,1035,0,0,0
275201,b7035c2c-89b0-227e-33d2-ba6555353587,64,272578,273904,275201,278725,1297,2623,1326,0,0,0
275382,1a0292c6-3397-2bb2-9ee0-03eebfb1b4d7,64,272368,272400,275382,277358,2982,3014,32,0,0,0
275502,7eb4fbf9-31ce-56ac-eee1-ae0bc19c9a47,64,259991,259991,275502,277815,15511,15511,0,0,0,0
275666,c2f90c7f-8ffd-0618-f795-d826e15fbaf2,64,272494,273828,275666,278225,1838,3172,1334,0,0,0
275726,2e6d747a-f87a-58be-fdb3-9ec6bc822252,64,272445,272460,275681,275918,3221,3236,15,0,0,0
275818,7d3bffe4-ca31-e88b-43c8-94e527e9ab67,64,272315,272340,275818,276489,3478,3503,25,0,0,0
275982,c43b5b86-c6a3-b496-c116-1510aca1e064,64,272484,272520,275982,275469,3462,3498,36,0,0,0
280929,075484e9-6b82-88ff-1727-6e91092cd9d9,64,182914,240307,280929,319646,40622,98015,57393,0,0,0
286063,c30eb2c6-e6d1-c2fd-3317-f58469e1ce25,64,136739,136739,286063,225094,149324,149324,0,0,0,0
286232,caf5fb13-e292-0320-1545-7e305391c950,64,113121,153227,286232,244522,133005,173111,40106,0,0,0
287597,ff483671-d1a5-88af-06cc-e8bf82b746ae,64,286840,286882,287597,288910,715,757,42,0,0,0
287657,59dfd4a9-d9ec-73eb-6614-247e31e21c01,64,286923,286942,287647,288833,705,724,19,0,0,0
287717,30057f5a-b6ac-a5ea-f26f-3ff2a7e02070,64,287059,287062,287694,289107,632,635,3,0,0,0
288013,f0936cf9-d3e4-a99c-f65a-40272e8c47e2,64,286863,286882,288013,289461,1131,1150,19,0,0,0
288107,0d434750-15cb-8de0-1702-3aabdd4e7ba6,32,286822,286822,288107,290490,1285,1285,0,0,0,0
288307,e8754664-2a2b-d7ef-75b9-4eb143cdb30e,32,286944,287002,288307,289383,1305,1363,58,0,0,0
288367,0e061dc3-1679-398e-a65d-737f4458adb3,64,286905,286942,288310,291682,1368,1405,37,0,0,0
288428,6f3e4c80-161d-73d5-a076-3f35b7ca739e,64,287120,287122,288428,289269,1306,1308,2,0,0,0
288488,28213218-121d-2e26-8459-490f33c2c5fe,64,286883,286942,288458,290775,1516,1575,59,0,0,0
288606,8ba2b870-33c6-906c-25a9-5ef281c6d68f,64,287020,287062,288606,292691,1544,1586,42,0,0,0
288666,05ef744e-8d3e-4eb7-048f-be8d616da1f0,64,287001,287002,288652,291698,1650,1651,1,0,0,0
288726,6af6cb6e-ba6b-4e73-7c16-0c8fb3a9625d,64,286981,287002,288681,289781,1679,1700,21,0,0,0
288831,367df64b-cc8a-8a54-4aa4-fdec89ed5946,64,287040,288367,288831,292724,464,1791,1327,0,0,0
288929,51c634f3-0064-8a3a-504a-1d15edbbf1fa,64,287135,287182,288929,291112,1747,1794,47,0,0,0
289363,7003052e-91ec-3b42-a02b-27296ab248dc,64,286962,287002,289363,291947,2361,2401,40,0,0,0
289489,191662ed-692a-ed5c-5a5c-8935b4a34fad,64,287079,287122,289489,290589,2367,2410,43,0,0,0
289820,8c013ad9-0258-0d13-d11f-f856c5e8a1a4,64,287155,287182,289820,291400,2638,2665,27,0,0,0
290030,7df8f9f5-b4d3-319a-539e-8bdf163116f3,64,27167,37274,290030,270291,252756,262863,10107,0,0,0
290090,bd4fea43-c1c0-5684-cd83-455933bccc5e,64,102915,258960,290039,328434,31079,187124,156045,0,0,0
290221,3bf42b73-6642-42ba-b7f1-3cfecd23a8a3,64,287100,287122,290221,291661,3099,3121,22,0,0,0
293801,3b5dc10e-708f-5753-2555-8f55b8b591e8,64,40294,64264,293801,352479,229537,253507,23970,0,0,0
294178,c2f6001d-94a9-b931-cf9f-8bfe7016b5a2,64,75447,75506,294178,253811,218672,218731,59,0,0,0
297386,9ce36ec1-da71-76ed-ab46-b44ce703bd73,64,40004,58670,297386,327085,238716,257382,18666,0,0,0
302127,4b50b0b5-6b42-0a0c-5edb-de197ad15cae,32,301407,301407,302086,305500,679,679,0,0,0,0
302188,6affb256-86cb-8d05-06cb-40bb06e96def,64,301471,301527,302188,304676,661,717,56,0,0,0
302248,da00c8e8-5edb-9936-e4e1-76ab345b7aae,64,301431,301467,302214,304721,747,783,36,0,0,0
302308,4dc59950-82b7-5c0c-b087-2af4121e1d14,64,301488,301527,302292,303755,765,804,39,0,0,0
302368,e032c8db-032f-b3ff-9518-ffb505c19491,64,301876,301887,302313,304546,426,437,11,0,0,0
302814,01fab3cc-8f3b-4740-f341-4c2456f44cd3,64,301545,301587,302814,303703,1227,1269,42,0,0,0
302874,80825d81-fa8b-a9ea-f063-963998430845,64,301563,301587,302828,305501,1241,1265,24,0,0,0
302934,10dd0cb0-8ef6-1095-a90a-506cf93458f0,64,301683,301707,302900,304165,1193,1217,24,0,0,0
303057,863508e8-d630-915c-c137-46f507cea38d,64,301911,302248,303057,305716,809,1146,337,0,0,0
303117,a94f26a6-f0e7-8110-0838-f963392c949b,64,301526,301527,303090,305131,1563,1564,1,0,0,0
303177,fd5d4f2f-999e-89c8-6d44-08712f8fc1c1,64,302059,302067,303133,304783,1066,1074,8,0,0,0
303237,247c6b75-12c6-dceb-fc8a-3ec8c7a07101,64,301622,301647,303235,305775,1588,1613,25,0,0,0
303480,ab5f4853-9dd4-036c-32bd-1ee7d7dff33b,32,302035,302067,303480,304204,1413,1445,32,0,0,0
303540,2ad95f99-ee13-64d8-8531-2f2b811660f9,64,301936,301947,303493,305304,1546,1557,11,0,0,0
303600,203b16f7-9a9c-15b6-e18d-103c6461693d,64,301765,301767,303549,305983,1782,1784,2,0,0,0
304273,e5481243-2093-159f-f510-4c9818561a8a,64,301717,301767,304273,304969,2506,2556,50,0,0,0
304333,61443d2a-0885-3ab5-639d-6b97500b27fe,64,301666,301707,304302,305544,2595,2636,41,0,0,0
304393,997932d9-63c9-995f-7c84-c97daabacd74,64,302017,303177,304392,306299,1215,2375,1160,0,0,0
304453,f45ddec8-545b-f479-84cc-ee627f0fe046,64,301787,303600,304431,306531,831,2644,1813,0,0,0
304513,5fa410a9-e0d6-976e-239e-1bb19417588b,64,301703,301707,304504,306236,2797,2801,4,0,0,0
304573,729c3d81-cebe-3ba3-534c-e352f5415562,64,301857,301887,304546,304898,2659,2689,30,0,0,0
304913,f0adc54d-cf6b-c6fd-fd0b-a0a74687b61e,64,301507,301527,304913,305989,3386,3406,20,0,0,0
304973,5257cb94-76a9-e442-5ece-bade0a60a6b6,64,301584,301587,304954,306415,3367,3370,3,0,0,0
305033,14e55e6f-9144-0dce-4e29-60f32efbc3c9,64,301602,301647,304990,306599,3343,3388,45,0,0,0
305033,f8681e09-19b5-0229-8367-c4ca0cee4ead,64,302089,302934,305022,306149,2088,2933,845,0,0,0
305223,5facb6b3-2117-3a19-1e8a-c5c9f16e4738,64,301647,301647,305223,306258,3576,3576,0,0,0,0
305283,cf615333-c230-b981-8cca-5070f517de55,64,301894,304513,305234,307009,721,3340,2619,0,0,0
305390,16d0ede2-7609-1355-ce67-da9171eb9eba,64,301975,304573,305390,307026,817,3415,2598,0,0,0
305450,d42e63d0-11ec-2389-71b8-18f909892a36,64,301736,303237,305409,306409,2172,3673,1501,0,0,0
305814,c4a91377-751a-38d2-e124-7e6919f03307,32,301992,304513,305814,306765,1301,3822,2521,0,0,0
305983,1e29ca77-662e-7b01-9232-33d094681f2a,64,188361,211993,305983,266918,93990,117622,23632,0,0,0
306098,250323fc-5111-3de8-e942-c1d2faadc30a,64,301821,302874,306098,306139,3224,4277,1053,0,0,0
306523,dd3de079-e2e9-01a5-72d4-b8d81aefcd64,64,301454,301467,306523,306642,5056,5069,13,0,0,0
306746,fa8e8e04-5f3e-710e-76cc-1cd404b9885b,64,301804,304453,306746,306751,2293,4942,2649,0,0,0
307424,bed3c3da-8b1d-3dd5-8fba-eca836fc43f4,64,301840,304913,307424,307129,2511,5584,3073,0,0,0
307484,fec20c82-3bf8-d81c-9b90-60769c842f34,64,302073,304973,307471,307262,2498,5398,2900,0,0,0
308275,797d80f0-a190-a8da-19e8-16199c3bca26,64,301955,304393,308275,306656,3882,6320,2438,0,0,0
309680,c805613d-f0b7-1b1b-e9cc-b934edca60d8,64,222481,251234,309680,324465,58446,87199,28753,0,0,0
314677,c7071fe9-f87a-cb62-8545-1d2399f2e459,64,112618,151590,314677,244371,163087,202059,38972,0,0,0
319409,6ca033c0-2b53-f07d-c53b-6402d6bdd5cd,64,302345,306098,319409,337163,13311,17064,3753,0,0,0
320093,9fc245ef-5ec5-6234-7e8c-a2dddca95d74,64,302345,305033,320093,312594,15060,17748,2688,0,0,0
322606,d4b09e38-dedc-7f98-cd9f-047a92c1b7b4,64,274147,275982,322606,335174,46624,48459,1835,0,0,0
326112,c6fe3eda-89d2-d964-3080-8a71aae117e4,64,112911,182495,326112,307511,143617,213201,69584,0,0,0
330712,4fa45b6d-28f4-42ad-987c-0e93b1491592,64,327161,327161,330712,332034,3551,3551,0,0,0,0
336883,89ce203d-a54b-be34-519a-e275050c72b2,64,265680,265680,336883,303075,71203,71203,0,0,0,0
341505,d06125e2-c842-4b10-e292-3b09db7c8d92,64,302345,306523,341505,340730,34982,39160,4178,0,0,0
345614,77785ecf-c46f-7040-0aa4-593077625f4a,64,330864,330892,345614,406409,14722,14750,28,0,0,0
347502,9c811004-9369-075c-36cd-11f7c1faaa3d,64,347157,347157,347502,347835,345,345,0,0,0,0
349098,9312cb88-8f61-2b71-ce73-d65aba10006a,64,330783,330832,349098,372623,18266,18315,49,0,0,0
349337,4864d1f1-cee7-698d-03c6-77dcce5c3cc3,32,339284,339341,349337,367975,9996,10053,57,0,0,0
352025,0161f550-9e28-f107-0999-2148bdb366cb,64,339281,339281,352025,351825,12744,12744,0,0,0,0
352321,046f7ef3-aedf-3a6f-9230-d0bd603c9cdb,64,351807,351844,352321,356126,477,514,37,0,0,0
352409,29dd3267-63aa-caa1-dcf7-b7003160c28a,64,351642,351664,352409,355567,745,767,22,0,0,0
352469,39a94ca9-a362-bcea-a572-ed78236634c7,64,351695,351724,352417,354549,693,722,29,0,0,0
352469,dd7c4ab2-2945-a80c-7db6-a5299e50dce7,64,351770,351784,352418,353640,634,648,14,0,0,0
352529,4cbdb176-14d5-6504-503a-eff3d8bfa2ff,64,351754,351784,352522,354879,738,768,30,0,0,0
352589,e971c792-c70a-d761-924f-4729b9ba77a0,64,351833,351844,352581,353756,737,748,11,0,0,0
352651,5650e485-9142-094e-30fe-4912baed6139,64,351718,351724,352651,356673,927,933,6,0,0,0
352896,28ae700c-a204-1023-e2d3-32a256601afc,64,351622,351664,352896,355212,1232,1274,42,0,0,0
353298,ebaa725f-c94d-8235-faf0-740038e191f9,32,351869,351904,353298,354730,1394,1429,35,0,0,0
353678,d4231c12-93a9-47fe-d258-33a4b2d106be,64,353061,353083,353678,355514,595,617,22,0,0,0
353951,e2436a0f-2281-430f-814d-39659ae7f5c4,64,344090,344090,353951,348748,9861,9861,0,0,0,0
354049,a4bebbbb-9c77-d0df-5ba9-36d543cd1818,64,351790,352469,354049,357137,1580,2259,679,0,0,0
354109,3219ffb5-4976-e64f-332e-2391670008c9,64,351851,352589,354064,357528,1475,2213,738,0,0,0
354469,ec498bc2-13cd-f1ed-baa5-ec58328f7f62,64,351890,352025,354469,356168,2444,2579,135,0,0,0
354689,ff245ca5-7339-39c2-0c1b-fe598e40bd73,64,351674,351724,354689,354958,2965,3015,50,0,0,0
354767,def97158-07bb-e72d-130d-0e0712da8c52,64,351928,352469,354767,357047,2298,2839,541,0,0,0
354844,f40dbc07-a959-74a7-f601-281a62ebd322,64,351604,351604,354844,355895,3240,3240,0,0,0,0
354964,edde2b72-4ee3-5ae4-fc31-43d83fcf2e82,64,351657,351664,354961,356107,3297,3304,7,0,0,0
355024,1aa6ad56-6afe-6fef-61d5-794e749df0c6,64,351912,352409,355019,356935,2610,3107,497,0,0,0
355559,6ec1067d-49bd-ab55-743f-ec2d69931529,64,251857,251857,355559,320089,103702,103702,0,0,0,0
356058,23623069-9ac9-bf47-1422-3615e19c4115,64,351735,351784,356058,357348,4274,4323,49,0,0,0
356217,f2639a50-fbd4-8a1f-1b9f-6528b65cb796,64,330759,330772,356217,359071,25445,25458,13,0,0,0
361377,886d7a41-c638-28e2-1591-df25ec2ed5ea,64,353027,354964,361335,431924,6371,8308,1937,0,0,0
361893,bd80d21c-3ca7-af66-7494-f395f7ace9a1,64,361629,361653,361835,362413,182,206,24,0,0,0
363183,1833ce4c-925e-aa40-3bc2-be92bec4a23a,64,361742,361773,363183,372354,1410,1441,31,0,0,0
363269,7fa3b886-6674-379b-bf3d-f1cdeee87d19,64,361898,361953,363269,371791,1316,1371,55,0,0,0
363500,88c67179-f97f-6305-dcc0-b6a580c28d35,64,362074,362133,363500,372888,1367,1426,59,0,0,0
364088,654608e9-0a27-facf-42a4-ca175de5c829,64,361661,361713,364088,379448,2375,2427,52,0,0,0
364696,e03bc381-f097-fab0-3f41-131e64a3b17e,64,364226,364268,364696,367695,428,470,42,0,0,0
365097,b31bd453-802f-57db-1e1b-378f95216b70,64,364187,364208,365097,368037,889,910,21,0,0,0
365218,7e1bce66-8491-badb-1bb3-ab787d2510c3,64,364413,364448,365218,367782,770,805,35,0,0,0
365352,5aa8186e-0f31-ee25-fde7-08eba7f2caba,64,364208,364208,365352,367712,1144,1144,0,0,0,0
365429,271c77fb-c46e-b946-7db9-188fcc298f03,64,364262,364268,365429,367294,1161,1167,6,0,0,0
365505,bd184de7-4dc3-188f-9b66-dc6b7e2a7343,64,364398,364448,365505,366698,1057,1107,50,0,0,0
365565,ca0bcf27-a78b-2373-5285-e52e67c174f5,64,364282,364328,365515,369126,1187,1233,46,0,0,0
366101,b5920752-939c-0c0a-824c-028029670256,64,362001,362013,366101,369656,4088,4100,12,0,0,0
366161,8a3bf756-2702-e18b-5bdd-9d47fd3fc681,64,364359,364388,366123,366939,1735,1764,29,0,0,0
366221,5979bfa0-3e79-d6c7-3dc8-a2f52e3bc589,64,364133,364148,366168,368607,2020,2035,15,0,0,0
366281,d8546c18-5b0b-853a-6911-c01012f87aab,64,364117,364148,366270,366640,2122,2153,31,0,0,0
366420,43bbf970-1d55-41e9-a0ae-2ad772e57e5c,64,364171,364208,366420,366064,2212,2249,37,0,0,0
366506,26849827-788e-1f4c-76c6-5bb61568644a,64,364243,364268,366506,366941,2238,2263,25,0,0,0
366566,4e4cd532-ffa9-3696-05bd-1336e5807900,64,364322,364328,366536,369391,2208,2214,6,0,0,0
366667,67577a98-d3fe-5480-a0ca-bbc6f0d65ed0,64,361860,361893,366667,369557,4774,4807,33,0,0,0
366727,a178adee-0d1a-8ef8-363b-2e8c7bc81653,64,364435,364448,366697,368319,2249,2262,13,0,0,0
366727,16994191-5a82-b7c5-aa61-9dcc12215992,64,364299,364328,366706,367997,2378,2407,29,0,0,0
367304,4379980c-af46-4f4c-106f-142e70137cb0,64,364340,365352,367304,369301,1952,2964,1012,0,0,0
367459,ff578aec-05bd-6037-058c-42e3622a982c,64,364154,364208,367459,369716,3251,3305,54,0,0,0
367791,e18da35d-9219-d814-c0ca-f1bf96246497,64,362138,362193,367791,373832,5598,5653,55,0,0,0
367852,a4bb4c6f-dd6b-35fd-10d7-6bb9b4d92efc,64,358420,358420,367852,379775,9432,9432,0,0,0,0
367912,e70fd0a9-c4fb-5e08-2fcb-f6aefcf11c29,64,364375,364388,367906,368166,3518,3531,13,0,0,0
368132,111a0a9f-8b50-46c4-240d-17c7f110c485,64,362217,363269,368132,379455,4863,5915,1052,0,0,0
368738,49e8033d-c248-6e0e-d845-1d78b82e322d,64,361932,361953,368738,382082,6785,6806,21,0,0,0
368822,0c31b756-8113-b25d-7502-080bb049b37c,64,362107,362133,368822,376350,6689,6715,26,0,0,0
369363,3c46b492-6a5b-43f4-d775-d1f9ea4f2825,64,361823,361833,369363,379152,7530,7540,10,0,0,0
369715,3c3d9165-8131-c64e-02f7-3779fd725bbb,64,360743,360743,369715,377683,8972,8972,0,0,0,0
370459,0edc3a1e-cc43-8189-6dd2-5797d7e5e0d8,64,362176,362193,370459,377354,8266,8283,17,0,0,0
370669,2f18d04f-0ea4-1071-c2eb-543c50308e8c,32,361317,361317,370669,383239,9352,9352,0,0,0,0
371732,c1a9bbf7-b2d0-f4eb-f212-5e241668e5af,64,362035,362073,371732,380003,9659,9697,38,0,0,0
372830,c6514738-fecd-09a4-61ab-61e1d3056c96,64,360783,360803,372830,375299,12027,12047,20,0,0,0
372943,a8c44a26-eb4a-8ddd-0d92-6923e3b443a4,64,290417,290417,372943,381394,82526,82526,0,0,0,0
373035,6ca30135-ea91-af19-d427-448f977a4f38,64,361964,367852,373035,381464,5183,11071,5888,0,0,0
373667,42f14a77-7127-c20f-3399-ad4c79509aa0,64,349950,349950,373667,430402,23717,23717,0,0,0,0
375840,7b481e28-0093-b2bc-83fe-f4984c8e4973,64,361593,361593,375818,380337,14225,14225,0,0,0,0
376738,5a5a7666-3292-671c-3143-70f9dc886c88,64,375780,375780,376738,376945,958,958,0,0,0,0
380089,66d75ce8-f59c-0794-8aa2-3eeec24cb6bf,64,353028,373667,380089,454333,6422,27061,20639,0,0,0
380390,601eedd7-339e-8a9e-c5e0-f21db70196c2,64,255462,290221,380390,389238,90169,124928,34759,0,0,0
381392,43f7a752-7277-795b-5b19-10e02e8b04fc,64,380712,380724,381392,383689,668,680,12,0,0,0
381462,08362837-f684-5a24-cf96-9b2de50f887b,64,380643,380664,381462,382592,798,819,21,0,0,0
381754,588f6e35-5108-22fc-afb7-654a521560a9,64,380659,380664,381754,384852,1090,1095,5,0,0,0
382029,45c0000b-542f-e6fd-bdf7-4d2a8efc5d3b,64,380734,380784,382029,385212,1245,1295,50,0,0,0
382125,db6581b8-4baf-7391-40ab-80e213d62f89,32,380620,380664,382125,382803,1461,1505,44,0,0,0
382185,97a68b1e-0814-3118-2e12-444841df0da1,64,380847,380904,382157,384507,1253,1310,57,0,0,0
382185,cee135aa-8548-9f9f-88d1-16dd620d74ea,64,380792,380844,382164,385097,1320,1372,52,0,0,0
382550,1d97bbd7-4129-d49c-8dff-155233ea0283,64,380774,380784,382550,385865,1766,1776,10,0,0,0
382610,cbbcac2d-808f-3e9a-d85a-a8a8929ddfa2,64,380604,380604,382586,384125,1982,1982,0,0,0,0
382733,40785616-d186-dcd6-a2f9-2cd41757e1ab,64,380907,381462,382733,385669,1271,1826,555,0,0,0
382857,41fdb7a0-239b-15b2-6deb-c7c0dfa1cfac,64,380889,380904,382857,383332,1953,1968,15,0,0,0
382978,1324b2bd-15d8-ee77-83d0-23e260400628,64,380694,380724,382978,382926,2254,2284,30,0,0,0
383176,d4b5f0a4-12fe-4c0b-09fa-7e20ae2abeee,64,382226,382245,383176,383484,931,950,19,0,0,0
383236,9cd9ad8a-21dc-d88b-45c2-3a8583cb1302,64,380754,380784,383195,383997,2411,2441,30,0,0,0
383359,821d4dde-eb10-2e8c-1590-01784f1642f4,64,380833,380844,383359,384044,2515,2526,11,0,0,0
383776,5d68db78-6b7f-701c-54ce-0cc7a4146063,64,380873,382610,383776,386574,1166,2903,1737,0,0,0
383875,030f61ae-ab48-6306-36cc-bf26569a7d32,64,380927,382185,383875,386197,1690,2948,1258,0,0,0
383935,8b975ceb-4185-32d1-2834-d41e899e8754,64,380678,380724,383897,386925,3173,3219,46,0,0,0
384294,b2e944ba-4d99-aab2-b399-2cb5e49506f6,64,380811,382029,384294,385813,2265,3483,1218,0,0,0
386115,a520acc1-fb82-6c67-2edb-ecfaf4ad0ee5,64,353023,354844,386089,431059,31245,33066,1821,0,0,0
386546,a8abae77-d2cd-55c8-3eb6-98784679a7ca,64,386102,386115,386546,390567,431,444,13,0,0,0
386633,5e19807d-adba-a177-5623-45462682baf8,64,386142,386175,386633,388954,458,491,33,0,0,0
386818,f146c7b8-0e28-5b1d-9b89-598ed4d3d4c7,64,386163,386175,386818,390243,643,655,12,0,0,0
387211,9798c889-b1f5-87af-9677-6752f11e2194,64,386217,386235,387211,391023,976,994,18,0,0,0
387329,ba1447c5-ce79-acff-0b98-0b5c059bc913,32,386044,386055,387329,389199,1274,1285,11,0,0,0
387392,6bed5374-6a60-2de3-e44a-75e07e53acb0,64,386200,386235,387392,390395,1157,1192,35,0,0,0
387495,10328a49-8fe3-45b0-615c-1f731c3780e0,64,386030,386055,387495,390668,1440,1465,25,0,0,0
387606,db929a0b-f0ad-f5d2-e7d7-c9dcbe7241b6,64,386295,386295,387606,390853,1311,1311,0,0,0,0
387666,3458cda5-7c95-6f81-8570-a421adf56e12,64,385995,385995,387622,391027,1627,1627,0,0,0,0
387726,06cb1453-8c72-6935-6d5f-c69ba87dc0a2,32,386255,386295,387686,389117,1391,1431,40,0,0,0
387786,5e4cd0a8-af52-da96-db8e-573bcd9732c0,32,386239,386295,387745,388612,1450,1506,56,0,0,0
387786,9c78a40b-bed5-96a6-99fa-e100f5345585,32,386277,386295,387776,390856,1481,1499,18,0,0,0
387846,989242b7-f849-31a7-834c-cca6f7569453,64,386010,386055,387804,390422,1749,1794,45,0,0,0
388391,1a44636b-289c-c58b-f622-13d0f543ed00,64,386085,386115,388391,391544,2276,2306,30,0,0,0
388451,9e3eaa2a-841c-ac8b-b699-35dd1ed15480,64,386309,386355,388423,390169,2068,2114,46,0,0,0
388566,c7258528-8b8a-cef6-a8a2-7e542edc6ad4,64,386155,386175,388566,391157,2391,2411,20,0,0,0
388903,10885cae-f749-3d6d-e54a-892041b9bb93,64,386179,387329,388903,391168,1574,2724,1150,0,0,0
389700,71e44976-7d9a-43d8-47ff-9933033ed34f,64,386062,386115,389700,392262,3585,3638,53,0,0,0
390733,84c94678-25aa-09a1-2528-55eec50c3cfa,64,380176,380176,390733,385268,10557,10557,0,0,0,0
391684,c2ac97da-b5a9-96c9-e53d-72855f0679aa,64,380408,380450,391684,385722,11234,11276,42,0,0,0
392805,75239ff4-2ce6-84b0-038b-f6318d5e8815,64,352090,355024,392805,433016,37781,40715,2934,0,0,0
396621,7bf0092e-255e-c2cd-7df2-ad00108950bb,64,353024,356058,396621,441303,40563,43597,3034,0,0,0
400455,de8b7b8a-a305-1838-3cfe-66beebc88789,32,351860,376738,400455,462161,23717,48595,24878,0,0,0
400821,2b15169e-e2db-1afd-8f20-a7a0d191560b,64,290418,297386,400821,439799,103435,110403,6968,0,0,0
404011,44e5fb30-38de-634b-ac1c-0e6b5915ced5,64,349677,380089,404011,473189,23922,54334,30412,0,0,0
404158,3b6ceb07-fb56-01bd-dcd5-5f02b2a9e6ee,64,302342,309680,404158,413070,94478,101816,7338,0,0,0
414950,d54552f8-d5ec-d196-eabc-090c1c959c89,64,349643,392805,414950,482298,22145,65307,43162,0,0,0
415633,356e6421-8b3c-04dd-4351-8e575e59e75d,64,348462,400821,415633,488947,14812,67171,52359,0,0,0
419063,267067ad-a6f2-1ba3-0e01-c9c0ea5df4d9,64,389550,389550,419063,430203,29513,29513,0,0,0,0
425085,5dc7be3a-f444-aeff-c239-40fc43ece745,64,424086,424116,425085,425303,969,999,30,0,0,0
426023,a8bde531-10c3-b4d1-8cee-f102b267cc0c,64,273627,320093,426023,443819,105930,152396,46466,0,0,0
427956,928811d5-4690-fefb-3dd9-b6b4cb6d4776,64,425324,425324,427956,431706,2632,2632,0,0,0,0
431272,46b16cbe-4ba6-4fdb-45c7-b0c0860c16a9,64,162259,286232,431272,369080,145040,269013,123973,0,0,0
434285,fc45b31a-fd57-eca0-f2b7-9657fec5814f,64,411893,411893,434285,507046,22392,22392,0,0,0,0
435111,9d71986c-1f22-310c-1e2e-5a03f422a50b,64,434664,434721,435111,435331,390,447,57,0,0,0
435171,b5662a0d-e0f9-14a6-8403-573de08a0c42,64,434661,434661,435169,435382,508,508,0,0,0,0
435231,09fb8130-6068-fbee-3c96-2a4a107a72d9,64,434670,434721,435221,436138,500,551,51,0,0,0
435394,3436cc72-9877-a885-e2cc-9145a08d041d,64,434664,434721,435394,436202,673,730,57,0,0,0
435454,4e34c4bd-a10d-c6bd-5bfd-895002ba6c9b,64,434666,434721,435398,435358,677,732,55,0,0,0
437212,a087f1f7-362c-d741-adb7-20dfaedabda6,64,411698,411698,437212,501537,25514,25514,0,0,0,0
442080,c12d3710-fc6c-6bcc-a915-be12e5334178,64,108897,280929,442080,335425,161151,333183,172032,0,0,0
444766,a85c6fea-7229-2f69-9df0-e5b42caf2eca,64,444245,444299,444766,446957,467,521,54,0,0,0
444826,02d9b8a6-8bbe-f055-6370-534c7b0a4a87,64,444293,444299,444778,446797,479,485,6,0,0,0
444826,9972889b-1442-d72e-9be4-dd96520e7ca2,64,444297,444299,444780,448119,481,483,2,0,0,0
444826,3a67d038-8a87-fbec-30dd-7682328ad443,64,444283,444299,444810,447620,511,527,16,0,0,0
444826,622157d0-ca95-cd2b-0201-ef759a719624,64,444280,444299,444823,447068,524,543,19,0,0,0
445068,3a3d161f-11c6-0eb9-8d42-82de6cf227db,64,444289,444299,445068,447127,769,779,10,0,0,0
445240,bd38d140-0c81-7199-77d7-82b2fd8124c1,64,444843,444886,445216,447338,330,373,43,0,0,0
445300,4722ff16-a4c6-3f8a-61ad-68a0f62deea5,64,444289,444299,445246,447058,947,957,10,0,0,0
445300,e521393a-3867-acd3-eafb-73276a36c062,64,444242,444766,445251,448404,485,1009,524,0,0,0
445300,d02312d9-fdcb-3956-87fc-ff29a541d05e,32,444242,444299,445271,447284,972,1029,57,0,0,0
445360,b640e7d2-6e8b-d8a9-3e6f-bbfbce29d1a3,32,444241,444299,445336,446730,1037,1095,58,0,0,0
445360,4847746c-52d1-5ee1-533c-121b9e8132a4,64,444263,444826,445342,448569,516,1079,563,0,0,0
445420,69b11e4d-1910-ee43-339d-d42c0261d14c,64,444263,444826,445388,448436,562,1125,563,0,0,0
445743,e22c3f0c-a25e-59d4-11e5-567ee85a32d4,64,444239,444239,445743,447988,1504,1504,0,0,0,0
445909,007f99fe-be89-0728-6da0-16c398f63690,64,444262,444299,445909,447140,1610,1647,37,0,0,0
446032,72227e55-1290-f792-ef25-cd20226568f6,64,444249,444299,446032,447204,1733,1783,50,0,0,0
446163,8dbf68e6-6f4a-96db-3921-0844c9f0b01a,64,444261,445360,446163,449057,803,1902,1099,0,0,0
446223,0e18d114-26ee-f7c8-8e96-6e91e07fd2cf,64,444260,445420,446209,449132,789,1949,1160,0,0,0
446283,fd329cc0-e153-d7e9-e0ee-7ffe0f8c08a7,32,444252,445300,446243,448773,943,1991,1048,0,0,0
446569,a08fae51-5f73-9083-4ad3-77d8e76adac1,64,445180,445180,446569,446869,1389,1389,0,0,0,0
446716,3340f3fe-86c9-8bcb-af10-d4446e931116,64,444276,446163,446716,449314,553,2440,1887,0,0,0
446776,3550861a-e6ea-756a-4ea8-a9f265782e57,64,444257,445909,446751,449180,842,2494,1652,0,0,0
446836,3de5d3d6-4403-4cf4-1df8-5b5ec9c00887,64,444255,444826,446830,448464,2004,2575,571,0,0,0
446944,6e893264-40ae-c033-8d99-c9a4575dbdfe,64,444242,444826,446944,448666,2118,2702,584,0,0,0
447004,47becdc4-bbf5-ad6d-41b1-6807a036a75d,64,444250,445300,446986,448774,1686,2736,1050,0,0,0
447004,a84eda7e-d6e3-fdbd-06ac-3b98b1f349b4,64,444311,445300,446994,448815,1694,2683,989,0,0,0
447064,385a567b-d8a9-c712-9810-72f2357ed01f,64,444251,446569,447011,449507,442,2760,2318,0,0,0
447124,008151cf-cca4-f67d-56c4-bd1abe217520,64,444251,445360,447066,448926,1706,2815,1109,0,0,0
447124,295e7968-8ca9-7308-e72b-c3d1d5289f59,64,444265,446776,447088,449640,312,2823,2511,0,0,0
447296,e5d2c337-13ba-4fa7-c206-1c27df85d8f4,64,444285,447004,447296,449786,292,3011,2719,0,0,0
447356,adbb1a57-ec6c-964e-03af-b325cf18c78e,64,444284,446836,447335,449695,499,3051,2552,0,0,0
447534,93936dba-e732-d57a-9bc7-cef811e6fe56,64,444285,447064,447534,449900,470,3249,2779,0,0,0
447738,e0ebca62-e644-df29-abcd-3bf084028dac,64,444276,445743,447738,449149,1995,3462,1467,0,0,0
447840,c5c0cef8-8127-19bf-69ca-a38a2eb9c72a,32,444239,444239,447840,449707,3601,3601,0,0,0,0
447900,5818a8f8-000a-4571-2b3a-b935e6747dde,64,444239,444239,447851,450013,3612,3612,0,0,0,0
447900,af341416-bb5c-95ec-a913-2c5da57c7e4c,64,444285,447534,447874,450110,340,3589,3249,0,0,0
447996,2ecdb9c7-de2b-b4cd-b060-f80d363e887a,64,444290,446223,447996,449329,1773,3706,1933,0,0,0
448190,4904133b-80ab-f561-ae82-d0de2c382794,64,444247,446944,448190,449724,1246,3943,2697,0,0,0
448310,eb36e5d3-e7d2-859c-9f26-95975d385b35,64,444277,447296,448310,450027,1014,4033,3019,0,0,0
448370,0a44b229-af3b-4315-11f2-b01b93731894,64,444269,447356,448337,450042,981,4068,3087,0,0,0
448444,b261dc7a-8bda-4904-2b79-128676d90c5d,64,444254,446716,448444,449588,1728,4190,2462,0,0,0
448529,848eccd1-f15e-77e5-bb0b-ac530857971c,64,444289,447996,448529,450589,533,4240,3707,0,0,0
448896,66132323-fbbc-4b33-bdd5-168b32a26082,64,444272,448444,448896,450894,452,4624,4172,0,0,0
448956,0d62753a-e651-1c00-004b-798332c9aa77,32,444256,447900,448911,450379,1011,4655,3644,0,0,0
449021,48a5d85b-ef69-3c13-6149-0d3330fea208,64,444260,446032,449021,449268,2989,4761,1772,0,0,0
449081,f577c16b-e849-d669-283d-50623541b5f2,64,444264,448529,449030,450922,501,4766,4265,0,0,0
449081,3b477415-f4df-32d4-07fb-e54fcf65c5eb,64,444294,447004,449039,449786,2035,4745,2710,0,0,0
449081,5e48dc83-5dd8-2c73-e591-9e95ad07fb89,64,444269,448190,449063,450745,873,4794,3921,0,0,0
449141,004f0bd4-b3e4-aee1-3702-b5c7c6a0928c,64,444250,448310,449096,450751,786,4846,4060,0,0,0
449201,d4b80875-f133-c409-2f45-cd68bfb3409e,64,444265,447900,449177,450541,1277,4912,3635,0,0,0
449413,2128e419-79c8-05d0-4431-bcd99d455b0d,64,444248,448956,449413,451050,457,5165,4708,0,0,0
449482,7a4d4123-6b95-775e-d056-1f858fc744f2,64,444258,447738,449482,450285,1744,5224,3480,0,0,0
449551,cf552ad0-85ac-3436-6e61-71368ba6229a,64,444259,449021,449551,451109,530,5292,4762,0,0,0
449611,80cca1b5-d940-db56-477f-a579ec804fbe,64,444270,449081,449566,451332,485,5296,4811,0,0,0
449611,bd9cdf6c-37b5-591e-7531-0d6e2770f4b5,64,444284,447900,449598,450422,1698,5314,3616,0,0,0
449790,01608f50-8766-cb1f-da3e-b1fd0f6503d3,64,444274,449201,449790,451544,589,5516,4927,0,0,0
449872,0fe5cb38-c112-9a1c-434b-221781dbcf3d,32,444275,448896,449872,451046,976,5597,4621,0,0,0
449991,21a371a4-4a6c-1769-ca6c-8d0e9baee960,64,444270,448370,449991,450890,1621,5721,4100,0,0,0
450155,7e8b63c7-bb97-d4cf-16dd-461497f2632e,64,444243,447124,450155,449930,3031,5912,2881,0,0,0
450317,12ace9cf-f019-f697-710a-ddd577dd1500,64,444276,449081,450317,451238,1236,6041,4805,0,0,0
450946,dbadc5f6-fb9a-a29b-45ba-23f9d367b85e,64,444241,449141,450946,451378,1805,6705,4900,0,0,0
452252,1419e2b6-cc7d-26e8-0e23-f0f1f9e4c802,64,444266,449081,452252,451111,3171,7986,4815,0,0,0
454464,df64dd96-d692-fedb-0f4b-ebaeec7e32b7,64,454191,454224,454464,456447,240,273,33,0,0,0
454587,f6e044d8-f49d-0b66-a5ae-ae7a756ade9f,64,454217,454224,454587,456360,363,370,7,0,0,0
454647,03259756-d10a-a52e-6f11-3e4caf89c88b,64,454206,454224,454592,456420,368,386,18,0,0,0
454647,947c7ca4-76dd-1913-393f-cfdc536898d9,64,454175,454224,454595,456391,371,420,49,0,0,0
454647,6407833b-dab0-ca33-a4d7-fa854a91ea7c,64,454169,454224,454611,456402,387,442,55,0,0,0
454647,c2e36100-2285-0d20-f42a-2e2db890f9de,64,454222,454224,454612,456382,388,390,2,0,0,0
454782,5cf33dbe-63df-c156-4642-77556c0353d8,64,454207,454224,454782,456502,558,575,17,0,0,0
454870,7bbe3f83-5c8c-9777-20dc-0af5964542c7,64,454200,454224,454870,456382,646,670,24,0,0,0
454930,22dedc6e-78f0-950a-0833-438f84e731dd,64,454200,454224,454874,456081,650,674,24,0,0,0
454990,5d402be0-614a-ef1d-e6da-135cf11bb3a4,64,454225,454284,454939,456157,655,714,59,0,0,0
455397,fab1c659-6613-5aba-fcb7-77077e8cdc06,64,454183,454587,455397,456528,810,1214,404,0,0,0
455602,57739b1a-1217-e47d-25cc-2891016062ec,64,454224,454782,455602,456697,820,1378,558,0,0,0
455662,83650d72-35ab-296a-a548-0580b5977927,64,454221,454647,455614,456600,967,1393,426,0,0,0
455662,1021a447-2062-3e09-c5e9-ac16f0a39c37,64,454176,454647,455639,456631,992,1463,471,0,0,0
455846,b062f6dd-32b3-3da5-67ea-e2c697a4a116,64,445341,449413,455846,453687,6433,10505,4072,0,0,0
455906,f7d28c53-b97a-a292-a7e9-94255a6f121e,64,454165,454647,455857,456689,1210,1692,482,0,0,0
455969,a3a38db8-4f15-5159-95fa-a1adc3086e19,64,454198,454990,455969,456882,979,1771,792,0,0,0
456163,f5f6cef2-5345-78bf-64b4-5afab7ab6d77,64,454164,454164,456163,456589,1999,1999,0,0,0,0
456223,20547f0b-67b0-449d-d337-ffb9a60522e5,32,454216,455397,456184,456974,787,1968,1181,0,0,0
456283,fb259a1c-c02f-72e8-57fa-1a62bc2dbee6,64,454233,454870,456236,456730,1366,2003,637,0,0,0
456343,ce470114-3d21-570f-ef6e-72b56d9d590e,64,454212,455906,456300,457519,394,2088,1694,0,0,0
456343,cd7b7c9f-bdb4-064c-4215-256005759ce6,64,454173,454930,456310,456841,1380,2137,757,0,0,0
456422,db55704b-dcb5-c935-0de2-0043a114634e,64,454204,456163,456422,457623,259,2218,1959,0,0,0
456482,3e451808-d11d-b704-3943-56431d5cd8a1,64,454165,455602,456445,457023,843,2280,1437,0,0,0
456482,dfba8ac7-5bd0-5b3e-191d-2f3f325a8f15,64,454195,455662,456454,457101,792,2259,1467,0,0,0
456589,b3ab8815-95c6-23d5-6c01-20fc3e6a8d02,64,454235,456283,456589,457672,306,2354,2048,0,0,0
456649,67dfa63d-91a8-eae5-2575-4e468e67b536,64,454196,455397,456623,456995,1226,2427,1201,0,0,0
456837,67cfc9f5-50ae-240e-193e-a33eaa838d58,64,454166,455969,456778,457586,809,2612,1803,0,0,0
456837,147622ee-7829-83d2-6096-99eb7d14ea23,64,454167,456422,456809,457878,387,2642,2255,0,0,0
457042,1f0ea331-e0fc-26a8-c282-de9462da4d2d,64,454211,455846,457042,457464,1196,2831,1635,0,0,0
457148,f3b092b7-3364-cf27-7b9b-04e7d490e1fd,64,454227,456343,457148,457686,805,2921,2116,0,0,0
457208,8ab620cb-7231-5ec9-70f6-aa9e0adfa95f,64,454211,456343,457151,457794,808,2940,2132,0,0,0
457208,59a9e2c2-bb44-c902-552b-1c4d3fee1a11,64,454232,455662,457186,457113,1524,2954,1430,0,0,0
457335,16b78c58-3394-3fed-735f-ccd8adff4da0,64,454165,456837,457335,458028,498,3170,2672,0,0,0
457414,e1a4a9a2-b856-61ec-cfd3-38c213ace073,64,443550,443607,457414,455827,13807,13864,57,0,0,0
457474,d4fffc41-c787-69fe-b538-2098be044ca4,64,454174,457208,457445,458499,237,3271,3034,0,0,0
457474,d6d84e3f-007c-f59a-74a8-8049e6d20d55,64,454168,456482,457458,457940,976,3290,2314,0,0,0
457621,42e2b268-881a-0739-d9f2-e33fcb740b48,64,454200,456649,457621,458008,972,3421,2449,0,0,0
457758,35221040-38ea-6895-7c15-ac8726ec5fd2,64,454181,457335,457758,458544,423,3577,3154,0,0,0
457818,1d3505fa-90b3-36c5-f9e0-348373c2dafe,64,454204,457474,457779,458626,305,3575,3270,0,0,0
457818,4f3a0984-4b34-e1dc-a45b-31e4fd69a54f,64,454206,457148,457803,458281,655,3597,2942,0,0,0
457914,b77971a3-862f-96e8-6783-6e3a716c442a,64,454186,457621,457914,458789,293,3728,3435,0,0,0
458122,3e5f105e-adbd-a356-3a8e-40429d196aa8,64,454209,457474,458122,458724,648,3913,3265,0,0,0
458243,b2c72514-387b-d068-ebf1-5d392d08cc3a,64,454201,457414,458243,458554,829,4042,3213,0,0,0
458363,35a31843-23f5-6f06-91a7-32c5d268a503,64,454190,457914,458363,458910,449,4173,3724,0,0,0
458464,6c128b4b-f386-c230-3a62-8422fa5d7be9,64,454169,457208,458464,458480,1256,4295,3039,0,0,0
458559,6941c808-b0e0-d52f-ccf7-2f2cb69477de,64,454186,458122,458559,459072,437,4373,3936,0,0,0
458650,69d7f528-d21a-e0a6-78ef-930e06a592bb,64,454221,457042,458650,458222,1608,4429,2821,0,0,0
458781,9dca9fc0-3d99-b917-fd98-074b1cf56ebb,64,454177,457818,458781,458909,963,4604,3641,0,0,0
459028,2df39885-027b-e918-3c97-d495d3d5d0b3,64,454183,458559,459028,459481,469,4845,4376,0,0,0
459088,da3ea443-efc3-8120-4166-8a540ccd98fb,64,454221,458363,459037,459237,674,4816,4142,0,0,0
459268,4d926ca6-a4db-5fed-e664-3dc801eb82f1,64,454224,458781,459268,459571,487,5044,4557,0,0,0
459328,ff7726a1-a0f9-895f-02db-f4aa9a1ae500,64,454181,457818,459272,458864,1454,5091,3637,0,0,0
459328,039b4d8a-6e39-efc2-4713-b5d5b236eb7a,64,454177,458650,459297,459550,647,5120,4473,0,0,0
459437,686079e6-0ba5-0021-62c2-50c070ec47fd,64,454217,456837,459437,458166,2600,5220,2620,0,0,0
459522,8b8c12e4-2ff6-90cf-c303-34abea51cc41,64,454165,456482,459522,457968,3040,5357,2317,0,0,0
459582,c56d09f4-57e7-fa67-4aa4-e8ca9347bb11,64,454210,459028,459523,459605,495,5313,4818,0,0,0
459582,f1a30eb7-807b-16dc-0121-bbe2c2b2c5d3,64,454190,459268,459562,459668,294,5372,5078,0,0,0
459714,b8a81707-157a-a2a2-c933-daec6c08c349,64,454229,456589,459714,457978,3125,5485,2360,0,0,0
459774,c372710d-1d47-a6b9-42f0-5e1e03053c1e,64,454213,458243,459724,459220,1481,5511,4030,0,0,0
459896,43a9b0f8-dc13-2bcf-5296-68f1cb963098,64,454190,459088,459896,459640,808,5706,4898,0,0,0
460084,0e3f7030-e0ec-8d2e-48d9-dcdb6aa1f2c1,64,454218,459582,460084,460558,502,5866,5364,0,0,0
460165,86119db0-432a-eab5-0cae-f5ff83e94ce7,64,454208,459328,460165,459677,837,5957,5120,0,0,0
460225,3bad0a56-cf8c-9d7d-73aa-3511d56ea7b1,64,454170,459714,460177,460620,463,6007,5544,0,0,0
460285,4b29a956-d7f1-ce32-94b7-3626534f9e00,64,454232,457758,460256,458802,2498,6024,3526,0,0,0
460345,7f2e4e39-b97d-20d5-ed51-e557dec71b3f,64,454217,458464,460316,459351,1852,6099,4247,0,0,0
460416,5c64bcb5-1d74-d458-7004-ffe36d8bacdf,64,454202,459582,460416,460596,834,6214,5380,0,0,0
460620,7edb68a2-fc51-e1ac-9f49-e310479e50b9,64,454174,459328,460620,459864,1292,6446,5154,0,0,0
460751,a1839569-f8d3-7880-34e4-230364ea80ad,64,454192,459774,460751,460641,977,6559,5582,0,0,0
460811,e3a6ebff-e20e-0c3c-c710-3646771f9dbb,64,454213,460225,460778,461339,553,6565,6012,0,0,0
460905,8dcbd116-ab6d-3bdf-f971-87bd7746da0d,64,454180,460084,460905,460816,821,6725,5904,0,0,0
461424,743b869c-93f3-e926-c654-6d5ab116fe43,64,454179,459896,461424,460688,1528,7245,5717,0,0,0
461502,e01471c8-ae1a-7a1d-8ce4-466deb3df81a,64,454194,459437,461502,460381,2065,7308,5243,0,0,0
462233,b9825a45-cc11-ad00-b58d-d72ce7f8acf3,64,190467,294178,462233,418309,168055,271766,103711,0,0,0
462293,73274f71-dbe6-fb2f-2767-7750c3d22d41,64,454227,460165,462270,460824,2105,8043,5938,0,0,0
463915,fff4bad5-898d-2119-bd51-3ea9677769ad,64,443547,443547,463915,463802,20368,20368,0,0,0,0
464537,3705e14c-22da-40b0-8db1-b421379d962d,32,353026,404011,464537,513073,60526,111511,50985,0,0,0
465640,5fb1a753-0c26-454f-70f2-3c9c4c3a70e9,64,443551,443607,465640,463550,22033,22089,56,0,0,0
467111,29777b51-a579-ad49-da2a-4b21b90cdec6,64,467051,467051,467101,467665,50,50,0,0,0,0
467111,64d1652c-544d-bdd3-dcfb-7a80c1813f5f,64,466971,466971,467103,467392,132,132,0,0,0,0
468976,da96007f-f456-e84b-b3e8-90f1769498ea,64,443547,443547,468976,460427,25429,25429,0,0,0,0
469915,ab3e42a3-e149-af41-4fa9-93aecb738365,64,468891,468898,469915,477081,1017,1024,7,0,0,0
470249,7b6f9b63-0539-7175-4085-8b60aa01e668,64,468816,468838,470249,475747,1411,1433,22,0,0,0
470249,5c4c56b1-e2b8-d51a-02bc-45e45c403990,64,469022,469036,470249,474601,1213,1227,14,0,0,0
470321,62e1f654-f9ae-3e97-4e55-2f2c32739a06,64,468851,468898,470321,475231,1423,1470,47,0,0,0
470610,a414e26e-503a-dc05-efc9-e45363b195e3,64,458247,460620,470610,466742,9990,12363,2373,0,0,0
477172,d593b0b0-b056-3d61-43ec-65e9170baaa6,64,476397,476432,477172,480673,740,775,35,0,0,0
477460,04ee2577-0157-9908-0e07-3f8c0e9d31bd,64,476671,476672,477460,480353,788,789,1,0,0,0
477574,7ff6f395-5995-443c-c647-b6613877fb1c,64,476440,476492,477574,478518,1082,1134,52,0,0,0
477686,7a844b65-b80b-7861-1a10-47ec339ccdc2,64,476372,476372,477686,479729,1314,1314,0,0,0,0
477746,172e7799-bb8a-388f-121c-01bf4e1edff4,64,476628,476672,477741,479404,1069,1113,44,0,0,0
477809,b537051d-3bcf-ec44-3362-e562c903227a,64,476690,477172,477809,480808,637,1119,482,0,0,0
478034,767bbcff-1553-fbe7-0a8c-7c51abb5318f,64,476541,476552,478034,480366,1482,1493,11,0,0,0
478300,11d9dfb5-1e8b-dbbf-36ca-ad847a03254d,64,476606,476612,478300,480779,1688,1694,6,0,0,0
478578,7c0d4bda-2b42-6195-022e-be16475816b0,64,476417,476432,478578,479200,2146,2161,15,0,0,0
478710,7e8682c7-8f0f-74ea-0423-f349e89573cb,64,476732,478034,478710,481730,676,1978,1302,0,0,0
478866,b894b714-677e-193a-cd21-4d806c7d0d67,64,476505,476552,478866,481505,2314,2361,47,0,0,0
479259,1ac73a5d-a52c-e512-30d5-a25ede3b625d,64,476458,476492,479259,481178,2767,2801,34,0,0,0
479319,ba697671-0601-36ab-3390-9c410f80e42c,64,476566,477686,479301,481238,1615,2735,1120,0,0,0
479379,e75058fe-d7b8-0051-86c0-e16b618d28bd,64,476650,478578,479327,482098,749,2677,1928,0,0,0
479439,c2a9461d-c47b-cecd-93a1-0485420de6dd,64,476482,476492,479417,481952,2925,2935,10,0,0,0
479991,43b8c149-0cd3-ea39-44f9-5f8201e2f7d4,64,476715,478710,479991,482377,1281,3276,1995,0,0,0
480516,68c8ba02-1aaf-5093-aaf8-522b2bec0b47,64,476521,476552,480516,481304,3964,3995,31,0,0,0
480576,c3f06368-2233-9eb0-57c3-bc1131bccf04,64,476586,476612,480518,480030,3906,3932,26,0,0,0
480847,c89e5df8-c684-c346-2ed6-42e8de5763d2,64,94263,170537,480847,290288,310310,386584,76274,0,0,0
481417,af98a02e-e861-c0f5-0775-99e348915619,32,417470,417470,481417,490783,63947,63947,0,0,0,0
483937,75cca069-af58-ec8c-fc52-a01cd65027a3,64,474346,474403,483937,498496,9534,9591,57,0,0,0
485314,3f7054c5-0f89-ab83-fa09-d502f67ec16e,64,485101,485101,485314,486007,213,213,0,0,0,0
485484,d3153a19-9bab-1777-e796-987e957222ca,64,485103,485161,485484,486094,323,381,58,0,0,0
487159,b3cbe095-029d-11bb-fe10-e8bf798f5bb7,32,422657,422711,487159,491221,64448,64502,54,0,0,0
487999,5b291c18-8c2d-6a87-0ed4-4e28ac09fea9,64,474345,474403,487999,498257,13596,13654,58,0,0,0
488828,204d9d40-1d85-0677-7d27-b55cefb6546c,64,474346,474403,488828,502333,14425,14482,57,0,0,0
491186,f997125f-3998-7c56-9e99-c45558c3b2ea,64,474348,480847,491186,510414,10339,16838,6499,0,0,0
496973,82a15681-35d4-a1c4-4cec-f159b541387c,32,474343,474343,496973,507325,22630,22630,0,0,0,0
498329,605568b2-1692-e67b-d10a-59d8ef596bbb,64,290419,322606,498329,447653,175723,207910,32187,0,0,0
498652,626bb7aa-7305-e2db-ff44-3b6ee1a25898,64,421124,421124,498652,489250,77528,77528,0,0,0,0
504132,99d6cf4b-72ab-5591-9b54-0fe72ad52396,64,420737,420737,504132,480718,83395,83395,0,0,0,0
505114,c0414a54-2432-eae2-060c-ebfb660039ef,64,420946,437212,505114,518451,67902,84168,16266,0,0,0
508014,ed761f92-6645-b3a6-1564-f27170426ad0,64,474343,474343,508014,493102,33671,33671,0,0,0,0
518934,0fca0f6d-fe9a-82aa-a538-152f778e38e1,64,514973,514973,518877,532802,3904,3904,0,0,0,0
519171,695e4206-eb7f-b760-6c81-5619e9be7527,64,516806,516865,519126,521806,2261,2320,59,0,0,0
519523,0470636b-5ef9-60cb-07b8-b124f67596b1,64,519158,519171,519523,522696,352,365,13,0,0,0
519780,3e2ea49e-0540-f278-741c-0e28fb09dc9a,64,519191,519231,519780,522792,549,589,40,0,0,0
519840,65e6ba93-078a-6f9f-8e82-379c4d66a1ce,64,519187,519231,519791,522184,560,604,44,0,0,0
520202,50c98b7e-36d1-6145-8695-3fe9ca4a8558,64,519148,519171,520202,523007,1031,1054,23,0,0,0
520262,b1f51190-fc12-82ca-517c-d0408af3d512,32,519147,519171,520226,522712,1055,1079,24,0,0,0
520990,ddc963e8-f155-483a-57ed-9fe2cf4f1cef,64,519155,519171,520990,521888,1819,1835,16,0,0,0
521157,0c9150b5-930f-138c-d832-9d9743a3431d,64,519132,520202,521157,523076,955,2025,1070,0,0,0
521217,7e01e51d-6501-6e86-0515-d8d763369f49,64,519121,519171,521186,522446,2015,2065,50,0,0,0
521531,57084506-90f7-db72-83ae-511f6e07724f,64,519183,520990,521531,523095,541,2348,1807,0,0,0
521591,249ec0fe-c7e0-782e-ebe4-be9e3ef574c2,64,519165,519171,521574,522318,2403,2409,6,0,0,0
521758,ba8373e7-9e80-b24f-491f-0eed3c10c07c,64,519111,519111,521758,522901,2647,2647,0,0,0,0
521857,04799f66-9c61-7e7b-fdd4-4ea8fb2d3107,64,519166,519840,521857,523051,2017,2691,674,0,0,0
521917,572206cd-4968-6a08-b3a4-75e4e5e00cfd,64,519145,521531,521878,523585,347,2733,2386,0,0,0
521917,4ffdd57b-36b4-131b-3765-8683fbfd4670,64,519150,521591,521916,524023,325,2766,2441,0,0,0
521986,9c0bf347-1ca8-11a1-af7f-09113017a771,64,519120,521157,521986,523310,829,2866,2037,0,0,0
522238,9eeca9e4-f297-cbeb-d400-9e21a667257d,64,519174,521917,522238,524435,321,3064,2743,0,0,0
522743,5c1bd02a-95c0-60dc-6b26-dd12cb9418c2,64,519129,521758,522743,524175,985,3614,2629,0,0,0
522860,200bf0a3-68c4-2d38-b825-06bd92d19a99,64,519193,521857,522860,524185,1003,3667,2664,0,0,0
523581,8526c172-9f32-1bd5-66ec-0a5fa9857c35,64,519135,521986,523581,524469,1595,4446,2851,0,0,0
523698,343bcfbc-63ba-2290-a0b9-2ef157ae6c2c,64,519174,522860,523698,524830,838,4524,3686,0,0,0
523954,448916b9-0e24-9074-9236-49ad6b643ce7,64,519157,523581,523954,524939,373,4797,4424,0,0,0
524079,7fbfc033-2db7-5698-af15-1e807fdf7d29,64,519189,521217,524079,523462,2862,4890,2028,0,0,0
524162,4d210c7a-2a6b-23ad-ec12-ae5e8b3ed190,64,519170,522743,524162,524681,1419,4992,3573,0,0,0
524352,c534cfec-5448-58b0-2b2c-410fdd835861,64,519187,521917,524352,524217,2435,5165,2730,0,0,0
524412,81b45d4c-6c24-9833-2be3-2912febe4d8f,64,519193,524079,524410,525316,331,5217,4886,0,0,0
524613,a2029911-30ca-983c-7ba0-fdad28e8aa16,32,519203,523581,524613,524918,1032,5410,4378,0,0,0
525164,38631da6-86ad-7691-be2f-42ef6a4d434f,64,519167,524352,525164,525360,812,5997,5185,0,0,0
525224,19311e7a-a2b4-470b-16ff-37d3a5639bdf,64,519118,522238,525171,524592,2933,6053,3120,0,0,0
525294,454caef8-696b-c7af-f780-d5bfb0cc2f6a,64,519186,524412,525294,525378,882,6108,5226,0,0,0
526048,8d04b444-15ea-0ddc-7e6a-65fdf3f0c936,64,422651,422651,526048,471449,103397,103397,0,0,0,0
526187,169f6ef7-df14-e7e0-501e-7a8a428e9a82,32,519140,525164,526187,525385,1023,7047,6024,0,0,0
526247,f5d6eb32-466b-0ec7-9aed-275025bb66fe,64,519130,524162,526197,525335,2035,7067,5032,0,0,0
526922,1fcc47d5-07fc-bc4c-af8b-d9cff3343a22,64,519166,523954,526922,525257,2968,7756,4788,0,0,0
526982,1729bf6b-cb67-1a9f-1e32-22356c700db7,64,519127,526048,526969,525845,921,7842,6921,0,0,0
527173,a6a879f1-df5e-fa76-e981-f3478cfbd313,64,519123,523698,527173,525021,3475,8050,4575,0,0,0
527519,fc3ad170-7159-0083-e527-32205997daad,64,519198,526247,527519,525873,1272,8321,7049,0,0,0
527579,7b0f063d-6e1b-ec24-e26d-2ae099a0473f,64,519159,526982,527541,526207,559,8382,7823,0,0,0
527698,2e4da91d-64ff-bc36-61df-6c7732f27124,64,519164,525164,527698,525589,2534,8534,6000,0,0,0
527948,8ba96f45-98ed-1fe6-398b-d872637b9d74,64,519184,526922,527948,525994,1026,8764,7738,0,0,0
528366,1d9b190a-c9c7-ab94-f61b-c0a8a578bb4d,64,519172,527519,528366,526591,847,9194,8347,0,0,0
528701,b75e87be-5f65-57c3-9753-8a683005b62b,64,519198,525294,528701,525802,3407,9503,6096,0,0,0
529435,78302a2f-449a-01d1-965e-c4c80f6aca48,64,519123,527579,529435,526614,1856,10312,8456,0,0,0
529495,24398af5-3141-e5b5-06b1-b9ff6036afc3,64,519140,527948,529490,526936,1542,10350,8808,0,0,0
529848,8e13c375-551d-1764-1b59-052213741ea4,64,519154,528366,529848,526953,1482,10694,9212,0,0,0
530096,c118ea20-e9b1-b42d-cbf8-eddc0e38fca9,64,519142,527173,530096,526398,2923,10954,8031,0,0,0
530156,7e246f6f-9cf6-7782-2fa1-d905f3980502,64,519112,527698,530111,526825,2413,10999,8586,0,0,0
530268,49d4554e-89bc-314d-ac15-68ba9022ce46,64,519192,525224,530268,525685,5044,11076,6032,0,0,0
530328,a041b2ab-f40e-f914-f63f-2da234172eff,64,526772,530096,530287,527715,191,3515,3324,0,0,0
530497,cfc6f8bc-cf04-7e5a-a6cb-2b7ce09657e4,64,519203,528701,530497,527129,1796,11294,9498,0,0,0
530860,4da8ba16-6d6a-3d71-2c06-86890997fcb4,64,519203,529848,530860,527224,1012,11657,10645,0,0,0
531162,d88fdad5-bb47-2d99-28dc-f21e1870e863,64,519155,530156,531162,527831,1006,12007,11001,0,0,0
531222,61fd06f6-1099-1b78-98dc-0001f0910c28,64,519181,529435,531217,527170,1782,12036,10254,0,0,0
531282,e8819534-b37d-dbb2-c2c5-58698769767b,64,519116,530268,531263,527873,995,12147,11152,0,0,0
531350,7ce51943-b63b-cbfc-323c-81f0052f7370,64,526757,530328,531350,527968,1022,4593,3571,0,0,0
531782,eea9c6ea-555c-2e34-33c3-f4de76d74c5f,64,519191,531222,531782,528398,560,12591,12031,0,0,0
532164,57737d0a-2993-ffbc-a8f7-0927579fb5dc,64,526574,531162,532105,528266,943,5531,4588,0,0,0
532224,15523c64-1214-8909-a1fd-53cf947f3b42,64,351863,404158,532177,516647,128019,180314,52295,0,0,0
532347,f5e18998-d005-d18b-258a-66db6031c286,64,456777,462293,532347,498583,70054,75570,5516,0,0,0
532426,6c1a0469-a7c5-a6a3-7fa9-b4196c56df66,64,519112,529495,532426,527209,2931,13314,10383,0,0,0
532706,cd0afbc8-da46-6591-b866-596a9f1304bc,32,526697,531782,532706,528762,924,6009,5085,0,0,0
532806,f23283ea-cec3-67da-d347-f393a3e988e7,64,519176,531282,532806,528483,1524,13630,12106,0,0,0
533257,e7cfc086-338f-7a03-712f-a21d67957e45,64,519146,532164,533257,528863,1093,14111,13018,0,0,0
533317,27a791b7-cb97-1041-3f13-263fbf3fbbe0,64,519176,532806,533305,529173,499,14129,13630,0,0,0
533317,527cff70-6787-4d43-cfdc-c2ad91d7f48a,64,526802,532426,533317,529076,891,6515,5624,0,0,0
533532,0bb357a7-9246-a2bd-7c3a-5f1ffd255fda,64,526552,530497,533532,528250,3035,6980,3945,0,0,0
533644,a4defb67-6f53-6f09-b21f-75c4e0cdb028,64,526626,531782,533644,528862,1862,7018,5156,0,0,0
534286,5d50bf24-ceb5-fa50-ac9c-95f958e72614,64,526533,533317,534286,529230,969,7753,6784,0,0,0
534457,d1077847-dddf-37d2-d5c5-2e84c66adffb,64,526591,533317,534457,529229,1140,7866,6726,0,0,0
535599,cd4409be-683c-2504-634c-f7910c9eeaf4,64,519117,532347,535599,528931,3252,16482,13230,0,0,0
535659,ef296fe0-aaf3-d31f-bc8b-e7570ad017b9,64,519148,532224,535628,528924,3404,16480,13076,0,0,0
536333,099cfc17-0c4e-2604-6664-4b63bd9d0b71,64,526681,534286,536333,529414,2047,9652,7605,0,0,0
536896,a8b6f6fc-e498-0378-8740-e197e7bb614e,64,519192,531350,536896,528690,5546,17704,12158,0,0,0
537007,71abe02f-7302-3a38-f1aa-fdb1c7af7542,64,519117,534457,537007,529532,2550,17890,15340,0,0,0
537085,78a81688-0d0c-a44a-b17f-11257b179989,64,526646,535599,537085,529626,1486,10439,8953,0,0,0
537576,d4d66058-33e0-2486-9488-f4b1c5b3df95,64,526660,536896,537576,529740,680,10916,10236,0,0,0
538068,c8be381d-2e63-01ab-8e67-2e35c95cb227,64,519185,537007,538068,530250,1061,18883,17822,0,0,0
538152,16b2d419-03ea-7005-d9a7-3120b2b7e7b5,64,518077,518077,538152,529208,20075,20075,0,0,0,0
538593,c9b037e3-8b4a-06a1-ca66-3bc8180c9a8b,64,519133,536333,538593,529660,2260,19460,17200,0,0,0
538653,a5b35337-d450-dc2f-5e5d-9e32da5f8a3e,64,519116,533532,538630,529272,5098,19514,14416,0,0,0
539443,12a9d87c-d19a-4841-ad6c-635a3d79a8d3,64,519200,533644,539389,529311,5745,20189,14444,0,0,0
540694,78c338e9-2ee6-a318-a6f1-7acae4f3e404,64,190532,391684,540694,480934,149010,350162,201152,0,0,0
540754,4ac58630-ba85-34f9-342f-767c41199cb6,64,526734,539443,540715,531743,1272,13981,12709,0,0,0
540814,9be07726-b059-8795-5e5b-2f171e1d952d,64,519152,535659,540789,529650,5130,21637,16507,0,0,0
541397,301288d3-85a2-3167-e950-4c9a83a298d2,64,526610,540694,541397,532307,703,14787,14084,0,0,0
542083,8adc14f8-7088-47bb-e7b9-21db44fa8f71,64,518079,518137,542083,530280,23946,24004,58,0,0,0
543070,d2b0674c-ea86-071b-06b2-09f40d65af9f,64,519160,538653,543070,531153,4417,23910,19493,0,0,0
543258,fa2bf405-a66a-9854-3e2a-f5685fcdd9a0,64,519122,537576,543258,530385,5682,24136,18454,0,0,0
543521,67b59993-872a-2158-be0c-791d4da7c989,64,518078,518137,543521,528265,25384,25443,59,0,0,0
543750,2200ec36-ef1f-7c50-e71f-da2057d02d97,64,519178,538068,543750,530520,5682,24572,18890,0,0,0
543810,ec331e24-f83e-f424-2953-3e74edb07bca,64,519132,538593,543767,531009,5174,24635,19461,0,0,0
543900,ac818e6e-3fad-c18d-276d-7ae9fe680486,64,519132,540814,543900,532678,3086,24768,21682,0,0,0
543960,c396d1eb-a352-73a7-f2ec-53a9884aa39e,64,519198,538152,543943,530522,5791,24745,18954,0,0,0
544682,e238c196-00ea-7983-b57a-ed5bb3f61dce,64,531946,543258,544682,533644,1424,12736,11312,0,0,0
544742,17816099-1d7c-3864-b222-3847b452ae5c,64,532071,543750,544695,533850,945,12624,11679,0,0,0
544944,ccd31016-eb00-38f3-348a-e9161f6e64f6,64,532241,543960,544944,533932,984,12703,11719,0,0,0
545245,8be1af46-cd98-d46d-4828-cb71af886b9a,64,531960,544682,545245,534086,563,13285,12722,0,0,0
546084,998e0850-1626-7c74-2678-9663c80040ea,32,532035,545245,546084,534302,839,14049,13210,0,0,0
546935,91898f32-d0ed-4dba-c71e-4cde7ae6018a,32,519129,543750,546935,533741,3185,27806,24621,0,0,0
547472,d70cf870-453e-9679-fee9-16bfb8e86a32,64,519138,540754,547472,532582,6718,28334,21616,0,0,0
548300,87ac59b1-34b6-68f6-6857-8f24102d7d5c,64,519181,542083,548300,532866,6217,29119,22902,0,0,0
548928,117581d1-c711-e43a-2f5a-e075094c127e,64,519144,543900,548928,533926,5028,29784,24756,0,0,0
549605,de148418-748f-648c-9404-3c93ec3eabcb,64,531997,547472,549605,534804,2133,17608,15475,0,0,0
549665,b6d042a6-8e4c-1dee-38fc-f2b4f2e03e94,64,380999,396621,549644,483034,153023,168645,15622,0,0,0
550130,98d5c9e0-6cc8-017e-7014-ca8477df1f77,64,532149,548300,550130,534822,1830,17981,16151,0,0,0
550880,290ac04f-0a39-e3a7-ce62-1c9b2dc9b66d,64,519163,544742,550880,534148,6138,31717,25579,0,0,0
551192,4a6fe544-d49a-29f4-1dfe-af55e6fc5745,64,519150,549665,551192,535088,1527,32042,30515,0,0,0
551286,a845528a-021c-603e-a819-4fe5e484e2c6,64,518077,518077,551286,533265,33209,33209,0,0,0,0
551346,afb1c9bb-3374-6bd8-3b97-de39a3de2ec1,64,531924,548928,551298,534844,2370,19374,17004,0,0,0
551592,bb38a690-37d4-5a28-3e44-eb734dd15fc1,64,532129,550130,551592,535289,1462,19463,18001,0,0,0
552066,e9af9c82-a9f7-39bd-16e4-8d2bbf703e64,64,531982,551592,552066,535675,474,20084,19610,0,0,0
552154,77380737-8c86-118e-1499-cffea4060636,64,519190,551192,552154,535547,962,32964,32002,0,0,0
552514,378c0bde-f19c-2703-7b7d-57a6cdde9ec8,64,532186,552154,552514,536010,360,20328,19968,0,0,0
552917,4d1fd9aa-8232-af19-2660-0aa97929ff0b,64,532053,552514,552917,536073,403,20864,20461,0,0,0
553145,f4516837-c0f0-df5c-bc68-c7e5fc10bbd7,64,532205,551346,553145,535606,1799,20940,19141,0,0,0
554174,a40b8d4c-0e82-b45f-ebab-c272e2d48ede,64,532017,553145,554174,536284,1029,22157,21128,0,0,0
554234,50ea4930-8831-2e7b-0562-ceef9c3d5c13,64,519197,551286,554203,535581,2917,35006,32089,0,0,0
554354,5d6c174c-1f24-5cbb-695b-4e9e5d21854e,64,519168,550880,554354,535332,3474,35186,31712,0,0,0
554421,8f1540a2-18c9-08c2-2a08-648cf703171c,64,532090,552066,554421,535748,2355,22331,19976,0,0,0
554580,fcd1f894-42a1-266e-38ec-5fe7db43bfcc,64,519133,552917,554580,536268,1663,35447,33784,0,0,0
554897,62c8879b-2aa6-ca52-764a-7d06d8a7cc6c,64,532222,554174,554897,536343,723,22675,21952,0,0,0
555263,9922e74c-0edb-038a-aa57-0c385f81989b,64,532166,554234,555263,536427,1029,23097,22068,0,0,0
555898,cacc2b3f-9e48-38c1-7933-6ce7568d453d,64,519206,554897,555868,537989,971,36662,35691,0,0,0
556065,1a68566e-1866-5fb8-bd6e-9d590d83f548,64,519201,554421,556065,537212,1644,36864,35220,0,0,0
556136,14e6b9f1-d8b0-84f5-b262-cd67ff6fb4c8,64,353024,505114,556136,537165,51022,203112,152090,0,0,0
556962,e750da5e-4aa1-45fc-9edb-59b624123d63,64,532111,554580,556962,537790,2382,24851,22469,0,0,0
557400,2e32427e-7c81-b2a5-35c0-090950da32a7,64,518080,546084,557400,534667,11316,39320,28004,0,0,0
557673,8b3a303e-b5a6-33bb-b3a5-4c88cd9306df,64,518077,544944,557673,534192,12729,39596,26867,0,0,0
558619,77f16a5e-6fc8-f401-fea4-31190303c1b6,64,519166,556065,558619,539007,2554,39453,36899,0,0,0
558739,2365ad5e-c860-4ccf-4078-70b6fc86f489,64,519181,556136,558739,539077,2603,39558,36955,0,0,0
559206,b698cb1d-2778-4fd9-f80a-73bbe542aa9e,64,519119,555263,559206,538178,3943,40087,36144,0,0,0
561397,cf5b5114-1b59-358a-3b93-657c62ea9b85,64,519149,558619,561397,540215,2778,42248,39470,0,0,0
563455,dbb70c2c-4397-b155-c939-fd015066eca4,64,190530,241589,563455,320203,321866,372925,51059,0,0,0
563701,ab34c422-edce-e0f8-4404-f2cf764c0590,64,519136,556962,563701,539272,6739,44565,37826,0,0,0
564031,8eba91b6-861b-7090-9e92-5c3b78e5c929,64,519130,561397,564031,540692,2634,44901,42267,0,0,0
564961,dbc13cfa-1b3e-2c12-0ef5-c99486ee04cb,64,519140,557673,564961,539802,7288,45821,38533,0,0,0
565372,d37961ed-66f0-7107-1422-c81aac513071,64,519112,563701,565372,541101,1671,46260,44589,0,0,0
565987,b86aaa12-ff8c-e0b1-b639-1e1fc336a9a4,64,539249,564031,565987,541104,1956,26738,24782,0,0,0
566142,e5c49e45-464d-f2bc-613c-a456a1b2f60e,64,539230,565372,566142,541337,770,26912,26142,0,0,0
566566,395e5bfa-c554-423e-67c7-53e121a2fe53,64,519160,559206,566566,540441,7360,47406,40046,0,0,0
567720,d9227c05-e3f9-71de-ecef-faf8774502d6,64,539193,566142,567720,541407,1578,28527,26949,0,0,0
567885,0a0a1936-84bb-d6ec-560e-97309b33c381,64,519115,557400,567885,539697,10485,48770,38285,0,0,0
568387,1f023a8d-2552-5baa-ff03-34eadca358dd,64,539760,567720,568387,541615,667,28627,27960,0,0,0
568500,a4a0b72b-568a-e653-af3c-d9e9cd8f34e1,64,539172,564961,568500,541314,3539,29328,25789,0,0,0
568560,be73b397-ebc7-ed95-c3bc-7c808d1c846d,64,539559,567885,568542,541783,657,28983,28326,0,0,0
568907,a02b9625-ebef-f37d-7443-89ab52d67d34,64,539151,566566,568907,541495,2341,29756,27415,0,0,0
569890,b7f1df10-b51a-866a-bf42-10c83a8eaa54,64,539656,568500,569890,541936,1390,30234,28844,0,0,0
569950,cc3e78c7-4f9f-9567-6064-461f1bde6b24,32,539042,568500,569949,541908,1449,30907,29458,0,0,0
570649,30087906-6b14-08e1-474f-b690beef53af,64,539098,569890,570649,542287,759,31551,30792,0,0,0
570754,e23addf8-e001-8dd4-d592-0ff39a37749b,64,539214,568387,570754,541796,2367,31540,29173,0,0,0
570814,a9003c9b-15c5-764e-dad5-3bfff21a5532,64,519126,563455,570790,540934,7335,51664,44329,0,0,0
571078,7328aaa4-6198-6dd5-a561-8057f9ef8ca1,64,519116,565987,571078,541338,5091,51962,46871,0,0,0
571290,023add21-4655-d667-2e4a-0c00dcc92a6f,64,539023,568907,571290,542191,2383,32267,29884,0,0,0
571923,cfe5b327-1751-e8a7-34f3-e092b4caba91,64,539304,571290,571923,542797,633,32619,31986,0,0,0
571988,6ec354d6-926d-c899-82bb-6973903b8c02,64,539268,570754,571988,542660,1234,32720,31486,0,0,0
572170,08a9d72e-e7bf-0436-a33d-c51a223ccf0a,64,539575,568560,572170,542144,3610,32595,28985,0,0,0
572727,8000dfa7-7499-f645-04ac-d544c9ed2b44,64,539061,571923,572727,542896,804,33666,32862,0,0,0
573678,2896e684-f10f-d455-762b-5278a6e2e063,64,519169,570814,573678,542685,2864,54509,51645,0,0,0
573762,1ef028d4-91ae-d7be-3aab-712fe3ec71dc,64,539119,571078,573762,542742,2684,34643,31959,0,0,0
573933,b7a51566-a825-c48b-9c8c-bbe90bcfa66b,64,539612,570649,573933,542319,3284,34321,31037,0,0,0
574396,1658568a-6bd1-1c45-c6ec-4c32763bf188,64,539597,573678,574396,543368,718,34799,34081,0,0,0
574456,04c1994b-e3f0-6d9e-330c-c047a156bb5e,64,539674,573762,574411,543466,649,34737,34088,0,0,0
574591,1a8c09c0-ee14-76a6-284e-0d363800c4ae,64,539726,573933,574591,543527,658,34865,34207,0,0,0
574839,2fdb2aac-744d-0171-5115-7a3f97a6f464,64,539877,572170,574839,543048,2669,34962,32293,0,0,0
575102,8be4d377-f2ee-2d3a-0f6c-dc628cd331c9,32,539287,573678,575102,543076,1424,35815,34391,0,0,0
575496,76d70b16-076b-f4db-ffd9-edb921ed3678,64,539777,574839,575496,543710,657,35719,35062,0,0,0
575716,a7391c75-6ecf-29e2-a4e6-ad8628d61f28,64,539639,572727,575716,543075,2989,36077,33088,0,0,0
575918,7e3179ae-5be2-e81b-a15d-cc5e36cc1aae,64,539324,571988,575918,542909,3930,36594,32664,0,0,0
576220,2485198f-1083-fa3b-f069-254435837edb,64,539743,574396,576220,543576,1824,36477,34653,0,0,0
576509,d2c1a687-b068-fd4e-854e-3d907903b333,64,539133,574456,576509,543627,2053,37376,35323,0,0,0
576771,1ee3c44c-23ad-a914-46f5-91d235c5e13a,64,539342,574591,576771,543670,2180,37429,35249,0,0,0
576831,684aa50c-fe78-0982-aa5e-89f5c9e397f1,64,539077,575496,576791,543717,1295,37714,36419,0,0,0
577269,1e26983d-4a3d-c37a-78b6-0924c02a877a,64,539690,576509,577269,544896,760,37579,36819,0,0,0
577714,cf42a10a-af29-1d10-da43-56802eb48484,64,539834,575716,577714,544001,1998,37880,35882,0,0,0
577922,5d63c249-9bf8-fe15-f383-b76a06b5e33b,32,539707,576509,577922,544890,1413,38215,36802,0,0,0
578433,900d3716-1f86-9ae3-cbb3-30832e270020,64,539819,576771,578433,545182,1662,38614,36952,0,0,0
578684,15f9e2ac-c4d9-12cf-22c7-0fb39c222b9c,64,539795,576220,578684,544514,2464,38889,36425,0,0,0
578895,62167a83-fcdf-33a9-4668-5ceb484289cf,64,539861,575918,578895,544272,2977,39034,36057,0,0,0
580067,f00e60fe-ef0f-7b2e-91cd-8993d7c6c43a,64,555460,578895,580067,557767,1172,24607,23435,0,0,0
581286,e2932127-e21d-c7c0-33b6-067cad541304,64,555502,578684,581286,557758,2602,25784,23182,0,0,0
581739,68c55dd7-6f42-3a5d-66b7-989affa1a0bd,64,555592,580067,581739,558034,1672,26147,24475,0,0,0
583286,a7588253-9d32-f5b3-4b6b-a647f7c2da50,64,555548,581286,583286,558615,2000,27738,25738,0,0,0
583767,9f86e7ef-c105-5c63-ac24-da9cb231f91b,64,555721,583286,583767,559193,481,28046,27565,0,0,0
583834,81ae1185-9637-b296-1540-2872448b4c3e,64,555418,581739,583834,558861,2095,28416,26321,0,0,0
584244,c83531ab-800d-147d-ccc4-3de3e9e572a6,64,555437,583767,584244,559314,477,28807,28330,0,0,0
585514,fd07f0dc-bfe5-228f-018b-68133b2de727,64,555642,584244,585514,559335,1270,29872,28602,0,0,0
585944,1dc744c3-2538-4a11-4ba7-fcb7bb2dec92,64,555617,583834,585944,559320,2110,30327,28217,0,0,0
586636,5361f18d-f479-0860-3d4d-2e5aae6083d2,64,555478,585514,586636,559400,1122,31158,30036,0,0,0
588804,7cdfa0ed-a2e2-ebc4-9ef9-2887e98982e9,64,555759,586636,588804,559816,2168,33045,30877,0,0,0
589588,062e17cf-64f9-2f1f-8565-dd8590fc7caf,64,555780,588804,589588,560376,784,33808,33024,0,0,0
591175,d011c4bb-49a1-a94a-7928-04fa6572e66e,64,516805,577269,591175,545577,13906,74370,60464,0,0,0
591781,6fc6fa3d-676f-e489-a892-151ba200fd04,64,555695,589588,591781,560809,2193,36086,33893,0,0,0
592459,54ec8e86-c931-af75-0576-e22477cb2a07,64,555672,591781,592459,561178,678,36787,36109,0,0,0
594674,ba7c93fe-5d59-32d7-91ec-7d1fb9d48ff6,64,555523,591175,594674,561021,3499,39151,35652,0,0,0
595500,daa87a69-f246-cd32-c74e-05e023500845,64,555567,594674,595500,561339,826,39933,39107,0,0,0
596037,222321c3-4d0f-1027-6743-1d1e4630bd73,64,555739,592459,596037,561180,3578,40298,36720,0,0,0
596181,2d94068d-3a7c-aa14-ce7e-8aa48542b378,64,555805,595500,596181,561354,681,40376,39695,0,0,0
602672,4f605be5-1ceb-ef60-9b82-19d685a16fff,64,518874,578433,602672,555185,24239,83798,59559,0,0,0
605190,529b572a-d071-1028-063b-5c888f9577ab,64,464400,504132,605190,534871,101058,140790,39732,0,0,0
606322,515c281c-3a89-8717-9006-76086ead4d07,32,567287,605190,606322,569979,1132,39035,37903,0,0,0
607696,ec7d2047-009f-8e7c-62b4-009b625974f2,32,567293,606322,607696,570022,1374,40403,39029,0,0,0
608772,5af8c85c-c7e3-13d4-f84c-10ae4d1bf4ee,32,567307,607696,608772,570482,1076,41465,40389,0,0,0
610939,62b51691-eebf-738f-78ce-6a2e74ba0303,32,567291,608772,610939,571223,2167,43648,41481,0,0,0
612298,c864fff0-7f87-952d-f21c-7a2470235988,32,567297,610939,612298,571940,1359,45001,43642,0,0,0
613911,fdd4acec-97f0-58f1-7de2-8a347d88ffd9,32,567301,612298,613911,572239,1613,46610,44997,0,0,0
614659,a907b86d-0d77-f547-0288-566e2fa98528,32,567300,613911,614659,572251,748,47359,46611,0,0,0
615237,549308e6-b737-1dcf-3e64-427906857ec7,32,567289,614659,615237,572588,578,47948,47370,0,0,0
616278,9330e557-ae76-6710-cda7-3dfd73199486,32,567298,615237,616278,572669,1041,48980,47939,0,0,0
616782,b87309d1-e887-8847-a84e-9d055bc3a3c3,32,567297,616278,616782,572672,504,49485,48981,0,0,0
616842,f6f7b1a6-6f2b-1f1c-b9e3-4b59492520fa,64,468778,602672,616834,569196,14162,148056,133894,0,0,0
617351,0c1d2d40-cd62-0329-76bc-884d6a220453,32,567306,616842,617351,573209,509,50045,49536,0,0,0
617894,32999658-7955-38f9-56cd-ef5781af3570,32,567286,617351,617894,573398,543,50608,50065,0,0,0
618982,5cb4cf1e-7064-2d1c-c969-ca1e125e57f8,32,567297,617894,618982,573427,1088,51685,50597,0,0,0
620344,db06d394-4cdb-0401-200d-c2e5bb91a8d7,64,567288,616782,620344,573131,3562,53056,49494,0,0,0
620404,7c21a12f-c1f7-2659-5ff7-bea702e347c5,64,567309,618982,620390,573651,1408,53081,51673,0,0,0
620850,ff4f1524-7cec-66fd-62a7-423dd538789d,64,567284,620344,620850,573885,506,53566,53060,0,0,0
621343,da9361ee-fac3-58df-793a-4511f0b70a10,64,567283,620404,621343,573943,939,54060,53121,0,0,0
622381,e5ff67bd-c019-3eea-cd78-3955cbd63b76,32,567284,621343,622381,574040,1038,55097,54059,0,0,0
625184,c2b3d60d-03a9-7dd5-b8ce-9497f71d9bdd,32,567304,622381,625184,574296,2803,57880,55077,0,0,0
626619,d064aec4-7d64-c2f4-ce2b-bae977e2a853,32,567303,625184,626619,574302,1435,59316,57881,0,0,0
627238,e4866919-b415-05e0-bd93-07c69ab14ac1,64,438032,491186,627238,532738,136052,189206,53154,0,0,0
627529,f3518583-db79-274d-b22b-c98ac329b2e1,64,567287,626619,627529,574362,910,60242,59332,0,0,0
628447,30555537-1a8d-2f09-9bda-7957a4913850,32,567299,627529,628447,574672,918,61148,60230,0,0,0
629771,b8e69ea0-d3ae-b703-f1f1-dccd8f4457d1,64,516806,577714,629771,553640,52057,112965,60908,0,0,0
630488,a2a88135-6089-dca5-b17f-0235bf31dfa3,64,481234,585944,630461,559806,44517,149227,104710,0,0,0
630548,8f7d3977-55df-2c2c-e499-64b893fdd7b6,64,567288,629771,630503,574841,732,63215,62483,0,0,0
631039,f4774b9e-fd2d-9e07-d749-2bfa0e1fb93b,64,567294,628447,631039,574742,2592,63745,61153,0,0,0
631834,d51f6a79-cb86-dac6-40fd-759d24f6e2e4,64,567309,631039,631834,575212,795,64525,63730,0,0,0
632198,b97040b1-6f43-deb1-7076-0c8bf368a3ad,32,567307,630488,632198,574866,1710,64891,63181,0,0,0
632497,fcd6a254-8b60-86f7-c141-e231c6028bf2,64,567312,627238,632497,574413,5259,65185,59926,0,0,0
632557,217676f9-41f2-e43f-ff36-dae4a8efa17b,64,567298,631834,632544,576842,710,65246,64536,0,0,0
633466,358048c8-cb2e-5e7b-8b8d-cd0928ad858b,32,567287,632557,633466,577870,909,66179,65270,0,0,0
634530,0e9b7654-4964-23d7-3ae7-321d45927d7b,64,567310,632198,634530,577045,2332,67220,64888,0,0,0
635392,26f2dc1d-f7e4-4565-abe2-e0c32180593b,64,567285,633466,635380,578699,1914,68095,66181,0,0,0
635502,4a35b351-07c2-93a3-9fb0-6de384445979,64,567287,632497,635502,577070,3005,68215,65210,0,0,0
635654,0ac9ae1f-32f2-c2bd-b3ec-e1d25d9ff9b7,64,589909,635392,635654,590435,262,45745,45483,0,0,0
635820,4c9d800c-fee6-dfed-10dc-9f01b25d870e,32,589908,635654,635820,591030,166,45912,45746,0,0,0
635880,2ea3cc22-5e29-0303-d5fb-d7a92eeefaa3,64,589906,635502,635825,590685,323,45919,45596,0,0,0
636638,7bcffb70-eb55-2e46-155d-5d667d9cf4dc,32,599499,635880,636638,602219,758,37139,36381,0,0,0
637144,6350ad5b-0179-2925-a30f-bce80220a69b,32,602806,636638,637144,604001,506,34338,33832,0,0,0
665971,f6e043ea-90df-a428-6893-ecc34ee8b4e1,64,506415,630548,665971,575199,35423,159556,124133,0,0,0
667133,71a49adc-0929-9ce2-98cd-ee686c5b4949,32,610303,665971,667133,615430,1162,56830,55668,0,0,0
667815,b4d187f8-6f65-ef35-01ce-71906eaab6c5,32,616207,667133,667815,616677,682,51608,50926,0,0,0
673390,809ba386-c657-8e5b-088d-e8097226d5c4,64,162260,326112,673390,464167,347278,511130,163852,0,0,0
680454,66e34188-25d8-0fba-bba1-473efc0d55e4,64,481217,635820,680454,596374,44634,199237,154603,0,0,0
681569,b028c6f7-01b2-d1ec-ab79-e17232abfe4a,32,620637,680454,681569,622620,1115,60932,59817,0,0,0
683024,d535e002-c644-9da6-3c4a-9818edaafa16,64,424056,442080,683024,518885,240944,258968,18024,0,0,0
684437,c7cca04f-2838-7072-07de-6f8f3d0c6a0c,64,83009,290090,684437,373280,394347,601428,207081,0,0,0
691967,013acfd5-bdae-84f7-1fa8-ad6e4dedee48,64,464400,637144,691967,615155,54823,227567,172744,0,0,0
692481,6caa2e6e-2389-f181-4dd1-9a3fc4732847,32,630412,691967,692481,631703,514,62069,61555,0,0,0
693420,2f09f78e-b748-1ec8-c284-06db42a0a82a,32,630355,692481,693420,631754,939,63065,62126,0,0,0
694092,cc7c1df5-c125-0ee8-183d-a490d853dd9e,32,630265,693420,694092,632253,672,63827,63155,0,0,0
694976,96cc9089-131b-661a-2e1e-c4ba5732af79,32,630283,694092,694976,632262,884,64693,63809,0,0,0
695576,95726342-5073-10ae-403a-ecab2a50a607,32,630468,694976,695576,632530,600,65108,64508,0,0,0
695799,a8933140-69d2-cfc1-006c-ee25c397a24b,32,479762,602672,695799,565939,93127,216037,122910,0,0,0
696311,b10dc2ac-5b78-c8cc-46f3-3d79b77fc2bc,64,630487,695576,696311,632576,735,65824,65089,0,0,0
697742,b169b249-e792-7a73-a517-95e0cc46748b,32,630320,696311,697742,632857,1431,67422,65991,0,0,0
698343,98178813-04f9-f266-ba78-6831fa53c737,64,630337,696311,698343,632893,2032,68006,65974,0,0,0
698653,55395f92-913a-4e7c-bcb2-725b21579cce,64,630302,698343,698653,633079,310,68351,68041,0,0,0
699871,2b8f7bed-04ec-b63c-cfc5-8193f09df7bf,32,630378,698653,699871,633123,1218,69493,68275,0,0,0
702402,c391b487-da79-f51f-55ec-e99bd3f74678,64,354901,558739,702402,540387,143663,347501,203838,0,0,0
703726,27cc5183-ef2c-31cf-586b-f01b9c17d8bf,64,630396,702402,703726,633404,1324,73330,72006,0,0,0
704540,5122035f-d52e-b1d7-66bd-5bbb4a084d87,64,630248,703726,704540,633512,814,74292,73478,0,0,0
706480,84d65539-bf27-4ecc-62a9-c746d593e402,64,630452,704540,706480,633534,1940,76028,74088,0,0,0
707408,c93f96bb-4ed4-269f-c883-c5b2e3448e67,32,630530,706480,707408,633858,928,76878,75950,0,0,0
707468,2c199a07-f14a-d1e9-9c1e-5da5b66b85cd,64,630509,706480,707428,634263,948,76919,75971,0,0,0
708073,f8a06572-20c8-8a4d-4392-c4022a2621c1,64,630570,707468,708073,634520,605,77503,76898,0,0,0
709272,60194840-a730-79a0-4142-c2b6269d14ec,64,630431,708073,709272,635114,1199,78841,77642,0,0,0
709481,6db60b4a-2e59-5b71-0b25-15b278440f19,64,635005,709272,709481,635414,209,74476,74267,0,0,0
713080,78f55528-530b-ff95-67e8-bd8a309e7c75,64,630556,709481,713080,635861,3599,82524,78925,0,0,0
713308,d07550e6-4ea8-a7e3-98b0-920bfcbc0fe7,64,609300,698653,713308,633358,14655,104008,89353,0,0,0
714788,7044ba30-a39e-a577-90b8-678fc7df70bf,64,454475,634530,714788,582837,80258,260313,180055,0,0,0
715361,a4862510-83f5-da4a-a294-7417b5251bb2,64,642406,714788,715361,642917,573,72955,72382,0,0,0
715421,d7cf1287-2b77-6766-dcec-52f75907013b,64,621386,713080,715373,640602,2293,93987,91694,0,0,0
720254,94bcc25c-5a08-8d54-7fd0-8bd9ea425159,32,621387,715421,720254,645604,4833,98867,94034,0,0,0
721370,54f401aa-d654-d7ad-1eae-5acd90ce88df,32,621388,715421,721370,645396,5949,99982,94033,0,0,0
721550,f95ba2a7-5fbf-bcc0-76f1-7b644c8efee2,64,646515,720254,721550,647827,1296,75035,73739,0,0,0
722688,746d4c2b-42d4-a987-d11a-7e6dbd2ab63e,64,646441,721550,722688,648186,1138,76247,75109,0,0,0
727909,67c184fe-db3e-9182-9143-02d95a19a86a,64,621389,715361,727909,644735,12548,106520,93972,0,0,0
728386,30b004c8-7e32-a465-e7da-cff45f5f9ee1,64,646539,727909,728386,648499,477,81847,81370,0,0,0
729590,9ab38e23-a0f8-3e6d-7fb6-4391405eb438,64,646613,728386,729590,648619,1204,82977,81773,0,0,0
730255,3d5e65e2-1ae8-edff-9a61-385264d4ec8d,64,646921,729590,730255,648948,665,83334,82669,0,0,0
730787,e8b6678a-e1f6-1e9f-99dc-ef9f4a76d529,64,646664,730255,730787,648962,532,84123,83591,0,0,0
732874,e7c81a53-0b92-736a-b1b7-606a8a68746b,64,646485,730787,732874,648996,2087,86389,84302,0,0,0
733334,d91269e4-d4fa-cce2-8cd3-259b139df2f3,64,646286,732874,733334,649034,460,87048,86588,0,0,0
734615,b84f38e3-f285-090c-7bea-928c0b58c283,32,647149,733334,734615,649049,1281,87466,86185,0,0,0
735111,66cfdcdf-2da7-e205-2a07-ff85a398d38a,64,646464,733334,735111,649084,1777,88647,86870,0,0,0
737326,c44866e1-88d8-8b87-caab-6cb0a73d3837,64,420286,596181,737326,565026,141145,317040,175895,0,0,0
737501,eee6baba-05ec-3a27-ed47-2ee66315a7a5,64,646866,735111,737501,649134,2390,90635,88245,0,0,0
739532,34104ad4-d525-4019-09a8-ecc0743106c5,64,647197,737326,739532,649385,2206,92335,90129,0,0,0
740569,998bf90f-7849-5abb-3ef0-6bdd5ee462a3,64,646415,737501,740569,649439,3068,94154,91086,0,0,0
741105,2797b40d-e115-397b-077c-b8b780bac90a,64,646364,739532,741105,649559,1573,94741,93168,0,0,0
741362,671c75bb-149a-3cdc-16d5-f493f978e7e3,64,626648,722688,741362,648395,18674,114714,96040,0,0,0
741616,bfb65dfb-4c5b-0d93-7353-d4f7c78e7c95,64,647019,741105,741616,649613,511,94597,94086,0,0,0
741873,a5321596-8f2e-f33e-c474-267d9e661333,64,646639,740569,741873,649565,1304,95234,93930,0,0,0
741933,73fab8d7-eceb-ca58-f247-6bb402b784ae,64,355094,596037,741909,563980,145872,386815,240943,0,0,0
742795,9917a131-892c-7073-0773-f06bc22e9fd0,64,647045,741616,742795,649795,1179,95750,94571,0,0,0
743312,71b032ac-4f62-e774-6712-0660d85e43ba,64,646391,741873,743312,650206,1439,96921,95482,0,0,0
743522,d981dd44-f1f5-af55-8b2b-3562a90952b9,64,646584,741933,743522,650208,1589,96938,95349,0,0,0
743582,badb8886-b178-1750-a1bf-736272881c02,64,646690,741362,743529,649706,2167,96839,94672,0,0,0
743879,c955f70e-90e9-b76b-7475-08a4df5e077c,64,646342,743312,743879,650381,567,97537,96970,0,0,0
744080,1739c903-7e7c-f204-45cf-c79805dd09b6,32,646780,742795,744080,650268,1285,97300,96015,0,0,0
744182,df2e9731-4712-ef99-a8d1-13884ca7b08d,64,646842,743522,744182,650677,660,97340,96680,0,0,0
744242,4544e614-675d-4ecc-8811-daa34aac260a,64,646818,742795,744196,650369,1401,97378,95977,0,0,0
745548,9c1f9af2-b921-8281-9d4c-8aea8fb13988,64,647175,744242,745548,650931,1306,98373,97067,0,0,0
745922,82877aa9-9119-095e-2ff5-cd1ecec159da,64,646711,743582,745922,650817,2340,99211,96871,0,0,0
746498,f06ae966-1159-3db0-4582-76aaa9bf97c2,64,646312,744182,746498,650876,2316,100186,97870,0,0,0
747231,e1d2f4ec-2304-05d2-abe9-599384354724,64,646993,746498,747231,651347,733,100238,99505,0,0,0
747360,42a45f22-9dd2-1c86-c0bb-81b361793a4b,64,646893,743879,747360,650825,3481,100467,96986,0,0,0
747420,806e0d56-0c68-c0d1-6c00-bdeb38237f60,64,646563,745922,747400,651340,1478,100837,99359,0,0,0
747883,b3fc581f-1590-415a-4028-f99c96f30066,64,541179,683024,747883,624985,64859,206704,141845,0,0,0
748045,e1a94b11-bddf-da79-055d-13d8410af3aa,64,646964,747231,748045,651496,814,101081,100267,0,0,0
748790,9527c421-a5ce-da45-a148-7f11729c885b,64,647073,745548,748790,651229,3242,101717,98475,0,0,0
750087,fdce683f-9c40-b89c-7bb3-a0cff70af7e6,64,646800,747883,750087,652068,2204,103287,101083,0,0,0
750197,e51230da-23ed-7d5a-96e6-48c43274e945,32,647121,748790,750197,652413,1407,103076,101669,0,0,0
750558,448851a4-1e74-02a7-1d49-c1e831468c86,64,646948,748045,750558,652217,2513,103610,101097,0,0,0
752419,ffed587b-1d0b-e901-56c2-a9f5d277f234,64,647095,750087,752419,652851,2332,105324,102992,0,0,0
754940,070c8cbf-cc9a-2810-a0be-1e4c61b4ab1f,64,626648,747420,754940,651816,7520,128292,120772,0,0,0
760596,aa86e1e0-79d9-c41d-407d-6000e981bad2,64,633892,754940,760596,655688,5656,126704,121048,0,0,0
761248,a324da5e-28d1-543e-f12e-6f93ebc8619d,64,635152,747360,761248,651648,13888,126096,112208,0,0,0
767359,8f3e9688-f704-91d4-7cd9-419e71223c3e,64,621389,761248,767359,658699,6111,145970,139859,0,0,0
768914,c9fe5dc3-3ce4-61bb-501b-e2a25a93b70b,64,636902,760596,768914,658689,8318,132012,123694,0,0,0
770288,a2a29feb-0293-1755-0754-9a6bcd6338ff,64,174522,404011,770288,516303,366277,595766,229489,0,0,0
771216,a9cd9f7c-34ce-2128-d830-996b124c2aa5,64,637005,767359,771216,661170,3857,134211,130354,0,0,0
774043,94348adc-2b41-174a-8169-097d308bf7ee,32,635310,767359,774043,661052,6684,138733,132049,0,0,0
775244,1dfc701d-2b88-46dd-59f2-3cd517450f7a,64,633976,771216,775244,662202,4028,141268,137240,0,0,0
777529,d3b26d71-179e-72a1-6f7d-96fba84b313c,64,626648,775244,777529,662447,2285,150881,148596,0,0,0
779850,4b5aea31-4b7d-cbf0-4e79-5bd961078683,64,626648,777529,779850,662842,2321,153202,150881,0,0,0
782954,097510f9-3f14-8ba8-0899-392e6499cdb0,64,633941,779850,782954,664095,3104,149013,145909,0,0,0
785897,cf9283d0-62ea-916f-13f8-b8c2c4b4bde7,64,512292,748790,785897,652678,37107,273605,236498,0,0,0
786697,7dd39ed5-fb2c-5668-8a48-8b220e0cee52,64,528836,681569,786697,622626,105128,257861,152733,0,0,0
790996,7bd2f483-a9e7-b853-dfca-89f87818ee55,64,634018,770288,790996,661876,20708,156978,136270,0,0,0
797185,3a55ef88-7903-4c49-ef6e-20d69e16e51f,64,635273,786697,797185,667904,10488,161912,151424,0,0,0
797771,2d7a9eb9-3594-6c63-3f93-34b4e9cbc5f6,64,513744,684437,797771,628806,113334,284027,170693,0,0,0
798253,67ac15bb-6451-2b32-e821-f142ec6402f0,64,636827,785897,798253,667012,12356,161426,149070,0,0,0
799284,e2b627dd-d98a-c77a-ef14-493fa954544a,64,464403,713308,799284,641371,85976,334881,248905,0,0,0
801152,ec1e4c1e-69e4-a738-eca1-1739893e2f65,64,636862,790996,801152,668087,10156,164290,154134,0,0,0
803777,90b81c89-1f78-73a7-c7b7-10b1edbb238c,64,635198,798253,803777,670672,5524,168579,163055,0,0,0
806052,63e070bd-0f3b-1041-8a7e-a0bafbecd066,32,636788,799284,806052,673761,6768,169264,162496,0,0,0
809523,195c5539-00c4-dad7-4252-becc29c8a11c,64,636936,799284,809465,674256,10181,172529,162348,0,0,0
809523,366339e6-dd04-108f-e2aa-403238ed7374,64,635233,801152,809484,677403,8332,174251,165919,0,0,0
811627,6e23ad9c-e117-4c6d-2745-e1471b2d79c8,64,636707,809523,811627,681092,2104,174920,172816,0,0,0
811928,858b08b9-02d3-e431-4984-15222ef82139,64,636755,797771,811928,668808,14157,175173,161016,0,0,0
814320,d0090eb9-337d-186b-d7d8-908d89cc7058,64,636671,803777,814320,679473,10543,177649,167106,0,0,0
817238,4a168f8c-9820-963f-d9be-45cfc880f5a2,64,658554,811928,817238,685563,5310,158684,153374,0,0,0
820976,f65bf65d-bb8e-b0b3-0828-4c4608edf437,64,679020,811627,820976,684800,9349,141956,132607,0,0,0
826767,ec73fdda-8321-5120-e7df-96244285d848,64,658471,817238,826767,686211,9529,168296,158767,0,0,0
830092,5a74fc99-ece3-9b7c-4a13-5a449f87d36c,64,658465,826767,830092,687136,3325,171627,168302,0,0,0
830805,1dd39384-ef15-ebbe-da31-ee73860d89f4,32,685154,830092,830805,687143,713,145651,144938,0,0,0
831240,2242f54b-82c9-72ad-e570-f0b534738d4b,64,542738,673390,831240,620698,157850,288502,130652,0,0,0
831542,ff9790f8-c341-1550-ec1d-26643ea02741,64,658315,820976,831542,686422,10566,173227,162661,0,0,0
832406,5bb76649-a8d5-cd2f-f20a-9ada1f5f991f,64,685116,830805,832406,687470,1601,147290,145689,0,0,0
833827,6c7f31ac-1126-788f-ff97-338f98fc2b53,64,685315,831240,833827,687614,2587,148512,145925,0,0,0
833898,9c48a129-0d3c-5a5e-6354-d4e0fca13638,64,685233,831542,833898,687676,2356,148665,146309,0,0,0
833969,26df8145-22d0-d514-35f2-e7813259448f,32,685170,832406,833969,687739,1563,148799,147236,0,0,0
834733,14e10a5c-4418-fa9f-54aa-cbf59af85739,64,685000,833898,834733,688119,835,149733,148898,0,0,0
835310,27375831-5272-15f1-8540-6b283b34a899,32,685136,833898,835310,687990,1412,150174,148762,0,0,0
835388,80f75571-7bf3-6bc6-582c-4aebdc8924b9,64,685273,834733,835388,688207,655,150115,149460,0,0,0
835971,69c17b26-b6f8-e6bc-fa95-7514706232cb,64,685101,835310,835971,688479,661,150870,150209,0,0,0
839384,d15e64ed-7425-9685-744e-63f5db877cea,64,658384,833827,839384,687901,5557,181000,175443,0,0,0
839814,c1f5f800-d6b8-49dc-5528-5169129f8900,64,658371,835388,839814,688485,4426,181443,177017,0,0,0
839932,03e0cda7-56d9-77f3-625c-7850f6e6c566,32,658307,830092,839932,687143,9840,181625,171785,0,0,0
843006,3e74ca80-d298-eec4-20dd-38fe59bbb2d4,64,685056,839384,843006,688566,3622,157950,154328,0,0,0
843487,a996a51f-1ebc-b7c8-6dcf-32509d5513e5,64,596753,809523,843487,684241,33964,246734,212770,0,0,0
844223,00902bcc-9b65-d988-60ae-c3799b085860,64,685037,843487,844223,688921,736,159186,158450,0,0,0
845850,aec94f77-fc41-7912-445b-2572a4585054,64,685294,843006,845850,688686,2844,160556,157712,0,0,0
848443,d3a24770-544b-ed9c-a038-b542ca1e4c54,64,658464,844223,848443,688948,4220,189979,185759,0,0,0
849116,6f7ee990-b8f8-9faf-c135-12bfe4e5f5e6,64,685210,848443,849116,689044,673,163906,163233,0,0,0
849261,b40d0f74-e9cb-5aa1-36bd-b0cd24436f1a,64,658374,835971,849261,688565,13290,190887,177597,0,0,0
849915,b560e0aa-89e8-e4ab-b506-2e58f3ca8f9e,64,685251,849116,849915,689124,799,164664,163865,0,0,0
851688,777cbc71-97f7-ae69-7068-1b585da505ba,64,528818,750558,851688,653490,101130,322870,221740,0,0,0
852554,f2627b8e-e603-9fc6-29e2-6dbff8bd1fe0,64,684975,849261,852554,689503,3293,167579,164286,0,0,0
853393,14622d53-6821-5157-42e8-57550eba6e0c,64,685019,851688,853393,689698,1705,168374,166669,0,0,0
855240,91bf8dfd-7603-3a07-6763-a0f27118d309,64,684808,849915,855240,689664,5325,170432,165107,0,0,0
855788,9102305a-6e4f-d94e-3e3f-e72f4a8b2c33,64,685188,853393,855788,690166,2395,170600,168205,0,0,0
857473,326a4f3d-9e91-e290-e3c7-833243064eec,64,685080,855240,857473,690310,2233,172393,170160,0,0,0
858629,6c20736b-646f-6049-2f0c-35b1a545fad1,64,595508,768914,858629,661485,89715,263121,173406,0,0,0
858693,2a74889c-6f74-0c44-b1ac-96a2944b8033,64,96989,667815,858693,618027,190878,761704,570826,0,0,0
862856,54a54e2f-856b-5cdc-c124-cb6e074dc41b,64,658544,852554,862856,689906,10302,204312,194010,0,0,0
864026,bf877ad5-2c74-7040-0a59-ad2147a8b558,64,658399,839814,864026,688681,24212,205627,181415,0,0,0
864179,9da08768-971d-8f8e-4567-ba0adfcfb274,64,658546,845850,864179,689016,18329,205633,187304,0,0,0
866678,1b5526c6-0db6-6dc3-d9c9-73ae1cf1aaff,64,658377,858629,866678,692785,8049,208301,200252,0,0,0
867481,6c666bde-134c-41a7-7351-c8c153ce8a6f,64,509757,752419,867481,654955,115062,357724,242662,0,0,0
868302,db36ee59-f4ec-799b-eacb-5e086c4f8103,64,679020,855788,868244,691383,12456,189224,176768,0,0,0
869131,61cdf869-9254-8bed-bf88-9eb9aa72af37,64,684804,862856,869131,694011,6275,184327,178052,0,0,0
869938,c03a2e38-f3db-969e-2f44-18235788076d,64,684805,867481,869930,695548,2449,185125,182676,0,0,0
873008,f35eb83d-d95e-2505-9b0c-afaa0c181b1b,64,684806,866678,873008,695395,6330,188202,181872,0,0,0
873190,71b172c3-a1e5-0ef3-b110-f25555204608,64,35825,508014,873190,538463,365176,837365,472189,0,0,0
877458,2e9bc45d-dd88-d31a-d20b-65702a878154,64,658549,868302,877458,695860,9156,218909,209753,0,0,0
878226,ebe6258a-86f7-d9d6-d629-cb344355f1fd,64,697922,877458,878226,698580,768,180304,179536,0,0,0
878497,4c5610ef-ac50-a314-063f-91fe1c443215,64,658374,869131,878497,696700,9366,220123,210757,0,0,0
879668,aa307af1-6df9-d561-0033-c34f7a560bdb,64,658551,857473,879668,692184,22195,221117,198922,0,0,0
884228,97ab6582-b305-1c92-c441-7095fe2e571a,64,658542,873190,884228,698400,11038,225686,214648,0,0,0
884918,f7de8748-6f98-dfd5-24fe-9c8e322d4536,64,699070,884228,884918,701087,690,185848,185158,0,0,0
885547,439ad870-d30a-c514-143f-55822ca4b37e,64,658313,878226,885521,698997,7295,227208,219913,0,0,0
886185,c7b0c359-9df3-f6e7-ab80-436f9a818e5a,64,699182,885547,886185,701434,638,187003,186365,0,0,0
887769,46d0a940-bfc8-41bd-6365-9f751b929ec0,64,699201,886185,887769,701480,1584,188568,186984,0,0,0
887829,1e565b5d-7658-3a75-a236-822e2da5a8fa,64,658303,878497,887793,699702,9296,229490,220194,0,0,0
888688,53a0188a-312e-673b-bd65-abbe3baf5a24,64,658380,864026,888688,695084,24662,230308,205646,0,0,0
889985,3e391d56-3c08-25bd-8b44-5cf19d915ba9,32,699238,888688,889985,702050,1297,190747,189450,0,0,0
890551,e089ca70-5c48-3eaf-97bf-c68426e1e946,64,658550,873008,890551,698349,17543,232001,214458,0,0,0
890683,8a00731b-b44c-6cd7-6a52-bcbb7b1a7952,64,699258,887829,890683,701933,2854,191425,188571,0,0,0
891164,04436133-67af-b0aa-c44a-16c3bf068a87,64,697923,884918,891164,701176,6246,193241,186995,0,0,0
891284,cb0aea27-c71d-5100-40b4-b859ae520d8b,64,699064,890551,891284,702129,733,192220,191487,0,0,0
891859,35a53ba4-d8ed-0099-aef7-eda725cb6bc6,64,699332,890683,891859,702171,1176,192527,191351,0,0,0
894832,5f310f4d-5d0e-fc86-39f6-32d666da077b,64,658388,891164,894832,702185,3668,236444,232776,0,0,0
894892,6d661971-55a8-f18d-9e03-ceaf214ba8a8,64,699322,891859,894877,702486,3018,195555,192537,0,0,0
895660,170165eb-ccbb-4518-45b6-3363668d4653,64,699058,894832,895660,702708,828,196602,195774,0,0,0
896711,9ed26f3d-6399-7cfe-4815-a8e770456859,64,658470,864179,896711,695114,32532,238241,205709,0,0,0
896908,344923f9-e1ff-2a14-adf7-dec39d0e56d2,64,699002,894892,896908,702766,2016,197906,195890,0,0,0
897419,715543d8-624d-7e33-3607-25fb3f7389c8,64,658312,887769,897419,701537,9650,239107,229457,0,0,0
897866,ddaa5963-8c73-a2bf-c133-c9411ea8fea0,64,699219,896711,897866,703355,1155,198647,197492,0,0,0
898051,f55fbc72-0abd-7c68-8f88-07e849cc9719,64,699121,897419,898051,703472,632,198930,198298,0,0,0
899542,f4421c2d-487b-4a61-115c-885080f79d6b,64,699197,897866,899542,703546,1676,200345,198669,0,0,0
899656,8859ff44-0c2c-b755-a491-6c9fadb9ec3a,64,658480,869938,899656,697811,29718,241176,211458,0,0,0
900350,64b52752-4280-f638-8e75-7f67f60ff0e4,64,699279,899656,900350,703669,694,201071,200377,0,0,0
900410,30c8e42f-5c84-b102-4a56-9aa451ac74d1,64,699106,896908,900363,703438,3455,201257,197802,0,0,0
900823,e399dd42-b285-890e-5d67-bb47a45344c2,64,699088,899542,900823,703621,1281,201735,200454,0,0,0
902695,9557e65b-d0c3-ad01-0e2c-2f8349420665,64,658371,888688,902695,702087,14007,244324,230317,0,0,0
903056,8d81b297-05e1-2f90-f1ce-8afb19e1a526,64,658387,891284,903056,702361,11772,244669,232897,0,0,0
904122,407ae271-3093-2176-ea22-effdf5ac4d0d,64,699295,903056,904122,704478,1066,204827,203761,0,0,0
904901,6dea4a41-f846-a119-a83b-8a6bb07cd1c9,64,658465,900823,904901,704174,4078,246436,242358,0,0,0
904961,537594dc-f22b-be18-f0d8-466d841f30c1,64,699142,902695,904906,704392,2211,205764,203553,0,0,0
907212,fc2a95ae-287b-bc27-ac24-1f78fa23257d,64,35952,69848,907212,533677,837364,871260,33896,0,0,0
908360,b0aa7c2d-21d5-3174-9195-67ba7c2796bd,64,658311,904122,908360,704573,4238,250049,245811,0,0,0
910264,b8158943-221a-0339-e851-00e85ea30fd7,64,658377,898051,910264,703620,12213,251887,239674,0,0,0
910485,2a9f7c74-15cf-b2d6-ce45-a9128aed0bbb,64,165326,576831,910485,545233,333654,745159,411505,0,0,0
910728,64a21c24-121e-187f-f887-e3af954d6cfe,64,658476,907212,910728,705709,3516,252252,248736,0,0,0
911277,3637fd41-fc2a-bc54-1c00-aff1f9ea6710,64,512658,858693,911277,693717,52584,398619,346035,0,0,0
911392,1f2a65bb-8feb-7257-f0cc-cda146776b8c,64,707163,910728,911392,708555,664,204229,203565,0,0,0
911469,c813bac5-6d52-3ef3-f270-37a0c4544193,64,658464,895660,911469,703168,15809,253005,237196,0,0,0
912118,930b0245-7014-1ac3-21da-1cac64d9a611,64,551420,797185,912118,668333,114933,360698,245765,0,0,0
914540,cc2365d3-c7e9-9322-6223-19b123acb5d2,64,35870,498652,914540,533859,415888,878670,462782,0,0,0
916421,bb1b85cf-1212-b95a-f7e0-aa823f0ffceb,64,658478,910264,916421,706037,6157,257943,251786,0,0,0
916771,ed070336-fe50-9462-fca4-75001a7b89e6,32,658543,904961,916771,705203,11810,258228,246418,0,0,0
918672,7e651cdb-099f-4e11-7430-131be9bb7286,64,658381,911277,918672,709194,7395,260291,252896,0,0,0
918732,03d27257-c2bf-d6b0-e766-e5bc3ee3dbb1,64,456861,782954,918710,665927,135756,461849,326093,0,0,0
918792,f7b471d6-df48-7923-be0b-38e546a8a0b5,64,658471,914540,918758,712229,4218,260287,256069,0,0,0
919133,72910d4f-5e72-b532-210d-30f41efbfdec,64,658557,904901,919133,704620,14232,260576,246344,0,0,0
919312,9b7e1ac0-f660-9b6c-b975-c269730243f1,64,710811,918792,919312,713098,520,208501,207981,0,0,0
919435,08e49fc3-5824-7f94-065d-350b93bde575,64,710932,918672,919435,713032,763,208503,207740,0,0,0
919495,3fa992b5-afcf-cd27-15ad-7380cd60a22e,64,710772,918732,919452,713053,720,208680,207960,0,0,0
919495,b23df93d-13c3-eea4-b273-ec0fd85dea70,64,658546,908360,919453,705911,11093,260907,249814,0,0,0
919555,fb14768f-c8ab-fd43-1b79-83490843a95d,64,679021,911469,919542,710255,8073,240521,232448,0,0,0
920201,78a01a71-eb23-9c06-dc02-bf83a266b287,64,710837,919495,920201,713785,706,209364,208658,0,0,0
920742,9b7e49cc-8f61-eb24-590d-d8b0e9c049e4,64,710636,919312,920742,713241,1430,210106,208676,0,0,0
920995,c01e4934-2a35-34f2-5c5d-52c685b34acb,64,710915,920201,920995,714184,794,210080,209286,0,0,0
921309,fe8045ee-386c-5fc6-69f7-9a313ea4d0b6,64,710676,920742,921309,714251,567,210633,210066,0,0,0
921804,77fc3ef3-1390-081a-9e36-333f66edabb3,64,710751,919435,921804,713404,2369,211053,208684,0,0,0
922022,496d9ff7-436f-a113-b477-a4a6caf12ee5,64,658310,900350,922022,703819,21672,263712,242040,0,0,0
922789,ca5dc9bf-05a9-26d6-ea51-ec9cdfbf05af,32,710871,922022,922789,714635,767,211918,211151,0,0,0
923503,c064facf-e007-fe7d-005f-4f30dc6b6424,64,710853,920995,923503,714428,2508,212650,210142,0,0,0
923916,b62113bc-65d2-259d-7740-e56b01ffcb0a,64,658477,919555,923916,714034,4361,265439,261078,0,0,0
923993,57413822-f96d-dd30-62b4-ae1037fed84c,64,710894,922789,923993,714940,1204,213099,211895,0,0,0
924545,3a4a63be-4a4d-7de0-1dfe-6127b4118db1,64,710655,923503,924545,714960,1042,213890,212848,0,0,0
925284,484db12a-0b78-6218-905a-ad0b83315ec6,64,710709,923993,925284,715142,1291,214575,213284,0,0,0
925855,73dbb947-23ec-3e24-308b-271970aba0b4,64,710793,924545,925855,715226,1310,215062,213752,0,0,0
926402,cf804a25-db7e-e6d6-4e7d-e13ecc0f4f08,64,658313,921309,926402,714450,5093,268089,262996,0,0,0
927051,7c584834-74bf-0481-7fc7-b9a078de4d52,64,710694,925855,927051,715646,1196,216357,215161,0,0,0
927962,b001099f-a269-41b8-a9fb-a94e040f821e,64,714398,926402,927962,715780,1560,213564,212004,0,0,0
928039,41c664c6-8d9f-8fbf-3d62-edc57af6b4da,64,710615,925284,928039,715546,2755,217424,214669,0,0,0
928772,ad236d58-5049-405c-6f7b-99835619a140,32,710953,928039,928772,716339,733,217819,217086,0,0,0
928978,6c609ed0-f988-fc28-0824-019e5f70bc92,64,710598,927051,928978,715880,1927,218380,216453,0,0,0
930122,714ddd9f-d604-a354-b23b-c6c838436d94,32,714397,928978,930122,716549,1144,215725,214581,0,0,0
930227,a0ddc00e-f134-42d6-cea7-2df02528573c,64,697923,919133,930227,713122,11094,232304,221210,0,0,0
930442,b3a9b3c5-dfff-4477-d85d-9de281aecd32,64,629512,900410,930442,703968,30032,300930,270898,0,0,0
930691,d0e60b92-5240-5d4a-c41a-f80d3543252d,64,658554,919495,930691,713814,11196,272137,260941,0,0,0
930973,40504668-c7e7-c15c-45f8-79c1c44768e5,64,714398,930227,930973,717309,746,216575,215829,0,0,0
932664,f6a3de07-8178-2515-1dcf-81eff2b8a69b,64,714395,930442,932664,717500,2222,218269,216047,0,0,0
932724,95c70e06-cb9b-c851-faf6-5e3e405c0062,64,658371,927962,932686,716272,4724,274315,269591,0,0,0
932845,f8def7d6-81df-b8ae-0eea-e787cf7421d1,64,714397,930691,932845,717575,2154,218448,216294,0,0,0
933104,e2e34866-a354-7853-7c07-1ec120a6ca01,32,658301,919495,933104,713498,13609,274803,261194,0,0,0
933510,2c5506cb-f772-8a63-c8b4-050ae2b9791c,64,658544,910485,933510,706128,23025,274966,251941,0,0,0
933672,188e8ed4-f8fc-7aa1-cd68-207e000b3ba0,64,658302,916421,933672,712627,17251,275370,258119,0,0,0
934043,c7db4d53-ff41-7150-a796-c5763f1c8371,64,720850,933672,934043,722052,371,213193,212822,0,0,0
936246,7128df4c-012d-ec00-4f91-0d715db9451d,64,658302,930973,936218,717838,5245,277916,272671,0,0,0
937156,57d70f9b-d63f-c3d3-7f70-2d809b9bfa7a,64,658548,932724,937156,718739,4432,278608,274176,0,0,0
938839,32befa68-f6a4-9f0c-cf17-5cf9448c33db,64,690265,923916,938839,714968,14923,248574,233651,0,0,0
939810,4f420357-0bf9-0f4c-780d-cb86d93c154b,32,658546,930122,939810,717106,9688,281264,271576,0,0,0
941261,9fdc9b45-cbe1-c681-521f-c6eb487f54bf,64,658376,936246,941261,725130,5015,282885,277870,0,0,0
942064,e5b342f9-f7b7-efc6-7667-46e5b178e5aa,32,725561,941261,942064,726730,803,216503,215700,0,0,0
943099,631500e8-e773-e432-3e0d-fb8fc7800e2a,64,658477,933104,943099,719024,9995,284622,274627,0,0,0
944172,38cd2e39-237a-44ed-5074-536b97497ee1,64,658469,928772,944172,716514,15400,285703,270303,0,0,0
944447,e92b8a5c-9cad-069b-3dfb-9ac6ba8fc9c1,64,726112,943099,944447,727531,1348,218335,216987,0,0,0
944577,b05ecdd0-c13c-5008-24d0-c685881275c7,64,658465,939810,944577,726097,4767,286112,281345,0,0,0
946392,04b9b3d3-969b-974c-a535-3c9ece20d40d,32,658371,933510,946392,721457,12882,288021,275139,0,0,0
950291,11a63320-7549-c150-d76e-a50aa9c93ec2,64,658543,934043,950291,723909,16248,291748,275500,0,0,0
951331,70c6051e-43d2-5a5b-1936-37dead8ea3e9,64,658463,937156,951331,725130,14175,292868,278693,0,0,0
952773,d53ada3a-58e0-52e1-5767-1ce37247ac8a,64,725917,950291,952773,729997,2482,226856,224374,0,0,0
954751,a63a716d-7701-d04e-f4ed-d8e9ab2e14d7,64,658471,932664,954751,718030,22087,296280,274193,0,0,0
955931,1f477f35-29b7-f5c4-dfdc-875e1988ab02,64,658554,938839,955931,725336,17092,297377,280285,0,0,0
956798,4a90637c-ff61-a0cb-2689-f199d817df99,64,658304,944447,956798,728598,12351,298494,286143,0,0,0
961676,e091c920-c478-3252-d678-94d1100b37d4,64,658371,954751,961676,733289,6925,303305,296380,0,0,0
962010,9f9b4fe6-6af5-ab8f-01e0-fa3f12a87b9d,64,658478,951331,962010,731101,10679,303532,292853,0,0,0
962171,2d9a32f8-a590-8a6a-f0ae-cb36fcc269e6,64,658304,944577,962171,729048,17594,303867,286273,0,0,0
963270,17b4d201-8c79-590d-4dfb-68611f28d996,64,658552,956798,963270,733800,6472,304718,298246,0,0,0
965170,ce5c2662-798f-942b-2119-e875d8eeb7ff,64,658306,955931,965170,733565,9239,306864,297625,0,0,0
966902,bbd5eeab-229c-69de-023f-35d943db5044,64,658475,961676,966902,734039,5226,308427,303201,0,0,0
968345,d0eb9157-c41d-623b-6c2e-fd4d15a974c5,64,658301,963270,968345,735252,5075,310044,304969,0,0,0
969097,7f89ea7a-2eb9-ace2-69dd-1c31544f7199,64,733972,968345,969097,736332,752,235125,234373,0,0,0
970157,6018fced-54b2-805e-9f0d-444e2a6657da,64,733851,966902,970157,735920,3255,236306,233051,0,0,0
970414,3bec27eb-1e80-02df-aef8-27dc8f8ac229,64,242620,620850,970414,574003,349564,727794,378230,0,0,0
970502,2d26c363-be98-9de4-bad0-3b067ac801d9,64,734194,969097,970502,736421,1405,236308,234903,0,0,0
970865,5722f62d-17f4-6222-f58f-498ba5a02dbc,64,734072,970157,970865,736455,708,236793,236085,0,0,0
971483,387278c5-3a0d-4765-2ba3-4e1a81fba314,64,733820,970865,971483,736659,618,237663,237045,0,0,0
971961,3107e30c-d655-78ba-4759-0a4c0035464e,64,734279,970414,971961,736464,1547,237682,236135,0,0,0
972127,0d9d1713-8c91-ba81-f099-de8d8f552221,64,733760,971483,972127,736741,644,238367,237723,0,0,0
972883,13f32ed4-8ed0-d150-c783-1a19c046a1d0,64,733559,970502,972883,736639,2381,239324,236943,0,0,0
973273,abb4302b-39a3-cf61-05ee-579504a6f26b,32,734217,971961,973273,736763,1312,239056,237744,0,0,0
973337,86ebfff8-5e6a-77a5-c664-090235e531d2,32,733894,971961,973337,736789,1376,239443,238067,0,0,0
974210,8ef70156-ed9b-c5e9-163a-229f83b40e3b,64,734297,972883,974210,737151,1327,239913,238586,0,0,0
975527,3347a4c7-87aa-f467-a646-5e611239206e,32,734030,974210,975527,737245,1317,241497,240180,0,0,0
976002,ec8a4788-d141-ffe9-e0b7-491b715dce5e,64,733599,972127,976002,736821,3875,242403,238528,0,0,0
976229,1f48ab24-98aa-6217-457e-7b014ea0705d,64,733621,974210,976229,737426,2019,242608,240589,0,0,0
976654,2c8c8e08-f88c-20cb-e122-967f1b58ce16,64,733580,976229,976654,737552,425,243074,242649,0,0,0
977553,9bb068c1-071c-07fe-79ed-9db89bb833d4,64,595841,911392,977553,709928,66161,381712,315551,0,0,0
978030,d6dad678-da95-6391-77c5-187c6b0182ca,64,658301,944172,978030,728468,33858,319729,285871,0,0,0
978187,3bf031bd-116d-cef3-71ce-303d15c36ee3,64,733677,976002,978187,737432,2185,244510,242325,0,0,0
978247,108763e0-0338-9b6c-3eca-4e6ff5f6b6ed,64,733523,976654,978202,737571,1548,244679,243131,0,0,0
979760,0b44d4af-b039-851a-6936-51b4e88a1754,64,733640,977553,979760,737586,2207,246120,243913,0,0,0
980204,4cf48372-9cf7-32e5-0383-dbdb73258dbd,64,733699,978030,980204,737655,2174,246505,244331,0,0,0
980610,15164cde-6950-535d-f144-05779bb93992,64,733542,978187,980610,737964,2423,247068,244645,0,0,0
981099,45dd7571-5595-20b9-1a9a-d02556388c97,64,733792,978247,981099,737973,2852,247307,244455,0,0,0
981253,b3f80e22-7500-655d-2aec-21cfd211fba4,64,658309,962010,981253,734133,19243,322944,303701,0,0,0
981313,1a40f8a7-760a-0015-8e2e-a7a3f5112fcb,64,734151,980610,981262,738127,652,247111,246459,0,0,0
981854,b256c525-f37c-c462-3956-0828ab90ca8a,64,734093,979760,981854,738036,2094,247761,245667,0,0,0
981914,dbbe3ec6-ff62-1e84-e4e3-227f2d0ea3c7,64,733737,981313,981884,738485,571,248147,247576,0,0,0
982007,f4ce2358-d13f-cc48-48aa-33b6b709b140,64,733873,981099,982007,738303,908,248134,247226,0,0,0
982331,8701af5c-f650-f4f9-437f-554dceedf7ff,64,624057,942064,982331,727174,40267,358274,318007,0,0,0
982440,f13b750a-f8c3-2203-f4f3-dfea85e3f0f8,64,658466,962171,982440,734155,20269,323974,303705,0,0,0
982503,cd219934-e5a2-f176-346e-760ded61a15b,32,734134,981099,982503,738230,1404,248369,246965,0,0,0
983244,a900aa80-4779-a85d-ed19-ce251df617fc,64,734176,981914,983244,738843,1330,249068,247738,0,0,0
983647,8a8711c5-affd-b912-702f-fd6e5eae840a,64,658304,973273,983600,737202,10327,325296,314969,0,0,0
984086,abe719d1-1b4f-0c85-311f-1043ae9156ef,64,733992,981253,984086,738349,2833,250094,247261,0,0,0
984146,77a449ee-c80c-3f02-ef78-ca9fa9f643e3,64,734320,981854,984097,738710,2243,249777,247534,0,0,0
984146,f267feec-b0ab-4e69-4742-b16324a2ca97,64,734009,982440,984143,739137,1703,250134,248431,0,0,0
984455,d8b431c8-1a24-2e2f-5294-b846d9cb4532,64,733659,982007,984455,738924,2448,250796,248348,0,0,0
984696,8a35e947-5a1a-84b1-aa2c-f8e470bfe09d,64,734240,982331,984696,739079,2365,250456,248091,0,0,0
985673,52f4cb79-8535-4673-f8d7-7900edff60f1,64,733718,984086,985673,739475,1587,251955,250368,0,0,0
985961,6566a944-d106-654b-f78c-dcd6821f4418,64,734260,983244,985961,739240,2717,251701,248984,0,0,0
986021,b81b2a1f-df58-2bfe-731c-9a85ed3a6bba,64,734053,984696,985987,740072,1291,251934,250643,0,0,0
986162,64b348b1-8f46-b295-059c-ec1e0b6af030,64,725919,984455,986162,739944,1707,260243,258536,0,0,0
986387,2cb9d27f-d2fa-13d9-bdb3-72f82768af97,64,734114,984146,986387,739724,2241,252273,250032,0,0,0
987682,0acad2b7-7c7b-1aac-9b63-7ef3a82566aa,64,658383,965170,987682,735774,22512,329299,306787,0,0,0
989854,f5ec80b5-c0a4-362b-b565-d8a96aeaa2e7,64,658542,986021,989854,746512,3833,331312,327479,0,0,0
990077,b690c731-0462-d857-6860-c7e4c528843a,64,658471,952773,990077,732477,37304,331606,294302,0,0,0
990923,8ebf247b-9980-8b93-e31f-c6250abc400a,64,658377,984146,990923,739731,6777,332546,325769,0,0,0
993651,648165e7-a7b8-6e6b-98fb-7c964abc01bb,64,658383,986162,993651,746782,7489,335268,327779,0,0,0
994407,ab21df64-82f7-5092-beda-008437c166aa,64,690270,986387,994360,747041,7973,304090,296117,0,0,0
994910,5c3d38c1-6b56-00fd-c79b-a33fe33fb7c3,32,765062,994407,994910,769246,503,229848,229345,0,0,0
997647,31f30603-6c7e-044b-8324-17eaee178088,64,690261,980204,997647,738058,17443,307386,289943,0,0,0
1000290,9e87204c-491c-aba9-c7e4-85eb404c3b05,64,658545,987682,1000290,747725,12608,341745,329137,0,0,0
1002811,f4b57318-af1d-08e7-534b-f17589bc854e,64,775407,1000290,1002811,777963,2521,227404,224883,0,0,0
1003479,af70988f-8609-91e5-950e-9c54aaf34721,32,658310,989854,1003479,749629,13625,345169,331544,0,0,0
1003987,2f30f330-3cb8-b620-f472-ed29d9baebfb,64,479758,904961,1003987,705606,99026,524229,425203,0,0,0
1005260,838a09c2-1cdd-c011-7cf4-e47b48de3270,64,775360,1003479,1005260,779048,1781,229900,228119,0,0,0
1005530,5cad30bb-f6ae-c4ee-3f3b-a47fe4855df5,64,775275,1003987,1005530,779096,1543,230255,228712,0,0,0
1006802,95b94552-425a-62fc-1802-d925d7ee27ba,64,775380,1002811,1006802,778111,3991,231422,227431,0,0,0
1007113,0f4b416e-b942-64d6-7760-c0835562f8a3,32,775317,1005530,1007113,780012,1583,231796,230213,0,0,0
1007500,eb5ebeee-c5f0-1974-960c-c466e1ac1bcf,64,775339,1005260,1007500,779560,2240,232161,229921,0,0,0
1007576,a95fc0cd-67e2-db37-1413-7ae00c350a46,64,775298,1006802,1007576,780225,774,232278,231504,0,0,0
1008049,e2a2dda2-21e0-eb31-5caf-fa0d85872dce,64,658384,985961,1008049,745879,22088,349665,327577,0,0,0
1008273,5b29d881-3e59-9718-e35d-99c43fd6345f,64,679019,990077,1008273,757592,18196,329254,311058,0,0,0
1008333,061d5212-5ec6-67c8-8475-38d169900a53,64,775445,1007500,1008285,780380,785,232840,232055,0,0,0
1008822,b9cb19e7-9bd6-8eff-07c8-b488c9182465,64,784424,1008273,1008822,786659,549,224398,223849,0,0,0
1009127,add58f1b-02aa-40df-808c-c502e8cc017e,64,658301,983647,1009127,739436,25480,350826,325346,0,0,0
1009452,5c1e4740-31c3-c611-1359-e8c5d263dcf1,64,778546,1007576,1009452,780882,1876,230906,229030,0,0,0
1009512,7fd9c675-d904-fe7f-066c-d4d7c6ee9a92,64,775425,1007113,1009488,780250,2375,234063,231688,0,0,0
1010128,65399d75-47e2-8ede-e83e-b503e424e48f,64,784246,1008333,1010128,786699,1795,225882,224087,0,0,0
1010546,ac6c507e-35f8-4fb3-28e4-4eb4ecb0f051,64,784207,1008049,1010546,786464,2497,226339,223842,0,0,0
1010707,98ba414d-22b9-e5b5-8afa-7e0c834e4da0,64,784365,1010128,1010707,787254,579,226342,225763,0,0,0
1010767,342f2b72-0cac-dcbc-77be-cf511c1cb8f8,64,784184,1009127,1010717,787011,1590,226533,224943,0,0,0
1011082,5ff2d440-0847-b136-ab6f-a925fa7a4937,64,784127,1010546,1011082,787781,536,226955,226419,0,0,0
1011491,277868ea-d400-d78c-ee6c-98ae231663a8,64,784388,1009452,1011491,787050,2039,227103,225064,0,0,0
1011606,aa966a34-c274-8e38-e65a-69b9e695e61b,64,658554,989854,1011606,752399,21752,353052,331300,0,0,0
1011766,3fca0888-7ba5-4cf5-f83e-8075e01a61c1,64,784168,1009512,1011766,787078,2254,227598,225344,0,0,0
1011909,3f18e281-0d43-d095-ae53-8cc2cc1afaef,64,784403,1010707,1011909,787852,1202,227506,226304,0,0,0
1012888,9dc4d731-5c0c-7000-34bc-952a2eca91b2,64,784147,1011606,1012888,788249,1282,228741,227459,0,0,0
1012948,45672b09-f7f0-d99f-0b7b-78b3a04ac82d,64,784288,1011082,1012930,788030,1848,228642,226794,0,0,0
1012948,1c041db0-458d-111f-44f6-f01c8aa2e010,64,784305,1011909,1012932,788366,1023,228627,227604,0,0,0
1013200,8ff91184-83b2-9d9d-aab8-e2c275319add,64,784326,1011491,1013200,788197,1709,228874,227165,0,0,0
1013545,2ec99f9c-a013-b128-b1c1-37b534a8f459,64,784467,1012888,1013545,788940,657,229078,228421,0,0,0
1013723,d6686747-b399-99f5-4fb5-22cba9758d61,64,784228,1011766,1013723,788361,1957,229495,227538,0,0,0
1013920,53868ac3-c58e-98ee-305a-80d7c1f3c430,64,784268,1010767,1013920,787941,3153,229652,226499,0,0,0
1014008,5f451e1e-a059-0378-a8f4-606d2eb84985,64,784344,1012948,1014008,789511,1060,229664,228604,0,0,0
1014454,ca6a54db-e9fb-c2d0-7798-21cb77e5249f,32,784445,1012948,1014454,790093,1506,230009,228503,0,0,0
1014911,99ca8f7d-5560-9457-4cb6-6b8c6332f68a,64,791102,1014008,1014911,795863,903,223809,222906,0,0,0
1015530,2e328274-78ef-0f12-1c85-c39810d1097e,64,792880,1013920,1015530,795212,1610,222650,221040,0,0,0
1015994,546a6f3b-9259-68c4-be48-4d1feb1cd409,64,782199,1008822,1015994,786917,7172,233795,226623,0,0,0
1017010,92ac4d11-4011-6b7e-34e2-b2f01c8814cd,32,794182,1015994,1017010,797617,1016,222828,221812,0,0,0
1017136,d66c27d1-9f92-f78a-ec5b-77824960caa9,64,792882,1014911,1017136,796166,2225,224254,222029,0,0,0
1017196,17b2004e-550e-9f9c-3f3c-027406e5d95f,64,791072,1014454,1017181,796089,2727,226109,223382,0,0,0
1020187,a887306d-7ee7-0329-7559-cea6afc91a20,64,792880,1015530,1020187,796583,4657,227307,222650,0,0,0
1020556,23e3bb57-d5c9-5f20-618d-8afd398d2e55,64,782199,1013723,1020556,793273,6833,238357,231524,0,0,0
1021498,7b6df8a4-1be6-c0d2-2c96-7cc940696e09,32,800030,1020556,1021498,806682,942,221468,220526,0,0,0
1023145,a4bb1527-0ab9-48f9-f718-14a89eef1db5,32,800756,1021498,1023145,807288,1647,222389,220742,0,0,0
1051473,4c8087d0-f671-c741-2982-7bda5c30db29,64,684784,1017136,1051473,798845,34337,366689,332352,0,0,0
1054200,10e718bc-145f-d4b1-d9d2-b7fa83ea8d64,64,695378,994910,1054200,772110,59290,358822,299532,0,0,0
1057945,6f028312-0086-71c4-671c-56dc3ecd86e1,64,479758,879668,1057945,699856,178277,578187,399910,0,0,0
1060979,63f9bbca-2a80-45cd-5321-e9ed30700a49,64,600961,912118,1060979,711188,148861,460018,311157,0,0,0
1061849,0a4923f5-ef35-c84f-70a2-2c77390f45b7,64,809463,1057945,1061849,818730,3904,252386,248482,0,0,0
1065426,b485441f-e710-15d0-fd18-b2c9268b6899,32,711317,997647,1065426,775505,67779,354109,286330,0,0,0
1070327,a1e2c995-69d2-e185-e8d6-196c995b1540,64,731397,1017196,1070327,803421,53131,338930,285799,0,0,0
1073001,071f8c12-35df-6330-9122-21a3e0f94ef5,64,550736,932845,1073001,718994,140156,522265,382109,0,0,0
1073840,811b2f05-5ba9-376d-43d8-1bac377f3356,64,638214,985673,1073840,744244,88167,435626,347459,0,0,0
1076417,75e04081-1fef-d61c-2a37-f711618b84ad,64,795919,1070327,1076417,824468,6090,280498,274408,0,0,0
1077140,b069960a-74cd-f258-6629-523992c8d3c9,64,821424,1073001,1077140,826132,4139,255716,251577,0,0,0
1077771,5e998e52-92a0-9cdd-fd01-cd8d479b92dc,64,636152,1013545,1077771,791389,64226,441619,377393,0,0,0
1078128,bfb5e595-fd1f-7a89-7ea4-3216aebb261d,64,812788,1061849,1078128,823201,16279,265340,249061,0,0,0
1079684,259f9c9d-2df3-1908-a456-61b3115bf784,64,819350,1077140,1079684,828806,2544,260334,257790,0,0,0
1083447,15d326ae-95ab-ce40-e3a0-c8730ccff865,64,707251,1054200,1083447,816471,29247,376196,346949,0,0,0
1088835,c81a7a10-8c4d-ef7a-aab3-2361b9ecda17,64,794792,1077771,1088835,830770,11064,294043,282979,0,0,0
1092910,e0b8768b-f1cf-2534-169e-3ccf5a681903,64,812787,1076417,1092910,828581,16493,280123,263630,0,0,0
1093033,c915bec8-a7bd-934e-3d8b-46ce627369b9,32,812788,1083447,1093033,835328,9586,280245,270659,0,0,0
1093418,cd9114fc-eda7-b72a-2904-5cc28217bdf7,64,707837,1017010,1093418,798665,76408,385581,309173,0,0,0
1093890,3b5cf6aa-2b1a-a61b-bf2e-c4c36151a3b1,64,810882,1073840,1093890,826609,20050,283008,262958,0,0,0
1094165,4f3ddafd-c8a2-e12a-defd-f00484fa18ce,64,795246,1060979,1094165,821932,33186,298919,265733,0,0,0
1094232,01164e75-7519-83ce-6310-511dfd74d47f,64,457539,814320,1094232,685569,279912,636693,356781,0,0,0
1094479,bd19f2fb-35b5-2538-e0bc-0044c3c51dda,64,796540,1079684,1094479,834531,14795,297939,283144,0,0,0
1096991,ec211b0a-4cff-6f43-bdaf-5181e673cdc7,64,794791,1093033,1096991,842059,3958,302200,298242,0,0,0
1097309,dba362bd-fe97-071d-0754-a6e85dc8dffa,64,796537,1092910,1097309,838452,4399,300772,296373,0,0,0
1097369,5d66f450-e7e8-92dd-9b6c-685adc79b0b8,64,595837,990923,1097352,761397,106429,501515,395086,0,0,0
1098984,c93f00fe-4b17-ba32-8e03-90b3e4527b17,64,823225,1094479,1098984,849111,4505,275759,271254,0,0,0
1101354,ff1bdf3c-3b91-b214-acb0-7e392250bb68,64,812787,1088835,1101299,835697,12464,288512,276048,0,0,0
1101354,59771465-e3a1-55b3-c55f-d14077b70983,64,697793,1051473,1101319,814297,49846,403526,353680,0,0,0
1102492,a78e37db-6edb-bd97-da33-024002138140,64,795919,1097369,1102492,861383,5123,306573,301450,0,0,0
1102955,561ba540-ed49-5cea-6574-05160bda0e48,64,795243,1094232,1102955,848853,8723,307712,298989,0,0,0
1103545,6e7692e2-025b-50a6-498b-144ca964d4e0,64,823774,1101354,1103545,867284,2191,279771,277580,0,0,0
1104222,20b21c0c-c12a-ee36-1a99-0bd4f72e3bd0,64,865265,1102492,1104222,867378,1730,238957,237227,0,0,0
1104458,fccdae6c-82ed-de4e-1574-5e66363f03da,64,865265,1101354,1104458,867224,3104,239193,236089,0,0,0
1105016,4dce22a7-f50a-d710-49eb-35a4e182e822,64,865262,1104222,1105016,868262,794,239754,238960,0,0,0
1105367,9992f1f5-609c-724d-cfd2-16705de5f11a,64,865261,1103545,1105367,867949,1822,240106,238284,0,0,0
1106090,7c157753-5b3b-ae0c-5e9f-4386129980dc,64,865266,1102955,1106090,867670,3135,240824,237689,0,0,0
1106228,d19543de-d4bd-e603-1e5c-981018a10f52,64,865266,1105367,1106228,868684,861,240962,240101,0,0,0
1106773,832d111a-4865-91ea-d01a-389004fd1b63,64,865271,1105016,1106773,868471,1757,241502,239745,0,0,0
1107651,c4b9037c-eeb3-127e-c96a-3a02e8cd3c66,64,865266,1104458,1107651,868377,3193,242385,239192,0,0,0
1109484,62960882-15c8-f746-60ec-cdae7f0805a8,64,865262,1106228,1109484,868991,3256,244222,240966,0,0,0
1109936,2b8e7595-d459-e80c-bac3-59a6f89eba3e,64,865268,1106090,1109936,868696,3846,244668,240822,0,0,0
1111316,8bf185be-fe68-a773-2c09-4bd0d875506e,64,865263,1107651,1111286,869678,3635,246023,242388,0,0,0
1119743,c6ef1e3d-56d7-34e7-276b-77c8066447bd,64,484167,1013200,1119743,790327,106543,635576,529033,0,0,0
1120212,d9efc9d1-8e04-de70-f393-9c2168d6a797,64,871315,1119743,1120212,871715,469,248897,248428,0,0,0
1120943,caea5f90-1a74-1650-39cd-68bc40a5b321,64,871303,1120212,1120943,871979,731,249640,248909,0,0,0
1121122,b9c9981b-bb53-2d39-33e5-b26f206ea1b5,64,636089,1020187,1121122,803848,100935,485033,384098,0,0,0
1121808,2d84421a-755e-0c6b-534b-d0c892833da0,64,870018,1120943,1121808,874607,865,251790,250925,0,0,0
1124363,2d0f276e-6b5a-b2f2-b888-da158456c945,64,823774,1109936,1124363,870824,14427,300589,286162,0,0,0
1124439,301da488-e7b6-281d-6e0d-5ccb91ca786e,64,823773,1109484,1124439,870257,14955,300666,285711,0,0,0
1124838,841afe8e-1d26-c752-9a30-343f734e2c2c,64,870156,1121122,1124838,874780,3716,254682,250966,0,0,0
1125173,e29a9252-36a9-b087-6684-1f1e15812a00,64,870334,1124363,1125173,875002,810,254839,254029,0,0,0
1125251,3e6c39e3-d6fa-3df7-bc4b-7ef2c0bd6e84,64,864102,1121808,1125251,874872,3443,261149,257706,0,0,0
1125782,a6b49f4a-8d85-bcdd-2203-806af8cf7ba1,64,870855,1125251,1125782,875725,531,254927,254396,0,0,0
1126281,595f0baf-d874-9cd9-91af-feb278110eb2,64,870718,1124838,1126281,875486,1443,255563,254120,0,0,0
1127537,8bd96562-937e-4a66-f8d5-9a797ecdb03c,64,870510,1124439,1127537,875437,3098,257027,253929,0,0,0
1128200,086b2264-a506-aa6e-e22a-3958827b04d4,64,870649,1125173,1128200,875599,3027,257551,254524,0,0,0
1128260,f6a6562c-6723-36c3-379c-5c04a37aa861,64,823223,1111316,1128218,871260,16902,304995,288093,0,0,0
1128476,81aa1a50-f09e-81bc-9255-dc8af97b776e,64,871525,1125782,1128476,875757,2694,256951,254257,0,0,0
1129154,3201491b-907e-6623-8654-9f04314d877f,32,871363,1128476,1129154,876463,678,257791,257113,0,0,0
1129255,173f5a62-bd5f-46ea-f4ce-91abbe32e386,32,870376,1127537,1129255,876005,1718,258879,257161,0,0,0
1129480,e0981073-6bc1-bc17-121f-c3b15a0746a6,64,870539,1126281,1129480,875823,3199,258941,255742,0,0,0
1130656,9d7c00db-3f01-6396-587b-4c64e8adcc89,64,871782,1127537,1130656,876381,3119,258874,255755,0,0,0
1130955,5e2e0b9c-e787-7f0a-dc72-666a17cbfeac,64,870327,1128200,1130955,876397,2755,260628,257873,0,0,0
1131392,f27c8b9c-8e92-0ab0-64ff-c49995ec27db,64,871036,1128260,1131392,876421,3132,260356,257224,0,0,0
1132103,7e6e6cb8-2bdd-2d54-d14e-0ea091c13054,64,870792,1130656,1132103,876565,1447,261311,259864,0,0,0
1132731,4d3a5eaa-480f-da93-7ad8-322386dba7f9,64,870362,1129154,1132731,876486,3577,262369,258792,0,0,0
1133191,e60dbf7e-a3c0-694d-ef30-e921af474474,64,870011,1129480,1133191,876515,3711,263180,259469,0,0,0
1134020,b66dd1d7-bf08-e61b-b624-03cbfe428ae7,64,871066,1130955,1134020,876671,3065,262954,259889,0,0,0
1135187,f3f137e8-da7e-b37b-0ae6-6fb45a71e4d3,64,871033,1132103,1135187,876774,3084,264154,261070,0,0,0
1136005,d68c9674-823a-71e0-99ec-16a27e2c8ec8,64,870679,1135187,1136005,877257,818,265326,264508,0,0,0
1136065,780764ed-8336-6449-6992-45585dac7cae,64,823226,1131392,1136051,876731,4659,312825,308166,0,0,0
1137222,38975ef0-44df-e2c9-0419-88d4d5a756a5,64,870528,1134020,1137222,877254,3202,266694,263492,0,0,0
1137501,07d0ea6f-d446-69b0-9c35-d662c70ad6a8,64,870889,1136065,1137501,877342,1436,266612,265176,0,0,0
1138139,13ec5f4b-d1cc-f468-aa72-003eb95aa84a,64,870175,1132731,1138139,876824,5408,267964,262556,0,0,0
1138206,086ff024-3027-5b55-322f-8246cd4046b8,64,870504,1136005,1138206,877317,2201,267702,265501,0,0,0
1138631,8b3958d3-5aab-821b-2ac3-5a7dd4d6ad33,64,869907,1137222,1138631,877421,1409,268724,267315,0,0,0
1139591,3fcc5282-113f-51c3-6214-a0f81219ee28,64,870337,1138631,1139591,877667,960,269254,268294,0,0,0
1140009,1afb35d4-3213-fa96-774a-b280d8b2e984,32,711128,1070327,1140009,823320,69682,428881,359199,0,0,0
1141273,546eff06-3f36-16b1-7012-5b8b06eb494a,64,869796,1138139,1141273,877554,3134,271477,268343,0,0,0
1141775,554ff3c4-8924-ba16-519e-aa9f33f39393,64,870974,1139591,1141775,877685,2184,270801,268617,0,0,0
1142168,b1b9381a-298b-04f8-2dcd-772d4f8de10a,64,870362,1141273,1142168,877988,895,271806,270911,0,0,0
1142770,2817df97-efee-96ce-ff91-58e9399612c1,64,690275,1097309,1142770,859117,45461,452495,407034,0,0,0
1142950,4e724027-586d-dd40-ab9c-74021f839756,64,872091,1137501,1142950,877503,5449,270859,265410,0,0,0
1143514,5fc3c501-75f7-e3db-4ebe-f2efed0a0062,64,870346,1140009,1143514,877843,3505,273168,269663,0,0,0
1144249,47771e09-ef52-1bc9-2998-8d9d8068f222,64,867581,1138206,1144249,877556,6043,276668,270625,0,0,0
1144487,df717f33-53d1-d73f-b838-7d75d9f35a9f,64,871050,1142770,1144487,878333,1717,273437,271720,0,0,0
1145989,1f6cd641-7d47-afdc-9def-cc069e58cef1,32,870507,1144487,1145989,878686,1502,275482,273980,0,0,0
1146049,316a841d-2681-1c8a-02f3-2c654c1752b4,64,869533,1142950,1146044,878404,3094,276511,273417,0,0,0
1146886,9592e98c-2473-09f3-5574-5ef5952c99a6,64,864102,1141775,1146849,878052,5074,282747,277673,0,0,0
1147126,9075a918-8161-7df0-540a-fbbaae16cf9d,64,869880,1143514,1147119,878451,3605,277239,273634,0,0,0
1147315,ad9b87cf-9e32-1636-d15a-6ccf2be3916f,64,870004,1144249,1147315,878671,3066,277311,274245,0,0,0
1147518,759748b4-b249-debd-2837-7ce8f389ce2b,64,870144,1142168,1147517,878148,5349,277373,272024,0,0,0
1147818,7395e8ad-e8dc-9257-f39f-f1a3c01cdde9,64,869878,1145989,1147761,878810,1772,277883,276111,0,0,0
1148353,6bd7fc06-2730-4be5-b4b6-db3b3a6b7a56,64,870169,1146886,1148353,879041,1467,278184,276717,0,0,0
1148419,f534753c-7756-3b60-aa1a-803e681b013b,64,866461,1147315,1148419,879132,1104,281958,280854,0,0,0
1149087,d2269f2e-fd26-482e-06dd-0d84e514aed5,64,870349,1146049,1149087,878991,3038,278738,275700,0,0,0
1150028,c086d1e3-0765-2e7d-309c-6c39005fc71d,64,867750,1147126,1150028,879046,2902,282278,279376,0,0,0
1150088,a9e3b45b-cce2-ce13-fc06-0bcd983452a6,32,869897,1148353,1150073,879372,1720,280176,278456,0,0,0
1150611,91ce914e-4c19-9823-f104-288d97ab1b2a,64,870330,1147518,1150611,879162,3093,280281,277188,0,0,0
1151138,9062a2d6-9b4f-7059-c3b0-21e0724124c2,64,870521,1148419,1151138,879373,2719,280617,277898,0,0,0
1151470,7383c215-e8fe-2dc4-1d97-052800d34ded,64,869909,1147818,1151457,879270,3639,281548,277909,0,0,0
1151470,b949a1c4-96f9-ab6d-5587-76f0597fc029,64,870959,1150611,1151457,879636,846,280498,279652,0,0,0
1151826,da3eb4a9-a70b-cac4-faf7-09b77b2d2225,64,870747,1149087,1151774,879383,2687,281027,278340,0,0,0
1151826,87ab7269-32de-a131-e5df-5098c1f01550,32,870159,1150088,1151816,879590,1728,281657,279929,0,0,0
1152481,82244e67-d3c5-d369-152f-869891a04795,64,870511,1151470,1152474,880145,1004,281963,280959,0,0,0
1152747,273c5b2d-f2cc-21b7-0eae-97100f5ee233,64,871522,1150028,1152747,879424,2719,281225,278506,0,0,0
1152807,7534d982-1a75-b34a-1e9a-9e6e53bb607d,64,821388,1096991,1152803,852228,55812,331415,275603,0,0,0
1153015,b527cbcb-0e3d-c1b6-0d02-a8507dcb4bc3,64,870026,1152481,1153015,880569,534,282989,282455,0,0,0
1153239,c2d12e1b-aad3-7224-f4e0-8d2495892404,32,871159,1151470,1153239,879829,1769,282080,280311,0,0,0
1153675,3227ffbf-5c53-48be-b94e-e7779a89b372,64,870739,1152807,1153675,880687,868,282936,282068,0,0,0
1153970,8e41ecfa-cda6-b6e0-f042-cd999d73668b,64,870787,1153015,1153970,880694,955,283183,282228,0,0,0
1154314,a3225877-df9b-950e-8848-551146454012,64,869553,1151138,1154314,879726,3176,284761,281585,0,0,0
1155082,761cbf20-a0fc-f22c-c1b1-b1da2dd23190,64,870339,1153675,1155082,880987,1407,284743,283336,0,0,0
1155202,0fb6840f-3520-3eed-48aa-a7876f0b18e9,64,870000,1151470,1155196,879776,3726,285196,281470,0,0,0
1155877,5f616d2e-1a66-d5d0-0fe9-e5caa441dc7e,64,870924,1152747,1155877,880656,3130,284953,281823,0,0,0
1156110,69cc31db-9fa5-6c84-26cb-4c5a40d321cf,64,874915,1151826,1156059,880223,4233,281144,276911,0,0,0
1156110,6b2ac771-4679-d921-266b-794d4d488d62,32,872445,1154314,1156061,881279,1747,283616,281869,0,0,0
1156930,5f194bdc-1a72-fd70-0dbb-dff9333682f7,64,871577,1155202,1156910,881545,1708,285333,283625,0,0,0
1158148,e4339188-2495-148b-85b5-e4c44f5b0649,64,869907,1155082,1158148,881336,3066,288241,285175,0,0,0
1158306,a4c79388-8389-6239-1531-663f1467e33b,64,870643,1156930,1158306,882019,1376,287663,286287,0,0,0
1158792,4c8e4924-f5ab-9783-e115-a0d79ba11d14,32,866848,1155202,1158792,881515,3590,291944,288354,0,0,0
1159395,313f20ad-bf6d-96c7-af5f-3f4d37a7a3ed,64,869888,1153970,1159395,881107,5425,289507,284082,0,0,0
1159464,dfad20e3-e23e-b3fb-6559-3d392dbcfe34,64,871072,1153239,1159464,880791,6225,288392,282167,0,0,0
1159603,766004ac-547e-1c79-dfef-7a21f355a611,64,870178,1158148,1159603,882192,1455,289425,287970,0,0,0
1159736,085e4595-1761-4345-0ce8-49fa5140f143,64,870529,1158306,1159736,882280,1430,289207,287777,0,0,0
1160002,66252329-715e-1067-945c-8aa48bc36e76,64,870760,1159464,1160002,882803,538,289242,288704,0,0,0
1160327,f62af49e-2526-436d-974e-a3f2a92cea3a,64,870986,1159736,1160327,883397,591,289341,288750,0,0,0
1160507,b9f00da3-2c4d-6572-db4a-6b73605bc79b,64,871328,1158792,1160507,882486,1715,289179,287464,0,0,0
1161122,e34200a4-8945-7b63-4df0-31914feeec66,32,870753,1159395,1161122,882656,1727,290369,288642,0,0,0
1161226,bff20e85-047f-d6d0-4ace-0fd6b7217e57,64,870545,1159603,1161226,883112,1623,290681,289058,0,0,0
1161467,d40d37a7-1649-b12c-6e65-04d243ab2c27,32,871508,1159736,1161467,883393,1731,289959,288228,0,0,0
1162710,1a05ba29-076d-d9bf-4c1b-500ad604bf63,64,880615,1160507,1162710,884306,2203,282095,279892,0,0,0
1163115,1c0c7311-4225-b0ef-6f21-fff288ccdf97,64,867076,1161226,1163115,884759,1889,296039,294150,0,0,0
1164356,f96af2fa-b5d0-42dd-d34a-532cf13043f0,64,868696,1162710,1164356,886221,1646,295660,294014,0,0,0
1165346,8cd3b7e4-b076-7aa8-bdd3-d471e5176c62,64,823224,1155877,1165346,881549,9469,342122,332653,0,0,0
1165504,62872d3c-58dd-0bd7-0e80-58582a7a2a56,64,871362,1160002,1165504,883529,5502,294142,288640,0,0,0
1166463,4c8b60e7-f6cd-8d10-d8cb-97020558062e,32,885487,1165504,1166463,888499,959,280976,280017,0,0,0
1166945,61523924-9de0-0898-7e37-30305bdb60fe,64,866908,1156110,1166945,881935,10835,300037,289202,0,0,0
1168778,2ad1675a-f5cb-edfe-7d03-8c3959376ab7,32,886488,1166945,1168778,888958,1833,282290,280457,0,0,0
1169231,5665c613-5ee0-9319-104d-9de2ca2fd672,64,694457,1078128,1169231,833831,91103,474774,383671,0,0,0
1172669,26ef0489-f731-e2d5-a9b5-42b509c0235e,64,868294,1165346,1172669,888184,7323,304375,297052,0,0,0
1173115,e465c659-0727-dbad-ed4c-9daea6160c54,64,882428,1164356,1173115,888171,8759,290687,281928,0,0,0
1175233,7fb350e7-96d6-3fcf-5b67-8a3b40d852f5,64,882428,1169231,1175233,889721,6002,292805,286803,0,0,0
1176101,680dde1a-d5ea-3ef9-abb5-779e2a644fcc,64,872222,1168778,1176054,889249,7276,303832,296556,0,0,0
1178005,f35d9b69-10fb-08be-1518-f00115f29f76,64,867708,1172669,1178005,889765,5336,310297,304961,0,0,0
1179973,96b5a4c7-891f-a6e1-c147-29d8b1f91ceb,64,882426,1173115,1179973,891086,6858,297547,290689,0,0,0
1183418,68db0794-4e80-0d74-9f39-25fcf0d4af75,64,862606,1166463,1183418,888920,16955,320812,303857,0,0,0
1184070,ab22b240-c50b-73fd-549b-368297b5d537,64,868242,1178005,1184070,891548,6065,315828,309763,0,0,0
1184971,7ede1317-5c15-e8b7-b902-12de076b44ed,64,882299,1179973,1184971,892713,4998,302672,297674,0,0,0
1186342,ebf702bd-a28e-3125-ae0c-33f0223fa402,64,694456,1023145,1186342,809792,163197,491886,328689,0,0,0
1189471,9806cf64-dfe3-21db-1dab-0e5547e16d1d,64,775850,1093890,1189471,845706,95581,413621,318040,0,0,0
1192614,cb7d9200-16bb-7cf9-4ad0-8799fabf7600,64,882428,1186342,1192614,894393,6272,310186,303914,0,0,0
1192900,1ab9a3c6-192f-6bba-00ef-c826381f453e,32,896956,1192614,1192900,897857,286,295944,295658,0,0,0
1197159,b5f81685-3987-3e0f-1307-3303ce3faab1,64,862609,1163115,1197159,887044,34044,334550,300506,0,0,0
1198259,9b4cbd4d-02f9-bc8e-6e58-af996915534b,64,882302,1192900,1198259,899588,5359,315957,310598,0,0,0
1198614,8186172d-49e3-f4ef-e080-3d25aa1ce64b,32,899247,1198259,1198614,900659,355,299367,299012,0,0,0
1200733,66007334-e160-eb22-2814-e0f551c836ed,64,882299,1184070,1200733,894028,16663,318434,301771,0,0,0
1201464,a2885241-14ae-b8ba-9c65-8cc09862185d,64,882308,1189471,1201464,896600,11993,319156,307163,0,0,0
1203838,c9388f60-17f8-5489-3b1f-74f3d8506999,64,867980,1184971,1203838,894125,18867,335858,316991,0,0,0
1205157,bee029e4-c876-f6d9-033b-7a7648159b75,64,882303,1198614,1205157,901004,6543,322854,316311,0,0,0
1207997,9c3bdfb9-7043-1feb-8a2f-93e17c0d6a55,64,882302,1200733,1207997,901453,7264,325695,318431,0,0,0
1208777,8edd0fde-fc43-b386-8501-94d3aae1fd1b,64,882300,1201464,1208777,902171,7313,326477,319164,0,0,0
1212006,d4063329-8bc9-2f2f-1b44-b1bdd72a51df,64,860749,1208777,1212006,904257,3229,351257,348028,0,0,0
1212665,c7a0cb17-4111-7f28-ee06-6e9004d91b42,64,867979,1203838,1212665,902271,8827,344686,335859,0,0,0
1214569,2c510bb5-638d-9bff-78cf-753652ca7323,64,697995,1133191,1214569,877027,81378,516574,435196,0,0,0
1215198,4307599d-a2d6-7bb8-b454-cd84f93c3ab0,32,882299,1205157,1215198,902994,10041,332899,322858,0,0,0
1216569,2e4ca533-8105-c52e-052b-fe9ceb12d643,64,860564,1197159,1216569,899767,19410,356005,336595,0,0,0
1225154,8cec9b9c-8ed7-d456-4235-8bad1950ff12,64,885193,1214569,1225154,913307,10585,339961,329376,0,0,0
1225734,ec323365-1571-9151-c86d-ec75a51bc61c,64,860309,1215198,1225698,913552,10500,365389,354889,0,0,0
1226397,063c98d8-eac6-5560-08ce-d9f48a398660,64,882301,1212665,1226397,910027,13732,344096,330364,0,0,0
1228725,d59cade1-7d01-c786-769a-9f4b30406b3f,64,772143,1183418,1228725,893987,45307,456582,411275,0,0,0
1228845,584804d9-7123-e19d-a81f-c504124bb83c,64,884631,1216569,1228823,915968,12254,344192,331938,0,0,0
1230533,f345428a-f3b0-bb68-2a04-a0cc7a230eab,64,860747,1207997,1230533,903536,22536,369786,347250,0,0,0
1233745,e7da4871-0233-cfc6-c453-6d3fa069da8e,64,885188,1228725,1233745,927595,5020,348557,343537,0,0,0
1236243,428a4aea-7872-8630-ed34-d2a046080818,64,877663,1225734,1236243,921060,10509,358580,348071,0,0,0
1236355,6641507f-b865-51ec-12d0-228ffca45b34,64,772195,1161467,1236355,885180,74888,464160,389272,0,0,0
1236758,9566a981-f45f-bc76-a095-3ac4d3455e43,64,885187,1230533,1236758,930925,6225,351571,345346,0,0,0
1241842,c4573986-cf32-1871-23cb-6aa0c6782322,64,912885,1236243,1241842,935719,5599,328957,323358,0,0,0
1242270,2e991216-0dea-97ee-4e9f-6d3f0fb9fb54,32,939710,1241842,1242270,942643,428,302560,302132,0,0,0
1245223,7ede93cd-da49-db17-d5f9-4ea74bf32f9e,32,935188,1242270,1245223,942924,2953,310035,307082,0,0,0
1247198,b0e98b45-a527-6d02-59b2-ef6114c088c2,64,862609,1212006,1247198,904500,35192,384589,349397,0,0,0
1251441,f2dac7c3-3b44-b838-16b3-7a338c5f0773,64,681837,1098984,1251432,864597,152448,569595,417147,0,0,0
1251674,0d3f0a6f-a354-1e98-0f37-349218f6b88a,64,877659,1236758,1251674,940331,14916,374015,359099,0,0,0
1252287,699a80dc-abaa-aaba-be74-fe997c60bcee,64,939914,1251441,1252287,943784,846,312373,311527,0,0,0
1252430,e60d6d02-0185-2535-88a2-dd1877841445,64,939923,1251674,1252430,943824,756,312507,311751,0,0,0
1253141,5a81116d-1cbd-c4ef-3fd2-8d210971b806,64,937806,1252287,1253141,943828,854,315335,314481,0,0,0
1253346,c0de0fc6-9eb7-4a13-5fcc-925fbb2de59a,64,935643,1252430,1253346,944020,916,317703,316787,0,0,0
1253716,fa2fe2ce-fdcf-22a3-0d46-5c72f13e0011,64,935810,1253141,1253716,944054,575,317906,317331,0,0,0
1254182,8cc14b05-8021-f526-2341-d7a6dccb99ea,32,936820,1252430,1254182,943847,1752,317362,315610,0,0,0
1254282,36083192-a797-7c07-cfc2-874395c6b458,64,939921,1253346,1254282,944147,936,314361,313425,0,0,0
1255566,af055648-19e9-f01f-9004-5eeadb674419,64,939903,1254282,1255566,944386,1284,315663,314379,0,0,0
1256044,efd10041-ca24-1547-694e-06300269ff57,32,885190,1245223,1256044,942970,10821,370854,360033,0,0,0
1256294,50bb462e-3945-09b4-7324-cc79193f9801,64,928278,1247198,1256294,943366,9096,328016,318920,0,0,0
1256611,93507ef2-72cd-5247-e316-104190395448,64,939923,1253716,1256611,944350,2895,316688,313793,0,0,0
1257140,b22ce823-2ec1-6786-aa6c-a3e2fb5ae51d,64,939905,1256294,1257140,945052,846,317235,316389,0,0,0
1257830,0006f234-4eec-7a17-f102-df58d90e6cfa,32,935391,1256044,1257830,945002,1786,322439,320653,0,0,0
1258659,a4cd7f49-d44e-f926-0ccc-54909caefdaa,32,939918,1257830,1258659,945699,829,318741,317912,0,0,0
1258807,3b6f807a-7af3-1237-b3f2-4a18cb53db1f,64,939907,1255566,1258807,944851,3241,318900,315659,0,0,0
1259340,8c4b0a90-3377-2016-7554-07b36d9c7b94,64,939905,1256611,1259340,945114,2729,319435,316706,0,0,0
1260057,4b046f85-6437-f578-3d5a-90cf6a428fe9,64,939901,1258807,1260057,945973,1250,320156,318906,0,0,0
1260117,4fb127c0-4d28-3160-f183-d429d69bd456,32,618774,1093418,1260115,842540,166697,641341,474644,0,0,0
1260270,b875a387-8658-1489-cf65-51758c820c63,64,939919,1259340,1260270,946151,930,320351,319421,0,0,0
1261371,8474616c-a8f3-5e98-4826-98b88353a058,64,928276,1257140,1261371,945499,4231,333095,328864,0,0,0
1261514,13734ade-0b4f-c268-eac3-7725d6bd8af8,64,937185,1260057,1261514,946307,1457,324329,322872,0,0,0
1262090,99be36dc-3269-170e-cbef-cf918707378a,64,859336,1226397,1262090,926997,35693,402754,367061,0,0,0
1262228,adffa20e-988b-0d33-ecda-5c9d7006b666,64,938277,1258659,1262228,945841,3569,323951,320382,0,0,0
1262813,ba1717e1-ecf3-c66f-86f7-341e0e7d80fd,64,939904,1260270,1262813,947041,2543,322909,320366,0,0,0
1263240,890d634c-efc9-a557-5c6c-916c2f4a9cd5,64,938060,1262228,1263240,947458,1012,325180,324168,0,0,0
1263527,36e49312-89e9-777b-f4a7-4d46f210657c,64,938300,1262090,1263527,947290,1437,325227,323790,0,0,0
1263637,8cb83958-ca5e-32d1-61e0-c463f01adc70,64,939928,1262813,1263637,947578,824,323709,322885,0,0,0
1263832,3cc3018d-fa41-caa8-ddb1-fbcfef47c448,32,937815,1262090,1263832,947090,1742,326017,324275,0,0,0
1263916,4bc9a961-53b4-faaf-86e3-cc384331adab,64,939903,1261371,1263916,947051,2545,324013,321468,0,0,0
1264436,44328b3e-2b27-82f2-7d52-4c80edb17c6a,64,939925,1263637,1264436,947768,799,324511,323712,0,0,0
1264496,3f8ded42-638e-37a3-c9a6-c6e897c3efef,64,939903,1261514,1264450,947054,2936,324547,321611,0,0,0
1265180,37c843c2-cfce-4fed-a023-f5ca32303002,32,936921,1264496,1265180,948466,684,328259,327575,0,0,0
1265240,337154fc-5db2-54e0-d90b-ec94b202fcfb,64,939901,1263916,1265203,947921,1287,325302,324015,0,0,0
1265240,824e9e8b-e18a-cf87-b096-09047bf2b65a,64,939928,1263240,1265229,947647,1989,325301,323312,0,0,0
1266238,97080153-547b-5fda-5299-4c9f5ebc7f2a,32,938278,1264496,1266238,948279,1742,327960,326218,0,0,0
1267004,ce0b2e76-e8e4-4214-622d-15bdfea79e2e,32,938312,1265240,1267004,948580,1764,328692,326928,0,0,0
1267139,0938ccd5-0f33-5b2c-753b-de591af129dd,64,936245,1264436,1267139,948180,2703,330894,328191,0,0,0
1267748,020bce07-3249-4eb2-ede8-d63b1304d9d4,64,939917,1267004,1267748,949513,744,327831,327087,0,0,0
1267935,0bb45f8c-0570-870a-09b1-0452d5196f14,32,937888,1266238,1267935,948938,1697,330047,328350,0,0,0
1268325,408ed5d3-655f-f876-4f00-bb0be0a8c589,64,939911,1263527,1268325,947711,4798,328414,323616,0,0,0
1268386,ad7ce00b-a2f6-4970-4563-610e79b037e9,64,936805,1265240,1268386,948590,3146,331581,328435,0,0,0
1268446,955dfbad-7c94-0086-9052-9adc6eb5a409,64,939916,1267139,1268389,949670,1250,328473,327223,0,0,0
1268517,364bf82c-12e5-a648-31ce-263cba77f397,64,939923,1267748,1268517,949717,769,328594,327825,0,0,0
1269860,1f3c2d39-1eca-45ae-a6ae-17a460938b7c,64,939929,1268517,1269860,950553,1343,329931,328588,0,0,0
1270508,c7d459f5-3474-e709-98c3-bac75e764b5a,64,937447,1268325,1270508,949922,2183,333061,330878,0,0,0
1271237,8e796193-f985-3dd4-72ed-d1a5c970c2af,64,939916,1268446,1271237,950239,2791,331321,328530,0,0,0
1271546,0b29cdf6-6406-104f-9d15-efcd3cc61718,64,622684,993651,1271546,766379,277895,648862,370967,0,0,0
1271790,2ef56679-e1d2-0ef6-2bc1-dc3e687380bb,64,939906,1270508,1271790,950828,1282,331884,330602,0,0,0
1273226,0d322cba-869e-dfe4-b333-f4ddad88efd4,64,939704,1269860,1273220,950814,3360,333516,330156,0,0,0
1273304,1da7bdd9-e0b9-1320-b6c4-f6b29b0db81d,64,939688,1271790,1273304,951894,1514,333616,332102,0,0,0
1274959,6e269e3f-d84d-e224-5d22-7700f9cb7ddd,64,939690,1271546,1274959,951626,3413,335269,331856,0,0,0
1275109,ca55e73a-c6b4-ee50-d7f8-c158e029d0cf,64,884634,1271237,1275109,950884,3872,390475,386603,0,0,0
1275900,76711874-e093-83d6-52b9-dda996b7924d,64,928276,1268386,1275900,950216,7514,347624,340110,0,0,0
1276857,9f9d93d3-5f15-6714-cb04-cc01510fb249,64,939708,1274959,1276857,952624,1898,337149,335251,0,0,0
1277928,9cdee3f9-51b5-b0e6-1537-f1c38f25b6c3,64,939689,1275900,1277928,954061,2028,338239,336211,0,0,0
1279674,0124051a-ff76-39e1-5dbc-b261252e0902,64,939691,1273226,1279674,952243,6448,339983,333535,0,0,0
1279817,9cb200e3-8177-951c-b8d6-e9044bf21606,64,939686,1273304,1279817,952311,6513,340131,333618,0,0,0
1280932,f410ed99-3e8a-7af1-7293-4021f9743efb,64,939705,1279674,1280932,954932,1258,341227,339969,0,0,0
1281172,e3b14e6f-2a1c-10bc-0de9-ab1148c271f6,32,955660,1280932,1281165,956316,233,325505,325272,0,0,0
1281402,7c9cf8be-c74b-6ced-5089-5582f2356132,64,928275,1277928,1281402,954593,3474,353127,349653,0,0,0
1281638,3fb46b67-29c9-82c8-5f52-b502c4d4bd29,64,955659,1281172,1281638,956323,466,325979,325513,0,0,0
1281809,49c651ad-8321-88f2-f760-3ca1c238641b,32,955659,1281638,1281809,956406,171,326150,325979,0,0,0
1282029,ea4dbf28-f1b3-3570-ba35-2d98a9a24458,32,955590,1281809,1282029,956434,220,326439,326219,0,0,0
1282141,b3f892d1-6fee-bae4-e95a-d260536eff7b,64,939702,1279817,1282141,955614,2324,342439,340115,0,0,0
1282264,2f4715d9-4a50-aced-01bb-8168a23b7479,32,955594,1282141,1282264,956515,123,326670,326547,0,0,0
1282682,71da5439-7e18-1ed0-acdb-2a8314652329,32,955357,1282264,1282682,956536,418,327325,326907,0,0,0
1282830,191be4de-8681-230e-0125-ddf1ce83b9f8,32,955657,1282682,1282830,956558,148,327173,327025,0,0,0
1283094,bc97eb7b-cf8d-040d-3f58-c799a844f459,32,955664,1282830,1283094,956622,264,327430,327166,0,0,0
1283380,bddba7e5-46d4-27d6-bb9d-56a63925b538,32,955407,1283094,1283380,956652,286,327973,327687,0,0,0
1283488,92ba8b3c-4145-0bbf-2930-589924e22912,32,955592,1283380,1283488,956655,108,327896,327788,0,0,0
1283992,187de90d-f3a9-1ed8-5990-e3a8010b063d,32,955592,1283488,1283992,956722,504,328400,327896,0,0,0
1284250,1b58ca68-9cfb-0d14-ff79-57066549fb21,32,955409,1283992,1284250,956849,258,328841,328583,0,0,0
1284531,48d38df4-efbb-71df-3ea4-d8d4eb79a763,32,955660,1284250,1284531,956867,281,328871,328590,0,0,0
1284714,8f64e47e-512c-ecfd-8a2b-0691b6b83f81,32,884630,1271790,1284714,951630,12924,400084,387160,0,0,0
1285450,b0a14c98-82a1-483d-1223-785a85d67ab2,64,939697,1276857,1285450,954561,8593,345753,337160,0,0,0
1290116,6f2609cb-3631-e1db-cd83-87bfb1301729,64,939700,1281402,1290116,956398,8714,350416,341702,0,0,0
1291017,8dc1b8df-9017-c9a6-7593-ea307fe22b0c,64,956494,1290116,1291017,956967,901,334523,333622,0,0,0
1291252,d0404aae-f58e-f49e-9226-74f614756dfe,64,955346,1291017,1291252,957056,235,335906,335671,0,0,0
1291706,a9982f03-10f5-6250-fc45-cebc434b95e2,64,955594,1291252,1291706,957056,454,336112,335658,0,0,0
1291969,c38295b5-8aa8-d26e-adcf-956ff26a81f1,64,955404,1291706,1291924,957066,218,336520,336302,0,0,0
1292281,865cde53-e911-5635-23e3-6a569825e592,32,955660,1291969,1292240,957095,271,336580,336309,0,0,0
1292778,b91e8299-3f3b-9bce-5817-4a8db087a2da,64,955659,1291969,1292778,957152,809,337119,336310,0,0,0
1293281,e5e03aeb-03d4-684d-7e65-b19d45801738,64,928282,1284531,1293281,956905,8750,364999,356249,0,0,0
1293341,cba14ec9-f8ed-14fb-4720-7e686ae39a3d,64,955597,1292778,1293284,957204,506,337687,337181,0,0,0
1293427,37654d0c-bee5-8c47-7707-2cf917ba4d26,64,955592,1293281,1293427,957251,146,337835,337689,0,0,0
1293487,4e14cae0-0647-0c8f-1dcf-892704e1a76a,64,955594,1293341,1293429,957279,88,337835,337747,0,0,0
1293937,905ab3d8-d2aa-8764-7b9e-f63c44556919,64,955347,1293487,1293888,957376,401,338541,338140,0,0,0
1294292,cb43213c-bcd8-c4b2-deb8-f52930a6fa9e,64,956499,1293427,1294292,957292,865,337793,336928,0,0,0
1295163,223e56cc-0431-021f-28f7-a40aa00f7b8d,64,955590,1294292,1295163,957402,871,339573,338702,0,0,0
1295839,74e897f6-a874-8634-7266-1ec6504f6242,64,956496,1295163,1295839,957410,676,339343,338667,0,0,0
1298040,37359887-131e-0779-886d-e84af0945d81,64,939685,1293937,1298018,957402,4081,358333,354252,0,0,0
1298281,c0ecef5d-9600-086e-2218-73d3afe83a5d,64,955346,1298040,1298281,957437,241,342935,342694,0,0,0
1298938,f638d4be-4f58-78f5-1776-bca2651a8fe9,64,955402,1298281,1298881,957442,600,343479,342879,0,0,0
1299214,cd145704-ee20-4e36-eb60-284665b85cb3,64,955657,1298938,1299213,957453,275,343556,343281,0,0,0
1299298,358c5028-d1a7-d56f-b202-d5f27aca3995,64,939690,1295839,1299298,957413,3459,359608,356149,0,0,0
1299433,ff489f00-c46f-a88d-ea3b-f012e44dec95,64,955654,1299298,1299433,957496,135,343779,343644,0,0,0
1299734,e9f66b89-cbe0-d21b-4145-0c9b56717057,64,955595,1299214,1299734,957469,520,344139,343619,0,0,0
1299939,e2da43f2-7538-b359-d80c-b619001cd8a3,64,955590,1299433,1299939,957505,506,344349,343843,0,0,0
1300421,31f6ffc2-9ef2-a13c-0077-26dd4e650f63,64,955655,1299939,1300421,957531,482,344766,344284,0,0,0
1300739,c6ea3c95-28b8-1cf6-9b51-a018ccb8d188,64,955402,1299734,1300739,957523,1005,345337,344332,0,0,0
1300799,85414571-8f3a-c0f7-acdd-cd28eced4f9a,64,955591,1300421,1300769,957567,348,345178,344830,0,0,0
1301133,132d50c4-408b-2267-3d79-95a3039d0e8c,64,955664,1300799,1301078,957618,279,345414,345135,0,0,0
1301605,71add11e-da2e-d5d0-de54-014287306e88,64,928280,1285450,1301605,956938,16155,373325,357170,0,0,0
1301665,bf3d211b-4f97-ba9a-ea79-63f082020343,64,955404,1300739,1301627,957611,888,346223,345335,0,0,0
1301665,f6cc5177-5a69-2370-11f3-3e26345b3e3e,64,884631,1275109,1301648,953661,26539,417017,390478,0,0,0
1302703,7320ac9b-8d1c-2671-70ed-28a8b92b2a75,64,955404,1301665,1302703,957836,1038,347299,346261,0,0,0
1303288,a5cc4401-709d-b00f-6e0f-2579a0bc4f0f,64,955409,1302703,1303288,957846,585,347879,347294,0,0,0
1304224,450295df-83b7-9267-b0eb-31b78a2495de,64,694458,1106773,1304224,869043,197451,609766,412315,0,0,0
1304784,7ff5cd2e-5f19-29f9-067c-3ab9bdd71d63,64,955403,1303288,1304784,957886,1496,349381,347885,0,0,0
1305012,202c8e1d-c568-7f99-a73d-d406dfcb18fd,64,955347,1304784,1305012,958234,228,349665,349437,0,0,0
1305251,288649d3-1c54-f3be-6d20-9bc687694750,64,955347,1304224,1305251,957981,1027,349904,348877,0,0,0
1306154,9e487819-7c64-eb71-b3c8-1b676f74e4c6,64,955345,1305251,1306105,958309,854,350760,349906,0,0,0
1306526,99dcc5e3-80f7-3f82-7966-a8fd79e82cae,64,955351,1305012,1306526,958298,1514,351175,349661,0,0,0
1307008,154d2546-3bb8-6df5-7814-d3b3838fd733,64,955347,1306154,1307008,958326,854,351661,350807,0,0,0
1307862,c2979860-2693-8c30-fb9f-ba982718d1f7,64,955409,1307008,1307862,958449,854,352453,351599,0,0,0
1308033,d9d3111f-e840-70e9-cc96-ef2fa73bce4c,64,955345,1306526,1308033,958393,1507,352688,351181,0,0,0
1308093,5305f1e5-2f64-720c-01a0-d806fb0b4b9c,64,955405,1307862,1308089,958616,227,352684,352457,0,0,0
1308489,bcb5bbbb-124e-b5ae-60a1-e427a05c61ef,64,955351,1308093,1308489,958753,396,353138,352742,0,0,0
1308549,489d93e2-1d83-0e2a-90de-3763caa76ad4,64,939693,1301133,1308495,957695,7362,368802,361440,0,0,0
1308768,2892f788-8503-8241-0039-e520cd52c27b,64,955347,1308489,1308768,958977,279,353421,353142,0,0,0
1309536,87af1a04-2795-8217-5b2d-a8bd52ce1d64,64,955409,1308033,1309536,958704,1503,354127,352624,0,0,0
1310260,be94df1f-a2eb-2a4f-1b9b-b74a7b42990e,64,939713,1308768,1310260,960031,1492,370547,369055,0,0,0
1310538,125f283e-629b-e7bd-7dfa-6199d93b7175,64,928280,1301605,1310524,957728,8919,382244,373325,0,0,0
