time,job_id,num_gpu,submit_time,start_time,end_time,ddl,executed_time,JCT,pending_time,preempt,promote,best_effort_job
11593,930dd644-e119-8ce9-0935-e6148a7c7bed,64,9940,9940,11593,25913,1653,1653,0,0,0,0
12819,ae858270-d60b-79da-8e7a-d444a656f2e3,64,11093,11146,12787,26305,1641,1694,53,0,0,0
13513,4b677169-a8ac-9025-ce52-585435a4463b,64,11851,11851,13513,31324,1662,1662,0,0,0,0
14226,c868e18d-b098-0298-f811-744f4e0929a0,32,12324,12324,14220,30085,1896,1896,0,0,0,0
14562,5c338a83-7c80-c067-9afc-00ac9bd2ce6b,32,11086,11086,14562,21749,3476,3476,0,0,0,0
15471,a2f22ccc-d2cb-e0f6-c34d-740c904df24b,32,11934,11934,15471,31023,3537,3537,0,0,0,0
15588,13fb0fdf-547c-de4a-6797-e7d69fb731b8,32,12219,12219,15588,27137,3369,3369,0,0,0,0
15950,2e7f23b7-49a9-c27a-b065-89db136209c4,64,11664,11664,15950,27828,4286,4286,0,0,0,0
16010,382310f0-949d-9991-e9b4-3912dba8bb55,64,11709,11724,15963,25493,4239,4254,15,0,0,0
16227,c0fed388-c8a0-7df4-21ac-b714262d0dee,32,12759,12759,16227,27534,3468,3468,0,0,0,0
16978,8dcecce2-537e-46b7-aa78-dfb22252b6d0,64,14159,14166,16978,28940,2812,2819,7,0,0,0
17820,08142d39-0cd1-e657-3340-f08fe7989b29,64,14229,15950,17820,33947,1870,3591,1721,0,0,0
18460,b9736cde-21bb-9549-c0ad-720a01a5bbef,64,14106,14106,18460,24832,4354,4354,0,0,0,0
19277,153d116c-54bf-a765-a923-0fd49e806e18,64,13011,13011,19277,25996,6266,6266,0,0,0,0
20907,a4734908-e057-b549-b19f-0c07ad28d2be,64,13621,13621,20907,27957,7286,7286,0,0,0,0
21666,b275fc8c-d0d4-d137-f0d2-7cb3083c1697,64,14594,15588,21666,33926,6078,7072,994,0,0,0
22159,2e76bf9c-fa2b-8231-187b-88da5a763c0a,64,13938,16010,22159,36985,6149,8221,2072,0,0,0
22219,b39f4d4b-fe63-1535-6c58-930f1c50bf4e,64,11326,11326,22168,33269,10842,10842,0,0,0,0
37087,e668117f-348a-7799-df53-4e10e2609f42,64,36801,36854,37087,38083,233,286,53,0,0,0
37210,2d35641a-a6f5-3bec-ff5e-8fc148d01517,64,36842,36854,37210,40735,356,368,12,0,0,0
37270,51e6c6d5-d555-eb38-ca14-f58bcdd0830d,64,36798,36854,37269,40125,415,471,56,0,0,0
37391,4686de3a-bae3-1876-8d3a-39f02d911d74,64,36802,36854,37391,39409,537,589,52,0,0,0
37451,71361b64-afe8-d49e-63f1-5584f8ca43f8,64,36847,36854,37394,40825,540,547,7,0,0,0
37635,7e763562-a4e2-0715-4bda-2a5f0be1de5d,64,36846,37087,37635,41140,548,789,241,0,0,0
37815,fc2dbf2f-f7b9-8b53-0dae-48adea21fea7,64,36848,36854,37815,41090,961,967,6,0,0,0
37875,b782eda6-7595-7441-69b0-983df350e590,64,36842,37451,37841,41758,390,999,609,0,0,0
37989,8ef35559-4b4e-9a40-833d-ed118a62b89f,64,36842,36854,37989,41114,1135,1147,12,0,0,0
38187,49e1850c-6071-5481-b0e6-88bb996ab5f7,64,36842,37635,38187,41915,552,1345,793,0,0,0
38247,9758e08c-9d01-d427-b230-e7871b65174f,32,36795,36854,38213,40397,1359,1418,59,0,0,0
38307,d0d7a392-f011-7f02-959f-da8105e1b554,64,36803,37815,38277,41987,462,1474,1012,0,0,0
38367,e34b2dab-5590-babf-52ab-7f212cdf8f26,64,36797,37210,38348,41189,1138,1551,413,0,0,0
38545,4195a84f-1724-7b00-e79e-b5a640b6a2a0,64,36803,37875,38545,42106,670,1742,1072,0,0,0
39078,746567a2-6436-66fe-b18b-a37a553bcc8c,64,36799,37391,39078,41587,1687,2279,592,0,0,0
39263,2eb7f6e1-5365-728c-8bd3-6f9d54fdfb9b,64,36843,36854,39263,40631,2409,2420,11,0,0,0
39458,5e6319e3-588f-948d-0177-2a6126953abf,64,36847,38307,39458,42459,1151,2611,1460,0,0,0
39518,1920a85c-8e0c-d118-5f9f-27ac39f7bed9,64,36850,38545,39467,42799,922,2617,1695,0,0,0
39701,548dea62-21ec-505a-8bbd-93915133e308,64,36794,36794,39701,42823,2907,2907,0,0,0,0
39842,a75401c7-c18f-112c-fe6a-950a162d423a,32,36794,36794,39842,42784,3048,3048,0,0,0,0
40051,0f102772-9418-3382-4da5-1e0e4202b24a,64,36842,37989,40051,42177,2062,3209,1147,0,0,0
40234,1a5162ca-ef48-e905-ab01-bf7edbddc6e8,64,36850,37270,40234,41435,2964,3384,420,0,0,0
40407,8972cc7a-6f53-e83f-cb3c-ed43732fae63,64,36797,39263,40407,42938,1144,3610,2466,0,0,0
40627,35d0e9ea-fee0-6cbe-5349-49049ae110f2,64,36799,39518,40627,43098,1109,3828,2719,0,0,0
40774,4d80b9d4-a4d8-837a-492c-40057204d88b,64,36794,36794,40774,43116,3980,3980,0,0,0,0
40834,76ab5b52-0655-230e-4747-62f819693375,64,36799,38367,40782,42541,2415,3983,1568,0,0,0
40834,c06273d4-30bc-5949-0280-0ae9ef9bf9c7,64,36804,38187,40805,42206,2618,4001,1383,0,0,0
40902,6dc47a63-d767-8828-9e78-8dd3304182fd,64,36795,40234,40902,43405,668,4107,3439,0,0,0
40962,6394aac8-6c85-d90c-a8f1-90e94e4ff148,64,36841,39458,40906,42966,1448,4065,2617,0,0,0
41502,4cf21d8c-8188-5c0b-0b07-4323d7d30613,64,36798,40834,41502,43802,668,4704,4036,0,0,0
41593,b315d141-f9b7-1d25-f251-ef023c09e20d,64,36847,40627,41593,43616,966,4746,3780,0,0,0
41865,490f937a-fe99-0bb5-cb37-83bda4607a75,64,36842,40902,41865,44059,963,5023,4060,0,0,0
42064,957625c5-2622-8dcd-7cf5-04df6b746257,64,36841,41502,42064,44480,562,5223,4661,0,0,0
42498,0f7ea0c1-9e1e-2e74-12fd-be379b9e5d9c,64,36841,40407,42498,43541,2091,5657,3566,0,0,0
42558,912baedc-956d-840a-9a0a-3a1f1e950771,64,36795,41865,42525,45213,660,5730,5070,0,0,0
42636,ff7a5ced-e678-e5a3-c4f6-14cf40e57890,64,36794,36794,42636,45338,5842,5842,0,0,0,0
42908,836285c6-1f61-fb86-7bad-b0f417bddaf0,64,36847,40834,42908,43714,2074,6061,3987,0,0,0
43006,5bd9b107-42cd-5bde-0a38-7a399332a300,64,36847,40962,43006,44406,2044,6159,4115,0,0,0
43272,59ab9a30-6d32-17de-bfd2-e4da9f1f083c,64,36798,42636,43272,45870,636,6474,5838,0,0,0
43559,0b6ee5f9-eb9d-c0bb-bb6b-106823b39ca8,64,36794,36794,43559,45536,6765,6765,0,0,0,0
43664,c907b6ea-c2fa-16ab-bb61-ae51766958eb,64,36797,43006,43664,46063,658,6867,6209,0,0,0
43724,8aeef822-ed1f-f9f6-2cfe-6541f9f2bed7,64,36846,40051,43676,43148,3625,6830,3205,0,0,0
44171,e3528187-90ad-fa1f-fe1d-e3e18422e552,64,36848,43272,44171,47308,899,7323,6424,0,0,0
44281,461cd3de-7663-3886-1d38-bef3fd9d8072,64,36797,42908,44281,45927,1373,7484,6111,0,0,0
44480,9ec68909-096e-3ad9-0082-9b7cfe157a74,64,36798,41593,44480,44645,2887,7682,4795,0,0,0
45378,d1e80ced-3dcd-010e-cd7f-7341e51d90b7,64,36794,36794,45378,45795,8584,8584,0,0,0,0
46717,76394891-adcf-4c66-4f41-4a69ad4612cc,64,36856,40774,46717,43690,5943,9861,3918,0,0,0
47071,e38853ce-f727-fe36-dd1d-9f3a23a20b5e,64,36850,43664,47071,48582,3407,10221,6814,0,0,0
49578,a6653bd7-bda5-428b-5de8-8ea2ccff637a,64,36848,43559,49578,48444,6019,12730,6711,0,0,0
49691,89230c23-544a-2c1f-46ea-a920849dda7c,64,36854,43724,49691,49953,5967,12837,6870,0,0,0
50982,daf5c46c-1f7e-05de-842d-29bc42a6a10d,64,32465,32465,50982,73562,18517,18517,0,0,0,0
51408,f3083f27-25e7-f2f2-490f-401963fc78b8,64,51173,51173,51408,51526,235,235,0,0,0,0
51709,7df95ce6-3b1c-cbe3-0e80-cc8018ca6fea,64,51429,51468,51709,51833,241,280,39,0,0,0
55211,638d2e48-120f-70c2-b0f7-4249adbef178,64,54100,54100,55159,66842,1059,1059,0,0,0,0
55994,5b612cb1-b605-2cb5-ff2a-e006c8ab7726,32,54852,54911,55988,67575,1077,1136,59,0,0,0
56501,b18705cf-cdbd-174a-5276-043d41eefcca,64,54859,54911,56482,63726,1571,1623,52,0,0,0
57803,b32ba7d2-645b-a118-06c9-58ac63ae4074,64,54933,54971,57803,64379,2832,2870,38,0,0,0
58527,a1d53006-f19d-2b2e-f31e-9cdbf353f39f,32,55090,55091,58527,65633,3436,3437,1,0,0,0
59814,c194a479-0175-01bf-74d0-70c376e1dad3,64,56441,56441,59814,64709,3373,3373,0,0,0,0
60164,309c33ac-ede0-ddd7-74d6-69bf11ea4ad3,64,54848,54851,60164,63962,5313,5316,3,0,0,0
60571,3464077c-896b-37a1-3d67-c8e078c2c0a5,64,54335,54335,60571,63378,6236,6236,0,0,0,0
60866,ba7eee6e-11cb-16a5-d4ec-23e8e37a9524,64,54862,54911,60866,64873,5955,6004,49,0,0,0
61240,7226d9ca-f5d0-563e-3d4c-90e4b71a0cd7,64,55918,55934,61240,66565,5306,5322,16,0,0,0
61934,39e5931e-146b-1681-b207-8342937eea02,64,56639,56639,61934,64751,5295,5295,0,0,0,0
62042,1fccc483-e4f4-3420-6427-04a925303f21,64,57148,57803,62042,67722,4239,4894,655,0,0,0
62211,38fe4364-3476-b73a-f5df-482f21cc9e40,64,58293,60571,62211,68820,1640,3918,2278,0,0,0
62981,babaaedd-400d-1df1-d9a7-cae4882f8f28,64,56654,60164,62981,68718,2817,6327,3510,0,0,0
63288,3a1b8ef9-f87a-dc1e-5b3c-f9c57b7b4dc5,32,59260,59814,63288,67902,3474,4028,554,0,0,0
63477,e8d5dc8c-24be-3697-d183-9b26d48e3812,64,54791,54791,63477,67956,8686,8686,0,0,0,0
63785,01ba35c8-58e2-a599-4584-4eaa5512dcb8,64,54851,54851,63785,69988,8934,8934,0,0,0,0
64684,117b17f7-538a-fddf-d02a-c4594a62bf23,64,55272,61934,64684,69315,2750,9412,6662,0,0,0
64923,b08b5c22-d4ea-fd19-799c-f2483a175c81,32,54376,54395,64923,69897,10528,10547,19,0,0,0
64983,18783d06-bee7-8217-ea31-703bfa0e4b77,64,54118,54160,64931,64581,10771,10813,42,0,0,0
65778,a80986a1-612f-23ed-22bc-eacf9bbaab78,64,58830,63785,65778,71152,1993,6948,4955,0,0,0
66792,55f39eb4-2062-06d6-7c22-5ec2dfcd4047,64,57507,60866,66792,68821,5926,9285,3359,0,0,0
66856,5155e005-2f9b-b8f5-2ef4-c766e95b98fe,64,54857,64923,66856,71822,1933,11999,10066,0,0,0
68153,463371f5-63e2-27d4-7fe1-6def1c824f27,32,54833,54851,68153,71658,13302,13320,18,0,0,0
68374,f16f2ce4-2220-239e-c401-1f9f439741b4,32,54888,64983,68374,72728,3391,13486,10095,0,0,0
68564,9afaf23a-a9c1-5552-aa2d-03d503785062,64,57142,63288,68564,70295,5276,11422,6146,0,0,0
68625,a52c745d-1c78-12f6-814f-cc5e1b917589,64,53945,53945,68625,74015,14680,14680,0,0,0,0
68685,1ed1b9b0-ae62-1e9e-ee39-fdc795a51e98,64,58741,65778,68642,73760,2864,9901,7037,0,0,0
69044,c165c3d1-4c0f-56e0-b4e9-61578b42917e,64,58756,62981,69044,70229,6063,10288,4225,0,0,0
69163,4b571bba-02bc-7054-b92d-e530171b3e86,64,53702,53702,69163,76526,15461,15461,0,0,0,0
69421,ce7e8e4b-0ba2-58f0-2115-d7c0bdd4c3ac,64,55251,63477,69421,70344,5944,14170,8226,0,0,0
70520,008494a3-98d7-35eb-d3b4-8062c191ecc1,64,53514,53514,70520,77280,17006,17006,0,0,0,0
71834,ba94b37d-6af7-87f4-b18a-aed2c656969d,64,58532,61240,71834,69021,10594,13302,2708,0,0,0
72044,2139a4da-9efa-882e-ae1b-6c34d538e8db,64,55095,69163,72044,77851,2881,16949,14068,0,0,0
72104,66a4d9da-63c6-258f-296f-5e9f62001a95,32,57148,68685,72052,76864,3367,14904,11537,0,0,0
72164,be4538af-81d1-51e4-0165-eac447cd38da,32,55874,68685,72115,77073,3430,16241,12811,0,0,0
72238,4c3246cb-249a-0387-43d6-f6e1ba2a846b,64,56937,69421,72238,78121,2817,15301,12484,0,0,0
72856,1b4f6acc-f28a-00cc-b86d-81fc865a1675,64,57806,68564,72856,74846,4292,15050,10758,0,0,0
73087,6b5761c7-ca95-0fbd-62dd-99e728c286b6,64,55196,66856,73087,74239,6231,17891,11660,0,0,0
73383,5697b4e0-d9f0-cd26-6efb-ef2691bbe0a9,64,58539,70520,73383,79023,2863,14844,11981,0,0,0
73506,19f2e1da-5932-87e1-39c3-e1dacdac1d98,64,56679,71834,73506,79207,1672,16827,15155,0,0,0
73702,2a3d3bca-6e32-2985-7b93-e3f8068f63ee,64,57979,72044,73702,79367,1658,15723,14065,0,0,0
76464,e10ea0c4-e32c-192a-92cd-360c71e48da9,64,58407,72104,76464,81070,4360,18057,13697,0,0,0
78777,d42bf020-aa99-f8eb-3910-b6eecca715c0,64,55009,68153,78777,74474,10624,23768,13144,0,0,0
79487,2daaf187-0d2d-8a6f-91a1-4d877eb414f1,64,56489,72238,79487,81096,7249,22998,15749,0,0,0
105526,420216d7-80ad-3e9c-ef59-06b55564f88a,64,101854,101854,105526,105179,3672,3672,0,0,0,0
108221,6505bd24-06bc-0772-6392-bcba49a7a1b1,64,106570,106570,108221,116715,1651,1651,0,0,0,0
108586,176da6f3-ef66-2c59-9ca0-43125372bb00,64,105618,105646,108586,119362,2940,2968,28,0,0,0
108701,41550ec8-e5fd-2605-d4f5-a257cec2bf2a,64,106823,106823,108701,115859,1878,1878,0,0,0,0
109360,ead9ee61-b6ce-f198-27e1-8a115c6bbcfa,32,104761,104761,109360,120941,4599,4599,0,0,0,0
109609,19618156-141d-5dc7-6555-0121511cb128,64,104172,104172,109609,119065,5437,5437,0,0,0,0
109891,087d86ca-c072-3d34-939f-cfed75107ab3,64,107462,107477,109891,119581,2414,2429,15,0,0,0
110960,59e17c9f-3773-b211-3b7c-1723184dab14,64,108150,108150,110960,117172,2810,2810,0,0,0,0
111020,ff829517-5753-dbe1-826f-e5542b4820ca,32,104941,104991,110978,122155,5987,6037,50,0,0,0
111495,62b292c5-d351-f38d-e58b-30d4811fb103,32,106892,106892,111495,120438,4603,4603,0,0,0,0
111708,3c6af9a5-4156-e961-14c1-469a5e0c7d6a,64,105725,105725,111708,116756,5983,5983,0,0,0,0
112515,22dfb1a2-b862-811c-777c-99ae356870c9,64,105644,105646,112515,125649,6869,6871,2,0,0,0
112575,7401b531-dd06-d8db-315e-590129fe5693,64,107003,110960,112565,124467,1605,5562,3957,0,0,0
113286,0c802537-bb19-03a1-a9a2-d510374e79e8,64,101856,101914,113286,115493,11372,11430,58,0,0,0
113736,0f7371c7-ceed-e1c6-4c85-8c439ca98a58,64,107370,111020,113736,125108,2716,6366,3650,0,0,0
114086,81e55410-680c-dc8c-1838-279dbe7ab5b6,64,105586,105586,114086,124050,8500,8500,0,0,0,0
115157,0eac0df1-94cd-36a9-667b-8d514af6bd7f,64,104931,104931,115157,125982,10226,10226,0,0,0,0
115432,aadd6cd2-6a84-9d26-0e87-a7b27d4da87b,64,105290,105290,115432,123331,10142,10142,0,0,0,0
116644,38690be2-5fae-e956-24b8-c86a396f60af,64,105915,105915,116644,118308,10729,10729,0,0,0,0
116770,bf8b2e2d-ca93-a42a-e6d1-05c0f4567c13,32,108467,113286,116770,127354,3484,8303,4819,0,0,0
118404,75e6b963-b70c-f147-dc93-45d01f5ebfa6,64,107827,107827,118404,117837,10577,10577,0,0,0,0
118543,03557f4f-4c86-fe01-ec0c-05d79f1bf57b,64,107357,113286,118543,129298,5257,11186,5929,0,0,0
120968,e3af176a-dfc7-13d7-5c22-6af0f22c52f2,64,101854,101854,120968,140331,19114,19114,0,0,0,0
123124,4ad86151-73d5-578d-045d-47433a3ed132,64,106951,112515,123124,125959,10609,16173,5564,0,0,0
138444,b1af8f3e-42cb-f2f1-e885-74637299cda1,64,138028,138028,138430,140350,402,402,0,0,0,0
138504,30a11898-2bb4-a3eb-27ff-dd49e14bb33c,64,138142,138148,138466,139131,318,324,6,0,0,0
139032,f49fe4ba-af8e-3a47-36f0-f7c22a013f60,64,138857,138884,139032,140288,148,175,27,0,0,0
139244,af233c23-53bc-2a01-e27b-8f7694cab70d,64,138192,138208,139244,149253,1036,1052,16,0,0,0
139304,6efea2c7-520f-9902-e199-05e16c71775b,64,138764,138764,139253,140667,489,489,0,0,0,0
139917,572fb1a9-920e-ffb6-9e4d-b59dbca40a89,64,138869,138884,139917,151132,1033,1048,15,0,0,0
139977,7daf3ac2-b591-fa73-c915-de9b0ade6c31,64,138086,138088,139974,148479,1886,1888,2,0,0,0
140037,b1cd69ce-544f-cc20-28c6-5bf1591ff0de,64,138076,138088,139978,151582,1890,1902,12,0,0,0
140347,b9a3024e-4b3e-349e-a8cf-a67c18e5c027,64,138770,138824,140347,140205,1523,1577,54,0,0,0
140407,84ad412a-f61c-6ec0-3955-73f257133ccd,64,139315,139364,140377,150610,1013,1062,49,0,0,0
141761,4524fab2-380b-6af7-b2d8-d31e6a3a5bad,64,140702,140702,141761,165225,1059,1059,0,0,0,0
143031,345021df-ccb9-c6c0-f484-b126405357bd,32,139526,139526,143031,153499,3505,3505,0,0,0,0
143098,2eaba5c6-b7c3-dd7a-adc7-dacd067f3774,32,139694,139694,143098,160542,3404,3404,0,0,0,0
143433,2e316a66-95ac-9160-0b0f-26217f8052ce,64,140578,140578,143433,159077,2855,2855,0,0,0,0
143869,ff54dcfc-f14a-eb52-51de-47b6b0205d7d,64,142824,142835,143869,156455,1034,1045,11,0,0,0
144186,53d196ae-434d-1335-3481-838ddddca162,64,142085,142085,144186,166066,2101,2101,0,0,0,0
144458,e19b8954-379c-9331-a466-12208cfc5291,64,138384,138384,144458,161544,6074,6074,0,0,0,0
146144,67395171-a92e-5dba-f486-39c9b738bce0,64,140784,140830,146144,156152,5314,5360,46,0,0,0
147929,05adda3f-2d4d-d439-4031-62682b22988f,64,140770,140770,147929,156028,7159,7159,0,0,0,0
148855,3d321357-3872-0ab1-4a86-96464aefc2cf,64,142775,142775,148855,165406,6080,6080,0,0,0,0
152365,5d8f3db9-05c0-47a8-5435-6247bc2e2fc5,64,150695,150754,152365,160228,1611,1670,59,0,0,0
153114,8c17b9c9-1936-3c45-d3ba-4224e0f7b1fe,64,151246,151252,153114,160993,1862,1868,6,0,0,0
153222,a3541f4d-e4da-0a27-669a-ace02aaf5650,64,142377,142377,153222,162102,10845,10845,0,0,0,0
153770,751cc652-80fc-1f5d-23b7-6e4069007510,64,152682,152696,153741,160951,1045,1059,14,0,0,0
153890,07a60d80-f2f5-78b6-c75c-13b9ed6cd0e7,64,150988,150994,153832,161867,2838,2844,6,0,0,0
154146,015c6370-f2bb-deeb-4e47-46cd236393d3,64,150790,150814,154098,163333,3284,3308,24,0,0,0
155182,1d827153-8f41-2ef9-07ab-04ec75cf5b32,64,152239,152283,155182,161549,2899,2943,44,0,0,0
155805,b16a0f1a-4fc7-11d2-9534-3ce212c11632,64,150921,150934,155767,163784,4833,4846,13,0,0,0
156563,888f9861-e5f7-473e-1ee3-80594d7a120c,32,152648,153114,156547,163079,3433,3899,466,0,0,0
156647,745b6cc3-69e5-918c-c2cb-dfddeb01bebd,64,154970,155025,156647,164166,1622,1677,55,0,0,0
156871,d8348456-854e-0330-becd-0ffc54e9764f,64,150717,150754,156832,161160,6078,6115,37,0,0,0
157018,5d8600b8-93a2-101b-563d-d833e69ea47c,64,151048,151054,157018,161416,5964,5970,6,0,0,0
157163,d221e599-db15-e6a3-83a6-ffe399c21ff3,32,153710,153710,157163,163643,3453,3453,0,0,0,0
157979,99bd3e5a-14a3-a8cf-3164-c8d938d740ce,64,150782,150814,157952,159433,7138,7170,32,0,0,0
158290,f3855431-46c4-5d07-07fe-95c22db3701f,64,150769,150814,158290,164761,7476,7521,45,0,0,0
158465,8974789e-d820-afba-26d2-ec57057d355e,64,152239,156871,158465,165156,1594,6226,4632,0,0,0
158685,0319384d-77b0-6a4d-cecb-2da462155e10,64,155868,155925,158685,164330,2760,2817,57,0,0,0
159476,b62723d5-0f56-7c26-e04b-7968b786ee02,64,155822,156647,159476,165151,2829,3654,825,0,0,0
160306,62b486e7-dcb9-c25b-6a93-7f4eecd2e829,64,154905,158685,160291,165741,1606,5386,3780,0,0,0
160476,09e1341c-3885-549e-66a1-e8c4c0d71226,64,155745,157018,160476,165318,3458,4731,1273,0,0,0
161315,2ce80248-4d2a-2902-80cf-2e665663fe16,64,154097,158465,161315,165714,2850,7218,4368,0,0,0
162306,dc3c9c95-aed2-a945-9d02-38b457de52f6,64,151567,157979,162306,165676,4327,10739,6412,0,0,0
162650,1a099add-a72b-6f1a-bc9d-6d7f4d9645cb,64,152118,155805,162650,165135,6845,10532,3687,0,0,0
162960,d7e0a041-ee23-d837-4431-00e0b1988656,64,151576,161315,162960,166820,1645,11384,9739,0,0,0
163319,e4f05cef-e1e4-cf15-bda5-a12d25dac12f,64,156101,160476,163272,166418,2796,7171,4375,0,0,0
163671,1f86bcd4-bbdb-b166-63e8-816d781576ea,64,151515,158290,163671,165681,5381,12156,6775,0,0,0
163979,a46389de-2d6b-09ba-b1b7-324f235c4a83,32,151568,160476,163935,166099,3459,12367,8908,0,0,0
164071,e9883cd5-33bf-86c8-45fe-a358053113c5,64,156079,162960,164071,167260,1111,7992,6881,0,0,0
164529,8b463057-788a-277b-c244-89e9f9f86f58,64,150980,150994,164529,164185,13535,13549,14,0,0,0
165119,bb41d8e1-1e45-778c-5471-935288f345fe,64,156811,164071,165119,167855,1048,8308,7260,0,0,0
165465,d7b2c0ee-4da6-bd8a-d3a9-fcc64bbc0706,64,154641,159476,165465,166011,5989,10824,4835,0,0,0
166197,c56e1f7c-f8d4-b8c4-34c5-c3fc7fd5a152,64,150857,150874,166197,166039,15323,15340,17,0,0,0
166464,5a6f96f3-0c41-353c-edbd-ac591dfd55f5,64,157845,163671,166464,167622,2793,8619,5826,0,0,0
167044,f5ae5196-c750-e3ea-7cb6-0d982b04220c,64,156841,165119,167044,168435,1925,10203,8278,0,0,0
167404,f3829aea-a8b3-a9b7-7c69-085173b07ee7,64,151192,165465,167404,168534,1939,16212,14273,0,0,0
167620,4c61d7ba-3aa1-9b2d-9d90-ec9f1124bcca,64,157566,166464,167620,168614,1156,10054,8898,0,0,0
167971,de5abaa2-8829-092b-f941-e08f9bf990db,32,154922,164529,167971,168184,3442,13049,9607,0,0,0
168063,19706349-24cb-6b23-f214-d81053638a3c,64,156303,162650,168063,167000,5413,11760,6347,0,0,0
169382,1b381495-0ba1-bbc0-059b-9cc076c77bc0,32,150987,168063,169382,169095,1319,18395,17076,0,0,0
169442,3c0b0e03-7e5e-1f11-1e43-6cce1d91c6cf,64,157354,163319,169399,167340,6080,12045,5965,0,0,0
169442,d597e1f5-f55a-44fd-1722-656287db1e6b,64,150975,162306,169402,166851,7096,18427,11331,0,0,0
169819,df1846da-2595-3e92-55ea-4bc9391aea7f,64,154935,167044,169819,168711,2775,14884,12109,0,0,0
169931,f85363a7-b3c9-6d01-bb26-f62de8605780,64,159139,164529,169931,168367,5402,10792,5390,0,0,0
170844,1466c6cd-8627-eaf3-78b9-00d6467e846c,32,154934,167404,170844,168732,3440,15910,12470,0,0,0
171097,e6f6c747-1d83-9b2c-8989-44ed33f80a58,64,155527,169442,171097,169238,1655,15570,13915,0,0,0
171562,55d95fd0-ec82-59d2-63bb-23ed82b86253,64,154992,169931,171562,169433,1631,16570,14939,0,0,0
172251,e3852f22-5d63-b713-e29d-9f4f49de739e,64,150967,169382,172251,169124,2869,21284,18415,0,0,0
172804,c1b05d60-ea5a-dc19-0bc3-7aa4b91903f4,64,154999,169442,172804,169270,3362,17805,14443,0,0,0
173073,95e2bc75-fc9b-3cb3-53e3-f02374dd877d,64,157575,167620,173073,169003,5453,15498,10045,0,0,0
173261,fdefbebe-aa9b-a284-58c3-3a05e25aa003,64,153742,171562,173261,170020,1699,19519,17820,0,0,0
174301,72e97caf-b237-a0f6-d695-a986efc62180,64,159828,173261,174301,170326,1040,14473,13433,0,0,0
176038,caeac902-899f-3617-77db-83649230dff1,64,159845,169819,176038,169322,6219,16193,9974,0,0,0
176460,af156c28-afd8-4bdb-a231-59b4a8851759,64,154086,173073,176460,170253,3387,22374,18987,0,0,0
176755,33f21121-6e2f-a24a-909b-ab3bb9ea6410,64,152444,166197,176755,168610,10558,24311,13753,0,0,0
176975,f521db4d-7781-8ffa-d312-dfeb90e9a5d8,64,150750,150754,176975,170513,26221,26225,4,0,0,0
177051,2011e763-0de8-bb3f-cb38-cdda086ae1cd,64,150750,150754,177051,169777,26297,26301,4,0,0,0
177116,30492516-3abc-f98b-bd99-1cd7d00da08d,64,150981,174301,177116,170336,2815,26135,23320,0,0,0
177813,3ea4997d-2225-70ec-3245-903644b627d6,64,161361,176755,177813,171011,1058,16452,15394,0,0,0
178280,27fa695d-e364-b332-df27-38ac4fc5e0a6,64,152235,172251,178280,170031,6029,26045,20016,0,0,0
178355,b6ebd95a-5322-5ba5-bc9f-455916de1854,64,156503,167971,178355,169039,10384,21852,11468,0,0,0
178729,a6f4f1ea-7680-49e1-0144-5bef37b8fbb0,64,151856,177051,178729,171403,1678,26873,25195,0,0,0
179089,80e4025e-16b7-bd82-3580-64f18aa7e441,64,150968,177116,179089,171422,1973,28121,26148,0,0,0
179432,300861dc-fc08-23ca-d550-642678e2333f,64,162331,177813,179432,171682,1619,17101,15482,0,0,0
179969,4efa632d-4b2e-f2b1-e814-ad2feafa5512,64,152911,178280,179969,171851,1689,27058,25369,0,0,0
180029,b18ea9e8-02c7-9efa-eac3-7e6973f04590,64,152226,178355,180006,171948,1651,27780,26129,0,0,0
180263,a4b65786-a796-87dd-8236-7bbd00d62e5c,64,150694,150694,180263,171213,29569,29569,0,0,0,0
180380,3372d3fe-c770-4f1b-906a-a3a54f1ef738,32,152495,176975,180380,171176,3405,27885,24480,0,0,0
180677,5e807c75-9239-f8f5-b611-b446ee839f01,64,156416,179089,180677,172046,1588,24261,22673,0,0,0
181010,a2048167-88c1-c990-9a00-dc1cb2c1b2e1,64,153728,179969,181010,172788,1041,27282,26241,0,0,0
182169,10b83d9e-6e5e-a06f-3561-d92a16fe4a95,32,159882,178729,182169,172038,3440,22287,18847,0,0,0
182620,7fbaf0b9-48aa-cd0a-0ffd-ab65f12e608b,64,157568,176460,182620,170730,6160,25052,18892,0,0,0
182680,0da4b892-e5ba-6576-792e-37975eb92c42,64,150965,181010,182622,173023,1612,31657,30045,0,0,0
183437,df97c7d5-c889-4665-9bc3-06229afa5feb,32,158839,179969,183437,172406,3468,24598,21130,0,0,0
183497,30ada63e-745b-26d8-19eb-f36a39a18d9a,64,160405,172804,183486,170094,10682,23081,12399,0,0,0
184114,6bdfab27-3dde-3337-5309-7a1146f786a7,64,153247,182169,184114,173042,1945,30867,28922,0,0,0
184174,6f0c1276-c1ee-4b4e-6c6e-475a0deba9b9,64,151132,180677,184142,172963,3465,33010,29545,0,0,0
185494,90555578-8fd7-fd91-273b-7e788299e2d1,64,151570,182680,185494,173460,2814,33924,31110,0,0,0
186329,38472b9f-4796-ccf4-d6d7-6a3657792813,64,155762,180263,186329,172942,6066,30567,24501,0,0,0
186620,d39ca202-9e60-0f73-285d-c4a812a9d9cf,64,162795,179432,186620,172256,7188,23825,16637,0,0,0
186931,81e2db6e-be49-1a02-58f9-8c93929b98d1,64,152636,184114,186931,173854,2817,34295,31478,0,0,0
187225,71428419-f586-6b79-f969-c0a5394e0293,64,152223,180029,187225,172795,7196,35002,27806,0,0,0
187905,05764a93-a61f-48fc-3027-e4cb15780574,64,163259,182620,187905,173175,5285,24646,19361,0,0,0
187987,81cc9a26-ce7e-6d5c-a39d-be001e0417b1,64,163744,186931,187987,174140,1056,24243,23187,0,0,0
189643,a54b820d-9d45-9072-af68-6b0f67247b00,64,163459,183497,189643,173604,6146,26184,20038,0,0,0
189714,7695d047-5c05-4714-a771-426c8c2c4d55,64,156413,187987,189714,174717,1727,33301,31574,0,0,0
190458,8fe1b6f3-6c78-9a94-8d90-2db3cd942ee2,64,150973,184174,190458,173916,6284,39485,33201,0,0,0
191345,23fed884-e1a5-fc64-e06a-ab873d336c3c,64,150779,189643,191345,174787,1702,40566,38864,0,0,0
192131,ab7aae5c-81ec-aca7-b8bc-a5c08d576dc6,64,156244,190458,192131,175366,1673,35887,34214,0,0,0
192205,811f5131-346f-f5d0-c2dd-c5d8a3d02e51,64,150989,186329,192205,173980,5876,41216,35340,0,0,0
192793,8d4ff273-1d18-a17a-8c13-3576bde8c518,64,156101,185494,192793,173920,7299,36692,29393,0,0,0
192899,16d312b4-cdc2-e320-a10b-f5beceb53406,64,157530,186620,192899,174106,6279,35369,29090,0,0,0
193178,8b63b556-37e8-92f2-e82c-91154c780ed5,32,152921,189714,193178,175167,3464,40257,36793,0,0,0
193266,5aabaad3-3dc6-ad61-7ce0-be19e8881ebc,64,153255,192205,193266,175591,1061,40011,38950,0,0,0
193510,4341024d-5468-3e86-cf5c-daa37d8a551e,64,159122,187225,193510,174313,6285,34388,28103,0,0,0
194243,a8e029c4-cbd8-ffbd-2499-04f29e77991b,64,155771,193178,194243,175857,1065,38472,37407,0,0,0
194482,7b1446e2-01d6-8d62-eb26-54f8133606a0,64,160684,192793,194482,175643,1689,33798,32109,0,0,0
194738,71723f3a-1719-0958-36fc-edfdbe9e3c56,32,163477,191345,194738,175394,3393,31261,27868,0,0,0
194811,ab84f394-5d31-2a55-d1ae-f695bd54339c,64,163718,192899,194811,175668,1912,31093,29181,0,0,0
195826,435d708f-989f-a18c-cb9f-182335bda475,64,160685,194243,195826,176130,1583,35141,33558,0,0,0
196403,042c9f7c-a498-4247-3c9c-b2020d082eb5,64,158168,193510,196403,176085,2893,38235,35342,0,0,0
196403,77d5e0cb-5dac-3452-8410-e65ca79d5cde,64,158827,194811,196403,176555,1592,37576,35984,0,0,0
196463,8931ad05-3cde-dcbb-93c1-9f61d654cea9,64,151354,192131,196441,175473,4310,45087,40777,0,0,0
197372,3f319b0f-de45-be09-519b-ef718894469d,64,160970,194482,197372,176521,2890,36402,33512,0,0,0
197435,ec58849f-db76-54cd-6809-fbc95ac8fca9,64,160661,195826,197435,176670,1609,36774,35165,0,0,0
198057,f0a94ac5-55b9-2286-a177-bd2ba2588ba4,64,155745,196403,198057,176711,1654,42312,40658,0,0,0
198331,bc694263-7ca5-718c-9127-8951d9a4b536,64,161799,196463,198331,176847,1868,36532,34664,0,0,0
198519,e190d165-f54a-61d7-136b-97e554f1f97f,64,151196,187905,198519,174340,10614,47323,36709,0,0,0
199025,2d8011e7-cf82-2ede-cf44-79ee2cd366d9,64,163271,197435,199025,177544,1590,35754,34164,0,0,0
199842,0e2b8dfe-d71c-5876-87a7-7338221fe89b,64,155789,196403,199842,176749,3439,44053,40614,0,0,0
200339,ba32211e-25de-03b2-3acb-e6fb2886fe1e,64,164329,193266,200339,175962,7073,36010,28937,0,0,0
200446,4ac173ad-191c-a696-2e46-6caa1cbbfd66,64,153642,189714,200446,175366,10732,46804,36072,0,0,0
200865,1c6e2488-59a2-f7fe-716f-1405defba82f,64,157919,198057,200865,177741,2808,42946,40138,0,0,0
200966,15e4001b-70c0-518e-1303-c04ba05ca129,64,163859,199025,200966,178149,1941,37107,35166,0,0,0
201394,f3bbd68b-d6f2-ce3c-e5d3-1f40db56a0f7,64,164112,200339,201394,178793,1055,37282,36227,0,0,0
202085,d2e42dac-cff4-1731-7f2d-0b4dedc28400,64,159884,200966,202085,180184,1119,42201,41082,0,0,0
202328,8388bd13-8148-b607-d4c3-ed4fcb4bdbe6,64,161817,200446,202328,179132,1882,40511,38629,0,0,0
203453,5990acba-e976-beca-64d3-c0649b20936e,64,155772,197372,203453,177077,6081,47681,41600,0,0,0
203684,42cfd58b-5553-1aed-6718-ea95c97bed8e,64,158019,200865,203684,179270,2819,45665,42846,0,0,0
203834,5f96a379-0628-b83b-905c-0d246b3dae08,32,164086,200446,203834,179117,3388,39748,36360,0,0,0
204083,1d5c94c5-fdcd-115c-d994-0dc7b42fdf52,64,153773,198519,204083,177985,5564,50310,44746,0,0,0
204920,fd6b215e-987a-c7ba-f075-87ab93ff5cab,64,101856,101914,204920,177977,103006,103064,58,0,0,0
205179,87f6cc62-b0a0-ad7c-3c4b-1b15df7f6c4a,64,161592,202328,205179,180793,2851,43587,40736,0,0,0
205571,d0d8c752-510a-067f-97b0-c8c13f860104,64,160662,201394,205571,180744,4177,44909,40732,0,0,0
205995,13692872-d0cb-b783-ec14-897375afbb89,64,160174,199842,205995,178259,6153,45821,39668,0,0,0
206218,a1713120-85bf-d71f-62d5-da5de59cb2c0,64,157530,203453,206218,180794,2765,48688,45923,0,0,0
207664,fa89bb0c-12f2-e31f-b822-b8f52a58349e,64,162157,205995,207664,181649,1669,45507,43838,0,0,0
208011,d2670d8e-c143-069e-58dd-021852739052,64,156309,203684,208011,181030,4327,51702,47375,0,0,0
209183,2b2e9823-67ec-df6f-c221-cac45b2ae3f0,64,160070,202085,209183,180793,7098,49113,42015,0,0,0
210181,b7784aec-cf7e-49af-703b-99e190b28dea,64,160662,204083,210181,181085,6098,49519,43421,0,0,0
210264,0792c39c-097b-3ec8-1dd8-273ffb1eb382,64,163695,204920,210264,181111,5344,46569,41225,0,0,0
210792,2b63b9a4-7d7d-5da3-18f7-3f1bf8b5b16f,64,163259,209183,210792,182119,1609,47533,45924,0,0,0
210854,04842e8d-9c45-5093-15fc-16f574106831,64,161454,208011,210854,182060,2843,49400,46557,0,0,0
210946,7359729d-3c85-1bd6-a6bd-d8b86ae81fc2,64,156698,205571,210946,181356,5375,54248,48873,0,0,0
213319,243c3e1f-f809-bd43-4fcc-bfcd4b12c617,64,160695,206218,213319,181694,7101,52624,45523,0,0,0
214137,52476273-09bc-f981-d76d-2a5d28621722,64,158576,210792,214137,182422,3345,55561,52216,0,0,0
214579,20363767-9d3f-6257-2885-8b9cc9e40ef4,64,162758,210264,214579,182342,4315,51821,47506,0,0,0
214777,1ad118d2-c316-7d38-613b-9a28756019c6,64,162988,207664,214777,181876,7113,51789,44676,0,0,0
215747,5cce5193-3440-2eed-dd65-6c9c0aa4effe,64,163516,205179,215747,181168,10568,52231,41663,0,0,0
216251,a3d781ac-fe37-7a37-b52c-4b2cf67cb759,64,159029,210854,216251,182737,5397,57222,51825,0,0,0
216449,2798448a-a69e-d347-3fbe-425d94d985c6,64,158477,210181,216449,182237,6268,57972,51704,0,0,0
216979,9a5e6358-1620-5a6d-05e7-0553575de9f6,64,159657,210946,216979,183092,6033,57322,51289,0,0,0
217589,07b32ee8-ecb3-6230-3aa6-78051d5148d4,64,159617,214777,217589,183777,2812,57972,55160,0,0,0
218928,3157e5a3-06a8-45d2-34cb-66588358b21c,64,159149,214579,218928,183734,4349,59779,55430,0,0,0
219632,80d89ec7-ad1b-42cd-3149-2d3348c66c75,64,160224,213319,219632,183489,6313,59408,53095,0,0,0
220119,7d5e9c56-be67-b923-d893-c168949fea04,64,162045,214137,220119,183597,5982,58074,52092,0,0,0
220810,2cfc3076-fd9e-38aa-136b-d3cb484f3265,64,164102,219632,220810,188505,1178,56708,55530,0,0,0
222064,255d3d4f-5e1f-be50-d45a-4ac1ee6e3fdd,64,164089,220119,222064,188541,1945,57975,56030,0,0,0
222354,69f611cb-8d6a-773e-09cb-5a7da372a0aa,32,163101,218928,222354,187416,3426,59253,55827,0,0,0
223110,a781dac1-1212-9c91-d2be-654727f395e4,64,161107,216979,223110,185296,6131,62003,55872,0,0,0
223523,8103ec15-9870-3b70-a02e-795bc802d3e6,64,160066,216251,223523,183938,7272,63457,56185,0,0,0
223883,adf9d8d3-df4b-773c-22c3-b03ab3a55694,64,159214,216449,223883,184006,7434,64669,57235,0,0,0
225088,b36ff466-7761-38b6-4861-afa9325c44ec,64,163860,218928,225088,188350,6160,61228,55068,0,0,0
226329,7d368453-d398-02f0-5fe9-4f3bf267f94c,64,160195,215747,226329,183868,10582,66134,55552,0,0,0
228371,27d2de1e-1117-619e-28f1-4e03b6c720af,64,160955,217589,228371,185720,10782,67416,56634,0,0,0
487357,3c678ad5-ee45-a8cc-2a04-80c12f341515,64,487031,487031,487357,489137,326,326,0,0,0,0
487528,c994391e-1a9c-f4c5-a1d1-185c96832dba,64,487394,487417,487528,487878,111,134,23,0,0,0
487588,67eecb02-9242-049b-adcb-e79511af1ae7,64,487397,487417,487587,488029,170,190,20,0,0,0
487722,0a58785d-93a9-fd74-252e-19dbe1763970,64,487401,487528,487722,488158,194,321,127,0,0,0
487782,5b444ff0-f9bd-97ea-3bee-00d897e7253f,64,487394,487417,487734,488103,317,340,23,0,0,0
487782,233c2cdf-6f68-eb5b-b22b-ce2b19e9dc59,64,487393,487417,487773,487887,356,380,24,0,0,0
487782,37dc6268-6503-6276-eaa0-555a688286d1,64,487396,487417,487779,487901,362,383,21,0,0,0
487890,274d8fd1-882a-0b7b-b140-055755ac002a,64,487396,487722,487890,488184,168,494,326,0,0,0
487950,ce5e9e60-6f43-cd77-1f54-6fb00b4cfbb4,64,487393,487782,487946,488349,164,553,389,0,0,0
487950,d4e0097e-0e05-a305-c527-dbd9cac965b7,64,487394,487782,487948,488366,166,554,388,0,0,0
488010,73183470-5c91-9eb3-4942-73b9cbb1fc79,64,487398,487782,487954,488380,172,556,384,0,0,0
488010,fe1a76f8-b1d3-0d4d-1d43-a586504db123,64,487400,487890,487991,488439,101,591,490,0,0,0
488070,94151b7c-2929-7519-7881-78ab72073796,64,487399,487588,488020,488165,432,621,189,0,0,0
488070,3324a111-9b9b-1dcb-1a27-9621bc71df3f,64,487401,487417,488030,488089,613,629,16,0,0,0
488070,ea402b5a-d6c0-284e-e4f2-9f4b56e2a456,64,487395,487950,488046,488497,96,651,555,0,0,0
488070,520a7db0-0dbe-5823-74dc-8e30ae9ba657,64,487393,487417,488050,487886,633,657,24,0,0,0
488070,309c9c24-7f50-a04c-7f7c-f96463ced67c,64,487394,487417,488052,487916,635,658,23,0,0,0
488070,15d2b246-a727-4637-7509-3ae4f291e779,64,487401,487950,488063,488463,113,662,549,0,0,0
488130,00e719eb-0d18-e6ff-34c2-fc3025680b66,64,487398,488010,488108,488583,98,710,612,0,0,0
488190,3a30fa21-b93c-5492-d41c-06e11c53d773,64,487401,488070,488165,488637,95,764,669,0,0,0
488190,80347fa3-0d58-70da-7f76-2d1da098629c,64,487398,488070,488168,488722,98,770,672,0,0,0
488250,fd950e8b-30f2-b53f-f16b-83b600a90fa8,64,487397,488070,488240,488719,170,843,673,0,0,0
488250,094b17e9-a2a4-8782-030a-ec1eade3c670,64,487397,488070,488243,488627,173,846,673,0,0,0
488392,cac5f34e-2518-8702-1981-53adca83f6d5,64,487400,488070,488392,488849,322,992,670,0,0,0
488452,80a21778-8ad9-7448-1e8e-98cc18b1f6e8,64,487394,488010,488441,488547,431,1047,616,0,0,0
488452,7ed611e0-3b08-a367-f2aa-825cc1770064,64,487400,488070,488443,488832,373,1043,670,0,0,0
491445,30950ae5-bc09-d7c4-3609-66943c35b27d,64,491325,491325,491387,491894,62,62,0,0,0,0
491445,eb383807-e2a6-9838-2d6a-c07746a36a8e,64,491341,491385,491424,491971,39,83,44,0,0,0
491505,7f250ab4-3557-d764-e4f0-2f6e39579142,64,491347,491385,491446,492105,61,99,38,0,0,0
491505,ab6754b0-81bd-7533-0ee6-94bb71e7915f,64,491349,491385,491448,492029,63,99,36,0,0,0
491505,3276df06-337b-9b20-87a9-4f0fcffd6588,64,491326,491385,491499,492185,114,173,59,0,0,0
491505,0e766953-802a-893a-c759-49dd30566dcb,64,491334,491385,491499,491833,114,165,51,0,0,0
491565,ba88b030-c90f-bfd6-78fc-15c456f5238e,32,491336,491385,491519,492145,134,183,49,0,0,0
491565,4aa5cdd3-7c5a-a5dd-3f87-03c556dbb0b1,64,491414,491445,491519,492034,74,105,31,0,0,0
491685,1a7a4b25-d0ce-67c7-a226-ccb626f8b1ef,64,491504,491505,491631,492150,126,127,1,0,0,0
491685,12168355-1d23-1447-92e9-16a1aab7f4be,64,491508,491565,491636,492075,71,128,57,0,0,0
491685,a655f427-37fa-203c-e8b2-afcfc6faf9a0,64,491592,491625,491669,492227,44,77,33,0,0,0
491745,38129127-c176-4999-a5e1-9f2eb1f04f81,64,491617,491625,491730,492182,105,113,8,0,0,0
499027,902c96e3-62fa-5ace-4001-50558d54f365,64,497900,497923,498975,508139,1052,1075,23,0,0,0
499782,11f1abc3-6fc9-7565-1c57-e0447ad96685,64,497863,497863,499729,508139,1866,1866,0,0,0,0
499891,30966084-a69b-0122-1d07-06d52cc3602e,64,498001,498001,499891,507319,1890,1890,0,0,0,0
501353,389d2884-c7f9-ddef-de45-cba6d8f1ebd4,64,497034,497051,501353,506630,4302,4319,17,0,0,0
502326,69e69e79-d4c3-2d83-222f-378d6ab03fbc,64,499533,499533,502326,508624,2793,2793,0,0,0,0
503415,b7f792b2-f977-f6d3-4e1e-c9c5b8f68966,32,499918,499951,503415,511817,3464,3497,33,0,0,0
503615,feeb10cc-3301-6eb3-4e0c-e7ad5c24a4a1,64,497476,497489,503615,509955,6126,6139,13,0,0,0
505228,4502cff1-ff5e-a3e5-588a-7be0ff4fef13,64,501837,501837,505228,511823,3391,3391,0,0,0,0
505385,3e7e43a5-c4ad-e9ac-5f05-4fdc666814e8,64,498618,498667,505385,511860,6718,6767,49,0,0,0
505776,4f7cc5e3-dce3-42f0-488a-0860ff559199,64,498607,498607,505776,511936,7169,7169,0,0,0,0
505928,d57c1c57-6e92-04fe-c99d-cf2477d05d73,64,497061,497111,505928,512441,8817,8867,50,0,0,0
505998,f2d6f5eb-4471-0551-6d5f-aa530cbb1654,64,497736,497736,505998,512071,8262,8262,0,0,0,0
506058,a5c289c9-94f8-b7a7-e16c-de6546314c18,64,499665,499722,506039,510803,6317,6374,57,0,0,0
507742,86d6dc2f-7080-e20d-c8fb-a112fac5f845,64,499602,506058,507742,513412,1684,8140,6456,0,0,0
507900,aca2317a-be38-7527-bf6c-7208009411a5,64,497010,497051,507900,510281,10849,10890,41,0,0,0
507982,93efc78e-4109-ede3-7762-d02971d3c36b,64,497369,497369,507982,510082,10613,10613,0,0,0,0
508910,e80d2012-155e-0dc9-61e2-1b852afc787b,64,497285,497285,508910,513860,11625,11625,0,0,0,0
509336,5bef7a70-97b7-477b-86ac-bca2ff5355b8,64,501219,507742,509336,513452,1594,8117,6523,0,0,0
510556,a0193b47-9df5-8c2d-322b-48edcf171269,64,499628,499662,510556,511130,10894,10928,34,0,0,0
510782,ca8d9c30-31b3-37da-798a-a939b487d049,64,499382,505385,510782,512121,5397,11400,6003,0,0,0
511133,c0bec4b4-64d5-ffb8-24a0-ff58fc33e632,64,496991,496991,511133,512607,14142,14142,0,0,0,0
511372,2af38599-ddf1-b035-196c-6dc8e503d716,64,503222,507982,511372,514168,3390,8150,4760,0,0,0
511516,c76c5a12-ad6d-5077-4912-e293e158142d,64,503915,508910,511516,514886,2606,7601,4995,0,0,0
511836,e085f9ed-98dd-2936-d387-bfd398f186cb,64,497871,505928,511836,512563,5908,13965,8057,0,0,0
512040,c23cd520-559c-74fe-3d86-c3beb705de2c,64,496896,496896,512040,519520,15144,15144,0,0,0,0
512320,e3d099cf-50aa-b2c8-9e89-48ab4764b469,64,501518,501518,512320,510014,10802,10802,0,0,0,0
513073,7bc47a3c-b843-0fd5-7188-2238295fa635,64,497444,512040,513073,519632,1033,15629,14596,0,0,0
513259,24193af8-2e40-db4b-51cf-a3c757fa0401,64,498977,511372,513259,518985,1887,14282,12395,0,0,0
513319,d357058b-685a-57b5-6c21-16143aebed24,64,497396,497429,513280,515000,15851,15884,33,0,0,0
513939,50768cda-643d-7a57-a703-7ce65f33c576,64,497889,510556,513939,515204,3383,16050,12667,0,0,0
514068,07706e2a-b8ef-5a58-0c06-11fe10389b79,64,496711,496711,514068,520312,17357,17357,0,0,0,0
515727,31237ee4-9733-65d2-72df-95ff2d455678,64,499083,514068,515727,523178,1659,16644,14985,0,0,0
515787,0e8ce909-8a32-699a-14ce-462789ab086a,64,497067,497111,515775,516848,18664,18708,44,0,0,0
516776,c6054161-fd38-b96f-3a28-4ba51def72aa,64,504126,515727,516776,528685,1049,12650,11601,0,0,0
517199,647df75d-e3ab-6f3c-ec5d-66f58a0f9ff0,64,498071,511133,517199,518127,6066,19128,13062,0,0,0
517598,e24740a5-3de4-e97d-f5f1-6da6f7e4b2af,64,502601,512320,517598,520011,5278,14997,9719,0,0,0
517962,37716dc3-1573-79c8-69e6-1237e7513650,64,500233,511836,517962,519595,6126,17729,11603,0,0,0
518261,7eb7dd5e-95b6-ddab-364b-b6660fcb6dff,64,498967,513939,518260,523123,4321,19293,14972,0,0,0
519258,dc13ae19-83de-4363-40c8-edb17ddab0ba,64,500676,513259,519258,520339,5999,18582,12583,0,0,0
524013,e103f40a-7039-ac54-b8ad-0d715f034080,64,497441,513319,524013,522013,10694,26572,15878,0,0,0
532396,3c78f8f3-4416-675c-1e84-3e0d8bac7e4b,64,531563,531563,532396,542767,833,833,0,0,0,0
532456,c434e6fd-9197-1540-5d23-59976e4943dc,64,531916,531916,532439,540542,523,523,0,0,0,0
532955,20a2205d-0dcc-9c76-b4a9-5785aaf698e0,64,532365,532396,532911,538099,515,546,31,0,0,0
532955,27825da2-2198-11ae-7254-4f4141e2089d,64,531953,531976,532913,536701,937,960,23,0,0,0
533310,3b8d07ac-b930-b125-4b8b-4d2da04e6999,64,532789,532789,533310,537171,521,521,0,0,0,0
533423,5d0e02ad-aec7-9a98-de8c-afb3ddf1df89,64,532303,532456,533423,544514,967,1120,153,0,0,0
533662,7ddacc92-b663-53be-3eae-13a7a3e77ae0,64,531935,531976,533662,541637,1686,1727,41,0,0,0
533973,cff10b3d-44ab-8ece-c6c0-3a3abf468efb,64,532276,532276,533973,536424,1697,1697,0,0,0,0
534321,3771af9e-0aa1-0a2e-b33b-57e8c9bb859f,64,533812,533812,534321,542166,509,509,0,0,0,0
534381,6351a4e9-1963-9085-a6a5-6b5ed93dfe43,64,533510,533510,534343,540907,833,833,0,0,0,0
535012,f7eb0070-e14c-6307-10c0-0b6fde9cdd09,64,533184,533184,535012,538916,1828,1828,0,0,0,0
535152,e35b1be0-5f8c-cebe-d70e-35932187e362,64,532310,532336,535152,541315,2816,2842,26,0,0,0
535404,4ba9d84e-411b-5175-df66-8c9985af9ca3,64,532310,532336,535404,537655,3068,3094,26,0,0,0
535654,935b5a4e-3ea3-d70a-45f2-3922d0394481,64,533988,534033,535654,543315,1621,1666,45,0,0,0
537088,268f1e73-2914-8d0b-f617-8a839031510e,64,533685,533722,537088,542152,3366,3403,37,0,0,0
537692,3f2e6062-1a2f-a29e-7ea8-68b500e77c85,64,532044,532044,537692,543401,5648,5648,0,0,0,0
538434,e4becbea-649d-8651-ddf1-e716a4ec9017,64,533825,535012,538434,543782,3422,4609,1187,0,0,0
539028,55b17fd3-8561-9d1d-59cb-54ceebf3d015,32,532702,535654,539028,548701,3374,6326,2952,0,0,0
539190,9b08aa1d-761f-6db0-0b3e-1aeae6c78416,64,533821,533872,539190,543054,5318,5369,51,0,0,0
539701,63f682df-bfbd-3aa5-8afb-46c56965ad3d,64,532709,535654,539701,549123,4047,6992,2945,0,0,0
539761,7b9adb55-c138-d80c-6782-e0922e5735a6,64,532450,537692,539710,553571,2018,7260,5242,0,0,0
540283,11c40271-92ec-ee44-88d9-df82f5353069,64,533541,533570,540283,543512,6713,6742,29,0,0,0
540757,45ccb33f-764e-db9a-2829-d5c77234c843,64,533872,539701,540757,555947,1056,6885,5829,0,0,0
541246,9df97618-52df-8e23-8cb5-450057c549b8,64,533215,538434,541246,555054,2812,8031,5219,0,0,0
541500,adef324e-2df6-18f4-f6ca-4270e7e2866f,64,532895,533423,541500,547993,8077,8605,528,0,0,0
541666,e2b51013-e58e-c83e-126b-d0ece83e74ee,64,532664,539761,541666,556491,1905,9002,7097,0,0,0
542935,bbbb2902-ea46-801e-432a-d975b006a6a3,64,531792,531792,542935,555650,11143,11143,0,0,0,0
543803,7dbfb98f-4913-bc9e-e015-7b4247479600,64,534004,540283,543803,557646,3520,9799,6279,0,0,0
544320,92243729-df9e-751a-0645-3bc95d0ec3ec,64,533558,537088,544320,552086,7232,10762,3530,0,0,0
546006,f0c3c3dc-a885-7f61-81f2-11d7153db7db,64,533989,540757,546006,557913,5249,12017,6768,0,0,0
551042,5594b6b4-9c0b-337d-14ec-f34a30e0780f,64,518201,518201,551042,547469,32841,32841,0,0,0,0
614824,5c01b4f4-5e3a-94ee-1867-a7802cd37a65,64,609561,609561,614824,616989,5263,5263,0,0,0,0
628304,a67c1311-435d-6233-d9e2-29a16d1a9231,64,601643,601643,628304,639257,26661,26661,0,0,0,0
634168,c04b4543-c38b-3490-0c67-5024ab4476dd,64,609581,609621,634168,627064,24547,24587,40,0,0,0
671865,96f3b09f-213d-1f01-99b0-87332dc11b12,64,670945,670945,671865,677346,920,920,0,0,0,0
672931,c3c41672-8244-bfa3-fe7e-68af73dcf7d6,64,671213,671213,672931,679804,1718,1718,0,0,0,0
673775,5f20c61b-877a-ec13-0b78-7f4e092a5310,64,671999,671999,673718,678498,1719,1719,0,0,0,0
674233,9ead70d9-f0bd-4fe4-03c8-eb113b41f06d,64,673715,673715,674233,684664,518,518,0,0,0,0
675227,7e89b114-e9e4-b546-84c9-279d71958eac,64,674392,674392,675227,683463,835,835,0,0,0,0
675868,92c76c37-e911-b316-563f-277e5c20df07,64,675401,675457,675868,680292,411,467,56,0,0,0
675928,ce0dfb62-fbe5-774d-3eab-fda283b3a8f1,64,675403,675457,675871,678802,414,468,54,0,0,0
675928,4c0ea187-fe41-15d5-e734-5a2cbf3e16b1,64,675398,675457,675873,679889,416,475,59,0,0,0
676092,72b118d2-d1da-b0ff-c755-5403437b4019,64,675399,675457,676092,678856,635,693,58,0,0,0
676567,b4dd2c13-e5a2-4a6c-5214-4d02a0a00cad,64,675399,675457,676567,680674,1110,1168,58,0,0,0
676823,602e69a9-cf2c-d641-dbc8-e835e854bd94,32,675398,675457,676823,679033,1366,1425,59,0,0,0
676991,b7e94ddf-31a5-7087-6246-50462e9b106a,64,675402,675868,676991,681309,1123,1589,466,0,0,0
677061,f30e229a-80ec-b2de-1bc3-0ae71302458d,64,675403,675928,677061,681960,1133,1658,525,0,0,0
677159,409c402a-b29b-9232-1de2-2a37520495f1,64,675397,675397,677159,682250,1762,1762,0,0,0,0
677585,daaecc18-8625-fb26-9113-a3b4f1c5c347,64,675398,675457,677585,679237,2128,2187,59,0,0,0
677645,1ed2ad31-82df-ea6e-e30a-f98288581174,64,675440,675928,677590,682073,1662,2150,488,0,0,0
677784,145df5f4-73bd-c17c-37f5-a6c9acadb6d9,64,675397,675397,677784,681271,2387,2387,0,0,0,0
677844,0d350ff5-e30a-4310-ec53-8d8a712fb424,64,675397,675397,677810,681244,2413,2413,0,0,0,0
677907,b24ecc2a-34e6-09a1-f122-8ebb23c2063a,64,675407,677159,677907,682535,748,2500,1752,0,0,0
678131,c611858d-ab59-c31a-44b1-8939eb7317c7,64,675397,675397,678131,682506,2734,2734,0,0,0,0
678713,34a48ccb-1423-3391-8aff-b7bd47d42711,64,675404,677585,678713,682581,1128,3309,2181,0,0,0
678857,b3e771d3-23d0-a1a1-3fa3-30ffebd66712,64,672938,672991,678806,682075,5815,5868,53,0,0,0
678971,9b890c38-f978-ecef-1d3b-14e226b1fe1f,64,675403,677844,678971,683464,1127,3568,2441,0,0,0
679041,9a4a81d5-0fd3-1e5b-adf5-9c08ee108ba9,64,675406,677907,679041,683627,1134,3635,2501,0,0,0
679491,376ce05b-9ebb-dd98-24c0-b72abb6c3688,64,675404,677784,679491,683287,1707,4087,2380,0,0,0
679711,a667861e-b9e1-cd5b-f68f-3df1d97b98b3,64,675402,678971,679711,684410,740,4309,3569,0,0,0
679771,6248fb6e-f75a-c51e-3023-5816b2dcfc8e,64,675406,677645,679768,683176,2123,4362,2239,0,0,0
680237,d6074401-940e-9c4f-b1cc-e1619bdfc447,64,675401,678131,680237,684100,2106,4836,2730,0,0,0
680430,a9a2e013-5c3e-0324-1e48-6a848039ce01,64,675407,679041,680380,684742,1339,4973,3634,0,0,0
681087,6afea56e-289f-aec2-8ac9-abcf3bde1e84,64,674641,674641,681087,685494,6446,6446,0,0,0,0
681147,f9e6ffd0-0345-a9e3-4472-1115bf1053ff,64,675402,678713,681097,684144,2384,5695,3311,0,0,0
681207,e381a3da-0f3b-ad0f-e7fd-636327acb4e6,64,675397,675397,681176,682366,5779,5779,0,0,0,0
681409,aa08af38-bf25-73a6-6f49-21b3f475fb47,64,675401,679711,681409,685119,1698,6008,4310,0,0,0
681613,0d83689f-d73a-d9bc-713e-71126ffcf398,64,678805,679491,681599,685007,2108,2794,686,0,0,0
681613,45aaa872-ab9a-8fc1-4555-ce0a5e736ba1,64,678634,681087,681613,688580,526,2979,2453,0,0,0
681803,c8292e8e-b34d-04b1-bcfe-c901d7e539bb,64,678563,678857,681803,684403,2946,3240,294,0,0,0
682143,81e93b12-3b7f-21cb-da79-434d240533d4,64,678797,681207,682143,690338,936,3346,2410,0,0,0
682210,8725268a-50b7-5b84-e188-1d0359e31fc9,64,681701,681701,682210,687568,509,509,0,0,0,0
682378,4036d3f7-4dbf-ba86-5b18-0366c500c091,64,680521,681409,682378,691292,969,1857,888,0,0,0
683791,b39ff009-13e7-f43e-efde-aed4d7479ab4,64,680370,681147,683791,690305,2644,3421,777,0,0,0
683873,9819c004-6fd3-5ccb-5396-f06d0e573c50,64,673737,673775,683873,685570,10098,10136,38,0,0,0
684036,c13a45ae-14f7-8055-fbce-12500b9f536e,64,676719,680430,684036,688002,3606,7317,3711,0,0,0
685045,6b752f1d-e1f1-9b24-5557-bfc91be79ff4,64,681553,681553,685045,688202,3492,3492,0,0,0,0
791798,8deeb109-437c-3a24-a3f5-bd11e5880a96,64,789899,789899,791798,812173,1899,1899,0,0,0,0
792006,be7bf82c-3578-1a11-5c1d-a13897a23064,64,790959,790959,791998,800763,1039,1039,0,0,0,0
792754,a30eeb05-7e7b-7566-eca9-388a21cc0651,64,789909,789959,792754,809527,2795,2845,50,0,0,0
793351,48b274d1-befe-65f7-dd73-e64544a4adc3,64,790520,790520,793351,808826,2831,2831,0,0,0,0
793411,3a2ef0d4-e6a7-7db2-a0ee-052ce563538c,64,789991,790019,793363,800901,3344,3372,28,0,0,0
793824,470dc933-0ea2-da98-0a02-81a6d9889ac9,64,791946,791946,793824,808432,1878,1878,0,0,0,0
795639,c31e570f-7a3b-e3f3-7e95-f4bd69723504,64,794544,794584,795639,805782,1055,1095,40,0,0,0
795753,d4eecf3c-84b6-d35e-d618-0953fdf354e4,64,791440,791440,795753,811890,4313,4313,0,0,0,0
796159,85c3cb19-7fe3-6795-5653-e85f3d5feb58,64,794524,794524,796159,808386,1635,1635,0,0,0,0
796393,8bf87778-421e-552f-7078-bc77a7cdf87e,64,790632,790632,796393,814724,5761,5761,0,0,0,0
796593,1e3a98b4-0bcb-3b12-cf64-0926610b4a8d,64,794765,794769,796593,807693,1824,1828,4,0,0,0
797160,80f7360d-4d66-ea8e-ea90-5ba45facc09e,64,791119,791119,797160,809284,6041,6041,0,0,0,0
797764,39288a6b-bf2e-47ff-0f26-4fec76dabfd2,64,792441,792441,797764,802303,5323,5323,0,0,0,0
798948,4b3b5db6-0384-640a-61c6-8dd3ced0ed87,64,792779,792814,798948,801708,6134,6169,35,0,0,0
798948,8f96e5bf-ba6a-76c3-f97e-e920cc3e9fac,64,794709,794709,798948,814079,4239,4239,0,0,0,0
801255,1b9cc2b5-371a-2bef-83d2-208296d7b5e9,64,790368,790368,801255,811684,10887,10887,0,0,0,0
958247,ea4fc671-22e8-2307-dea8-b3b242dd1131,64,958083,958127,958208,958943,81,125,44,0,0,0
958247,18c71b92-d61c-3ccc-b2b8-63d5c1ddb7f2,64,958067,958067,958237,959684,170,170,0,0,0,0
958247,328ddd5a-4413-2b8c-b9e3-1afc56354a26,64,958177,958187,958242,959142,55,65,10,0,0,0
958307,b62294df-8911-b9f4-870e-b41f0cd6319b,64,958119,958127,958307,959276,180,188,8,0,0,0
958367,4d180e38-3699-2fc4-5565-cf0e0f319c37,64,958234,958247,958341,959013,94,107,13,0,0,0
958487,f3bde14b-b221-b4eb-19a2-19eaa8aa890a,64,958172,958187,958439,958945,252,267,15,0,0,0
958487,ad2a583e-5ee8-b605-7b69-303acf1533af,64,958299,958307,958448,958998,141,149,8,0,0,0
958547,77ca6681-fb97-69a9-7bad-e159e9b259ba,32,958145,958187,958519,959671,332,374,42,0,0,0
958547,2e351b81-4703-9aaf-1428-43c84ae3981c,64,958429,958487,958544,959346,57,115,58,0,0,0
958607,a041dea0-86ca-fcb5-fe95-00ab563df888,64,958320,958367,958552,959469,185,232,47,0,0,0
958607,28dc3667-2fcf-aaef-b620-1155a0df18e1,64,958014,958067,958558,959715,491,544,53,0,0,0
958607,2db6fa6c-dafe-345a-ae51-463af1e8f042,32,958018,958067,958603,959721,536,585,49,0,0,0
958667,08edd1e3-31a0-932f-4c79-71ec9e9228e0,64,958243,958247,958626,959161,379,383,4,0,0,0
958727,a07391d0-da02-25c2-6e8e-21c1923e51ef,64,958305,958307,958698,959679,391,393,2,0,0,0
958847,731a9d05-7e33-a416-52bf-d4d2be104b91,64,958302,958307,958809,958808,502,507,5,0,0,0
958907,0dc7f022-2f3b-bbf9-ba2c-10d1adf82230,64,958549,958607,958856,959482,249,307,58,0,0,0
958907,4ae170bc-b1c3-deec-f78d-8d387a171522,64,958245,958247,958862,959240,615,617,2,0,0,0
958967,7ab7dba3-4866-fa2c-c27b-99f90cb8ea81,64,958103,958127,958938,959139,811,835,24,0,0,0
958967,701e1d87-48e3-c3ac-e630-57d4104853ed,64,958075,958127,958960,960068,833,885,52,0,0,0
959027,e2b94f55-dd4f-274c-8335-68df97dd6541,64,958471,958907,959020,960146,113,549,436,0,0,0
959027,0164d35d-3b72-3a77-94f5-8c78659a5d0c,64,958434,958607,959023,959767,416,589,173,0,0,0
959147,c32e45fc-0707-e950-6ae2-34b56d84c6b1,64,958168,958967,959131,960273,164,963,799,0,0,0
959147,33f111d8-1a64-9322-9e30-378146896020,64,958122,958967,959140,960268,173,1018,845,0,0,0
959207,b8c651f9-cb11-2561-613c-e8956051b970,64,958063,958067,959190,960333,1123,1127,4,0,0,0
959207,65424c44-a6aa-dfb3-42f5-716e722979b5,64,958084,958127,959207,959791,1080,1123,43,0,0,0
959267,66f23510-902f-c13b-aec7-92ace160352e,64,958053,958067,959254,959847,1187,1201,14,0,0,0
959327,5042870b-a1ab-c173-5066-65c26c03d7b7,64,959233,959267,959319,960299,52,86,34,0,0,0
959447,2a13f6ba-7f09-27bb-041d-72a2f8c32a72,64,958288,959207,959441,960792,234,1153,919,0,0,0
959507,0f0e82c6-78da-d30a-3f4b-8e5bb94d9645,64,958124,959147,959465,960736,318,1341,1023,0,0,0
959507,e2709336-8911-a637-ae58-801427005d90,64,959233,959267,959504,960688,237,271,34,0,0,0
959567,1bee5346-f08f-4d98-d770-4f1450992b7d,64,958313,958907,959519,960101,612,1206,594,0,0,0
959807,25dcf4e2-33e0-b555-bc85-8724645cad0f,64,958007,958007,959761,960523,1754,1754,0,0,0,0
959807,91cfccef-2c21-b528-8c87-30e10bfaf3a5,64,958042,958067,959771,960990,1704,1729,25,0,0,0
959807,b43f4733-c731-36b1-de34-9151083428e5,64,958375,958547,959801,959746,1254,1426,172,0,0,0
959927,1afc164f-1ffe-0ae3-e202-1264286e476b,64,958173,959507,959885,961018,378,1712,1334,0,0,0
959987,24a88faa-76be-e87c-256e-5aef6451fba0,64,958177,959147,959946,960763,799,1769,970,0,0,0
959987,560afa6c-2457-4ff9-8908-fe6a5e15d0be,64,959651,959687,959971,960312,284,320,36,0,0,0
960047,7e442934-f5be-fb3a-984c-3f3b18c8f31c,64,959165,959567,960000,961251,433,835,402,0,0,0
960179,b736df97-5168-e445-b15f-112dc0b39906,64,960028,960047,960122,960958,75,94,19,0,0,0
960179,73552401-9e3c-5f31-4e91-c9f8231b392c,64,959395,959447,960137,960911,690,742,52,0,0,0
960239,1cc24867-104a-d5f2-05d2-9819f14b76ec,32,960006,960047,960199,960697,152,193,41,0,0,0
960239,7c809dad-e5cf-2fff-dbaf-aa615099b34b,64,959973,959987,960230,960630,243,257,14,0,0,0
960239,758014b1-09d8-0008-f597-fd9adb50764b,64,959888,959927,960237,960803,310,349,39,0,0,0
960239,5248a167-ed1a-45c0-4093-698bdff509d7,64,958149,959507,960239,961052,732,2090,1358,0,0,0
960361,61fa3357-0ff3-a645-37cf-792e9978247d,64,959873,959927,960325,960771,398,452,54,0,0,0
960500,bc951432-b554-7345-789d-55f9a13ab5bb,64,960301,960301,960448,961035,147,147,0,0,0,0
960500,bf9546dc-df2c-3adf-2a57-e132293b7b1f,64,959888,959927,960461,961133,534,573,39,0,0,0
960500,5a971457-3db2-8905-3514-cd4f62bad244,64,960039,960179,960466,961713,287,427,140,0,0,0
960500,0bc7e4b8-f1c1-ffc1-b9e4-c9981d4fe191,64,959892,959927,960481,960657,554,589,35,0,0,0
960620,71f3a429-c29f-dbce-84e8-7282389f1f2b,64,960302,960361,960574,961623,213,272,59,0,0,0
960620,362fa786-f539-dca0-eeea-8ac8a86a7ac1,32,960326,960361,960607,961465,246,281,35,0,0,0
960860,63bb3cfa-43e5-fee5-0a6c-a4e73c36d8ff,64,959428,959807,960826,961422,1019,1398,379,0,0,0
961119,7adbd387-4b56-521a-df5c-107c75a9e99b,64,959448,960239,961074,963503,835,1626,791,0,0,0
961810,c169ca9e-a6e4-1ad6-3033-06bad7c1c44c,32,958876,959807,961808,963461,2001,2932,931,0,0,0
961870,13692b61-eea1-6f8c-6407-86c2a4352372,32,958743,959807,961824,963419,2017,3081,1064,0,0,0
961930,079be1ac-ca19-0426-5655-4b435684d4ac,64,959320,960500,961898,964139,1398,2578,1180,0,0,0
962050,bbcd2da5-ba29-5407-17f7-f279f478e343,64,959059,960620,962026,964167,1406,2967,1561,0,0,0
962170,ad03648c-dcff-cf66-9a37-ebecba3d5b0a,64,959590,960239,962117,963760,1878,2527,649,0,0,0
962593,00d8fc51-4839-8203-eb0e-11fa2a505852,64,959647,962050,962570,964602,520,2923,2403,0,0,0
963268,b69f38ec-9764-c00f-e231-56c2dd6c6e3b,64,959994,961119,963219,964441,2100,3225,1125,0,0,0
963268,329d791c-2cf1-e070-9225-a71cc10f3ed9,64,959675,961810,963237,964539,1427,3562,2135,0,0,0
963472,affc4c90-8096-7b47-beba-a8f6b2c440be,64,959373,960500,963472,964107,2972,4099,1127,0,0,0
964003,459908d4-c064-58cd-59ca-2ce0055d56c6,64,959477,962593,964003,964894,1410,4526,3116,0,0,0
964063,bf2997cc-549d-8c87-eeb4-023d0aba4ae0,64,959815,960500,964054,964032,3554,4239,685,0,0,0
964401,e477d800-dec4-6536-8335-64a9caa8c484,64,959907,960860,964401,964209,3541,4494,953,0,0,0
964838,10f51dc7-3d5e-c04b-2632-5600378a5a01,64,958706,964003,964838,965483,835,6132,5297,0,0,0
964898,fff4a005-887a-5838-01c2-de3a000a572e,64,958834,963472,964894,965390,1422,6060,4638,0,0,0
964958,c5932f0b-1154-ad5d-ff87-b41606efe57f,64,958775,963268,964949,965059,1681,6174,4493,0,0,0
965018,d1c403b5-dbc8-2d26-abf6-dd5c9e1f05ce,64,960999,964063,964981,965624,918,3982,3064,0,0,0
965078,782d264d-5fde-c350-53e9-a11542a65226,64,959201,961930,965046,964589,3116,5845,2729,0,0,0
965260,c9d39a27-2564-4d8a-09ed-377f65467cfd,64,958601,962170,965260,964836,3090,6659,3569,0,0,0
965538,a6949098-f882-633c-e9dd-4606b6fc8076,64,959593,965018,965538,966223,520,5945,5425,0,0,0
965912,668a73e8-fa24-4128-c1b3-227e4a505020,64,960119,963268,965912,965368,2644,5793,3149,0,0,0
966530,804ccac1-7bc6-afa8-baaf-dbe306bdebc5,64,960839,964401,966530,965646,2129,5691,3562,0,0,0
966590,378ca8bb-041d-45f5-d10f-e0a545b0bb74,64,959203,964838,966562,965651,1724,7359,5635,0,0,0
966650,f37beacb-e7db-a657-8040-da10d9ab7ab4,64,960456,964958,966647,965915,1689,6191,4502,0,0,0
966795,73a7f877-a58e-b75e-7a73-2407e7005cf0,32,961224,965078,966795,966240,1717,5571,3854,0,0,0
967283,595f8883-2257-4ae3-ac7a-6409d7d31e15,64,959629,965912,967283,966578,1371,7654,6283,0,0,0
967915,2c94e238-0fe0-6e72-f122-5ed1a1508448,64,960703,964898,967871,965862,2973,7168,4195,0,0,0
968027,89decc0b-27c9-407b-9a9e-a87f39d160ef,64,960302,965078,968027,966446,2949,7725,4776,0,0,0
968292,78f6b995-47b3-4eb8-fda4-c3c6513d5e91,64,962379,966590,968292,966750,1702,5913,4211,0,0,0
968352,93f4c33e-dfcd-1ef0-35ee-19d26567256b,64,959393,965260,968301,966523,3041,8908,5867,0,0,0
968522,d4026da4-20cd-9d93-6362-b8b2b277adc0,64,959697,965538,968522,966542,2984,8825,5841,0,0,0
968810,c058e76c-b85e-8a84-b758-cf51a8ffb81c,64,961472,968027,968810,967088,783,7338,6555,0,0,0
969279,2a5afd30-b1f4-02d1-50bb-f4a18a9b7add,64,962102,967915,969279,967004,1364,7177,5813,0,0,0
969339,5c0c0646-cdc0-bd46-257c-4c9d35ced857,64,959992,968810,969339,967594,529,9347,8818,0,0,0
969677,f695ab3e-e1fc-e5a5-7838-ceb383e1d6e1,64,959118,966530,969677,966739,3147,10559,7412,0,0,0
969737,005b620c-ff23-4e65-1893-c05c7197f8d3,64,962072,968292,969689,967312,1397,7617,6220,0,0,0
970132,209e55a5-cdc7-3f6d-5a34-a01e1f96431f,64,960554,966650,970132,966850,3482,9578,6096,0,0,0
970192,9793caf2-0ac8-db80-2f7a-0b07c6eaa830,64,961246,969677,970188,967628,511,8942,8431,0,0,0
970719,3530d627-0c33-d175-bebf-7630adc9f721,64,959326,969339,970719,967620,1380,11393,10013,0,0,0
970800,bfe2e249-6f07-b1c4-eaf6-d28e3c343057,64,960667,967283,970800,966878,3517,10133,6616,0,0,0
971133,8990644e-90fc-a6df-110e-ca69a6e624d3,64,961367,968522,971133,967569,2611,9766,7155,0,0,0
971398,dd646719-f706-ca01-4c0f-d44e232e99a8,64,961997,968352,971398,967422,3046,9401,6355,0,0,0
971458,c37b9fc1-1357-1b70-5da0-17d36c26e41d,64,959228,969737,971406,967652,1669,12178,10509,0,0,0
971846,52c2cd55-9ed9-b18c-a33b-ecdd6f0115c3,64,963181,970192,971846,967836,1654,8665,7011,0,0,0
972189,05e4ea90-ffc9-a8bc-4160-2fe228979508,64,961011,970719,972132,967891,1413,11121,9708,0,0,0
972249,98c0ca0d-d2ba-d78f-b254-79c6091dc857,64,959798,969279,972245,967608,2966,12447,9481,0,0,0
972503,b344d1f9-4219-cc75-77a8-89dc4e35853d,32,962826,970800,972503,967947,1703,9677,7974,0,0,0
972716,57a28da9-10cc-faaf-dd5b-fec58d8c22db,64,959067,972189,972716,968181,527,13649,13122,0,0,0
972819,fdd04ae7-2cc6-dc4c-7119-271b3b1bf5fa,32,963088,971133,972819,967987,1686,9731,8045,0,0,0
973061,0b246322-8a66-56a6-68e7-ee786dee221d,64,961952,972249,973061,968188,812,11109,10297,0,0,0
973232,97ce8e00-d36d-3a41-21c2-85cf98f7f224,64,961373,972716,973232,968229,516,11859,11343,0,0,0
973718,e7772cc1-1330-8532-c8e3-aaef7af0e407,64,959555,970132,973718,967785,3586,14163,10577,0,0,0
973885,e290cb13-c043-fc22-c57f-d3242bf56fe2,32,962666,972189,973885,968165,1696,11219,9523,0,0,0
973957,e7c6f661-a1f9-501c-8fc1-53a5f26dd964,64,958720,971846,973957,968124,2111,15237,13126,0,0,0
974420,ea9bab95-3577-7499-1d04-f5c4c15e4aaf,64,962444,971398,974420,968036,3022,11976,8954,0,0,0
974486,1673d079-b26e-6980-bfec-4a4804bd08a6,64,963293,971458,974486,968122,3028,11193,8165,0,0,0
974995,bc9ae353-6df2-c43e-e28e-1939db2359ec,64,962824,974486,974995,968647,509,12171,11662,0,0,0
975182,a6ed55f1-f96f-ffcf-8392-5ad8e4cfdf66,32,967795,974995,975182,968682,187,7387,7200,0,0,0
975345,b565f464-4694-6a4a-f332-cc10702fec9e,64,961152,973957,975345,968533,1388,14193,12805,0,0,0
975808,cd9f09dd-8348-c399-9fe3-c493aaa718d5,64,961750,973232,975808,968374,2576,14058,11482,0,0,0
975868,d8b6aa73-a6ba-dd00-5b9d-e09f3c6812bd,64,962881,974420,975827,968538,1407,12946,11539,0,0,0
976025,d5ac4492-fd46-353b-d078-32bb2d195bf4,64,959662,970800,976025,967963,5225,16363,11138,0,0,0
976116,b2a8d87d-56b4-aa33-680e-cdd91132eb2a,64,959564,973061,976116,968354,3055,16552,13497,0,0,0
976300,5df14e35-7e0e-82a4-9632-adcdc4b57362,64,967804,976116,976300,969148,184,8496,8312,0,0,0
976368,2670f38a-9aa6-bb08-c0ec-cb7aa6829e4a,64,960736,972819,976368,968339,3549,15632,12083,0,0,0
976428,8b365373-f079-b5d3-5487-dd43355b29db,64,958941,974995,976420,968810,1425,17479,16054,0,0,0
976522,942c3f30-6333-9f7a-da02-940410470571,64,967820,976300,976522,969157,222,8702,8480,0,0,0
976720,26050196-f2fb-dac1-3685-0ced7d99b3ec,64,961045,975345,976720,968813,1375,15675,14300,0,0,0
976780,18c7a05e-94dd-53b8-aaa9-9c4d8f256109,64,959317,973718,976766,968494,3048,17449,14401,0,0,0
976939,9e31e2fc-46a2-f7dc-e87f-5e93b7b4b5c8,64,962820,976025,976939,969113,914,14119,13205,0,0,0
977260,dd97582f-73e8-339c-a96d-61d4388b899a,64,962696,975868,977260,969021,1392,14564,13172,0,0,0
977450,642ff652-23a5-096e-5586-2c7539ce3af7,64,961497,976939,977450,969581,511,15953,15442,0,0,0
977717,d5e9bcc3-e246-77af-df2b-2b2ef800dfdd,64,960208,976780,977717,969488,937,17509,16572,0,0,0
977777,311080ea-0eab-8f3c-7e9f-15d5028f0830,64,958684,976368,977747,969241,1379,19063,17684,0,0,0
977931,04ef166d-b00d-a0bc-038e-13f48c7f34d9,64,961642,976522,977931,969430,1409,16289,14880,0,0,0
977991,3c22e67f-cbe6-1fc4-09f6-886962e51517,64,959097,975808,977946,968994,2138,18849,16711,0,0,0
978228,9be1c567-bb77-2de6-dd15-582c25d0dc76,64,959756,977717,978228,969642,511,18472,17961,0,0,0
978747,2d02fce7-b5dc-24d5-859f-9b568425fd0c,64,961848,977931,978747,969810,816,16899,16083,0,0,0
978845,ff770176-b754-e573-97dd-1fc968028b98,64,961115,977450,978845,969613,1395,17730,16335,0,0,0
979356,7f3e5e2a-c578-a5f0-cb8f-f16c003a5ebc,64,959029,977260,979356,969598,2096,20327,18231,0,0,0
979474,e9aa7c98-190a-ed3f-319b-4bf071259cc2,64,961267,976428,979474,969288,3046,18207,15161,0,0,0
979628,44028558-57e2-4aab-02b0-61129c2fb39c,64,961626,978228,979628,969911,1400,18002,16602,0,0,0
979688,4d02152d-76c1-6764-d082-e0c03a29f767,32,961839,977991,979657,969832,1666,17818,16152,0,0,0
979688,526827db-aae9-4a38-40c7-1a7f07d0f6fc,64,959021,978845,979665,970021,820,20644,19824,0,0,0
979748,a4b35119-9969-159a-9111-8ec1e694a0f2,64,962690,976720,979734,969438,3014,17044,14030,0,0,0
979808,71f1d500-b1fa-2592-5087-477720b8834c,64,968212,979474,979780,970085,306,11568,11262,0,0,0
979902,1de4e858-74aa-931b-5c5b-7b8b0748d24e,64,959279,979356,979902,970025,546,20623,20077,0,0,0
980399,6ca4c622-ee06-0a2d-5801-53b01496059f,64,962353,978747,980399,969945,1652,18046,16394,0,0,0
980459,685fbe1b-cc6b-f4db-6c03-18b53982f87f,64,960023,979628,980419,970119,791,20396,19605,0,0,0
981106,2f25733d-dbc2-ae49-365c-b63810b8b54c,64,959539,979688,981106,970210,1418,21567,20149,0,0,0
981281,7a764894-184e-b9e4-2060-be2e4c1e9a9c,64,958742,980459,981281,970398,822,22539,21717,0,0,0
981359,d8cdc175-2d71-2b28-1f2c-da258d2a5aca,64,960735,977777,981359,969769,3582,20624,17042,0,0,0
981419,b4309ba8-74b8-706e-ecde-2509c3f5a337,32,960665,979688,981388,970148,1700,20723,19023,0,0,0
981487,5a41e7f9-6137-8bba-28f4-5ce307460647,64,962670,979808,981487,970287,1679,18817,17138,0,0,0
982289,39417658-761c-22d4-ed4b-d0fa65b3a498,64,962522,981487,982289,970599,802,19767,18965,0,0,0
982503,396f0d03-62f4-18f7-207b-1217edbbf017,64,959046,981106,982503,970536,1397,23457,22060,0,0,0
982751,d494e01e-a62d-6cdb-5fcb-0446e245f562,64,962695,979748,982751,970247,3003,20056,17053,0,0,0
983041,b646d2bc-9455-04d2-812c-e2c6be46aa49,64,962046,981359,983041,970541,1682,20995,19313,0,0,0
983166,5b00b3cf-f4d3-3ca5-538e-f58e19d56bd5,64,959883,977991,983166,969849,5175,23283,18108,0,0,0
983954,1057e631-8d6e-3659-5ca5-ebb81d11724d,64,963132,980399,983954,970371,3555,20822,17267,0,0,0
984354,1a553d81-a4b8-acf1-4bfa-7b9feaadc4cc,64,961121,981281,984354,970541,3073,23233,20160,0,0,0
984720,d2088692-b1cc-56af-5435-b8a755b0ef97,32,961750,983041,984720,970753,1679,22970,21291,0,0,0
984838,28d28f80-1b09-4758-f9a6-335a6d39a82e,32,961190,983166,984838,970968,1672,23648,21976,0,0,0
985052,0563c684-5ac2-bfe0-e479-f626562efbec,64,962389,979902,985052,970361,5150,22663,17513,0,0,0
985150,93f76127-9419-a183-9b27-3fcef5c9191c,64,959208,984354,985150,971108,796,25942,25146,0,0,0
985256,d01fc1db-2213-9dc3-2775-0e9b15c78870,64,961626,984720,985256,971125,536,23630,23094,0,0,0
985341,b34dfd44-8249-23f6-9263-92a1a74b03a8,64,963218,983954,985341,971068,1387,22123,20736,0,0,0
985424,4274850c-56d3-c165-18ef-67f114eb391f,64,961069,982751,985424,970616,2673,24355,21682,0,0,0
985829,c4abc0e1-94a5-061c-6be1-468748f333f8,64,962666,985052,985829,971265,777,23163,22386,0,0,0
985890,7f0868cf-e70a-8a3c-f631-39b8f1e0a4dd,64,959345,982289,985890,970605,3601,26545,22944,0,0,0
986057,4f5be1f7-0ac4-2f1c-fc38-bfd306b17eec,64,959345,985256,986057,971367,801,26712,25911,0,0,0
986237,a08b2654-6d94-d0d3-f75f-056f5a971a73,64,962986,985424,986237,971532,813,23251,22438,0,0,0
986587,8ec6c7fd-3dc5-ea4b-50e0-dd8911a645cf,64,962461,983041,986587,970947,3546,24126,20580,0,0,0
986690,2d0f5390-01f0-bd18-c8e8-68567c60ebb4,64,960015,985890,986690,971792,800,26675,25875,0,0,0
986844,44a1f896-a038-c127-2390-40408d6173f2,32,962435,985150,986844,971269,1694,24409,22715,0,0,0
987488,b1773262-65db-2f00-9da9-4ad2c2cc7a13,64,959672,985829,987488,971537,1659,27816,26157,0,0,0
987548,e6ee06e4-be73-6442-9180-de3b3ad9d536,64,961656,986587,987529,971906,942,25873,24931,0,0,0
987626,c20b5d7f-0ffb-51ff-5abe-8296296c2114,64,960440,986237,987626,971835,1389,27186,25797,0,0,0
987844,4804a28f-856d-bbd5-5e64-5459eface4ba,64,962018,982503,987844,970608,5341,25826,20485,0,0,0
988015,22b4d170-7e8c-55a4-8682-7f120be50937,64,959569,985341,988015,971396,2674,28446,25772,0,0,0
988151,953d3351-1088-c3ac-93e1-d7a513c653c9,64,961395,987626,988151,972345,525,26756,26231,0,0,0
988211,50e0c0c1-2fd2-0944-9498-15815fc158f5,64,959631,986057,988167,971807,2110,28536,26426,0,0,0
988271,2505e117-8131-e4db-bc6f-5f5ec10a80e5,64,962029,985150,988241,971320,3091,26212,23121,0,0,0
988474,47a5269b-279d-591b-669b-cb41a1c9bcd0,64,972129,988151,988474,972672,323,16345,16022,0,0,0
988814,bdf2d2ca-f332-0769-6f87-ba205e145aef,64,961168,988015,988814,972593,799,27646,26847,0,0,0
988889,c3af0630-19a9-74c0-8090-c133d7c0f091,64,963158,987488,988889,972046,1401,25731,24330,0,0,0
989499,852be367-6b5d-af60-8585-e78efc58282f,64,961982,987844,989499,972514,1655,27517,25862,0,0,0
989559,8bd06951-1375-c9a0-5346-70e2656d9cf8,32,960667,987844,989523,972512,1679,28856,27177,0,0,0
989619,c2110d94-991f-8cd8-4447-81be237f54da,64,960742,988211,989602,972783,1391,28860,27469,0,0,0
989721,6ca35285-1715-9700-2c4f-6c1ad8fca16d,64,961824,986690,989721,972006,3031,27897,24866,0,0,0
989787,4fd854ef-828c-4331-7b91-19d32b3b5856,64,972006,989619,989787,973212,168,17781,17613,0,0,0
990200,0387bdbd-042a-f11f-aed9-2268f53fba13,64,963094,987548,990200,972207,2652,27106,24454,0,0,0
990747,01fc2721-7bc4-2eb1-c429-586076ee1bba,64,962141,989787,990747,973414,960,28606,27646,0,0,0
991221,2f633c95-9f42-d72e-3893-8b956b32497b,64,961870,988271,991221,972868,2950,29351,26401,0,0,0
991471,82e612a8-4597-0767-331f-fe8e7d6be102,64,961647,988474,991471,972962,2997,29824,26827,0,0,0
991471,3617da3d-f1fc-1bec-1fec-ba38f38a50ca,32,962405,989787,991471,973409,1684,29066,27382,0,0,0
991616,dbd30172-cdff-0a57-54a4-c4c232c441b9,64,971893,991221,991616,973580,395,19723,19328,0,0,0
991840,7954c226-ebe3-d009-1259-932112034ffe,64,962035,989721,991840,973375,2119,29805,27686,0,0,0
991900,26f4c8ac-c38a-3adf-556d-49063f2c5757,64,962693,988814,991842,973086,3028,29149,26121,0,0,0
991900,e84f55d0-9554-f22d-5dd1-84dc62255dd3,64,961604,988889,991849,973102,2960,30245,27285,0,0,0
991900,6ce65510-8f1c-6ed3-096c-d6d0e9b75435,32,961641,990200,991883,973488,1683,30242,28559,0,0,0
992147,10d5309e-9a5d-a586-0e27-495814e352e8,64,961497,989499,992147,973141,2648,30650,28002,0,0,0
992847,40421839-ca50-1415-016d-6695771e3708,64,962373,991471,992847,973912,1376,30474,29098,0,0,0
992907,29aa93f5-27ce-58e8-4d9d-045eabb08a67,64,961463,990747,992871,973548,2124,31408,29284,0,0,0
993332,990836b0-ef7d-c45a-6ebe-64f27ca84415,64,973148,992147,993332,981463,1185,20184,18999,0,0,0
994055,769e33fd-5a7e-e3ba-a588-516ae0e6f8b4,64,972635,992847,994055,982092,1208,21420,20212,0,0,0
995009,ca948048-46ee-9aa1-c459-2bcd2c424877,64,963111,991471,995009,974425,3538,31898,28360,0,0,0
995153,4535e6f0-5ac6-708e-54e0-af9b1b82c11c,64,962863,991616,995153,974530,3537,32290,28753,0,0,0
995594,d90690b0-dd8f-221f-f752-d4f934afef41,64,966217,991900,995594,977599,3694,29377,25683,0,0,0
995722,80c084d5-bb5c-ddf8-211b-d76c18de4236,64,972589,991900,995722,980759,3822,23133,19311,0,0,0
997020,26c6c6ff-4018-5c59-44f8-8f98f0b5330c,64,972916,992907,997020,1000739,4113,24104,19991,0,0,0
997080,07bb2ed4-125c-79a5-8548-55734420bc9e,64,966055,991840,997073,975053,5233,31018,25785,0,0,0
1041556,31f46bcb-798e-af0b-a8dc-711da3e6f29d,64,930955,930955,1041556,1001865,110601,110601,0,0,0,0
1150289,7cee4e40-bafa-8118-91bb-f5d145860ec8,64,1149724,1149724,1150289,1154643,565,565,0,0,0,0
1662242,aa78811f-0f64-75c2-7867-bf896b405e86,64,1660463,1660463,1662242,1675509,1779,1779,0,0,0,0
1667394,78b60776-9bd7-250c-7c31-e9318a94c305,64,1660544,1660544,1667394,1665915,6850,6850,0,0,0,0
1675832,efee1f9f-87d8-88f9-baaf-9fe5b15bed98,64,1674993,1674993,1675832,1686777,839,839,0,0,0,0
1690580,b588ff49-0acf-3540-756e-57304d957d48,64,1689811,1689831,1690580,1699081,749,769,20,0,0,0
1690922,2c43815d-f2d5-9951-f2b1-4a6b87d840ce,64,1689745,1689771,1690922,1700394,1151,1177,26,0,0,0
1692079,18e67933-c27f-47e7-d065-4a30cc620920,64,1690017,1690017,1692079,1697301,2062,2062,0,0,0,0
1693711,5ef7c6b4-bdbd-d515-4cbe-a96b66c4c628,64,1689550,1689591,1693711,1730596,4120,4161,41,0,0,0
1694373,2d992315-eb39-c925-ddb3-1b547615ca64,64,1689673,1689711,1694373,1714618,4662,4700,38,0,0,0
1694896,d02b518a-2ed5-27df-a100-37819965e32c,64,1694598,1694648,1694896,1695922,248,298,50,0,0,0
1695025,74c2936e-9797-9761-81f0-1ed7d54745f9,64,1694591,1694648,1695025,1696567,377,434,57,0,0,0
1695085,8b6c881d-0a63-00bc-f1f0-63629c0b1323,64,1694600,1694648,1695066,1696030,418,466,48,0,0,0
1695272,11e2c479-6dfb-cd94-d24b-a9a98b89e943,64,1694588,1694588,1695272,1696501,684,684,0,0,0,0
1695411,8c5568b2-ea54-7b7e-9087-3bbf45ede680,64,1694588,1694588,1695411,1695797,823,823,0,0,0,0
1695471,6d008df6-819a-99cb-3d1f-4ffbbcea2fb4,64,1694595,1695025,1695423,1696641,398,828,430,0,0,0
1695531,9da42cf1-b19b-aa2f-73b5-01c33654188e,64,1694604,1694648,1695511,1696182,863,907,44,0,0,0
1695531,6ebba00b-f56d-1583-ae9e-951be67620a5,64,1694590,1694648,1695524,1696345,876,934,58,0,0,0
1695741,143ed6ce-3648-bdc2-54c1-2a2fc2799d9d,64,1694589,1695085,1695741,1696694,656,1152,496,0,0,0
1695801,d2ecb5b2-ac60-0a51-8a86-bbcf088ab3fd,64,1694603,1695272,1695769,1696771,497,1166,669,0,0,0
1695801,c1fdb3ad-c410-8e3e-af5b-a0084f2991c3,64,1694588,1694588,1695782,1696635,1194,1194,0,0,0,0
1696128,0a463933-42cf-0979-6d28-09676a098c6c,64,1694594,1694648,1696128,1696399,1480,1534,54,0,0,0
1696188,3e4efa4f-5339-f70e-8911-fd1446007375,64,1694602,1695411,1696154,1696812,743,1552,809,0,0,0
1696291,62577534-0b12-b2c4-7bbf-bd9f0c9433fd,64,1694601,1695471,1696291,1696853,820,1690,870,0,0,0
1696356,b0f9d52e-9245-0bb7-dbde-9c0d18149d8d,64,1696170,1696188,1696356,1696752,168,186,18,0,0,0
1696416,8fbf62f7-c45e-cc04-00b1-43277cfb480f,64,1694589,1695531,1696379,1696993,848,1790,942,0,0,0
1696416,c58425f2-8068-695b-d0e9-8787cf210533,64,1696179,1696188,1696396,1696829,208,217,9,0,0,0
1696476,e8a6d8d6-f877-0779-befc-8c3e8eff12c0,64,1696177,1696188,1696417,1697096,229,240,11,0,0,0
1696536,cada4d07-6188-4177-9d1f-08d10f989310,64,1694588,1694588,1696519,1697276,1931,1931,0,0,0,0
1696598,5e9c7213-9813-d21f-732d-5b012729a911,64,1694599,1695531,1696598,1697095,1067,1999,932,0,0,0
1696658,cf8513c7-ec7d-59b1-4cce-56455b2f4f5d,64,1694594,1695801,1696632,1697197,831,2038,1207,0,0,0
1696658,48808d7d-442a-b2d4-ce8b-74ff527e0d7e,64,1694592,1696128,1696652,1697869,524,2060,1536,0,0,0
1696718,2b5239fe-e720-e211-3523-a22a6190a494,64,1694598,1695741,1696664,1697192,923,2066,1143,0,0,0
1696778,d9b4e887-f386-da5f-acfa-fe50eabf6669,64,1696172,1696536,1696726,1698153,190,554,364,0,0,0
1696778,2e3a29c6-ef9c-c278-956d-179b3c5f3e7d,64,1696177,1696416,1696771,1697754,355,594,239,0,0,0
1696838,faffe929-6885-7196-728d-691e6d4998ea,64,1696170,1696416,1696817,1697645,401,647,246,0,0,0
1697015,b016cb84-636e-8be2-dfde-baddd91c8dbf,64,1696173,1696356,1697015,1697543,659,842,183,0,0,0
1697581,b9ee53ce-a9e1-6008-bab4-88fef7ee6cf8,32,1689867,1689891,1697581,1708071,7690,7714,24,0,0,0
1699852,ce19b238-5a9b-a182-9125-35eaad3de6f6,64,1689531,1689531,1699852,1727788,10321,10321,0,0,0,0
1699912,db25d662-f175-3f12-8272-08df3ad4c3c4,64,1689691,1689711,1699879,1738649,10168,10188,20,0,0,0
1700042,28d8c539-a867-c2b0-a6f0-3ec4a3a0ef5b,64,1689600,1689651,1700042,1730591,10391,10442,51,0,0,0
1700750,207b7acf-dd39-6b8d-a336-54254fdcdd46,32,1689671,1689711,1700750,1728015,11039,11079,40,0,0,0
1706957,7d8ce457-9ed4-3990-be12-e71410411914,64,1704527,1704527,1706957,1706492,2430,2430,0,0,0,0
1707462,331f6e0e-88f9-a694-6498-e236dd71f167,64,1701264,1701323,1707462,1743773,6139,6198,59,0,0,0
1708133,03203553-4e2d-e816-bbe3-25560896b021,64,1701269,1701323,1708133,1738132,6810,6864,54,0,0,0
1708789,377ad5c8-cd38-2aa7-e8c6-0d04529964e7,64,1701279,1701323,1708789,1747702,7466,7510,44,0,0,0
1710027,212049a8-9f16-c65e-e3d7-9a723a7a1bb1,64,1701278,1701323,1710027,1740996,8704,8749,45,0,0,0
1710307,dfefc5ca-4aca-af69-79a7-fca41b0eef40,64,1710173,1710173,1710307,1710631,134,134,0,0,0,0
1710367,70425e95-8cc3-a604-c3d5-ca0b140566c3,64,1710178,1710233,1710352,1710554,119,174,55,0,0,0
1710427,11faac50-173f-3ed4-9b73-041438da55d2,64,1710179,1710307,1710397,1710753,90,218,128,0,0,0
1710509,4808b240-8ed1-be4c-9891-4bb446750fec,64,1710178,1710233,1710509,1710724,276,331,55,0,0,0
1710569,95bb1c32-c16b-a3e1-e21a-5a8759e2ecda,64,1710174,1710233,1710542,1710605,309,368,59,0,0,0
1710569,bb45440c-60c9-5b63-203a-339935633517,64,1710174,1710233,1710544,1710537,311,370,59,0,0,0
1710629,96442dfd-c4b3-7c8e-f7ba-63e8d7955e3b,64,1710178,1710233,1710579,1710746,346,401,55,0,0,0
1710629,96c0477c-161f-38ce-7a0e-d07516b7fe49,64,1710177,1710233,1710590,1710583,357,413,56,0,0,0
1710738,a0d694c1-14c0-f979-58ae-6db53a9a3465,64,1710177,1710509,1710738,1710885,229,561,332,0,0,0
1710848,7efc1643-6c0d-1c67-a8f0-88e960f197c5,64,1710179,1710629,1710848,1710985,219,669,450,0,0,0
1710908,edbf6f16-2cca-1c0a-cf65-0bc0b4395924,64,1710175,1710427,1710873,1710862,446,698,252,0,0,0
1710908,51fbc802-f38b-9ad8-cb7b-a896346da7a8,32,1710179,1710629,1710896,1710932,267,717,450,0,0,0
1710968,55a94753-1409-740b-2da7-563bf9102e2c,64,1710181,1710233,1710962,1710654,729,781,52,0,0,0
1710968,55ca8638-a4e5-ace3-ac31-20698983cf11,64,1710174,1710569,1710968,1710888,399,794,395,0,0,0
1711028,4dd38b47-17d1-cdcc-de45-e3f17aec63ec,64,1710174,1710629,1710975,1710951,346,801,455,0,0,0
1711028,e74dea71-443e-1978-d62a-ceb3c62f733d,64,1710174,1710569,1710998,1710900,429,824,395,0,0,0
1711088,8e70d8bd-b7b9-e1a7-5f7d-402a2cda5c45,64,1710174,1710367,1711063,1710802,696,889,193,0,0,0
1711186,43eeb1cc-baec-4522-1d45-42c00b69f087,64,1710179,1710738,1711186,1711022,448,1007,559,0,0,0
1711246,5534184c-b54a-5547-0d20-bdd9aaf0e7c5,64,1710183,1710908,1711243,1711124,335,1060,725,0,0,0
1711370,2909a964-f27b-b8ee-7b72-5c70e984c77f,64,1710175,1710848,1711370,1711037,522,1195,673,0,0,0
1711430,a2609aea-4db4-02b1-b49f-6c201867d606,64,1701264,1701323,1711402,1758264,10079,10138,59,0,0,0
1714477,bfc81225-bbd4-e089-088d-1a97a9dff239,64,1701263,1701263,1714477,1757399,13214,13214,0,0,0,0
1718223,c36089c0-052e-fafc-41e0-1f77beb7be1f,64,1689673,1689711,1718223,1761467,28512,28550,38,0,0,0
1718463,e8459fc5-5f6a-03fb-98fc-ad7bbe2936f4,64,1701263,1701263,1718463,1759058,17200,17200,0,0,0,0
1723829,29f08c1d-63ba-5ebf-de2b-46085601c842,64,1701272,1711430,1723829,1771585,12399,22557,10158,0,0,0
1724677,6415beeb-eb8c-4af5-a450-420f5f3b02c3,64,1701267,1714477,1724677,1772731,10200,23410,13210,0,0,0
1727164,d944c6ca-551d-8f2b-e5d7-f7d8294bf6ed,64,1701279,1701323,1727164,1739905,25841,25885,44,0,0,0
1728506,2de27581-6bf1-c267-84f1-00b7e81c733b,64,1701263,1701263,1728506,1733198,27243,27243,0,0,0,0
1733341,d1015796-3cf8-1641-65e6-53b9413d54e0,64,1701265,1727164,1733341,1789032,6177,32076,25899,0,0,0
1733580,d932961a-a3ab-75f1-c307-afdc637ca94e,64,1701269,1710027,1733580,1769580,23553,32311,8758,0,0,0
1735948,e47f8236-6b5b-2269-bd39-de2e8914400a,64,1701268,1708789,1735948,1762141,27159,34680,7521,0,0,0
1743541,ad3f527c-eca6-042a-4336-520b14b8bd95,64,1738908,1738964,1743541,1753385,4577,4633,56,0,0,0
1743601,77c23725-5132-b306-bc24-7acbe9659f05,64,1738908,1738964,1743547,1755319,4583,4639,56,0,0,0
1744442,5705b90b-8ebc-3a52-95cc-f2e6c8ff7e66,64,1738905,1738964,1744442,1755422,5478,5537,59,0,0,0
1745384,c350fed2-754c-7cc6-4cef-1d2db581063c,64,1738433,1738433,1745384,1754709,6951,6951,0,0,0,0
1746221,bc18e664-dc08-0358-f99e-a50f9bc12edd,64,1738909,1743601,1746221,1756109,2620,7312,4692,0,0,0
1747498,f9a18822-353d-d860-ec24-edb561188d28,64,1738910,1738964,1747498,1753772,8534,8588,54,0,0,0
1748537,d58f6960-b25c-037b-811b-da57fd7a44e1,64,1738433,1738433,1748537,1755922,10104,10104,0,0,0,0
1748794,6e22bbe6-2446-d953-a499-78b84b610af2,64,1738904,1738904,1748794,1754600,9890,9890,0,0,0,0
1749036,5f7e2169-3c50-8814-d724-dce7072e7082,32,1738911,1743541,1749036,1755559,5495,10125,4630,0,0,0
1749198,59a4b3cc-08f1-5953-612c-117491c9d64a,64,1749045,1749096,1749198,1749616,102,153,51,0,0,0
1749914,326ab4b1-c251-13c7-8991-2512a304d72d,64,1749813,1749813,1749914,1751066,101,101,0,0,0,0
1749992,cb7ee320-7a1c-76e5-d457-b738e0138f76,64,1738910,1745384,1749992,1756926,4608,11082,6474,0,0,0
1750052,6288ed2c-5814-9816-68fb-717a5bade135,64,1738433,1738433,1750015,1753624,11582,11582,0,0,0,0
1750411,124e0183-19e3-086a-5f16-8191f0517dcf,64,1750017,1750052,1750411,1750735,359,394,35,0,0,0
1750581,02650521-2191-1eb7-b20f-98a21ce3cb65,64,1738912,1746221,1750581,1757472,4360,11669,7309,0,0,0
1751273,0a4f1e56-8053-6271-0410-1a5f1639f7ca,64,1738435,1738493,1751273,1758022,12780,12838,58,0,0,0
1751424,80101459-6f85-ea52-97cd-0d0cd1f7f21c,64,1738434,1738493,1751405,1753713,12912,12971,59,0,0,0
1751484,2d943223-d6f4-0379-b940-74e1ba35054a,64,1748031,1748031,1751460,1754081,3429,3429,0,0,0,0
1751484,f49bf8fc-928a-cbe8-754b-a51094c9495c,64,1751364,1751364,1751461,1752589,97,97,0,0,0,0
1751990,d8bb6fad-44d1-dc54-d6ff-ed78701d5127,64,1738434,1738493,1751990,1757899,13497,13556,59,0,0,0
1752374,df66d41e-08ad-32ec-adbc-f54a79d9ffd8,64,1752026,1752050,1752374,1753328,324,348,24,0,0,0
1752434,d12ed793-d4c3-95ff-c28d-1bf50674cdbe,32,1750166,1750166,1752418,1757677,2252,2252,0,0,0,0
1753305,75799318-93cd-6cdd-8b79-63bf344a2906,64,1738911,1751484,1753305,1760039,1821,14394,12573,0,0,0
1753365,91ea7157-8de1-b73e-e163-425ea303e768,64,1752664,1752664,1753306,1753574,642,642,0,0,0,0
1754145,080eb8ee-234d-6212-5eb4-64d34eda8549,64,1754082,1754082,1754145,1755265,63,63,0,0,0,0
1755482,2d0dac8c-e271-6a74-23fa-0420cf97dc91,64,1751417,1751484,1755482,1759917,3998,4065,67,0,0,0
1756087,12003e4e-2543-0ae5-fbe8-0f9c3d3d703e,64,1755617,1755617,1756049,1756338,432,432,0,0,0,0
1756508,a4bc76bc-bf5b-4949-f3e1-ef113ee98430,64,1756119,1756147,1756508,1756899,361,389,28,0,0,0
1756628,bc8e1666-03c5-8a3f-3a82-93e875998090,64,1756250,1756250,1756575,1756853,325,325,0,0,0,0
1756688,66e8dfef-ae36-a967-897b-3686b9ddb571,64,1756255,1756310,1756681,1756972,371,426,55,0,0,0
1756748,50bce3f8-39d4-481d-74fb-637ab3efc618,64,1756345,1756370,1756738,1756969,368,393,25,0,0,0
1757722,21d54509-2d41-eb5e-0dde-3b294d234908,32,1757513,1757513,1757722,1758294,209,209,0,0,0,0
1758470,faf223e2-9000-d3c9-0beb-dfb12faad536,64,1758318,1758367,1758470,1758974,103,152,49,0,0,0
1758530,44627f67-e1e0-e163-796b-ad22e2264337,64,1758247,1758247,1758507,1759334,260,260,0,0,0,0
1758662,80aff334-b8f5-380c-a9ed-b4767cf4437e,64,1754918,1754918,1758657,1760800,3739,3739,0,0,0,0
1758782,00481819-d848-c84c-47ab-089fc47662b7,32,1738909,1751990,1758779,1760733,6789,19870,13081,0,0,0
1758842,bfa7319e-6c2b-29b1-946f-2d6669571f0e,64,1758709,1758722,1758835,1759700,113,126,13,0,0,0
1758926,d2ea70ab-64e5-bf84-4a64-7ed34a8e504a,64,1758696,1758722,1758926,1759732,204,230,26,0,0,0
1759106,1557bded-2b52-68f7-6455-63afdd5dc7fc,32,1738904,1752434,1759083,1761069,6649,20179,13530,0,0,0
1759250,1ea2418d-8ca5-6f42-a15f-47394a714b3e,64,1758983,1758986,1759250,1759976,264,267,3,0,0,0
1759641,14941a7d-3103-97b1-9b32-039d5fe4863b,32,1759381,1759430,1759641,1760121,211,260,49,0,0,0
1759701,7cfd2721-3783-d063-dbed-440fbde3b8ef,32,1759466,1759490,1759696,1760531,206,230,24,0,0,0
1759963,3fc6cae1-2111-1d39-dd36-9a77cca9c5bd,64,1738907,1749992,1759955,1758163,9963,21048,11085,0,0,0
1760023,79aeef7b-4529-5a7e-7144-08c0997ca608,64,1738436,1751273,1760005,1759737,8732,21569,12837,0,0,0
1760660,75cf8665-3aa4-6a18-cfae-89a22f6fb81a,64,1760237,1760288,1760660,1761591,372,423,51,0,0,0
1761023,31207a96-8f80-1572-f4e5-496e9e3f04c7,64,1760849,1760903,1761007,1761544,104,158,54,0,0,0
1761083,b9ea38a5-d596-1011-332c-bc014b95a3fe,64,1760904,1760963,1761027,1762318,64,123,59,0,0,0
1761083,0f53e008-124b-4f8d-78ef-e36fd7e1afc7,64,1754222,1759963,1761075,1762464,1112,6853,5741,0,0,0
1761203,a145bae1-a783-3c30-a167-64a400c3e764,64,1738436,1738493,1761186,1756344,22693,22750,57,0,0,0
1761615,bfc3bd84-a0e6-0c0e-80f3-f18bd96069eb,64,1761270,1761323,1761585,1762601,262,315,53,0,0,0
1762393,52e01640-5fdd-ac1a-d2a4-81cf22983f21,64,1738914,1758926,1762343,1762342,3417,23429,20012,0,0,0
1762764,d25c4402-b28c-05dd-79f3-a49429e19dd1,64,1762054,1762054,1762713,1762660,659,659,0,0,0,0
1763136,294a61ce-cc13-1202-c339-7a0165084ebc,64,1738434,1750581,1763090,1758697,12509,24656,12147,0,0,0
1765509,b1c0dd85-ae06-89b4-76bd-56fc85ff34f4,64,1738437,1753365,1765509,1762034,12144,27072,14928,0,0,0
1766607,2331332a-ca84-744b-07b4-bf8ca124da3f,64,1749707,1765509,1766586,1763229,1077,16879,15802,0,0,0
1767048,795f697d-4115-ad80-eba3-cc27ddcc4be5,64,1762704,1766607,1767048,1763410,441,4344,3903,0,0,0
1767348,5340b3b6-99c0-ba3a-aaad-82a74d4e715f,64,1762333,1767048,1767312,1763464,264,4979,4715,0,0,0
1767408,bc3a80d7-8a52-a566-ecf4-fc9d3e1ea81e,64,1738905,1758662,1767377,1762185,8715,28472,19757,0,0,0
1767468,37782151-c4b2-f307-1398-245f2777c328,64,1738437,1738493,1767457,1758457,28964,29020,56,0,0,0
1767528,54e5ad25-8c74-4f88-2a75-871ee9db387d,64,1762774,1767408,1767507,1764165,99,4733,4634,0,0,0
1767588,9949135d-72ee-ac07-afea-9bb1d352f78a,64,1763498,1767468,1767567,1764224,99,4069,3970,0,0,0
1767941,2fef2114-1e4f-e7e2-b63c-b0e793f20e46,64,1762706,1767528,1767941,1764305,413,5235,4822,0,0,0
1768135,d34b5452-45c6-ddf4-41a3-7d25d1bba03f,32,1763771,1767941,1768121,1764561,180,4350,4170,0,0,0
1768308,890fee3b-5170-b79f-e45b-bfd55d0d1872,32,1763884,1768135,1768261,1764732,126,4377,4251,0,0,0
1768523,025b9d76-fd47-68b3-7733-56c1086f9afd,64,1738491,1761203,1768475,1762972,7272,29984,22712,0,0,0
1770492,e13676e5-1201-41c5-8534-65b63e49d3fa,64,1738434,1760023,1770483,1762747,10460,32049,21589,0,0,0
1772576,545baf6f-c834-7704-1105-672ed7dfef7a,64,1738495,1768523,1772576,1764895,4053,34081,30028,0,0,0
1773508,fdc41060-6e5c-f7cd-cdc9-a597e1ea3443,32,1738907,1767941,1773453,1764513,5512,34546,29034,0,0,0
1774424,a6b0a5a7-0251-1371-41bf-d84b02dc87af,64,1753576,1767588,1774424,1764463,6836,20848,14012,0,0,0
1775366,35adf144-71b9-af82-2ae0-1cc74be6c9fc,64,1738490,1767348,1775366,1764140,8018,36876,28858,0,0,0
1776402,320128ad-4433-1338-891d-067b8bccd2b9,64,1756951,1772576,1776402,1765380,3826,19451,15625,0,0,0
1776794,835b0b86-790c-71d2-2788-51f8f1d486dc,32,1766016,1776402,1776794,1766840,392,10778,10386,0,0,0
1777124,52787889-4b7a-96c6-6988-ff47a407bbae,32,1766266,1776794,1777124,1766888,330,10858,10528,0,0,0
1777244,b4f10c9a-118a-bb38-ad64-cf1c1723c805,32,1766284,1777124,1777234,1767136,110,10950,10840,0,0,0
1777374,af624455-c85d-c72d-f365-3755f9fdbd64,32,1766139,1777244,1777372,1767202,128,11233,11105,0,0,0
1777561,3e6d9984-3ac5-b757-6669-f5cb6b356836,32,1760528,1775366,1777561,1766502,2195,17033,14838,0,0,0
1777731,34624de1-0012-e1e1-c463-1d0b786bceee,64,1766732,1777374,1777731,1767300,357,10999,10642,0,0,0
1777911,0b8a304f-c533-6996-fe7d-bc42769172e7,64,1738912,1768308,1777868,1764874,9560,38956,29396,0,0,0
1779006,7b1cb6cb-d979-c487-0dc9-425f784663a6,64,1760514,1777911,1779006,1767372,1095,18492,17397,0,0,0
1779564,d30b9a3a-15fb-cd95-231b-b7d07c1a53d1,64,1738495,1762764,1779564,1763090,16800,41069,24269,0,0,0
1779677,a1b59075-0987-3a45-7e5c-09b70b5f99f9,64,1766158,1779564,1779677,1767425,113,13519,13406,0,0,0
1780217,fcedb87c-82f5-2de1-9392-009fba9ada63,64,1758941,1779006,1780217,1767413,1211,21276,20065,0,0,0
1782371,56e03e97-2d42-ff7f-1326-5657a56a0e3a,64,1755056,1777731,1782371,1767309,4640,27315,22675,0,0,0
1784261,60c1fbb1-6db3-fdbe-ec28-801147df405d,64,1760556,1780217,1784261,1767687,4044,23705,19661,0,0,0
1785064,6ebb2956-33dc-f3e8-1614-3d93abe71788,64,1738905,1775366,1785064,1766767,9698,46159,36461,0,0,0
1785321,6950cbe2-8ae0-80cf-eca6-2f9cd6c0d59d,64,1766523,1785064,1785321,1767812,257,18798,18541,0,0,0
1785492,e5435bf1-55fb-6a21-1b96-73a3c11ff962,64,1767140,1785321,1785492,1767842,171,18352,18181,0,0,0
1786342,1bcdd857-a02e-6ff9-a224-a8922f99bf79,64,1738490,1761083,1786337,1762783,25254,47847,22593,0,0,0
1786462,10e471b1-de63-9f87-f27d-48e5e70dbcba,64,1761512,1782371,1786441,1767747,4070,24929,20859,0,0,0
1786630,9517b43e-de48-dd9c-a55f-242e4fb7263c,64,1766863,1786462,1786630,1767930,168,19767,19599,0,0,0
1786690,2b87bc13-f3dd-0dc5-2e54-e811263444a1,64,1760266,1779677,1786663,1767493,6986,26397,19411,0,0,0
1786819,f957623c-d3e8-d1cb-3545-1ff03da70b4e,64,1766497,1786630,1786819,1767957,189,20322,20133,0,0,0
1787021,b6cd1a0c-b404-0d42-e57a-8629d51ab7db,64,1761132,1786342,1787021,1767893,679,25889,25210,0,0,0
1787081,bf55b865-9829-1d71-3e7e-a016a1d3e422,64,1766527,1786690,1787022,1768032,332,20495,20163,0,0,0
1787201,14afc60e-01c0-45fa-98d8-b69958d6fa81,32,1766964,1787081,1787183,1768406,102,20219,20117,0,0,0
1787374,56ec3e45-0c4b-6393-dbe5-43a9d12639b8,64,1738437,1770492,1787374,1765303,16882,48937,32055,0,0,0
1787618,a27463a8-66de-765d-afac-bea6f9b71f30,32,1768015,1787374,1787588,1768528,214,19573,19359,0,0,0
1788000,eb592794-c537-d786-6987-74c3a3f36f78,64,1738494,1763136,1788000,1763218,24864,49506,24642,0,0,0
1788245,be7b8eb3-ac9a-5bf3-f0a9-e5bb439dbbdb,64,1752950,1784261,1788245,1767750,3984,35295,31311,0,0,0
1788305,d8058b9a-0752-63d7-74b9-150b3c56fd6b,64,1760253,1785492,1788264,1767891,2772,28011,25239,0,0,0
1788365,13832588-0c34-5047-bbd1-0ddf68725a65,64,1767707,1788245,1788365,1768662,120,20658,20538,0,0,0
1788469,915dcc2f-f301-6bd4-c7d9-b871597ba302,32,1767529,1788365,1788469,1769006,104,20940,20836,0,0,0
1789229,67d96f23-c162-746a-5336-065044b454fe,32,1757227,1787021,1789229,1768274,2208,32002,29794,0,0,0
1790716,a7d0508b-5b15-a645-ebe5-c5955dca9124,64,1738433,1738433,1790665,1768533,52232,52232,0,0,0,0
1790847,7cff0d7d-a523-28ff-fb1b-061d5f39c43d,64,1759818,1786819,1790847,1768237,4028,31029,27001,0,0,0
1791147,ca4f4f1d-8880-f9c5-1bff-86947fe0463c,64,1758292,1787201,1791124,1768420,3923,32832,28909,0,0,0
1791607,c3b34932-ef0f-46ec-4b85-142bc35e48ae,64,1738904,1774424,1791607,1765391,17183,52703,35520,0,0,0
1791818,7ddfcbef-5107-3f76-6b55-633bc51c8fb7,64,1759901,1788305,1791807,1768838,3502,31906,28404,0,0,0
1791974,4740cf17-f489-3bc0-b9f1-818ec8d9c817,64,1768670,1791607,1791974,1769364,367,23304,22937,0,0,0
1792442,729b4f6d-6bfb-be67-83c2-366ea8c8267a,64,1759831,1788469,1792442,1769096,3973,32611,28638,0,0,0
1792650,9f2422ce-cc2f-7532-efb7-4b06d0fdb7f5,64,1756027,1788000,1792650,1768549,4650,36623,31973,0,0,0
1792896,becec9eb-2c81-ef99-a153-74b0f6257ed1,64,1759794,1790716,1792896,1769192,2180,33102,30922,0,0,0
1793093,6807f6fd-1896-d3be-b8c6-2324a1d9e80b,64,1768852,1792442,1793093,1769541,651,24241,23590,0,0,0
1793274,3d83960d-0543-fc4b-56ed-859296e81057,64,1768265,1792896,1793274,1769752,378,25009,24631,0,0,0
1793462,51abb11b-d557-4d27-d16f-6f572b8537e6,64,1769052,1793093,1793462,1769754,369,24410,24041,0,0,0
1793741,9d9602e8-a123-2879-dc4b-24c1098c3ecc,64,1758328,1792650,1793741,1769744,1091,35413,34322,0,0,0
1793801,1e447d25-a2c6-12b8-81a7-a66ebb7657d9,64,1762610,1791974,1793779,1769489,1805,31169,29364,0,0,0
1793861,a29486c7-e5b0-0616-d02b-cd4338492d21,64,1769244,1793741,1793805,1769901,64,24561,24497,0,0,0
1793948,2f0b58f7-e06c-1ac2-d03b-479af4443e01,64,1756648,1793274,1793948,1769819,674,37300,36626,0,0,0
1794168,2c864b3e-6fc7-b32a-0602-f8c4dc3520c8,64,1759921,1793462,1794141,1769864,679,34220,33541,0,0,0
1794228,46a195a6-28e3-293e-d9cd-e7e760e09912,64,1769439,1793861,1794226,1770005,365,24787,24422,0,0,0
1795218,a601aa9a-4219-1225-dfc9-432af9096777,64,1762349,1794168,1795218,1770049,1050,32869,31819,0,0,0
1796047,93d678e1-d648-dd53-fd68-85af2e35ee60,32,1760773,1793801,1796047,1769908,2246,35274,33028,0,0,0
1796128,d561318f-7285-fe4c-c5a7-46f355cc9948,32,1768998,1796047,1796128,1770258,81,27130,27049,0,0,0
1796188,eea3316e-b1a7-8a11-84b5-7bb8f37b8d86,64,1738440,1794228,1796155,1770061,1927,57715,55788,0,0,0
1796516,04af167d-12bc-3f83-b2b9-1e4d685ae22a,64,1762717,1791818,1796516,1769379,4698,33799,29101,0,0,0
1796597,274a95b2-1e21-b75e-a654-ec7fc30d30e6,32,1768963,1796516,1796597,1770433,81,27634,27553,0,0,0
1797427,5be9adfc-9401-4ec0-bcc0-f9712119f698,32,1756523,1795218,1797427,1770173,2209,40904,38695,0,0,0
1797683,871b0218-8e07-fda1-5f4a-5aa7161decbe,64,1760168,1796597,1797683,1770583,1086,37515,36429,0,0,0
1797980,ae087b18-8d37-ce72-819a-503347b76350,64,1760489,1796128,1797980,1770330,1852,37491,35639,0,0,0
1800617,61405eab-b161-10d7-7fe8-026389fd4aab,64,1738437,1790847,1800617,1769200,9770,62180,52410,0,0,0
1800905,02fcff0f-8087-8889-81c4-7186e15696c2,64,1760226,1793948,1800905,1770036,6957,40679,33722,0,0,0
1802020,fc3579a6-f1ac-50e5-d110-bd615822e787,64,1760536,1800905,1801996,1770864,1091,41460,40369,0,0,0
1802230,846a0b4a-b8be-9f1d-5e15-ca3efac7d04c,64,1769577,1802020,1802194,1771021,174,32617,32443,0,0,0
1802440,ac0d40d6-626a-b5f1-9a5e-4a5d2e0ce312,64,1762103,1797980,1802417,1770684,4437,40314,35877,0,0,0
1802553,04d61adc-9d54-175f-b69a-a66d1d686bcd,64,1769762,1802230,1802553,1771071,323,32791,32468,0,0,0
1802890,ecc5fd3b-97ef-1578-6b35-408553727b90,32,1759821,1800617,1802890,1770723,2273,43069,40796,0,0,0
1803533,a159afa5-151b-fb76-9ace-ee51a62fd0cc,32,1738911,1797980,1803502,1770651,5522,64591,59069,0,0,0
1803533,9b5737d1-ac52-398f-a5bf-118930b2bb89,32,1770302,1802890,1803525,1771118,635,33223,32588,0,0,0
1804091,8d351301-aedb-3060-def0-a59db24ffbac,64,1738904,1787021,1804091,1768276,17070,65187,48117,0,0,0
1804617,782b84b7-6d8d-dd5d-c817-ad2a40597ac5,64,1759899,1797683,1804617,1770640,6934,44718,37784,0,0,0
1806275,3949a542-46ad-b754-aef9-3c9a73f092e2,64,1738495,1802440,1806229,1771099,3789,67734,63945,0,0,0
1806586,6a02c81d-d11b-3751-850f-6ab7d0932803,64,1765510,1802553,1806540,1771114,3987,41030,37043,0,0,0
1807005,7ed7a6fe-cbaf-a140-c0a6-efdbf3eee3ca,64,1761679,1803533,1807005,1771172,3472,45326,41854,0,0,0
1808098,82ed78cb-b7af-f6d5-8214-c32603592448,64,1759809,1804617,1808075,1771516,3458,48266,44808,0,0,0
1808098,1d0b06dc-f8e7-894a-f9b7-63d0efbfe87e,64,1758602,1807005,1808085,1771646,1080,49483,48403,0,0,0
1808220,d6346a4d-4057-ac62-0a10-3b4d2586c05f,64,1770857,1808098,1808198,1771760,100,37341,37241,0,0,0
1808312,b0b9a5c4-e947-46f0-62e0-5cc117a45b83,64,1738434,1791147,1808312,1769333,17165,69878,52713,0,0,0
1808432,ad662890-ddde-baea-9159-dc530cc025b9,64,1771037,1808220,1808393,1771786,173,37356,37183,0,0,0
1808432,5010c6dc-86c0-c451-fbae-0ac12a3e077c,64,1763077,1806586,1808404,1771619,1818,45327,43509,0,0,0
1808562,764d62ee-1526-adbe-5572-d063e2a6a74e,64,1770879,1808432,1808532,1772040,100,37653,37553,0,0,0
1808622,425e94b8-1233-0bdb-ec05-63cbdde10ea7,64,1738436,1804091,1808582,1771484,4491,70146,65655,0,0,0
1808682,16709094-c9f7-4c62-50e6-7472d3e13f66,64,1770577,1808312,1808682,1771828,370,38105,37735,0,0,0
1809070,8dbe7f99-81e3-74bc-e577-6900c034a9c6,64,1771602,1808682,1809070,1772300,388,37468,37080,0,0,0
1809907,c074eb8a-4e49-0dc6-e713-43007a36edb0,64,1765531,1808098,1809907,1771760,1809,44376,42567,0,0,0
1810420,77ee874c-e8b0-0b98-7020-2c67b139e02b,64,1763062,1808622,1810420,1772264,1798,47358,45560,0,0,0
1810883,cb7e4b94-e92a-b7aa-262b-0c56c5b100fc,64,1738904,1793801,1810835,1770002,17034,71931,54897,0,0,0
1810883,ede4b7f6-6c0e-16e1-2916-85747002450a,64,1738494,1796188,1810873,1770334,14685,72379,57694,0,0,0
1811390,67299293-5615-5253-5a54-49a5db2a05e9,64,1763888,1808562,1811390,1772104,2828,47502,44674,0,0,0
1811759,b4f27769-6834-a474-0984-e66cdaa4340d,64,1762562,1809907,1811750,1772381,1843,49188,47345,0,0,0
1811879,2cb5c00a-497b-57f9-8053-4d644f862de0,64,1772103,1811759,1811862,1772614,103,39759,39656,0,0,0
1811939,850a5392-48dc-a33f-e8cf-d623f896b4de,64,1762747,1808432,1811936,1771920,3504,49189,45685,0,0,0
1812722,580f4214-6393-8761-9a61-f1e0ea093048,64,1760255,1810883,1812722,1772476,1839,52467,50628,0,0,0
1813168,62fbdb48-8a56-974e-d1b5-80e64706aed1,64,1738905,1806275,1813168,1771553,6893,74263,67370,0,0,0
1813288,c07818f7-c272-29fd-e587-49744953ffae,64,1771476,1813168,1813233,1772782,65,41757,41692,0,0,0
1813288,c95612c2-a4cd-58be-8474-495e761a8f3b,64,1759378,1810420,1813256,1772456,2836,53878,51042,0,0,0
1813702,62dc25e2-a7d6-edeb-4f40-a019c8ca72c0,64,1765643,1809070,1813702,1772303,4632,48059,43427,0,0,0
1814140,594525fc-fced-19bc-72a5-feb1e9fd6697,64,1761017,1811879,1814098,1772630,2219,53081,50862,0,0,0
1814200,ca2ed981-decc-c4c8-91b3-a3c3852ca581,64,1760293,1811939,1814144,1772653,2205,53851,51646,0,0,0
1814200,b239f59e-92ec-ed08-2605-1829b7355d63,64,1761230,1811390,1814176,1772504,2786,52946,50160,0,0,0
1814320,ec47409f-e3e8-50fa-2190-06c000f036b0,64,1772428,1814200,1814263,1773131,63,41835,41772,0,0,0
1814440,5a686f9c-c803-cc1b-e492-445bf7e3f724,64,1759032,1810883,1814404,1772497,3521,55372,51851,0,0,0
1815129,4d4f4646-8766-e31f-c8fd-7982833946b1,64,1759288,1813288,1815091,1772959,1803,55803,54000,0,0,0
1815233,5e27327b-5c7a-9881-73ec-7df0cd51f72b,64,1761704,1814140,1815233,1773128,1093,53529,52436,0,0,0
1815594,2d815077-2c72-9710-5a16-fe6bdaa19e1c,64,1765940,1814440,1815591,1773427,1151,49651,48500,0,0,0
1816044,8f146c59-70a4-f7e1-d42a-aab286126a36,64,1762375,1814200,1816044,1773146,1844,53669,51825,0,0,0
1816254,b77505e6-732a-dbb0-debd-53571da7ce46,32,1772708,1816044,1816254,1773495,210,43546,43336,0,0,0
1816377,53ccf6f2-fb68-460a-7e8b-52971a0b090b,64,1759282,1815129,1816377,1773473,1248,57095,55847,0,0,0
1816611,c650f640-8f3b-2147-0e3d-0f1bfd00e8fd,32,1773030,1816377,1816595,1773610,218,43565,43347,0,0,0
1816611,04a42239-3a65-f9ad-170e-12d5e19f3690,32,1766588,1814320,1816605,1773258,2285,50017,47732,0,0,0
1816740,48cf59b3-86b9-45fb-0f7a-d640e5dc4c99,64,1760476,1813288,1816740,1773025,3452,56264,52812,0,0,0
1816820,679e6c1a-e506-de1e-50c1-044977b32474,32,1773144,1816611,1816820,1773717,209,43676,43467,0,0,0
1817159,8a2a9c24-db48-4ee2-5588-9b91b5704770,64,1738437,1815233,1817159,1773475,1926,78722,76796,0,0,0
1817219,49d853e3-9a35-3a54-9c0b-370cf4a711b3,64,1765927,1813702,1817188,1773084,3486,51261,47775,0,0,0
1817463,4493af50-6eef-687c-2227-339e9eccf0f5,64,1759839,1812722,1817452,1772654,4730,57613,52883,0,0,0
1817523,3790e2e8-d1bc-4f11-8959-fcb6d1d0fc1c,64,1760985,1815594,1817485,1773485,1891,56500,54609,0,0,0
1817843,adf5ff0f-404d-b308-6140-7aebd54d09eb,64,1773487,1817463,1817828,1773994,365,44341,43976,0,0,0
1817903,da289191-e0ee-a964-8650-43dc2e93f722,64,1772841,1817523,1817866,1774056,343,45025,44682,0,0,0
1818249,eb6652c9-a5fa-6d26-065f-454903838638,64,1766487,1817159,1818209,1773960,1050,51722,50672,0,0,0
1818336,25972c0e-1bd3-1506-7bc0-d39f6f0aaaf3,64,1773264,1817903,1818336,1774272,433,45072,44639,0,0,0
1818396,a838e8dd-dc3a-d635-6f3b-716de37aa5a2,64,1767132,1814320,1818347,1773309,4027,51215,47188,0,0,0
1818456,dcb3be81-f6a2-d9ad-58e1-872304871f92,64,1772829,1818249,1818452,1774287,203,45623,45420,0,0,0
1818516,d6464538-d7ac-7c8c-8e47-b012df686e87,64,1761787,1817219,1818457,1773989,1238,56670,55432,0,0,0
1818663,319653ea-d014-26d4-f43b-4627aaee37ac,64,1773059,1818336,1818663,1774353,327,45604,45277,0,0,0
1818843,16a87e5b-75c1-c89e-1839-8c5ece700666,64,1767767,1816611,1818831,1773820,2220,51064,48844,0,0,0
1819072,9b178b33-1398-71f9-69ff-1191ac584c16,64,1773156,1818663,1819041,1774494,378,45885,45507,0,0,0
1819280,33a1476c-87e2-da56-d0f8-8c1edfec2d7e,64,1773652,1819072,1819249,1774717,177,45597,45420,0,0,0
1819600,7f104948-e583-13cd-6fc9-fada11497919,64,1773448,1819280,1819600,1774808,320,46152,45832,0,0,0
1820384,6596600a-05fa-2319-764f-56c8ae85f846,64,1759926,1818456,1820327,1774414,1871,60401,58530,0,0,0
1820696,3d6a9e9c-49f7-6746-0dd5-72e4edf89045,64,1759324,1816740,1820696,1773856,3956,61372,57416,0,0,0
1821003,b068fddf-9435-0429-f172-4662473c7958,64,1768045,1816254,1820987,1773546,4733,52942,48209,0,0,0
1821123,447be43f-4975-38ae-e05c-b1da12200b58,64,1768403,1818843,1821082,1774643,2239,52679,50440,0,0,0
1821421,06b1bdd2-8028-4f5f-c1d2-6c07ac9a7a0e,64,1773681,1821003,1821421,1775104,418,47740,47322,0,0,0
1821481,b619ad97-6d04-d346-14d1-6a86d6d18426,64,1766716,1819600,1821479,1774973,1879,54763,52884,0,0,0
1821601,758867c2-925b-adca-2c9c-0527b2f22637,64,1773907,1821421,1821598,1775320,177,47691,47514,0,0,0
1821821,aad4f643-8d48-7c32-b4be-74d0f9b09bff,64,1774714,1821601,1821805,1775430,204,47091,46887,0,0,0
1822445,02306382-8644-833e-bc8b-6970730d2c44,64,1763800,1817843,1822445,1774194,4602,58645,54043,0,0,0
1822633,40084bcb-90cc-941e-2097-358edda04e48,32,1769496,1820384,1822633,1774980,2249,53137,50888,0,0,0
1823737,f4a4bf6c-14a0-40c5-1fd7-3a282443bee2,32,1760466,1821481,1823731,1775356,2250,63265,61015,0,0,0
1824307,ce7a0ccf-65b1-c7c3-e1e0-9996fad58953,64,1701273,1718223,1824284,1774413,106061,123011,16950,0,0,0
1824367,19ea32d8-1ae7-21a2-8df7-b2c6d579d65c,64,1766506,1820384,1824310,1775022,3926,57804,53878,0,0,0
1825336,59122d58-e027-9495-1210-b28c2052a926,64,1768431,1821821,1825292,1775462,3471,56861,53390,0,0,0
1825466,eba9e955-93f2-86a7-c44b-fd66fac1fc6a,64,1768766,1818516,1825466,1774420,6950,56700,49750,0,0,0
1826155,dfd8ed46-6568-a2ac-92e4-34df00ab61a5,64,1738907,1820696,1826155,1775095,5459,87248,81789,0,0,0
1826215,c686b066-507a-4d80-f7a4-983284762417,64,1738494,1822445,1826198,1775488,3753,87704,83951,0,0,0
1826275,aea2c1a1-7265-3447-403e-27f6e26d6c97,64,1770081,1824367,1826256,1775541,1889,56175,54286,0,0,0
1826275,d99a1095-02cd-8a77-ddd5-e32be0c139d7,64,1774608,1826155,1826256,1776052,101,51648,51547,0,0,0
1826589,e7afc04a-b378-02f0-be8b-bd0260b9bc36,64,1766350,1822633,1826557,1775529,3924,60207,56283,0,0,0
1827522,8d5d494c-e0e4-5483-4b25-331114344226,64,1767699,1825336,1827522,1775686,2186,59823,57637,0,0,0
1828071,43430652-bdfa-6b79-59fd-778252382e32,64,1761169,1826215,1828071,1776125,1856,66902,65046,0,0,0
1828131,2643fb7b-967f-b945-ceca-08e3fcb1e583,64,1760843,1826275,1828109,1776233,1834,67266,65432,0,0,0
1828131,9418ec25-cb0d-0143-e4cd-a3d8f3376449,64,1768034,1821123,1828121,1775286,6998,60087,53089,0,0,0
1828333,5a06e318-85c7-2e1e-63e0-d1177099a9e9,64,1767754,1824307,1828333,1775530,4026,60579,56553,0,0,0
1829393,cb66839b-e81c-4c16-1072-d09b0aba474a,64,1769536,1827522,1829393,1776343,1871,59857,57986,0,0,0
1829934,1e8d6bb9-76cb-4397-ec20-016cea8f1422,64,1762419,1828131,1829934,1776661,1803,67515,65712,0,0,0
1830070,665463ad-0a00-8974-68b8-2a4aed1cec0d,64,1761495,1829393,1830070,1776858,677,68575,67898,0,0,0
1830177,a92e1749-ef70-f7e4-2f57-8774cbbcd7ff,64,1761591,1828333,1830177,1776735,1844,68586,66742,0,0,0
1830237,8b528b40-d175-f31c-d0a0-de355ca038e6,64,1770007,1825466,1830203,1775899,4737,60196,55459,0,0,0
1830300,30a35f24-5fcc-638d-049e-2f138808c8fa,64,1768020,1828071,1830300,1776539,2229,62280,60051,0,0,0
1830360,31bed890-c397-bfca-0a34-168a15051363,64,1760492,1826275,1830352,1776285,4077,69860,65783,0,0,0
1830450,7df8cfc1-cdc4-66d2-2333-a4dfc805a55b,64,1738493,1826589,1830450,1776343,3861,91957,88096,0,0,0
1830620,7ef5383d-ceb0-5595-1794-6e7f4cd27f56,64,1776087,1830177,1830620,1777598,443,54533,54090,0,0,0
1830920,c97d779c-ae83-fe4c-bf0c-5970536637f3,64,1768604,1830237,1830920,1777605,683,62316,61633,0,0,0
1831442,98b270f8-295f-533f-b23e-13c93f64a8cf,64,1767051,1830360,1831442,1777793,1082,64391,63309,0,0,0
1831764,980b63f9-0d7e-a6a9-d88b-ae7736b246b9,64,1761805,1829934,1831764,1777394,1830,69959,68129,0,0,0
1832105,b9501658-2016-1fcf-6ac3-4342f504c7ca,64,1763016,1830300,1832105,1777710,1805,69089,67284,0,0,0
1832872,b146aed4-f0c2-e87a-8fbc-d825c14bf19f,64,1765659,1831764,1832872,1778556,1108,67213,66105,0,0,0
1833400,83a2492c-6622-9e1a-04a3-c8c4f0af2016,64,1765133,1832105,1833400,1778747,1295,68267,66972,0,0,0
1833728,c357ff24-03b4-1c04-4203-b812dc2c82ce,64,1738437,1828131,1833728,1776729,5597,95291,89694,0,0,0
1834425,6f2aa5c5-654e-83f6-cd22-d7b95756df54,64,1769175,1830920,1834425,1778333,3505,65250,61745,0,0,0
1834710,4d82498d-0221-374b-55ae-99bcd110ee04,64,1767465,1830070,1834710,1777556,4640,67245,62605,0,0,0
1834770,7f4dbf02-fc3c-75cf-0313-d6a098e4f31e,64,1777792,1834425,1834729,1779130,304,56937,56633,0,0,0
1835377,1ae68cf4-b3e6-b96c-5d9c-9a45a25d7322,64,1772407,1830620,1835377,1778296,4757,62970,58213,0,0,0
1835437,1deb97c0-a448-dd54-36bb-c95281cb8f6d,64,1770432,1834710,1835403,1779149,693,64971,64278,0,0,0
1835497,301aebba-ba8e-9b98-c21b-cc38c731a91a,64,1778780,1835377,1835483,1779363,106,56703,56597,0,0,0
1835557,bea78a51-4c62-58b8-6bdd-df69a46422ec,64,1778540,1835437,1835513,1779434,76,56973,56897,0,0,0
1836021,f4dcc050-d24f-0314-393b-6c77e94ceced,32,1778760,1835557,1836021,1779455,464,57261,56797,0,0,0
1836584,61619b10-0664-e282-bfe8-de433d1e75d1,32,1778851,1836021,1836584,1779539,563,57733,57170,0,0,0
1836718,565096de-dc7e-5343-deb0-e24410e48edd,32,1778797,1836584,1836718,1779641,134,57921,57787,0,0,0
1836825,41102f77-6969-91ae-daae-115be5fe9ce5,32,1778777,1836718,1836825,1779826,107,58048,57941,0,0,0
1836953,3cdb2cf0-2604-cb7f-70b8-0647f77e65ac,32,1778770,1836825,1836953,1779845,128,58183,58055,0,0,0
1837301,7c202e52-429e-e933-92d8-fc8a9a2f1abc,32,1738905,1831764,1837301,1778478,5537,98396,92859,0,0,0
1837361,e782131a-24eb-0ef9-6c28-ae28e9e06ee0,64,1773874,1835497,1837356,1779452,1859,63482,61623,0,0,0
1837658,645bb0df-b807-e850-5c90-a854e0ef2e90,64,1766075,1833728,1837658,1779043,3930,71583,67653,0,0,0
1837718,2f890418-ec34-a5ba-7dc4-8573693ff665,64,1778785,1837658,1837715,1780023,57,58930,58873,0,0,0
1838064,f6d2212f-18f6-341e-e000-971d631f2b1b,64,1778754,1837361,1838064,1779862,703,59310,58607,0,0,0
1838223,a40b1790-8d61-79ba-2bcc-ef52e3365f8c,64,1778785,1837718,1838223,1780142,505,59438,58933,0,0,0
1839231,838154f0-927b-50ab-48b7-c7ad042db109,64,1765888,1836953,1839231,1779860,2278,73343,71065,0,0,0
1839447,8cc22491-3594-30af-2087-67acd6d1fa76,64,1765878,1838223,1839447,1780178,1224,73569,72345,0,0,0
1839568,a6e6150e-3f9b-aec2-3d02-3fc672abb327,64,1738490,1832872,1839568,1778796,6696,101078,94382,0,0,0
1839657,b0ba920c-e2b9-37be-cee9-6f14bf181efa,64,1778769,1839231,1839657,1780197,426,60888,60462,0,0,0
1840314,c3561acd-2fe0-f6a1-dbac-fbb0233ae530,64,1768248,1838064,1840314,1780170,2250,72066,69816,0,0,0
1840374,c736453f-6b50-f4cf-d0af-a22c70ef2577,64,1771815,1833400,1840328,1778944,6928,68513,61585,0,0,0
1841753,312ae3e7-4bb7-e145-a33b-de9a5620342c,64,1766591,1834770,1841753,1779252,6983,75162,68179,0,0,0
1843101,8b84c3b9-d3d9-79e2-ad8a-8f2e39e141c1,64,1767274,1840314,1843101,1780570,2787,75827,73040,0,0,0
1843212,98df7c10-f9e2-be52-4604-b010b80cf2b9,64,1770852,1839657,1843212,1780524,3555,72360,68805,0,0,0
1843368,e96a5228-1fdd-e07f-0d8a-0f07ad328e36,64,1778792,1843212,1843368,1780780,156,64576,64420,0,0,0
1843480,86bc2875-a227-b65d-2030-be57e8a925c0,64,1772465,1839568,1843480,1780435,3912,71015,67103,0,0,0
1843948,6590d966-7e79-fc00-fcc9-feef45302005,64,1738492,1839447,1843948,1780253,4501,105456,100955,0,0,0
1844366,76e239a2-d97a-69a0-2f60-3cf459fec3fe,64,1770344,1840374,1844366,1780661,3992,74022,70030,0,0,0
1844896,c501bb16-a634-3c63-7524-b4bca4945a0f,64,1767200,1843101,1844896,1780773,1795,77696,75901,0,0,0
1845183,39110403-abcd-1906-2ba2-656ff2092ee7,64,1766016,1843948,1845183,1780863,1235,79167,77932,0,0,0
1845691,b31499c2-54fb-33ee-7f33-d9a3c7fc98df,64,1765312,1841753,1845691,1780695,3938,80379,76441,0,0,0
1845751,ee05d46d-c546-3621-25d7-2faa5023de4c,64,1738492,1831442,1845746,1778453,14304,107254,92950,0,0,0
1846840,4c01de47-1d87-03db-a446-972a4e485411,64,1765935,1845751,1846840,1781403,1089,80905,79816,0,0,0
1847327,b4f52d44-910e-9484-01a9-2f51eede7e78,64,1738496,1844896,1847327,1781048,2431,108831,106400,0,0,0
1847907,fb624f1c-14b1-3cd3-f7f7-3151ecda2ea8,64,1766810,1845691,1847907,1781106,2216,81097,78881,0,0,0
1848113,81ea87a2-c5d4-05a3-f7b5-f316cc077174,64,1774998,1843480,1848113,1780847,4633,73115,68482,0,0,0
1848432,811b964e-662c-9615-abab-24e178127005,64,1770720,1847327,1848432,1781519,1105,77712,76607,0,0,0
1848492,8015bbf6-2819-f878-8a75-6df211cf3655,64,1774148,1844366,1848461,1780975,4095,74313,70218,0,0,0
1848641,4a97ee94-b427-8d71-f3cb-6c71163d93bc,64,1766247,1847907,1848641,1781562,734,82394,81660,0,0,0
1849471,db726e60-50e0-7901-4159-25ee40c5d32e,64,1766796,1848432,1849471,1781739,1039,82675,81636,0,0,0
1849668,9c4531e1-f0be-ccc8-a520-a499af90ad17,64,1701270,1718463,1849668,1777926,131205,148398,17193,0,0,0
1849728,0f33e69a-2711-5ca0-7db5-1329f90510ac,64,1767712,1846840,1849680,1781427,2840,81968,79128,0,0,0
1849788,f032befa-bc04-5a1c-2018-c1fac988641d,64,1766291,1848492,1849737,1782118,1245,83446,82201,0,0,0
1849953,087993a1-fc32-c016-c793-b529210c497a,64,1765563,1848113,1849953,1781735,1840,84390,82550,0,0,0
1850198,5b77dcf6-95ca-026c-2e98-480e36e04754,32,1769913,1847907,1850198,1781521,2291,80285,77994,0,0,0
1850616,77252c7e-a099-d92a-3bd3-c9f9562d0a8c,64,1759783,1845183,1850616,1781084,5433,90833,85400,0,0,0
1850878,24584e79-6250-1d1d-bde6-d77f1a7ea69d,64,1777758,1849788,1850878,1783296,1090,73120,72030,0,0,0
1851671,681452e7-8d3a-b47c-a076-50c8880bb42d,32,1773197,1849471,1851671,1782791,2200,78474,76274,0,0,0
1852665,22027959-e15b-4f61-fda0-29e765daa73f,64,1775551,1850878,1852665,1783927,1787,77114,75327,0,0,0
1853751,c230d1b9-82ec-a8b9-f22b-22a83c764990,64,1774602,1849728,1853751,1783168,4023,79149,75126,0,0,0
1853900,17be5699-c9a0-b272-ba44-abaae646af78,64,1777188,1849953,1853900,1783708,3947,76712,72765,0,0,0
1854612,ec77d760-c661-df85-8d4e-aa1b672778db,64,1777224,1850616,1854612,1783870,3996,77388,73392,0,0,0
1854854,7658ef13-2c46-22e9-4abf-3028904fec88,64,1773085,1850198,1854854,1783868,4656,81769,77113,0,0,0
1854914,6275188f-04c5-e02b-ea14-079a76fc41fe,64,1769180,1852665,1854899,1784026,2234,85719,83485,0,0,0
1856640,d563bf66-dff0-27bb-2217-ac2e955395ed,64,1767699,1849668,1856640,1782865,6972,88941,81969,0,0,0
1857204,3e400184-7ccd-8dfd-7462-1066f36ec549,64,1773898,1853751,1857204,1784081,3453,83306,79853,0,0,0
1857731,216e5cd6-9571-2336-3713-b7b627c17c4a,64,1773318,1856640,1857731,1784821,1091,84413,83322,0,0,0
1857871,085f608b-f7e7-3f7f-eba4-c1c6e1c826c0,64,1777183,1853900,1857871,1784099,3971,80688,76717,0,0,0
1858133,ee24d23e-b92e-9406-88bf-1c6a3f2423f2,64,1769364,1854612,1858133,1784421,3521,88769,85248,0,0,0
1858302,f3b68ea1-f0dd-1f9d-f16e-934c79f74b97,64,1774571,1854854,1858302,1784593,3448,83731,80283,0,0,0
1859057,91243e07-6a50-dc99-469e-b6d72ef3272f,64,1777132,1857204,1859057,1785220,1853,81925,80072,0,0,0
1860377,aabe65eb-7115-42d5-600a-a90a9e655e78,64,1777801,1858133,1860377,1785744,2244,82576,80332,0,0,0
1860437,856df308-ca8a-aa9b-52d8-f7a524a8d373,64,1738494,1843368,1860408,1780792,17040,121914,104874,0,0,0
1860761,66048813-b345-59ba-b212-0875cf702de5,64,1786026,1860437,1860761,1786782,324,74735,74411,0,0,0
1861363,b6bdb2fd-57cb-72d7-dedf-2f18e95a02f5,64,1771111,1857871,1861363,1785600,3492,90252,86760,0,0,0
1861736,cf803b6e-0124-fc39-218c-e6cda54aa860,64,1785982,1861363,1861736,1786812,373,75754,75381,0,0,0
1861942,124154bb-00ba-2012-db59-e03d3b5d0022,64,1786282,1861736,1861942,1787190,206,75660,75454,0,0,0
1862223,e46a92b1-26e8-b15e-e331-0e4351ea7701,64,1770327,1860377,1862223,1786494,1846,91896,90050,0,0,0
1862365,f345f1c9-65c6-9671-1bd9-651464d652cc,64,1778820,1857731,1862365,1785471,4634,83545,78911,0,0,0
1862584,299d73e0-7afc-189f-ec68-6b186b70ec2d,64,1777314,1859057,1862584,1786450,3527,85270,81743,0,0,0
1862644,d8a95f8a-e8ee-f50c-8396-0ce57f53e535,64,1774276,1860761,1862601,1786783,1840,88325,86485,0,0,0
1862704,2992c02a-0909-0686-3981-e014d70624f1,64,1777389,1854914,1862674,1784776,7760,85285,77525,0,0,0
1862704,cc2be061-2eeb-f167-ac25-9b7f7cbe134d,64,1786292,1862584,1862683,1787551,99,76391,76292,0,0,0
1863015,c219134d-d9c9-a8a9-01fd-103ed59b9a4d,64,1786407,1862365,1863015,1787298,650,76608,75958,0,0,0
1863075,8ab056e9-c8de-3d95-3f76-4b41058709ef,64,1786394,1862704,1863028,1787780,324,76634,76310,0,0,0
1863388,63cc0716-6f21-6d4d-5148-d3bf60ba3923,64,1777349,1862704,1863388,1787758,684,86039,85355,0,0,0
1863451,4a702423-dd3c-90cf-257c-f87abd19eacf,64,1787429,1863388,1863451,1788246,63,76022,75959,0,0,0
1863511,6036c230-73e0-7861-30ea-11a32a512130,64,1787156,1863075,1863507,1788207,432,76351,75919,0,0,0
1863687,d902f447-3265-47ad-498f-52211560bfd2,64,1787115,1863511,1863687,1788406,176,76572,76396,0,0,0
1863751,f4005199-7913-0b60-8f85-e4512537b2e9,64,1788000,1863687,1863751,1788557,64,75751,75687,0,0,0
1863962,3c77b9fc-598d-32a8-fc4b-f5998375b370,64,1787141,1863751,1863962,1788579,211,76821,76610,0,0,0
1864482,a476d652-ee2e-6458-159e-1a56e9df0e42,64,1775841,1863451,1864482,1788390,1031,88641,87610,0,0,0
1865012,e7f2fb68-505b-9a66-dbcf-a9c498f7cf15,64,1773051,1863962,1865012,1788645,1050,91961,90911,0,0,0
1865311,1084bf4e-ddd9-0589-f7c7-5827bb5a8cb9,64,1773453,1858302,1865311,1785980,7009,91858,84849,0,0,0
1865407,762cd511-f827-3761-be1c-2f0577d15700,64,1774437,1862644,1865407,1787690,2763,90970,88207,0,0,0
1865467,c368dd45-c5c7-6dbc-daf2-397d60b6475c,64,1772949,1861942,1865423,1787216,3481,92474,88993,0,0,0
1865551,1a73d59c-d2b5-b9f2-4183-52c2316e76d3,32,1788700,1865467,1865551,1789355,84,76851,76767,0,0,0
1865629,4b3296c9-e1df-8da4-06bb-61119cc4444d,64,1788101,1865311,1865629,1789125,318,77528,77210,0,0,0
1865689,558d4025-1c23-ab67-db4c-4ff965d0654d,64,1788659,1865551,1865657,1789387,106,76998,76892,0,0,0
1865803,a85a513f-2cd3-bb2d-e898-3e902a5117b0,64,1788530,1865629,1865803,1789654,174,77273,77099,0,0,0
1865863,d52af54b-8b89-1485-357f-a0165ff8c2d7,64,1788555,1865407,1865837,1789339,430,77282,76852,0,0,0
1865923,e3607026-06ae-2c01-8c51-f7d0ea5b5fe7,64,1788326,1865803,1865912,1789693,109,77586,77477,0,0,0
1866041,e8656f06-324f-3928-e920-246e6a2c8a90,64,1788825,1865863,1866041,1789725,178,77216,77038,0,0,0
1866101,27b01967-0530-d204-12fe-89f7529189c0,64,1788898,1865689,1866058,1789659,369,77160,76791,0,0,0
1866101,39238edd-f050-4804-30a2-22acb1b34e8c,64,1788832,1865923,1866092,1789935,169,77260,77091,0,0,0
1866161,064504be-ec99-239f-07ee-4b28c0c0317a,64,1789439,1866041,1866143,1790305,102,76704,76602,0,0,0
1866307,afa075e7-ba99-2325-ad41-935dd102af13,64,1789530,1866101,1866307,1790363,206,76777,76571,0,0,0
1866367,b2ce43b7-b9ab-9dc5-2033-82d90990db06,64,1789568,1866161,1866324,1790383,163,76756,76593,0,0,0
1866427,0f1511c2-54f7-8014-9723-52e9e6db4e5d,64,1788993,1866307,1866419,1790399,112,77426,77314,0,0,0
1866614,dd864484-271d-5208-69c8-1dbb9230d4ae,64,1789900,1866367,1866614,1790425,247,76714,76467,0,0,0
1866614,7be3db8d-d8e8-4d5c-cbc7-5daf75ea4d04,32,1789087,1866427,1866614,1790608,187,77527,77340,0,0,0
1866674,0d1fcd4e-7435-9a2a-7908-5291267c67af,32,1701273,1727164,1866666,1788970,139502,165393,25891,0,0,0
1866734,e6577b35-7689-8488-4e3a-40e32903092c,64,1775679,1864482,1866695,1788685,2213,91016,88803,0,0,0
1866794,aeb000b4-5836-98d5-42b5-33d237c406b9,64,1789430,1866614,1866784,1790735,170,77354,77184,0,0,0
1866854,857ba98e-53cd-90da-5fa0-28dd646d5c9d,64,1789699,1866734,1866832,1791179,98,77133,77035,0,0,0
1867224,ab5fce76-1c42-230f-49ef-997336047a7f,64,1790864,1866854,1867224,1791921,370,76360,75990,0,0,0
1867338,22013a2f-a832-85b1-431e-5ca628eef579,64,1790961,1867224,1867338,1792140,114,76377,76263,0,0,0
1867506,5aea2745-b1a1-6b64-26b1-e5f03fb5ffb1,32,1791765,1867338,1867506,1792857,168,75741,75573,0,0,0
1867566,fae073dc-c170-109e-e28c-30ba259a28a1,32,1791356,1867338,1867545,1792269,207,76189,75982,0,0,0
1867682,3896aa19-8a0a-d2ea-050c-f1e6657030ff,64,1791771,1867506,1867682,1793131,176,75911,75735,0,0,0
1867956,a8478e7d-867d-12a6-8b2b-0a82a5b6e363,64,1776305,1866101,1867956,1790364,1855,91651,89796,0,0,0
1868042,1979074a-102d-c716-dfec-9ab21ee355b7,64,1777791,1866794,1868042,1791344,1248,90251,89003,0,0,0
1868840,47fc7a48-40b4-3698-5bcf-f618951959ea,64,1777919,1866614,1868840,1790697,2226,90921,88695,0,0,0
1869853,36f73c19-7834-71b7-a25d-251c8c3ece4b,64,1786752,1867682,1869853,1794824,2171,83101,80930,0,0,0
1869954,fc37053e-c735-ac46-d7e1-9cdff059952b,32,1777907,1867682,1869954,1793487,2272,92047,89775,0,0,0
1871514,a92a75b6-8264-0fe7-6e0b-dec1f102bb8a,64,1787498,1868042,1871512,1795348,3470,84014,80544,0,0,0
1871754,d1eed993-d549-85ac-d18e-f1d80e5103b9,64,1788335,1869853,1871705,1796215,1852,83370,81518,0,0,0
1872114,10351edf-751f-8804-00d4-daf42193657e,64,1794048,1871514,1872100,1796633,586,78052,77466,0,0,0
1872174,099e875e-2306-ff89-0128-75e312004e76,64,1738494,1862223,1872148,1787285,9925,133654,123729,0,0,0
1872635,689b6250-bb81-b676-280e-f2c3fafc2a87,64,1738490,1868840,1872628,1795719,3788,134138,130350,0,0,0
1872909,cfae1689-3795-d24b-92d2-04059ee1e497,64,1788359,1871754,1872853,1796750,1099,84494,83395,0,0,0
1873191,e25290a4-825b-693d-a751-3494b1e6c36d,64,1788501,1872114,1873191,1796842,1077,84690,83613,0,0,0
1873251,64a5ed42-feca-6f4d-81ec-3ce02ad78e9d,64,1701265,1723829,1873200,1782703,149371,171935,22564,0,0,0
1874279,0b3cda99-dbfd-99cb-b1cd-be14c60b447c,64,1786386,1873191,1874226,1797190,1035,87840,86805,0,0,0
1874661,bb13ac71-eb25-73e0-64e1-e8d5f3e06847,64,1794054,1872635,1874613,1797137,1978,80559,78581,0,0,0
1875148,3a544ed0-7d91-77d2-64b9-e4126553c2b8,64,1791374,1873251,1875096,1797420,1845,83722,81877,0,0,0
1875208,2ba3e7a0-2bde-5b35-6386-a9e2e749146a,64,1794052,1874279,1875173,1797640,894,81121,80227,0,0,0
1876148,a859a15a-92e0-0998-a171-9b1d7f711664,64,1791066,1872174,1876148,1797012,3974,85082,81108,0,0,0
1876250,809589f0-ce17-b64d-d9ea-987d56f4fdf9,64,1788559,1875208,1876250,1798005,1042,87691,86649,0,0,0
1876730,a12a2031-92da-9b36-5879-27a2da212725,64,1794058,1876148,1876730,1798313,582,82672,82090,0,0,0
1876923,38955f64-3756-a924-90b5-83dcd2502c05,64,1791270,1872909,1876923,1797139,4014,85653,81639,0,0,0
1876997,8091691b-d4ae-bbc5-db89-aa13745ec940,64,1787550,1875148,1876997,1797823,1849,89447,87598,0,0,0
1877778,b9fa04ff-599a-9bbb-b18e-2960a8e9644f,64,1787565,1876730,1877778,1798467,1048,90213,89165,0,0,0
1878041,8d92aeea-35f7-df32-a3fd-aa7a7a83f852,64,1794064,1874661,1878041,1797803,3380,83977,80597,0,0,0
1878240,b7c3c15f-8167-b874-5e87-9695f14f0cb0,64,1788556,1876997,1878240,1798906,1243,89684,88441,0,0,0
1878541,ef21c698-7281-127d-2e94-230ef93298e1,64,1794053,1878041,1878541,1799078,500,84488,83988,0,0,0
1879190,112ddf3d-8508-d718-d789-ff74af469d86,64,1794052,1876923,1879190,1798785,2267,85138,82871,0,0,0
1879451,04a55045-3c2b-b927-0d64-6bb183e71b17,64,1798341,1879190,1879451,1799480,261,81110,80849,0,0,0
1879628,5b415586-7541-03a8-047e-d8e7e4290f62,64,1794056,1878541,1879628,1799403,1087,85572,84485,0,0,0
1880200,bb8983ee-10ba-0b7f-24cc-2319a4037d84,64,1794059,1878240,1880200,1799393,1960,86141,84181,0,0,0
1880262,4ff9d153-d242-b087-6162-f3b0a9dee026,64,1788007,1876250,1880262,1798364,4012,92255,88243,0,0,0
1880322,a160085f-ee9c-7ba6-b0be-d7e6be6a9aa5,64,1787562,1879628,1880312,1799695,684,92750,92066,0,0,0
1880585,0e47124b-4561-b66a-35d7-80c87d4790e9,64,1798747,1880262,1880585,1799909,323,81838,81515,0,0,0
1880722,e9f0fdd2-d1b4-5d49-1722-0b0b033fbd36,64,1794061,1880200,1880722,1799892,522,86661,86139,0,0,0
1881397,15f24b9d-e7bb-ec67-e787-21d0ed2447f1,32,1794062,1880322,1881397,1799935,1075,87335,86260,0,0,0
1881650,0e1280e0-7ca6-2c80-1860-29edd7e44d12,32,1794058,1880585,1881650,1800000,1065,87592,86527,0,0,0
1881710,f97ffcbd-d05f-2c4a-b534-843973ea3d41,64,1790876,1877778,1881694,1799037,3916,90818,86902,0,0,0
1881770,bb3825bc-37d4-e6f7-343e-ccad59e920ab,64,1794062,1879451,1881717,1799668,2266,87655,85389,0,0,0
1882211,b3d34385-0aba-bfee-34aa-c887cfdfc159,64,1794058,1880322,1882211,1799998,1889,88153,86264,0,0,0
1882420,cbdd659c-306b-2cf4-7015-fda842b8da80,64,1798924,1882211,1882420,1800399,209,83496,83287,0,0,0
1883067,f5e72660-b248-9f66-85a6-390ddc5dc02f,64,1800012,1882420,1883067,1800509,647,83055,82408,0,0,0
1885211,67afbe2b-aae8-de7f-6192-ac1e195e4116,64,1785972,1881710,1885211,1800132,3501,99239,95738,0,0,0
1885271,bd595248-53a4-5fcc-fa54-9ee09a2bfc15,64,1791433,1881770,1885238,1800366,3468,93805,90337,0,0,0
1885379,af454efe-1bd9-d156-4bcb-c392e5952436,64,1791392,1880722,1885379,1800021,4657,93987,89330,0,0,0
1885439,a4b2eac2-bf11-cc7f-f3e6-46db0e1ecc9a,64,1773086,1865012,1885405,1788724,20393,112319,91926,0,0,0
1886058,e1cc79fc-23eb-dd11-797d-3e14ccd668fd,64,1790905,1881397,1886058,1800109,4661,95153,90492,0,0,0
1886935,ba4d47f1-7e14-33c6-0696-9d787a69d39a,64,1794048,1886058,1886935,1800954,877,92887,92010,0,0,0
1888169,4ca5761e-19e5-829a-67c4-3d5e02909627,64,1791724,1885379,1888169,1800808,2790,96445,93655,0,0,0
1888287,88a86757-49a8-6286-fbf5-a043cfd0ba4f,64,1701275,1724677,1888287,1787970,163610,187012,23402,0,0,0
1888689,120161c0-6c22-8aba-27ac-4fb7600d828d,64,1794053,1888169,1888689,1801154,520,94636,94116,0,0,0
1888897,f6d81bca-c8f0-21ce-c3a4-771a04c90e0a,64,1800523,1888689,1888897,1801379,208,88374,88166,0,0,0
1888957,fbc87746-8dd3-6aa5-1886-7bbc212f4f68,64,1789736,1885439,1888916,1800861,3477,99180,95703,0,0,0
1889060,e3baa72d-afe6-369e-8766-4a7f390f0e68,64,1801079,1888897,1889060,1801393,163,87981,87818,0,0,0
1889223,3c4e382a-26cd-c001-e1a9-9805cfed7556,64,1801135,1889060,1889223,1801510,163,88088,87925,0,0,0
1889466,a2fbbecb-53d7-bd62-3a7a-06450c6b23aa,64,1801140,1889223,1889466,1801592,243,88326,88083,0,0,0
1891410,27bfad8e-29bf-48e4-3f04-e95582e9dbf9,64,1794056,1889466,1891410,1801606,1944,97354,95410,0,0,0
1891717,9ef32858-f1c0-5fdb-50bd-4a32310fe87c,64,1800210,1891410,1891717,1801620,307,91507,91200,0,0,0
1892174,2d45afaf-8e7c-c1f0-007e-7e1cb269b808,64,1791003,1885211,1892174,1800647,6963,101171,94208,0,0,0
1892238,f0d68a97-2d92-ba3f-a283-d3233e4afb4e,64,1801221,1892174,1892238,1801733,64,91017,90953,0,0,0
1892308,355b08dd-1278-e7dc-8f4f-7751ac7191b3,64,1801083,1892238,1892308,1801762,70,91225,91155,0,0,0
1892368,33f426ca-aa64-8d31-2a14-b625d37bd618,64,1801171,1892308,1892368,1801765,60,91197,91137,0,0,0
1892438,4454e7f1-1e2c-1a1e-696f-98a44145fd23,64,1801140,1892368,1892438,1801790,70,91298,91228,0,0,0
1893435,634fc500-d748-a207-4b4f-94624d079752,64,1738491,1867956,1893435,1794852,25479,154944,129465,0,0,0
1893497,7c3812d8-e91b-dfdc-80b2-c62c886572e6,64,1801138,1893435,1893497,1801817,62,92359,92297,0,0,0
1893696,968f3d16-3af8-fa9d-1465-78c23b30eac9,64,1788676,1892438,1893696,1801803,1258,105020,103762,0,0,0
1893757,dd9faba8-2041-3701-dcbf-faef26c99634,64,1801130,1893696,1893757,1801907,61,92627,92566,0,0,0
1893822,8debef75-40ef-a2a7-3573-5bda687589da,64,1801012,1893497,1893822,1801893,325,92810,92485,0,0,0
1893976,4b90ba28-ec0c-61f9-4d08-6f3851c837b5,64,1791698,1886935,1893976,1800982,7041,102278,95237,0,0,0
1894222,fd412a49-3f77-3464-d7b1-eb03cd198549,64,1801143,1893976,1894222,1802035,246,93079,92833,0,0,0
1894282,a8a1f9cc-495c-948f-d806-d32899adabdb,64,1801114,1893822,1894256,1801985,434,93142,92708,0,0,0
1894352,7e32fa03-3969-29bd-c83c-b9339a6f8e2d,64,1801214,1894282,1894352,1802227,70,93138,93068,0,0,0
1894412,00507e5b-bbf8-92a8-94fc-14f015644bb6,64,1801214,1894222,1894382,1802085,160,93168,93008,0,0,0
1894472,bd0b7eef-0b71-6a15-f6c2-194f7e2dca62,64,1801042,1894352,1894449,1802344,97,93407,93310,0,0,0
1894532,b59fe038-e438-79a5-f0a5-d6a43b86fb86,64,1801306,1894412,1894510,1802647,98,93204,93106,0,0,0
1894839,fb4659e1-13e9-f0e3-2607-e444a19d13f1,64,1801892,1894472,1894839,1802687,367,92947,92580,0,0,0
1894905,4804a5e4-8c4a-bec6-b005-a9d783abecf2,64,1801426,1894532,1894905,1802801,373,93479,93106,0,0,0
1894977,4f6dae6b-f829-27fe-3d65-c37ef4ace72f,64,1801960,1894905,1894977,1802883,72,93017,92945,0,0,0
1895091,ffc0900b-4ed7-676f-46c5-6cb23cb7f709,64,1794060,1891717,1895091,1801687,3374,101031,97657,0,0,0
1895344,e637ce3a-8d03-3a10-4543-bd17c6612680,64,1802170,1894977,1895344,1802936,367,93174,92807,0,0,0
1895596,027092f5-52cc-e092-be4d-31b17cc43920,64,1788495,1893757,1895596,1801933,1839,107101,105262,0,0,0
1895697,60751dab-05ca-88a7-5cde-b99a29bfdaf1,64,1802781,1895596,1895697,1803751,101,92916,92815,0,0,0
1895757,043c42ef-f697-5ace-36c1-944d7f6d98de,64,1802380,1895344,1895721,1803602,377,93341,92964,0,0,0
1895817,587d52b4-3c63-dfca-be48-34fc0ca90fd2,64,1773114,1883067,1895759,1800574,12692,122645,109953,0,0,0
1895914,a689ae1a-b023-8a35-e039-bf7b1fb9af43,64,1803116,1895697,1895914,1803815,217,92798,92581,0,0,0
1896103,869dd92a-d2f8-f759-1907-7e575afe12ae,64,1803022,1895817,1896103,1803925,286,93081,92795,0,0,0
1896200,1952d749-82d8-9fd2-0e80-94a0302224fd,64,1803167,1896103,1896200,1804166,97,93033,92936,0,0,0
1896267,300fe45a-0c17-961c-ffee-d1feede5db18,64,1803240,1895914,1896267,1803953,353,93027,92674,0,0,0
1896327,18f3ddd5-8eed-ee07-8885-d603a29d3ade,64,1803025,1896200,1896315,1804195,115,93290,93175,0,0,0
1896387,83ae8d85-5e3d-b1a9-fbe5-0525db69a980,64,1803771,1896267,1896368,1804340,101,92597,92496,0,0,0
1896534,19f77747-4f90-4f7a-9a38-4dbb07942b8c,64,1803363,1896327,1896534,1804348,207,93171,92964,0,0,0
1896671,25bee7a4-9c0f-fede-0138-5fb433d90cad,64,1791300,1894839,1896671,1802833,1832,105371,103539,0,0,0
1896753,f99f225f-d5f5-c973-149c-ce71d4254c1a,64,1802980,1896387,1896753,1804421,366,93773,93407,0,0,0
1896813,d158811f-061c-0ef0-bad2-22fb894e1f0b,64,1803761,1896671,1896771,1804462,100,93010,92910,0,0,0
1896873,a3c444b5-f4a1-1622-cc01-9145b9e1b4ca,64,1803369,1896534,1896858,1804435,324,93489,93165,0,0,0
1897843,5d6357cf-633c-22aa-9286-2f26c6135eb8,64,1790986,1896753,1897843,1804465,1090,106857,105767,0,0,0
1897945,d2b3e301-a70f-8cdb-99e0-706b0bf51c2e,64,1804305,1897843,1897945,1805174,102,93640,93538,0,0,0
1898268,51c04ecb-bb60-f3e3-4123-8e20f98dd6a8,64,1803778,1897945,1898268,1805180,323,94490,94167,0,0,0
1898530,1830f2e8-da45-f0e4-a96f-6a1596e7fa7f,64,1804675,1898268,1898530,1805188,262,93855,93593,0,0,0
1898650,dbaedddd-9d5d-0f9d-9038-739d7ea27d22,64,1790943,1895091,1898650,1803413,3559,107707,104148,0,0,0
1898710,7f528700-47b3-0555-a81c-3cad425b8db7,64,1804314,1898530,1898709,1805436,179,94395,94216,0,0,0
1899164,e27032d1-8e55-3c05-1af4-dd9819c7adb5,64,1789161,1896873,1899164,1804851,2291,110003,107712,0,0,0
1900563,fa187f1c-3e42-cd57-23fd-a43260822bfa,64,1799493,1898710,1900563,1805683,1853,101070,99217,0,0,0
1900643,d95ad8a3-2814-587b-5bab-2db4ee4f7876,32,1805303,1900563,1900643,1805890,80,95340,95260,0,0,0
1900797,37bacd44-80f2-f239-da2f-ff3e1fc770af,32,1790656,1898530,1900797,1805211,2267,110141,107874,0,0,0
1902551,784bb709-2c48-82bb-82be-bb6bdff4b533,64,1773109,1885271,1902551,1800797,17280,129442,112162,0,0,0
1902744,9d85f5b3-bebf-bd0d-f3ff-e0c8937a8283,64,1791426,1895757,1902744,1803883,6987,111318,104331,0,0,0
1902804,331b32ce-ed96-4109-2893-e94e45fc0b77,32,1805570,1902551,1902759,1806389,208,97189,96981,0,0,0
1905561,1c62fbc4-16d3-7c76-61ad-7fc535b183cd,64,1799570,1902744,1905561,1806672,2817,105991,103174,0,0,0
1905621,1116865b-c3d1-5dfd-f79f-362639f409b1,64,1798319,1898650,1905572,1805663,6922,107253,100331,0,0,0
1905822,37c862d4-b7e4-7e37-c67f-622c5b601f92,64,1805862,1905561,1905822,1806691,261,99960,99699,0,0,0
1905882,b9699685-016b-4a8e-db77-a6c71e683efa,64,1791020,1899164,1905858,1805760,6694,114838,108144,0,0,0
1905994,faf5eb30-3a30-14b2-0566-58319bfd3981,64,1806155,1905822,1905994,1806721,172,99839,99667,0,0,0
1906054,b97495a1-d5a8-480d-47d4-187c0706aa56,64,1805255,1905621,1905996,1806697,375,100741,100366,0,0,0
1906155,c6811b98-db42-79e7-0658-e3084219e247,64,1806656,1906054,1906155,1807233,101,99499,99398,0,0,0
1906272,8d37a35e-7f0c-49b6-9dfc-5ace6b1e796c,64,1701277,1728506,1906272,1801373,177766,204995,27229,0,0,0
1906357,bc84f446-b3b1-7599-1ece-b836247581d8,64,1806158,1905994,1906357,1807085,363,100199,99836,0,0,0
1906478,6083f85e-02f1-e5df-6af4-90aa96dc96d8,32,1806447,1906272,1906478,1807435,206,100031,99825,0,0,0
1907225,f60cf0d4-def0-ef3a-f286-8019e85e74bd,64,1800721,1902551,1907225,1806395,4674,106504,101830,0,0,0
1907329,c1271bf4-7601-e58e-7043-63831d966851,32,1807387,1907225,1907329,1808337,104,99942,99838,0,0,0
1907532,436738eb-965c-e283-bfc0-4e279fac85fd,32,1807566,1907329,1907532,1808389,203,99966,99763,0,0,0
1907592,586a903e-0c68-8a77-4eb6-8d21989bdcfc,64,1790924,1900643,1907569,1806151,6926,116645,109719,0,0,0
1907729,1d58fa42-2881-e009-5f51-249ed4d68297,64,1800013,1905882,1907729,1806853,1847,107716,105869,0,0,0
1907856,fa3a37d4-fce4-59b2-2b95-426e38f6ea64,32,1807940,1907729,1907856,1808641,127,99916,99789,0,0,0
1907916,e10af9ba-ef8e-7806-0df4-2e88408efdad,64,1807071,1907532,1907902,1808402,370,100831,100461,0,0,0
1907976,49c113d0-b1a4-d8df-68e3-83a8316d7279,64,1808172,1907856,1907962,1808692,106,99790,99684,0,0,0
1908036,c7f2607f-bd89-2a44-1633-70a0cd9c3446,64,1807810,1907916,1907994,1808731,78,100184,100106,0,0,0
1908100,fdc92c33-ac9e-e35d-d3be-3397a2d05eb1,64,1808160,1907976,1908100,1808747,124,99940,99816,0,0,0
1908204,4200d170-5c6d-7c7b-2b5a-d51f05efa8b1,64,1808198,1908036,1908204,1808776,168,100006,99838,0,0,0
1908493,47c2df8f-6b27-e958-5b22-105975e8b99d,32,1798986,1906272,1908493,1807416,2221,109507,107286,0,0,0
1908559,888a812a-8a5f-1809-f5f7-24f1ead53b44,64,1807722,1908204,1908559,1808895,355,100837,100482,0,0,0
1908849,f2835e38-58e6-2f0b-ffa0-c61e5a8b288c,64,1800022,1907592,1908849,1808541,1257,108827,107570,0,0,0
1908909,e403ecf4-eede-1fe4-f89d-221fbacd247f,64,1808051,1908559,1908895,1809018,336,100844,100508,0,0,0
1909936,4b6ea945-e498-2932-31b5-a8ec8cf6f208,64,1803119,1908849,1909936,1809109,1087,106817,105730,0,0,0
1909996,49cd12fc-8544-dc28-56fa-5b6f92a3ccd2,64,1799968,1908909,1909952,1809143,1043,109984,108941,0,0,0
1910180,8fc00138-5c01-e8c2-d3dc-dac2b2ec3f4f,64,1798678,1906155,1910180,1807410,4025,111502,107477,0,0,0
1910389,28d29c08-e987-a8de-153a-2a303d23825d,64,1802382,1906357,1910389,1807714,4032,108007,103975,0,0,0
1910562,40962b3e-72a3-4542-e954-fd292647455f,64,1808615,1910180,1910562,1809670,382,101947,101565,0,0,0
1910622,0d06d7b8-92de-882b-8021-3a4fc7e45938,64,1808179,1909936,1910592,1809420,656,102413,101757,0,0,0
1910622,f0ef857c-5dbf-0152-f27a-22ca801a6259,64,1808502,1910389,1910599,1809774,210,102097,101887,0,0,0
1910795,eb811842-a42f-e367-da3d-a18b7bbdf826,64,1809172,1910622,1910795,1810200,173,101623,101450,0,0,0
1911450,13128fe5-c747-45dd-cefb-8ff2dca39ed1,64,1809417,1910795,1911450,1810220,655,102033,101378,0,0,0
1911514,d3e9b14a-abd6-a9c5-13be-a87d9f9d339f,64,1809720,1911450,1911514,1810308,64,101794,101730,0,0,0
1911629,5bac2dda-705e-411f-390b-c451f2da5eeb,64,1809671,1911514,1911629,1810356,115,101958,101843,0,0,0
1911835,27e63df0-bfdc-0201-5c3b-6de78bf02cc4,64,1809318,1911629,1911835,1810480,206,102517,102311,0,0,0
1911898,d28bf973-0209-b07f-c8ff-0a1b1f8808ed,64,1809571,1911835,1911898,1810485,63,102327,102264,0,0,0
1912011,422853ef-8422-0521-a99e-f6f0aec58667,64,1800497,1908100,1912011,1808803,3911,111514,107603,0,0,0
1912453,46632f77-0d24-697f-d30c-bdf3f28af1b0,64,1800918,1910622,1912453,1810091,1831,111535,109704,0,0,0
1913234,e3edba74-3b56-8200-2174-fa3bedfd34fb,64,1800635,1912011,1913234,1810725,1223,112599,111376,0,0,0
1913348,96ca79b2-a808-5003-5255-8378ed53583b,64,1809541,1913234,1913348,1810778,114,103807,103693,0,0,0
1913408,b499f94f-a0d7-346b-c8b5-ad440e8d5cc7,64,1801182,1910562,1913351,1810074,2789,112169,109380,0,0,0
1913668,1a9efcd5-65a6-5491-f934-e46e9777528e,64,1810796,1913408,1913668,1811346,260,102872,102612,0,0,0
1913728,4b33a88e-4f40-c7fd-e56b-1be9a4ada718,64,1810262,1913348,1913714,1810880,366,103452,103086,0,0,0
1913840,8efcb828-894a-733c-498f-2b6a5ae2304d,64,1810800,1913668,1913840,1811618,172,103040,102868,0,0,0
1913954,1eb85a88-1073-387f-962b-bc3a462a5502,64,1799524,1909996,1913954,1809637,3958,114430,110472,0,0,0
1914125,21640271-145c-935f-ad3a-76e09a5dfa23,64,1810763,1913954,1914125,1812077,171,103362,103191,0,0,0
1914219,8c6f36d7-a9c5-235f-1d59-1d58d64e1e61,64,1811181,1913840,1914219,1811823,379,103038,102659,0,0,0
1914279,40d0cc0e-89f4-6205-59a1-5e3a0bd2f2c0,64,1799051,1912453,1914273,1810744,1820,115222,113402,0,0,0
1914343,e6a16894-e85f-af14-a727-93bd2a3c9368,64,1811606,1914279,1914343,1812621,64,102737,102673,0,0,0
1914492,a9c5baf4-14fe-7842-1064-f897e713ca88,64,1811448,1914125,1914492,1812151,367,103044,102677,0,0,0
1914834,6d6e4146-843a-4977-dbcd-c7c7f4ae4f48,64,1805122,1913728,1914834,1811740,1106,109712,108606,0,0,0
1915203,b6f68f85-a365-f738-637c-0a4f31d6d314,64,1811664,1914834,1915203,1812840,369,103539,103170,0,0,0
1915364,7ca78b97-1adb-431a-b2b0-5ccbabaa49db,64,1802297,1911898,1915364,1810722,3466,113067,109601,0,0,0
1915525,2a81092d-3666-c39b-0318-f557e8d79f0f,64,1811579,1915203,1915525,1812993,322,103946,103624,0,0,0
1916160,9e2e9e65-2891-6253-ef29-1efcf9c30f65,64,1802016,1914343,1916160,1812631,1817,114144,112327,0,0,0
1916419,70eeb7e3-249a-7b76-1c48-b945f589bbe3,64,1805647,1915364,1916419,1813075,1055,110772,109717,0,0,0
1916533,549510f4-6dcf-d838-96f9-bd50aa7791f0,64,1812220,1916419,1916533,1813285,114,104313,104199,0,0,0
1916593,8d84e535-480d-5394-9d9b-038bc0f1b5d2,64,1701275,1733341,1916556,1804516,183215,215281,32066,0,0,0
1916791,3a46f479-2644-3ffe-e56f-107ab7864e27,64,1812384,1916533,1916791,1813393,258,104407,104149,0,0,0
1917263,2c8f15ee-4179-8ff7-38f4-02f84cf1779b,64,1801418,1916160,1917263,1813251,1103,115845,114742,0,0,0
1917630,9cf86246-823b-23a3-4c9f-2bacdc502be1,64,1813035,1917263,1917630,1814024,367,104595,104228,0,0,0
1917952,7a4d349f-48ad-9106-7653-1d3235b3863e,64,1801410,1914492,1917952,1812835,3460,116542,113082,0,0,0
1918286,59358c39-2b03-2d34-8f91-7aacf020592e,64,1807167,1915525,1918286,1813223,2761,111119,108358,0,0,0
1918346,3786a606-0a6a-cdf1-ff9e-6767f6d745be,64,1800342,1914219,1918296,1812613,4077,117954,113877,0,0,0
1918346,920d2cc1-5e4d-ec8a-bd95-6748e9c61ca0,64,1800314,1917630,1918310,1814187,680,117996,117316,0,0,0
1918610,2a179285-eb94-0e28-045f-b3a4ba963dfa,64,1813608,1918346,1918610,1814485,264,105002,104738,0,0,0
1918670,9369b261-6d85-48ba-3382-d11fa1338845,64,1804482,1916791,1918628,1813988,1837,114146,112309,0,0,0
1918767,0cda1cef-4438-b9ed-bee8-b82898c3eede,64,1773118,1888957,1918767,1801481,29810,145649,115839,0,0,0
1918877,5be5c390-6751-edaf-2d57-a40d0cb8edaa,64,1813328,1918670,1918877,1814604,207,105549,105342,0,0,0
1918976,cdf8a63d-28fb-d881-d582-84beb5237ebb,64,1814080,1918877,1918976,1814737,99,104896,104797,0,0,0
1919411,8d65696d-a97c-da20-01cd-9765b6a5e2c3,64,1814006,1918767,1919411,1814673,644,105405,104761,0,0,0
1919741,cdee9017-b9a5-01ff-8fc5-afb707fb089a,64,1814253,1919411,1919741,1814865,330,105488,105158,0,0,0
1919801,5ad87125-6746-c88d-d96c-59522ee433f6,64,1802664,1917952,1919793,1814348,1841,117129,115288,0,0,0
1920068,b19180e9-33ff-3589-85ff-e12b8e822794,64,1813829,1919741,1920068,1814876,327,106239,105912,0,0,0
1920161,124e508d-4966-6fc4-7d72-3799d6474f5c,64,1804934,1918286,1920161,1814398,1875,115227,113352,0,0,0
1920334,a1e3ba31-1c94-2928-fbfd-6b8765a6db98,64,1814353,1920161,1920334,1815007,173,105981,105808,0,0,0
1920505,339985dc-6838-8909-149b-1186e4d91015,64,1813871,1920068,1920505,1814891,437,106634,106197,0,0,0
1920565,65a2f27b-2b8d-ce57-43fa-c7edceda3ad1,64,1805850,1916593,1920521,1813419,3928,114671,110743,0,0,0
1920785,454751c5-9706-21ba-1c28-aabbc004beaa,64,1798992,1918976,1920785,1814793,1809,121793,119984,0,0,0
1920886,cf1e8678-e24c-83c4-c19d-f9f589befdfc,64,1802045,1919801,1920886,1814883,1085,118841,117756,0,0,0
1920946,bb2c5f20-2e3c-1199-780e-951c45706685,64,1814618,1920565,1920894,1815351,329,106276,105947,0,0,0
1921155,2b334b8b-b5dd-ab60-8e82-c18189a246d9,64,1814207,1920785,1921155,1815365,370,106948,106578,0,0,0
1921320,46a77192-98d3-fe5f-cdc6-f1ac98b6880a,64,1814289,1920946,1921320,1815407,374,107031,106657,0,0,0
1921380,d37607ce-c9d3-0eb5-fb95-151d5fde91e4,64,1814172,1921155,1921361,1815414,206,107189,106983,0,0,0
1922155,a5291777-8ff0-b740-6621-833559a1f1ab,64,1800619,1920334,1922155,1815093,1821,121536,119715,0,0,0
1922244,25596d6b-feef-da1d-af22-f2faac874a59,64,1806526,1918346,1922244,1814443,3898,115718,111820,0,0,0
1923212,b31b76f3-7ca0-8673-af2d-799af9a1595d,64,1800570,1922155,1923212,1815535,1057,122642,121585,0,0,0
1923279,2e0fc6b3-a9f0-f6f2-10e7-22b1884c6d26,64,1806642,1918610,1923279,1814603,4669,116637,111968,0,0,0
1923490,5f970bf5-033f-2cfd-684d-2236c39cf377,32,1814835,1923279,1923490,1816061,211,108655,108444,0,0,0
1924135,73b58290-b792-b242-6c94-417ea21d412f,64,1808038,1922244,1924135,1815563,1891,116097,114206,0,0,0
1924363,da975f81-e9a7-abf3-016e-2ff3b5bc09d8,32,1800137,1922155,1924363,1815525,2208,124226,122018,0,0,0
1924576,2d8d3852-7cb5-97cd-db7c-0f5236f4cf0f,64,1815347,1924135,1924576,1816505,441,109229,108788,0,0,0
1924890,d8ed92f3-a2a3-7340-6c53-956cb0d35d18,64,1805087,1920886,1924890,1815375,4004,119803,115799,0,0,0
1925235,16573e58-3fab-d625-489c-e0784479fe28,64,1806301,1921320,1925235,1815475,3915,118934,115019,0,0,0
1925299,3be11bd0-f15a-47d0-ef6e-14c7e79690b5,64,1804362,1921380,1925299,1815505,3919,120937,117018,0,0,0
1925439,c862e3bc-e0e2-d96e-141e-43874aeca4d5,32,1808807,1923212,1925439,1816041,2227,116632,114405,0,0,0
1925508,ff0c7c0b-b250-e3b6-ee81-aa8217f58743,32,1816076,1925299,1925508,1817382,209,109432,109223,0,0,0
1925686,6dd7a130-78ee-2f94-37fc-b2611ee021c6,64,1816411,1925439,1925686,1817492,247,109275,109028,0,0,0
1926599,1bc9a406-db54-ddef-6e61-8a74c631bbc6,64,1803932,1924363,1926599,1816934,2236,122667,120431,0,0,0
1926663,d591bf3e-6931-59c6-9fcd-9c7f32c836ee,64,1816666,1926599,1926663,1817954,64,109997,109933,0,0,0
1926723,b9276d12-e5f4-95dc-ed84-619a9a3b4bdf,64,1801646,1924890,1926688,1817058,1798,125042,123244,0,0,0
1927047,8da62b23-f2e9-1bc6-a036-31adde4c0dac,64,1817430,1926723,1927047,1818009,324,109617,109293,0,0,0
1927281,dded1786-692a-d3b1-6c48-c9f89ec752db,64,1803473,1923279,1927281,1816427,4002,123808,119806,0,0,0
1927484,7a1400a5-aaaa-76a8-99e0-002997277498,64,1803341,1920505,1927484,1815325,6979,124143,117164,0,0,0
1927715,8ca00d57-ca69-1112-dd29-dfd4ca332c85,64,1805852,1926663,1927715,1817968,1052,121863,120811,0,0,0
1928268,3b02d6bc-3f38-6c5c-1634-cfd5a635d9e7,64,1807389,1927047,1928268,1818010,1221,120879,119658,0,0,0
1929171,95f7b777-843d-362b-1a95-6662139bdf4f,64,1805292,1925235,1929171,1817315,3936,123879,119943,0,0,0
1929236,3d6e1cc5-4eec-d004-1b57-fa34c98808d6,64,1817295,1929171,1929236,1818611,65,111941,111876,0,0,0
1929296,16a51a01-83e4-9c59-bbae-6ac10e7a12f6,64,1802172,1925686,1929254,1817744,3568,127082,123514,0,0,0
1929487,761cd5da-516b-8815-4b1a-81f452ac3c4d,64,1812998,1928268,1929487,1818512,1219,116489,115270,0,0,0
1929547,856cd061-8ff9-a43e-1f64-38a58b85a38e,64,1817783,1929296,1929501,1818753,205,111718,111513,0,0,0
1929721,99a8e218-a85f-db39-10fe-889224236328,64,1818390,1929547,1929721,1818933,174,111331,111157,0,0,0
1930297,f0670e4c-3bf9-9938-49b6-05d1f1d3babf,64,1802432,1927484,1930297,1818412,2813,127865,125052,0,0,0
1930357,2461e60a-63a9-58cb-4468-649b4f06c513,64,1809578,1929236,1930307,1818642,1071,120729,119658,0,0,0
1930458,97a3be2b-f57d-fa8c-12b2-2d507b2c9943,64,1817867,1930357,1930458,1819008,101,112591,112490,0,0,0
1930518,08306541-f760-9880-241a-dd896b366b20,64,1810263,1927715,1930503,1818416,2788,120240,117452,0,0,0
1930753,6cf6fbe8-3206-4d6e-29f8-8f8a127fe7aa,64,1806858,1929721,1930753,1818982,1032,123895,122863,0,0,0
1931383,63465a0c-9c50-2e87-7d2b-6167cca6fbad,64,1807300,1924576,1931383,1816998,6807,124083,117276,0,0,0
1931443,56db94f3-bcd5-36e9-5784-c2fdcb7b03e9,64,1810643,1930297,1931391,1818997,1094,120748,119654,0,0,0
1931443,78c4abfb-676a-10d5-ff1d-a70c36fd1ea9,64,1818086,1930753,1931408,1819080,655,113322,112667,0,0,0
1931564,77fd7a78-6593-53c4-485c-89eba50f1cf5,64,1812215,1930458,1931564,1819060,1106,119349,118243,0,0,0
1931624,4533742a-cf73-1584-b7dd-accf97f494b5,64,1818714,1931443,1931591,1819333,148,112877,112729,0,0,0
1931624,4bf093e0-0748-7bc3-4f6f-8b3171a2ae61,64,1818831,1931443,1931599,1819350,156,112768,112612,0,0,0
1931749,abab1341-0b52-a621-8c45-7fac213ce169,64,1818189,1931383,1931749,1819168,366,113560,113194,0,0,0
1931813,d0219bdf-c557-3873-35a3-dd256525645e,64,1818831,1931564,1931813,1819351,249,112982,112733,0,0,0
1931878,39ba7f63-24c5-711b-7eb0-cc132a9a6c2d,64,1818817,1931624,1931878,1819381,254,113061,112807,0,0,0
1931941,90dd9b6d-ccbe-559f-8b81-ba955c01243f,64,1807455,1927281,1931941,1818150,4660,124486,119826,0,0,0
1932001,ef0133f9-fe93-2084-c691-0d97660f97c4,64,1818807,1931878,1931978,1819460,100,113171,113071,0,0,0
1932061,1e6e214b-e566-8c8e-5333-f19ed6cb960a,32,1818709,1931749,1932047,1819418,298,113338,113040,0,0,0
1932148,c57cea70-dc0b-9d0a-848d-df0f7e0a0d48,32,1819023,1931941,1932148,1819522,207,113125,112918,0,0,0
1932208,b19b79ac-da1d-9afe-5232-d8b8e0056459,32,1818896,1931941,1932149,1819481,208,113253,113045,0,0,0
1932208,199cdb59-6029-4fe4-8bdb-348fd33498cc,64,1818859,1932001,1932155,1819545,154,113296,113142,0,0,0
1932400,a8e372d6-e2e7-eaa3-aabb-0de993666707,32,1818822,1932208,1932400,1819658,192,113578,113386,0,0,0
1932585,b0a034aa-fc38-c950-c7c9-2f54a51d61bc,64,1818385,1932208,1932585,1819642,377,114200,113823,0,0,0
1932645,cc7dead9-7c5a-ab36-61c3-9c134ff0362f,64,1818871,1932061,1932630,1819599,569,113759,113190,0,0,0
1932890,30deb85f-2cb8-7abc-5af4-859ae42bf894,32,1818744,1932585,1932890,1819752,305,114146,113841,0,0,0
1932950,6b6e4373-932c-88fd-a00b-e35cde04b62f,64,1818710,1932400,1932908,1819664,508,114198,113690,0,0,0
1933010,a536deec-0a23-a8b9-dffa-3da8e7773cb4,64,1818588,1932890,1932997,1819937,107,114409,114302,0,0,0
1933382,ee86998f-679c-111d-18b6-d8c2e6121a25,64,1819255,1932950,1933382,1820257,432,114127,113695,0,0,0
1933648,c5c9033c-f7eb-55f1-205b-332a7a900e4c,32,1803654,1931383,1933648,1819097,2265,129994,127729,0,0,0
1934419,a48258b9-4948-79b4-ceb4-489319d60226,64,1803945,1931624,1934419,1819407,2795,130474,127679,0,0,0
1934479,9f649366-0679-9769-43db-6e3485a4a550,64,1805938,1933382,1934479,1820339,1097,128541,127444,0,0,0
1935181,29a58895-115f-b80b-ee5e-05eaa6574b5a,64,1804934,1930518,1935181,1819066,4663,130247,125584,0,0,0
1935388,d2715d33-7b54-b3c1-0dbf-81bd3ad2fe78,32,1819012,1935181,1935388,1820482,207,116376,116169,0,0,0
1936439,8311a336-0d76-53fe-55bf-103fa6ffaa62,64,1804368,1929487,1936439,1818906,6952,132071,125119,0,0,0
1936526,672e7c97-1da9-8e6b-27e5-de7ff9cfeef7,64,1813334,1931813,1936526,1819454,4713,123192,118479,0,0,0
1936590,829c6d0a-2d66-152e-cfcd-2ece3c804122,64,1819983,1936526,1936590,1820734,64,116607,116543,0,0,0
1936650,4795d660-6422-485d-b02a-4c30e0313ba5,64,1819376,1936439,1936645,1820600,206,117269,117063,0,0,0
1937204,f8c72774-428a-6ff2-fe09-95e02a4a23a1,64,1809459,1934419,1937204,1820395,2785,127745,124960,0,0,0
1937283,241e7855-587d-5c08-0f84-244a72e5ac50,64,1808089,1934479,1937283,1820468,2804,129194,126390,0,0,0
1937343,ef4531dc-ac9b-1b56-1487-18a0d755db73,64,1819997,1936650,1937294,1820985,644,117297,116653,0,0,0
1937403,d9474341-935a-ed74-c052-0965fbf13906,64,1813040,1935181,1937383,1820514,2202,124343,122141,0,0,0
1937465,4cca8c6d-526a-93ec-edad-8aa2d0005fd0,64,1820040,1937343,1937465,1821135,122,117425,117303,0,0,0
1937630,cfcdb5ad-3d76-c0bc-2e52-3a85f0366c0c,64,1807795,1933010,1937630,1820302,4620,129835,125215,0,0,0
1937881,b462a90d-95c4-041f-b372-2a0e17731601,64,1819718,1937465,1937881,1821168,416,118163,117747,0,0,0
1938495,0ed89b3f-dd2d-3232-a61b-e0160f5f2728,64,1812866,1937403,1938495,1821159,1092,125629,124537,0,0,0
1938682,d6637075-208a-379f-5f51-63c8c71a69ce,64,1815009,1937630,1938682,1821267,1052,123673,122621,0,0,0
1938742,481e9b30-3ce4-6a91-260b-a739149a4444,64,1820636,1938495,1938695,1821403,200,118059,117859,0,0,0
1938854,50356c05-fec8-aaab-17de-d43c8f629a1a,32,1820366,1938742,1938854,1821538,112,118488,118376,0,0,0
1938958,151bfc7e-f24b-3fd5-2d1a-133c13a2c16e,32,1820324,1938854,1938958,1821549,104,118634,118530,0,0,0
1939043,9136ab79-9bf8-c59a-72c3-6a7e76294ff8,64,1809567,1937881,1939043,1821396,1162,129476,128314,0,0,0
1939343,62810c02-33ea-c0db-b697-4d1bc09585d6,32,1820950,1939043,1939343,1821623,300,118393,118093,0,0,0
1939403,2d190dc8-1276-ac7d-b11a-6b44c8580428,64,1807908,1938682,1939371,1821416,689,131463,130774,0,0,0
1939483,345d9ab5-c139-3404-7d9a-c43180078fdf,32,1820993,1939403,1939483,1821683,80,118490,118410,0,0,0
1939593,06fa3864-62f9-b1f6-4693-195461c18964,32,1805319,1937343,1939593,1821091,2250,134274,132024,0,0,0
1939653,3b256850-bd60-3ed4-bc9e-223730515e52,64,1820838,1939483,1939650,1821691,167,118812,118645,0,0,0
1939713,b0867987-631a-4327-f1fb-6b7754bfd243,64,1809000,1932645,1939684,1819792,7039,130684,123645,0,0,0
1939773,c2fba784-4e9a-4061-3415-5cc0893647e6,64,1820523,1939343,1939722,1821675,379,119199,118820,0,0,0
1939885,e0153046-d109-6d1f-7af5-da530ef01e6c,64,1821031,1939713,1939885,1821807,172,118854,118682,0,0,0
1939977,7e8bdab5-bd7a-ff93-37bc-fcdfbea45a9b,64,1821176,1939773,1939977,1821896,204,118801,118597,0,0,0
1940037,37cc56c1-bbda-3804-5c00-0c6d5af11a3b,64,1821193,1939653,1939978,1821749,325,118785,118460,0,0,0
1940097,82ba9ea6-42cb-006c-53f2-6ca3f566e9e9,64,1820943,1939977,1940078,1822333,101,119135,119034,0,0,0
1940226,2dc22505-222d-4b49-53ee-66bab29cb58e,32,1821082,1940097,1940226,1822479,129,119144,119015,0,0,0
1940286,c9f84ad2-0f65-45bd-8384-edb5a8d07921,64,1821761,1940037,1940284,1822409,247,118523,118276,0,0,0
1940506,d5ec5cd5-5be1-ab73-35cf-7816d7eba9c1,32,1821117,1940286,1940506,1822570,220,119389,119169,0,0,0
1940655,0fe21064-f94a-5290-6fb2-5b78c9627d7c,64,1811765,1937204,1940655,1821001,3451,128890,125439,0,0,0
1940715,2dbdb4c6-e324-b1bd-a1b5-c2100da8e306,64,1808885,1936590,1940689,1820769,4099,131804,127705,0,0,0
1940816,5c703fdf-43be-f577-0775-6467d89da95b,64,1822450,1940715,1940816,1822971,101,118366,118265,0,0,0
1941017,c3d834f6-df9c-b843-3d3f-8d547731f5b8,32,1822678,1940816,1941017,1823235,201,118339,118138,0,0,0
1941077,da908e59-51a0-8ea7-db56-d99d1d83f1e4,32,1821568,1940816,1941026,1823067,210,119458,119248,0,0,0
1941137,4619f355-d90d-b002-a11c-4a2b82bf0a5e,64,1815011,1940655,1941115,1822960,460,126104,125644,0,0,0
1941399,ed06ced5-cd05-1c2d-9b4a-21c3b192d170,64,1822513,1941077,1941399,1823621,322,118886,118564,0,0,0
1941543,70718530-0c06-47c9-c02e-57a8bf9ad280,64,1822649,1941137,1941543,1823721,406,118894,118488,0,0,0
1941608,86679e55-1236-3afb-ca5b-1a0a1111d64e,32,1822649,1941399,1941608,1823899,209,118959,118750,0,0,0
1941740,9e28601e-ea0d-3de3-7b41-cbc64aa8477a,64,1807742,1938958,1941740,1821567,2782,133998,131216,0,0,0
1941800,4737ed20-2889-76a5-d4a5-176536ef8c44,64,1823800,1941608,1941786,1824545,178,117986,117808,0,0,0
1941964,ea2df78b-2ff4-98cd-04ba-d7ba9e146912,32,1808337,1939773,1941964,1821893,2191,133627,131436,0,0,0
1942090,e10450b7-63cf-2406-d385-fa0af1aaa228,64,1806713,1939885,1942090,1821914,2205,135377,133172,0,0,0
1942727,cbef0230-dd78-d426-eb41-b84e900025b0,32,1811686,1940506,1942727,1822605,2221,131041,128820,0,0,0
1942807,4dc84796-162f-1473-9425-a25ceb772bd5,32,1823700,1942727,1942807,1824688,80,119107,119027,0,0,0
1943155,854775d8-dd4f-c25c-85ba-752dbc910d84,32,1823498,1942807,1943155,1824711,348,119657,119309,0,0,0
1943285,420c4d50-71e5-0258-90d5-50d1b14a663d,32,1817704,1941017,1943285,1823494,2268,125581,123313,0,0,0
1943952,def79db5-6e7c-15cb-d1f1-d68cec3a2237,64,1809147,1941740,1943952,1824552,2212,134805,132593,0,0,0
1944192,f96e319f-5fab-48df-5826-525c7dd7db91,64,1810036,1937283,1944192,1821081,6909,134156,127247,0,0,0
1944255,2817ad77-1b83-4da9-464c-fc072f8e6eda,64,1809217,1940226,1944255,1822480,4029,135038,131009,0,0,0
1944362,30e44cb8-6407-6bd6-b08d-9e12c007c979,64,1823872,1944192,1944362,1824866,170,120490,120320,0,0,0
1944467,8a597a67-788c-2fdb-b3f1-f770d9824c38,64,1824046,1944255,1944467,1824923,212,120421,120209,0,0,0
1944844,e44e704b-32df-8c13-2411-ade816958f3d,64,1823677,1944467,1944844,1824981,377,121167,120790,0,0,0
1945042,d29c5edb-7793-a432-f896-1785abae73bd,64,1814579,1943952,1945042,1824790,1090,130463,129373,0,0,0
1945102,8e2d50fb-c9ad-5ded-b6f4-64ecf6c6eeb2,64,1816134,1941543,1945059,1824351,3516,128925,125409,0,0,0
1945183,41c1e536-47ff-2895-217b-60cf976b7fa7,32,1824443,1945102,1945183,1825305,81,120740,120659,0,0,0
1945251,eadc585b-fe43-fa6a-c65c-e8866c7799e4,32,1824026,1945042,1945251,1825138,209,121225,121016,0,0,0
1945417,19e9f9fb-bd7a-7624-2db8-b62265b08038,64,1824376,1945042,1945417,1825138,375,121041,120666,0,0,0
1945477,626eb2a0-b1d9-a7eb-6889-d8b5bc9ac13b,64,1812141,1944362,1945461,1824981,1099,133320,132221,0,0,0
1945537,5d0c5ce6-5d3c-252c-b08c-292b52c2c863,64,1811209,1944844,1945526,1825127,682,134317,133635,0,0,0
1945597,bef2c2e9-6e32-cc6d-b559-bc7043042918,64,1818214,1942090,1945555,1824649,3465,127341,123876,0,0,0
1945708,137de048-f8ce-ea46-bb67-3f53c5e2e469,64,1809322,1941800,1945708,1824576,3908,136386,132478,0,0,0
1945788,99a0afd8-0771-e287-9050-20dc7e6653b5,64,1824612,1945417,1945788,1825455,371,121176,120805,0,0,0
1945902,8d3e1005-e056-6fff-67cc-0ee4dab7fdcc,64,1824452,1945788,1945902,1825789,114,121450,121336,0,0,0
1945962,7292116b-3ca1-d72d-0a70-6181b8e60c1e,64,1814384,1943155,1945924,1824730,2769,131540,128771,0,0,0
1946022,16e21c4c-2245-80a1-784c-a10c67ebb302,64,1824492,1945597,1945977,1825717,380,121485,121105,0,0,0
1946192,c1a87e28-4c75-353b-ad61-8c33254dc4f1,64,1825982,1946022,1946192,1826518,170,120210,120040,0,0,0
1946294,3f45b0df-8532-70b4-041f-728c66699735,64,1825276,1946192,1946294,1826703,102,121018,120916,0,0,0
1946395,a3825741-83a5-1c01-81c0-17f12fb72d0c,64,1825118,1945962,1946395,1826220,433,121277,120844,0,0,0
1946459,7a0bb304-9a94-3861-0532-3507fd077e0f,64,1825864,1946395,1946459,1827021,64,120595,120531,0,0,0
1946520,cac06ea4-2fb6-695f-3802-363e707439f1,64,1815534,1945477,1946520,1825696,1043,130986,129943,0,0,0
1946580,c204ca38-2a82-e197-48ef-a84610cb51c6,64,1826424,1946459,1946573,1827115,114,120149,120035,0,0,0
1946681,077ef8fe-78c7-c652-c5c2-9f4cafb75410,64,1826398,1946580,1946681,1827250,101,120283,120182,0,0,0
1947168,7b6d1f90-082e-7191-05f9-579e034a0740,64,1825962,1946520,1947168,1827200,648,121206,120558,0,0,0
1947566,62aff41d-a4a7-696c-ca85-b6e042d7c266,32,1826092,1947168,1947566,1827504,398,121474,121076,0,0,0
1948111,7bae0ac4-76f2-fbe1-4ddd-cc4f0dec0e1c,64,1814369,1946294,1948111,1826758,1817,133742,131925,0,0,0
1948191,b661fecc-9cc8-879d-9409-432fa2fc04f8,32,1826631,1948111,1948191,1827631,80,121560,121480,0,0,0
1948898,995bad11-e365-ab2c-af80-0a845bae64a3,32,1820367,1946681,1948898,1827336,2217,128531,126314,0,0,0
1949235,9d790e51-d903-93e9-2a3d-e9c4ac184546,64,1752232,1906478,1949235,1807833,42757,197003,154246,0,0,0
1949669,455a7cdb-a1df-a4c9-0c12-9f097e55c073,64,1817403,1945708,1949669,1825752,3961,132266,128305,0,0,0
1949784,c09b266e-b715-d4cf-1cbf-ccf0e8f4557e,64,1812864,1947566,1949784,1827619,2218,136920,134702,0,0,0
1949929,18b9335b-4c2b-780a-19ea-2e275e692ecc,64,1827123,1949669,1949929,1827817,260,122806,122546,0,0,0
1949994,90faa53c-8c96-094e-bb65-18436a30d480,64,1826886,1949929,1949994,1827934,65,123108,123043,0,0,0
1950128,196da162-e639-9b35-b62e-9682310c7e7e,64,1816115,1946681,1950128,1827401,3447,134013,130566,0,0,0
1950188,307404df-bd72-678d-f243-9887d6f4ab87,64,1827158,1949784,1950150,1827926,366,122992,122626,0,0,0
1950188,9a6cb085-08e1-4a8d-cf7a-7165831c2dac,64,1826529,1949994,1950164,1827955,170,123635,123465,0,0,0
1950354,2ca06dbb-8ee1-b7a6-da66-b7b11e27fdde,64,1816889,1948191,1950354,1827766,2163,133465,131302,0,0,0
1950414,0878c36b-625b-3804-696a-44a886db0f10,64,1827138,1950188,1950363,1828466,175,123225,123050,0,0,0
1950414,daeccd67-324c-c519-b144-38034968db32,64,1811395,1945537,1950387,1825712,4850,138992,134142,0,0,0
1950777,f790084a-9c39-5b68-e533-46fe663dd37b,64,1827061,1950128,1950777,1828121,649,123716,123067,0,0,0
1950892,85641286-4e61-125e-0a31-cbfa05f0b34b,64,1814608,1950188,1950892,1828997,704,136284,135580,0,0,0
1951084,a0324b57-116a-127c-aacd-09c658d1c7ac,64,1819220,1950414,1951084,1829128,670,131864,131194,0,0,0
1951227,4df55341-e3d2-e942-ddc6-47508b72b68e,64,1794049,1945183,1951227,1825432,6044,157178,151134,0,0,0
1951588,ee4b725d-7e65-0a62-0b1a-2fd118ccf282,64,1813191,1950354,1951588,1829080,1234,138397,137163,0,0,0
1952026,ae6a925f-eb1b-69fa-9c45-31c5e87b6948,64,1815615,1949235,1952026,1827796,2791,136411,133620,0,0,0
1952132,7618a8e8-ee07-5686-734f-0188877527c0,64,1817468,1951084,1952132,1830616,1048,134664,133616,0,0,0
1952446,8c7e0e62-2cb2-33fb-dd53-ce885d1375fa,32,1813313,1950188,1952446,1828627,2258,139133,136875,0,0,0
1952715,8d87ff37-9160-5995-50aa-855fd691176e,64,1821537,1951588,1952715,1831075,1127,131178,130051,0,0,0
1953004,3db673e5-c2dc-985c-a688-800f38b7aa21,64,1815823,1945902,1953004,1825944,7102,137181,130079,0,0,0
1953458,6dd51a22-11ff-ce93-efdc-b45195973c89,64,1824583,1952715,1953458,1833189,743,128875,128132,0,0,0
1954399,2057fc5d-ddbf-5327-b04c-706c80ca131f,64,1820812,1950414,1954399,1829762,3985,133587,129602,0,0,0
1954690,9423482e-0b55-6913-8375-70348e602083,64,1823704,1951227,1954690,1830873,3463,130986,127523,0,0,0
1954922,c8197cac-9656-ea76-c2ad-4f7be36585bf,32,1821218,1952715,1954922,1832731,2207,133704,131497,0,0,0
1955144,ae94a741-1e17-400a-1fd6-0a718e291488,64,1821468,1954399,1955144,1835535,745,133676,132931,0,0,0
1955955,30800021-1c53-7ff3-b0a0-bf908c5f31dd,64,1825576,1952026,1955955,1831125,3929,130379,126450,0,0,0
1956093,86451bd4-e2db-0af3-bd04-bd9af069a543,64,1824247,1952132,1956093,1832694,3961,131846,127885,0,0,0
1956897,73ff8f60-aa16-53da-85f5-6a77e45d8aac,32,1820647,1954690,1956897,1835681,2207,136250,134043,0,0,0
1956957,c54010ea-4292-9163-c814-7819825f5cb7,64,1825321,1953458,1956901,1834351,3443,131580,128137,0,0,0
1956957,ead2d29a-f633-f59d-029d-ca45b084435c,64,1821338,1953004,1956921,1834233,3917,135583,131666,0,0,0
1957186,a3b9591d-3755-2a80-b56b-1afe35320401,32,1823851,1954922,1957186,1836670,2264,133335,131071,0,0,0
1957632,9f24c89b-ddae-6a33-f561-54184a548d12,64,1817933,1950777,1957632,1829784,6855,139699,132844,0,0,0
1957747,73a7f879-9773-8dd4-aef4-173096cfd90f,64,1816074,1950892,1957747,1829867,6855,141673,134818,0,0,0
1958215,9fd80d62-b21f-1000-4a34-fda58697cfa0,64,1836634,1957632,1958215,1841337,583,121581,120998,0,0,0
1958462,fc0b97e9-2c42-735a-afa5-97304cd7b45f,64,1836635,1956957,1958462,1840341,1505,121827,120322,0,0,0
1959674,3edd9d89-43ef-b706-0b0a-85bb0ef1591d,64,1826967,1956897,1959674,1837291,2777,132707,129930,0,0,0
1959828,193d99e7-3fd8-dbc1-1f09-17759151fe68,64,1825956,1955144,1959828,1836772,4684,133872,129188,0,0,0
1960780,1c4ce594-2e66-2c1b-4f90-0ff56f0ebf80,64,1824846,1956093,1960780,1837125,4687,135934,131247,0,0,0
1960882,44a3bd3f-aadc-7a68-84f9-15cb5f875513,64,1836629,1959828,1960882,1842829,1054,124253,123199,0,0,0
1961034,707e1ce9-b1cb-09dc-9b8a-db8311f2a2df,64,1826874,1958215,1961034,1841629,2819,134160,131341,0,0,0
1961477,d8ad9dce-f9fa-3ffe-05a4-368e7fe40fca,64,1836633,1960882,1961477,1843077,595,124844,124249,0,0,0
1962360,4496946b-2360-3179-4250-bfc14e128342,64,1836629,1960780,1962360,1842863,1580,125731,124151,0,0,0
1963060,92013211-cbf9-4e47-5152-6970daea5381,64,1824354,1955955,1963060,1836840,7105,138706,131601,0,0,0
1963264,b6ff9f37-e133-e9e8-3b78-35067d785031,64,1836629,1962360,1963264,1843610,904,126635,125731,0,0,0
1963791,1bab4130-0b6a-3955-bf02-7b839b3aae1b,64,1836629,1957747,1963791,1841529,6044,127162,121118,0,0,0
1963909,8ef9f64b-374b-4530-4e95-9661bad32bcc,64,1825865,1956957,1963909,1839031,6952,138044,131092,0,0,0
1964014,9c694a79-8a3d-54b6-ebc7-021aac472c44,64,1836628,1963060,1964014,1843644,954,127386,126432,0,0,0
1964187,ca6e539d-f6b6-1724-b647-998e453681d9,64,1836635,1963264,1964187,1844287,923,127552,126629,0,0,0
1964500,4bd23416-f7fb-2463-1815-5afaf9a8cccc,64,1836630,1958462,1964500,1841634,6038,127870,121832,0,0,0
1965134,3ec41a40-705e-09ca-382c-4a06d4ac17e4,64,1836629,1961034,1965134,1843159,4100,128505,124405,0,0,0
1965740,55c1216e-463e-900c-c583-c8be300f2907,64,1836629,1959674,1965740,1842335,6066,129111,123045,0,0,0
1966202,74d54610-ae4b-3031-1dd7-2830d3eb39bb,64,1836634,1965134,1966202,1846323,1068,129568,128500,0,0,0
1966262,0bc44b11-e45a-c5af-3219-f9f136049263,64,1836633,1963791,1966231,1844429,2440,129598,127158,0,0,0
1966993,763871bb-d5ed-d777-0c08-c86d196736c6,64,1836629,1964500,1966993,1845770,2493,130364,127871,0,0,0
1967053,f7f29986-092f-9512-5ba0-e50a7f78dd6a,64,1824333,1961477,1967018,1843200,5541,142685,137144,0,0,0
1967237,1437ef49-c206-65e1-4dc7-cb060472dba6,64,1836633,1964187,1967237,1844765,3050,130604,127554,0,0,0
1967351,88309d62-b0ed-40ce-f521-cbe94cb5d8e3,64,1871476,1967237,1967351,1872024,114,95875,95761,0,0,0
1967514,61216ff6-1e95-3031-3df4-70fbb87e2cdd,64,1836635,1964014,1967514,1844727,3500,130879,127379,0,0,0
1967631,39945107-8b3f-398a-617c-d8673ea08bbb,64,1871559,1967514,1967631,1872080,117,96072,95955,0,0,0
1967718,529b91f9-2c33-39eb-2a40-8161b5d712c4,64,1871473,1967351,1967718,1872041,367,96245,95878,0,0,0
1967778,11cabff4-e48e-bcdd-9491-b1edb443bec6,64,1871397,1967631,1967734,1872105,103,96337,96234,0,0,0
1968087,676148be-6d13-84fe-6302-42e93f922d40,64,1871637,1967718,1968087,1872174,369,96450,96081,0,0,0
1968147,54a1f581-7f98-c22b-f929-b8887ef381a3,64,1871466,1967778,1968108,1872197,330,96642,96312,0,0,0
1968263,7fa6dc74-8a86-90b8-9dcf-3a7ec56a6bc4,64,1871691,1968087,1968263,1872214,176,96572,96396,0,0,0
1968323,4d014aad-a2bb-555b-4ffa-c6a9e306a0b1,64,1871529,1968147,1968321,1872217,174,96792,96618,0,0,0
1968405,e2706aa7-455a-16c6-bb7a-744f2b1987f7,32,1871636,1968323,1968405,1872316,82,96769,96687,0,0,0
1968539,e056511f-2793-7c3f-0916-c7d14c94e99b,32,1871550,1968323,1968539,1872299,216,96989,96773,0,0,0
1968599,f92cc0e6-8663-6c8f-6ae4-641aa16de5b9,64,1871627,1968405,1968585,1872324,180,96958,96778,0,0,0
1968703,d03d8cf7-6202-d24f-e2e9-b61319eef2ee,64,1871694,1968599,1968703,1872328,104,97009,96905,0,0,0
1968763,34e46f07-380c-b52f-e294-5c5936981525,64,1871419,1968263,1968706,1872247,443,97287,96844,0,0,0
1968918,b3b45a32-87f6-4395-dbc7-d2366f8133b1,64,1871422,1968703,1968918,1872336,215,97496,97281,0,0,0
1968978,9fc2810b-1d4d-344d-68e8-c27e77ab931a,64,1871504,1968763,1968935,1872336,172,97431,97259,0,0,0
1969038,7039ac7c-80b7-43d9-bbe6-90b91268a148,64,1871461,1968918,1969017,1872339,99,97556,97457,0,0,0
1969156,935552c7-e40d-abc7-775c-88295fb5634f,64,1871841,1969038,1969156,1872380,118,97315,97197,0,0,0
1969307,f3a60fd2-e812-2732-7e12-ff9bac4bb92f,64,1836629,1966262,1969307,1850163,3045,132678,129633,0,0,0
1969367,c6db1d77-a1b7-2d0a-b612-3aeb64f04f7d,64,1871677,1968978,1969349,1872377,371,97672,97301,0,0,0
1969367,94dd807f-e3ca-268a-db47-0eb359565a27,32,1871522,1969156,1969366,1872396,210,97844,97634,0,0,0
1969427,db3f94af-636c-e195-cb82-7cb5a1232bc8,64,1871611,1969156,1969398,1872408,242,97787,97545,0,0,0
1969544,ae1e68e4-bf1d-767a-e6c3-0d203c527a80,64,1871678,1969367,1969544,1872409,177,97866,97689,0,0,0
1969742,26e96c5c-9a31-9f6f-201c-474e6e083a52,64,1871891,1969307,1969742,1872408,435,97851,97416,0,0,0
1969839,9d72a141-4acb-8a9a-0f3b-42257f080c92,64,1836635,1965740,1969839,1848499,4099,133204,129105,0,0,0
1969903,affbaa8d-ebb0-9d20-5471-86ded2fd54b6,64,1871842,1969839,1969903,1872504,64,98061,97997,0,0,0
1969963,b9f0b2e7-80a5-e3ef-a81c-2c6d94a9eb1e,64,1871910,1969544,1969919,1872483,375,98009,97634,0,0,0
1970028,b63037d1-bd11-9175-d7ea-6028e56cf0f7,64,1871584,1969963,1970028,1872558,65,98444,98379,0,0,0
1970093,24c5e308-f950-80e4-f90e-967064380449,64,1871532,1970028,1970093,1872587,65,98561,98496,0,0,0
1970153,66e286f4-8757-2d9c-ce69-b53ab1449d12,64,1871732,1969427,1970097,1872427,670,98365,97695,0,0,0
1970273,aba31526-fda4-6747-2ab0-4032ab5b9480,64,1871661,1970093,1970273,1872590,180,98612,98432,0,0,0
1970365,ea1e3f90-9795-10e0-bf88-4d12fdf89a3d,32,1871892,1970153,1970365,1872595,212,98473,98261,0,0,0
1970425,d2055359-a58e-a332-d023-9d57fff8abee,64,1871477,1969742,1970397,1872487,655,98920,98265,0,0,0
1970425,22ff7e6b-9409-8be5-7e41-52799079f433,64,1871718,1970153,1970397,1872614,244,98679,98435,0,0,0
1970489,6c3105c4-9093-5fce-8cee-4676d08dc2db,64,1871986,1970425,1970489,1872672,64,98503,98439,0,0,0
1970581,ceefe793-47a7-b207-8037-c3bdd9392e09,64,1871536,1969903,1970581,1872523,678,99045,98367,0,0,0
1970754,0ccd1516-e7d0-e077-a894-644668cdf597,64,1872156,1970581,1970754,1872733,173,98598,98425,0,0,0
1970814,1eda3c66-c200-bb60-d589-985c09582cee,64,1871668,1970425,1970811,1872708,386,99143,98757,0,0,0
1970911,823d8c3a-00bb-b670-2742-dc479fa76fbf,64,1871941,1970273,1970911,1872657,638,98970,98332,0,0,0
1970971,ab261b09-f102-57a5-6212-c80266d75539,64,1871957,1970489,1970932,1872730,443,98975,98532,0,0,0
1971031,ad28ddcf-9ddb-99b0-72c7-04154b4e170e,64,1871668,1970754,1971019,1872735,265,99351,99086,0,0,0
1971031,d476457b-c085-0534-02f2-67c9d3106bae,64,1871536,1970814,1971028,1872736,214,99492,99278,0,0,0
1971096,9a60e106-d6c3-f2d8-5aa1-031d8d23398c,64,1872139,1971031,1971096,1872781,65,98957,98892,0,0,0
1971156,bbc9ed6f-c2b3-091c-1583-fab339855011,64,1871549,1970971,1971149,1872770,178,99600,99422,0,0,0
1971216,0fbf4890-7a45-b955-bc0f-9e4668d4f295,64,1871652,1971031,1971208,1872770,177,99556,99379,0,0,0
1971434,1213b82f-c081-f1f9-acda-a21685b7c866,32,1871706,1971216,1971434,1872915,218,99728,99510,0,0,0
1971534,b7aebcd2-0a1b-15a2-353a-830e26283082,64,1871995,1971156,1971534,1872890,378,99539,99161,0,0,0
1971594,aa97899d-0b49-e375-e13f-0a1be681b071,64,1871619,1970911,1971572,1872763,661,99953,99292,0,0,0
1971654,aeaeb223-934b-db15-43b7-7afcb85796a8,64,1872108,1971216,1971633,1872933,417,99525,99108,0,0,0
1971747,9f9e4579-3b0d-33e1-6d7c-26c5d3e666eb,64,1871608,1971096,1971747,1872848,651,100139,99488,0,0,0
1971747,ec297d65-d915-157f-779b-e6b88ca8c99c,64,1871415,1971534,1971747,1872953,213,100332,100119,0,0,0
1971864,e3c92605-20aa-25d8-3e08-4e456603035a,64,1871574,1971747,1971864,1873001,117,100290,100173,0,0,0
1972030,0e5559a8-1b3c-1591-340e-b60863d9e205,64,1871569,1971654,1972030,1872976,376,100461,100085,0,0,0
1972090,0c7b722e-aed2-cd14-92ef-f3a47c5c13f5,64,1872217,1971594,1972031,1872956,437,99814,99377,0,0,0
1972090,e9ad6453-a639-53e2-9c44-588f6659d2e2,64,1871785,1971747,1972074,1872985,327,100289,99962,0,0,0
1972150,26944510-ffa5-f72a-c37d-895334cfafec,64,1872152,1972030,1972095,1873027,65,99943,99878,0,0,0
1972150,68cb1472-6631-19f0-6b0a-d67fbf5c8bbc,64,1871568,1971864,1972129,1873015,265,100561,100296,0,0,0
1972244,932e05ea-91cd-9b77-a79f-5545aae29e1f,64,1836635,1966202,1972244,1848508,6042,135609,129567,0,0,0
1972304,86d7bae2-aabd-38c4-4aae-c99480faadbf,64,1871599,1972090,1972303,1873055,213,100704,100491,0,0,0
1972364,e90b16cd-c150-3dd9-44f7-6f5309249e1e,64,1871804,1972150,1972324,1873069,174,100520,100346,0,0,0
1972364,429dd74d-e13d-6324-d5a1-50582eb09c5c,64,1871659,1972150,1972327,1873070,177,100668,100491,0,0,0
1972424,ffcb7e2c-e34e-c581-dd3f-11c44a7ddea6,64,1872055,1972304,1972368,1873094,64,100313,100249,0,0,0
1972424,e29a40db-f3e0-0569-b477-ce4b27a512db,64,1871572,1972244,1972419,1873085,175,100847,100672,0,0,0
1972484,9283c0a8-80c4-8aa6-b48b-014aa5d97930,64,1871718,1972364,1972464,1873100,100,100746,100646,0,0,0
1972484,b534c27f-d9cd-8814-2cf2-47e0dd50e974,64,1871513,1972090,1972472,1873057,382,100959,100577,0,0,0
1972544,ff378c69-4a8b-7601-a624-4adef18d5551,64,1872027,1972424,1972526,1873103,102,100499,100397,0,0,0
1972604,1bf41192-2943-1001-1daa-db3f5f60eca8,64,1872452,1972484,1972599,1873139,115,100147,100032,0,0,0
1972664,813f5e4c-f7e8-f15e-8658-5a501aa65a86,64,1872579,1972544,1972608,1873145,64,100029,99965,0,0,0
1972724,884eac25-22f9-a0c8-5c52-aa836a0134f7,64,1871845,1972364,1972694,1873100,330,100849,100519,0,0,0
1972801,5f6579e8-e840-2928-7c0c-daacceb98163,64,1871974,1972424,1972801,1873110,377,100827,100450,0,0,0
1972861,aebd86eb-051e-7870-598d-42b23590a0e0,64,1872034,1972484,1972805,1873128,321,100771,100450,0,0,0
1972861,cad203fb-bb12-4fc7-7b52-2776a34b0f88,32,1872471,1972604,1972816,1873158,212,100345,100133,0,0,0
1972861,6d1c468e-6691-cb08-0125-5ccf8b2113c1,64,1871965,1972604,1972851,1873166,247,100886,100639,0,0,0
1972926,fab8f016-c47c-3053-2e35-d484eb9bab86,64,1871875,1972861,1972926,1873291,65,101051,100986,0,0,0
1972986,c3aa492a-3911-5105-8678-4d78330c4f64,64,1872087,1972724,1972972,1873221,248,100885,100637,0,0,0
1972986,f0e5e518-6ef6-f9af-b525-d69a54c63a92,64,1872018,1972801,1972978,1873280,177,100960,100783,0,0,0
1973107,b350fe40-63ae-9d8b-527a-3a82ff4fd05e,64,1871681,1972664,1973107,1873184,443,101426,100983,0,0,0
1973167,436f8858-16c2-0199-a767-df033a0b5b0d,64,1872789,1972861,1973117,1873282,256,100328,100072,0,0,0
1973167,b27a9ff5-3466-2d81-df2a-93e09d6a85c6,64,1872099,1972926,1973134,1873303,208,101035,100827,0,0,0
1973265,5ba47d15-fe02-c8d5-b0e2-5e74e4195bd1,64,1872395,1973167,1973265,1873797,98,100870,100772,0,0,0
1973325,4d4aa463-d34d-e3fb-5b70-6265a9798b68,64,1872089,1973107,1973280,1873551,173,101191,101018,0,0,0
1973385,42b0c420-ee79-da20-3f87-2ae31114ab10,64,1872124,1973167,1973340,1873633,173,101216,101043,0,0,0
1973445,3367c15e-f93c-3b06-c822-59fffcdc5ebf,64,1872102,1972986,1973433,1873326,447,101331,100884,0,0,0
1973505,4a3fd64e-9f35-5e67-93d7-50c3874ed236,64,1872796,1973265,1973471,1873890,206,100675,100469,0,0,0
1973505,ece5ad25-d196-8c7f-e647-bdd507b4de42,64,1873397,1973385,1973482,1874110,97,100085,99988,0,0,0
1973565,4d9bc918-8e9f-b8b6-236f-4ce6f4d4fbe4,64,1873385,1973325,1973532,1873908,207,100147,99940,0,0,0
1973625,bfaa8cc5-a66d-49b1-a694-111bf65b74d9,64,1873735,1973505,1973605,1874566,100,99870,99770,0,0,0
1973625,6e5e3b8e-b3c9-76e8-2e5a-a2920d1b149c,64,1873722,1973505,1973620,1875053,115,99898,99783,0,0,0
1973685,ce3f4c13-bc33-0b5a-0fdc-6567b8314def,64,1871957,1972986,1973656,1873323,670,101699,101029,0,0,0
1973809,92e6c67e-86c0-9157-90d0-5ddaf9d5e43c,64,1873124,1973445,1973809,1874539,364,100685,100321,0,0,0
1973869,7ca8008a-4ca1-430e-fce1-e65ed28bcdb0,64,1874671,1973565,1973846,1876361,281,99175,98894,0,0,0
1974545,ff1ce58e-4ccc-b5ad-7f6a-6146d12ba27d,64,1874219,1973625,1974545,1876454,920,100326,99406,0,0,0
1974864,e00640df-8f88-4a79-dfd0-551ba84347ab,64,1870696,1973809,1974864,1876571,1055,104168,103113,0,0,0
1975595,5d8e3949-73a0-2648-f33a-562457102ec2,64,1870589,1973685,1975595,1876494,1910,105006,103096,0,0,0
1975655,94236864-e60b-d3f4-9513-f63ce24a1913,64,1871296,1974545,1975630,1876897,1085,104334,103249,0,0,0
1975989,599fda98-41e6-88dc-e291-c247c395c9a1,64,1794052,1966993,1975989,1855917,8996,181937,172941,0,0,0
1976075,7758a1ca-e02f-bf81-fba4-854dc7fc68aa,64,1794051,1967053,1976075,1857854,9022,182024,173002,0,0,0
1976450,d6e9cfea-6724-f909-4239-a86152fedb98,64,1870981,1973625,1976450,1876423,2825,105469,102644,0,0,0
1976532,3b4d0690-904e-001a-4768-a0b8c161e3cb,64,1874601,1974864,1976532,1876907,1668,101931,100263,0,0,0
1977152,527b8153-3682-4182-f8fa-31fb04b96633,64,1870539,1976075,1977152,1877329,1077,106613,105536,0,0,0
1977818,1b347de6-8b82-bdb6-0cf7-825705261c59,32,1871429,1975595,1977818,1877008,2223,106389,104166,0,0,0
1977895,7f7e2d3b-993b-7d75-74d6-1a8126413a68,64,1870161,1975655,1977895,1877237,2240,107734,105494,0,0,0
1978244,3d13f5c8-1669-db97-3969-5c058f9b7a5c,64,1871158,1977152,1978244,1877385,1092,107086,105994,0,0,0
1978683,9b37bd67-8665-6459-8688-1e5902615b17,64,1871301,1976450,1978683,1877366,2233,107382,105149,0,0,0
1979036,00f7b844-c7cf-9be2-4783-0027ce02897c,64,1874962,1978244,1979036,1877420,792,104074,103282,0,0,0
1979096,e8ed514c-5509-531d-c4da-657f0a01b5df,64,1870963,1975595,1979090,1877141,3495,108127,104632,0,0,0
1979320,15c87683-e54a-0d90-e630-909c4b8e57e4,64,1874510,1979036,1979320,1877614,284,104810,104526,0,0,0
1980001,1e005657-d048-5e32-138f-627626dea97b,64,1870809,1975989,1980001,1877272,4012,109192,105180,0,0,0
1980170,4988a87c-e2f3-d139-bdd9-a82fa8cc8ad2,64,1870688,1977895,1980170,1877417,2275,109482,107207,0,0,0
1980899,81fc1d3f-56bd-793e-df15-541168379668,64,1870816,1973869,1980899,1876721,7030,110083,103053,0,0,0
1981186,1caa143d-b768-36f2-d7fb-78edcec784ae,64,1870773,1979320,1981186,1877829,1866,110413,108547,0,0,0
1981290,cda61735-33f1-a9d6-1e02-a17a26dd845b,64,1870327,1976532,1981290,1877379,4758,110963,106205,0,0,0
1981894,6bfc0bea-3865-0ef8-8f7c-ce9f9d0af469,64,1870632,1979096,1981894,1877779,2798,111262,108464,0,0,0
1982229,481a7a3f-7162-c34d-35f5-4cbb046fe166,64,1870850,1978683,1982229,1877607,3546,111379,107833,0,0,0
1982714,336d2449-3b53-e59c-2ca7-a08a17af487f,64,1871901,1980899,1982714,1878472,1815,110813,108998,0,0,0
1982974,6132b11f-0c12-76a2-280e-a52904c05606,64,1870186,1980170,1982974,1878371,2804,112788,109984,0,0,0
1983161,dad030d2-1d54-f553-43e0-6989e6c04953,64,1870246,1981290,1983161,1878601,1871,112915,111044,0,0,0
1983779,68919e4b-eed8-2f25-b72e-bdefe73ec0b7,64,1870443,1982714,1983779,1878795,1065,113336,112271,0,0,0
1983839,f72f8ddf-2203-247b-47fe-9e97f87d7a9a,64,1871016,1981894,1983797,1878685,1903,112781,110878,0,0,0
1983976,2f8e342a-9571-e77d-c7d5-af34f25178cd,64,1871399,1980001,1983976,1878082,3975,112577,108602,0,0,0
1984057,42df8106-52b6-8f16-52d3-417b8050d744,64,1870772,1982229,1984057,1878697,1828,113285,111457,0,0,0
1984134,380c8f7c-3883-56eb-0ff9-9d870d9aa9dc,32,1870568,1981894,1984134,1878627,2240,113566,111326,0,0,0
1984467,b2c59b83-4815-0bbf-3330-b64c7a14ecb7,64,1870865,1983161,1984467,1879016,1306,113602,112296,0,0,0
1985313,77666404-da81-a6f3-2aa8-6859edc826f7,64,1870108,1981186,1985313,1878578,4127,115205,111078,0,0,0
1985776,41515349-32a7-d6a8-4f70-6a442f45a700,64,1870839,1982974,1985776,1878930,2802,114937,112135,0,0,0
1986458,cb74b50e-0761-f383-b1c1-15a6cbc666c2,64,1871124,1985776,1986458,1879639,682,115334,114652,0,0,0
1987170,1c681abf-2f69-e949-8272-196fc93f1d8b,64,1871278,1985313,1987170,1879330,1857,115892,114035,0,0,0
1988021,7db3efc5-975f-4450-87d0-1fa2abc508c5,64,1871249,1983976,1988021,1879105,4045,116772,112727,0,0,0
1988279,a8b59f56-21c2-c8d0-b135-f6066b7e7422,64,1870605,1987170,1988279,1879733,1109,117674,116565,0,0,0
1988820,b4bfd751-0ad7-5fea-7fef-f809c1d82810,64,1870613,1984057,1988820,1879147,4763,118207,113444,0,0,0
1989293,04b82e8b-0d60-532b-f9f6-380bbd365893,64,1870624,1986458,1989293,1879724,2835,118669,115834,0,0,0
1989396,1c0eb646-7756-2b24-70d5-018277125b33,64,1870560,1988279,1989396,1879920,1117,118836,117719,0,0,0
1989912,3ba55e2c-1486-e673-64e6-d311ec9a8fea,64,1870812,1988820,1989912,1880048,1092,119100,118008,0,0,0
1990530,bb7500c7-44eb-f1aa-72d8-66fb5cefe17f,64,1870605,1989293,1990530,1880287,1237,119925,118688,0,0,0
1990747,1a61e58a-2c4e-1ae2-6097-c5127fa876b3,64,1871365,1983779,1990747,1879049,6968,119382,112414,0,0,0
1990807,96ef471c-4a36-9218-0cfc-30be40e2008c,64,1872190,1983839,1990772,1879096,6933,118582,111649,0,0,0
1991214,70e6d99f-3fd1-4a8c-ebed-4a5bd3aedf22,64,1870577,1990530,1991214,1880426,684,120637,119953,0,0,0
1991274,a8a36936-6670-bb4f-0d5d-d304fd7178f6,64,1870823,1989396,1991249,1880299,1853,120426,118573,0,0,0
1991486,ec895500-06e8-ccbd-5ef4-4f9aec4044f4,64,1871440,1990807,1991486,1880650,679,120046,119367,0,0,0
1991549,44e24fa0-5f71-0b13-2b32-ae3b79938df7,64,1870648,1984467,1991549,1879245,7082,120901,113819,0,0,0
1992437,059cd081-f2d7-703d-cb64-ae4abf2294d5,64,1870467,1991214,1992437,1880718,1223,121970,120747,0,0,0
1992587,d34b906b-3d1b-e5c6-2457-301c07314c53,64,1871695,1991486,1992587,1880984,1101,120892,119791,0,0,0
1992647,c08467c0-030e-e132-49c2-975e97cd252b,64,1870753,1990747,1992634,1880608,1887,121881,119994,0,0,0
1993140,7b83b652-6c8f-f99f-ff47-9e5aeda02c98,64,1870621,1991274,1993140,1880869,1866,122519,120653,0,0,0
1993326,f2ef3c48-1201-b750-03b3-e31415444794,64,1870716,1992647,1993326,1881316,679,122610,121931,0,0,0
1994037,493754ac-8041-63d5-fe5c-0d39b83cbed5,64,1870776,1989912,1994037,1880423,4125,123261,119136,0,0,0
1994848,6bd6ba48-0231-3061-894d-34c978fb8609,64,1874677,1992587,1994848,1881092,2261,120171,117910,0,0,0
1995020,6227b45e-c46c-4623-f3ce-33c4db9c83a1,64,1871055,1988021,1995020,1879868,6999,123965,116966,0,0,0
1995080,686b0062-52e8-19cb-8bd2-119180277058,64,1875210,1991549,1995026,1880990,3477,119816,116339,0,0,0
1995968,a3f5581e-d385-9ea0-36cd-3c09a8a0da2a,64,1870180,1993140,1995968,1881401,2828,125788,122960,0,0,0
1996028,f4a9920e-d969-6ac6-9035-ee30b940d281,64,1875237,1992437,1995972,1881064,3535,120735,117200,0,0,0
1997220,632e6d7f-6991-ec16-179d-d3ab954f5689,64,1870720,1995968,1997220,1881725,1252,126500,125248,0,0,0
1997280,4f002ae9-e401-16f2-f745-752bb0424784,64,1871649,1996028,1997264,1881765,1236,125615,124379,0,0,0
1997917,a3dfe911-1260-dde6-fe9b-5c90a8f65e84,64,1870785,1995080,1997917,1881716,2837,127132,124295,0,0,0
1998038,79334f20-ecfd-af5b-3946-18b0986ce3c4,64,1875138,1994037,1998038,1881480,4001,122900,118899,0,0,0
1998898,0e73d29d-3b07-092c-fd52-6f8b32238e9d,64,1870311,1994848,1998898,1881548,4050,128587,124537,0,0,0
1999089,3c00fc6d-5b2e-a703-81ae-a06cfabfac20,64,1874397,1998038,1999089,1881957,1051,124692,123641,0,0,0
2000004,92552c73-4497-5bae-c8f2-495d1e025484,64,1870773,1998898,2000004,1882027,1106,129231,128125,0,0,0
2000127,7e507bd3-2ff2-709a-bd9c-cccc90f2fe93,64,1875098,1997917,2000127,1881932,2210,125029,122819,0,0,0
2000473,4da8af06-1904-350c-4ac3-c0afa8164418,64,1875226,1993326,2000473,1881402,7147,125247,118100,0,0,0
2000710,c86e936e-87a5-c2c8-7667-f80ae259b63d,64,1870868,1997220,2000710,1881811,3490,129842,126352,0,0,0
2001107,4f8d66d6-3527-6a82-eceb-b1384d707d44,64,1871408,2000004,2001107,1882182,1103,129699,128596,0,0,0
2001396,9c5cf1bb-fe44-68b0-e837-db8df8222e50,64,1870921,1997280,2001396,1881907,4116,130475,126359,0,0,0
2002000,9d489a43-f4d2-7a14-8a59-07026c84d643,64,1871310,1995020,2002000,1881589,6980,130690,123710,0,0,0
2002520,859dd272-e83e-2a68-24ac-0bc99726dade,64,1873540,1999089,2002520,1882135,3431,128980,125549,0,0,0
2002929,ee888d3c-241c-55b3-d066-3b33348ad2ff,64,1875118,2000710,2002929,1882402,2219,127811,125592,0,0,0
2003328,ce3a2cd1-57da-8d2f-85f8-5ecc69739c14,64,1871263,2001107,2003328,1882524,2221,132065,129844,0,0,0
2003388,98fd7b35-45ef-764a-9e9e-883a7a2ca21e,32,1871036,2001107,2003372,1882447,2265,132336,130071,0,0,0
2003616,53e84f51-33a0-527c-efee-3ce52339a91b,64,1872543,2002520,2003616,1882703,1096,131073,129977,0,0,0
2004162,14e6625c-e012-4b22-f87d-3214fe757cec,64,1870410,2002929,2004162,1882917,1233,133752,132519,0,0,0
2004279,57ee6a27-edf7-fe79-0d91-599c6d90e3ee,64,1870638,2000127,2004279,1882263,4152,133641,129489,0,0,0
2004339,cd48d023-04c1-af17-6f56-215036e7cf32,32,1870731,2002000,2004282,1882658,2282,133551,131269,0,0,0
2004456,1360b884-a8a6-0104-54fd-09e5b1cc309f,64,1882291,2004279,2004456,1883069,177,122165,121988,0,0,0
2004516,344927b3-a4a7-4bd2-e51e-32b29a2d7598,64,1870241,2003388,2004509,1882924,1121,134268,133147,0,0,0
2004576,416ad0d7-c3fe-d61e-3775-2fe189f5e9ad,64,1875641,2000473,2004564,1882339,4091,128923,124832,0,0,0
2004851,c598006a-4e1c-ea92-2f78-c321c9c23ec1,64,1870536,2001396,2004851,1882573,3455,134315,130860,0,0,0
2005971,3ae063f5-4eda-4cfa-0db4-ba58c294f0c4,32,1870849,2004851,2005971,1883204,1120,135122,134002,0,0,0
2006346,695759f3-5f86-0297-4670-74e573dede45,64,1874944,2004516,2006346,1883094,1830,131402,129572,0,0,0
2006406,5ed69b88-fdbe-2e47-1edf-5358756b17cc,64,1875165,2004576,2006404,1883175,1828,131239,129411,0,0,0
2006613,aceab166-ee99-cc6b-acb1-21eeeca09df2,32,1882214,2006406,2006613,1883252,207,124399,124192,0,0,0
2006801,8dad3564-13ac-80ee-ab8b-1ad3046fd7a3,32,1874278,2004576,2006801,1883122,2225,132523,130298,0,0,0
2006861,6ea8ede0-94b8-e6b6-09f9-589344262809,64,1874735,2003328,2006810,1882917,3482,132075,128593,0,0,0
2006974,d210d218-3ba3-99b3-2c7b-084d774542dd,64,1871004,2004162,2006974,1882965,2812,135970,133158,0,0,0
2007034,29e7de22-97a6-6f22-dedc-130bc35430fe,64,1882281,2006346,2006998,1883241,652,124717,124065,0,0,0
2007299,8ff62a46-912f-5de4-e778-f4295c962f62,64,1870753,2004456,2007299,1883088,2843,136546,133703,0,0,0
2007359,19a7c4b1-3a5c-532e-df34-3a20c650a8d4,64,1870567,2006613,2007342,1883294,729,136775,136046,0,0,0
2007419,8e99313e-790c-b055-dc2c-2396fb8c3553,64,1881672,2006974,2007364,1883406,390,125692,125302,0,0,0
2007555,8af7c297-38fa-f8be-c4b4-87db0a51ca64,64,1882073,2007034,2007555,1883438,521,125482,124961,0,0,0
2007870,5d8a61fa-c1d0-d5d4-706a-9b4576467626,64,1871083,2005971,2007870,1883232,1899,136787,134888,0,0,0
2007930,33ec16af-fb52-93cd-ce91-b9960925d371,64,1882280,2007555,2007879,1883609,324,125599,125275,0,0,0
2008375,d6e087af-c962-09ef-9cb4-29336a83f667,32,1881868,2007930,2008375,1883639,445,126507,126062,0,0,0
2008487,8f9df875-606c-186c-17a4-f06e2e5fcb10,64,1870751,2007359,2008487,1883535,1128,137736,136608,0,0,0
2008697,ad58f8c5-6aa4-fc98-600c-55f4826e58e2,64,1875203,2006861,2008697,1883343,1836,133494,131658,0,0,0
2008757,6717bc17-f6ca-0c0b-df68-1f0e7b268b93,64,1882472,2008487,2008740,1883685,253,126268,126015,0,0,0
2008944,4904d181-eb7a-c307-35fc-7afe00a45845,64,1870623,2007870,2008944,1883628,1074,138321,137247,0,0,0
2009009,9474e768-f83f-c81b-29ac-d633051e04ee,64,1881881,2008697,2009009,1883714,312,127128,126816,0,0,0
2009081,2632c7a0-bc52-17ca-91fd-7157fea5d6c5,32,1882707,2008757,2009081,1883770,324,126374,126050,0,0,0
2009495,e2d79fd9-c4a6-6edc-d76a-08df6f4a2af2,64,1882662,2008944,2009495,1883783,551,126833,126282,0,0,0
2009610,2c5c99d2-343a-a67e-bd57-7957bb6ad59d,32,1871465,2007359,2009610,1883517,2251,138145,135894,0,0,0
2009670,730c129f-7fad-6e6c-e195-41b974dfe634,64,1882540,2009495,2009616,1883823,121,127076,126955,0,0,0
2010545,f3e42a59-d7b4-2a1f-5806-07e7afef5a22,64,1871408,2003616,2010545,1882955,6929,139137,132208,0,0,0
2011368,c6ec31ae-a42f-9410-e8f3-f24ff1de1c28,64,1870711,2007419,2011368,1883557,3949,140657,136708,0,0,0
2011894,1bbb5a1d-8ba3-399f-bb8e-8dede897cab8,64,1871459,2008375,2011894,1883653,3519,140435,136916,0,0,0
2011954,449b0580-e9bb-0bf9-2c40-622ec67d1be1,32,1870115,2009670,2011939,1883852,2269,141824,139555,0,0,0
2012040,9043ea57-30f6-8639-8529-4edc7c256240,64,1870688,2007299,2012040,1883463,4741,141352,136611,0,0,0
2012100,2810ced7-a97e-af2a-1e1e-48d7cfcf992a,64,1882714,2011894,2012072,1883917,178,129358,129180,0,0,0
2012617,5241c559-95f0-b34f-5525-e32b8f99a7c5,64,1882930,2012040,2012617,1883938,577,129687,129110,0,0,0
2013009,7c133838-8a3d-0f6c-963a-d4e512194557,64,1872079,2009009,2013009,1883789,4000,140930,136930,0,0,0
2013072,a6f0f944-8d4f-fd42-5254-65553128099f,64,1875210,2009081,2013072,1883809,3991,137862,133871,0,0,0
2013166,ede453cb-5da0-52c7-cf23-f0e291f20dce,64,1871288,2012100,2013166,1883958,1066,141878,140812,0,0,0
2013226,ea6c1008-5c7f-1975-ffe2-a962d3477692,64,1882426,2012617,2013189,1883961,572,130763,130191,0,0,0
2013286,a53e7c25-beb0-1de3-3f58-fa585db04d91,32,1882532,2013009,2013268,1884038,259,130736,130477,0,0,0
2013346,0b0b9c97-a28b-94fa-83d4-ec666b54077f,64,1882020,2013009,2013320,1884047,311,131300,130989,0,0,0
2013634,11b45f93-fa32-cfae-e059-a5e6a395a2d5,64,1883094,2013072,2013634,1884090,562,130540,129978,0,0,0
2014312,eca74d46-dc97-0cb8-6a8b-6b0e76a3fc22,64,1870848,2009670,2014312,1883860,4642,143464,138822,0,0,0
2014871,9fbc535e-adce-74f6-b896-894e58b1c0fd,64,1882019,2014312,2014871,1884207,559,132852,132293,0,0,0
2014931,b039994d-8e6b-dbec-7904-8f016e3738bc,64,1870320,2011368,2014901,1883880,3533,144581,141048,0,0,0
2015133,e7c22c8c-0ee0-cd32-dc6c-d1e535f73c12,64,1875088,2010545,2015133,1883874,4588,140045,135457,0,0,0
2015283,68751de0-0613-1a59-4fd2-d97174a26b1e,64,1882527,2015133,2015283,1884362,150,132756,132606,0,0,0
2015540,5f7a0ffc-d703-9f08-6530-454a4e0627fa,64,1882475,2015283,2015540,1884386,257,133065,132808,0,0,0
2015803,18f77559-297a-7a8c-6af6-65b12a66883b,64,1882713,2015540,2015803,1884392,263,133090,132827,0,0,0
2015980,cb046828-0264-f80b-18ef-cd8f16a1a9bc,64,1882527,2015803,2015980,1884394,177,133453,133276,0,0,0
2016040,ba538b23-6b49-85c9-4a9b-f1b7f27409ef,64,1870074,2013226,2016018,1884113,2792,145944,143152,0,0,0
2016144,fa726e14-c885-b3cc-3647-302586500714,64,1871840,2013346,2016144,1884122,2798,144304,141506,0,0,0
2016618,2eaf06fa-ee0e-bec9-11ce-e452512279f3,64,1882739,2016040,2016618,1884483,578,133879,133301,0,0,0
2016776,87cb5ed4-5421-e3c0-fccd-5bf99b96155f,64,1882503,2016618,2016776,1884493,158,134273,134115,0,0,0
2017197,c27384f4-9ffa-d7fc-be3f-83da5e320883,64,1870766,2014931,2017197,1884338,2266,146431,144165,0,0,0
2017257,783aae25-1478-c131-3583-355304eef7e0,64,1870699,2016144,2017256,1884485,1112,146557,145445,0,0,0
2017650,95bc047c-4dee-33d4-b699-dc57cf028be2,64,1871400,2014871,2017650,1884245,2779,146250,143471,0,0,0
2017824,171cf636-e523-e63c-9846-e30a37328293,64,1882717,2017650,2017824,1884650,174,135107,134933,0,0,0
2018095,56be1c30-c0e8-0e9c-3694-5e84f4a82236,64,1882727,2017824,2018095,1884711,271,135368,135097,0,0,0
2019058,904c91e5-2384-ee78-d20a-d3bd8f8b9cd2,64,1870170,2017197,2019058,1884609,1861,148888,147027,0,0,0
2019952,b1c5299a-81ce-f0bd-b14f-6085b80b626a,64,1870619,2015980,2019952,1884458,3972,149333,145361,0,0,0
2020241,9b79e1b0-2021-9ee7-acde-4171d0cd6fee,64,1870537,2013166,2020241,1884101,7075,149704,142629,0,0,0
2020776,986cfee7-21f0-1652-305d-35576e1fb42a,64,1870452,2013634,2020776,1884124,7142,150324,143182,0,0,0
2021096,d9ada054-89ed-2eea-456b-e6a0d5bbed9e,32,1882738,2020776,2021096,1884903,320,138358,138038,0,0,0
2021333,dd3807eb-7fd9-e280-403a-730c56b5a246,64,1870900,2020241,2021333,1884900,1092,150433,149341,0,0,0
2021508,566237e0-af54-8fac-8db6-8b53b7945f17,64,1870702,2016776,2021508,1884563,4732,150806,146074,0,0,0
2021591,fcdcbe70-917c-4d09-ec31-2fa2ca436e9f,64,1884167,2021333,2021591,1884922,258,137424,137166,0,0,0
2021658,972d3e9a-00d0-eab1-581a-d0b3ca1a55ec,64,1870444,2018095,2021658,1884788,3563,151214,147651,0,0,0
2021970,aa88178c-52da-afcf-74f1-d50e3d91c9d7,64,1883282,2021658,2021970,1884991,312,138688,138376,0,0,0
2022034,8f76aa72-47e0-f9a8-85c8-4135bf596434,64,1870474,2017257,2022034,1884628,4777,151560,146783,0,0,0
2022131,2fa565f5-42c4-ca3d-df89-4357a5ec8951,64,1883931,2021591,2022131,1884989,540,138200,137660,0,0,0
2022291,79b371cc-bb52-a663-a401-bc47294f08cc,64,1884300,2021508,2022291,1884960,783,137991,137208,0,0,0
2022351,9334606d-f6d6-d025-416d-4a59cdedc09c,64,1883467,2022034,2022293,1885131,259,138826,138567,0,0,0
2022458,91c4385d-f710-a7a0-1021-745d9cbca1ad,64,1883716,2021970,2022458,1885083,488,138742,138254,0,0,0
2022570,8c74ac32-c8c4-621c-945b-ba9d3d84d059,64,1871350,2019058,2022570,1884826,3512,151220,147708,0,0,0
2022813,4257ee34-fc85-2065-ad67-92bb5b327b7b,64,1871364,2022131,2022813,1885168,682,151449,150767,0,0,0
2022890,21637f26-d44c-f025-f232-9954ff54712c,32,1883559,2022570,2022890,1885352,320,139331,139011,0,0,0
2022950,704d8397-06ee-08e9-b81b-07a1e0f03653,64,1883301,2022813,2022925,1885358,112,139624,139512,0,0,0
2023010,89f9767f-d16a-774e-2924-24360b17f3e6,64,1870284,2022291,2022983,1885199,692,152699,152007,0,0,0
2023551,1df92a45-9313-2768-43ec-babb6010e38b,64,1884150,2022570,2023551,1885357,981,139401,138420,0,0,0
2023631,48c2b3b3-7ee9-0fa3-1bfe-105c887b017d,64,1875088,2022950,2023631,1885371,681,148543,147862,0,0,0
2023963,c6c240f3-71d4-42cf-18f8-4cb0502a5468,64,1871395,2019952,2023963,1884894,4011,152568,148557,0,0,0
2024535,3ae8b673-25ca-0637-b416-61188af45bf6,64,1883729,2023551,2024535,1885497,984,140806,139822,0,0,0
2024698,c8ba9526-fd28-0f8e-a07c-adbafccd04dd,32,1884261,2024535,2024698,1885525,163,140437,140274,0,0,0
2025813,44d1c371-0761-409f-1f8b-88da1a452e25,32,1870609,2023551,2025813,1885452,2262,155204,152942,0,0,0
2026023,33191a78-5a67-9427-be2f-0bbe417f8a0d,64,1871039,2022458,2026023,1885335,3565,154984,151419,0,0,0
2026337,f1fef266-c66f-615b-233e-b348715f2fb9,64,1870476,2022351,2026337,1885252,3986,155861,151875,0,0,0
2026665,8a1ccfa4-d809-61ab-9336-26f5a9ae41b3,64,1870574,2023963,2026665,1885521,2702,156091,153389,0,0,0
2026763,c9926492-b2ae-8b5a-46f3-c49a448740f4,64,1883706,2026665,2026763,1885669,98,143057,142959,0,0,0
2027558,7541152b-5fdf-b851-73eb-7251694c79af,64,1874417,2026337,2027558,1885642,1221,153141,151920,0,0,0
2027618,8f5939b7-9068-b53e-a767-e0fe8891971a,64,1871500,2023631,2027594,1885512,3963,156094,152131,0,0,0
2027746,25d5a956-1926-7252-05f3-67c82bb092e8,64,1870825,2020776,2027746,1884907,6970,156921,149951,0,0,0
2027815,f61e01b0-80d9-152c-648b-b921efd09414,64,1875197,2026763,2027815,1885857,1052,152618,151566,0,0,0
2028239,3a70cd9d-57c3-f85b-1d28-b88bb6a846ba,64,1870710,2027558,2028239,1885868,681,157529,156848,0,0,0
2028299,2951f423-244d-e797-c75c-79304d3fe85b,64,1871208,2026023,2028283,1885581,2260,157075,154815,0,0,0
2028507,7ce33348-048e-7dd2-5f16-51d6fee97df3,64,1870859,2027815,2028507,1885945,692,157648,156956,0,0,0
2028714,5ad45157-0729-80fd-4a2e-03536b767be8,64,1870754,2024698,2028714,1885576,4016,157960,153944,0,0,0
2028778,beccaf09-6527-62aa-dd43-1d3f76c880ae,64,1871912,2027746,2028778,1885940,1032,156866,155834,0,0,0
2028838,a02698ea-985c-756b-ce7d-30e34c8c230e,32,1884330,2028299,2028791,1886081,492,144461,143969,0,0,0
2029864,e2936633-30fa-6223-5252-ead221127a4d,64,1870666,2027618,2029864,1885938,2246,159198,156952,0,0,0
2030068,47259817-ebd1-21d9-0814-78d5bbd7f2fa,64,1875115,2028239,2030068,1886006,1829,154953,153124,0,0,0
2030128,3338ec24-9a6a-d6a0-4a8f-fd65aed80127,64,1874363,2023010,2030108,1885385,7098,155745,148647,0,0,0
2030587,71e3cccd-b739-d811-2e66-6098330402d6,64,1884921,2029864,2030587,1886338,723,145666,144943,0,0,0
2030647,ca95ad7e-8a50-c152-4fe3-4ba830d914d9,64,1884734,2030068,2030611,1886358,543,145877,145334,0,0,0
2030804,285cf32c-c338-84ad-6065-3dcceabf3e52,64,1884910,2028507,2030804,1886231,2297,145894,143597,0,0,0
2030944,5200bc12-b519-7a15-0eca-885079671286,64,1777423,1963909,2030944,1844576,67035,253521,186486,0,0,0
2031070,8148605d-d75c-6c2d-d4c4-a4abfd99ddd8,64,1875167,2028299,2031070,1886183,2771,155903,153132,0,0,0
2031220,c530bec7-8a34-b09d-e559-52e50564862b,64,1884952,2030944,2031220,1886434,276,146268,145992,0,0,0
2031280,eb5bf015-2375-4fd1-ffb6-8b78601579bd,64,1870688,2030128,2031223,1886369,1095,160535,159440,0,0,0
2031340,1d520f58-0288-24b2-5f9d-e8be9edc8afb,64,1884749,2030647,2031300,1886386,653,146551,145898,0,0,0
2031340,ca58122f-04ba-5547-02ef-c3f3672cc83a,64,1884909,2031070,2031308,1886471,238,146399,146161,0,0,0
2031580,dc5aaa16-f7b1-9830-a488-aa8862123caf,64,1871174,2028778,2031580,1886319,2802,160406,157604,0,0,0
2031640,7981a03e-8317-1596-ba3a-c81a749fb0b3,64,1884742,2030587,2031632,1886382,1045,146890,145845,0,0,0
2031800,d4be1299-20d1-cc2e-223a-335d91a2da0b,64,1884351,2030804,2031800,1886430,996,147449,146453,0,0,0
2031860,27bf1cbe-cb40-0de3-96c1-68efd8be38bb,64,1884570,2031640,2031834,1886704,194,147264,147070,0,0,0
2032023,b8c2bbfb-dc70-09c5-cfea-a2e4bc8ad1c7,64,1870582,2031340,2032023,1886671,683,161441,160758,0,0,0
2032101,d1d6e0a1-9ac9-79f4-1133-a266c685400f,64,1884977,2031580,2032101,1886694,521,147124,146603,0,0,0
2032161,f46e132a-14c0-f2e2-d860-cb3c745e126e,64,1884973,2031860,2032125,1886789,265,147152,146887,0,0,0
2032311,5f22e897-2654-ab92-964b-181d825e30d2,32,1884983,2032161,2032311,1886884,150,147328,147178,0,0,0
2032371,b1ae9176-f6dc-49f6-c84b-5f169a21aea8,64,1875155,2031220,2032328,1886507,1108,157173,156065,0,0,0
2032595,d3741d58-e2c1-c800-4390-b4dab0987d19,64,1871254,2031340,2032595,1886687,1255,161341,160086,0,0,0
2032907,22355888-1b21-8d1a-c8f4-226af7d32ec4,64,1884974,2032595,2032907,1887116,312,147933,147621,0,0,0
2032996,6e58fe09-6b3d-90a0-a894-aa9065b7f765,64,1884914,2032101,2032996,1886874,895,148082,147187,0,0,0
2033123,2c96c85c-8438-a672-eab0-a8261fa5c025,64,1875231,2032023,2033123,1886857,1100,157892,156792,0,0,0
2033325,8439c0df-b409-c669-c49a-592381b150a4,32,1875204,2031070,2033325,1886443,2255,158121,155866,0,0,0
2033813,a3d0fce2-6e78-7a29-004b-c8fb0acbd88f,64,1875148,2033123,2033813,1887361,690,158665,157975,0,0,0
2034030,5012c4ad-227d-4c86-086c-8ae50c0bbce5,64,1870805,2031800,2034030,1886724,2230,163225,160995,0,0,0
2034108,290007a8-aaf2-9622-a068-ce69e36b4fca,64,1872282,2032907,2034108,1887183,1201,161826,160625,0,0,0
2034168,b22c8c07-e02f-d093-9398-f71bace0a734,32,1884914,2032311,2034131,1887022,1820,149217,147397,0,0,0
2034453,79d50b46-1430-d9a9-0deb-011d26b6dd29,64,1884918,2032371,2034453,1887061,2082,149535,147453,0,0,0
2035154,b2b5c888-9931-3197-6f02-7617cbbf61c3,64,1884920,2034108,2035154,1887630,1046,150234,149188,0,0,0
2035270,be848a7e-e4b5-3ef2-2b0e-fa58aae569b4,64,1875170,2034030,2035270,1887610,1240,160100,158860,0,0,0
2035708,4c64a74e-f13f-7db8-edb0-4c031e6c0ca6,64,1870815,2028714,2035708,1886285,6994,164893,157899,0,0,0
2036017,7012afb9-7a32-da03-86a4-a82092d722e4,64,1875216,2031280,2036017,1886640,4737,160801,156064,0,0,0
2036199,dd14d35e-3af4-e2dc-62bc-2502600aca3c,64,1884746,2035270,2036199,1888179,929,151453,150524,0,0,0
2036751,90e2f928-1ffb-c52b-7ed7-073575ea47c6,64,1874293,2035708,2036751,1888221,1043,162458,161415,0,0,0
2037251,2384e812-a2bb-c375-5d45-fadfe063383f,64,1875235,2033325,2037251,1887362,3926,162016,158090,0,0,0
2037814,6ec1f3a9-c5ec-ff2e-25d4-9b63d71592b2,64,1871138,2033813,2037814,1887427,4001,166676,162675,0,0,0
2037874,ae251a0d-4dbf-67e5-0916-8fa7d7d5c5a6,64,1875150,2036017,2037858,1888321,1841,162708,160867,0,0,0
2038402,ee8f35f5-c1ad-9904-18a4-513024fab3bb,64,1884910,2035154,2038402,1888139,3248,153492,150244,0,0,0
2038462,1b400871-4c54-d7ac-1ac6-439759331d07,32,1875105,2036199,2038409,1888467,2210,163304,161094,0,0,0
2038530,2447ba02-7e12-abb1-a568-6247842f9ae0,64,1884909,2034453,2038530,1887746,4077,153621,149544,0,0,0
2039160,3242f302-6c1a-41f5-df46-da32251cac45,64,1884915,2036751,2039160,1888524,2409,154245,151836,0,0,0
2039344,3970bb0e-9eb7-fa83-1d4f-0569bab9f740,64,1875131,2038530,2039344,1889521,814,164213,163399,0,0,0
2039650,9666b13d-bdd8-7098-05c2-856ce583e8de,64,1883435,2037814,2039650,1889100,1836,156215,154379,0,0,0
2039890,d57097e6-6fd4-260a-fca5-2a0786302ad7,64,1871534,2032996,2039890,1887304,6894,168356,161462,0,0,0
2040096,0d331e35-225b-0887-580d-806b9671e209,32,1875162,2037874,2040096,1889130,2222,164934,162712,0,0,0
2040421,da34bac3-e25e-d56c-1ba8-0c6e94e20f15,64,1875152,2039160,2040421,1889662,1261,165269,164008,0,0,0
2040709,27f2cfa9-72ee-3ee1-db18-7e811fb055bc,64,1873695,2037251,2040709,1889027,3458,167014,163556,0,0,0
2041149,3d1a508d-79a0-ea8f-20ca-37b95f4527d6,64,1875107,2039344,2041149,1889733,1805,166042,164237,0,0,0
2041757,166a23c0-2f92-5644-65ff-893099b414d3,64,1875215,2040709,2041757,1890715,1048,166542,165494,0,0,0
2041835,994a4a8c-e3dd-94c9-6537-e16fc63f6d71,64,1874738,2041149,2041835,1890888,686,167097,166411,0,0,0
2042227,bfda7bb5-066b-5a7e-f7ee-61458248dd9d,64,1884917,2039890,2042227,1890197,2337,157310,154973,0,0,0
2042290,b0e00fc4-cb87-9110-fc21-3ab1f6797d4d,64,1875167,2040421,2042290,1890422,1869,167123,165254,0,0,0
2043099,9f6fafab-c5c8-1deb-7546-5a86966fb451,64,1875250,2036199,2043099,1888483,6900,167849,160949,0,0,0
2043176,c7cc7bf6-145f-5292-0bd4-049c4dac7a28,64,1874923,2038402,2043176,1889135,4774,168253,163479,0,0,0
2044164,d660363d-2284-2d54-223e-74bfb5862dd8,64,1883343,2043099,2044164,1893885,1065,160821,159756,0,0,0
2044373,30503e38-c166-9242-a3d2-24f847a2746a,64,1884906,2039650,2044373,1890020,4723,159467,154744,0,0,0
2044535,7a6efe0d-6f30-0fca-5d86-f0bf1c952e7b,64,1883440,2042290,2044535,1893504,2245,161095,158850,0,0,0
2045400,38290fcb-4b6c-b2b0-1e6b-2ef096872a23,32,1883439,2044535,2045400,1896004,865,161961,161096,0,0,0
2045460,33b9041a-5209-81cf-ed3d-a93bdd1be142,64,1883372,2044373,2045449,1895630,1076,162077,161001,0,0,0
2045525,5a95a1e1-bb43-3b8f-49bb-bf04ee5c75ee,64,1874721,2038462,2045525,1889462,7063,170804,163741,0,0,0
2045738,b1c538cf-e90e-a5ad-d3d0-5b49f925f1c5,64,1875115,2041757,2045738,1891235,3981,170623,166642,0,0,0
2045843,bd61f49a-b019-34ed-edb4-7a57ecea9809,64,1875575,2041835,2045843,1891768,4008,170268,166260,0,0,0
2046769,dbebc863-e5c5-aed0-b8f0-d38ff862ccad,32,1883958,2044535,2046769,1895727,2234,162811,160577,0,0,0
2046988,006bc64f-79f0-bd12-aa8d-9e258b976174,64,1883317,2045738,2046988,1898162,1250,163671,162421,0,0,0
2047312,48662734-1784-bcfc-8bb4-56618263b1ea,64,1883390,2045460,2047312,1896767,1852,163922,162070,0,0,0
2048220,c84c7e0a-8a8e-0597-d2ac-35da4d40adf2,64,1884913,2042227,2048220,1892160,5993,163307,157314,0,0,0
2050973,31452d7f-01e0-58c1-9440-e3d5a3c32fcb,64,1884923,2045400,2050973,1896193,5573,166050,160477,0,0,0
2051183,a5e01dc4-85f2-9ff7-ee9a-3c6cb85cfeda,64,1884928,2044164,2051183,1894261,7019,166255,159236,0,0,0
2056682,bd03e398-ac8e-c9ae-d03a-83c07bf07f54,64,1884923,2045843,2056682,1898701,10839,171759,160920,0,0,0
2062035,f8be5ca2-81a1-139f-effa-c21454f1a244,64,1884924,2043176,2062035,1894121,18859,177111,158252,0,0,0
2066556,ceaade53-2032-019e-425e-f87bea1403f5,64,1884916,2047312,2066556,1901398,19244,181640,162396,0,0,0
2068439,41c61440-e502-54f8-2d1e-396abecc8b1b,64,1884902,2048220,2068439,1903002,20219,183537,163318,0,0,0
2069372,9b5bfd6a-d515-e880-4f1a-9d593dd92173,64,1884926,2045525,2069372,1897528,23847,184446,160599,0,0,0
2070830,c12ad892-9249-01e9-e9ce-baca1141365e,64,1884905,2046988,2070830,1899420,23842,185925,162083,0,0,0
2072392,ac977f70-d11a-68ed-f421-40267ef57e55,64,1884927,2050973,2072392,1903970,21419,187465,166046,0,0,0
2072797,b1ef1871-1262-d6cf-8c0d-6a8487983fcc,64,1884906,2056682,2072797,1904232,16115,187891,171776,0,0,0
2077400,71a60d72-3589-8481-3bff-cf891163bec0,64,1884923,2062035,2077400,1905826,15365,192477,177112,0,0,0
2078397,3332323b-4f75-0a96-c1a6-034aa7ef610e,64,1884903,2051183,2078397,1904111,27214,193494,166280,0,0,0
2078759,79448aad-fb30-6592-40b0-2f61276242fe,64,1884908,2070830,2078759,1909319,7929,193851,185922,0,0,0
2080764,b4b60591-78f5-d15f-efd8-bec8b95e7269,64,1884930,2068439,2080764,1908472,12325,195834,183509,0,0,0
2084006,15ea3f98-aa86-067a-986a-0c91529b58e6,64,1884912,2072797,2084006,1910657,11209,199094,187885,0,0,0
2086969,a373ff1b-027f-45f3-2303-64bee43554f2,64,1884903,2077400,2086969,1910790,9569,202066,192497,0,0,0
2091703,9b2a50be-2d34-80c8-a198-1a4bd1da128e,64,1884916,2078397,2091703,1911730,13306,206787,193481,0,0,0
2093405,c46cad2c-5722-24ee-ae07-30caff9bc071,64,1884905,2069372,2093405,1909046,24033,208500,184467,0,0,0
2093497,d5df9347-92c9-1165-c10a-0dba69576502,64,1884925,2066556,2093497,1906919,26941,208572,181631,0,0,0
2094845,39cd0278-116f-2be4-f2d2-b2ee4ef0137d,64,1884903,2072392,2094845,1909619,22453,209942,187489,0,0,0
2109153,cbcb02f0-2518-4946-fbd3-9f0f41721720,64,1884903,2078759,2109153,1919871,30394,224250,193856,0,0,0
2154719,b706b5c0-811c-f5fe-1505-6dc8ab54e126,64,1828844,2080764,2154719,1925339,73955,325875,251920,0,0,0
2192622,3f4de8fe-aa87-c37a-2188-df68b143bd38,64,1816551,2084006,2192622,2064897,108616,376071,267455,0,0,0
2201969,861cf281-7c60-3d41-8fd2-e25542712423,64,2201789,2201789,2201934,2202914,145,145,0,0,0,0
2202029,efc45eec-ac54-2b5d-8998-849cec6d9447,64,2201259,2201259,2202027,2211152,768,768,0,0,0,0
2203155,b3577978-cd25-c290-e1ee-9a3c3c3bb41b,32,2201557,2201557,2203147,2207300,1590,1590,0,0,0,0
2203215,e2f7608a-809a-de2d-b9b9-272169317b55,64,2202392,2202421,2203167,2210696,746,775,29,0,0,0
2203280,578eb12e-eeb1-d65a-0578-7987cd227601,64,2201699,2201699,2203280,2206275,1581,1581,0,0,0,0
2203721,0d139b18-31a9-a467-7faf-4b307706a713,32,2202342,2202361,2203704,2210648,1343,1362,19,0,0,0
2203837,7583bd18-48ee-4460-0b40-11c11c5e230f,64,2201845,2201849,2203837,2208446,1988,1992,4,0,0,0
2204017,c785235b-727a-8a81-417a-a4afcc1f0b70,64,2201949,2201969,2203966,2207155,1997,2017,20,0,0,0
2204077,070be0ef-ca8c-ba2a-a45b-5e2d78fc8716,64,2203127,2203155,2204020,2208746,865,893,28,0,0,0
2204378,f5f08d95-360b-8d34-3c4e-05385e95aa5c,64,2203843,2203897,2204378,2208096,481,535,54,0,0,0
2204700,b778ea24-d3bf-37ab-a8f4-dd83a91f262e,64,2202894,2202894,2204645,2210863,1751,1751,0,0,0,0
2205237,ac100258-f97c-093a-b1e8-24e81c3618b1,32,2203606,2203661,2205237,2208875,1576,1631,55,0,0,0
2205769,7785d854-23e4-45bf-c3a2-5f768f736feb,64,2203348,2203348,2205769,2209383,2421,2421,0,0,0,0
2206979,7a350455-0fe0-b1f2-f371-4a30267e693d,64,2203597,2203601,2206979,2208363,3378,3382,4,0,0,0
2207039,5b4be0ff-4c87-49da-1ce0-b264c608e8b1,64,2202834,2202834,2207035,2210980,4201,4201,0,0,0,0
2207119,0d756bea-2d5d-dcda-71a3-cb338b01b0c2,64,2202075,2202089,2207119,2209252,5030,5044,14,0,0,0
2207265,bcc0d0c3-1c73-ded4-d884-54aa7722f634,64,2204712,2204760,2207265,2209911,2505,2553,48,0,0,0
2207349,a606d8bb-cd82-ef51-a3f8-a128af2cb10d,64,2204912,2204912,2207349,2210641,2437,2437,0,0,0,0
2207917,4861c734-03fc-245f-d7c7-782d09982fa4,32,2202164,2202164,2207917,2211098,5753,5753,0,0,0,0
2207977,1af42a0d-21fb-f28e-a4cd-a401adf81e94,64,2201870,2201909,2207961,2211373,6052,6091,39,0,0,0
2208037,ba6dbd38-115a-9359-4984-fcee38bb30ab,64,2204678,2204700,2207983,2210707,3283,3305,22,0,0,0
2208037,030cb0a7-26a9-4d9e-ef72-3c6e2d017433,64,2204753,2207265,2208004,2211283,739,3251,2512,0,0,0
2208392,47a2b724-2d72-58dc-1610-ded7dd5291df,64,2203541,2203541,2208392,2209463,4851,4851,0,0,0,0
2208452,ac5b60f3-8e5c-b9f2-924d-0581b8573d94,64,2203357,2203408,2208397,2210666,4989,5040,51,0,0,0
2208675,15d12089-80ff-aee8-a727-902bf563f9c0,64,2202356,2202361,2208675,2211474,6314,6319,5,0,0,0
2208844,fbabb543-270c-3c3d-dd75-9a71bf58b0b1,64,2204700,2204700,2208844,2210853,4144,4144,0,0,0,0
2209328,894ba14b-f9fa-b26f-51fd-eedf6f36a9c9,64,2203095,2208452,2209328,2212247,876,6233,5357,0,0,0
2209611,1f42ec8c-2c4a-2e2c-03b5-2e867a6c3062,32,2202315,2208037,2209611,2211737,1574,7296,5722,0,0,0
2209671,26a87038-1bfd-33fe-3854-f204bc54010a,64,2202241,2202241,2209651,2212564,7410,7410,0,0,0,0
2209671,fc1663ab-0095-43f5-3c3b-88ce4972fb40,64,2202670,2202670,2209665,2211282,6995,6995,0,0,0,0
2209989,3d69410c-1c65-b270-e831-b595ea71fc0e,64,2203416,2208675,2209989,2212264,1314,6573,5259,0,0,0
2210049,3cdd7ed3-2cfe-187b-bbe4-b9ec846af755,64,2203932,2204378,2209993,2211071,5615,6061,446,0,0,0
2210724,10b100a6-6cff-3c34-f481-f04eb1d8bf7b,64,2205075,2209989,2210724,2212816,735,5649,4914,0,0,0
2210784,7f69ceb9-ff44-f189-9009-acaaec8a1e86,64,2202553,2208037,2210783,2212020,2746,8230,5484,0,0,0
2210894,1f75d3b9-7878-de8d-59b2-7bdab654dded,64,2204983,2208037,2210894,2211969,2857,5911,3054,0,0,0
2210963,91077679-8e7b-0c2c-165a-d69ee89f396f,64,2204024,2209671,2210963,2212681,1292,6939,5647,0,0,0
2211170,f5282b37-8c97-6c5c-9309-cd561ad9ee47,64,2204588,2208392,2211170,2212067,2778,6582,3804,0,0,0
2211245,77759b1b-d67a-c620-3b1b-9e9ef717b06e,64,2203966,2209671,2211245,2212675,1574,7279,5705,0,0,0
2211654,1ef18041-fb55-ef2d-0bf5-a774d4c8c396,64,2203658,2210784,2211654,2213479,870,7996,7126,0,0,0
2211654,14d2d62e-513f-b3f6-ce4b-f64ab4c83703,64,2204459,2211170,2211654,2213846,484,7195,6711,0,0,0
2211714,d0579aef-145a-02f7-7b28-a4a59a8019e8,64,2202259,2210894,2211665,2213600,771,9406,8635,0,0,0
2212283,f8f30c22-7a90-603d-e740-ca34a25ad367,64,2204580,2210963,2212283,2213697,1320,7703,6383,0,0,0
2212528,c7752a28-a772-45f2-9cef-a72a32458e39,64,2203662,2211245,2212528,2214702,1283,8866,7583,0,0,0
2212528,de136628-88bd-f52c-1754-6b3efe0e0ca3,64,2204834,2211654,2212528,2215171,874,7694,6820,0,0,0
2212588,a8b097f8-9986-d76c-0a01-ec4373eab180,64,2205041,2211714,2212535,2216178,821,7494,6673,0,0,0
2212815,9ed69269-b02c-78d1-b78b-f9dd7828de04,64,2205482,2212283,2212815,2216514,532,7333,6801,0,0,0
2212875,e53b4994-25d7-b127-83c8-8104caf35eeb,32,2203703,2211245,2212834,2214141,1589,9131,7542,0,0,0
2212875,4ca477df-c03d-f516-e164-9a576bcc33d4,64,2204992,2210049,2212857,2213314,2808,7865,5057,0,0,0
2214241,7fe407ef-eca5-b627-1153-3f962c48332e,64,2202258,2202301,2214241,2212654,11940,11983,43,0,0,0
2214979,6b67998a-09fb-7b06-a10b-04df1819c084,64,2205446,2211654,2214979,2214751,3325,9533,6208,0,0,0
2215722,f733f5e5-1857-c3fb-763e-851f58162f00,64,2204158,2210724,2215722,2213368,4998,11564,6566,0,0,0
2245076,fece8f34-cebe-94cd-a4f0-bff9ff37999b,64,2244316,2244340,2245076,2248690,736,760,24,0,0,0
2245548,c244e298-5296-82f1-8e31-a915c9e37188,64,2244410,2244463,2245548,2255304,1085,1138,53,0,0,0
2246150,532c73b2-d429-b1c8-aa50-bf1904f2c8e8,64,2244848,2244865,2246150,2254228,1285,1302,17,0,0,0
2246377,4621207c-b451-2537-2959-0a1083935cc2,32,2244805,2244805,2246377,2254466,1572,1572,0,0,0,0
2246438,86f4ae8a-0e32-3e12-2cc4-f7e28301c917,32,2244860,2244865,2246438,2252341,1573,1578,5,0,0,0
2246683,8f492e32-93e3-d9df-af6f-db64873bbabf,64,2243867,2243905,2246683,2249081,2778,2816,38,0,0,0
2247371,da1484a0-1265-17b8-2b10-4b8b6fdb862a,64,2244442,2244463,2247330,2255235,2867,2888,21,0,0,0
2247620,98154259-2c1b-2ea9-a2f0-b3c4ae933082,64,2243845,2243845,2247620,2254671,3775,3775,0,0,0,0
2248045,d32fa160-9b9f-1648-5bcc-5a3cb5ed038c,64,2247280,2247311,2248045,2257463,734,765,31,0,0,0
2248373,2197f7b7-0439-5b6b-3968-a485dab1d151,64,2244320,2244340,2248373,2259870,4033,4053,20,0,0,0
2248757,17eed41c-f2ff-7a3b-0edc-1761168e80f1,64,2244280,2244280,2248757,2256423,4477,4477,0,0,0,0
2249040,b7ae9b51-cdba-1ac3-a975-215cf58ae9cf,64,2244079,2244079,2249040,2252940,4961,4961,0,0,0,0
2249319,d82c39bc-e536-96d8-1a46-73ec78237588,64,2247251,2247251,2249319,2257580,2068,2068,0,0,0,0
2249678,91888926-5c22-fb84-da2d-d7e338e30dca,64,2244963,2248757,2249678,2262373,921,4715,3794,0,0,0
2250099,5f4d6f5e-73a5-e2fb-ef1a-dcfb41fe4fb8,64,2243972,2243972,2250099,2256020,6127,6127,0,0,0,0
2250187,080315b6-43bf-1843-265b-e8155fd3d9ae,64,2244079,2244079,2250187,2260753,6108,6108,0,0,0,0
2250765,f40ae3c6-3153-16cf-e0c9-e68cdf55bc05,64,2244403,2244403,2250765,2253398,6362,6362,0,0,0,0
2250825,2d9be2d2-95d7-d47d-43bc-32e72e6a23ed,32,2249206,2249206,2250816,2254583,1610,1610,0,0,0,0
2250885,5c223792-cdff-9f5a-41a5-4c77ca523dc2,64,2244472,2248373,2250865,2261863,2492,6393,3901,0,0,0
2250977,a5bf5b50-da5b-2bf4-3bed-453a95ddb09e,64,2244867,2245548,2250977,2255511,5429,6110,681,0,0,0
2252794,930313a6-a233-edf0-fc4a-558a1b935362,64,2247349,2249040,2252794,2262951,3754,5445,1691,0,0,0
2252932,ebcca83c-dad9-d1a2-38c7-72350be381a8,64,2252135,2252153,2252932,2257717,779,797,18,0,0,0
2253736,a23c2390-fc2a-4d41-b8e9-f3348796cc19,64,2252110,2252153,2253736,2257348,1583,1626,43,0,0,0
2254015,6332437d-8edc-a98c-6455-ec23ece78bb8,64,2244488,2249319,2254015,2264950,4696,9527,4831,0,0,0
2254075,747a6035-82e8-78dc-a05f-a20b62cf8e7e,64,2252093,2252093,2254052,2257048,1959,1959,0,0,0,0
2254135,8bc8d901-3d52-9634-9f8a-84604fe8bc12,64,2251314,2251314,2254089,2259272,2775,2775,0,0,0,0
2254697,b823b2b3-837b-1dc5-f454-2acb337d3f2d,64,2252190,2252213,2254697,2263102,2484,2507,23,0,0,0
2254933,d3814c27-6a85-c0f7-5912-f10962ec5d80,64,2252106,2252153,2254933,2261045,2780,2827,47,0,0,0
2257314,62f31a1a-598e-e101-a9c6-ec4f72c7a0a7,64,2254802,2254802,2257314,2259382,2512,2512,0,0,0,0
2258329,67eb91a9-0b5e-aa99-c64b-b38b533a66a5,64,2257593,2257593,2258329,2262923,736,736,0,0,0,0
2258389,d8590e90-9d3d-3f52-931e-53f45b565144,64,2253520,2253520,2258367,2266736,4847,4847,0,0,0,0
2258523,8dbfc11c-d6d5-b8eb-dddb-ad239ccf72fe,64,2257611,2257653,2258523,2268022,870,912,42,0,0,0
2259122,41bf7a21-cbd0-e8d1-67f2-411bd332f361,64,2257690,2257713,2259122,2267015,1409,1432,23,0,0,0
2259481,2243e46c-b32a-74c3-b66f-200dbb0f5aea,32,2257859,2257896,2259481,2268672,1585,1622,37,0,0,0
2260957,f3b8b707-361d-daad-8b03-f08af26a71e9,64,2257845,2257896,2260957,2274168,3061,3112,51,0,0,0
2262436,f8624c2b-c40f-ae82-7fb2-7891363d3b7f,64,2261699,2261699,2262436,2271446,737,737,0,0,0,0
2262496,945d09a4-7841-1920-1f01-8aad9f50d468,64,2261705,2261759,2262490,2269866,731,785,54,0,0,0
2262644,2ede4422-c162-ee8e-f7d3-534d48bf00d0,64,2257843,2257896,2262644,2267738,4748,4801,53,0,0,0
2262767,40095930-a3ad-ad40-7a02-671b340f70b7,64,2257836,2257836,2262767,2262032,4931,4931,0,0,0,0
2263035,74d033a1-0d82-f2a5-68d1-23cdb0cf1272,64,2261734,2261759,2263035,2272099,1276,1301,25,0,0,0
2263365,40116273-42da-f860-a60f-dbbfa0895a9d,64,2257687,2257713,2263365,2269446,5652,5678,26,0,0,0
2263846,c2f04e50-2ac6-6e9b-29e7-d32cb3d7071b,64,2263365,2263365,2263846,2269507,481,481,0,0,0,0
2264418,1c1a9a23-c682-aa52-386d-0d34bb8a033c,64,2263574,2263574,2264361,2274502,787,787,0,0,0,0
2265569,3ef0a8b5-5f83-4fe9-2630-a7485e45cac2,64,2265050,2265080,2265569,2269180,489,519,30,0,0,0
2265666,b959971e-251f-f5c1-af06-dff31a66f9ec,64,2264358,2264358,2265666,2272939,1308,1308,0,0,0,0
2266111,1ef02da5-8edb-5fe1-aba9-4a0ce43144ed,64,2263607,2263634,2266111,2270853,2477,2504,27,0,0,0
2266171,c66c7f79-f1c0-fa84-f95d-5953d0c17441,64,2264840,2264840,2266119,2273074,1279,1279,0,0,0,0
2266455,d740e77d-e942-c04b-7bd4-69abf03444fb,64,2264878,2264900,2266455,2270293,1555,1577,22,0,0,0
2266648,c9b11bcc-68f4-5844-9dcb-7141f350c217,64,2264954,2264960,2266648,2273697,1688,1694,6,0,0,0
2267902,d6eec310-13ae-642b-0090-f561624f699c,64,2264970,2265020,2267902,2275904,2882,2932,50,0,0,0
2268899,62dc1ae6-2c17-b9a3-f284-0d390f8dae26,64,2268586,2268586,2268899,2271394,313,313,0,0,0,0
2269707,2521ead4-7044-e022-ca6a-518f17cc3ea3,64,2268692,2268692,2269707,2272259,1015,1015,0,0,0,0
2269846,b03cbb07-8493-192b-cb1d-b4d4996398e8,64,2268811,2268811,2269846,2272123,1035,1035,0,0,0,0
2271293,a12f9473-9dfb-d067-ed5f-82b3c542806f,64,2269963,2269963,2271293,2276622,1330,1330,0,0,0,0
2272034,6fcf5292-f733-9a3c-3b21-72f0dd0b5755,64,2269969,2270023,2272034,2277697,2011,2065,54,0,0,0
2272222,dbbf300b-f053-526e-8210-703ce4d553f7,64,2271376,2271431,2272222,2275880,791,846,55,0,0,0
2272816,56029ffd-8349-7250-ca12-f4df3feed839,64,2271376,2271431,2272816,2278474,1385,1440,55,0,0,0
2272876,0ad2be24-14f4-884f-59df-2af88bb3870b,64,2271372,2271431,2272830,2275776,1399,1458,59,0,0,0
2273054,3904a036-0ab5-b0af-0286-3337efe7d24b,64,2271380,2271431,2273054,2278564,1623,1674,51,0,0,0
2273143,f421936d-4f92-477a-0ec5-47720e850e6b,64,2271377,2272222,2273143,2278649,921,1766,845,0,0,0
2273553,f44d058a-b792-04eb-c623-d9d0df8f2b69,64,2271377,2271431,2273553,2277866,2122,2176,54,0,0,0
2273613,23b55749-95dd-8c7d-4d34-28e7a2ce9d90,64,2271375,2273054,2273586,2279551,532,2211,1679,0,0,0
2274414,b0b59f70-1dc2-4708-c86d-7a24673b547a,64,2271373,2271431,2274414,2275823,2983,3041,58,0,0,0
2274562,ae00bf9d-861b-4490-2a9b-b1edd5ad1c06,32,2271377,2272876,2274562,2279360,1686,3185,1499,0,0,0
2274696,4ccf9f22-16a8-778a-5b50-c965576818b5,64,2271777,2271796,2274696,2276765,2900,2919,19,0,0,0
2274835,d7b41c99-75c5-a2c6-2859-b98f8bd16f49,32,2271372,2273143,2274835,2279640,1692,3463,1771,0,0,0
2274978,02506469-4c61-0136-c9e6-6d52accb60ff,64,2271379,2271431,2274978,2278535,3547,3599,52,0,0,0
2275101,ebfe213e-21b0-319d-a037-ff939b47338b,64,2270808,2270808,2275101,2281373,4293,4293,0,0,0,0
2275300,4c2c39d1-a1b7-f5d9-3339-dfb8778aa5bb,64,2271371,2271371,2275300,2281379,3929,3929,0,0,0,0
2275768,f57e6f5d-00e9-6548-7178-0a92e6eeba72,64,2271380,2273613,2275728,2279847,2115,4348,2233,0,0,0
2275873,ab192581-9692-f2d1-c26b-a7c64b6ab93c,64,2271372,2272816,2275873,2278750,3057,4501,1444,0,0,0
2275933,1f244b3a-a251-86b3-f3a2-2d6a14a607f1,64,2271381,2272876,2275906,2279402,3030,4525,1495,0,0,0
2276026,9d3997a2-8939-e31a-ef27-865bcefd51e4,64,2271377,2275101,2276026,2282039,925,4649,3724,0,0,0
2276194,6bc6ec62-3f86-6bf1-4aa0-953af82c4c7b,64,2271372,2273553,2276194,2279651,2641,4822,2181,0,0,0
2276702,e84e3bd6-753b-e46c-c264-9cacffc7b392,64,2271380,2275300,2276702,2282234,1402,5322,3920,0,0,0
2277275,b6a99227-b96f-d06b-4d3d-a7b8a36cb32b,64,2271378,2275873,2277275,2282911,1402,5897,4495,0,0,0
2277435,7f5c6add-c366-77fd-17e6-78cb909e188b,64,2271372,2276026,2277435,2283042,1409,6063,4654,0,0,0
2277649,b35707fc-f0bc-3792-aacb-644c9bf8621b,64,2271372,2275933,2277612,2282985,1679,6240,4561,0,0,0
2278008,25aad0d9-4c1d-1f89-0eec-639a4c0c2acd,64,2275648,2277275,2278008,2283735,733,2360,1627,0,0,0
2278343,ff02aafa-e0e2-2efe-1d51-16c2796b584b,64,2271736,2274978,2278328,2281665,3350,6592,3242,0,0,0
2278407,2ac5a601-4196-1a47-84d2-1b65ab94d7e3,64,2271372,2275768,2278407,2282273,2639,7035,4396,0,0,0
2278824,330c6855-734d-7bc5-eab6-15cd8697dcad,64,2271377,2276194,2278824,2283118,2630,7447,4817,0,0,0
2279778,7f5f056c-d13b-e2f7-2e4e-f21a799c7542,64,2271658,2278343,2279778,2285276,1435,8120,6685,0,0,0
2279838,f625a53a-639d-2d06-0730-16c6cabb8a7c,64,2271373,2276702,2279779,2283459,3077,8406,5329,0,0,0
2279971,95adb91b-de4d-da34-ca3e-15b19ffc974c,64,2271382,2274696,2279971,2281659,5275,8589,3314,0,0,0
2280903,649f6efd-6af6-6328-001d-0b474e6466f4,64,2278434,2278467,2280903,2283517,2436,2469,33,0,0,0
2280976,28848e97-5a69-9dab-9d1b-779dcc2d9252,64,2276917,2277649,2280976,2284657,3327,4059,732,0,0,0
2281231,63083744-2381-6061-4aee-a8e37c430d7a,64,2277061,2278407,2281231,2286209,2824,4170,1346,0,0,0
2281377,890e8799-d697-27e7-f376-ecfa5c551f7b,64,2275673,2280903,2281377,2286830,474,5704,5230,0,0,0
2281437,4a70d943-e232-361b-b96c-4eb76bd14d9b,64,2277589,2278008,2281383,2285208,3375,3794,419,0,0,0
2282099,55981136-0d82-e907-d62e-1e2b0afbabe1,64,2278420,2278824,2282099,2285916,3275,3679,404,0,0,0
2282257,cac7ab8f-267e-8f89-6616-918475cf3261,64,2279355,2279778,2282257,2285743,2479,2902,423,0,0,0
2282696,d31e1d2c-4eb1-6c16-d733-909426b71b11,64,2279324,2279324,2282664,2283536,3340,3340,0,0,0,0
2282696,0c2e502a-ea19-1838-6f22-0182097e2680,64,2278283,2281377,2282676,2287276,1299,4393,3094,0,0,0
2283408,4a45609d-2350-810b-5d27-a126ed9f8d7c,32,2279330,2282099,2283408,2290448,1309,4078,2769,0,0,0
2283800,c61186bd-3aea-b088-37ee-beccaef35465,64,2275721,2277435,2283800,2283995,6365,8079,1714,0,0,0
2283860,876fade3-c538-56f4-0643-b3b9947d02d6,64,2278150,2280976,2283813,2287139,2837,5663,2826,0,0,0
2284202,abcd59d6-1fb4-6222-13f1-5f091b9ebf85,32,2282590,2282636,2284202,2287096,1566,1612,46,0,0,0
2284279,47b94c61-073d-7123-cb2e-29450cb0153d,64,2282642,2282696,2284279,2288968,1583,1637,54,0,0,0
2284339,a5efd256-9588-122c-8b14-4f94c1e7c308,64,2278473,2281231,2284283,2287246,3052,5810,2758,0,0,0
2284399,fe8ce2e2-8661-cad0-6af2-7ff46dd69c92,64,2262536,2262556,2284344,2289543,21788,21808,20,0,0,0
2284617,0d201423-b6e4-1bd8-0723-9b3f7a63342b,64,2282599,2282636,2284617,2289496,1981,2018,37,0,0,0
2284677,0bc5aa9b-1570-43b1-eb7e-987635418d1a,32,2279335,2282257,2284621,2290652,2364,5286,2922,0,0,0
2285166,2cddbe4d-4c5f-eada-e3d9-1ce29b8c9417,64,2282958,2284399,2285166,2292893,767,2208,1441,0,0,0
2285304,993c71b9-d5a7-e164-6115-51d626ca2c0f,32,2282576,2282576,2285304,2291191,2728,2728,0,0,0,0
2285465,ee525fc1-d117-329c-28e3-63faa65eaeec,64,2282601,2282636,2285465,2288866,2829,2864,35,0,0,0
2285695,4392f023-b3c0-0d0c-2e99-521ba24d2c43,64,2275697,2284677,2285695,2295785,1018,9998,8980,0,0,0
2285823,6ccb00fc-4d14-a4e0-ba2f-7c38f07ee76a,64,2282941,2284279,2285823,2292630,1544,2882,1338,0,0,0
2287763,481edaa3-6d49-73e2-9dda-e5a0757a5d0a,64,2287267,2287267,2287738,2293052,471,471,0,0,0,0
2289419,4c19b936-eb25-f47f-d331-89419f46e04f,64,2288655,2288655,2289419,2292925,764,764,0,0,0,0
2289508,e9ae8b90-e223-8e52-2f00-3de48a863662,64,2288233,2288233,2289508,2292653,1275,1275,0,0,0,0
2289568,cf32027b-d6cf-6f1c-aff7-7e48a2b2f049,64,2287092,2287092,2289568,2294271,2476,2476,0,0,0,0
2289628,0bfeb31f-b7ea-ece0-130c-7a15afa471a6,64,2286801,2286801,2289587,2292540,2786,2786,0,0,0,0
2289748,6ed68c77-11f7-c7fe-155a-7be40686f21e,64,2282927,2284339,2289703,2292774,5364,6776,1412,0,0,0
2289818,164d72ea-fff8-e63a-a87e-6f47558fa5ae,64,2277040,2282257,2289818,2292189,7561,12778,5217,0,0,0
2290080,f142b1ca-ea1c-4acc-35db-7bf012a60a3c,64,2282609,2284617,2290080,2295563,5463,7471,2008,0,0,0
2290140,e5434435-30d8-c58e-be13-6352cc6ef907,64,2288499,2289628,2290103,2296183,475,1604,1129,0,0,0
2290140,ca6de99b-f4f3-015e-b3e4-314571e77582,64,2286356,2286356,2290110,2296921,3754,3754,0,0,0,0
2290316,fde0a8e5-461d-3376-ae3d-16ba57e44133,64,2289562,2289568,2290316,2294635,748,754,6,0,0,0
2290376,b6ee88fa-0aa2-2a84-98e8-9c5584e0578a,64,2287508,2287508,2290330,2294222,2822,2822,0,0,0,0
2290582,3641b4dd-a333-b746-197c-93407e36c219,64,2289681,2289818,2290582,2297013,764,901,137,0,0,0
2290925,f69383cf-5723-6264-e336-32e1408cb9ea,64,2287943,2290140,2290925,2297731,785,2982,2197,0,0,0
2290985,b8f63f3c-844d-1991-b40a-e22efb91beaa,64,2286629,2286640,2290941,2295934,4301,4312,11,0,0,0
2291304,965250ee-2444-d471-ce75-6d6153cf6453,64,2289198,2290582,2291304,2298330,722,2106,1384,0,0,0
2291364,de199b18-574c-e1d0-8d29-6b30c696af69,64,2287796,2290080,2291364,2297689,1284,3568,2284,0,0,0
2291695,aab87f0f-5454-f4d3-355f-6942f6b46328,64,2289058,2290376,2291671,2298221,1295,2613,1318,0,0,0
2292594,3c040d00-58a1-80ea-14fa-60545386793f,32,2286580,2286580,2292594,2297312,6014,6014,0,0,0,0
2292654,cd8074b7-b478-27ed-2649-30134a82a7ea,64,2277936,2285465,2292613,2298690,7148,14677,7529,0,0,0
2292877,31ed5e54-6407-e982-35b2-efd8c0dbd3aa,64,2291575,2291575,2292877,2296202,1302,1302,0,0,0,0
2292950,aed20342-04f6-d028-1a53-83cf7d6d99f3,64,2290177,2290200,2292950,2295599,2750,2773,23,0,0,0
2293185,434f03ee-8c86-cb3e-54e0-6cf4804ca128,64,2292327,2292327,2293185,2296319,858,858,0,0,0,0
2293516,5e219c30-aa9e-500c-1558-e6c0b314ae42,64,2279443,2283860,2293516,2292404,9656,14073,4417,0,0,0
2293732,3f3e1d01-6582-c5b0-84e1-83e9b099f4b5,64,2279501,2285166,2293732,2298102,8566,14231,5665,0,0,0
2294475,c1687428-138f-2b44-a51f-5f81ec9e0dae,64,2291683,2291695,2294475,2300721,2780,2792,12,0,0,0
2295546,39c73459-71eb-1719-ee42-f488643b0587,64,2288978,2293516,2295546,2301739,2030,6568,4538,0,0,0
2295608,8a28a9ea-64c8-6737-91cb-4c9b21fb7428,64,2293949,2293949,2295608,2301244,1659,1659,0,0,0,0
2295668,f02a2faa-9014-9ac6-722b-80d189800ffc,64,2290723,2290723,2295619,2296426,4896,4896,0,0,0,0
2295728,f18f94e5-0817-73e2-e243-8eed42ba45cf,64,2294096,2294096,2295684,2299461,1588,1588,0,0,0,0
2296533,173414ad-0977-2659-8d6d-821e95355248,64,2291603,2291635,2296533,2297801,4898,4930,32,0,0,0
2296885,8d6837f6-c001-0105-acfd-faf14216a82d,64,2293991,2295608,2296885,2302398,1277,2894,1617,0,0,0
2297005,b03b1bb7-640a-9390-b3a8-df5e148c5b22,64,2295406,2295668,2296980,2302409,1312,1574,262,0,0,0
2297301,41167703-c5b3-98d6-436c-00aacd590016,64,2295482,2295728,2297279,2302454,1551,1797,246,0,0,0
2297490,d4a1f06a-329c-ccec-8fe4-a9923fef21c2,64,2294528,2297005,2297490,2303229,485,2962,2477,0,0,0
2297953,ec3fd2c2-515b-3539-c3b1-940e3434a281,64,2282621,2285695,2297953,2301142,12258,15332,3074,0,0,0
2298466,584f0eeb-4517-7af7-266e-edabe98c9cdd,64,2293046,2293046,2298466,2301497,5420,5420,0,0,0,0
2298706,701f3bb6-cc0c-4032-485e-64bd4a4855b2,64,2295632,2296533,2298706,2302924,2173,3074,901,0,0,0
2298814,4b14469d-d4d8-fd21-75c1-423f96520c90,64,2283662,2285823,2298814,2301702,12991,15152,2161,0,0,0
2298874,4676209d-fa24-3a22-6e07-db80e92738ed,64,2296887,2297490,2298824,2303829,1334,1937,603,0,0,0
2298874,1ef6363e-ceb6-da79-3c4d-58c5092b7823,64,2293993,2295546,2298848,2302140,3302,4855,1553,0,0,0
2299240,ee07762b-2872-0c9f-e446-a66ba482e73a,64,2295155,2297953,2299240,2303927,1287,4085,2798,0,0,0
2299499,ec96a732-848f-0ea1-0642-0aa22ffb63a2,64,2296682,2296682,2299499,2302065,2817,2817,0,0,0,0
2299559,5228f6b1-29be-2c5e-ee0f-13a4e8600d28,64,2294997,2298814,2299555,2304852,741,4558,3817,0,0,0
2299619,9fff056b-3b1b-25fc-32e8-e10d9fdec1c1,64,2297165,2298706,2299585,2304362,879,2420,1541,0,0,0
2300519,b3528c45-d00c-4557-0700-97be3f74de39,64,2295648,2299240,2300519,2306334,1279,4871,3592,0,0,0
2301034,860739ff-2b4a-b7e9-43de-56823a961713,64,2294530,2299559,2301034,2308376,1475,6504,5029,0,0,0
2301326,8787c16c-218b-b19c-a4a7-80117804a35d,64,2295845,2298874,2301326,2305018,2452,5481,3029,0,0,0
2302031,3652b8c4-7656-c7eb-9fe8-45d7a32f8df0,64,2297241,2300519,2302031,2309768,1512,4790,3278,0,0,0
2302576,af106b08-1689-0060-32f6-7c85f7c9fdd4,64,2287703,2299499,2302576,2307564,3077,14873,11796,0,0,0
2303325,1d2c951f-8427-a8d7-ed16-dc604f818984,64,2290378,2293732,2303325,2303251,9593,12947,3354,0,0,0
2303485,2f91867d-1c52-9fbc-93ec-61abcbe9dc55,64,2294695,2298466,2303485,2304205,5019,8790,3771,0,0,0
2303545,5d2714df-6d00-6ab4-525e-648cd308d6ab,64,2292534,2301034,2303530,2309954,2496,10996,8500,0,0,0
2304337,aaf776a0-a269-3bf9-4924-4e4211a4a490,64,2297321,2299619,2304337,2309455,4718,7016,2298,0,0,0
2304465,a1bbaa6e-e974-25ae-c2cb-40e836f70e19,64,2290383,2298874,2304465,2304978,5591,14082,8491,0,0,0
2350130,4e6e7125-e822-7203-3004-66a15c0756dd,64,2349387,2349387,2350130,2354321,743,743,0,0,0,0
2350190,11914d3d-b4ca-6c69-6a0c-364c5fa939e6,64,2348855,2348855,2350173,2355004,1318,1318,0,0,0,0
2351198,c0b33263-ee67-971e-42c1-6b47ed33974e,64,2349223,2349223,2351184,2356675,1961,1961,0,0,0,0
2352217,902a3cf3-9216-d408-9ca2-a477dfdf52bc,64,2350811,2350811,2352217,2360437,1406,1406,0,0,0,0
2352523,4fef49cc-842c-5546-d8a4-e09af5efffb6,64,2350836,2350871,2352523,2359753,1652,1687,35,0,0,0
2353140,6586fee0-b5b6-4655-cf2d-8d408b6bc77c,64,2351138,2351138,2353137,2356050,1999,1999,0,0,0,0
2353251,9ecbef4e-744f-69c1-0a6b-804747cba7c8,64,2351703,2351703,2353251,2361780,1548,1548,0,0,0,0
2354477,d56d743f-c452-74c1-bf47-601574bb89c5,64,2353080,2353080,2354477,2373840,1397,1397,0,0,0,0
2354739,ba18b63b-e018-c842-71c1-b81754e932b0,64,2350889,2350931,2354732,2363834,3801,3843,42,0,0,0
2355752,c466fcbd-890d-3b73-d4e9-bb0cb195156b,64,2354308,2354308,2355752,2364252,1444,1444,0,0,0,0
2356024,f90ee4c5-7132-188d-f3e9-13ce2bad09ae,64,2355136,2355136,2356008,2363275,872,872,0,0,0,0
2356910,ef4da4fe-7177-3418-3d7e-09e6c60c3cd4,64,2355449,2355449,2356910,2372172,1461,1461,0,0,0,0
2357209,5a3ff163-06cd-0f2f-684a-d9cc466da5cf,64,2354679,2354679,2357209,2368621,2530,2530,0,0,0,0
2357433,27b3d866-2803-82c4-5bb9-f184ab678c1d,32,2354348,2354368,2357402,2362808,3034,3054,20,0,0,0
2358211,069eb35f-8a38-c4af-999e-878fd1aaf53d,64,2356519,2356519,2358172,2374064,1653,1653,0,0,0,0
2358644,baa7df4d-9347-2063-9902-3d836a1f6b87,64,2357373,2357373,2358644,2362135,1271,1271,0,0,0,0
2358764,e450bf98-39bf-468b-5775-29ae47b2d92e,64,2355964,2355964,2358731,2363242,2767,2767,0,0,0,0
2359128,2041fc4e-3f15-693d-c81c-0bf9794deba8,64,2358215,2358271,2359128,2367552,857,913,56,0,0,0
2360112,0cc3d4f8-6996-8407-0ef6-f8054782ab6b,64,2358151,2358151,2360112,2366531,1961,1961,0,0,0,0
2360583,73f387c3-7d6b-ed39-be96-7bc1bb7be5ce,64,2359175,2359188,2360583,2373526,1395,1408,13,0,0,0
2360835,0a0c4ea6-0007-e233-1519-c716eeca9950,64,2357678,2357678,2360835,2377562,3157,3157,0,0,0,0
2362738,46d4e800-b94a-55b5-3566-8f5b6a775e3f,64,2361871,2361871,2362738,2370942,867,867,0,0,0,0
2362881,a6c0601f-4d13-bf6d-5378-35c5eb9c30db,64,2357413,2357433,2362881,2366828,5448,5468,20,0,0,0
2362941,9082575e-10ac-6b96-330f-2c127dfc3668,64,2361569,2361569,2362888,2370508,1319,1319,0,0,0,0
2363001,0545be30-3684-5352-9461-62dfa27b4e40,32,2360959,2360959,2362989,2373063,2030,2030,0,0,0,0
2363061,0b535892-3068-dadd-f4b5-de9bad493c66,64,2353573,2353573,2363055,2363874,9482,9482,0,0,0,0
2363061,95f7c4b4-c308-cbdb-db06-96a1ce575d16,64,2361703,2361703,2363059,2372276,1356,1356,0,0,0,0
2363564,e0cd50cf-cdf3-225f-196d-3d73eaf1ea4b,64,2361041,2361041,2363564,2371246,2523,2523,0,0,0,0
2364026,c3d81f1c-f74e-0d09-4857-115e6b2e4031,64,2362268,2362738,2364026,2372936,1288,1758,470,0,0,0
2364146,7c45de70-cdab-36c5-1648-43921d0c3e08,32,2361041,2361041,2364098,2369974,3057,3057,0,0,0,0
2364364,a82d201f-31f4-5a7b-cac3-e2258438e796,64,2359631,2359631,2364364,2376486,4733,4733,0,0,0,0
2364424,1ed30ffb-f93d-ed9b-ce2d-19cc7ad539fb,64,2363042,2363061,2364365,2368966,1304,1323,19,0,0,0
2364484,d3cc2e59-c694-7752-e89e-e608b6d81ab0,64,2361118,2361118,2364478,2368674,3360,3360,0,0,0,0
2365402,ea631029-bb2d-e18e-0591-dcc5bf28d3e4,64,2364029,2364086,2365402,2375016,1316,1373,57,0,0,0
2365462,d72e6e5a-1403-caf3-309d-b4faaf52a471,64,2364502,2364544,2365426,2373748,882,924,42,0,0,0
2365553,f6c8ae05-d84f-588e-03dd-3d6b56b4be33,64,2364768,2364768,2365553,2373385,785,785,0,0,0,0
2365613,7fe7a5b4-9486-0781-93ce-40d5ee453188,64,2364772,2364828,2365598,2374467,770,826,56,0,0,0
2365780,49943c81-6ef0-4ffd-986a-470dbfb78812,64,2358540,2358540,2365780,2376128,7240,7240,0,0,0,0
2366300,249b6445-d46a-312f-82f2-a96eeaf45eca,64,2356529,2356579,2366300,2366797,9721,9771,50,0,0,0
2367010,2eb7b9ea-3458-3555-0907-b93b0488d6ea,64,2366202,2366202,2366958,2375028,756,756,0,0,0,0
2367719,603c50b9-c597-3765-ae58-56480178432d,64,2364903,2364903,2367719,2369034,2816,2816,0,0,0,0
2367812,eb00c61b-08e6-f460-ce27-4d471158fcad,64,2361887,2362881,2367812,2372943,4931,5925,994,0,0,0
2367872,19bbbcd5-cf7b-1add-09ad-0c12ab1dd67f,64,2366057,2366057,2367820,2377417,1763,1763,0,0,0,0
2367990,2ab52672-ddc5-c99b-f512-196a35935cc2,64,2358687,2358704,2367990,2377153,9286,9303,17,0,0,0
2368176,1f1300c0-c9dc-53aa-a819-40bd51816c0f,64,2363243,2363243,2368176,2374143,4933,4933,0,0,0,0
2368236,2af53bba-e558-9049-3489-9ff30503812f,64,2365089,2365402,2368221,2375509,2819,3132,313,0,0,0
2368664,bda0d84b-7236-3ae1-f278-7bc7089ad85d,64,2365855,2365855,2368664,2374370,2809,2809,0,0,0,0
2368932,d2e3903d-1ca0-b929-0335-16da33caca35,64,2357965,2357965,2368932,2379571,10967,10967,0,0,0,0
2369462,db3af9c7-c250-d925-8c2f-9a9e74ad3a0d,64,2366950,2366950,2369462,2375112,2512,2512,0,0,0,0
2370613,d64a5ad9-3952-e0ff-89a9-86302074bfce,32,2359340,2360835,2370613,2378506,9778,11273,1495,0,0,0
2375835,de760cf4-59e0-3782-64c0-efa6e0940f80,64,2359746,2360583,2375835,2378500,15252,16089,837,0,0,0
2468185,e4dd5b35-2450-f447-218b-8dbb4fbebd09,64,2467597,2467597,2468185,2473112,588,588,0,0,0,0
2468273,d996effa-c685-3254-8cd2-6500939a3d2b,64,2467599,2467657,2468273,2475192,616,674,58,0,0,0
2468539,5182dcba-a8c8-5c1e-fbd7-627974606ba3,64,2467597,2467597,2468539,2475159,942,942,0,0,0,0
2468599,e14e4344-17f6-d756-88b7-888dd4fc11a5,64,2467600,2467657,2468562,2472550,905,962,57,0,0,0
2468721,373efa41-0f42-9228-12eb-7bd6ec20605c,64,2467601,2467657,2468721,2474501,1064,1120,56,0,0,0
2469384,cb5cb78b-ed46-1810-6286-9ca9c4ee633f,64,2467597,2467597,2469384,2475672,1787,1787,0,0,0,0
2469593,e36635d1-c30d-6cc1-62e3-51a8b1203bde,32,2467601,2467657,2469593,2473978,1936,1992,56,0,0,0
2469718,ced0e381-2dfa-753b-9214-faf8457326fd,64,2467597,2467597,2469718,2475254,2121,2121,0,0,0,0
2470137,570e9fa3-2645-3284-4cc1-9b1fba478d78,32,2467597,2467597,2470137,2475598,2540,2540,0,0,0,0
2470525,13dea383-c5fc-931c-8eec-ba83a7f70a80,64,2469222,2469222,2470525,2473653,1303,1303,0,0,0,0
2471094,2144e562-e4a1-3386-fcf6-1b8ad58ed942,64,2467597,2467597,2471094,2472226,3497,3497,0,0,0,0
2471166,e139616f-7e7d-d330-e1b9-70f88721b0b3,64,2467600,2467657,2471166,2474800,3509,3566,57,0,0,0
2471226,e874d57a-b241-7db3-2c8f-b1976009980f,64,2467601,2467657,2471176,2473574,3519,3575,56,0,0,0
2471226,37d8d41d-f35b-b72a-6b4e-da4450e9b5ff,64,2467597,2467597,2471219,2476956,3622,3622,0,0,0,0
2471503,a96af085-c063-be50-24de-a1db229066fb,64,2467600,2469593,2471503,2477541,1910,3903,1993,0,0,0
2471815,ab3d2457-4341-d4d3-57d2-043d1b151a9b,64,2467600,2471226,2471815,2481093,589,4215,3626,0,0,0
2471994,c1785413-d8c4-8c88-ed42-56c5ba7240a2,64,2467600,2468599,2471994,2476625,3395,4394,999,0,0,0
2472204,42e26965-6b31-a530-48a1-0b40478ba882,32,2470528,2470585,2472204,2477482,1619,1676,57,0,0,0
2472517,99f09228-8444-0efa-9f25-84d2f68b0853,64,2467600,2470525,2472517,2480708,1992,4917,2925,0,0,0
2472916,22536c0f-b9a3-ff8c-784d-1c98c44a425c,64,2472051,2472054,2472916,2482770,862,865,3,0,0,0
2473381,ff92e420-75b2-4f97-43e7-39bd16698f09,64,2467597,2467597,2473381,2481155,5784,5784,0,0,0,0
2473833,f6d4beb8-4987-bf32-bb67-2fd6c2c11f7f,32,2470831,2470831,2473833,2478852,3002,3002,0,0,0,0
2474048,d7e281fc-68bb-6647-dbbc-1cb844cce723,64,2470026,2471226,2474048,2480732,2822,4022,1200,0,0,0
2474130,871ff1c9-e63e-0568-8853-b66ab5d0ec45,64,2470751,2470751,2474130,2479466,3379,3379,0,0,0,0
2474730,3a289a44-7608-a31b-f27d-216c5bd24f53,64,2468805,2469718,2474693,2479711,4975,5888,913,0,0,0
2474794,7acc0b9c-6496-f68e-8b9a-85bc41e7528b,64,2472273,2472273,2474794,2487268,2521,2521,0,0,0,0
2474854,7e5083b9-dd80-1c37-30b7-6ffe7265275d,64,2472044,2472054,2474820,2482805,2766,2776,10,0,0,0
2476569,c0fbba4e-e5d6-0e4e-8dda-f5e0742e42fa,64,2473221,2473221,2476569,2477705,3348,3348,0,0,0,0
2477215,8659b285-117b-6132-356a-8f9eacc979e2,64,2474670,2474670,2477215,2483887,2545,2545,0,0,0,0
2477379,b999ddc0-f6f0-f561-9457-552fc9fe77ff,64,2467930,2471815,2477379,2488783,5564,9449,3885,0,0,0
2477439,f6c45ed5-868d-5efb-eb87-aab3f170b904,64,2474360,2474360,2477397,2493594,3037,3037,0,0,0,0
2478547,0b178746-7fd9-d256-bfad-f4fc79bd7668,64,2473098,2473098,2478547,2480642,5449,5449,0,0,0,0
2478607,d2ad61b3-5736-815c-bae1-6bf2ffbdfd1f,64,2477285,2477285,2478598,2484889,1313,1313,0,0,0,0
2478667,6eed692b-8cc2-b0c5-12a1-9abf77a16e68,64,2473677,2473677,2478634,2480041,4957,4957,0,0,0,0
2482148,c6adf5ae-5cdc-a45e-01b5-fd3911f73436,64,2481283,2481283,2482144,2491132,861,861,0,0,0,0
2482328,40735f96-6a92-954e-58a8-1e6fc768e2d6,64,2480804,2480815,2482305,2488725,1490,1501,11,0,0,0
2483210,a3c62bff-867c-8ce5-c1a1-8c35e5fd0fda,32,2480215,2480215,2483210,2489146,2995,2995,0,0,0,0
2483865,99ca4469-151b-a8ab-dc21-ed6399d9b808,64,2480737,2480755,2483826,2491022,3071,3089,18,0,0,0
2483925,05eb3714-2d8a-bb8d-8ce8-06aa6ceaf7eb,64,2481129,2481129,2483899,2490045,2770,2770,0,0,0,0
2484302,a1a2bd10-c75d-8736-f16a-e216d575c7dd,32,2482660,2482704,2484282,2487061,1578,1622,44,0,0,0
2484362,f33bc866-cf3c-36fa-7005-ba8d6c7c9669,64,2481028,2481028,2484307,2486077,3279,3279,0,0,0,0
2484521,d96d4d5b-7e4e-d23f-82ea-8e907050f2a7,64,2482417,2482417,2484521,2491707,2104,2104,0,0,0,0
2484581,aa86ab4d-52fc-4068-0839-024fae818cf0,64,2483261,2483270,2484543,2487820,1273,1282,9,0,0,0
2484581,39d89067-81e7-c7c0-57cc-90ecb24bc220,32,2482958,2482997,2484580,2487015,1583,1622,39,0,0,0
2485287,7d463473-8a78-980f-d5f2-0495ab26beba,64,2482807,2482807,2485247,2487683,2440,2440,0,0,0,0
2485407,fdec9577-4595-bb61-fb1b-4664b8c399ab,64,2484451,2484451,2485353,2492081,902,902,0,0,0,0
2485407,9c492c58-27d4-9c69-8189-03115329981d,64,2480028,2480028,2485394,2492863,5366,5366,0,0,0,0
2486167,b3b2a792-eb0a-e17c-d7ab-3a41aa41ec2e,64,2480635,2480635,2486132,2491031,5497,5497,0,0,0,0
2486887,fdc570b4-c651-7a6f-3af5-104be08a4f96,64,2483400,2485407,2486871,2492930,1464,3471,2007,0,0,0
2487006,854d8630-83e6-c80f-35e9-7e8289ea0125,64,2482030,2482088,2487006,2487166,4918,4976,58,0,0,0
2487246,6881bd60-ef37-37ef-fcd3-875cfe01d2f9,64,2486342,2486347,2487217,2491776,870,875,5,0,0,0
2487519,dc217d0c-bdb9-3de6-618b-071c87c5c0f3,64,2485050,2485050,2487519,2491254,2469,2469,0,0,0,0
2488224,a2c1c19a-7cf2-787e-39b5-dc0b7947350a,64,2485406,2485407,2488224,2492783,2817,2818,1,0,0,0
2488789,aeee9c64-2ccd-55ad-dc98-59940df39203,64,2483805,2483805,2488743,2488504,4938,4938,0,0,0,0
2488849,33e84036-5e51-203b-338a-2386f4e5fdb5,64,2486847,2486887,2488825,2492288,1938,1978,40,0,0,0
2489175,9b2541fe-22e4-65b9-49e3-9bf52acef1e0,64,2487127,2487186,2489159,2492489,1973,2032,59,0,0,0
2489563,a0de7b0f-8bcb-0dac-b59c-946ccb082d03,64,2480596,2480635,2489530,2492952,8895,8934,39,0,0,0
2489563,57f9f551-3a5c-26c1-8875-6eca1568e054,64,2483290,2484302,2489563,2492529,5261,6273,1012,0,0,0
2489623,cf1b57b7-9115-4679-cd76-6087abb91dce,64,2488046,2488046,2489595,2492566,1549,1549,0,0,0,0
2489842,77f0cdad-c759-01b9-0222-107aa66a634e,64,2480039,2480088,2489836,2493594,9748,9797,49,0,0,0
2490596,fb51cad2-16d7-dcab-bf0f-f8233a3371b5,64,2483824,2489842,2490582,2493719,740,6758,6018,0,0,0
2491162,28e0ba28-c35d-cd8a-cc34-6464efea8c43,64,2485541,2489623,2491117,2493716,1494,5576,4082,0,0,0
2491231,6169c7c8-149a-44a7-1754-66dfa41a3a35,64,2482268,2489563,2491231,2493702,1668,8963,7295,0,0,0
2491377,cccebde7-b7d2-d49a-89a8-29aa142577ad,64,2485455,2488849,2491377,2493560,2528,5922,3394,0,0,0
2491661,0b705e63-0bd0-8e3f-e338-3bd72056c44d,64,2482937,2491162,2491637,2493855,475,8700,8225,0,0,0
2491866,76f327b1-e0e2-514b-34f5-f48c3978c80a,64,2489115,2489115,2491866,2493015,2751,2751,0,0,0,0
2492688,161683aa-95ba-5f95-6c07-aedaf70f47b3,64,2483902,2487519,2492688,2493074,5169,8786,3617,0,0,0
2493042,f8f55496-ee83-7046-6417-eb446bb33d6b,64,2487735,2490596,2493042,2493841,2446,5307,2861,0,0,0
2493357,59cabae3-9832-0286-3a76-ff86e4f1a79f,64,2490292,2491377,2493357,2494113,1980,3065,1085,0,0,0
2494499,b0ee1ea9-9cf0-cfea-f217-8529e8e780e8,64,2484187,2484581,2494499,2492890,9918,10312,394,0,0,0
2494753,17dfc78a-e5b1-d2b0-2ace-f9c7dbe1be46,64,2490199,2491866,2494753,2494387,2887,4554,1667,0,0,0
2495054,0e63aaa7-a377-1146-22b1-f74f45aae845,64,2482028,2482328,2495041,2493343,12713,13013,300,0,0,0
2495532,b9dca645-1228-8aa5-f5b7-b90df95f7e4b,64,2486238,2495054,2495532,2494809,478,9294,8816,0,0,0
2496066,6d47ce2e-e1d2-4e8d-ce7e-bbd6a5bc2bb7,64,2489656,2494753,2496066,2494782,1313,6410,5097,0,0,0
2496450,8f3e3c81-ae0d-0163-fee5-cb8c09ec9785,64,2490489,2495532,2496398,2494932,866,5909,5043,0,0,0
2496545,7d894735-a26c-599e-4307-f13d5cdf9d3f,64,2483314,2491661,2496545,2494314,4884,13231,8347,0,0,0
2496665,f32491e9-9357-23d1-005f-4cbf93c0d448,64,2480455,2480455,2496639,2494934,16184,16184,0,0,0,0
2497783,bea2e321-1e4a-c06f-8c08-6feefcd2c914,64,2489608,2494499,2497783,2494760,3284,8175,4891,0,0,0
2498199,1045accf-d6de-5eb3-0718-93f517a4507f,64,2480278,2480335,2498199,2494702,17864,17921,57,0,0,0
2498259,2a0d516b-69c9-6a9a-5d9e-544fef9f8a4f,64,2480040,2480088,2498205,2494554,18117,18165,48,0,0,0
2498681,6242f22c-271a-a1fd-a201-4d471349ebb0,64,2486767,2498199,2498681,2495225,482,11914,11432,0,0,0
2499475,a42d9741-2808-ee64-919a-c35c50d2f843,64,2487586,2497783,2499475,2495199,1692,11889,10197,0,0,0
2499573,afe5a779-01dd-95e7-b29b-44cb32049bc9,64,2488308,2498259,2499573,2495313,1314,11265,9951,0,0,0
2500333,5d0c6156-7b95-3ece-6c8d-cdfe41b1419e,64,2491649,2499573,2500333,2495566,760,8684,7924,0,0,0
2500571,ed84c7a3-383f-fa63-1c55-c19cdfd47ee5,64,2480789,2480815,2500571,2493896,19756,19782,26,0,0,0
2500631,d26a42fe-6c3a-623c-cfcf-8ef9fdf80988,64,2487621,2498681,2500631,2495493,1950,13010,11060,0,0,0
2501177,fe1a2f1d-04ac-2d09-af43-dc5dca3df68e,64,2486489,2496450,2501177,2495038,4727,14688,9961,0,0,0
2501501,96bb1ee9-6326-c4a7-c92f-8790bb39b253,64,2491875,2500631,2501501,2495688,870,9626,8756,0,0,0
2501955,93ce7a5a-f027-e875-5d23-0b5903d0a5ba,64,2484795,2496665,2501955,2495174,5290,17160,11870,0,0,0
2502248,743be35f-2492-022f-8260-1b455b254ba7,64,2489820,2501501,2502248,2496056,747,12428,11681,0,0,0
2502475,e2f40614-6a76-7a24-7ca2-cd1f368efa54,64,2481293,2493042,2502475,2494649,9433,21182,11749,0,0,0
2502535,2bbe1ee5-250e-7d1a-06b0-8b508f9d04e6,64,2480041,2480088,2502505,2495634,22417,22464,47,0,0,0
2503143,7f964fb4-3704-4da5-bcb7-6391b7695c70,32,2489152,2502535,2503143,2496609,608,13991,13383,0,0,0
2503706,96e9f97c-7738-5b5c-fcca-ee6009e2a2b2,64,2485583,2501177,2503680,2495924,2503,18097,15594,0,0,0
2504049,da004752-5298-e6bb-8602-29a4ea55292d,64,2475981,2475981,2504049,2496620,28068,28068,0,0,0,0
2504440,59a35d82-638d-8c3f-b095-5e374a8cc1c0,64,2484268,2501955,2504440,2496312,2485,20172,17687,0,0,0
2504963,d3214385-6866-bb19-b53e-b06f2167f474,32,2482857,2501955,2504963,2496244,3008,22106,19098,0,0,0
2505247,f644ac1a-d4c5-12d3-16de-e31562b0e537,64,2486199,2503706,2505247,2496775,1541,19048,17507,0,0,0
2505497,b170926d-5dc0-22d2-55e7-f3d777b210e8,64,2480323,2480335,2505497,2495589,25162,25174,12,0,0,0
2505777,bf2274ef-b69e-61ee-b2df-af5fdbabaf59,64,2486433,2502475,2505777,2496528,3302,19344,16042,0,0,0
2505852,cb42bff3-f215-bf1e-a93e-cce40187647b,64,2484605,2496545,2505852,2495087,9307,21247,11940,0,0,0
2505980,396f62ff-36e3-256c-8f60-0d64027c2cb8,64,2487268,2505497,2505980,2497262,483,18712,18229,0,0,0
2506805,7b325b2f-0fd4-82dc-98ac-d67fbcd631a0,64,2480128,2480148,2506805,2497142,26657,26677,20,0,0,0
2508244,fa7baa06-24c3-683e-e0ea-09556249279d,64,2480054,2480088,2508244,2495499,28156,28190,34,0,0,0
2508680,dcb1e223-713d-3cf5-4e92-93fdb7ee30ee,64,2480914,2504049,2508680,2497066,4631,27766,23135,0,0,0
2508963,9dad9ff2-ed7d-4e5d-82e0-4a3225c3904f,64,2489966,2505980,2508963,2497518,2983,18997,16014,0,0,0
2509023,5faf467c-3381-eec4-c62f-ed82d8cae745,64,2489955,2508244,2509003,2497652,759,19048,18289,0,0,0
2509530,a2bf4dca-a627-197e-1f2d-86a6a9ec5bd2,64,2485439,2505777,2509530,2497470,3753,24091,20338,0,0,0
2510154,3f344fe7-12a5-0d3f-73b8-f06aa1af5571,64,2479865,2479865,2510154,2497196,30289,30289,0,0,0,0
2510461,43e00d99-fb90-8bab-2649-3fa9323d6dd7,64,2482326,2509023,2510461,2497991,1438,28135,26697,0,0,0
2510693,b884c6c9-4786-dd5f-a5d0-15d75ab12511,64,2480669,2505852,2510645,2497500,4793,29976,25183,0,0,0
2511769,5b8a4369-0524-c21e-6779-8c5b49e0c733,64,2480521,2502248,2511769,2496457,9521,31248,21727,0,0,0
2512172,769d174e-2b34-73a4-9ca6-cfecf3b2a9b7,64,2485796,2506805,2512172,2497567,5367,26376,21009,0,0,0
2513079,a49b8476-5f09-f3f3-6dba-40f5df0de66d,64,2488823,2512172,2513079,2498494,907,24256,23349,0,0,0
2514072,a3a2f7f5-fb1b-f23c-1229-364d4cfe1c52,64,2480147,2508680,2514072,2497687,5392,33925,28533,0,0,0
2514437,f0a30c15-9a1a-a54d-d91c-a6af4d9dbcd1,64,2480860,2510693,2514437,2498232,3744,33577,29833,0,0,0
2515358,67e5630f-e5f5-cd49-294e-9c0df14c8b95,64,2486858,2508963,2515358,2497810,6395,28500,22105,0,0,0
2515729,49724da2-ff7c-461f-b8b1-93fc48a03477,64,2482670,2510461,2515729,2498176,5268,33059,27791,0,0,0
2515842,2af3296b-1570-fc6d-6ec8-643cc345d1f2,64,2488681,2509530,2515842,2497997,6312,27161,20849,0,0,0
2515994,cc7ac319-26b0-4819-e5ea-de18a95599f9,32,2492318,2514437,2515994,2498924,1557,23676,22119,0,0,0
2516547,270a3c97-ce28-c1b6-c843-972ecb8c9347,64,2489527,2514072,2516547,2498858,2475,27020,24545,0,0,0
2516623,ab3e16d5-60e4-8909-2668-fad175a473f4,64,2490181,2510154,2516623,2498039,6469,26442,19973,0,0,0
2516858,f5058c4d-2f2a-9802-06b9-53a7562e7c6d,64,2483577,2513079,2516858,2498659,3779,33281,29502,0,0,0
2516921,660a4265-8988-a2d9-ca78-55942bc5deea,32,2493870,2515358,2516921,2499043,1563,23051,21488,0,0,0
2517043,7dcb2203-d10b-37ff-485c-b6a37f2fbc94,64,2490273,2511769,2517043,2498443,5274,26770,21496,0,0,0
2517448,8a359d30-8731-1e2e-83d9-d707799d3357,64,2480047,2480088,2517448,2499212,37360,37401,41,0,0,0
2518189,2cada219-e7b5-ac9d-f894-b80cc609c77c,64,2487077,2515729,2518189,2499157,2460,31112,28652,0,0,0
2518281,4276449e-f0db-e27d-50a0-c8cde0617fb5,64,2485067,2516858,2518281,2499522,1423,33214,31791,0,0,0
2518358,9de600bb-4147-c6b5-9b9d-d20ff9f5176d,64,2488616,2515994,2518358,2499217,2364,29742,27378,0,0,0
2518537,3819db12-b215-01e1-8a1e-89315eb2ef2d,64,2489235,2517043,2518537,2499748,1494,29302,27808,0,0,0
2519140,e0e225fd-5ea5-6ff6-aeea-ff143059db61,64,2488237,2516623,2519140,2499427,2517,30903,28386,0,0,0
2519593,aed0a9bc-0b8c-a974-0466-184534f222bd,64,2489782,2518189,2519593,2499792,1404,29811,28407,0,0,0
2519763,f219fe17-88f8-38c4-aea5-f3cbe3f98b20,64,2482050,2514437,2519763,2498968,5326,37713,32387,0,0,0
2519823,cb291049-8abc-5819-974e-2b097689f852,64,2483572,2518281,2519767,2499947,1486,36195,34709,0,0,0
2519908,aef2d00b-c0f8-931a-4a3f-68d38a212616,64,2494414,2518358,2519908,2500015,1550,25494,23944,0,0,0
2520417,971e6552-48ef-a878-4e3c-302ac5f8f36e,64,2491042,2519140,2520417,2500142,1277,29375,28098,0,0,0
2520516,70f079b9-ef7d-5315-6592-1a0f608ba216,64,2485778,2517448,2520516,2499758,3068,34738,31670,0,0,0
2520576,66084908-b374-39f9-1fdc-f0adf2fe862b,64,2491919,2519593,2520524,2500330,931,28605,27674,0,0,0
2521318,75d65450-4e16-6276-4816-ab3676f3bd57,32,2494132,2519763,2521318,2500443,1555,27186,25631,0,0,0
2521812,fc5740be-d726-8fab-47a3-761ca76f23a2,64,2493921,2519823,2521812,2500545,1989,27891,25902,0,0,0
2522016,521694ff-73a6-6ba1-7528-d7248178379b,64,2483915,2520576,2522016,2500784,1440,38101,36661,0,0,0
2522078,8a97afc8-abd8-1bfa-f62d-b6b330ebebdd,64,2491654,2521318,2522078,2500886,760,30424,29664,0,0,0
2522335,adde0f60-afaf-40b8-b9f8-26c95cbd6266,64,2494162,2519908,2522335,2500611,2427,28173,25746,0,0,0
2522755,c927f6f2-09b1-1a9a-144a-724d4adf54a4,32,2480254,2519763,2522751,2500471,2988,42497,39509,0,0,0
2522963,cb884bfe-fa70-c811-62e8-e52550528066,64,2486258,2516547,2522963,2499279,6416,36705,30289,0,0,0
2523981,7ced706b-106b-0b50-070b-1c579bb15579,64,2486340,2522335,2523981,2501496,1646,37641,35995,0,0,0
2524189,33e46fcf-9cc4-3102-8779-a5571770ccad,64,2483508,2522755,2524189,2501558,1434,40681,39247,0,0,0
2524374,4d1bcb0a-ecc3-2949-b3d4-1d2a304e18c8,64,2490168,2521812,2524374,2500927,2562,34206,31644,0,0,0
2524529,27d0b36f-b2b3-eef2-12e5-f47b362c384c,64,2486312,2522078,2524529,2501387,2451,38217,35766,0,0,0
2524732,a562540e-0eb2-d9a1-bcb4-de961420484a,64,2495310,2522963,2524732,2501576,1769,29422,27653,0,0,0
2524792,113d3c39-7c6a-571e-d8fb-96c76c19fc02,64,2490416,2523981,2524762,2501595,781,34346,33565,0,0,0
2525009,64786e9a-7725-2b35-bb00-705a4ba57fed,32,2492422,2522016,2525009,2501385,2993,32587,29594,0,0,0
2525277,a0806187-b4cf-91cf-d921-9fcd852a8441,64,2485987,2520516,2525277,2500747,4761,39290,34529,0,0,0
2525784,9b08292c-a20b-0cee-7d94-cf7ce54b724d,64,2480479,2520417,2525784,2500727,5367,45305,39938,0,0,0
2526168,e3bccb23-ae22-a98f-ae9f-43ceadd8abeb,64,2485227,2524732,2526168,2502212,1436,40941,39505,0,0,0
2526228,b698cd27-eeaa-bf7e-470f-dfb6c52b30a5,64,2490747,2525277,2526194,2502338,917,35447,34530,0,0,0
2526842,7255304a-f938-cfda-e5e0-80ec3ed5b277,64,2480369,2524374,2526842,2501850,2468,46473,44005,0,0,0
2527202,a9671388-36fc-e71f-267a-5b70a246f649,64,2480465,2524189,2527202,2501699,3013,46737,43724,0,0,0
2527554,eef20a89-cc30-5dfa-aff4-6fc607769828,64,2492927,2526228,2527554,2502657,1326,34627,33301,0,0,0
2528041,05584e09-9f99-1fb3-6612-9e021a7e98f7,64,2486228,2518537,2528041,2500055,9504,41813,32309,0,0,0
2528298,6e3de4eb-9197-7238-0d7f-1e82cd15f291,64,2495114,2527554,2528298,2502900,744,33184,32440,0,0,0
2528807,c3c59fbd-1356-0e3a-2503-af1126d30c9c,64,2482070,2525784,2528807,2502507,3023,46737,43714,0,0,0
2529009,8b6b4098-079b-f6e3-e977-2cde344d4e07,64,2496390,2526168,2529009,2502573,2841,32619,29778,0,0,0
2529589,a4865f78-4d5f-a1ca-07d9-b67de75a8e40,64,2495327,2526842,2529589,2502837,2747,34262,31515,0,0,0
2529769,016866e8-625c-25e7-5478-71fd0c3547d1,64,2494195,2529009,2529769,2503346,760,35574,34814,0,0,0
2530990,ffed8d32-9dba-c59b-d5c7-984368993997,64,2484182,2524529,2530990,2502022,6461,46808,40347,0,0,0
2531078,cf6fede6-0778-07a5-b1db-d7a70929bf8b,64,2482636,2527202,2531078,2502848,3876,48442,44566,0,0,0
2531253,25ae006c-a648-362e-a4ed-87f135d9731d,64,2488097,2529769,2531253,2503751,1484,43156,41672,0,0,0
2531641,309764c8-a3e2-8542-ab9b-9ef581c3af50,64,2495248,2528807,2531641,2503185,2834,36393,33559,0,0,0
2532877,07d0a9d6-ddfe-99a1-00d2-51d083883275,64,2486798,2528041,2532877,2502992,4836,46079,41243,0,0,0
2532937,3f8b94ca-312d-cc0b-9438-ceff61b7461d,64,2487307,2531253,2532935,2504050,1682,45628,43946,0,0,0
2533049,2b8e6963-4d27-b069-0514-6e32de67ed32,64,2496808,2531078,2533049,2504002,1971,36241,34270,0,0,0
2533970,972dbccb-3f6e-8786-9789-0011c1f96aea,64,2494179,2530990,2533970,2503995,2980,39791,36811,0,0,0
2534051,bd9bdcf0-fdaa-7b35-03f7-ee364d4f20fd,64,2487612,2524792,2534051,2502280,9259,46439,37180,0,0,0
2534521,6030c3ca-caff-b9c0-116c-5a1edb6c4930,64,2486068,2532877,2534521,2504117,1644,48453,46809,0,0,0
2534737,9b12cf22-1226-aece-9dc7-fbfe4ddfcf42,64,2495656,2533970,2534737,2504319,767,39081,38314,0,0,0
2535484,6bd11bf2-a6eb-32c7-affc-b034cd33e10c,64,2489621,2532937,2535484,2504121,2547,45863,43316,0,0,0
2535854,b03cb74d-2636-c4db-ba61-c1bff7f9e2b1,64,2485997,2529589,2535854,2503566,6265,49857,43592,0,0,0
2536237,5d9acd6d-8fb4-1ad8-f575-e5c616688181,64,2492295,2534521,2536237,2504585,1716,43942,42226,0,0,0
2536369,90bf35f7-9b9c-034a-ed39-391addf69392,64,2485407,2531641,2536369,2504052,4728,50962,46234,0,0,0
2536778,a2a9f176-52d8-94bb-5181-74c6cf055030,64,2485295,2533049,2536778,2504258,3729,51483,47754,0,0,0
2537006,b72938d8-740b-461d-6b2b-8eace3d1a77b,64,2486303,2534051,2537006,2504538,2955,50703,47748,0,0,0
2537066,5aea1756-4891-a9f1-8d26-2786cb10d361,64,2499831,2535484,2537041,2504680,1557,37210,35653,0,0,0
2537717,7da5eec1-91c4-5d4f-8e3c-5c30dc880691,64,2484866,2528298,2537717,2503013,9419,52851,43432,0,0,0
2537935,b76802fe-6a6c-9c65-51ca-a6d663b511bd,64,2487388,2537006,2537935,2505194,929,50547,49618,0,0,0
2538300,9f3731ac-09fb-836a-8672-63067b214449,64,2490568,2535854,2538300,2504800,2446,47732,45286,0,0,0
2538736,3798f443-2178-2c6c-c5e1-82594ed62ef1,64,2489524,2536237,2538736,2504915,2499,49212,46713,0,0,0
2538939,ef535d3b-958c-a058-c10d-f3f37d0384a2,64,2488609,2536369,2538939,2504927,2570,50330,47760,0,0,0
2538999,222fd3a2-8bc8-b5a6-db1d-791e831296fd,64,2495780,2537717,2538999,2505481,1282,43219,41937,0,0,0
2539252,a06ebb06-5774-0216-4545-330a04be618c,64,2486110,2536778,2539252,2505010,2474,53142,50668,0,0,0
2539539,1b09a44c-e3d6-a6a4-ffee-a0512242b585,64,2491721,2537066,2539539,2505325,2473,47818,45345,0,0,0
2540310,4d059883-1778-b020-dedd-3b3aef85866b,64,2496220,2538999,2540310,2506395,1311,44090,42779,0,0,0
2540370,c8b0abb5-d51d-c4b1-cfb5-3bb7bddb927a,64,2482584,2534737,2540329,2504602,5592,57745,52153,0,0,0
2541426,774fd574-61c7-d2b2-a60f-bb6d4e1d1754,64,2487023,2538939,2541426,2506360,2487,54403,51916,0,0,0
2542879,e8fc7e50-1595-e89e-c3cd-63fe9ebf3c70,64,2492109,2540370,2542879,2506696,2509,50770,48261,0,0,0
2542968,3b57704e-f278-fab7-c27a-6d42710c2571,64,2494394,2538300,2542968,2505933,4668,48574,43906,0,0,0
2543109,8ba0a62a-fcb2-00f8-dbf3-d432d598a991,64,2492044,2541426,2543109,2506958,1683,51065,49382,0,0,0
2543392,71cfc1cb-3ffb-48ef-81f5-c0941385878a,64,2485770,2537935,2543392,2505846,5457,57622,52165,0,0,0
2544296,3a703743-7664-28bf-90eb-7808fd2d62b8,64,2486333,2542879,2544296,2507168,1417,57963,56546,0,0,0
2544356,9aac53f8-8042-d3df-1c5b-ae3778a8cefc,64,2489268,2538736,2544320,2505956,5584,55052,49468,0,0,0
2544509,628f0288-f5d0-7058-e068-1b8d0dd0a151,64,2499654,2542968,2544509,2507215,1541,44855,43314,0,0,0
2544864,c8b9f00d-cb14-211a-77f2-bb608c548f9b,64,2488843,2543392,2544864,2507379,1472,56021,54549,0,0,0
2545265,26940b74-f69e-1dd8-dcbf-d026e392442a,64,2496310,2540310,2545265,2506608,4955,48955,44000,0,0,0
2545550,71a2b93c-96e1-de8d-8170-b553cc97d77d,64,2487634,2539252,2545550,2506425,6298,57916,51618,0,0,0
2545768,f755f0da-5aed-11b1-6c89-eaa538832b2d,64,2499054,2544296,2545768,2507432,1472,46714,45242,0,0,0
2546326,bd94776b-963c-abb0-a4c0-9b48a4a9a9b1,64,2498071,2545550,2546326,2508095,776,48255,47479,0,0,0
2546819,6df59b46-a29a-2387-bee8-53bad65b17e0,64,2486805,2544356,2546819,2507748,2463,60014,57551,0,0,0
2546906,1f77e93a-f059-1038-e38a-bca559d33f50,64,2488972,2543109,2546906,2507293,3797,57934,54137,0,0,0
2546906,9ff85d50-1734-ef9b-08dc-b558cd08d29b,64,2490111,2545265,2546906,2507922,1641,56795,55154,0,0,0
2547385,1c9318ef-8e25-3846-45bf-59549f9dd190,64,2490439,2544864,2547385,2507858,2521,56946,54425,0,0,0
2547878,73384122-8c29-7bba-9bec-c3a7464cdf91,64,2498769,2544509,2547878,2507783,3369,49109,45740,0,0,0
2548543,fdbcb7e2-5da7-b09f-ebea-b9d7e798054f,64,2497150,2546906,2548543,2508950,1637,51393,49756,0,0,0
2549056,d3506254-178b-c579-8b3c-3393a03e18d8,64,2488623,2539539,2549056,2506531,9517,60433,50916,0,0,0
2549523,f8c7ca32-6310-1399-e4a6-990b64b5ece2,64,2491601,2547878,2549523,2509459,1645,57922,56277,0,0,0
2549741,673466fd-efa6-0f33-5f8a-b0e30a098467,64,2503646,2546906,2549741,2508823,2835,46095,43260,0,0,0
2549801,d4899b95-0bcb-3af7-abb6-70784758d63f,64,2491395,2546819,2549780,2508351,2961,58385,55424,0,0,0
2551203,ca583026-3d79-5f39-9fe5-7cefa004f656,64,2502560,2549523,2551203,2510086,1680,48643,46963,0,0,0
2551263,1b1cff87-40a8-2540-93b7-bdbc06be11c0,64,2496574,2549801,2551244,2510663,1443,54670,53227,0,0,0
2551680,89f687ff-5069-d891-83c6-7b58778f541f,64,2500772,2551203,2551680,2510816,477,50908,50431,0,0,0
2552058,48988497-6a08-4141-dca0-c53d5f8d48ac,64,2492858,2545768,2552058,2508260,6290,59200,52910,0,0,0
2553857,09950822-b531-1b8c-344c-e24ab64bcd2d,64,2491057,2549056,2553857,2509877,4801,62800,57999,0,0,0
2553917,42733387-91ed-d5db-3a32-f1e29e3505d3,64,2489590,2547385,2553858,2509093,6473,64268,57795,0,0,0
2554227,5d09b1ce-c2ad-18f2-7ba4-e9d961bfe2a2,64,2489503,2548543,2554227,2509727,5684,64724,59040,0,0,0
2554535,786f3a5f-8439-452d-639f-c4c6b0cd7b41,64,2491090,2549741,2554535,2510398,4794,63445,58651,0,0,0
2554870,eb7b16e5-fa70-f971-007e-f41dbafde92f,64,2503816,2552058,2554870,2511910,2812,51054,48242,0,0,0
2555369,26a518c9-beb1-82c6-e28b-8d9c043bbafa,64,2494374,2553917,2555369,2512228,1452,60995,59543,0,0,0
2555905,b0136c9d-006e-11e9-98b4-eef2a8e6078d,64,2489224,2546326,2555905,2508295,9579,66681,57102,0,0,0
2556140,ef4266df-05f8-48e7-f0db-49873c9422b2,64,2508456,2555369,2556140,2513277,771,47684,46913,0,0,0
2556278,0a037f1b-e8e5-0096-bfa0-b56121f780f3,64,2492735,2554870,2556278,2513264,1408,63543,62135,0,0,0
2556785,fc84b218-f427-7ab2-d89a-8c5f3eeb89c3,64,2501425,2554227,2556785,2512411,2558,55360,52802,0,0,0
2556845,ce8bef46-efec-5d65-f0d9-e747020b4359,64,2502504,2551263,2556789,2511131,5526,54285,48759,0,0,0
2557068,30687b1b-ba17-d5bd-8b25-34bb91560896,64,2499306,2554535,2557068,2512862,2533,57762,55229,0,0,0
2557128,f09c31bc-f133-d4c4-1300-d3e075cc1603,64,2492861,2551680,2557113,2511757,5433,64252,58819,0,0,0
2557460,861a9188-aa91-302f-5bc8-21129e1d7675,32,2504673,2555905,2557460,2515183,1555,52787,51232,0,0,0
2557520,a8d60098-e9f1-15be-6af0-ebbeb76dc1d7,32,2503431,2555905,2557469,2514196,1564,54038,52474,0,0,0
2557753,147422d6-63f6-4077-2b2e-489449e577f2,64,2506376,2556845,2557753,2517018,908,51377,50469,0,0,0
2557964,8d4b41f5-7b73-42b2-b6b7-2117d39d7da9,64,2503020,2556278,2557964,2516036,1686,54944,53258,0,0,0
2558469,ac1591b0-bd65-96b7-540f-4c4d3849d118,64,2503194,2556785,2558469,2516431,1684,55275,53591,0,0,0
2558529,603f1f97-1dc2-87e4-e875-dde764f5d967,64,2505042,2557068,2558474,2518756,1406,53432,52026,0,0,0
2559017,0ef21853-5659-597f-20a3-a6c3ddb98d5b,64,2509412,2557460,2559017,2519426,1557,49605,48048,0,0,0
2559077,c09bdc4c-3c2c-66b3-e488-aaa41754803d,64,2509850,2557128,2559073,2518788,1945,49223,47278,0,0,0
2559245,2137d28d-6407-4bcf-7258-6437f2fbeb31,64,2515468,2557964,2559245,2520940,1281,43777,42496,0,0,0
2559313,cc20d2ad-5812-d249-aa16-cbaa0114f16f,64,2494994,2553857,2559313,2511976,5456,64319,58863,0,0,0
2559971,1bccd5ec-54a9-e836-d886-bcc46c056af8,64,2493637,2556140,2559971,2515458,3831,66334,62503,0,0,0
2560355,eeff0a6f-49d7-db98-eb7f-b56bf2aa3f3c,64,2515371,2559077,2560355,2522404,1278,44984,43706,0,0,0
2560708,84083d9d-0ed2-923d-d983-442064563a20,64,2504527,2559313,2560708,2523926,1395,56181,54786,0,0,0
2560768,6fb62281-67db-5883-6603-15844acf1169,64,2507073,2559245,2560744,2523536,1499,53671,52172,0,0,0
2561759,b8ffce23-069c-f9fe-74fe-fd13e0ebbf51,64,2503667,2560355,2561759,2524275,1404,58092,56688,0,0,0
2561869,ee5ae131-c185-4056-946c-be33635ed152,64,2513888,2558529,2561869,2521757,3340,47981,44641,0,0,0
2562002,27784c03-dd48-a9aa-695d-48e2dae63c82,64,2514897,2560708,2562002,2524701,1294,47105,45811,0,0,0
2562489,4b1b7e52-ffc2-361a-ddee-dd4cf841eb69,64,2521655,2561759,2562489,2525891,730,40834,40104,0,0,0
2562597,bbd9462b-7ebb-11fe-890e-cc001a23e18b,64,2520566,2561869,2562597,2526100,728,42031,41303,0,0,0
2563133,3b3f5276-82a7-4051-f415-d8e8321c9537,64,2509886,2558469,2563133,2521358,4664,53247,48583,0,0,0
2563212,e3c3e936-0598-6daa-d6f6-63e735ef7ab1,64,2508538,2557753,2563212,2520095,5459,54674,49215,0,0,0
2563905,845b53db-1269-43e8-64b7-c43ced32e6ce,64,2507571,2559971,2563905,2524067,3934,56334,52400,0,0,0
2564091,8f8bc81e-776c-2a6b-170c-8a75d95d5ba1,64,2510633,2562597,2564091,2528371,1494,53458,51964,0,0,0
2564151,966391a2-94b7-5cf3-d14f-81460dabf86b,64,2520269,2563212,2564128,2530931,916,43859,42943,0,0,0
2564376,ee127315-976a-2c82-a664-35d677e5ca82,64,2522695,2563905,2564376,2532485,471,41681,41210,0,0,0
2564573,e1b9dc2c-f9b9-74e0-71c4-7f7372a21937,64,2514355,2559017,2564573,2521957,5556,50218,44662,0,0,0
2564852,c9c54633-3918-8442-20eb-a26f90eeeec4,64,2523731,2562002,2564852,2527844,2850,41121,38271,0,0,0
2565628,42c087a5-60e4-cc4b-b4f4-1148f78351b5,64,2516662,2563133,2565628,2529870,2495,48966,46471,0,0,0
2566102,73d92721-38a5-dc95-a327-ecedf779ff42,64,2515462,2560768,2566102,2524816,5334,50640,45306,0,0,0
2566207,039ed082-bf81-a05d-599d-0372deb94256,64,2516659,2564573,2566207,2537287,1634,49548,47914,0,0,0
2567222,91b665cc-306f-09f7-e24f-922f1468968d,32,2512686,2564151,2567222,2533388,3071,54536,51465,0,0,0
2567350,3058b4c5-af6b-c6cd-d9ae-8a4233bb6ccf,32,2517532,2564376,2567350,2536640,2974,49818,46844,0,0,0
2567907,14a3bd3e-e0cf-0f97-3718-ebceda2146d4,32,2518124,2564852,2567907,2537412,3055,49783,46728,0,0,0
2567967,94dfe716-50b4-03ff-da7c-57aa7dd9a0ab,32,2524265,2564852,2567913,2539499,3061,43648,40587,0,0,0
2567967,0f2880da-f9de-9055-454c-b16dad5dd76f,64,2512676,2564091,2567918,2533298,3827,55242,51415,0,0,0
2567967,fa8a9170-5cc2-6fa0-0224-78758fa17bdf,64,2520090,2564151,2567939,2534167,3788,47849,44061,0,0,0
2568698,c4d4c863-b2a6-b0a8-ea86-86b972ce353e,32,2518465,2565628,2568698,2539754,3070,50233,47163,0,0,0
2569078,523382b5-492a-a02d-be83-3efd03b567e7,64,2519924,2562489,2569078,2528170,6589,49154,42565,0,0,0
2874363,385f69d5-bf27-62c4-d9bd-37d01d51c314,64,2872321,2872321,2874363,2873692,2042,2042,0,0,0,0
2934009,0a5a6b1a-14b3-4d37-24ee-cfeb5a8a41ce,64,2933747,2933806,2934009,2934451,203,262,59,0,0,0
2934069,1cc1d211-87cb-58fc-4203-bb3fcd6bd03e,32,2933754,2933806,2934054,2934407,248,300,52,0,0,0
2934129,613c07ec-a627-0251-77ba-bb3b0a003f9d,64,2933767,2933806,2934097,2934439,291,330,39,0,0,0
2934209,3c56da5b-b0b5-b341-c466-6aab42be1669,64,2933768,2933806,2934209,2934535,403,441,38,0,0,0
2934269,b02e2a8a-0536-63a6-a776-b1abe4c12bc5,64,2933763,2933806,2934224,2934566,418,461,43,0,0,0
2934329,1c6e3139-3a2e-3141-7a66-a94928fadf8d,64,2933769,2933806,2934280,2934541,474,511,37,0,0,0
2934329,3f189b89-c7bc-edd3-0dd7-231745ed63f3,64,2933768,2934129,2934317,2934626,188,549,361,0,0,0
2934389,e6f93867-59d5-6250-1bf0-35bb6ee948ff,64,2933755,2933806,2934353,2934482,547,598,51,0,0,0
2934449,9b85484a-fb1d-763e-acde-3bc39742fb22,64,2933757,2934269,2934395,2934669,126,638,512,0,0,0
2934449,b8735f57-e9b0-1de4-1c95-318202cb1725,64,2933759,2934209,2934410,2934646,201,651,450,0,0,0
2934509,0d5d755a-a5d3-0b9c-5d5f-a7d3ce4acefc,64,2933753,2934389,2934469,2934828,80,716,636,0,0,0
2934569,cfedb590-28cb-f93d-083a-082864a3e39b,64,2933746,2933746,2934514,2934728,768,768,0,0,0,0
2934569,441e9f7a-1e00-e35e-437b-a45c29bcd70a,64,2933746,2933746,2934525,2934719,779,779,0,0,0,0
2934629,ab9c0a80-a13c-c87e-8d0b-7ef236618948,64,2933760,2933806,2934590,2934438,784,830,46,0,0,0
2934629,354fdcd3-c8cb-1ee0-df3d-18a16cf5ed20,64,2933762,2934449,2934601,2934832,152,839,687,0,0,0
2934629,40e5b82b-2e50-fad1-a06c-69065312a340,64,2933747,2933806,2934605,2934394,799,858,59,0,0,0
2934708,1a573620-ee51-a679-870b-b930ffdcf511,64,2933764,2934569,2934708,2934963,139,944,805,0,0,0
2934768,f4ca11cd-2425-0f11-1112-8c2d21a4c6c4,64,2933747,2934629,2934761,2935078,132,1014,882,0,0,0
2934828,8c189a26-7736-5110-f15e-574ef14f996b,64,2933747,2934009,2934813,2934593,804,1066,262,0,0,0
2934944,b7c660ca-e4f7-f9a2-3f9d-6ae69df3812d,64,2933753,2934509,2934944,2934885,435,1191,756,0,0,0
2935004,71548490-940b-441d-36ac-9349fd34642b,64,2933758,2934768,2934956,2935297,188,1198,1010,0,0,0
2935004,739054d7-207c-c452-cfce-6368b0171e20,64,2933758,2934449,2934979,2934852,530,1221,691,0,0,0
2935004,e9d22067-ce76-34fd-a242-5fce58d404d4,64,2933746,2933746,2935004,2935067,1258,1258,0,0,0,0
2935064,9923f5c9-74d4-99b0-f282-22abc8e519d4,32,2933762,2934768,2935018,2935291,250,1256,1006,0,0,0
2935064,b9e01792-5ed4-9f1c-de6d-cc47bdc4087a,64,2933746,2933746,2935038,2935079,1292,1292,0,0,0,0
2935064,6faa526b-9193-f527-799e-7ebdafc15f9f,64,2933770,2934828,2935051,2935345,223,1281,1058,0,0,0
2935124,d5ca1b11-9a10-c9a7-56ec-b60114879081,64,2933747,2934569,2935084,2934927,515,1337,822,0,0,0
2935184,f411fc63-d843-8ba1-4237-1b4c7a002a99,64,2933765,2934944,2935166,2935459,222,1401,1179,0,0,0
2935244,b8d1a219-633d-66f7-1299-0b0a4c05017a,64,2933747,2935004,2935209,2935489,205,1462,1257,0,0,0
2935424,ee480c15-a228-70c4-8b20-d6fcadf9d00f,64,2933766,2934708,2935413,2935088,705,1647,942,0,0,0
2936810,a8607937-8e25-b1ca-2cf7-aab10dc33891,64,2935285,2935304,2936810,2948190,1506,1525,19,0,0,0
2937645,4375bd0d-bbca-a7c5-aaa1-bfbec6a131c7,64,2935293,2935304,2937645,2947622,2341,2352,11,0,0,0
2937705,366d07c3-309f-afc1-c95c-5a3ec0982611,64,2935282,2935304,2937691,2949483,2387,2409,22,0,0,0
2938149,2a603c3c-06ee-0a6f-14f6-746bda1f5365,64,2935411,2935424,2938149,2949244,2725,2738,13,0,0,0
2938273,559a31a7-a03e-2cf4-541f-c7cfd8ad8a25,64,2935412,2935424,2938273,2949832,2849,2861,12,0,0,0
2940292,6e691261-c269-d35c-d624-fc100494c928,32,2935302,2935304,2940292,2947719,4988,4990,2,0,0,0
2941512,bf3465b4-810c-e859-fdec-85f81a3bf7fd,64,2935302,2935304,2941512,2947709,6208,6210,2,0,0,0
2941627,c825e23f-a5ea-d378-d4aa-bc270122688c,32,2935292,2935304,2941627,2950914,6323,6335,12,0,0,0
2942151,939a1fd6-73f3-6acb-036b-85ffae52d288,64,2935293,2935304,2942151,2951985,6847,6858,11,0,0,0
2943283,fe5ccf9a-8e82-0e0f-f71f-c8c43388d946,32,2935387,2938273,2943283,2952398,5010,7896,2886,0,0,0
2943736,645ebe9b-1a33-9b77-cd8d-044e22761bbc,64,2935411,2937645,2943736,2950954,6091,8325,2234,0,0,0
2943899,11679cd1-fea3-1021-3aa2-4d65c120bd02,64,2935397,2942151,2943899,2953322,1748,8502,6754,0,0,0
2944212,7080e5b9-9509-0466-3b07-5a6359b42c11,64,2935403,2935424,2944212,2949777,8788,8809,21,0,0,0
2944390,012b253e-b5c1-74cc-684b-9a0b7588433e,64,2935289,2941627,2944390,2952897,2763,9101,6338,0,0,0
2945869,8bb973d9-8778-690f-0448-6e5ef506bb13,64,2935395,2935424,2945869,2948058,10445,10474,29,0,0,0
2946443,be122fed-2e2f-52fe-82fa-38250ddac130,64,2946172,2946214,2946443,2948760,229,271,42,0,0,0
2946503,6a4e4108-1fd1-2667-9a7a-28934f558df0,64,2946168,2946214,2946447,2948083,233,279,46,0,0,0
2946563,60baed08-f2d3-3176-38f9-a26a386d67d8,64,2946154,2946154,2946517,2948436,363,363,0,0,0,0
2946563,85c358c2-e1fb-d646-644a-9c55aaf7921f,64,2946154,2946154,2946537,2948662,383,383,0,0,0,0
2946623,24eae8ec-c73e-a2d4-b48d-4f4419e37617,64,2946155,2946214,2946589,2949310,375,434,59,0,0,0
2946683,6e1a740a-b346-0b86-b05d-d2b53ffdc0cf,64,2946159,2946214,2946628,2948617,414,469,55,0,0,0
2946986,1d1d4e28-e400-c103-0d90-5b5c6f25eca1,64,2946177,2946563,2946986,2949759,423,809,386,0,0,0
2947353,f5f09c71-0e92-71f4-dff5-59c65cf33361,64,2946154,2946154,2947353,2949944,1199,1199,0,0,0,0
2947413,735a2142-2033-6e9c-5e11-7a2fd27d0ee3,64,2946166,2946214,2947408,2948092,1194,1242,48,0,0,0
2947660,df912928-d8c3-a5ce-682e-5537bff1c792,64,2946155,2946683,2947660,2949906,977,1505,528,0,0,0
2947720,7706090d-e80a-3e28-cc2a-c789632b64c5,64,2946175,2947353,2947714,2950270,361,1539,1178,0,0,0
2947720,a3a99cbc-5682-f5bb-7d89-7782eb7cefea,64,2946174,2946503,2947715,2949504,1212,1541,329,0,0,0
2947780,ce21a144-6871-89e5-60b7-a3ef97d7e88c,64,2946154,2946154,2947779,2949445,1625,1625,0,0,0,0
2947955,932b39d3-ef5d-65cd-5829-28d0a7f52aa2,64,2946176,2946563,2947955,2949805,1392,1779,387,0,0,0
2948015,73de4826-50bc-3fff-aa10-d5af58911dca,64,2946164,2946623,2947990,2949844,1367,1826,459,0,0,0
2948197,dd1ed408-5d6f-c14a-a095-e132aa10da7e,64,2946163,2947955,2948197,2950875,242,2034,1792,0,0,0
2948290,de023d2c-d3a7-a2f5-33ae-30e9b8d43fff,64,2946156,2947660,2948290,2950518,630,2134,1504,0,0,0
2948391,54243ac6-95ee-032c-a816-8ddb3f1405b2,64,2946162,2947413,2948391,2950333,978,2229,1251,0,0,0
2948490,66d35949-d328-a741-3507-5a6bd09d5254,64,2946165,2947720,2948490,2950563,770,2325,1555,0,0,0
2948550,5d12ca2f-092d-bd23-37c2-be053764a51b,64,2946164,2947780,2948540,2950788,760,2376,1616,0,0,0
2948550,94744954-a9e2-4323-0a80-a37a41113c03,32,2946168,2947780,2948543,2950757,763,2375,1612,0,0,0
2948610,f68d535b-caa6-8697-5634-5a4c0edea541,64,2946172,2946214,2948582,2948015,2368,2410,42,0,0,0
2948610,9a12d67a-c1a2-127f-36b5-e6b8ec2add3a,64,2935387,2937705,2948605,2950956,10900,13218,2318,0,0,0
2949035,64ad37fc-736a-1751-93ed-5715d27a2d4e,64,2946174,2948610,2949035,2951700,425,2861,2436,0,0,0
2949338,eb86ab48-68b8-21b1-e4dc-a9af13be046d,64,2946155,2948391,2949338,2951219,947,3183,2236,0,0,0
2949567,9de1ccd1-37c0-76ea-d723-5c96125f982c,64,2946176,2948197,2949567,2951094,1370,3391,2021,0,0,0
2949693,f884e5b6-bd79-edde-d778-71a6da3585a3,64,2935289,2935304,2949693,2952567,14389,14404,15,0,0,0
2949753,cda0fd6e-5d22-dadc-5a61-bb05c5b1ca27,64,2946169,2948490,2949740,2951255,1250,3571,2321,0,0,0
2949813,ed30ec2f-2727-cbb1-edb6-6cfcd40e44a9,64,2946155,2948550,2949767,2951269,1217,3612,2395,0,0,0
2949981,539a750f-4d6f-3ca7-567d-22aa69edad76,64,2946171,2948610,2949981,2951466,1371,3810,2439,0,0,0
2950131,f416e626-33ed-4fa6-34ef-ccfb386ccabf,64,2946180,2947720,2950131,2950630,2411,3951,1540,0,0,0
2950301,2f33cbde-96b3-ae97-0918-ef7f09047960,64,2935410,2944390,2950301,2955227,5911,14891,8980,0,0,0
2950647,3657279a-5743-5ab4-9f9e-cb5ad507301f,64,2946156,2948290,2950647,2951124,2357,4491,2134,0,0,0
2951467,6cf80ebf-3339-2fc4-9e7c-0a9638490eaf,64,2935282,2943899,2951467,2954357,7568,16185,8617,0,0,0
2952409,521c060b-b9ca-d3c4-50b0-8da1cd22faba,64,2935282,2945869,2952409,2955415,6540,17127,10587,0,0,0
2953046,e7a73cb5-a8ae-347e-7ff7-b96504315d0b,64,2935282,2950647,2953046,2956133,2399,17764,15365,0,0,0
2955813,f04129dd-bdc1-a56a-0398-b47401c2e2e8,64,2935289,2943736,2955813,2953832,12077,20524,8447,0,0,0
2956429,22c42166-cd4b-7b11-707c-9b1d21216473,64,2935296,2951467,2956429,2956279,4962,21133,16171,0,0,0
2956749,1c765257-4c5f-57aa-4bbc-87dd78eba30d,64,2935401,2944212,2956749,2954551,12537,21348,8811,0,0,0
2957851,78d10ac2-6400-c6d2-cf2e-ba3a61e11cc1,64,2935282,2950131,2957851,2955696,7720,22569,14849,0,0,0
2959244,5923734f-24f3-6ae7-4d02-0ff2d9a1cf95,64,2935304,2953046,2959244,2959298,6198,23940,17742,0,0,0
2959391,8e64151c-f93d-635f-012c-ff8cb4d6ae2e,64,2935387,2950301,2959391,2956000,9090,24004,14914,0,0,0
2959494,f5c6bd2e-2c48-af3f-089a-2c671330d536,64,2935406,2941512,2959494,2952669,17982,24088,6106,0,0,0
2960753,9c4caf05-7fff-c261-4239-729d3527f99e,64,2935282,2959244,2960753,2961029,1509,25471,23962,0,0,0
2962783,334feb8a-54a4-99a8-48b5-e1c8cc95f578,64,2935398,2957851,2962783,2960604,4932,27385,22453,0,0,0
2963555,c4269e6c-67bc-910b-7486-efb613e31a5f,64,2935298,2959494,2963555,2962445,4061,28257,24196,0,0,0
2965576,57865fa2-643b-b9e2-3aaa-3087be61a5fc,64,2935286,2959391,2965576,2961849,6185,30290,24105,0,0,0
2966252,efd0516e-7233-24f3-3a0e-0250a4a6ec2d,64,2935386,2955813,2966252,2959719,10439,30866,20427,0,0,0
2966848,9086b495-4070-6929-ea4d-3e3473394e70,64,2935300,2956429,2966848,2959847,10419,31548,21129,0,0,0
2966963,564d3fc3-461d-f441-11c0-fb0966620eb5,64,2935295,2960753,2966963,2963281,6210,31668,25458,0,0,0
2967819,efcaa9d2-258e-9524-3261-f27c6667c883,64,2935392,2952409,2967819,2957376,15410,32427,17017,0,0,0
2971210,5fcd1354-ee02-b650-718d-9d1ccf90656d,32,2935395,2966252,2971210,2965518,4958,35815,30857,0,0,0
2972204,442ef137-f1c1-dc02-3403-6fe4df9b613c,64,2935283,2956749,2972204,2960317,15455,36921,21466,0,0,0
2972306,8f83a4dc-c1d3-93af-8522-e8e15b84674f,64,2935403,2963555,2972306,2964266,8751,36903,28152,0,0,0
2973233,215bb2bc-e11b-1892-6760-68a43071eb63,64,2935283,2962783,2973233,2963476,10450,37950,27500,0,0,0
2973949,a8ce28dd-3c53-54df-40ce-f01317c90d5f,64,2935302,2966252,2973949,2965905,7697,38647,30950,0,0,0
2974731,1baa9fb2-4191-9de6-b913-3fce70982b5a,64,2935402,2972306,2974731,2967870,2425,39329,36904,0,0,0
2976274,620509d0-fae7-3cbc-98a4-1e4800db9dac,64,2935299,2972204,2976274,2967763,4070,40975,36905,0,0,0
2976961,bae50d07-ac6d-a284-f810-c5d0fc50930b,64,2935408,2966963,2976961,2967269,9998,41553,31555,0,0,0
2977861,5840dc12-428c-f686-c775-e55914a7e6a4,64,2935296,2967819,2977861,2967317,10042,42565,32523,0,0,0
2978696,06d1ca6a-3f0b-f221-4c01-54046764a84e,64,2935386,2976274,2978696,2969045,2422,43310,40888,0,0,0
2978989,f08d8ecc-37d5-b426-af68-949fb6d994d4,64,2935387,2973949,2978989,2968526,5040,43602,38562,0,0,0
2980999,5ad917dd-4753-014d-7882-9cdda840faad,64,2935399,2976961,2980999,2969263,4038,45600,41562,0,0,0
2981059,d067094a-0b2a-6a6c-d843-8a511ae93db3,64,2935306,2978696,2981028,2969524,2332,45722,43390,0,0,0
2981178,af8fb5a9-93f5-6c98-ee59-1b94531f3cf8,64,2935387,2965576,2981178,2964872,15602,45791,30189,0,0,0
2981699,0423190d-df1d-b5ba-7473-c3fabaf54ed1,64,2935394,2978989,2981699,2969527,2710,46305,43595,0,0,0
2982409,914ef454-7ddc-8695-5ff3-2ca69e9827dd,64,2935397,2966848,2982409,2966920,15561,47012,31451,0,0,0
2983769,2dafcf5e-4646-65a3-547f-8d2d29e0a505,64,2935386,2973233,2983769,2967979,10536,48383,37847,0,0,0
2984874,4052b375-040d-fc96-999f-727828080604,64,2935389,2982409,2984874,2970718,2465,49485,47020,0,0,0
2985168,40243eef-630b-46c2-8ec6-ae55c87b9653,64,2935293,2974731,2985168,2968848,10437,49875,39438,0,0,0
2985583,f110e0fb-ad7e-67d8-58d8-49342ce0603e,64,2935405,2977861,2985583,2969292,7722,50178,42456,0,0,0
2985939,6a2619ef-e1d8-864c-2fa4-cc4bbaaef35b,64,2935407,2981059,2985939,2969766,4880,50532,45652,0,0,0
2987391,0a1140a4-462a-3d44-9319-25c94baf9289,64,2986518,2986518,2987391,2993080,873,873,0,0,0,0
2987579,9b14a10a-c156-249b-cb94-3a4c66c351df,64,2987042,2987095,2987579,2993331,484,537,53,0,0,0
2987901,4bd82444-ddd4-5c7a-8d5a-ebc4891297de,64,2986539,2986578,2987879,2995593,1301,1340,39,0,0,0
2988412,d9e315e3-2b26-2d41-4520-7ca6023278f6,32,2988088,2988088,2988412,2989259,324,324,0,0,0,0
2988479,b0cf91f8-4272-c0a6-3b75-dbac89c9f337,32,2987322,2987322,2988479,2995938,1157,1157,0,0,0,0
2988924,e0ae5d9a-3fa8-3319-e013-55d4764f4e90,32,2987322,2987322,2988924,2993374,1602,1602,0,0,0,0
2989024,8d9f28a3-fc42-a87c-b7f9-671057dc96c1,64,2987035,2987035,2989024,2993215,1989,1989,0,0,0,0
2989084,b538dc01-3814-1d7e-6a64-5874cff59509,64,2988010,2988479,2989056,2996029,577,1046,469,0,0,0
2989506,0330cb5c-4cb6-d914-a494-97891dbcd441,64,2935305,2981699,2989506,2970299,7807,54201,46394,0,0,0
2989873,f143b7c4-49bc-8e3e-d900-222305ad1d02,64,2987146,2987155,2989873,2996874,2718,2727,9,0,0,0
2990053,f8202857-e4c7-1949-0897-40120397d77f,64,2935283,2980999,2990005,2969564,9006,54722,45716,0,0,0
2990155,798896da-2930-86ec-266c-33c2ac8ed88c,64,2935387,2981178,2990155,2969845,8977,54768,45791,0,0,0
2990215,90826954-9fbc-b2b1-c1a4-47e5e3435895,64,2987664,2987664,2990169,2995745,2505,2505,0,0,0,0
2990275,3056b473-83e4-4f13-2959-e5c1377e6309,64,2988205,2989506,2990270,2998620,764,2065,1301,0,0,0
2990335,1ac98e59-74f9-1d4f-ea27-ac3c07828cda,64,2987841,2987841,2990325,2995151,2484,2484,0,0,0,0
2990523,58e5d0c5-64b0-e1f0-ad86-4462b1f7455e,64,2987687,2987724,2990523,2993683,2799,2836,37,0,0,0
2990755,e201ed0c-fcd2-48f8-edeb-0253a542d085,64,2989750,2990275,2990755,3000370,480,1005,525,0,0,0
2991062,98efc8a3-0850-891f-5208-908e6efc95c4,64,2989971,2989993,2991062,2992063,1069,1091,22,0,0,0
2991251,0571f362-9140-d93b-08f3-71a2167155fb,64,2989939,2989993,2991251,2993412,1258,1312,54,0,0,0
2991311,88fb8e9c-d813-7db6-fbf2-df257d7c0698,64,2988600,2990335,2991274,3000736,939,2674,1735,0,0,0
2992037,aecbde3b-d96a-9e1e-151f-29e3c9e15654,64,2987717,2989084,2992037,2997919,2953,4320,1367,0,0,0
2993141,97ab53de-e911-2990-2b80-ffb7d7563983,64,2989767,2989810,2993141,2997626,3331,3374,43,0,0,0
2993305,2cabf20b-a2d3-ab38-f238-fd5853f41126,64,2989947,2989993,2993305,2994197,3312,3358,46,0,0,0
2993400,954e0574-b6c9-0159-d5a3-fc19479305ab,64,2989925,2990523,2993400,3000807,2877,3475,598,0,0,0
3010808,f9bbb164-1a31-1873-cac2-638d825b0100,64,3010260,3010267,3010766,3014262,499,506,7,0,0,0
3011271,811e83f6-1973-f264-81fa-764407751bd4,64,3010279,3010327,3011271,3012671,944,992,48,0,0,0
3011459,162bd949-4efc-81ee-982d-17b0e13bfd09,32,3010846,3010868,3011459,3013192,591,613,22,0,0,0
3011519,42919a92-f146-66fc-56db-b690c1eb87dc,64,3010345,3010387,3011477,3012461,1090,1132,42,0,0,0
3011747,5b5019bd-7e7c-7d84-f2dc-cb2fef1c0185,64,3010481,3010507,3011747,3012070,1240,1266,26,0,0,0
3011894,85de2b35-4840-2bbd-9190-50fc08e778a4,64,3010288,3010327,3011894,3016371,1567,1606,39,0,0,0
3012045,4d7ed020-3840-edc6-17c0-2486b6e47c00,64,3010881,3011519,3012045,3018318,526,1164,638,0,0,0
3012105,7a42e24e-2e6a-ada9-b033-5b6bc4b033ad,64,3010400,3010447,3012050,3016346,1603,1650,47,0,0,0
3012195,2c6dde79-f7e3-692f-e143-d57228ff21d7,64,3010297,3010327,3012195,3011922,1868,1898,30,0,0,0
3012375,0e8f56cb-afbf-d897-7789-44aac3378582,32,3010472,3010808,3012375,3016542,1567,1903,336,0,0,0
3012515,3ad56320-4a65-5796-49c3-111fdd7ff4e1,64,3010147,3010147,3012515,3021319,2368,2368,0,0,0,0
3013025,05ea67dd-7d48-7c47-4ec8-3e405582ced8,64,3010478,3011459,3013025,3017475,1566,2547,981,0,0,0
3013354,90ff5e93-81a5-0da8-5cb7-ba9e5db3de3d,32,3010748,3011747,3013354,3019456,1607,2606,999,0,0,0
3014457,e9602cb6-2abf-a89f-0bd2-61bd4c423ee7,64,3010770,3010808,3014457,3016987,3649,3687,38,0,0,0
3015238,89d0c704-bd76-01f7-2b66-885e869523fe,64,3010287,3010327,3015238,3014341,4911,4951,40,0,0,0
3016543,afd66de4-9b5f-4127-5270-481c0bcafa10,64,3010153,3010207,3016543,3020588,6336,6390,54,0,0,0
3431705,30a7b7c9-6aa5-db1f-e837-57002c1f9ff7,32,3431461,3431481,3431701,3432057,220,240,20,0,0,0
3431825,e1846d88-c4f0-6072-e60b-8a6012478760,64,3431463,3431481,3431792,3433119,311,329,18,0,0,0
3431969,8c2f727d-8396-ec0c-20b6-694a1ef6201d,64,3431421,3431421,3431913,3435559,492,492,0,0,0,0
3432160,30259b70-474f-f91c-c6c0-e08c3cb79f6d,64,3431963,3431969,3432146,3433257,177,183,6,0,0,0
3432236,417676a1-282f-f4d8-7df8-ab4a3fc6a4b6,64,3431736,3431765,3432236,3434015,471,500,29,0,0,0
3432296,8b0d657a-09dc-dff9-d634-4d93dc23ca5e,64,3431947,3431969,3432246,3432865,277,299,22,0,0,0
3432296,f29aabb1-58de-333e-b772-f4bdee00c83a,64,3431473,3431481,3432248,3435239,767,775,8,0,0,0
3432582,55f37af7-6bfd-65a0-2df6-da87c4363544,64,3431543,3431543,3432582,3433341,1039,1039,0,0,0,0
3432654,9fe76c22-93a6-de9e-12c3-ce0479bc4f7d,64,3431909,3431909,3432654,3438465,745,745,0,0,0,0
3433010,bccbaf0c-2f18-a516-e06f-7cf7b2f9c8dc,64,3431786,3431825,3432996,3440948,1171,1210,39,0,0,0
3433146,92bdf621-9617-2f2a-0bcf-62b094054e7e,64,3432991,3433010,3433109,3434228,99,118,19,0,0,0
3433327,136b1f54-5537-a67c-7fe3-e8e2be3b9097,64,3433005,3433010,3433276,3433518,266,271,5,0,0,0
3433327,dc2bd240-3d49-0def-f5e6-7a165fad4fe3,64,3432945,3432950,3433321,3433619,371,376,5,0,0,0
3433979,103acc8c-9868-ff69-5cfe-85a0c3f0c264,64,3433173,3433206,3433979,3437480,773,806,33,0,0,0
3434535,dd99c345-5fa9-c5f1-c336-c78400038007,64,3432040,3432040,3434535,3437961,2495,2495,0,0,0,0
3434895,bfcf1f28-abe9-21c8-44ec-dc0896983694,64,3432040,3432040,3434892,3438592,2852,2852,0,0,0,0
3435035,435e74cf-f983-52e9-1c84-4d9634ce1451,64,3433682,3433694,3434976,3437971,1282,1294,12,0,0,0
3435847,3cb72e3c-25ec-c2ec-3b71-43692c4e4c87,64,3433086,3433086,3435847,3439238,2761,2761,0,0,0,0
3436032,cb40687e-0e62-e727-87bd-2a993fbc3946,64,3433093,3433146,3436032,3437743,2886,2939,53,0,0,0
3436092,de07a2c7-202b-c03a-42c7-01cabee5e800,64,3433162,3433206,3436042,3437376,2836,2880,44,0,0,0
3436521,d4ea3a34-1a0d-8bf2-af0f-0307d0fe16af,64,3431297,3431321,3436521,3439565,5200,5224,24,0,0,0
3436880,e0ce3b2e-4cd0-ff5d-c5f5-2b347cd3a02e,64,3433766,3433979,3436877,3438845,2898,3111,213,0,0,0
3437508,f5fe7036-9cf4-ff33-0eda-427662a82b0d,64,3434599,3434655,3437508,3439011,2853,2909,56,0,0,0
3437649,24a3c20b-3368-e97d-7e04-2532ee6b4b22,64,3432692,3432714,3437649,3437016,4935,4957,22,0,0,0
3437819,f007a746-8abc-d129-4561-f73998494005,64,3434764,3436521,3437817,3440230,1296,3053,1757,0,0,0
3437895,148b4124-b599-50e4-a6ac-3de24a5178c6,64,3431645,3431645,3437895,3440815,6250,6250,0,0,0,0
3438437,0a2b631b-4ec2-8d7d-0e98-c1fa2c04186c,64,3431261,3431261,3438431,3440515,7170,7170,0,0,0,0
3438527,3f3ff9f4-7388-d944-78bc-1d3ff51a1292,64,3433664,3436092,3438527,3439659,2435,4863,2428,0,0,0
3438657,26696a5c-f2a9-7aa4-ba3b-411286f08204,64,3434815,3437895,3438657,3441085,762,3842,3080,0,0,0
3438717,b1d9deb7-8ac0-f308-7ac9-222493b66c15,64,3433267,3437819,3438689,3440925,870,5422,4552,0,0,0
3438777,ce31d600-2fa8-e2a7-ffea-70596a90c22a,64,3433766,3433766,3438767,3438177,5001,5001,0,0,0,0
3438898,50e5b85a-11b0-037e-dc94-0b5f09fd4667,64,3433634,3436880,3438857,3440486,1977,5223,3246,0,0,0
3439337,83a77c99-4594-2b38-61af-80f5b8bdb73d,64,3434791,3438777,3439279,3442538,502,4488,3986,0,0,0
3439526,40fff2f6-6c16-354c-a8da-04a7393bfd5f,64,3435692,3438657,3439526,3442291,869,3834,2965,0,0,0
3439586,554204c2-e0af-e4e0-4bab-057a1690f9ea,64,3434394,3438717,3439580,3442306,863,5186,4323,0,0,0
3439903,7d9dfdb7-9747-b2fb-e02d-a0b00d7c79d4,64,3434654,3438527,3439867,3441689,1340,5213,3873,0,0,0
3439963,59178b75-96f7-2674-b702-f5539792cb50,64,3434975,3434975,3439954,3439103,4979,4979,0,0,0,0
3440023,becc0ec8-d39e-97fd-8301-7e5a2b9105db,64,3434474,3439526,3440002,3442945,476,5528,5052,0,0,0
3440083,cd5e3c0f-a4fa-ec9a-2469-c60019ba58cc,32,3434825,3438437,3440028,3441389,1591,5203,3612,0,0,0
3440498,d8f6e182-c4cb-dc0d-c88f-5981adac273b,64,3438209,3440023,3440498,3444275,475,2289,1814,0,0,0
3440864,5b171df6-a590-1a74-145f-0fd77692472a,64,3432072,3432582,3440864,3441416,8282,8792,510,0,0,0
3441027,c66d3435-7bd9-bda9-0062-693adcacfce3,64,3432995,3433010,3441027,3439609,8017,8032,15,0,0,0
3441294,557731b5-285e-6889-47ba-6245635b9e6b,64,3434732,3439586,3441294,3443398,1708,6562,4854,0,0,0
3441429,1dee019a-e094-9471-f902-d3093c885cff,32,3434743,3439337,3441429,3442928,2092,6686,4594,0,0,0
3441675,03ce4c76-f78a-eb86-ce46-8c7f77fbb259,64,3436820,3438898,3441675,3442711,2777,4855,2078,0,0,0
3441809,c62701c2-ad0d-9d42-edad-586b44bffe4a,64,3435682,3440498,3441809,3444643,1311,6127,4816,0,0,0
3442033,8c9d3d73-9288-9e3d-f1cf-c8af07abbc83,64,3432995,3440083,3442033,3444509,1950,9038,7088,0,0,0
3442419,15dc4208-30ca-e543-5acb-818cd6cf54e6,64,3432890,3439963,3442419,3443744,2456,9529,7073,0,0,0
3442796,1dbb0aa4-b366-fe63-3c49-403fc617a1de,64,3435968,3439903,3442796,3443724,2893,6828,3935,0,0,0
3443327,59e7ea04-1b85-e50c-af92-d87c7ccad5d6,64,3439601,3440864,3443327,3444775,2463,3726,1263,0,0,0
3443642,26f4a4ef-dec3-4eb3-f79a-ff9651e29252,64,3435393,3441675,3443642,3445113,1967,8249,6282,0,0,0
3443702,a074629b-a0c8-6edd-0a8b-2292850164a7,64,3438244,3442796,3443669,3445545,873,5425,4552,0,0,0
3443771,39cf2df9-edd4-09d5-81a6-6083e792ba1d,64,3440509,3441294,3443771,3444904,2477,3262,785,0,0,0
3443831,72deef9f-5e6e-422d-6460-c7d2749f6ea9,64,3440656,3441809,3443813,3445194,2004,3157,1153,0,0,0
3444297,411938b3-14db-c43c-aae0-8b19a4ef41b1,64,3433892,3441027,3444297,3444847,3270,10405,7135,0,0,0
3445334,091ba944-6312-d9de-6790-0f88ec94d428,64,3439783,3443771,3445334,3446103,1563,5551,3988,0,0,0
3445394,6b45467f-170b-213b-3397-9619fc7d6137,64,3438377,3442033,3445391,3445370,3358,7014,3656,0,0,0
3445454,38010303-3f17-45a1-1406-d6cc766d31b4,32,3434747,3443327,3445427,3445686,2100,10680,8580,0,0,0
3445739,bf8b6743-9647-5277-c48b-ad03aceebc2c,64,3434742,3442419,3445739,3445497,3320,10997,7677,0,0,0
3446220,d255f14a-1317-7e4f-e933-71548cbac9bd,64,3441069,3445739,3446220,3446432,481,5151,4670,0,0,0
3446659,dd00531d-5fc4-f598-c22f-347ad4bde383,64,3437759,3443831,3446659,3446123,2828,8900,6072,0,0,0
3446719,41637105-c678-f29c-78ff-263a3de351b8,64,3438838,3443327,3446664,3445821,3337,7826,4489,0,0,0
3446719,226b7b14-4a56-5b7f-d6cb-d05b5f2cf633,64,3434998,3444297,3446703,3446355,2406,11705,9299,0,0,0
3446911,c4b48249-d3ff-7812-f141-f6673e70fee2,64,3434689,3443642,3446911,3445835,3269,12222,8953,0,0,0
3446971,8f681dd0-628d-dbca-afb5-5ece2f31980d,64,3435423,3445334,3446921,3446378,1587,11498,9911,0,0,0
3447576,37e7a359-0826-d8c7-335d-262b73d349d8,64,3441138,3446719,3447576,3447830,857,6438,5581,0,0,0
3447790,b89a1272-0b7e-df3e-b8e4-48091264be5d,32,3436231,3446220,3447790,3446470,1570,11559,9989,0,0,0
3447850,8565015b-bfa9-63b2-8acb-14c7832b9d58,32,3439615,3446220,3447815,3447071,1595,8200,6605,0,0,0
3447910,79476bfc-783d-6a30-5620-567eeab200d9,64,3438838,3445394,3447875,3446379,2481,9037,6556,0,0,0
3448288,5ed60715-950a-05da-ab78-31485f8c82c5,64,3440764,3446719,3448288,3447983,1569,7524,5955,0,0,0
3448691,1af95401-b4ce-684e-7f20-ac122c512864,64,3436242,3443702,3448691,3445937,4989,12449,7460,0,0,0
3449282,fba53661-df81-253c-3240-d019226e5f7f,64,3434746,3448288,3449282,3448729,994,14536,13542,0,0,0
3449552,0360f269-1857-7ee8-662b-f8f14e60c7f1,64,3437584,3448691,3449552,3448763,861,11968,11107,0,0,0
3449612,c630644e-a5f4-b92e-fac6-4792cddf948c,64,3434746,3446911,3449572,3448107,2661,14826,12165,0,0,0
3450151,f629fe09-0490-322b-3c27-be4b545a7785,64,3439277,3449282,3450151,3449185,869,10874,10005,0,0,0
3450343,18fdc0d4-421c-1c0e-4c6c-8ed2ebd8cfc9,64,3437084,3447576,3450343,3448238,2767,13259,10492,0,0,0
3450403,00d2a886-ac73-77df-0786-4ee9805c9b31,64,3440582,3447910,3450366,3448453,2456,9784,7328,0,0,0
3450537,808271b7-fa2e-2d22-ba8c-3fbf4b5fbb7a,64,3438090,3447790,3450537,3448315,2747,12447,9700,0,0,0
3450637,ba4240df-a9ce-f0b4-5059-f09918d37385,64,3439427,3450151,3450637,3449598,486,11210,10724,0,0,0
3450880,78981fb9-a0db-af9f-bfbe-6c2048c5a974,64,3439531,3449552,3450880,3449194,1328,11349,10021,0,0,0
3451353,1ccf547c-0e16-1b40-872d-58367907c754,64,3434581,3449612,3451353,3449336,1741,16772,15031,0,0,0
3451413,c1d82e4e-019d-2ddb-6582-c3b6441f2afa,64,3440184,3450537,3451398,3451164,861,11214,10353,0,0,0
3451413,70bbf07e-e80a-50b7-a36f-494a54d41e87,64,3441163,3450637,3451405,3451443,768,10242,9474,0,0,0
3451523,994a8e03-307b-6d17-0693-0d3eed917b1a,64,3441192,3446659,3451523,3447765,4864,10331,5467,0,0,0
3451871,df80aa13-dac9-23af-00d2-7cc457db3d2d,64,3436972,3446971,3451871,3448163,4900,14899,9999,0,0,0
3452789,ff9b2387-d334-87f3-4be3-64f7cd1a5a2f,64,3439642,3450343,3452789,3449636,2446,13147,10701,0,0,0
3453190,52662af9-6f4d-39bc-6dfc-aac664d0d710,64,3439820,3450403,3453190,3450991,2787,13370,10583,0,0,0
3501603,c87faf6b-2940-79b8-db4f-50653a070c29,64,3501002,3501002,3501603,3502228,601,601,0,0,0,0
3502152,286a7a87-cbf3-7cca-7b5e-803c793bba8c,64,3501079,3501079,3502152,3501809,1073,1073,0,0,0,0
3534670,e6598fa6-c7e0-8447-4cd3-2c6c4c83b19a,64,3509136,3509136,3534670,3550665,25534,25534,0,0,0,0
3535773,03adab23-ea9f-c997-bf86-95ec798799f9,64,3509197,3509256,3535773,3561169,26517,26576,59,0,0,0
3536455,1af9e16e-452f-4fa8-509e-d3fc1eb34e27,64,3509949,3509949,3536455,3537904,26506,26506,0,0,0,0
3537041,6279ff51-d26a-a150-df82-7b89221c522c,64,3510382,3510430,3537041,3569243,26611,26659,48,0,0,0
3538562,d906a787-90ad-c6e7-5d6f-5520b3a719df,64,3510370,3510370,3538562,3571349,28192,28192,0,0,0,0
3543431,ec521c9d-eef1-050f-007e-3e9f474bedea,32,3510373,3510430,3543431,3564864,33001,33058,57,0,0,0
3552753,b0235e00-a7e9-d12b-1f85-2efbc37f8e85,64,3510141,3510141,3552753,3538361,42612,42612,0,0,0,0
3559109,b9dcc556-c01f-4d20-6c78-a746f5388bb7,64,3510247,3510247,3559109,3565891,48862,48862,0,0,0,0
3560774,3ad622ce-5468-6965-1725-52dee1031010,64,3509954,3510009,3560774,3553410,50765,50820,55,0,0,0
3561069,8b643c78-e15c-1327-89c4-6711526af5bc,64,3509137,3509196,3561069,3575805,51873,51932,59,0,0,0
3561504,3bde5a3d-c014-f01b-cf1f-77992b2bc08a,64,3509949,3509949,3561504,3578516,51555,51555,0,0,0,0
3566293,e74cdd5e-d29d-8778-c215-517ddbc1648e,64,3510372,3534670,3566293,3573729,31623,55921,24298,0,0,0
3729617,ef227dd2-8669-18d8-8e62-db9c36daf565,64,3729471,3729496,3729617,3730854,121,146,25,0,0,0
3729677,97289980-0b79-b535-33bf-480c811f6bee,64,3729451,3729496,3729668,3730878,172,217,45,0,0,0
3729737,ce9fcfca-197b-6d17-6d74-e73859088d91,64,3729394,3729436,3729680,3731074,244,286,42,0,0,0
3729737,798d99fb-2ed7-5961-951e-89e65c4fe578,64,3729383,3729436,3729718,3730981,282,335,53,0,0,0
3729737,38387fa1-3f90-44e8-352f-eea67a12c928,64,3729457,3729496,3729719,3730722,223,262,39,0,0,0
3729797,54317b56-4f16-9437-8d91-252cb1e1eaf0,64,3729376,3729376,3729784,3731242,408,408,0,0,0,0
3729917,a85e5940-512d-cce6-4731-d47072a2afc5,64,3729383,3729436,3729859,3730759,423,476,53,0,0,0
3729977,db4f2cd5-ddab-e68c-188e-d4d7da6d5bb2,64,3729378,3729436,3729950,3730825,514,572,58,0,0,0
3730037,1ed460b7-23dc-f810-d4ef-f59d9f9a94d0,64,3729385,3729737,3729989,3731971,252,604,352,0,0,0
3730180,523f3abc-311c-629f-d13c-72b6c134ad87,64,3729377,3729917,3730173,3733078,256,796,540,0,0,0
3730300,8c629e8f-6579-6fae-dc2b-f169f27a3f66,64,3729377,3729737,3730246,3731800,509,869,360,0,0,0
3730360,9a28474f-c752-20c8-48b8-50d39e96f644,64,3729389,3729436,3730349,3730724,913,960,47,0,0,0
3730433,1c4936c7-d85c-3296-0f7f-a027660d8c0e,64,3729388,3729436,3730433,3731458,997,1045,48,0,0,0
3730493,216a9985-6b56-a889-5121-be733126960b,64,3729390,3729436,3730482,3731714,1046,1092,46,0,0,0
3730604,5b26ef84-fdb0-71db-f761-a4e45a95c9fc,64,3729392,3729797,3730604,3732712,807,1212,405,0,0,0
3731002,3f8c7b80-22f1-567d-2ab0-514182f9e879,64,3730008,3730037,3731002,3735145,965,994,29,0,0,0
3731202,0df1714a-44fa-2fd2-e9a9-7c6ed840486a,64,3730217,3730240,3731202,3738029,962,985,23,0,0,0
3731419,308995d4-f393-bc18-eb37-ab3a2fdfef50,64,3730120,3730120,3731419,3734495,1299,1299,0,0,0,0
3731837,ee6299d0-b130-31b3-1ef4-bb69e6dd64f0,64,3729668,3730360,3731837,3739408,1477,2169,692,0,0,0
3731914,18821089-438c-cbba-0924-a44ada5780de,64,3730021,3730604,3731914,3740612,1310,1893,583,0,0,0
3731974,cd6d047c-ecb0-e5d0-f9e3-de4ded6ffcf8,64,3729851,3730493,3731950,3739879,1457,2099,642,0,0,0
3732629,157fe4da-01ee-dd94-f19a-40ba3c939220,64,3729799,3729977,3732588,3738988,2611,2789,178,0,0,0
3732918,d1aab379-b25e-91cb-27ee-b6c83bf67606,64,3729914,3730433,3732918,3739801,2485,3004,519,0,0,0
3733443,ef5a4025-c3f1-f88b-f465-a63f1c427ad8,64,3732526,3732569,3733442,3736855,873,916,43,0,0,0
3734105,dd47e704-675d-ee77-e538-35b09d645844,32,3732509,3732509,3734105,3739390,1596,1596,0,0,0,0
3734435,fa7c4800-3810-1334-eddf-7bcfed8478af,64,3732852,3732852,3734435,3742590,1583,1583,0,0,0,0
3736435,3dce9047-535c-fbeb-04fa-2be0c4be2001,64,3733383,3733383,3736435,3743132,3052,3052,0,0,0,0
3738559,ad0532ee-5865-9477-115d-760ffcd803ea,64,3733085,3733085,3738559,3740383,5474,5474,0,0,0,0
3742155,51702fd1-aa1f-bb9a-38ef-74fbb34ff4ee,64,3741799,3741818,3742155,3742476,337,356,19,0,0,0
3743515,6d3bb8af-53e5-a913-745d-4debc11e6e19,64,3742002,3742057,3743515,3754575,1458,1513,55,0,0,0
3744192,41a24ee2-0e07-ac8c-6527-839fdef0adb3,64,3740976,3740976,3744192,3751740,3216,3216,0,0,0,0
3744773,066085ef-5863-78e6-4ea3-a3e2fda17883,64,3741934,3741934,3744773,3752011,2839,2839,0,0,0,0
3747332,0de05ab2-5016-6dd4-e8eb-73123c44121e,64,3746755,3746803,3747332,3756881,529,577,48,0,0,0
3747424,1de45bb6-2001-5b5a-cc3f-6f024408ed2e,64,3741997,3741997,3747424,3746239,5427,5427,0,0,0,0
3747838,a6a92d7d-9899-375a-401d-516e43219ef7,64,3747097,3747097,3747838,3756246,741,741,0,0,0,0
3747977,fec569b6-e373-12a0-e794-3819c0735a9f,64,3747236,3747238,3747977,3756551,739,741,2,0,0,0
3748455,03f00242-59bb-e80a-c0aa-10f383a7566b,64,3746683,3746683,3748455,3755168,1772,1772,0,0,0,0
3748891,973b2ee7-0903-3978-3788-cfdfe70cfce2,32,3747178,3747178,3748891,3754714,1713,1713,0,0,0,0
3749841,f47bfa23-9a52-b84b-b831-0f1a10ae7f29,64,3746717,3746743,3749841,3756703,3098,3124,26,0,0,0
3750194,88823bfb-a23d-00f0-6d79-fea2ed201457,64,3749933,3749961,3750194,3751125,233,261,28,0,0,0
3750433,c82ff097-0836-0b7c-8a7d-84ecf21d2555,64,3749887,3749901,3750433,3754967,532,546,14,0,0,0
3750836,864d5c41-0f03-c060-95d6-cd21ef314ada,64,3749903,3749961,3750836,3755848,875,933,58,0,0,0
3751262,225ffcbd-20c1-e9ee-b184-48cf2d4128e5,64,3749918,3749961,3751262,3755304,1301,1344,43,0,0,0
3751670,6f94f350-d0dd-bf34-e663-33ffd0f4d40a,64,3750292,3750346,3751670,3757878,1324,1378,54,0,0,0
3752268,ebe25d0d-1be8-e4da-8406-38cf4bd5b092,64,3750286,3750286,3752268,3755790,1982,1982,0,0,0,0
3752532,eb96ca66-9f70-d721-bb11-f5a76010b507,64,3750342,3750346,3752532,3755766,2186,2190,4,0,0,0
3753086,93463fbe-acee-6873-0c93-677b78dcfcf1,64,3749937,3749961,3753086,3756064,3125,3149,24,0,0,0
3753583,0140be56-a9e1-2344-e364-df61d92ef298,64,3750314,3750433,3753583,3760262,3150,3269,119,0,0,0
3756571,5219269a-ed44-2537-829f-62b6c0d1d3ae,64,3756392,3756392,3756571,3757414,179,179,0,0,0,0
3765043,18dd7bdd-f9c5-257d-162f-5992882a4968,64,3741758,3741758,3765043,3756378,23285,23285,0,0,0,0
3801879,82b22a15-b587-f2a6-8850-a042df2457a8,64,3801588,3801641,3801879,3804328,238,291,53,0,0,0
3802076,15b9dda6-cb2c-5d2d-6f7b-4d2c68412551,64,3801592,3801641,3802076,3804339,435,484,49,0,0,0
3802136,0b0af24c-1ca4-3f6a-5e4d-b3023f6f8d5a,64,3801581,3801581,3802087,3804361,506,506,0,0,0,0
3802136,f8cd138d-c738-27a8-70ba-df312a9e48f5,32,3801581,3801581,3802096,3802993,515,515,0,0,0,0
3802136,1ce7041c-cc56-39dc-48fd-985f4fc8d828,64,3801581,3801581,3802125,3804547,544,544,0,0,0,0
3802576,8a1659e5-957b-3d06-0b10-f84ac374fde6,64,3801582,3801641,3802576,3803898,935,994,59,0,0,0
3802636,fe3cdf0f-e92d-e38e-0e08-210aeda55f05,64,3801593,3801641,3802599,3803243,958,1006,48,0,0,0
3802735,c2fe4f78-b813-b30c-6c20-54bd1a189d88,64,3801592,3801641,3802735,3803327,1094,1143,49,0,0,0
3802799,fb164022-f59b-0b89-2732-bc54f5b69341,64,3801581,3801581,3802799,3805122,1218,1218,0,0,0,0
3802966,97eac38b-1b38-d540-424e-62d8a38bd01f,64,3801593,3802136,3802966,3804963,830,1373,543,0,0,0
3803091,0dc7ebe4-f3b4-1b25-a431-efa073973573,64,3801586,3802799,3803091,3806539,292,1505,1213,0,0,0
3803151,56e96d2d-026f-167d-e309-50f97a1028c3,64,3801585,3802076,3803123,3804648,1047,1538,491,0,0,0
3803151,10a9391d-b3f9-80fc-effe-4252e95110a8,64,3801581,3801581,3803140,3804528,1559,1559,0,0,0,0
3803151,a1439506-2140-dae6-b11a-007962744a87,64,3801589,3802636,3803143,3805825,507,1554,1047,0,0,0
3803333,35a0c1ab-1cbd-175f-5f56-1946f65bf99c,64,3801599,3801641,3803333,3804179,1692,1734,42,0,0,0
3803441,b3f6ef86-f1be-0900-32df-bfa8f8b933bb,64,3801588,3803151,3803441,3807760,290,1853,1563,0,0,0
3803583,c3b63b2d-70cd-f043-d3c1-2594d1860cc5,64,3801589,3803151,3803583,3807542,432,1994,1562,0,0,0
3803643,42f74a66-9c0e-677c-4feb-74d20f8001ec,64,3801581,3801581,3803587,3806061,2006,2006,0,0,0,0
3803643,6816e3bc-1223-9911-21fc-7617ef947143,64,3801583,3802136,3803590,3805004,1454,2007,553,0,0,0
3803861,568bde87-6434-3bb7-6ef1-aad71c784589,64,3801595,3803333,3803861,3808025,528,2266,1738,0,0,0
3803966,b63f5a96-1141-9bef-9348-509345627102,32,3801581,3801581,3803966,3806916,2385,2385,0,0,0,0
3804028,914c59dc-5796-ac30-094d-f20f66af6937,32,3801583,3803091,3804028,3807329,937,2445,1508,0,0,0
3804665,f571f2d3-2f45-3a76-c3ea-0a5ee2d9fa59,64,3801595,3802966,3804665,3806795,1699,3070,1371,0,0,0
3804811,3df8d793-61ff-3ed9-3384-c6a4aba3a5ee,64,3801596,3803151,3804811,3808010,1660,3215,1555,0,0,0
3817825,f2bc08d3-0f8d-d535-e5ee-672ab0623f5d,64,3817533,3817533,3817825,3818107,292,292,0,0,0,0
3818460,bf462987-0e77-f2f6-8eec-169dfe9b0582,64,3817980,3817980,3818460,3824883,480,480,0,0,0,0
3819716,1c3a6281-6083-8fe8-c92c-4c70976e0958,64,3818860,3818860,3819716,3827887,856,856,0,0,0,0
3820966,10fa5b41-c32b-daf4-b84b-9a73651857b6,32,3819399,3819399,3820966,3828890,1567,1567,0,0,0,0
3821182,4ad2b732-fa9b-74cf-8c09-0de46c2478a1,64,3818331,3818331,3821174,3828637,2843,2843,0,0,0,0
3821362,333e009c-847d-0f89-7363-67f52754a846,64,3818015,3818040,3821341,3825591,3301,3326,25,0,0,0
3821923,9b0198ce-ca1d-429d-9ad7-9207b1102552,64,3819039,3819039,3821923,3827310,2884,2884,0,0,0,0
3822156,6778170a-f4f2-7409-e08c-b5347b11fe99,64,3820190,3820190,3822156,3830969,1966,1966,0,0,0,0
3822235,8e759ad8-6869-30e6-7510-24db094473d7,64,3821336,3821362,3822235,3827746,873,899,26,0,0,0
3822459,667d3564-2dbe-f949-e6ae-221675233adb,64,3821122,3821122,3822459,3831376,1337,1337,0,0,0,0
3822519,67e12777-244a-8147-51f4-6422da35cddf,64,3819160,3819160,3822478,3828077,3318,3318,0,0,0,0
3822579,f7ab873d-f8ca-6ed3-bfe3-4ad7982f0ed5,64,3819740,3819776,3822544,3826807,2768,2804,36,0,0,0
3823393,a3996761-0081-0bd2-3f1c-1b708cfd099a,64,3822603,3822639,3823370,3827207,731,767,36,0,0,0
3823868,28a3be12-873a-bfe1-a733-6615bee00e0d,64,3822237,3822295,3823868,3827301,1573,1631,58,0,0,0
3824018,4ec86e93-6dce-06df-5d1e-4d32b18e0c2a,64,3823273,3823273,3824018,3827868,745,745,0,0,0,0
3824208,823ef811-0684-dfaa-f9f2-3492700b6ef6,64,3822598,3822639,3824208,3829416,1569,1610,41,0,0,0
3824268,16d2bd10-3b30-e4c9-c7c9-d16789c5040f,64,3821338,3821362,3824223,3829298,2861,2885,24,0,0,0
3824611,e7238979-45bb-1760-52cd-7f93ffbb2c0f,64,3821264,3821302,3824611,3827508,3309,3347,38,0,0,0
3824756,ece293b9-efb0-9cbb-d544-f42ad001df54,64,3823400,3823453,3824756,3827958,1303,1356,53,0,0,0
3825070,b139e289-f127-445b-6905-c0afe120b039,64,3821198,3821242,3825070,3830063,3828,3872,44,0,0,0
3825500,cc404f18-8830-dd78-1abb-918cbbd86378,64,3822613,3822639,3825500,3827161,2861,2887,26,0,0,0
3825560,cec861c5-8f65-6148-7073-faf5f2971ed3,64,3821973,3822156,3825529,3833112,3373,3556,183,0,0,0
3825782,e804f03b-b0f8-c5a2-7c1b-83802e009106,64,3823314,3824208,3825782,3833229,1574,2468,894,0,0,0
3825930,c96533b8-47e5-4a6f-a31d-703338db18cc,64,3822564,3822579,3825930,3828065,3351,3366,15,0,0,0
3827115,c918da34-ae27-90bf-9016-83cd1075f720,64,3823171,3824268,3827115,3833694,2847,3944,1097,0,0,0
3846790,581e52e5-d692-2f8a-a177-cb4ec5affac2,64,3845087,3845087,3846777,3852115,1690,1690,0,0,0,0
3846970,211f02a5-309b-b72c-5e5a-faed39864d19,32,3846730,3846730,3846955,3847374,225,225,0,0,0,0
3847492,8037c4fb-49b6-b9be-a91b-ac10d4703c2f,64,3844769,3844769,3847492,3853916,2723,2723,0,0,0,0
3847624,c0f4ad63-d6f6-df78-07a2-50a4a36fcc7e,64,3846847,3846850,3847615,3853451,765,768,3,0,0,0
3847684,8be07309-5d40-dce8-6301-65defa9331eb,64,3844774,3844829,3847654,3853807,2825,2880,55,0,0,0
3848317,036537a6-34db-bf07-88d5-0e58043cf64f,64,3845539,3845539,3848317,3849488,2778,2778,0,0,0,0
3848850,2f31634a-098a-cba1-f76c-3b2e96febf1d,64,3848034,3848070,3848816,3853417,746,782,36,0,0,0
3848910,c0860ffe-9040-3b47-5e2d-60133e59192c,64,3846891,3846910,3848879,3851061,1969,1988,19,0,0,0
3849212,bda9a5bf-93a2-5748-756d-61e0416dfd41,64,3848415,3848437,3849212,3852313,775,797,22,0,0,0
3849895,f3d5a5a8-85f4-7bbc-6714-710970f1c61b,64,3847890,3847890,3849895,3854332,2005,2005,0,0,0,0
3849958,5eef0c0e-de4a-af75-c946-5f188b481014,32,3848354,3848377,3849958,3852370,1581,1604,23,0,0,0
3850209,8839bed6-6882-0e34-330d-27eeb5f3fd95,64,3848395,3848910,3850209,3855709,1299,1814,515,0,0,0
3850772,548210a2-a357-ff48-5238-cc96723ab06f,64,3847932,3847950,3850772,3853380,2822,2840,18,0,0,0
3850954,eae90143-1445-ae72-ecb6-0a42075b359e,64,3848383,3850209,3850954,3856826,745,2571,1826,0,0,0
3851184,4677ee94-7c79-0ae4-2c3c-c2206c24d027,64,3845128,3845147,3851184,3856038,6037,6056,19,0,0,0
3851353,41dfdb8f-054e-d60f-ce46-76b334c488ba,64,3848022,3848070,3851353,3854802,3283,3331,48,0,0,0
3851515,8f491d8b-5de0-79a4-4326-8a962e38f870,64,3847616,3847624,3851515,3857382,3891,3899,8,0,0,0
3851687,6e624811-d8eb-15b3-fde3-ae59f4405f5f,64,3848790,3848850,3851687,3855011,2837,2897,60,0,0,0
3851753,1f523682-0c70-2cb1-adb3-2f98d3830043,64,3848389,3848437,3851753,3854302,3316,3364,48,0,0,0
3851835,447876e9-4f19-7246-c2d9-9f47e3e52dcd,64,3845131,3845147,3851835,3856544,6688,6704,16,0,0,0
3851903,69fb09fd-da89-a0a6-649a-a0801e9100b9,64,3847914,3847950,3851903,3856964,3953,3989,36,0,0,0
3852365,0c1a46b5-c94e-6220-a5f9-d6c43be9b78b,64,3847564,3847564,3852365,3858215,4801,4801,0,0,0,0
3853310,15fee15b-ea07-44f7-24b5-90207001072b,64,3847603,3847624,3853310,3857197,5686,5707,21,0,0,0
3853429,6ba17ab7-d4b3-117e-de50-3f67fc3ac5d3,64,3848336,3848377,3853429,3853928,5052,5093,41,0,0,0
3853668,04bc165c-42c5-6ef6-855d-29ed298e5a01,64,3847951,3848010,3853668,3856986,5658,5717,59,0,0,0
3853872,401469d3-a0c9-3586-b551-d3d215a781d8,64,3848364,3851903,3853872,3858665,1969,5508,3539,0,0,0
3854321,18e88d05-8a28-9bc0-99b9-93ebb63b79af,64,3847706,3847744,3854321,3857766,6577,6615,38,0,0,0
3854476,32e007f9-d9e6-a662-be65-cf3dd0313c13,64,3848391,3851687,3854476,3857698,2789,6085,3296,0,0,0
3854876,2aa65a2a-0064-a287-256a-e64f7289f085,64,3848408,3853310,3854876,3859287,1566,6468,4902,0,0,0
3855157,2df93152-d102-1964-78cc-cce784fcc390,64,3848384,3852365,3855157,3858813,2792,6773,3981,0,0,0
3856011,94e29c1d-6ba0-367d-3186-a7194df911df,32,3845127,3845147,3856011,3861357,10864,10884,20,0,0,0
3856464,fee54165-db80-6ee6-cb28-89c29f58aa68,64,3848415,3851515,3856464,3857523,4949,8049,3100,0,0,0
3895817,f8f2390d-38eb-ac56-1b4a-5a768c1708b8,64,3894992,3895036,3895817,3902334,781,825,44,0,0,0
3896987,7b34cf79-3a16-1b35-e81b-622489743e05,64,3896698,3896740,3896987,3897787,247,289,42,0,0,0
3897104,1d0a9c82-1299-d40b-44a7-3cf43600f1ae,64,3896690,3896740,3897104,3897865,364,414,50,0,0,0
3897196,9211ce6b-c099-d021-4c4f-128e588818e9,64,3896680,3896680,3897196,3897697,516,516,0,0,0,0
3897256,248d2d89-02e5-cb80-ecd8-e335a17353e7,64,3896701,3896740,3897235,3897255,495,534,39,0,0,0
3897316,70d044d3-e1f8-4798-d60b-6a74f9f92ddb,64,3896695,3896740,3897257,3897511,517,562,45,0,0,0
3897882,b67bcbaf-68e2-eca2-531a-e2bf0fba1ef6,64,3897564,3897564,3897882,3898796,318,318,0,0,0,0
3898182,2c3d7915-1157-4d74-bd2a-646b2fa41e18,64,3894843,3894843,3898135,3901799,3292,3292,0,0,0,0
3898567,b6111f79-621c-d408-8470-2ee33ed17f30,64,3898011,3898062,3898550,3904484,488,539,51,0,0,0
3899117,d1f6c860-1c01-db34-065e-8ef387d03145,64,3898572,3898627,3899117,3904579,490,545,55,0,0,0
3899810,b1aa9ff4-36cf-9d9e-d8f4-3f9994fb7a64,64,3894858,3894903,3899810,3901237,4907,4952,45,0,0,0
3899924,b0028c00-32e2-e329-e990-e9567cd3fb19,64,3898378,3898387,3899924,3904050,1537,1546,9,0,0,0
3900051,09bcddfb-ac71-f055-efe8-e6188fac6a8e,64,3894976,3894976,3900051,3905291,5075,5075,0,0,0,0
3900167,e2dc9154-728a-a731-5768-de82a591eb58,64,3897901,3897942,3900167,3905679,2225,2266,41,0,0,0
3900818,7dd7662a-aac7-c9f8-89ef-88e3d8b7f979,64,3898327,3898327,3900818,3903249,2491,2491,0,0,0,0
3900878,a9f4b3b4-eb7d-ef18-a83a-3cd368320d72,64,3898077,3898122,3900876,3904691,2754,2799,45,0,0,0
3900942,2fc7fcd6-d59a-c1d7-34dd-2f518cb27ed1,64,3898397,3898447,3900942,3903128,2495,2545,50,0,0,0
3901002,2a765772-319f-3143-e6c3-5199f0b49011,64,3898457,3898507,3900967,3904680,2460,2510,50,0,0,0
3901002,478178de-9c1a-fb6d-4fe8-1a1e70f417b0,64,3900696,3900746,3900968,3901554,222,272,50,0,0,0
3901385,c275f20d-a0ee-0da2-38f2-7f55f77a8848,64,3900686,3900686,3901385,3901614,699,699,0,0,0,0
3901679,a739a808-7a92-194b-1d56-50240380395c,64,3898888,3900942,3901679,3905983,737,2791,2054,0,0,0
3901773,d22faeab-487c-6044-ccf8-8429d25e434c,64,3898465,3901002,3901773,3907685,771,3308,2537,0,0,0
3902168,72c3d40b-2f5f-967e-7278-9d3dcacfdb8d,64,3902060,3902060,3902168,3902962,108,108,0,0,0,0
3902388,9abcf128-fd83-0b1f-94bb-5011e155382c,64,3898984,3899008,3902351,3904983,3343,3367,24,0,0,0
3902448,c194c25a-1136-c096-0881-c5fdd015e5cb,64,3902314,3902328,3902434,3903015,106,120,14,0,0,0
3902508,a99bffdb-ad8f-b0a6-5c5f-3d7341958031,64,3900328,3901679,3902496,3909390,817,2168,1351,0,0,0
3902568,692ce817-f2ea-046f-e551-bf524293eca2,64,3898043,3898062,3902517,3905718,4455,4474,19,0,0,0
3902628,c49e2d01-062c-c553-2da4-c5d9bcaeaf2e,32,3898909,3901002,3902593,3907215,1591,3684,2093,0,0,0
3902976,d1415075-bae7-2fe3-ba07-4d01c04b431b,64,3898216,3901385,3902924,3908632,1539,4708,3169,0,0,0
3902976,7ab2dc32-0129-0085-568b-f54aec298eb4,64,3898087,3898122,3902967,3905963,4845,4880,35,0,0,0
3903113,cd8c8ba9-9afd-f252-ff50-65a58274891c,64,3898989,3899810,3903113,3905428,3303,4124,821,0,0,0
3903228,8f202014-7ac5-d0dc-8fba-0368125c5c26,64,3897979,3898002,3903228,3906987,5226,5249,23,0,0,0
3904214,494f5346-fa21-a76d-2a6b-5f65cf625862,64,3902811,3902856,3904158,3908760,1302,1347,45,0,0,0
3904352,4564cf6d-0282-fd93-3e3a-259bf12437db,64,3902269,3902328,3904352,3907080,2024,2083,59,0,0,0
3904533,bbdaba66-68a0-c9af-29b9-9c60b86aa49e,64,3904257,3904274,3904533,3905442,259,276,17,0,0,0
3905157,89332449-51ce-f7ac-b854-3f00ab6c0ba3,64,3904094,3904214,3905157,3909923,943,1063,120,0,0,0
3905314,266f4350-2f13-8bdb-ea1d-e8352d64a451,64,3902568,3902568,3905314,3907332,2746,2746,0,0,0,0
3905454,9344577c-be1d-b539-a775-98e8d791f01a,64,3902606,3902628,3905454,3908540,2826,2848,22,0,0,0
3905514,c3bed2c0-5b69-e0f3-6442-c3769f71d74a,64,3903005,3903036,3905469,3907420,2433,2464,31,0,0,0
3905514,d84fc9f7-293a-dfbf-8eba-ed7469dfb986,64,3898498,3901773,3905500,3909414,3727,7002,3275,0,0,0
3905574,7abf1053-e287-4082-ca1b-80b92fd61145,64,3898890,3902508,3905546,3909726,3038,6656,3618,0,0,0
3905809,11aca899-3dcb-4a2e-25ae-4b8eaab27fb6,64,3902796,3902796,3905809,3909212,3013,3013,0,0,0,0
3905934,c1d3fa6c-e7b6-82a6-1bae-2455035f5e9d,64,3902803,3905454,3905934,3911629,480,3131,2651,0,0,0
3906814,01fe4e15-6f4a-83c5-55cc-ac2466d0238e,64,3902903,3905514,3906814,3912105,1300,3911,2611,0,0,0
3906874,86ba4d5c-0089-bab2-8368-f3d5f093e044,64,3902381,3905514,3906819,3912199,1305,4438,3133,0,0,0
3907251,20119afd-cf2a-5136-4170-fe88b4d9ebbe,32,3902279,3905574,3907193,3912491,1619,4914,3295,0,0,0
3907311,07246bba-02ae-ed0f-db10-1bc744a1264c,32,3907023,3907077,3907306,3907609,229,283,54,0,0,0
3907371,d9485610-38c0-702e-cff9-bf0f848270ac,64,3902268,3904533,3907369,3910269,2836,5101,2265,0,0,0
3907431,aa57e57e-6508-1a22-1667-787e82b5abd4,64,3907017,3907017,3907430,3908543,413,413,0,0,0,0
3908053,cdfaee28-cedf-c9a5-bc56-ac3e8489d50e,64,3902523,3905157,3908053,3910752,2896,5530,2634,0,0,0
3909640,282b6851-9b87-e89a-45c5-9161a8f5ef5d,64,3907191,3907191,3909640,3911289,2449,2449,0,0,0,0
3910155,b2511d26-f8f1-03bb-1559-69dc6ee13a8d,64,3904108,3905314,3910155,3911585,4841,6047,1206,0,0,0
3910379,adc10846-3b10-f93a-3ba1-64931d9be01e,64,3907042,3907077,3910379,3911273,3302,3337,35,0,0,0
3910601,0c1cc6d6-5225-5245-b4f3-723ca8940629,64,3902395,3905574,3910601,3913564,5027,8206,3179,0,0,0
3912244,0d6f1b84-d079-bf46-7f74-594bf9384b4c,64,3907311,3907311,3912244,3917836,4933,4933,0,0,0,0
3940778,7e1e1fb4-3e7f-1ec0-b314-cce2a7fec4b4,64,3940624,3940658,3940749,3941175,91,125,34,0,0,0
3940778,2db38634-bfa5-5a06-6786-66cebd8ad0bf,64,3940602,3940658,3940770,3941219,112,168,56,0,0,0
3940838,6d667277-9d3c-fb5b-e5cd-f44f9660cf31,64,3940602,3940658,3940790,3941268,132,188,56,0,0,0
3940838,9976a2f6-7532-2170-f993-de57cec0b7ce,64,3940602,3940658,3940828,3941099,170,226,56,0,0,0
3940906,332ea279-ee52-2a27-4c60-afcd81ce7a5c,64,3940658,3940658,3940906,3941283,248,248,0,0,0,0
3940966,7d39f652-6206-a6b5-1242-9272b95672e6,64,3940648,3940778,3940927,3941387,149,279,130,0,0,0
3941026,05c5e580-8eb4-faa3-b048-44e939f16220,64,3940606,3940838,3940983,3941407,145,377,232,0,0,0
3941026,312dbe0a-dc25-9364-03cd-a63dce405992,64,3940619,3940658,3941002,3941202,344,383,39,0,0,0
3941026,5a56706a-24a6-a0e2-a632-527178c6a01f,64,3940641,3940658,3941011,3941198,353,370,17,0,0,0
3941086,71e8fb75-1348-2d8e-2880-13b91a438be8,64,3940613,3940658,3941050,3941312,392,437,45,0,0,0
3941146,00e68083-587e-e4be-69fb-1ff4c7356ba3,64,3940638,3940966,3941100,3941452,134,462,328,0,0,0
3941146,50aa7902-6a9f-55df-ad63-6f43b163a134,64,3940634,3941026,3941100,3941464,74,466,392,0,0,0
3941146,326ef12d-7459-553a-cb7c-136fcc670994,64,3940647,3940778,3941124,3941383,346,477,131,0,0,0
3941206,994dea9e-9583-9831-a087-6bee53653a8a,64,3940656,3941086,3941170,3941487,84,514,430,0,0,0
3941206,ed247a28-88e8-3ee3-4bc2-41c0b780e78c,64,3940646,3941026,3941175,3941476,149,529,380,0,0,0
3941266,02ac8fd7-0ed5-d7e6-6ad4-e873e2fa7fd1,64,3940659,3940838,3941260,3941417,422,601,179,0,0,0
3941326,eaa42132-ac35-d192-d971-ebdbe1c3fa94,64,3940639,3941146,3941275,3941493,129,636,507,0,0,0
3941326,053f85fa-eca1-0851-4dab-600348a5f20f,64,3940628,3941146,3941321,3941491,175,693,518,0,0,0
3941386,fec2979c-dbde-6958-995f-3649ca2bf6f7,64,3940625,3940906,3941352,3941426,446,727,281,0,0,0
3941386,ef850585-148d-2198-f3fa-3920c9bf6704,64,3940656,3941266,3941378,3941570,112,722,610,0,0,0
3941446,03dbf2e1-7a02-d643-bf8a-57b07af627ec,64,3940607,3941326,3941439,3941576,113,832,719,0,0,0
3941506,e6f44704-404f-3887-d28c-91d198156a60,64,3940660,3941206,3941452,3941555,246,792,546,0,0,0
3941566,35f3e7dd-566d-c209-3d01-30b7fbc3f5b1,64,3940622,3941206,3941518,3941510,312,896,584,0,0,0
3941566,822102a4-0b9f-2793-14c1-d6fd71d85058,64,3940617,3941146,3941538,3941504,392,921,529,0,0,0
3941566,32c193ff-8b04-9bbf-3d69-0065694f9678,64,3940642,3941026,3941565,3941459,539,923,384,0,0,0
3941644,66922641-b7d0-5756-0105-101f3428b6f8,64,3940600,3941386,3941644,3941661,258,1044,786,0,0,0
3941704,abb59951-a41b-5e70-e5c1-3db7e5caf474,64,3940650,3941326,3941655,3941575,329,1005,676,0,0,0
3941704,07c26592-fe07-081d-7dd8-196d202112a8,64,3940610,3941386,3941700,3941652,314,1090,776,0,0,0
3941764,1afd84fb-34af-1e03-44fc-2c7d5e826566,64,3940655,3941566,3941719,3941785,153,1064,911,0,0,0
3941764,e04ff21d-75e8-02b5-b7d0-5b3d28436c91,64,3940635,3941506,3941728,3941751,222,1093,871,0,0,0
3941764,8deb626f-ffcf-c73c-5e67-8c4d84b8c17f,64,3940653,3941446,3941738,3941716,292,1085,793,0,0,0
3941856,fdbd41af-c70b-5f7c-f693-091286430528,64,3940652,3941704,3941856,3941832,152,1204,1052,0,0,0
3941916,406065ce-c424-553b-da3d-6b6ea79bc6b0,64,3940610,3941566,3941862,3941811,296,1252,956,0,0,0
3941916,6dfb4525-f38f-a50b-f12d-7aab5370580e,64,3940639,3941764,3941894,3941866,130,1255,1125,0,0,0
3941976,cb1d67d8-0621-fe52-7f35-82dd25a25a07,64,3940628,3941764,3941934,3941876,170,1306,1136,0,0,0
3941976,2f5ee4ff-0b8c-8219-a398-4e9f09ce3f58,64,3940617,3941856,3941946,3941887,90,1329,1239,0,0,0
3942036,d7fc2215-c1e6-06e7-8333-2a6e0006ed7c,64,3940659,3941764,3941981,3941851,217,1322,1105,0,0,0
3942036,18072eee-3127-ea0a-23fe-0b2c0637a5a1,64,3940618,3941916,3941985,3941934,69,1367,1298,0,0,0
3942036,9d034b38-21a9-838f-21bf-753b94249012,64,3940664,3941916,3942007,3941892,91,1343,1252,0,0,0
3942096,d1737423-aa13-0707-f88b-ebfb67022d7c,64,3940663,3941566,3942051,3941804,485,1388,903,0,0,0
3942096,64423d22-ea7f-f808-58f0-2579631e2e41,64,3940661,3941976,3942065,3941958,89,1404,1315,0,0,0
3942156,41eb2431-7b1f-cfb2-42c9-9d2b620875e5,64,3940652,3942036,3942146,3941996,110,1494,1384,0,0,0
3942216,47ad3248-be37-46eb-c72a-d504f4a2544d,64,3940666,3941644,3942176,3941811,532,1510,978,0,0,0
3942216,ab00b1ee-aa5c-d48d-4c1d-0de6e651d747,64,3940651,3941976,3942207,3941941,231,1556,1325,0,0,0
3942216,091410f9-a6e4-f021-7efa-ab9644e21692,64,3940608,3941704,3942213,3941825,509,1605,1096,0,0,0
3942276,728f9d2c-b5d7-53eb-4c20-46fde2aad03c,64,3940626,3942096,3942218,3942001,122,1592,1470,0,0,0
3942336,618017cd-9f6c-9433-f33e-fe2dad121c67,64,3940600,3942036,3942324,3941977,288,1724,1436,0,0,0
3942396,6f5022f6-8db9-36fb-0204-6c6e12406ad5,64,3940613,3942036,3942351,3941994,315,1738,1423,0,0,0
3942458,ae04331a-6fb4-10f4-aac0-1b8513800adc,64,3940628,3942156,3942458,3942047,302,1830,1528,0,0,0
3942527,1b78a10d-1c59-06f1-2b26-c1ff0e5b6041,64,3940626,3942396,3942527,3942145,131,1901,1770,0,0,0
3942587,1f82decc-aac2-0803-6dc7-31c6897364be,64,3940599,3942096,3942549,3942047,453,1950,1497,0,0,0
3942587,f39052a6-f12b-68ff-7f83-fbc69a529f57,64,3940618,3942216,3942571,3942069,355,1953,1598,0,0,0
3942686,36aee202-a6c1-000f-6ea9-31322146861b,64,3940649,3942276,3942686,3942134,410,2037,1627,0,0,0
3942746,125a6f73-e231-0660-2658-7240680c543e,64,3940599,3942216,3942691,3942089,475,2092,1617,0,0,0
3942746,8b315227-fd4e-f2e8-eb6f-04b8ea00f528,64,3940663,3942587,3942696,3942200,109,2033,1924,0,0,0
3942806,bfcbf287-62ae-7b1d-b0bb-a8b63898e9db,64,3940611,3942527,3942776,3942191,249,2165,1916,0,0,0
3942880,f169b4d7-3b65-c307-33fc-07a97e5dfec4,64,3940622,3942336,3942880,3942143,544,2258,1714,0,0,0
3942961,becdbb50-b29f-54d7-d3e5-006405a18c6e,64,3940643,3942216,3942961,3942080,745,2318,1573,0,0,0
3943021,b04b7912-5663-bf05-e15e-7f09cdbbfe6c,64,3940614,3942746,3942974,3942230,228,2360,2132,0,0,0
3943021,94d9de10-626b-ebe2-d7e3-fd17947b7b7e,64,3940631,3942806,3942997,3942294,191,2366,2175,0,0,0
3943081,7b253660-ea46-89ca-1f45-89fcd8b54d41,64,3940633,3942587,3943068,3942197,481,2435,1954,0,0,0
3943141,2e7c3963-1456-c887-ab29-cf801e310f1a,64,3940598,3940598,3943084,3942225,2486,2486,0,0,0,0
3943141,06098bc9-5030-b8ec-75c1-9ae3056666e3,64,3940636,3942961,3943090,3942538,129,2454,2325,0,0,0
3943141,4ad471e5-5be8-37b9-260c-53811859c275,64,3940608,3942458,3943101,3942163,643,2493,1850,0,0,0
3943141,c0b20dd8-0c4e-d431-2783-883577edcfff,64,3940648,3942746,3943122,3942258,376,2474,2098,0,0,0
3943403,02e9b730-2584-833d-847f-d58baef71894,64,3940631,3942880,3943403,3942311,523,2772,2249,0,0,0
3943463,432adfc9-91ea-247b-e817-381c1757f919,64,3940606,3943141,3943463,3943061,322,2857,2535,0,0,0
3943523,ec20782a-7862-c712-4bb1-1e8495d46041,64,3940598,3940598,3943522,3942754,2924,2924,0,0,0,0
3943523,0ca806df-8afd-0ea3-045b-db48175b61b1,64,3940604,3943141,3943523,3943190,382,2919,2537,0,0,0
3943583,372b795b-bf12-4f55-6daf-4f42a1c29760,64,3940622,3943021,3943537,3942649,516,2915,2399,0,0,0
3943643,170a364e-d737-b2f6-0ac2-7b1d8027f26e,64,3940645,3943081,3943618,3942779,537,2973,2436,0,0,0
3944010,873ad354-253e-9d9b-8dfa-8e6a3aacac45,64,3940633,3943141,3944010,3942916,869,3377,2508,0,0,0
4071687,0702333c-437f-1763-db61-bb4fcaa34bcd,64,4071140,4071140,4071649,4080748,509,509,0,0,0,0
4072206,5c1ea1f1-e319-b37a-3727-945569c2aa28,64,4071283,4071283,4072206,4075446,923,923,0,0,0,0
4072359,5da45418-a2bf-94f8-9232-a45308f215e9,64,4071522,4071567,4072359,4079849,792,837,45,0,0,0
4072537,e900eb6d-8f22-923c-fd98-24c14bc7de1b,64,4070963,4070963,4072537,4077967,1574,1574,0,0,0,0
4072780,f24ed127-824a-cde6-0181-86be1fa5c457,64,4071447,4071447,4072780,4076604,1333,1333,0,0,0,0
4073213,0493c5fd-2966-a4f8-0560-88c5edbd4e4f,32,4071550,4071567,4073213,4075660,1646,1663,17,0,0,0
4073273,074deb07-a2a7-463a-3816-76927d44d49e,64,4071547,4071567,4073214,4081561,1647,1667,20,0,0,0
4073273,d1e70b16-d30b-52b4-227d-ae30ae328333,32,4071531,4071567,4073240,4079654,1673,1709,36,0,0,0
4073273,eef157d8-73c1-d0ac-e7a4-39ceb9a0831e,64,4071923,4072780,4073271,4083154,491,1348,857,0,0,0
4073514,7a02282d-8579-2855-ec1d-98939a7a7055,64,4071581,4072206,4073514,4081257,1308,1933,625,0,0,0
4074935,5fd10325-0c6e-bd35-63ed-c8ab0f6d6836,64,4071607,4071627,4074935,4076772,3308,3328,20,0,0,0
4076085,a1e41b94-43ca-6fde-c61a-263a243004f4,64,4071478,4071507,4076085,4083119,4578,4607,29,0,0,0
4076545,7fc18b87-0d93-d369-3e74-934f64e64ee4,64,4071600,4071627,4076545,4076049,4918,4945,27,0,0,0
4076605,8a14fce9-9bf5-36db-9a97-35355d632294,64,4071568,4071687,4076580,4081137,4893,5012,119,0,0,0
4083307,cb2c7a72-9b08-021f-4b9a-81de2c179a11,64,4080527,4080527,4083307,4090301,2780,2780,0,0,0,0
4089071,ec4f0c41-876d-f7c8-baa3-d0c10e0a38b3,64,4087751,4087751,4089071,4097934,1320,1320,0,0,0,0
4089153,776bd9d1-a936-1e43-cc74-0921e964d53f,32,4087564,4087587,4089153,4093822,1566,1589,23,0,0,0
4089408,d6b4908f-c3c4-fc3b-363b-4b949e1f8f1b,64,4087823,4087823,4089408,4094131,1585,1585,0,0,0,0
4089630,7dd6c974-ecc6-8a80-b53e-67951f978834,64,4087527,4087527,4089630,4099236,2103,2103,0,0,0,0
4090461,f27c144f-8895-e88f-ef8e-094bae197b58,64,4087571,4087587,4090461,4095449,2874,2890,16,0,0,0
4091023,b9576096-f67d-096d-9e05-cfc62b79da36,64,4090212,4090238,4091023,4098105,785,811,26,0,0,0
4091143,cafeb5ed-2f4d-3201-4ca6-66f2d0436d90,64,4090238,4090238,4091138,4094227,900,900,0,0,0,0
4091343,2a22ab0a-794d-d941-9e00-87f19bbe3856,64,4090338,4090394,4091329,4094389,935,991,56,0,0,0
4091403,23c08809-4412-d606-6792-f0f0f1a7a0d8,64,4090334,4090334,4091368,4092706,1034,1034,0,0,0,0
4091523,4f778cc7-d1ac-7521-8316-afea13485fa3,64,4090178,4090178,4091488,4094007,1310,1310,0,0,0,0
4091771,ed93fbd1-1cef-56a5-6162-3bef4de7bb27,64,4091284,4091343,4091734,4092279,391,450,59,0,0,0
4092011,bbba8321-3b16-c41d-553b-7db79a74d230,64,4091515,4091523,4092010,4095505,487,495,8,0,0,0
4092596,41db94bb-0410-053f-9610-d31d70cd4960,64,4087645,4087647,4092537,4092587,4890,4892,2,0,0,0
4092716,380f6624-5d24-ebb3-3245-9db3efdfb089,64,4091725,4091771,4092670,4096391,899,945,46,0,0,0
4092776,0e1253cc-4196-cba0-9f3a-546eb5b572bf,64,4091918,4091951,4092728,4096324,777,810,33,0,0,0
4092914,3a312ec3-2264-ad66-7915-4f46d9bd97b8,64,4091306,4091343,4092914,4096417,1571,1608,37,0,0,0
4093035,3f4d4cb0-030a-fe05-a00c-df915099fee4,64,4091423,4091463,4093035,4096091,1572,1612,40,0,0,0
4093146,b953544e-072f-1955-410f-685a80030607,64,4091363,4091403,4093146,4096713,1743,1783,40,0,0,0
4093206,68417a4e-494b-0981-08ad-140801936d10,64,4091810,4091831,4093184,4096571,1353,1374,21,0,0,0
4093378,bc69afad-1999-5b04-0f56-1d30a1986d6d,64,4091376,4091403,4093378,4095894,1975,2002,27,0,0,0
4093559,487fa3e2-c4cb-15b3-4899-8ac2f7d4510b,64,4091721,4093035,4093559,4097804,524,1838,1314,0,0,0
4093642,8347ac92-8085-a5d5-1ee8-f6fedb2c79ad,64,4091605,4091643,4093642,4095899,1999,2037,38,0,0,0
4093884,43a2b459-7a20-a973-4806-c38e7f4654ce,32,4091513,4091523,4093884,4096648,2361,2371,10,0,0,0
4094509,9734680e-7c7d-9525-93aa-60ca98cee85f,64,4092678,4093146,4094509,4097874,1363,1831,468,0,0,0
4094569,4c10db39-7d21-1ec7-70a7-53fd67d45400,64,4091495,4093206,4094517,4098014,1311,3022,1711,0,0,0
4094893,fa9fd4cc-8d7b-096c-a83c-9e1d821a769a,64,4092539,4093559,4094893,4098204,1334,2354,1020,0,0,0
4095216,23699b8f-1a9e-b1e4-eefb-5906d2da0a09,32,4091481,4093642,4095216,4098243,1574,3735,2161,0,0,0
4095384,82b9d513-610e-242e-1cc6-c6abbb4be004,64,4091502,4094509,4095384,4098467,875,3882,3007,0,0,0
4095468,1eb7fdd4-2219-c81c-a27b-1deab0f154dd,64,4091484,4094569,4095468,4098483,899,3984,3085,0,0,0
4095528,046c3819-4aae-dc93-3ef4-69502912972a,64,4090615,4090667,4095478,4098127,4811,4863,52,0,0,0
4095528,48295d57-e02d-f7a9-83e7-aba73ec6d295,64,4092623,4092656,4095493,4096648,2837,2870,33,0,0,0
4095859,f87d328d-4a3b-5e37-dc1f-068b9fa121ba,64,4091944,4092914,4095841,4097333,2927,3897,970,0,0,0
4096283,1dc2bfa1-c5fe-79dd-bbdf-8b940b1a4d49,64,4091912,4094893,4096283,4098485,1390,4371,2981,0,0,0
4096343,f1a6b589-e9b1-65f7-1470-432398581ce9,64,4091457,4095384,4096295,4098574,911,4838,3927,0,0,0
4096343,077fdaa2-f079-65e8-c7d3-0c5a85e526ca,64,4091409,4093884,4096313,4098466,2429,4904,2475,0,0,0
4096662,2556939b-a02a-3348-10d3-490858ff0cc8,64,4091812,4095859,4096662,4099154,803,4850,4047,0,0,0
4096798,01e421d9-2326-210f-f4da-567cbb93c3b8,64,4090227,4090238,4096759,4098830,6521,6532,11,0,0,0
4096978,348409f0-605e-3879-bd31-f1c18eb899fe,64,4096847,4096858,4096933,4097246,75,86,11,0,0,0
4096978,f80f749b-2e4e-ee1f-a534-092ea90b1ddd,64,4096850,4096858,4096938,4097302,80,88,8,0,0,0
4096978,681b3e1f-b3cb-92fb-b8ae-35cd5dccfcbd,64,4096853,4096858,4096938,4097961,80,85,5,0,0,0
4096978,5d8c4b3c-39d1-e88d-dcd8-5fd54b6c7e21,64,4096837,4096858,4096942,4097356,84,105,21,0,0,0
4097038,fc4df4c4-c3b0-3975-958f-0fa4eab95e82,64,4096859,4096918,4097009,4097873,91,150,59,0,0,0
4097098,88a11531-e263-cf76-cb9b-d74984ad6c24,64,4096882,4096918,4097058,4097709,140,176,36,0,0,0
4097302,36994369-57c5-bb61-5ca8-55942b8bb736,32,4097065,4097098,4097267,4098144,169,202,33,0,0,0
4097382,1045c7af-ea14-de22-54d0-7d84caf918fc,64,4096844,4096858,4097382,4097338,524,538,14,0,0,0
4097454,daf8f8f2-a101-73c2-31b9-22899d9c718b,64,4097186,4097242,4097454,4098035,212,268,56,0,0,0
4097533,7914ccf7-17ad-2f96-5364-75e369c98808,64,4097182,4097182,4097533,4097777,351,351,0,0,0,0
4097595,ea190829-cc4b-277f-50e9-d4f9379e4934,64,4091356,4091403,4097595,4096735,6192,6239,47,0,0,0
4097655,67cb7ac8-9071-bc36-194b-997df23e69c0,64,4097193,4097242,4097598,4098154,356,405,49,0,0,0
4097655,2668c8cf-2eae-2355-9e59-e39655e8a367,64,4090607,4090607,4097621,4098582,7014,7014,0,0,0,0
4097655,36f5bff5-3d28-860b-fae6-9f2ad533e041,64,4097251,4097302,4097649,4097930,347,398,51,0,0,0
4098113,78198a19-a464-a9c7-e4a5-a90bfc4f332d,32,4091905,4096283,4098113,4099287,1830,6208,4378,0,0,0
4098361,0628a4ff-e353-a060-279e-fe299e7c8f71,64,4091449,4096798,4098361,4100058,1563,6912,5349,0,0,0
4098569,0b8e2cde-e854-1cec-b93f-d915fa9803ea,64,4091711,4097655,4098569,4100189,914,6858,5944,0,0,0
4098804,9952d520-ac57-d630-15aa-46ccff306ef7,64,4090191,4090238,4098804,4099612,8566,8613,47,0,0,0
4098904,0ce69296-bbf5-c0e9-2522-809938e9ced7,64,4092476,4098113,4098904,4100291,791,6428,5637,0,0,0
4099311,acd4376c-ffb5-e183-a752-56880818182b,32,4095849,4097655,4099305,4100230,1650,3456,1806,0,0,0
4099465,149332a4-59ae-3fb7-79bf-3ba7fdf109c3,64,4091895,4096283,4099448,4099332,3165,7553,4388,0,0,0
4100207,1a4be434-a8b9-285a-8bbc-ff5a66f1e45c,64,4091581,4098569,4100180,4100344,1611,8599,6988,0,0,0
4100754,3b79a096-621e-c742-e1bf-b697fd9a639f,64,4091869,4095528,4100754,4098900,5226,8885,3659,0,0,0
4100860,43ca3611-7eb0-7d7d-051e-f159aa108a7e,64,4091924,4096662,4100860,4099741,4198,8936,4738,0,0,0
4100951,4e8f334d-7ca9-5fbc-9c7f-58d40e6fbe96,64,4090468,4100207,4100951,4100698,744,10483,9739,0,0,0
4101270,c0f0ef36-a40c-3bb9-f26d-37eb8d2d4e03,64,4091504,4098361,4101270,4100301,2909,9766,6857,0,0,0
4101612,f2259a63-10f4-f950-e549-cffc4817cf40,64,4091383,4096343,4101612,4099581,5269,10229,4960,0,0,0
4102134,12d4506a-903d-1ab5-bc96-19035f1ed253,64,4091512,4100754,4102134,4100709,1380,10622,9242,0,0,0
4102194,bad4af4d-f837-b71d-323a-b6346cd63361,64,4091039,4098804,4102188,4100519,3384,11149,7765,0,0,0
4102386,ef98a68c-cd18-c1a2-806f-59332a227eee,64,4090519,4099465,4102386,4100569,2921,11867,8946,0,0,0
4102590,9e93e92e-345a-738f-5a7a-154569a93591,64,4092493,4100951,4102590,4100853,1639,10097,8458,0,0,0
4102684,33738b87-65a4-a813-539c-457043444bee,64,4100147,4102386,4102684,4101226,298,2537,2239,0,0,0
4102931,4687b383-2406-d0d1-cf65-8d58705e3a42,64,4091351,4101612,4102931,4100936,1319,11580,10261,0,0,0
4103167,73206cd9-016b-16c2-04aa-6e0646488027,64,4091412,4102684,4103167,4101423,483,11755,11272,0,0,0
4103806,afd2a09a-dd7d-02c5-ad18-b1035db64636,64,4091742,4100860,4103806,4100724,2946,12064,9118,0,0,0
4103866,9773811e-9812-fc62-f490-119a848b9692,64,4095932,4101270,4103816,4100931,2546,7884,5338,0,0,0
4103866,fcdd7b08-904b-a171-8212-520fca49fe49,64,4092663,4098904,4103855,4100529,4951,11192,6241,0,0,0
4104563,ca8f5be2-39c9-c8ec-7d96-cf9007626b78,64,4092500,4102931,4104563,4101531,1632,12063,10431,0,0,0
4104653,afb9b175-f808-993a-6f4c-460508f0d796,64,4090616,4103866,4104653,4102119,787,14037,13250,0,0,0
4105051,a27e6f19-82d4-d858-fdef-a362f0444a48,64,4091744,4102194,4105051,4101188,2857,13307,10450,0,0,0
4105173,4b1e4bcf-8f73-3b58-d6ec-d10f6c7df54b,64,4091283,4103866,4105173,4102053,1307,13890,12583,0,0,0
4105233,4272341e-5bd8-5310-a06e-e5aa8ac54e88,64,4096386,4103806,4105180,4101871,1374,8794,7420,0,0,0
4105749,3b977d1c-0d6d-20ef-3a8c-aa4b482fb58a,64,4091418,4105233,4105749,4103169,516,14331,13815,0,0,0
4105899,5b78fc11-16ea-1f38-a100-4f29067db218,64,4091361,4104563,4105899,4102334,1336,14538,13202,0,0,0
4106077,8f1c9563-f4ee-18f1-c851-fd317fdd0dfe,64,4092492,4103167,4106077,4101742,2910,13585,10675,0,0,0
4106637,f450cc6d-46a6-db66-97ac-567f3a1c2486,64,4091496,4104653,4106637,4102550,1984,15141,13157,0,0,0
4107176,710e32d4-9d62-abe1-1de8-e57ed3862288,64,4091377,4102134,4107176,4101099,5042,15799,10757,0,0,0
4107363,c4a65ea7-eb58-f51e-5f78-ae634d3ceb13,64,4091883,4105749,4107363,4103533,1614,15480,13866,0,0,0
4107600,d52ad150-a3f7-2de9-9f1f-468a49e07489,64,4091748,4102590,4107600,4101298,5010,15852,10842,0,0,0
4107662,f9698825-dbb0-2951-a07f-aacf83cddcb4,32,4099405,4106077,4107662,4103564,1585,8257,6672,0,0,0
4107943,4c664333-cd13-8aa3-e5da-ce208b7b2f26,64,4095945,4107176,4107943,4104717,767,11998,11231,0,0,0
4108011,ac893a93-7431-efe7-b7d7-4f5b9c0aeb63,64,4095764,4106637,4108011,4104031,1374,12247,10873,0,0,0
4108484,54cbffb8-93ff-cf8a-5fd4-14dde502133a,64,4095853,4105899,4108484,4103556,2585,12631,10046,0,0,0
4108544,808a6e74-2d2c-266e-207c-c7823109af2d,64,4091909,4105051,4108500,4103054,3449,16591,13142,0,0,0
4108604,8f751ffa-56c6-899d-c3cd-885f27f904e1,64,4095800,4106077,4108591,4103862,2514,12791,10277,0,0,0
4108664,413aaec6-4577-057a-e01b-23c2b0c9aed5,64,4091860,4105173,4108606,4103105,3433,16746,13313,0,0,0
4108813,21837969-8f90-8e74-d27b-188d15dcdd50,64,4099191,4108011,4108813,4106269,802,9622,8820,0,0,0
4109042,8da518f0-8bf2-fb76-4eb1-33b2d91f8de1,32,4095856,4107363,4109042,4105011,1679,13186,11507,0,0,0
4109275,ee18a0ce-bbc6-4890-ffe3-de6860e9b4e0,64,4095858,4108484,4109275,4106736,791,13417,12626,0,0,0
4109335,45c17062-fd8d-3f60-9be9-0b935666d501,64,4099218,4108544,4109329,4106941,785,10111,9326,0,0,0
4109483,96371f60-9f3c-c0f6-e894-6734f7b6320d,64,4096738,4108664,4109483,4107274,819,12745,11926,0,0,0
4109558,eddf6abb-4827-ec0e-6a8f-bf1450fbde66,64,4099831,4107662,4109558,4105138,1896,9727,7831,0,0,0
4109806,116a1dd6-044c-ae79-fbba-3e8faa992e21,64,4100294,4109335,4109806,4109813,471,9512,9041,0,0,0
4110020,78495f53-7894-329b-91ae-ee4372a98ef0,64,4099791,4109275,4110020,4108555,745,10229,9484,0,0,0
4110214,619920c7-a483-753b-662f-1ecabb909256,64,4099701,4109483,4110214,4110630,731,10513,9782,0,0,0
4110390,5612b4c3-b364-3c9c-d504-8a4b401fcbee,64,4099674,4108813,4110390,4107601,1577,10716,9139,0,0,0
4110450,9daa671b-4997-faad-6369-732e12c22f83,64,4096390,4107943,4110415,4105523,2472,14025,11553,0,0,0
4111006,a2ad8e70-97a1-6f27-ebbe-c86c5816002d,64,4095739,4107600,4111006,4105021,3406,15267,11861,0,0,0
4111162,8e392317-ba35-35cc-d2e4-446dc5784a40,32,4099636,4109558,4111162,4110719,1604,11526,9922,0,0,0
4112082,f0739ff7-188f-409a-0dfa-f6a01ff6cd0a,64,4096346,4108604,4112082,4107223,3478,15736,12258,0,0,0
4115998,72d53cbd-bed6-3553-8f22-1f4b02d87dd1,64,4115880,4115880,4115998,4116461,118,118,0,0,0,0
4116058,12f3bb9c-a07f-c20c-da5c-e77825ee2658,64,4115634,4115634,4116021,4116457,387,387,0,0,0,0
4144311,759240e6-85fd-2547-ec58-211da9ddcb77,64,4142416,4142416,4144311,4143400,1895,1895,0,0,0,0
4146367,9ae603b9-b875-11b7-fa09-c85c5130af64,64,4144705,4144705,4146367,4146631,1662,1662,0,0,0,0
4204350,3e4ba347-64a6-fefa-69f0-0431366c817b,64,4196100,4196149,4204350,4213175,8201,8250,49,0,0,0
4207942,6ceb9417-9fe2-ccad-b96f-6cc9603c9a7d,64,4196124,4196149,4207942,4218748,11793,11818,25,0,0,0
4210035,2b0bf28d-6d03-7ee6-7132-f19f33fa926c,64,4196125,4196149,4210035,4213782,13886,13910,24,0,0,0
4210095,45393cf9-c170-1ee4-46b8-588e0505561d,64,4196099,4196149,4210060,4211479,13911,13961,50,0,0,0
4212755,2856fd1d-8b7d-7044-eebe-fbe17893fed9,64,4196101,4196149,4212755,4211786,16606,16654,48,0,0,0
4215610,b2b1fb40-659a-ea40-d2ed-817dac99ce81,64,4196111,4204350,4215610,4219646,11260,19499,8239,0,0,0
4216150,8d93d7e1-688e-3351-fc62-00dee5c31d2e,64,4196105,4207942,4216150,4223095,8208,20045,11837,0,0,0
4217421,7c7e82cc-ca11-623f-feed-cb392ce80367,64,4196101,4196149,4217421,4211404,21272,21320,48,0,0,0
4217491,ec9e27e4-bd73-6876-2d09-223ba1d01688,64,4196109,4196149,4217491,4216165,21342,21382,40,0,0,0
4220019,6f4e8fa4-4e32-a769-88b6-af37247aba74,64,4196121,4196149,4220019,4218490,23870,23898,28,0,0,0
4230562,3b4ce485-b816-1e8b-f1b0-4409c0b6b748,32,4196106,4216150,4230562,4227012,14412,34456,20044,0,0,0
4231856,398944c5-4fc5-4edc-1994-5c83616b0ca8,64,4196093,4210095,4231856,4223535,21761,35763,14002,0,0,0
4231916,c9c4fd1d-7476-c2a3-c690-55a8c597ed7b,64,4196173,4210035,4231880,4223362,21845,35707,13862,0,0,0
4234536,cce8ab43-dcd6-a649-88b2-10d2666b7496,64,4196107,4212755,4234536,4224167,21781,38429,16648,0,0,0
4236746,c61ca77e-c8c9-d862-5164-fcaeee0e8cf3,64,4196089,4196089,4236746,4226694,40657,40657,0,0,0,0
4387240,b8b2b070-d98a-f9b6-30af-7575f69d9d5f,64,4386502,4386502,4387240,4396171,738,738,0,0,0,0
4387361,6dacfc29-5e5a-15ff-5c4d-76da765ec39b,64,4386514,4386562,4387361,4388566,799,847,48,0,0,0
4393636,a9af3a05-9f7c-8651-f2af-f20365fdd025,64,4393392,4393392,4393636,4395358,244,244,0,0,0,0
4704777,ba7060aa-7db6-af65-b655-8fceafcd7530,64,4704218,4704251,4704731,4709101,480,513,33,0,0,0
4704897,b5b18f50-3848-4eb2-d6f1-5e371d3d0e2b,64,4704123,4704131,4704857,4708318,726,734,8,0,0,0
4705293,cf431f7f-8217-4f79-0760-5ae0c58a4122,64,4704351,4704371,4705293,4709736,922,942,20,0,0,0
4705642,25844bfd-6001-116c-3690-950ef71eb252,32,4704060,4704071,4705642,4707952,1571,1582,11,0,0,0
4705702,b2b9ef4e-b587-93da-055a-b0f2db97c191,64,4704339,4704371,4705679,4708164,1308,1340,32,0,0,0
4706271,ad313c47-be3e-1ebf-2744-808d1eab2544,32,4704561,4704597,4706214,4709198,1617,1653,36,0,0,0
4706331,11b5d477-39f7-36be-30d6-7f403c582a27,64,4704787,4705702,4706304,4710021,602,1517,915,0,0,0
4706682,e3d076de-208d-3d09-7e3a-313a8c2fbe1d,64,4704665,4704717,4706682,4708520,1965,2017,52,0,0,0
4706956,ffa00f80-1337-4403-d6eb-8d5a035a1707,64,4704569,4705293,4706905,4710009,1612,2336,724,0,0,0
4707016,5a6b70c5-d1b1-ebb3-9c9b-5993a25e78c0,64,4704027,4704071,4706998,4709090,2927,2971,44,0,0,0
4707076,d010ce6e-623e-9304-8468-446db45bc1a9,64,4704207,4704251,4707041,4709120,2790,2834,44,0,0,0
4707244,647e9ed0-6b65-2a96-84ba-d0a2171d7629,64,4704351,4704371,4707244,4708279,2873,2893,20,0,0,0
4707304,57162941-314f-fd03-5a4a-81117ab32583,64,4704074,4704131,4707259,4709901,3128,3185,57,0,0,0
4707760,bebe0884-64d1-14f0-cef7-d16d92bf6392,64,4704605,4707016,4707760,4710361,744,3155,2411,0,0,0
4707980,c4b6e119-1316-aadc-1c7a-bb7f30c9496c,64,4704382,4707244,4707980,4710605,736,3598,2862,0,0,0
4708539,6c02fa70-8e60-7116-2647-a8afee34e363,64,4704387,4706956,4708539,4710274,1583,4152,2569,0,0,0
4708599,3aa71929-8a57-44a1-168e-53e5187215cf,64,4704323,4707304,4708594,4710920,1290,4271,2981,0,0,0
4708758,22d4584c-48ee-31df-d790-b94a5078fb01,64,4705309,4705353,4708758,4709722,3405,3449,44,0,0,0
4708896,bb9a86d6-8fa6-228d-47ba-fd4261388aad,64,4704139,4704191,4708896,4711192,4705,4757,52,0,0,0
4709145,2ab053f0-2d07-9c6d-f058-8b0903a14ff8,64,4704342,4706682,4709145,4710117,2463,4803,2340,0,0,0
4709426,23af7414-8aef-2323-5152-091636ebe3cf,64,4704201,4704251,4709426,4711315,5175,5225,50,0,0,0
4709549,b9bee51b-b0c8-afeb-073b-b30845f9e73e,64,4704095,4704131,4709549,4711559,5418,5454,36,0,0,0
4709723,80986272-20f7-e28d-caa1-d6475ad63166,64,4704612,4706331,4709723,4710025,3392,5111,1719,0,0,0
4709974,5573d04f-849f-b5ab-8512-7191b230a824,64,4704430,4707980,4709974,4711044,1994,5544,3550,0,0,0
4710325,acc42808-ad89-745e-584f-2b67b22281b7,64,4704577,4709549,4710325,4711972,776,5748,4972,0,0,0
4710543,55372183-61e0-5f98-5cb0-67a29c87d790,64,4704349,4707760,4710543,4710980,2783,6194,3411,0,0,0
4710741,8a7ca0ef-915d-f252-2485-ffcf76707b61,64,4704826,4709145,4710741,4711603,1596,5915,4319,0,0,0
4711205,7499154a-35fe-3129-878c-e9d94dd8244e,64,4704101,4704131,4711205,4711072,7074,7104,30,0,0,0
4711285,08571c34-bb09-9b5b-6785-add7c1bcbbb0,64,4705905,4709974,4711285,4712156,1311,5380,4069,0,0,0
4711452,9b6b8dab-f5f8-120a-0d38-325870674e97,64,4704098,4704131,4711452,4712281,7321,7354,33,0,0,0
4712081,2d43e37b-1ec5-dd64-386c-e5eb9f71348e,64,4704903,4707076,4712081,4710450,5005,7178,2173,0,0,0
4712446,41486eb5-1973-0453-981b-c548f02bb279,64,4704117,4704131,4712446,4712053,8315,8329,14,0,0,0
4712653,05dc0f1b-5cba-9958-faa9-6717cd7a9d15,64,4704148,4710325,4712653,4712163,2328,8505,6177,0,0,0
4712742,b5704f48-b206-b888-d396-687bf9afe2fb,64,4704255,4711452,4712742,4712514,1290,8487,7197,0,0,0
4712904,ca4949b1-a707-92ce-cb55-926d14aa4dc0,64,4704114,4704131,4712904,4713281,8773,8790,17,0,0,0
4712964,6d57db19-cb08-9d91-1e4d-ffcaef96a891,64,4704107,4712446,4712925,4713338,479,8818,8339,0,0,0
4712964,51ee6023-2f76-aa4e-0c0b-0189ee46e7e0,64,4704153,4704191,4712964,4711725,8773,8811,38,0,0,0
4713203,152a8638-ab52-c00f-4f69-da5b77ec26b2,64,4704739,4711205,4713203,4712307,1998,8464,6466,0,0,0
4713397,1445dde0-d2da-e138-0201-e91ce764582a,64,4704572,4710543,4713397,4712248,2854,8825,5971,0,0,0
4713774,adcc5dc9-b692-1ae6-b3f1-9dc1a862f59c,64,4704152,4712904,4713774,4713470,870,9622,8752,0,0,0
4714057,7905b296-b131-1ca0-f71b-9869cd45ddae,64,4704262,4712742,4714057,4713458,1315,9795,8480,0,0,0
4714117,66c378cb-b43b-541a-a795-512956104be2,64,4704315,4713203,4714084,4713644,881,9769,8888,0,0,0
4714266,4b5418ab-dc0d-963f-f2c0-65e4dd485005,64,4704224,4713397,4714266,4713690,869,10042,9173,0,0,0
4714976,e517f508-a766-0562-2444-807ccc269780,64,4704581,4712964,4714976,4713540,2012,10395,8383,0,0,0
4715036,3988a227-b9f1-893c-533d-1f9984de96a9,64,4704149,4712653,4715010,4713363,2357,10861,8504,0,0,0
4715125,611f8939-2d80-303d-f349-8e637fa76b97,64,4704537,4714266,4715125,4713865,859,10588,9729,0,0,0
4715390,1f90ed91-5b20-bf68-59ca-5aae3829de35,64,4704148,4714057,4715390,4713790,1333,11242,9909,0,0,0
4715749,317a2f19-e29a-25fd-b0eb-b51869424aa6,64,4704565,4713774,4715749,4713764,1975,11184,9209,0,0,0
4716431,4c855cfe-959b-5536-431e-d8b462a074ae,64,4704153,4711285,4716431,4712347,5146,12278,7132,0,0,0
4716601,7372ad9e-8734-0bba-cde2-1a7a2c2e41b4,64,4704939,4715036,4716601,4713907,1565,11662,10097,0,0,0
4717391,bb8e67aa-4cba-febc-0c2a-acd06f9241d6,64,4704201,4715390,4717391,4714060,2001,13190,11189,0,0,0
4717502,68bb59d3-f836-c964-48f7-4721b8e68f5b,64,4704263,4714117,4717502,4713808,3385,13239,9854,0,0,0
4717742,33bc6ac4-ec62-a7d6-9870-542f748f6dbd,64,4704243,4716431,4717742,4714173,1311,13499,12188,0,0,0
4717821,f6b826e2-66d5-26c8-58d4-195575465329,64,4704783,4714976,4717821,4713899,2845,13038,10193,0,0,0
4717937,eba78afc-a5a1-f8c0-4f5e-aabe4584c3e1,64,4704148,4716601,4717937,4714403,1336,13789,12453,0,0,0
4717997,d9d319a1-f088-4723-88d7-78027eb410ff,64,4704596,4715125,4717995,4713974,2870,13399,10529,0,0,0
4718057,8bfcf7f0-d485-16eb-cfe3-e6e47e04dc21,64,4704074,4712964,4718000,4713572,5036,13926,8890,0,0,0
4718221,da6d72da-90c5-8a4a-4212-5fadb0372c92,64,4705316,4715749,4718221,4714118,2472,12905,10433,0,0,0
4718281,db1867bd-433d-015d-2773-f53e89fd83ba,64,4704629,4717502,4718268,4714574,766,13639,12873,0,0,0
4719123,ac4c125f-dfa6-4479-cdb6-f2ff6cf9c6fe,64,4706211,4717821,4719123,4714780,1302,12912,11610,0,0,0
4719342,97c83e0a-8a40-fc3e-78e3-ae37cffa9985,32,4704213,4717742,4719342,4714646,1600,15129,13529,0,0,0
4719441,0bc10525-8069-ab57-985d-97cedb64ed4b,64,4704011,4704011,4719441,4714958,15430,15430,0,0,0,0
4720041,ec7580d3-7a1d-782f-e537-83e149013c6b,64,4704058,4704071,4720041,4714707,15970,15983,13,0,0,0
4720186,6aab2b2a-e261-dfa5-59e9-7496c4b95acb,64,4704261,4717391,4720186,4714467,2795,15925,13130,0,0,0
4720246,42819cc1-19a8-d905-914e-192c9660442e,64,4704135,4719441,4720196,4715045,755,16061,15306,0,0,0
4720389,0f862a18-8b8f-0c85-f1ad-62731f382aff,64,4704543,4717937,4720389,4714813,2452,15846,13394,0,0,0
4720787,e21358be-3f86-7212-8ad6-ed89fbf95b5a,64,4704558,4720041,4720787,4715050,746,16229,15483,0,0,0
4720981,ec8b29e9-0ca2-d18c-5264-ed94e38fcc3f,64,4704564,4720246,4720981,4715115,735,16417,15682,0,0,0
4721055,453e8a0c-a306-1dd2-cceb-7420282f205f,64,4704343,4720186,4721055,4715108,869,16712,15843,0,0,0
4721390,2a625388-71ff-159c-e584-ad827535c2a2,64,4704545,4718057,4721390,4714973,3333,16845,13512,0,0,0
4721591,81fd6c36-d74d-4419-4321-4f35fbf37c39,64,4704299,4720787,4721539,4715500,752,17240,16488,0,0,0
4722287,556bdbd2-0515-81eb-f683-7379e869ea14,64,4706557,4720981,4722279,4715759,1298,15722,14424,0,0,0
4722435,a3f47a31-7986-ed76-1560-05492e41c942,64,4704059,4704071,4722435,4715404,18364,18376,12,0,0,0
4722615,cb9a128c-1309-d2ec-ce1b-102a2d30e3ca,32,4704268,4720981,4722579,4715678,1598,18311,16713,0,0,0
4722615,30f014a8-78a6-4a02-7d35-65398aeeb3df,64,4704581,4721055,4722608,4715784,1553,18027,16474,0,0,0
4722980,c85ee806-c8e5-72b3-b2d3-d22fc1b22e1e,64,4706896,4721591,4722939,4716004,1348,16043,14695,0,0,0
4723347,6eecef4e-2ebe-bb6b-ddc0-e5ebc9b4c931,64,4704156,4722435,4723347,4716261,912,19191,18279,0,0,0
4723890,2eb3795c-29a3-bfa9-23f0-3aaf55c07fc4,64,4706505,4722615,4723890,4716623,1275,17385,16110,0,0,0
4724094,2ad05b96-a121-fdb5-1d01-5e726f4cf3d1,64,4704183,4719123,4724081,4715013,4958,19898,14940,0,0,0
4724761,fa96a6cf-b13e-c0a9-d581-435f4faca9e8,32,4707451,4724094,4724709,4717440,615,17258,16643,0,0,0
4724821,49314ad2-7b57-34e3-652f-954bc67eb983,64,4704798,4722287,4724765,4716214,2478,19967,17489,0,0,0
4724941,593e285f-e4c1-3c90-d6e9-cc7c9b2cc6b2,64,4704055,4704071,4724885,4714990,20814,20830,16,0,0,0
4725625,16f98154-15b7-f5b1-0da0-3dde1399a5a5,64,4704058,4704071,4725625,4715977,21554,21567,13,0,0,0
4725944,bd2ba47d-3d72-3ab5-a427-fbe14acade94,64,4704059,4704071,4725944,4714996,21873,21885,12,0,0,0
4726199,89ad04f3-f2f0-3595-9cc1-7f6cb2d21a7e,32,4704153,4723347,4726199,4716731,2852,22046,19194,0,0,0
4726313,050d440a-b266-7409-68ac-6acad6bbf24c,64,4704148,4724941,4726313,4717720,1372,22165,20793,0,0,0
4727196,49afbdc4-c0f9-ed51-c49a-a38a62f76b44,64,4704148,4724821,4727153,4717556,2332,23005,20673,0,0,0
4727796,5ebc56f3-0eba-abc3-abf8-80f24eafe6d2,64,4704055,4725625,4727747,4717945,2122,23692,21570,0,0,0
4728774,56581d14-3a96-8d50-434a-be0dd8babb2e,64,4704152,4727196,4728774,4719810,1578,24622,23044,0,0,0
4729799,659c0403-3324-0f9d-898c-2b21337ad455,64,4704155,4724761,4729799,4717506,5038,25644,20606,0,0,0
4730027,6fc86e97-f455-d719-88b2-48dda590666d,64,4704055,4723347,4730027,4717251,6680,25972,19292,0,0,0
4730160,b8f3108b-67a9-4d9b-5a3b-081da1501014,64,4704152,4727796,4730160,4720063,2364,26008,23644,0,0,0
4730548,1f60087a-0293-d518-167a-4fa9531c10d2,64,4704062,4704071,4730548,4716708,26477,26486,9,0,0,0
4730951,14dac2db-f909-2e52-8952-66d58590029f,64,4704150,4725944,4730951,4718363,5007,26801,21794,0,0,0
4731375,51cc8f77-667e-14ca-9eb8-735773727d9e,64,4704148,4730027,4731375,4721181,1348,27227,25879,0,0,0
4731731,e936f11b-7b44-62f9-ba54-26d778ef878f,64,4704055,4726313,4731731,4719163,5418,27676,22258,0,0,0
4732325,9edf75e8-d661-1081-2965-1ed76eb53a06,64,4704055,4730160,4732268,4721704,2108,28213,26105,0,0,0
4732698,7e62f267-7e87-dff8-2ce7-733d94d126ae,64,4704156,4729799,4732658,4721154,2859,28502,25643,0,0,0
4732698,824f9885-c41e-2980-1803-95bfb50bcbb6,64,4704055,4730548,4732677,4722312,2129,28622,26493,0,0,0
4732866,09ca05fe-96b8-4965-cdf4-f4c5b65043b0,64,4704152,4723890,4732833,4717435,8943,28681,19738,0,0,0
4732998,d28b0651-5c2c-1f79-9246-74e0b4b09f96,64,4704055,4730951,4732998,4722369,2047,28943,26896,0,0,0
4733058,36c66823-8900-0f4d-862f-a096d8523032,32,4704156,4730160,4733030,4721703,2870,28874,26004,0,0,0
4734237,a4be23f0-90d2-6d99-805f-0abfcd4c8414,32,4704149,4731375,4734233,4722430,2858,30084,27226,0,0,0
4734297,3fe42af9-b71b-8e3b-7a7f-bf13680e8a12,64,4704152,4732866,4734277,4723869,1411,30125,28714,0,0,0
4734357,1bf7af1b-3086-ca01-9e90-e8105c936fad,64,4704156,4732998,4734332,4724332,1334,30176,28842,0,0,0
4736059,46ca4ee8-331f-7cd2-1842-b1fd953f5b3e,32,4704064,4731731,4736051,4722456,4320,31987,27667,0,0,0
4736402,5549b2ae-55fd-b01a-bb44-64d18976dba5,64,4704059,4728774,4736402,4720448,7628,32343,24715,0,0,0
4736878,1511a8f1-4ee4-b57f-5d7b-fb2bb4be2efa,64,4704148,4731731,4736878,4723235,5147,32730,27583,0,0,0
4736938,8064eb28-38ee-1568-feee-07e65517e87a,64,4704055,4734357,4736904,4726587,2547,32849,30302,0,0,0
4737142,8040abff-18ba-ab30-395c-9fd6b20ba971,64,4722144,4734237,4737142,4726070,2905,14998,12093,0,0,0
4737285,f105a763-8ff0-4391-9b7c-7b2ea513dc3b,64,4722063,4736402,4737285,4726621,883,15222,14339,0,0,0
4737630,612bc2ab-6195-9292-aa97-162eb55b3988,64,4704060,4732325,4737630,4723251,5305,33570,28265,0,0,0
4737763,555fd245-1395-217d-bdb8-a1e284f2440a,64,4721842,4737285,4737763,4727503,478,15921,15443,0,0,0
4737851,3722b4a6-cc83-0a36-5609-ee46c426dd17,64,4704153,4732698,4737851,4723472,5153,33698,28545,0,0,0
4739133,76358e23-f5b6-4896-4756-40936856108e,64,4722571,4737142,4739133,4727333,1991,16562,14571,0,0,0
4739193,94e1f1c2-7e70-e1b5-e64c-9c7fda13cec1,64,4722800,4737851,4739159,4728190,1308,16359,15051,0,0,0
4739452,31059753-41e1-52ad-f48a-3e0932aa37f4,64,4722182,4736938,4739452,4727310,2514,17270,14756,0,0,0
4740009,8dcc570a-56ac-3833-80c8-b1786c3724ee,64,4722521,4739133,4740009,4728288,876,17488,16612,0,0,0
4740177,8b45c64f-cb38-c063-2631-7c32ea83a15c,64,4722057,4736878,4740177,4726639,3299,18120,14821,0,0,0
4740237,7628c6a1-63d2-9740-cc98-6245443bca8f,64,4724279,4739452,4740231,4728887,779,15952,15173,0,0,0
4740753,176d3710-f3c5-13df-2503-de0e41166c76,64,4724306,4740009,4740753,4728954,744,16447,15703,0,0,0
4740993,8413e483-fd93-7112-439e-258edf900fec,64,4723006,4737630,4740993,4727854,3363,17987,14624,0,0,0
4741053,13519b69-c9c8-6415-71df-e9add258a444,64,4704056,4734297,4741027,4726173,6730,36971,30241,0,0,0
4741131,bc693253-60a0-0cbf-599c-e96b4782a7dc,64,4723979,4737763,4741131,4727894,3368,17152,13784,0,0,0
4741620,b8724cee-e90c-3497-3ef4-52fc1f6c64bb,64,4704153,4732698,4741620,4723352,8922,37467,28545,0,0,0
4741681,e23eee60-d11d-aabb-9112-5dfd7465b49f,64,4722052,4739193,4741681,4728491,2488,19629,17141,0,0,0
4741875,9de54260-f1d1-a44f-cd82-b640d9a3222c,64,4723006,4741131,4741875,4730006,744,18869,18125,0,0,0
4742661,ee82b56f-cfd5-96ce-91a1-e84ab39c28bd,64,4724010,4741875,4742661,4730044,786,18651,17865,0,0,0
4742917,f85c9005-5e5c-afa7-7687-48eb659b4aa8,64,4725165,4741620,4742917,4730009,1297,17752,16455,0,0,0
4742977,de4ac7f2-c8d9-20c4-d712-8d4c2d839ca7,64,4722447,4740177,4742924,4729542,2747,20477,17730,0,0,0
4743043,4eedc5ef-e964-bddd-a36f-376fe9b92414,64,4722210,4741053,4743043,4729923,1990,20833,18843,0,0,0
4743301,839fb96e-88b9-908c-4575-f998bc276e41,64,4724650,4741681,4743301,4730010,1620,18651,17031,0,0,0
4743361,5c8ebe83-1dce-6908-92ea-ef88e06ce2d2,64,4704055,4740993,4743339,4729891,2346,39284,36938,0,0,0
4743776,630c1f9e-0c1e-2281-362b-5e9a2dd27efb,64,4721209,4743301,4743776,4730452,475,22567,22092,0,0,0
4743836,8e97e7f0-cbc5-ad2e-f13a-b7cb8f95980d,64,4722047,4743043,4743797,4730414,754,21750,20996,0,0,0
4743896,b750a26b-de12-28e1-5ae1-7ffbd01a9533,64,4721647,4742977,4743856,4730259,879,22209,21330,0,0,0
4744080,7ecaa621-316a-eea6-0197-c609be880b26,64,4721622,4740753,4744080,4729697,3327,22458,19131,0,0,0
4744696,5559e543-c826-2a60-03fe-2ba1a96d0ab1,32,4722235,4744080,4744696,4731307,616,22461,21845,0,0,0
4745075,d19760d4-41bb-ca98-dedc-dc1640bdba5f,64,4724982,4743776,4745075,4731182,1299,20093,18794,0,0,0
4745144,91ea2904-95b2-3a8d-7b68-de4c81e3213b,64,4724683,4740237,4745144,4729692,4907,20461,15554,0,0,0
4745261,1db1a25a-5758-6a30-4734-9c2be761ebfa,64,4721823,4744696,4745261,4731312,565,23438,22873,0,0,0
4745366,45608100-e6fb-2bdf-4122-a53448a2342d,32,4722522,4743776,4745366,4730856,1590,22844,21254,0,0,0
4746313,ff8dc122-c7ea-acd9-4165-22007af76efc,64,4721861,4743836,4746313,4731292,2477,24452,21975,0,0,0
4746731,b5b29429-ae0c-2f86-b774-abac6b6cc4b0,32,4725181,4745144,4746731,4731367,1587,21550,19963,0,0,0
4746935,7dfd9faf-413a-5821-8490-01423ae4e9b9,64,4704058,4743361,4746935,4730477,3574,42877,39303,0,0,0
4747203,16a2be65-f029-b6e6-323d-0075d2a57ccc,64,4727361,4745366,4747203,4731442,1837,19842,18005,0,0,0
4747263,17020b8e-4b4b-1c4a-e0aa-2a773ef3ab9f,64,4727348,4743896,4747231,4731306,3335,19883,16548,0,0,0
4747323,302f8bd1-10cd-b7f9-fcb7-9bf49e23ef8d,64,4704059,4745261,4747268,4731403,2007,43209,41202,0,0,0
4747525,94da39e6-d29a-2cc2-3462-dc6a9282871a,64,4721482,4742661,4747525,4730125,4864,26043,21179,0,0,0
4747813,0ce4342d-4205-7c61-ff3a-fc27a93626b4,64,4727747,4747323,4747813,4731670,490,20066,19576,0,0,0
4747873,1021732f-467b-4045-9f34-430ce893a587,64,4722137,4742917,4747819,4730186,4902,25682,20780,0,0,0
4747933,05c53d0a-c7f2-7c26-223d-b167d4a5c5c5,64,4727385,4745075,4747919,4731318,2844,20534,17690,0,0,0
4747993,a75a759f-0f09-08da-de81-d9cf9053acba,64,4721589,4747203,4747964,4731531,761,26375,25614,0,0,0
4748411,99be254a-36fd-e080-7f74-e8d361fc0cdc,64,4723974,4747525,4748411,4731696,886,24437,23551,0,0,0
4748743,9fdbd5ff-7fcd-12bb-6236-2dba8af30958,64,4727609,4746313,4748743,4731476,2430,21134,18704,0,0,0
4749524,70f192fa-9e1d-3e41-a389-7651e7a658ca,64,4725185,4747993,4749524,4731794,1531,24339,22808,0,0,0
4749584,f61e374d-9ee2-5f9b-6a52-10459d6b86b9,32,4722261,4747993,4749569,4731757,1576,27308,25732,0,0,0
4749584,7e0f535b-fdad-4fa4-9e40-2ea5a31347b1,64,4727577,4748743,4749574,4731863,831,21997,21166,0,0,0
4749805,617f028a-4ebd-1bc8-1f3e-0c977c0bb121,64,4727397,4746935,4749805,4731489,2870,22408,19538,0,0,0
4750629,3a8f0559-5202-99f1-ae38-bfbd2c730beb,64,4727397,4747263,4750629,4731657,3366,23232,19866,0,0,0
4751175,7b40a24f-2076-da78-c089-792627a837af,64,4727409,4749584,4751175,4731910,1591,23766,22175,0,0,0
4751385,4a646af7-cae5-226f-4834-5c71626a3fb8,32,4724242,4749805,4751385,4731989,1580,27143,25563,0,0,0
4751445,f10f4140-6aa2-fcc7-e8d0-0c769bdfd91d,64,4704058,4747813,4751399,4731702,3586,47341,43755,0,0,0
4751505,e02437a2-374f-0c2c-9c01-ae7b9d72bd2c,64,4722111,4750629,4751447,4732053,818,29336,28518,0,0,0
4751964,280549c9-db04-d7cb-0f2d-c48ca85df01d,64,4727413,4749524,4751964,4731866,2440,24551,22111,0,0,0
4752024,a9e3cf79-eba8-63bd-d8de-490002f56cdd,64,4727409,4751505,4751992,4732151,487,24583,24096,0,0,0
4752557,9b420720-1b9d-5394-616f-0cc527754a4b,64,4721699,4749805,4752557,4731997,2752,30858,28106,0,0,0
4752814,6069065c-4787-1062-3aef-0d15988e9651,64,4721471,4747933,4752814,4731710,4881,31343,26462,0,0,0
4753347,e954ef32-bebe-0dcc-5c7b-0756f72a2225,64,4727473,4748411,4753347,4731805,4936,25874,20938,0,0,0
4753445,7ae94cb4-3a58-0968-fd13-5421a640de13,64,4727311,4751445,4753445,4732151,2000,26134,24134,0,0,0
4753589,33213638-1c69-044e-eb20-bdb87e92afda,64,4721313,4752814,4753589,4732322,775,32276,31501,0,0,0
4753988,5c1346dd-db40-ed80-8cbd-46ae90be6563,64,4704062,4751964,4753988,4732248,2024,49926,47902,0,0,0
4754085,33bb72cd-6d93-3d78-de30-4e9100417c4d,64,4727327,4753347,4754085,4732387,738,26758,26020,0,0,0
4754145,02c327f1-36ab-c894-a705-4577ed7f9d5a,64,4724463,4752557,4754130,4732321,1573,29667,28094,0,0,0
4754145,61d0ef4f-6470-7bde-966a-f76f456ebbd0,32,4725111,4752557,4754138,4732277,1581,29027,27446,0,0,0
4754205,1c5a36a3-aa05-fc8c-7454-6e0ffa61b32b,64,4721798,4753589,4754156,4732481,567,32358,31791,0,0,0
4754473,993a46dd-45d0-582a-39ec-3690aebe0ca4,64,4722805,4751175,4754473,4732151,3298,31668,28370,0,0,0
4754733,338a457e-f5c3-9a87-1c7b-73e79aca37bc,64,4727401,4753988,4754733,4732525,745,27332,26587,0,0,0
4754863,0ff92846-37ba-d42e-6e87-5016a6721c8c,64,4727490,4754085,4754863,4732545,778,27373,26595,0,0,0
4754930,5cc60da5-7531-3f37-2ea8-680d07b89fd2,64,4727701,4754145,4754930,4732553,785,27229,26444,0,0,0
4754990,a95f9395-caff-0791-d2ea-b2bd5182fc6a,64,4724878,4754205,4754934,4732613,729,30056,29327,0,0,0
4755483,ef335951-84ed-6328-0c35-94d59cf5b27e,64,4704063,4747873,4755483,4731702,7610,51420,43810,0,0,0
4756048,51c055dc-719d-502f-f5b6-037002cca6d7,64,4724781,4754473,4756048,4732655,1575,31267,29692,0,0,0
4756245,14d215c3-c706-0073-8c2a-83f656c317a7,64,4727721,4754930,4756245,4732710,1315,28524,27209,0,0,0
4756443,7c8cf76b-e7a1-e3ee-7117-88ef84d0b556,64,4725180,4754863,4756443,4732698,1580,31263,29683,0,0,0
4756508,ce1de4b8-70f8-0cbe-eda4-ed77dabd364d,32,4722853,4754930,4756508,4732704,1578,33655,32077,0,0,0
4756796,0b602cc2-aea1-9ddf-e1f9-36987972d02b,64,4722560,4753445,4756796,4732468,3351,34236,30885,0,0,0
4756981,3cac9377-84d2-3412-7097-9e67bd88f63d,64,4727472,4752024,4756981,4732264,4957,29509,24552,0,0,0
4757376,28ffc0fe-2dcd-62ea-0d68-bc9a0be63965,64,4727789,4756048,4757376,4732777,1328,29587,28259,0,0,0
4757519,94b6ed00-fd6e-03f4-85ca-aa31ad329e33,64,4727413,4756245,4757519,4732778,1274,30106,28832,0,0,0
4757579,4b202e83-6226-f94c-5861-5a4b704a178c,64,4727345,4754733,4757524,4732697,2791,30179,27388,0,0,0
4757798,53633d85-8eea-2b85-0b8a-dac706c9872d,64,4722087,4754990,4757798,4732726,2808,35711,32903,0,0,0
4757941,4ebd8e73-8a6e-5860-3bec-16275a79a994,64,4727527,4755483,4757941,4732728,2458,30414,27956,0,0,0
4758007,dead0e24-9689-e6b0-fe79-8e3218b28c2a,64,4727423,4757519,4758007,4733061,488,30584,30096,0,0,0
4758278,ada7eeac-7c0e-f634-7b66-0e06e3d897f4,64,4722875,4757376,4758278,4733036,902,35403,34501,0,0,0
4758436,2e54c09c-496e-6256-7aa9-91ad4316f934,64,4727824,4757941,4758436,4733097,495,30612,30117,0,0,0
4758752,95d5510d-a175-5fe2-5d6f-14192e9a56ad,64,4725191,4756796,4758752,4732912,1956,33561,31605,0,0,0
4758901,2af68530-fc45-2481-14f5-eca75b9da84d,64,4727939,4756443,4758901,4732788,2458,30962,28504,0,0,0
4758963,af52cedc-101e-3762-dd17-aa13604b9995,32,4721698,4757376,4758963,4733008,1587,37265,35678,0,0,0
4759101,49d944d9-6a5c-a432-3b05-987acc47db80,64,4722286,4757798,4759101,4733081,1303,36815,35512,0,0,0
4759867,5e63b636-81cf-842c-2dc2-b12e28fc7410,64,4727724,4756981,4759867,4732978,2886,32143,29257,0,0,0
4760391,e7b9fe47-d623-ae4b-90a1-533e641915ba,64,4727332,4759101,4760391,4733319,1290,33059,31769,0,0,0
4760859,e85ab8e5-f833-faa9-8d5b-c03a60e7b836,64,4727377,4758436,4760859,4733251,2423,33482,31059,0,0,0
4760919,86d3b4ba-83e7-672c-f2fd-af06676af718,64,4727471,4757579,4760916,4733077,3337,33445,30108,0,0,0
4761114,dd181cd2-f549-87f1-623a-a7bd62d7618f,64,4727235,4758278,4761114,4733248,2836,33879,31043,0,0,0
4761258,f9e8ac93-2801-756d-e44a-f7effaee0078,64,4721787,4758752,4761258,4733296,2506,39471,36965,0,0,0
4761318,4fb8f88d-04e6-132f-fb58-c12896a07fc1,64,4727735,4758007,4761283,4733214,3276,33548,30272,0,0,0
4761391,93feb7b1-c4ee-933a-71d3-a38597bf3506,64,4727446,4758901,4761391,4733306,2490,33945,31455,0,0,0
4762099,7905ccc5-e341-19e5-31cb-fd1451ed6fbc,64,4727516,4761318,4762099,4733657,781,34583,33802,0,0,0
4762288,43dcf6d0-5e80-ca1b-dfa6-f7c64a857183,32,4733099,4762099,4762288,4733716,189,29189,29000,0,0,0
4762709,bab29c3a-1da5-4449-264e-861739e3966c,64,4727496,4759867,4762709,4733321,2842,35213,32371,0,0,0
4762863,2f9c95b0-d0a8-368d-8c8a-776a921b8638,64,4728021,4760391,4762863,4733346,2472,34842,32370,0,0,0
4763391,112708a5-cfb3-e3f9-46e6-d75c96f74e69,64,4724664,4761391,4763391,4733708,2000,38727,36727,0,0,0
4763580,df43e795-5ff9-d296-057f-9a1c650828a6,64,4724550,4762709,4763580,4733897,871,39030,38159,0,0,0
4763691,843aa816-d25f-925e-c8c7-d9b899f4eb9f,32,4722368,4762099,4763691,4733724,1592,41323,39731,0,0,0
4763751,3d84e670-8150-fc7a-6e28-9abb95c50076,64,4727362,4760859,4763700,4733400,2841,36338,33497,0,0,0
4763811,29524270-51f1-fe27-f865-a1ee29f88049,64,4727467,4760919,4763768,4733524,2849,36301,33452,0,0,0
4764187,3b38ab72-aa4d-c5e7-a082-517472200a04,64,4724748,4761258,4764187,4733612,2929,39439,36510,0,0,0
4764279,f5488229-8481-24ea-c821-fc16458c6ecf,64,4727587,4763391,4764279,4733971,888,36692,35804,0,0,0
4765080,cdb89862-127f-d6ac-ca46-5597e9e9d0b1,64,4722538,4762288,4765080,4733881,2792,42542,39750,0,0,0
4765613,acc64377-c805-2275-4a80-6a5ef5f3d979,64,4727514,4764279,4765613,4734054,1334,38099,36765,0,0,0
4765673,ce30739b-842a-7268-3030-b76f102f4565,64,4724517,4762863,4765662,4733937,2799,41145,38346,0,0,0
4765853,cbc0327a-451b-5fac-7906-3887d679b7c6,64,4727426,4765080,4765853,4734103,773,38427,37654,0,0,0
4766077,e6192b60-39a3-dbc2-36bb-df198afd545e,64,4727505,4761114,4766077,4733535,4963,38572,33609,0,0,0
4766446,68df70ee-83a6-b448-ff79-c9a1a5f72f04,64,4724654,4765673,4766446,4734224,773,41792,41019,0,0,0
4766826,930954c4-86ef-bac8-8195-8978ff531d82,64,4727370,4766077,4766826,4734333,749,39456,38707,0,0,0
4766903,32855143-ecbe-1c12-e96c-67d96fe0ada3,64,4727082,4763580,4766903,4733979,3323,39821,36498,0,0,0
4766963,bd0b2676-5442-a1cd-6d0b-59a5977061bd,64,4727412,4765613,4766911,4734131,1298,39499,38201,0,0,0
4767065,887e4f65-20aa-ee6b-0748-6de201e39cf5,64,4727384,4764187,4767065,4734049,2878,39681,36803,0,0,0
4767182,652b32f0-fc8a-c1a5-db98-218ec11b0c1a,64,4727516,4765853,4767182,4734227,1329,39666,38337,0,0,0
4767345,3f6de34c-20c7-c3a0-12f8-8a257133db8b,64,4725211,4766446,4767345,4734422,899,42134,41235,0,0,0
4767744,b30f9e21-65e2-fc3f-02fd-e6d81323cd2f,64,4727117,4766963,4767744,4734451,781,40627,39846,0,0,0
4767842,74d084c6-45bd-0e42-01c3-f2ebba807c99,64,4727373,4767065,4767842,4734527,777,40469,39692,0,0,0
4768042,a341fa77-c517-fa95-855a-c0220a270746,32,4724453,4766446,4768042,4734393,1596,43589,41993,0,0,0
4768199,3166f4d0-5300-b0f7-6e55-b2218abe1f2b,64,4724559,4766903,4768199,4734438,1296,43640,42344,0,0,0
4768669,e33cea03-b7c1-394a-4c9a-62759543c8ae,64,4727320,4767345,4768669,4734600,1324,41349,40025,0,0,0
4768765,edaae2ca-ac3e-3ab1-a2d0-105655f48d07,32,4727363,4767182,4768765,4734580,1583,41402,39819,0,0,0
4769156,22fef6c2-7581-dc55-1bf6-409abed617e3,64,4704062,4763751,4769156,4733992,5405,65094,59689,0,0,0
4769216,0e26fb1c-f381-3eee-4309-859af47d7076,64,4704059,4763811,4769190,4733995,5379,65131,59752,0,0,0
4769429,776ad8ca-e614-2d25-eeb0-669cb43d523f,64,4724041,4767842,4769429,4734648,1587,45388,43801,0,0,0
4769489,3c52326e-2a5e-0a83-0ce1-4663ed4bf27b,64,4725204,4768669,4769439,4734731,770,44235,43465,0,0,0
4769664,ade2d7b8-4f6a-4300-4c28-b484663623cb,64,4727472,4766826,4769664,4734432,2838,42192,39354,0,0,0
4769741,2ae1c693-9816-a9dd-8421-a210e1960d8a,64,4727127,4767744,4769741,4734609,1997,42614,40617,0,0,0
4770206,d18137e6-f3cd-c4ab-44a4-559576597666,64,4727864,4769429,4770206,4734917,777,42342,41565,0,0,0
4770688,f7398264-2e30-7cb7-1a8f-2b8990b0a4d0,64,4727841,4770206,4770688,4735047,482,42847,42365,0,0,0
4770952,8e7dddb2-57f6-1ee1-01f5-150a3d5472ff,64,4727890,4768042,4770952,4734682,2910,43062,40152,0,0,0
4771438,daa01422-839a-8cdf-dcd4-e436b11b5cc1,64,4727502,4770952,4771438,4735103,486,43936,43450,0,0,0
4771506,56197eda-2cb9-3c2b-e8c3-851720f66bec,64,4727493,4769489,4771506,4734920,2017,44013,41996,0,0,0
4772104,55270e50-97b6-8053-69c1-71e9b0b478d0,64,4724951,4769216,4772104,4734877,2888,47153,44265,0,0,0
4772222,44332e8c-b378-d925-1edd-33b7dd83148e,64,4727789,4769741,4772222,4735036,2481,44433,41952,0,0,0
4772480,f7808543-f782-35d3-ba0c-7d51edbb9ff5,64,4727631,4769156,4772480,4734871,3324,44849,41525,0,0,0
4772540,73ae95e0-f491-4b8e-cecc-f6a41d26403f,64,4727863,4769664,4772539,4734954,2875,44676,41801,0,0,0
4773023,4009b382-3818-1d7e-4a19-6dcd02d7fb10,64,4727297,4771438,4773023,4735121,1585,45726,44141,0,0,0
4773083,eef79fef-543f-32b1-c477-64581be2f303,64,4727491,4768199,4773080,4734692,4881,45589,40708,0,0,0
4773143,ddfb4b7b-c940-9073-c937-f6c3a189140d,32,4724916,4771506,4773086,4735138,1580,48170,46590,0,0,0
4773515,76d492b5-c941-4c4f-9ddd-7939d98ba677,64,4727173,4772222,4773515,4735257,1293,46342,45049,0,0,0
4773581,52552137-c481-a378-dcc9-045d2b34c2b2,64,4724786,4773083,4773581,4735371,498,48795,48297,0,0,0
4773937,45f2d7ab-b9d3-0806-2971-5d33342b056c,64,4727515,4771506,4773937,4735171,2431,46422,43991,0,0,0
4774061,e943aa8f-d024-e672-96a7-3e89656b16b4,64,4727898,4770688,4774061,4735082,3373,46163,42790,0,0,0
4774448,80c23d85-e558-d894-f4a2-575a887c1c52,64,4728022,4772480,4774448,4735270,1968,46426,44458,0,0,0
4774542,c837777b-15dc-31df-107a-8b7de8f2bc1b,64,4727942,4774061,4774542,4735459,481,46600,46119,0,0,0
4774806,24478e0a-45e2-cee1-add5-5c3c8c7c0585,64,4727361,4773937,4774806,4735443,869,47445,46576,0,0,0
4774900,4cb17d08-504f-b7a7-6e7e-20948d1d7baa,64,4727409,4772104,4774900,4735176,2796,47491,44695,0,0,0
4775199,c6b04b30-e6e9-1c0e-e828-1bddc8438c70,64,4727697,4774448,4775199,4735599,751,47502,46751,0,0,0
4775341,89516fc6-a1c3-8d95-25bc-77259b8a512d,64,4727856,4772540,4775341,4735287,2801,47485,44684,0,0,0
4775870,b1557e90-e925-ab2f-94ff-c6328e4eb747,64,4727422,4774542,4775870,4735672,1328,48448,47120,0,0,0
4776104,455973a9-fc54-3e41-854d-6aa6623181eb,64,4724641,4774806,4776104,4735806,1298,51463,50165,0,0,0
4776226,20f1bdcc-18e1-2cbf-231b-22372d6584ec,64,4727164,4774900,4776226,4735903,1326,49062,47736,0,0,0
4776345,6dbaae09-f3c1-6470-3e9b-a46eb1a6e108,64,4728653,4773023,4776345,4735341,3322,47692,44370,0,0,0
4776710,bb096b4b-251b-699e-26ac-8f840db11c52,64,4727440,4776226,4776710,4736162,484,49270,48786,0,0,0
4776819,d11d4bc3-4396-d1b0-da78-17e5a733807b,64,4725181,4776345,4776819,4736184,474,51638,51164,0,0,0
4776879,c6063d63-fdb2-b46f-8650-04218af1b1c1,64,4727076,4773515,4776839,4735382,3324,49763,46439,0,0,0
4776939,8182168e-9d53-8989-41de-f02817fd95dc,64,4724573,4773581,4776889,4735409,3308,52316,49008,0,0,0
4777307,169ba207-1cb1-4367-d3a9-972fabf68871,64,4727458,4776819,4777307,4736352,488,49849,49361,0,0,0
4777521,1ac3371f-a828-3eaf-189e-559e7eb4b7b4,64,4733272,4776939,4777521,4736423,582,44249,43667,0,0,0
4777793,3a19bc5f-0a8c-098f-358f-0f429cf7ea27,64,4727469,4775341,4777793,4735935,2452,50324,47872,0,0,0
4778338,7c1f52af-3d1e-fba5-2920-cf5ddcb14d1a,64,4727390,4775870,4778338,4735955,2468,50948,48480,0,0,0
4778878,b85a295a-7229-7502-22b8-608c4c6eaa33,64,4727435,4777307,4778878,4736449,1571,51443,49872,0,0,0
4779085,4e512a7d-0ce0-86f8-92e0-52156311a742,64,4727856,4777793,4779085,4736550,1292,51229,49937,0,0,0
4779208,1c607144-4349-33b6-5616-def6068eaa20,64,4727507,4778338,4779208,4736607,870,51701,50831,0,0,0
4779531,41d6c3e5-d3c5-b2e3-00cb-303cb4d61140,64,4727410,4777521,4779531,4736450,2010,52121,50111,0,0,0
4779591,8bbaafcb-5ba3-9db3-6a45-ef77ab8ddbbc,64,4725096,4776710,4779561,4736283,2851,54465,51614,0,0,0
4780128,140a121f-a375-7258-9a17-d8504bf49d13,64,4727371,4775199,4780128,4735923,4929,52757,47828,0,0,0
4780188,56ba0064-7ddd-3856-266b-e1335f33919a,64,4727425,4776879,4780181,4736392,3302,52756,49454,0,0,0
4780472,aa705aca-c1f3-8539-74e5-7dd342d3b1de,64,4727457,4778878,4780472,4736654,1594,53015,51421,0,0,0
4780980,16fcaa91-b2f6-4095-c470-6dbaa1220be2,64,4725204,4776104,4780980,4736083,4876,55776,50900,0,0,0
4781200,6adebef5-7b40-f189-fc27-f285c4abff60,64,4732806,4779208,4781200,4736746,1992,48394,46402,0,0,0
4781260,1134bdfe-36b7-c25e-3cfb-35043221e06f,64,4727131,4780472,4781221,4736911,749,54090,53341,0,0,0
4781540,08852e12-c965-c1bf-7b8b-9925705a346e,64,4727192,4779531,4781540,4736827,2009,54348,52339,0,0,0
4781747,5b553bcf-af8d-743e-416a-d8c6c4da7c39,64,4727759,4781260,4781747,4737175,487,53988,53501,0,0,0
4781939,fedfd77a-cc4a-05da-4dc4-774539764f18,64,4727333,4781200,4781939,4736973,739,54606,53867,0,0,0
4782104,8e7e341b-1983-d809-f875-f563ffc908de,64,4727121,4780128,4782104,4736893,1976,54983,53007,0,0,0
4782697,5a858066-66ea-2ec9-21c1-56a4c9442270,64,4727438,4780188,4782697,4736905,2509,55259,52750,0,0,0
4783046,6e2f7f71-6e1f-3e0a-e63e-2ffc86a57681,64,4732530,4781747,4783046,4737527,1299,50516,49217,0,0,0
4783111,b1edd3e6-6d56-64ab-1806-79127d5fc92a,64,4727324,4781540,4783111,4737214,1571,55787,54216,0,0,0
4783524,13baf019-5814-feba-c7a7-b1510f847fa7,64,4727439,4783046,4783524,4737724,478,56085,55607,0,0,0
4783587,617bc3dc-bc7c-e2f9-9870-22bfb686583f,64,4736227,4783111,4783587,4737749,476,47360,46884,0,0,0
4784021,47902dc8-9c21-1b07-92c6-b4256016a4c2,64,4727686,4782697,4784021,4737651,1324,56335,55011,0,0,0
4784081,d6d31117-7e77-abdf-3283-bcda92e946c9,64,4731960,4779085,4784056,4736695,4971,52096,47125,0,0,0
4784294,561abba4-0984-c844-c9a9-d9a69e2e21d1,64,4727905,4783524,4784294,4737781,770,56389,55619,0,0,0
4784605,6e9fa084-6664-33fd-be08-17cbb79068f4,64,4732518,4782104,4784605,4737587,2501,52087,49586,0,0,0
4784665,2042ec8d-2a54-a6d9-bd90-0d9c6d926283,64,4727116,4779591,4784614,4736858,5023,57498,52475,0,0,0
4784756,c5e8417d-db46-95d5-890e-b45583f1525e,64,4732344,4781939,4784756,4737557,2817,52412,49595,0,0,0
4785419,346683ad-c68f-af12-bd02-c8fbbb6329e8,64,4727349,4784081,4785419,4737877,1338,58070,56732,0,0,0
4785525,4c254414-31f6-e181-370c-91334033e4f1,64,4727338,4784756,4785525,4737978,769,58187,57418,0,0,0
4785585,a08a93ba-ca2c-2be2-fd31-b02d2007b338,64,4733054,4784665,4785533,4737955,868,52479,51611,0,0,0
4785585,008b88a5-9c1a-5e35-7c8a-3888856c1f82,64,4733905,4784294,4785585,4737889,1291,51680,50389,0,0,0
4786048,a5067005-ceef-60b6-de13-a611b2af9c49,64,4727397,4780980,4786048,4736956,5068,58651,53583,0,0,0
4786108,c11eadfd-1240-9927-f21a-541580082b71,64,4727236,4785585,4786078,4738157,493,58842,58349,0,0,0
4786193,6c2071ce-f10e-2cb9-9f55-549c49e9e10b,64,4727501,4784605,4786193,4737903,1588,58692,57104,0,0,0
4786410,371c7bdc-4ff1-1512-845c-c26c8bda61e5,64,4727134,4783587,4786410,4737798,2823,59276,56453,0,0,0
4786880,d5d9e0ca-c348-a936-d713-88fbbe91ed4e,64,4727875,4786108,4786880,4738189,772,59005,58233,0,0,0
4786940,a6fa998d-8a91-0b94-4159-a3dc6fe11970,64,4733336,4785585,4786890,4738115,1305,53554,52249,0,0,0
4787250,608c5061-ce32-1985-b1c8-c10bec0d6896,64,4736227,4786193,4787250,4738211,1057,51023,49966,0,0,0
4787361,4fdf9224-c8a2-7d2f-11c6-565931e63546,64,4727434,4786880,4787361,4738291,481,59927,59446,0,0,0
4788297,68592ad9-2d3f-c89f-e002-8ba6a7982e0b,64,4736227,4787250,4788297,4738484,1047,52070,51023,0,0,0
4788371,b320d709-0078-5530-99f2-5abc2839c720,64,4727951,4785525,4788371,4738021,2846,60420,57574,0,0,0
4788925,c8552258-3175-72d3-cf86-7191b0bacf85,64,4727402,4786048,4788925,4738188,2877,61523,58646,0,0,0
4789009,a89d094b-94b8-d651-81d8-5d67e94c4c83,64,4732595,4784021,4789009,4737813,4988,56414,51426,0,0,0
4789105,8767996d-c1b4-f4b2-7b0c-ac6ab4007e0a,64,4733127,4788371,4789105,4738570,734,55978,55244,0,0,0
4789194,ab64e587-0734-bba0-1738-83cde6784db8,64,4727396,4786410,4789194,4738228,2784,61798,59014,0,0,0
4789492,e7fd1c75-1654-df72-6bac-d76ce6f302ce,64,4736227,4788925,4789492,4738570,567,53265,52698,0,0,0
4789845,42bd4edf-3f8e-ac41-8374-c51433472b3b,64,4731972,4787361,4789845,4738540,2484,57873,55389,0,0,0
4789905,7ac2aa1b-0720-d14c-0fc8-c060e8536a2e,64,4733413,4788297,4789863,4738568,1566,56450,54884,0,0,0
4789905,d6d724a3-827b-7871-f757-9f309e622c4f,64,4733451,4789009,4789893,4738615,884,56442,55558,0,0,0
4789966,d248db3a-ad86-1b38-72a3-3062abe1f359,64,4727470,4789194,4789966,4738634,772,62496,61724,0,0,0
4790302,aa88fc1b-3b6f-b503-c547-15ae5614a451,64,4733157,4785419,4790302,4737998,4883,57145,52262,0,0,0
4790636,00f77ee4-ce2a-cbb6-115d-d0b826631168,64,4736227,4790302,4790636,4738927,334,54409,54075,0,0,0
4790696,8efb1a99-c0d6-369f-fbf9-6d27ac11cd6d,64,4727362,4789905,4790688,4738806,783,63326,62543,0,0,0
4791373,83449101-7177-0844-6c88-7d7e30ae2926,64,4734794,4790636,4791373,4738934,737,56579,55842,0,0,0
4791494,ea521be6-a534-46ae-59b4-00ab4e752b00,64,4727887,4789905,4791494,4738830,1589,63607,62018,0,0,0
4791890,554667bb-ab0f-5cfa-1d75-8032912e0c78,64,4727154,4786940,4791890,4738422,4950,64736,59786,0,0,0
4791958,902152f5-2fdd-4383-b3b0-d6fb701bc17c,64,4728013,4789105,4791958,4738617,2853,63945,61092,0,0,0
4792266,443ac82c-341a-9252-95cb-7e4dafa183e5,64,4727736,4790696,4792266,4739037,1570,64530,62960,0,0,0
4792327,2327479a-997d-3431-1c11-ffde9ec48454,64,4732344,4789845,4792327,4738770,2482,59983,57501,0,0,0
4792696,f366bc5e-e537-9fd0-230f-7d44bd78da81,64,4727823,4791373,4792696,4739130,1323,64873,63550,0,0,0
4793191,fbadf5bb-30b8-4777-dee4-ce9f6def1ab0,64,4731960,4791890,4793191,4739670,1301,61231,59930,0,0,0
4793266,54dac46d-70f4-b3e4-d267-ffe48b04283a,64,4727782,4789966,4793266,4738925,3300,65484,62184,0,0,0
4793459,03cf13fd-3138-791f-8e82-3858f76b0cfb,64,4736227,4793191,4793459,4739773,268,57232,56964,0,0,0
4793636,c36c6fe0-dc4c-2526-b32a-95609da68e55,64,4736227,4792696,4793636,4739762,940,57409,56469,0,0,0
4793744,d66173ce-c185-71dc-531b-194bb59a135e,64,4733981,4793266,4793744,4739868,478,59763,59285,0,0,0
4793976,4b171efd-e1b5-346f-adb3-89fee018be6b,64,4732603,4791494,4793976,4739235,2482,61373,58891,0,0,0
4794112,9f243ccb-6a5f-c051-307b-738b67f85205,64,4735699,4793636,4794112,4740302,476,58413,57937,0,0,0
4794323,cfef5d6c-740f-6752-a59e-67ff14e80cd9,64,4736021,4793459,4794323,4740032,864,58302,57438,0,0,0
4794493,969c8ae2-08eb-2e8b-1e2e-f6d027015e72,64,4732844,4789492,4794493,4738709,5001,61649,56648,0,0,0
4794593,2a6aeb6c-9abd-68be-2a28-9421b7203691,64,4733337,4794112,4794593,4740532,481,61256,60775,0,0,0
4794731,fc7c43a1-fc8b-bcb2-71cc-5840a89129b1,64,4733411,4791958,4794731,4739687,2773,61320,58547,0,0,0
4794791,4fc1bb45-12c1-10ca-5682-a8ec6b1d9200,64,4734942,4792266,4794743,4739716,2477,59801,57324,0,0,0
4795045,6eb7b253-0a49-21f5-f89c-012dcc1e8968,64,4735851,4793744,4795045,4740359,1301,59194,57893,0,0,0
4795273,fd913cb9-7575-b8d7-5220-6aea094f4ef4,64,4733337,4794791,4795273,4741237,482,61936,61454,0,0,0
4795678,9e0963f9-2a57-5f21-2ecc-e7612466bb13,64,4735885,4792327,4795678,4739717,3351,59793,56442,0,0,0
4796441,fd2b2cd5-f24c-f421-78dd-9af3866f24eb,64,4734734,4793976,4796441,4740504,2465,61707,59242,0,0,0
4796780,1ee55227-3f73-4eee-ba03-d198b89d87a7,64,4734517,4794323,4796780,4740624,2457,62263,59806,0,0,0
4797019,21243563-e2d8-a670-462a-de7ecfa9c86e,64,4735281,4795045,4797019,4741366,1974,61738,59764,0,0,0
4797258,b05a24ca-a827-3de1-8104-148e99b40f60,32,4736080,4795678,4797258,4741671,1580,61178,59598,0,0,0
4797318,2ebb474e-3944-e152-6348-1e5a105f17c5,64,4735964,4794493,4797260,4740836,2767,61296,58529,0,0,0
4797460,9c840576-27e6-71c3-99ab-5b7e2b645dc3,64,4733494,4794593,4797460,4740926,2867,63966,61099,0,0,0
4797591,8fd1bc2a-75c1-7c6a-d49a-9c836dca54cf,64,4732846,4794731,4797591,4741192,2860,64745,61885,0,0,0
4798046,4dbc8f35-d345-f907-1b39-c60b460c847e,64,4733836,4795273,4798046,4741616,2773,64210,61437,0,0,0
4798364,185c3e86-587a-11ad-0ca0-346f5a9a7bad,32,4734262,4796780,4798364,4741914,1584,64102,62518,0,0,0
4798424,7464c839-8bdb-577b-365b-4c33ce12024d,64,4733836,4795678,4798423,4741875,2745,64587,61842,0,0,0
4798780,2cb8c184-d61f-0486-9986-3519b58196bb,64,4735262,4797460,4798780,4742067,1320,63518,62198,0,0,0
4798840,eb3e599f-9ffc-7aee-b1ae-df9c4ef5f7fb,64,4734727,4798046,4798806,4742137,760,64079,63319,0,0,0
4799128,d08378aa-53ef-50d9-1039-650b4fc157fb,64,4735801,4797591,4799128,4742094,1537,63327,61790,0,0,0
4799210,2ba35440-7b8e-b2b7-b556-933d1d4734a1,64,4734166,4796441,4799210,4741876,2769,65044,62275,0,0,0
4799270,1c6d5cc6-75fa-56a2-5537-cb88491a31cb,64,4736212,4797258,4799215,4742022,1957,63003,61046,0,0,0
4799270,6020cf76-7651-e441-7301-9b0f21ee8319,64,4733319,4797318,4799270,4742042,1952,65951,63999,0,0,0
4799755,2057406a-f47a-46bb-ec68-500c0b5fbad2,64,4732323,4798424,4799755,4742239,1331,67432,66101,0,0,0
4800015,8bfd1eff-e52b-2d17-e66a-e8f0c8fbc293,32,4733178,4798424,4800015,4742234,1591,66837,65246,0,0,0
4800723,a5591b25-1bf2-e087-1615-2ab18bbef839,64,4733158,4799128,4800723,4742423,1595,67565,65970,0,0,0
4800832,750c81de-6d88-78ec-6cc2-9194df2aa87e,64,4731945,4799270,4800832,4742866,1562,68887,67325,0,0,0
4800892,666411d9-37ae-6469-03d8-152588662609,64,4736437,4799270,4800866,4742822,1596,64429,62833,0,0,0
4801317,02aa254f-64cd-54a9-c9e3-6307f32b6a35,64,4734472,4799755,4801317,4743076,1562,66845,65283,0,0,0
4801677,997441d7-ca00-ba1d-ce1c-e79d79b74016,64,4732285,4799210,4801677,4742626,2467,69392,66925,0,0,0
4801737,7950c6fe-1383-ac6a-e016-1c6894f07bd2,64,4736153,4800892,4801700,4743314,808,65547,64739,0,0,0
4801949,074abc71-b82b-6812-8a8d-7eccebc33760,64,4736045,4797019,4801949,4742019,4930,65904,60974,0,0,0
4802489,8854bc87-8a60-f14a-f00a-e8fa5afb975d,32,4732265,4800892,4802489,4743305,1597,70224,68627,0,0,0
4802842,2ca04b59-8440-5a46-cbf2-710669bd869f,64,4732605,4800832,4802842,4743229,2010,70237,68227,0,0,0
4803328,5aa6382c-8d82-c1a6-9bb6-92ee0fc0dcf5,32,4734048,4801737,4803328,4743857,1591,69280,67689,0,0,0
4803567,3b8c7da5-39ed-d70d-3bff-b5b6d72a03c0,64,4734161,4800723,4803567,4743104,2844,69406,66562,0,0,0
4803677,6a926564-4c82-5744-ca22-e74ab3814072,64,4735701,4798780,4803677,4742317,4897,67976,63079,0,0,0
4803762,63bc1c09-316a-af4a-c07b-32cb7af41f8f,64,4732554,4798840,4803762,4742367,4922,71208,66286,0,0,0
4804126,78b2c507-eb35-676d-f94f-9ab5a71a4d9e,64,4734483,4801317,4804126,4743657,2809,69643,66834,0,0,0
4804460,d0786fa1-8171-4bc3-55c3-2fdeff3b0287,64,4733817,4803677,4804460,4744260,783,70643,69860,0,0,0
4804520,79e11c48-70b9-e0f6-e032-b5e6f0ff95cd,64,4735352,4801949,4804471,4744025,2522,69119,66597,0,0,0
4804520,3c791636-d491-b44d-6186-07f8ed37664d,64,4734695,4803762,4804508,4744326,746,69813,69067,0,0,0
4804898,bc1641eb-f90a-46bc-7beb-aa1717ed56c4,64,4734120,4802489,4804898,4744027,2409,70778,68369,0,0,0
4804958,71a4cf22-b23d-8430-4293-eb05253c4262,64,4733585,4804460,4804943,4744348,483,71358,70875,0,0,0
4805018,21f50f57-b278-55f3-e2c0-65d75ad68498,64,4734688,4804520,4805006,4744406,486,70318,69832,0,0,0
4805444,5d8768a3-8ecc-fa51-9375-58d5413cef40,64,4735216,4804958,4805444,4744657,486,70228,69742,0,0,0
4805504,4fbe1f20-fa46-4697-2024-6f6a74cd5af7,64,4734027,4804126,4805465,4744338,1339,71438,70099,0,0,0
4805608,96f098dc-7413-e1e8-ba9c-a1890a66c4f7,64,4736245,4802842,4805608,4744200,2766,69363,66597,0,0,0
4805777,5e80bf26-92cf-8614-2362-7d231f9d2e7d,64,4734183,4804898,4805777,4744431,879,71594,70715,0,0,0
4806253,cb8ef391-1f17-20a6-b2d9-4aaecf0396d1,64,4734243,4805777,4806253,4745289,476,72010,71534,0,0,0
4806329,49e87294-4d07-80d0-abf4-8f5b9876232d,64,4735848,4803567,4806329,4744239,2762,70481,67719,0,0,0
4806528,ebe9843c-a411-4064-2b33-a8903b1d7055,32,4735699,4804958,4806528,4744518,1570,70829,69259,0,0,0
4806588,3a03001a-4e40-efe6-4bbc-ca1323780708,64,4734104,4805018,4806560,4744658,1542,72456,70914,0,0,0
4806648,4b51e01f-57dd-c049-5943-df4c39279577,64,4735061,4801677,4806625,4743831,4948,71564,66616,0,0,0
4807009,781240c6-b095-9c35-1660-73f36a3eda90,32,4735707,4805444,4807009,4744753,1565,71302,69737,0,0,0
4807325,023d5ffc-bfe1-4a7a-7a53-8d7fc797e0f3,64,4736482,4806588,4807325,4745917,737,70843,70106,0,0,0
4807805,46d1fc5c-bb9e-8e6f-c141-7f0e4d7569a6,64,4736211,4807325,4807805,4746640,480,71594,71114,0,0,0
4807865,1b75614f-aa08-5677-32e6-af5816879c67,64,4736192,4804520,4807857,4744354,3337,71665,68328,0,0,0
4807929,d4e0f3bf-add5-d6b7-4a19-0fbfbb3d71b5,32,4734479,4806329,4807929,4745694,1600,73450,71850,0,0,0
4808217,1c0cb687-7b98-60bc-e293-25bbc04f6dfd,32,4735423,4806648,4808217,4746248,1569,72794,71225,0,0,0
4808460,66eaa797-4155-f44b-2def-7f93edc9ebbb,64,4734103,4805608,4808460,4744893,2852,74357,71505,0,0,0
4808607,be3c3d47-3a13-4fd1-6637-c2df2a2a47a3,64,4736126,4807865,4808607,4747185,742,72481,71739,0,0,0
4809016,bcfcb8ee-c84e-ca0c-0826-d377d3ac907e,64,4735482,4806253,4809016,4745447,2763,73534,70771,0,0,0
4809089,f5f86392-406f-c781-c2ba-3933baed91f9,64,4735474,4807805,4809089,4746700,1284,73615,72331,0,0,0
4809198,b5975ddf-1d3e-ead1-4694-5a248f13716d,64,4735353,4806329,4809198,4745800,2869,73845,70976,0,0,0
4809435,4638a157-5d5c-d20e-d2ff-259b064df700,64,4735719,4806648,4809435,4746471,2787,73716,70929,0,0,0
4809495,73178c5e-019c-f4e1-b146-9bb9473ea95f,32,4735886,4807865,4809450,4746931,1585,73564,71979,0,0,0
4810518,fadc5f0a-317d-cfa8-1461-8901b1b3b03b,64,4735736,4805504,4810518,4744774,5014,74782,69768,0,0,0
5054674,87622fae-ac3e-9bb3-aec8-705ef4aa13b1,64,5054419,5054434,5054630,5055349,196,211,15,0,0,0
5054674,21c11202-706d-887c-952e-2771cb6c81b6,32,5054039,5054039,5054637,5055257,598,598,0,0,0,0
5054759,8a774817-6309-a6ed-76b0-dec94d19b451,64,5054119,5054119,5054759,5055307,640,640,0,0,0,0
5054875,511367d5-b3a7-259f-2b41-90c5382e50f0,64,5054349,5054374,5054875,5055535,501,526,25,0,0,0
5054935,bb997da4-7f5b-e781-47ba-5d5081c4b4cf,64,5054404,5054434,5054931,5055504,497,527,30,0,0,0
5054995,4664606a-77e8-be33-7714-65d608f806f9,64,5054416,5054434,5054972,5055483,538,556,18,0,0,0
5055319,8d989790-8b10-40be-1b0e-3aa316e5b6a6,64,5054275,5054314,5055319,5055120,1005,1044,39,0,0,0
5055405,ddfcdf94-cf04-5b80-b5f1-fab69ef2f1c8,64,5054349,5054374,5055405,5055454,1031,1056,25,0,0,0
5055590,0a9c68de-4169-25c4-429c-521e3486abd0,64,5054441,5054494,5055590,5055056,1096,1149,53,0,0,0
5055650,08b0a7dd-66cb-a6bd-b68f-180a53f8f29c,64,5054354,5054374,5055596,5055524,1222,1242,20,0,0,0
5055710,6b031a0b-f7d8-5067-49b2-bcb4ccc0bc32,64,5054265,5054314,5055659,5055576,1345,1394,49,0,0,0
5055710,6cbc1aef-f466-bbd6-57a9-950c8e461cd1,64,5054651,5054995,5055683,5055710,688,1032,344,0,0,0
5055782,acde0396-b372-ec80-628c-4048d3b2a105,64,5054206,5054254,5055782,5055766,1528,1576,48,0,0,0
5055848,edbbf695-185c-91fd-33c3-d82deb3bbe4c,32,5054214,5054254,5055848,5055977,1594,1634,40,0,0,0
5055986,45c4bf89-9179-d425-01f0-44c41625180d,64,5054356,5055710,5055986,5055946,276,1630,1354,0,0,0
5056046,17e1525c-87f8-bf79-a001-c0a2dd26a8e8,32,5054281,5054314,5056010,5055935,1696,1729,33,0,0,0
5056046,74a85d90-494d-f681-4393-ceb80e2397dd,64,5054495,5054554,5056027,5055375,1473,1532,59,0,0,0
5056147,2558b863-7641-3e20-df0a-717671d64a17,64,5054211,5054254,5056147,5056037,1893,1936,43,0,0,0
5056207,ea4e4042-a4f7-d210-ef87-244025010f9e,64,5054565,5055650,5056185,5055903,535,1620,1085,0,0,0
5056282,ce76a365-16bf-9177-b142-282f8f4eddd1,64,5054275,5054314,5056282,5055803,1968,2007,39,0,0,0
5056342,615abe5f-316f-4043-3d49-362ea9d5154f,64,5054482,5056046,5056325,5056191,279,1843,1564,0,0,0
5056408,2fc697e7-d66e-98f7-7859-6aa4e4ff619e,64,5054509,5055710,5056408,5055922,698,1899,1201,0,0,0
5056511,d8a8b169-0bc1-1008-7b8e-858f3d2aad69,64,5054558,5054935,5056511,5055682,1576,1953,377,0,0,0
5056740,855c4d41-a41c-323c-e67f-58115a040879,64,5054434,5055590,5056740,5055902,1150,2306,1156,0,0,0
5056890,e9cb5776-51d5-8043-cf0c-9fbe8f700a96,64,5054589,5056408,5056890,5056857,482,2301,1819,0,0,0
5056950,5ad75d50-81eb-34a7-3aa7-48f27dbf5a4a,64,5054590,5056342,5056946,5056687,604,2356,1752,0,0,0
5057010,014bba62-319b-b848-a42e-342cc1f6fe9b,32,5054271,5056342,5056963,5056629,621,2692,2071,0,0,0
5057010,1105f190-c356-bb2b-e0bb-4e83e9fe39a1,64,5054336,5056511,5057005,5056879,494,2669,2175,0,0,0
5057070,e21045a7-d510-9d8d-faff-49775bff3c8c,64,5054277,5056740,5057043,5056910,303,2766,2463,0,0,0
5057130,dbddc563-fc2f-09d4-4ba5-422568955c4f,64,5054435,5056207,5057116,5056343,909,2681,1772,0,0,0
5057420,82f006da-eee1-eff9-89f3-a53ffe8994f2,64,5054197,5054254,5057420,5058657,3166,3223,57,0,0,0
5057480,513fa075-759d-fb3f-10fb-20d21904774e,64,5054194,5054194,5057476,5056237,3282,3282,0,0,0,0
5057540,1f425d9b-a327-ac20-39f3-3af7b59d2b87,64,5054206,5054254,5057485,5057167,3231,3279,48,0,0,0
5057789,bc78cb61-bd4e-d487-4e3f-86e98186339b,64,5054582,5057010,5057759,5057689,749,3177,2428,0,0,0
5057849,f8bf7eb0-de0f-0854-21e9-93d1fbf8ebdc,64,5054422,5057480,5057822,5059527,342,3400,3058,0,0,0
5057849,318d5c27-c64c-07de-1a6e-718be276953b,64,5054332,5057070,5057841,5058534,771,3509,2738,0,0,0
5057938,cfffaadf-cbf5-be48-af81-a075d847fc58,64,5054269,5055986,5057938,5056041,1952,3669,1717,0,0,0
5058022,22d4a739-16fb-37d8-1bcd-edb000ff5a60,64,5054587,5056282,5058022,5056520,1740,3435,1695,0,0,0
5058082,50f3ce61-bf7a-c4b9-708b-9fd152b8741a,64,5054499,5057420,5058040,5059330,620,3541,2921,0,0,0
5058265,db491ca6-b0c3-bc62-9100-b08e77ea26f0,64,5054649,5056950,5058265,5057243,1315,3616,2301,0,0,0
5059069,fe290032-68c3-b565-65e2-e0176ed26dba,64,5057738,5057789,5059069,5059639,1280,1331,51,0,0,0
5059881,9b37da4d-08d1-61a0-bcb4-bc0674ed3b17,64,5057732,5057849,5059881,5060369,2032,2149,117,0,0,0
5059941,55fdc5aa-e2b9-3d9f-8485-7baa8a6d9425,32,5057735,5057938,5059918,5060722,1980,2183,203,0,0,0
5060001,f92bbf6b-3d80-4d1e-c7d1-728d1eaca8dd,32,5057731,5057938,5059944,5060673,2006,2213,207,0,0,0
5060241,d8bdc424-d7af-be04-da28-8ccb543dc024,64,5057729,5058265,5060241,5061769,1976,2512,536,0,0,0
5060533,f4be5f7b-48ef-257a-74c3-56920576c7e9,64,5057736,5057789,5060533,5060020,2744,2797,53,0,0,0
5061059,f046f3db-ffb1-fb05-1f59-0257a66fa60e,32,5057734,5059069,5061059,5061930,1990,3325,1335,0,0,0
5061296,797da601-0884-5c9b-f6ad-ce5964441695,64,5057729,5057729,5061296,5060841,3567,3567,0,0,0,0
5061647,ad27874d-acac-b625-3817-ab0422b350c3,64,5057737,5059069,5061647,5062255,2578,3910,1332,0,0,0
5061707,060a90f0-7823-fed1-c6d7-30b5c897322c,64,5057734,5057849,5061667,5060572,3818,3933,115,0,0,0
5062173,9ab25a43-58fd-8c8a-ba1b-8f2fbbb001b4,64,5057731,5058082,5062173,5061163,4091,4442,351,0,0,0
5062562,3cd41cae-19b8-b349-23ae-088b070f26e6,64,5057740,5060533,5062562,5063088,2029,4822,2793,0,0,0
5062862,ce5921cf-0b07-0183-5aff-473ff709a3eb,64,5059573,5061296,5062862,5076567,1566,3289,1723,0,0,0
5063204,8940b0f4-6f4c-760c-fa0b-2f0687657d10,64,5057740,5059881,5063204,5062643,3323,5464,2141,0,0,0
5063848,2e4959bd-df53-de6c-936f-c41dd4f292fa,64,5057729,5060001,5063848,5062911,3847,6119,2272,0,0,0
5063987,45158d3f-114f-809c-c5ec-9498aabd14f1,64,5057729,5060241,5063987,5063026,3746,6258,2512,0,0,0
5065380,d714f00a-c6fc-f395-0e05-985231b1cf87,64,5059662,5062862,5065380,5092083,2518,5718,3200,0,0,0
5066832,8777c32c-71fc-0ef5-2173-2ba1a5d4d562,64,5059658,5061707,5066832,5087559,5125,7174,2049,0,0,0
5066892,4b1cf2c7-c9da-7c6a-23e8-ac407d898e7a,64,5059485,5062562,5066835,5089425,4273,7350,3077,0,0,0
5068140,a80acc8d-7a7b-f270-43e4-4f57856b1d9b,64,5059469,5061647,5068140,5083932,6493,8671,2178,0,0,0
5070214,b98abe5f-6cbf-31fb-177b-e9e63739fcb7,64,5059393,5062173,5070214,5088986,8041,10821,2780,0,0,0
5074025,a3c327bf-9445-8265-360d-6f1542d33b9d,64,5059463,5063204,5074025,5096130,10821,14562,3741,0,0,0
5097948,725a9140-5f02-21e7-3ba6-dc936ea229ad,64,5094265,5094302,5097948,5139118,3646,3683,37,0,0,0
5099879,b7a7ab99-0053-9695-24d8-35a3f200ff0a,64,5094255,5094302,5099879,5123251,5577,5624,47,0,0,0
5100832,9f1e725d-a480-7bf1-7c23-a5f72fd9577c,64,5094256,5094302,5100832,5139355,6530,6576,46,0,0,0
5104103,04ddbb5c-28d5-3fd8-c4f0-2c8f45f11bbd,64,5094269,5094302,5104103,5134283,9801,9834,33,0,0,0
5104248,7aa927ef-7c8d-f0ce-43ed-56e14c68d215,64,5094271,5094302,5104248,5129057,9946,9977,31,0,0,0
5106229,a57cd9dc-175a-c423-eaf7-410fea04ce07,64,5094271,5094302,5106229,5126581,11927,11958,31,0,0,0
5106289,fc534487-71e7-53e0-e61f-6cfe29435a8a,32,5094294,5094302,5106259,5138096,11957,11965,8,0,0,0
5106950,6bb423fb-a6a5-f7bc-494e-5ac2baabd1d2,64,5094287,5100832,5106950,5154446,6118,12663,6545,0,0,0
5109857,68c5a259-ed08-7f51-b743-2f9d06e2d18c,64,5094306,5099879,5109857,5153262,9978,15551,5573,0,0,0
5113071,017b868c-af98-eb89-60fc-f958fabc45ed,64,5094261,5094302,5113071,5125720,18769,18810,41,0,0,0
5115929,649bb2eb-1a6a-9ebf-82aa-18c8b3ded515,64,5094247,5104103,5115929,5155545,11826,21682,9856,0,0,0
5116143,90da850c-6a5e-54f9-60a9-118c6725b98c,64,5094316,5106289,5116143,5157562,9854,21827,11973,0,0,0
5118127,b82b97c2-4c96-c79e-11f5-e4366792f70b,64,5094298,5106229,5118127,5157374,11898,23829,11931,0,0,0
5119192,129cf8d9-82bc-25e8-0815-5721113cbb5c,64,5094274,5094302,5119192,5142893,24890,24918,28,0,0,0
5119308,7c7b9b93-b1dd-4406-7e82-ae6bf4117f54,64,5094282,5113071,5119308,5160264,6237,25026,18789,0,0,0
5122868,74cb902a-97ba-4c9c-2046-02ddd5788ef6,32,5094307,5104248,5122868,5157004,18620,28561,9941,0,0,0
5125385,6273746e-cf59-d6f4-7bb8-67e6965726fe,64,5094249,5106950,5125385,5158305,18435,31136,12701,0,0,0
5129713,b7285ff4-265f-8a10-ae0d-ff0eca4d11c0,64,5094275,5122868,5129713,5172582,6845,35438,28593,0,0,0
5130333,2b24b576-95a5-0725-d801-8c43c9a7e20b,64,5094243,5097948,5130333,5143618,32385,36090,3705,0,0,0
5130999,607c906c-ecce-b989-ad2b-a597d92b1c95,64,5130370,5130393,5130999,5137314,606,629,23,0,0,0
5131275,1ac409f0-c120-25cf-7191-f7509d062182,64,5130366,5130393,5131275,5137347,882,909,27,0,0,0
5131335,7348ee36-f769-e23c-b533-16bbe9b92baa,64,5130358,5130393,5131332,5135922,939,974,35,0,0,0
5131395,12779d6a-d9e4-72dd-b623-e05bf126771a,64,5130397,5130453,5131355,5136787,902,958,56,0,0,0
5132499,501f8252-b4f4-a510-51f5-14ccc786a0aa,64,5130379,5130393,5132499,5137929,2106,2120,14,0,0,0
5133022,1a5decc1-ad91-9f7d-4566-b18c052f26b1,64,5130371,5130393,5133022,5136916,2629,2651,22,0,0,0
5133132,257ebdf1-49e3-1fe7-1bca-5095442f6014,64,5130387,5132499,5133132,5139295,633,2745,2112,0,0,0
5133805,4a593355-5103-b1ba-9243-c5ba6171dc26,64,5130389,5130393,5133805,5136871,3412,3416,4,0,0,0
5134140,9974f598-d41a-9908-06af-9df852d5fe5c,64,5130357,5133132,5134140,5140532,1008,3783,2775,0,0,0
5134823,804a89a4-1195-f591-bc4a-a3a263e3ca6a,64,5130396,5130999,5134823,5138273,3824,4427,603,0,0,0
5134942,42ab0124-4c0e-6f69-ddd2-e9604dbd0009,64,5130370,5131395,5134942,5139078,3547,4572,1025,0,0,0
5135251,9fff35f1-675e-2a27-18b5-ba7dc72e3f1d,64,5130367,5130393,5135251,5138545,4858,4884,26,0,0,0
5135868,02b6c0e1-17fd-e252-ddb9-599398e027ff,64,5130365,5134942,5135868,5141824,926,5503,4577,0,0,0
5135928,db7c5730-971d-b14c-8cd2-e4f50589ec51,64,5130376,5135251,5135917,5141904,666,5541,4875,0,0,0
5136494,028d13ab-c33b-7e68-6250-98820fc0cad1,64,5130371,5130393,5136494,5135462,6101,6123,22,0,0,0
5136813,f08cb65a-b391-7a74-a9f4-65ef73bbc4c7,64,5130378,5133022,5136813,5139535,3791,6435,2644,0,0,0
5137477,26537783-4557-15bc-6329-bfd9d5a19fbc,64,5130398,5135868,5137477,5142473,1609,7079,5470,0,0,0
5138568,d90892d5-6de2-ea64-606a-41055e7487e6,64,5130363,5134140,5138568,5141216,4428,8205,3777,0,0,0
5138631,82df0b2d-491e-cb03-d9d7-30145b8f4af4,64,5130374,5136494,5138631,5142806,2137,8257,6120,0,0,0
5138747,269df9e3-31d5-0934-451f-ff9f651198cd,64,5130384,5137477,5138747,5143476,1270,8363,7093,0,0,0
5138826,4e4a89a8-e8da-26f9-4e5c-2b894716ce11,64,5130392,5133805,5138826,5141149,5021,8434,3413,0,0,0
5138886,15b496bd-085a-f964-d2fc-f8215d59b2a3,64,5130364,5134823,5138866,5141553,4043,8502,4459,0,0,0
5139958,5fb0abd2-0dc9-ff83-ddb1-2a8c603e75db,64,5130356,5135928,5139958,5142744,4030,9602,5572,0,0,0
5140018,d8834d47-5329-e0e2-18d2-acf21b3b8814,64,5130380,5138826,5139997,5144530,1171,9617,8446,0,0,0
5140078,62897434-fdaa-dccd-6d88-0a88ff592f4b,64,5130367,5131335,5140070,5138905,8735,9703,968,0,0,0
5140327,5cd110fa-f433-0ccc-819a-ad3ca70f51c2,32,5130374,5137477,5140327,5143142,2850,9953,7103,0,0,0
5140497,afabce11-bd01-44a9-5318-9ffa8acb77d2,64,5130373,5136813,5140497,5142829,3684,10124,6440,0,0,0
5141123,118a4dd2-e9ab-66d4-706d-9e735fca8e12,64,5130368,5138886,5141123,5144537,2237,10755,8518,0,0,0
5141183,bfaaa5cb-3028-b92e-8d3e-e82c10dc8951,64,5130378,5140327,5141165,5144972,838,10787,9949,0,0,0
5141243,531ceaba-bdeb-0d10-1aee-17e9cce120ce,64,5130358,5138631,5141189,5144110,2558,10831,8273,0,0,0
5141243,fb965a73-8013-d624-2d41-f35111eaa822,64,5130394,5139958,5141235,5144723,1277,10841,9564,0,0,0
5141524,a5cc005b-1919-4cce-12cd-153307b4625e,64,5130370,5138568,5141524,5143516,2956,11154,8198,0,0,0
5142230,3f95a389-b310-9fc3-060e-8096ba41adc6,64,5130394,5140078,5142230,5144926,2152,11836,9684,0,0,0
5142445,68b6aac2-311e-6f27-451f-f7a396595fc9,64,5130387,5138747,5142445,5144179,3698,12058,8360,0,0,0
5142505,94e11193-5b11-0d94-81fb-f95ef44cf310,64,5130392,5141243,5142493,5146364,1250,12101,10851,0,0,0
5142686,ae30ecb1-2c31-09ff-6f03-35dcce373e1d,32,5130388,5140018,5142686,5144794,2668,12298,9630,0,0,0
5143462,d3d11326-9a67-3fe5-89e0-b18b868ca167,64,5130390,5141123,5143462,5145882,2339,13072,10733,0,0,0
5143707,6c0ef285-286f-8740-72e0-f9109d7ad2e4,64,5130377,5141524,5143707,5146851,2183,13330,11147,0,0,0
5143854,2b19a62b-6a29-5f03-4feb-d75e4880b8fa,64,5130356,5142505,5143854,5149117,1349,13498,12149,0,0,0
5144024,93ee737d-c54d-353e-9186-03e47308fb6c,64,5130382,5141243,5144024,5146718,2781,13642,10861,0,0,0
5144477,dcb1de4d-e7ba-e6ee-f5b6-3c7189327b2d,64,5130380,5140497,5144477,5145363,3980,14097,10117,0,0,0
5144692,31d712aa-34e3-b522-3312-4d88d25ed5f7,64,5094242,5094242,5144692,5158806,50450,50450,0,0,0,0
5144837,7a8f6407-1da5-627a-18c0-013d5832d182,64,5130387,5142445,5144837,5148264,2392,14450,12058,0,0,0
5145037,01e64ad3-cbd6-1cfd-afe4-ad90ca7c3127,64,5130387,5143707,5145037,5150171,1330,14650,13320,0,0,0
5145430,d48fcb4f-b17d-2690-ba16-bb4bd9e0e9f4,64,5094267,5116143,5145430,5161273,29287,51163,21876,0,0,0
5145734,2a42dc3e-4104-0c1f-fe9f-2768f8714566,64,5130360,5141183,5145734,5146173,4551,15374,10823,0,0,0
5146236,de6b9f73-41bf-fe23-188d-bf501dc9c4f1,64,5130395,5142230,5146236,5147981,4006,15841,11835,0,0,0
5147760,09c6e178-c277-8d4b-4bd3-0a9024ed5794,64,5130356,5144024,5147760,5150485,3736,17404,13668,0,0,0
5147865,4618b0c5-d417-6125-dc08-d8ddcc744f2e,64,5130356,5143462,5147865,5149392,4403,17509,13106,0,0,0
5147962,84f52d8d-7ddd-b24a-a0bd-16957cfabaee,64,5094306,5118127,5147962,5162448,29835,53656,23821,0,0,0
5148220,9b5f5b39-672d-7e42-925e-f44bcb492476,64,5130370,5143854,5148220,5150377,4366,17850,13484,0,0,0
5148479,1aba0299-e2b4-b023-6191-c714df79e479,32,5094242,5094242,5148479,5160274,54237,54237,0,0,0,0
5155015,ef408fe8-cdca-a84d-ec85-7017a8744928,64,5094313,5119192,5155015,5168385,35823,60702,24879,0,0,0
5156597,409a05b0-3707-9533-e802-10a96a938ce2,64,5094245,5147962,5156597,5188248,8635,62352,53717,0,0,0
5157749,ef7d50f5-fbfd-24e6-d134-e1ce219b160c,64,5094287,5119308,5157749,5171210,38441,63462,25021,0,0,0
5161633,94cd80f9-f220-0b4a-6b9a-bb141d13f93f,64,5094243,5125385,5161633,5175901,36248,67390,31142,0,0,0
5170279,4a3de0e3-5b91-cb54-d584-3f4bb05be11e,64,5094264,5155015,5170279,5207864,15264,76015,60751,0,0,0
5170969,a1192ab6-1baa-8a9b-e0c0-7f199fe0b580,64,5094299,5130333,5170969,5183049,40636,76670,36034,0,0,0
5172780,e53402de-058a-8565-183a-6c6c2486cc5d,64,5094260,5157749,5172780,5212945,15031,78520,63489,0,0,0
5176947,392aec15-5e59-01b7-24e3-8bda4072d1fa,64,5094252,5148220,5176947,5201331,28727,82695,53968,0,0,0
5179748,4d7a69be-0a74-9973-bf89-762cf91f546c,64,5094247,5161633,5179748,5214730,18115,85501,67386,0,0,0
5185660,05766033-ff82-fc30-d034-b889953e4cbd,64,5094271,5156597,5185660,5211240,29063,91389,62326,0,0,0
5188471,598ca3f3-c597-1d37-0fb9-00f995f13e18,64,5094251,5170279,5188471,5216667,18192,94220,76028,0,0,0
5202820,5cdfd73e-277a-2e54-bcf5-6c9e4cdd6a26,64,5094259,5129713,5202820,5176450,73107,108561,35454,0,0,0
5203452,4042a661-40d5-74d6-9dfc-e498676790c0,64,5094262,5170969,5203452,5217762,32483,109190,76707,0,0,0
5205906,39915bfc-cd52-6e64-b9c6-8fd7339f29de,64,5094279,5147865,5205906,5188147,58041,111627,53586,0,0,0
5206351,9e5e9ec8-967a-c86c-61f3-d844abc7cbea,64,5094311,5172780,5206351,5220080,33571,112040,78469,0,0,0
5210448,ad7ac5a0-aa4f-08bb-0b28-75b4d1693d82,64,5094255,5176947,5210448,5224801,33501,116193,82692,0,0,0
