time,job_id,num_gpu,submit_time,start_time,end_time,ddl,executed_time,JCT,pending_time,preempt,promote,best_effort_job
20469,59a72878-e5c4-ab9d-e813-68c36b50edeb,4,16566,16566,20469,21347,3903,3903,0,0,0,0
20549,479d5be0-d819-a033-800e-400e728fe07e,4,16566,16566,20549,20924,3983,3983,0,0,0,0
22795,4c693bbf-9253-5094-3f31-19e4abfd0310,4,16566,16566,22795,25084,6229,6229,0,0,0,0
22994,5663c48d-fb04-72f6-0fd0-f828a2e06448,1,22093,22093,22994,22750,901,901,0,0,0,0
23307,005d539a-d8e3-0d8a-28be-1eae4a4941c3,4,16567,16626,23307,25940,6681,6740,59,0,0,0
23324,db9927be-2c17-ab53-7b31-f3bdd1a77289,4,16567,16626,23324,22747,6698,6757,59,0,0,0
23752,4b7f63f0-4b60-7161-3e43-92c161092e82,4,19725,19784,23752,25504,3968,4027,59,0,0,0
23809,95a87e55-a97a-1690-bd30-435d0f1ecdb9,4,20580,20609,23809,23477,3200,3229,29,0,0,0
23913,463de7cd-2624-91af-d072-8b7cdcf04af3,4,19724,19724,23913,25771,4189,4189,0,0,0,0
23988,d12f0e69-6d91-8a22-81c0-6d2aab0435f9,4,20580,20609,23988,22389,3379,3408,29,0,0,0
24159,73d9b21f-74ea-cf05-82df-63e50e748ff2,4,20580,20609,24159,22774,3550,3579,29,0,0,0
24311,f9d6d733-209c-7e52-d1c8-7cdc3a6a6a52,4,20579,20609,24311,25809,3702,3732,30,0,0,0
25389,59ed7c17-56b7-d953-86f5-af42fd4a3fdf,4,20580,20609,25389,26342,4780,4809,29,0,0,0
26005,ccda772b-f3f9-c3fb-4651-59bba2ca75ad,4,19724,19724,26005,28381,6281,6281,0,0,0,0
26069,f837987b-4596-951c-bf26-69d8b97ca3bd,4,19724,19724,26069,23205,6345,6345,0,0,0,0
26734,43c9f21a-4cc6-b333-14c9-65c7ffa8e1ad,4,19724,19724,26734,29498,7010,7010,0,0,0,0
30116,f45dbbd1-e021-13f9-b04b-dd28ad20aba4,4,26894,26894,30116,30824,3222,3222,0,0,0,0
30769,453d7b05-3e0f-27b5-b49c-44d3d76b4582,4,26895,26954,30769,29757,3815,3874,59,0,0,0
31591,5a4dda5a-26c0-93c1-df1c-f3432044df0a,4,26894,26894,31591,30999,4697,4697,0,0,0,0
32009,bc260d61-e652-9fbe-4401-9da2485070d9,4,26894,26894,32009,29469,5115,5115,0,0,0,0
45855,b8872812-c832-b0c6-40ca-4676fe9d3d0f,8,39128,39128,45855,42513,6727,6727,0,0,0,0
95493,6e4c2b13-04bc-5453-fcee-2f599ef4acfb,8,64148,64148,95493,86748,31345,31345,0,0,0,0
106210,d5c505eb-ca35-3dbb-d821-81e962c02472,4,102293,102293,106210,107228,3917,3917,0,0,0,0
106281,6dab734b-89de-689e-9188-0d4dd96f7b22,4,102296,102353,106281,106304,3928,3985,57,0,0,0
106752,4bfecb44-d78d-9826-f309-327e6e756922,4,102879,102879,106752,107270,3873,3873,0,0,0,0
106781,efa8972c-d4c4-be39-b6c1-11ada2e6f414,4,102880,102939,106781,105234,3842,3901,59,0,0,0
106862,80f5501a-6d61-d5b8-28d7-72777f3b8ac6,4,102880,102939,106862,105503,3923,3982,59,0,0,0
107587,7bd63c59-d7ea-6d5d-1899-4a8bad5d5c2a,8,46177,46177,107587,108301,61410,61410,0,0,0,0
108635,b006640b-cc61-3570-4f45-cca466c0d8b6,4,102294,102353,108635,106058,6282,6341,59,0,0,0
108915,f4a51943-f84c-f06d-e905-5133f22bf842,4,102880,102939,108915,108965,5976,6035,59,0,0,0
110211,90e58c66-10c4-0164-92e0-cec0bf440417,4,102880,102939,110211,107409,7272,7331,59,0,0,0
142762,280ba7ec-bbf0-24d5-5ea0-34fbbdafbb79,8,115503,115503,142762,133492,27259,27259,0,0,0,0
162278,91471e8a-7ede-ad33-d1c0-53239be61d4c,8,161275,161275,162278,162717,1003,1003,0,0,0,0
163183,90e3c103-0d13-69d2-d33e-61d3112e3f6e,8,162187,162187,163183,163454,996,996,0,0,0,0
167652,a22eea25-6b79-ed8f-5481-2e50ef2ae1cc,8,64148,64148,167652,158316,103504,103504,0,0,0,0
223494,b3a0ec14-d432-b7be-4b1e-295e62a61390,8,198264,198264,223494,223230,25230,25230,0,0,0,0
231396,9b9017b7-b5a9-ae60-9cfc-867e44aed639,8,198389,198389,231396,235647,33007,33007,0,0,0,0
236074,a60f6d4b-3ae5-02e4-a69b-da6aa7532a0a,8,199985,199994,236074,242048,36080,36089,9,0,0,0
240897,cffe9499-77d7-81ab-8259-de970673f2ef,8,204818,204818,240897,223733,36079,36079,0,0,0,0
240973,d1f3d0a6-20f7-59f6-9df0-503b4f626e9a,8,204851,204878,240973,252266,36095,36122,27,0,0,0
241009,b1d97384-c419-8ca8-1a29-9aa721d80287,8,204897,204938,241009,247144,36071,36112,41,0,0,0
241021,e5106ee7-7a7d-434f-a709-a048d8555cb1,8,204919,204938,241021,250779,36083,36102,19,0,0,0
262370,be48840a-9e1f-7fd7-fb05-569b9d36475c,8,141898,141957,262370,232646,120413,120472,59,0,0,0
262991,3aa0124d-798f-eb71-06be-735f364e4bbb,8,141897,141897,262991,236788,121094,121094,0,0,0,0
273119,ef5288c1-0c61-7fba-001e-02a138fb7764,8,104807,104807,273119,256608,168312,168312,0,0,0,0
289763,4ed05f80-b898-137f-a916-f5ddbb637777,4,285849,285908,289763,289325,3855,3914,59,0,0,0
292029,b41fbb64-2ede-f019-9e67-e1a7399d1a8b,4,285848,285848,292029,294578,6181,6181,0,0,0,0
292609,4a72f034-eab6-f918-f3fc-6cf0cb18754a,4,285848,285848,292609,291645,6761,6761,0,0,0,0
292610,ba0d9306-b401-f55a-a8dc-da693ab5d005,4,285848,285848,292610,291963,6762,6762,0,0,0,0
298291,4062a629-7393-68cf-468d-4293400910a8,8,275660,275660,298291,295077,22631,22631,0,0,0,0
314919,1c2084f4-3c94-fec2-ac88-5c29e62df24b,8,275106,275106,314919,312546,39813,39813,0,0,0,0
363217,57987c78-1aac-6e19-10e4-f295c91c253b,8,339260,339260,363217,369115,23957,23957,0,0,0,0
367545,2ed7e3f7-0a46-9ab4-f833-f215a37cd69c,8,265981,265981,367545,323232,101564,101564,0,0,0,0
381181,7e3450c8-94a0-e914-5d13-b930b086856c,8,372059,372059,381181,383439,9122,9122,0,0,0,0
387079,2405c33c-1072-ac5a-58c9-3ac694ff24c6,4,383190,383249,387079,385309,3830,3889,59,0,0,0
387479,153025d2-d879-b502-4793-a4c5eef3780d,4,383190,383249,387479,385405,4230,4289,59,0,0,0
389883,195de8fc-7932-332d-d227-748e37def057,4,383189,383189,389883,388437,6694,6694,0,0,0,0
389953,08c07a40-df99-2ee9-5be7-37d7abe7d30d,4,383189,383189,389953,386868,6764,6764,0,0,0,0
396360,b6d09d3f-2c76-cda4-e829-96b32ba095a8,8,353854,353854,396360,395306,42506,42506,0,0,0,0
404652,eb9a0845-e7a3-5e54-986f-51f1940a9173,8,382569,382569,404652,396668,22083,22083,0,0,0,0
407041,fd781dd0-7ab8-0404-e910-7e52655c14ca,8,388460,388460,407041,412789,18581,18581,0,0,0,0
407171,6c5a42ff-6a52-9fe7-3a9e-06d3f216f4fd,8,383291,383309,407171,401871,23862,23880,18,0,0,0
414192,2fddcb84-f1b7-9a0a-6a26-2309db2f42ba,8,399811,399811,414192,407998,14381,14381,0,0,0,0
415050,d7efc5d6-622c-f01a-a0c8-73380a1da7ac,8,390190,390190,415050,423124,24860,24860,0,0,0,0
418929,4f5964ca-f47a-5c6b-9a7a-ae550ce9937e,8,386792,386792,418929,418574,32137,32137,0,0,0,0
421195,9f9fac12-9058-edc6-3568-3da7564fedc4,8,387324,387324,421195,405797,33871,33871,0,0,0,0
423753,ccc50157-4d1e-eca2-18ab-5f706c352765,8,375897,375897,423753,431597,47856,47856,0,0,0,0
444324,5e7d482c-ab62-57fb-a19f-a30bef832bbd,8,383234,383249,444324,426636,61075,61090,15,0,0,0
454057,b0acd856-2542-45a7-faad-3456f479d739,8,439730,439730,454057,460261,14327,14327,0,0,0,0
456318,fe812d84-6abd-ee14-eefc-a5b88abbf53e,8,441985,441985,456318,455007,14333,14333,0,0,0,0
456411,e72b4cd2-0a44-c0d0-7e37-32df45a79e6d,8,441987,442045,456411,458478,14366,14424,58,0,0,0
456429,ac620f66-5176-777f-9c45-e35e7ec39149,8,441986,442045,456429,459052,14384,14443,59,0,0,0
461668,be4799ef-19ac-234c-408e-079d8de25f83,8,379865,379865,461668,462277,81803,81803,0,0,0,0
467148,ce19c9e3-0375-3465-566c-a73079fa2d51,8,454847,454847,467148,471042,12301,12301,0,0,0,0
473641,6a8c0fc8-2906-f7d2-2ff4-931d32f8d1ea,4,469766,469825,473641,473101,3816,3875,59,0,0,0
474063,f53d7637-bb9e-acb8-a25e-3bb5773d2de7,4,469765,469765,474063,475684,4298,4298,0,0,0,0
474516,915fe1be-9fbf-c6f9-f0b3-912d208dcf81,4,469765,469765,474516,474199,4751,4751,0,0,0,0
486003,6a6248cd-583b-b0f9-1560-5ac850c87167,8,474125,474125,486003,486168,11878,11878,0,0,0,0
487425,c824dd9b-33e6-fc58-5858-3f9567cb4a86,8,468604,468604,487425,485501,18821,18821,0,0,0,0
487504,e5d60392-7522-efb9-67a8-fc6fb441520e,8,470732,470732,487504,485440,16772,16772,0,0,0,0
487729,d7bedd64-2c3d-420a-609d-8eb21d75f479,8,470732,470732,487729,482078,16997,16997,0,0,0,0
489680,468d1b94-90f2-9aaf-bb7d-4c0c91f0a496,8,470732,470732,489680,489146,18948,18948,0,0,0,0
495250,a65cf542-19f2-8e47-ca75-92b544de7004,8,480827,480827,495250,497447,14423,14423,0,0,0,0
495936,24fb3d3a-08d0-39fa-24a0-d7e514f652e3,8,488705,488705,495936,496315,7231,7231,0,0,0,0
511124,f3676a37-2a69-9380-b8c8-b9da87ee3a06,4,46667,46667,511124,418655,464457,464457,0,0,0,0
527112,ec3af1c0-820c-82d6-0451-c06ee9452e51,8,468540,468540,527112,519405,58572,58572,0,0,0,0
538091,ba5ddb0a-0337-5e28-6bd2-b5e373b5e5e7,8,523713,523713,538091,542082,14378,14378,0,0,0,0
538122,9202fcdc-6c24-4305-0e40-eabe15904fad,8,523713,523713,538122,541743,14409,14409,0,0,0,0
538128,98cc638a-3777-dfdf-c57a-a4316a00042e,8,523713,523713,538128,540787,14415,14415,0,0,0,0
538142,eea68c44-a7bd-2d53-f3fc-bf095d2d5b5a,8,523715,523773,538142,531215,14369,14427,58,0,0,0
545530,db8ff9e0-81d6-b704-f4e5-908093f61d20,8,48927,48927,545530,443495,496603,496603,0,0,0,0
553244,83bc4316-426d-9788-eba3-7969e1f38d65,8,527814,527814,553244,550028,25430,25430,0,0,0,0
554511,3d06ee50-cef3-cf3d-be57-2f5d53b84cc2,8,458422,458422,554511,584120,96089,96089,0,0,0,0
559146,c1a2c6d1-9f77-0e6b-1d72-472984b34d95,8,549387,549387,559146,557512,9759,9759,0,0,0,0
559205,9eb88fd5-d8d2-1da3-bb7e-c54b0979cb92,8,549391,549447,559205,563274,9758,9814,56,0,0,0
559224,27d14542-38be-5982-2f8e-b2bbf7e6a5e1,8,549389,549447,559224,554353,9777,9835,58,0,0,0
559291,66de99c7-4ad4-7ade-6865-7a0b05912a14,8,549388,549447,559291,563606,9844,9903,59,0,0,0
565603,dc18314c-510f-8c61-6129-e7ff18189b01,8,527815,527874,565603,582211,37729,37788,59,0,0,0
568325,384dd0b9-1f04-30f7-97ac-5366b7f12e0d,8,551525,551525,568325,572300,16800,16800,0,0,0,0
568400,2e84377e-8573-a350-fd11-abcd0f5a3828,8,551525,551525,568400,573483,16875,16875,0,0,0,0
571527,629b6715-240d-320e-82e2-8d0146a3f3df,16,570514,570514,571527,571473,1013,1013,0,0,0,0
571989,700a051c-bc0e-9d13-dc0b-2aa657884e3d,8,533251,533251,571989,575742,38738,38738,0,0,0,0
573281,58e31e60-79dd-d034-1ca4-b5f0c15b73ac,16,572336,572336,573281,572891,945,945,0,0,0,0
575567,defc986d-1ec7-1dea-1acd-debd2a05e4f1,4,50853,50853,575567,607846,524714,524714,0,0,0,0
576708,379cac86-2c60-07f7-4b1d-649fa225ecb4,16,575724,575724,576708,576857,984,984,0,0,0,0
588159,ad5eec30-9e5d-272a-4426-4a3a453fdd62,8,545382,545382,588159,596322,42777,42777,0,0,0,0
594759,07813300-12ac-1acf-82dc-bca23d10afa3,16,593402,593402,594759,595140,1357,1357,0,0,0,0
602623,138b5754-e6b0-e671-fa73-04de3226513c,8,588205,588219,602623,607550,14404,14418,14,0,0,0
623579,fc864a8f-21bc-c0d3-e8ce-00e16ef3e4cf,4,617351,617409,623579,625152,6170,6228,58,0,0,0
623897,a58d0e7f-eb32-59f2-3102-a3e66bf56b5e,4,617350,617409,623897,624441,6488,6547,59,0,0,0
623947,83c821b3-9708-f965-0a31-e7957aa51b94,4,617349,617349,623947,627185,6598,6598,0,0,0,0
624136,ad08ba34-30d6-817d-6314-e061eed02773,4,617351,617409,624136,625123,6727,6785,58,0,0,0
628516,b7e45f77-155a-2f4b-c065-944a83faadf8,4,50370,50370,628516,422304,578146,578146,0,0,0,0
631594,6c8ebc13-dcf9-8f24-2a20-70ec1e892458,4,618990,618990,631594,630816,12604,12604,0,0,0,0
635236,57919d9b-9521-b0fe-3ae0-e617d35efb8b,8,496275,496275,635236,665983,138961,138961,0,0,0,0
640577,d897402f-82e1-5b2d-1bed-d598648c155c,64,639792,639792,640577,640249,785,785,0,0,0,0
651072,c640de83-dc80-ce4f-474b-559b27b66b42,8,614177,614177,651072,661315,36895,36895,0,0,0,0
658360,f783fd33-18ed-4c57-0a0a-056b18316028,8,639179,639179,658360,659408,19181,19181,0,0,0,0
662999,f569c3eb-d45e-3086-9f62-4fd65266bcb5,8,644160,644160,662999,665688,18839,18839,0,0,0,0
664443,b363caf7-95ff-2475-a5df-723b12c33883,8,644390,644390,664443,656678,20053,20053,0,0,0,0
667161,8f6c0ecc-8050-b30e-14b4-83a68be686f9,8,650261,650261,667161,662365,16900,16900,0,0,0,0
668741,98c9cd00-13a4-135e-337d-dfa45585e365,8,667724,667724,668741,668814,1017,1017,0,0,0,0
669830,4abe1238-79b8-2d58-8e07-291ebb354aec,8,668826,668826,669830,669361,1004,1004,0,0,0,0
671076,26ba5961-b86d-30be-4119-1b0acb44c06d,8,670072,670072,671076,671216,1004,1004,0,0,0,0
672392,7a73478f-a532-e111-eb15-204a57172489,8,671403,671403,672392,672849,989,989,0,0,0,0
672739,897e0ab6-d3c9-c3f5-6b55-7a51654669c5,8,671721,671721,672739,672284,1018,1018,0,0,0,0
673675,bb6d5625-9674-36ca-01c2-2d44fe9b6aa9,8,672668,672668,673675,673633,1007,1007,0,0,0,0
677356,4faaa183-3a02-5983-2781-6506eddf5727,8,644988,644988,677356,662993,32368,32368,0,0,0,0
690190,873a57a2-4224-d401-0501-c2a372b6e4ea,8,636888,636888,690190,706312,53302,53302,0,0,0,0
699843,5ba2384b-1500-6efb-6df3-99508fccf9fa,8,650336,650336,699843,692787,49507,49507,0,0,0,0
703916,b2c2f807-7477-1e37-f0eb-79dcd77845ac,8,644780,644830,703916,720209,59086,59136,50,0,0,0
737603,c5242773-c5d9-c6c6-47ce-a87eb7051e66,8,736588,736588,737603,737603,1015,1015,0,0,0,0
737752,51d3d008-751a-1a69-d7b0-9caab3157055,8,736892,736892,737752,737867,860,860,0,0,0,0
767586,a9fb1d06-13a3-08a7-e1a2-f8e4ce9b5f4d,8,766398,766452,767586,767669,1134,1188,54,0,0,0
768447,580fd0c8-23a0-c367-1962-ee51faf21514,8,766400,766452,768447,768145,1995,2047,52,0,0,0
769242,cdd39df9-efab-dfca-06bb-f0ec912a7718,8,766398,766452,769242,770012,2790,2844,54,0,0,0
771006,1eb00c17-3971-b0cd-ffed-8f164ff29102,8,766396,766452,771006,771099,4554,4610,56,0,0,0
771849,4f5826ee-66e9-3b5a-7689-a051e6e8737d,8,766397,766452,771849,771834,5397,5452,55,0,0,0
772408,b4dbb303-2f92-a806-8b1d-b91d9c1ee1b4,8,766400,766452,772408,772614,5956,6008,52,0,0,0
772950,ead56d45-c22d-e5ed-c83c-05f569940e03,8,766395,766452,772950,775335,6498,6555,57,0,0,0
774216,b154f4cf-8e28-598c-3681-426062896134,8,766397,766452,774216,770717,7764,7819,55,0,0,0
774410,a66afbf3-1154-92b2-6bc3-a70f058049ad,8,766399,766452,774410,775847,7958,8011,53,0,0,0
774748,b9b3943e-3b79-a6a3-d74e-0b86010732db,8,766396,766452,774748,772497,8296,8352,56,0,0,0
774848,6f6dd3b8-19ab-bcfc-b47d-e8c43fb9f39a,8,766395,766452,774848,770648,8396,8453,57,0,0,0
774974,1694fec5-0874-2d06-d371-11455e82bc4b,8,766392,766392,774974,778173,8582,8582,0,0,0,0
775023,914cae6a-05f3-384c-5751-0bdba58d2e53,8,766398,766452,775023,774310,8571,8625,54,0,0,0
775251,9dde43be-b232-03b2-27c2-72c407d8a281,8,766396,766452,775251,773821,8799,8855,56,0,0,0
775445,581d84d2-7364-0c2a-e45d-ad860e29a199,8,766396,766452,775445,772681,8993,9049,56,0,0,0
776112,4dded48c-dec4-f4f7-ca81-bf9cf735c25c,8,766392,766392,776112,779979,9720,9720,0,0,0,0
776340,4a28dce1-b31f-eb5c-8616-d74823b7179b,8,766392,766392,776340,779098,9948,9948,0,0,0,0
776343,21341d9d-e134-7e3e-31ab-8695694fd2b4,8,766400,766452,776343,776294,9891,9943,52,0,0,0
776819,1228bbdb-7563-b124-d883-26635478dcf7,8,766399,766452,776819,778081,10367,10420,53,0,0,0
777810,24055a69-19b4-678f-4b80-f31398569e9f,8,766398,766452,777810,781788,11358,11412,54,0,0,0
778140,b06c5762-fd17-65aa-bd58-2d2ecc1d268a,8,766399,766452,778140,773001,11688,11741,53,0,0,0
780733,38bae5e6-83d1-cdb9-8e03-7e5a41b3ea5b,8,766398,766452,780733,774678,14281,14335,54,0,0,0
784114,4ff43344-4175-db40-25b0-edda7375e185,4,545496,545496,784114,804477,238618,238618,0,0,0,0
795583,6da910e1-2596-7c07-7d3f-ebfa38f57074,8,766398,766452,795583,799189,29131,29185,54,0,0,0
797524,a26133bd-4c0c-b31c-2a4e-1acc7137aa23,8,766396,766452,797524,797420,31072,31128,56,0,0,0
800140,0339e160-2af0-3727-ce40-02ff144c637d,8,768230,768230,800140,815162,31910,31910,0,0,0,0
804105,8fe17642-495b-5413-4f65-59864c99a53f,8,766392,766392,804105,805542,37713,37713,0,0,0,0
805609,c6c9f8a7-18ad-8492-946d-363d0f64be5d,8,766395,766452,805609,813833,39157,39214,57,0,0,0
833225,6b493c29-6230-26a6-8d38-7cd17b057474,8,757180,757180,833225,796852,76045,76045,0,0,0,0
879209,a291789e-a96f-364f-ef4f-6cf4060c718e,8,854487,854487,879209,873945,24722,24722,0,0,0,0
896999,a815ca98-8516-6c74-fb1f-0b3dc91f035b,8,652396,652396,896999,810146,244603,244603,0,0,0,0
901154,2579b838-3eac-9744-918e-c281d0c68dc0,4,894559,894618,901154,898626,6536,6595,59,0,0,0
901609,ff5d12b4-72b3-0e23-6808-ed48909f53e4,4,894559,894618,901609,903768,6991,7050,59,0,0,0
903861,a12698cb-e3ad-5493-7b14-6976dfff67ad,8,872080,872110,903861,890380,31751,31781,30,0,0,0
905150,12b7ae3a-ef8a-213b-5081-21899771b1fe,4,894559,894618,905150,909911,10532,10591,59,0,0,0
905791,f932b117-d89f-cfd3-126e-0ebb586b7cab,8,872050,872050,905791,896661,33741,33741,0,0,0,0
907438,02a3ba28-ea4b-e124-61f8-5138b03f3b16,4,894558,894558,907438,903073,12880,12880,0,0,0,0
907479,d4e0c931-340e-9439-7990-0dbc6dc61203,4,894558,894558,907479,905221,12921,12921,0,0,0,0
923933,d362b035-9778-dc51-c146-a1573668c2e6,8,665328,665328,923933,1021907,258605,258605,0,0,0,0
931699,b47144cb-9c3f-8284-8985-63c20adfeaa5,4,893189,893189,931699,920640,38510,38510,0,0,0,0
932076,c2c73e17-1cfd-873a-4e1a-08208d112a3d,4,893189,893189,932076,932537,38887,38887,0,0,0,0
932089,dab44100-fc6c-fd4d-ad75-a56a3b691342,4,893190,893249,932089,934114,38840,38899,59,0,0,0
937465,c9d58426-96ef-256d-8cc3-59325c031a06,4,893190,893249,937465,929273,44216,44275,59,0,0,0
937915,3b9b1b26-0e03-d2f6-18e1-4826bbb30175,4,893190,893249,937915,946407,44666,44725,59,0,0,0
952797,5d06140f-d082-00b5-2ebe-36bae5ed20a2,8,925878,925898,952797,958328,26899,26919,20,0,0,0
956179,d4f90c7e-df70-6c5e-eaf4-596fd43e526e,8,925838,925838,956179,970747,30341,30341,0,0,0,0
962325,6ee752a4-f1f4-08d6-9048-2afd29c5b616,8,647896,647896,962325,809821,314429,314429,0,0,0,0
963933,36d1de60-d9cd-7c20-e080-ec7094c2d6be,8,929670,929670,963933,967994,34263,34263,0,0,0,0
997051,61a768ad-ae13-f392-d175-e41538ea564f,8,927759,927759,997051,1019252,69292,69292,0,0,0,0
997664,9cb00458-ba74-a0ec-49d0-11e15da581a1,8,996651,996710,997664,997397,954,1013,59,0,0,0
997768,a0471a81-604f-73fd-93f7-dab74e616196,8,996650,996650,997768,998060,1118,1118,0,0,0,0
997852,d66aac3f-4edc-f550-cbb0-ed44a5d08e8a,8,996654,996710,997852,997874,1142,1198,56,0,0,0
1000454,0f8c51a4-af9e-07ce-51d7-71f4417404b0,8,756506,756506,1000454,894092,243948,243948,0,0,0,0
1013248,2225a007-87bd-578b-baf0-dc54b524f4aa,64,1012604,1012604,1013248,1013288,644,644,0,0,0,0
1015184,c3d914ac-2ee6-202d-5a9d-4d370e538edc,8,906294,906294,1015184,961769,108890,108890,0,0,0,0
1015754,c921ea4d-aa0a-130f-a0d9-471710d0d93d,64,1014636,1014636,1015754,1015437,1118,1118,0,0,0,0
1017083,7d529d81-5a42-592c-baf4-aa647dbedd33,64,1016046,1016046,1017083,1017467,1037,1037,0,0,0,0
1017158,d9344318-408c-a8b6-7482-ae0a97d64d7b,8,1015949,1015949,1017158,1016667,1209,1209,0,0,0,0
1030183,0732e070-c766-deb0-d6ba-85ff6d309097,8,997901,997912,1030183,1025024,32271,32282,11,0,0,0
1049892,5985ec97-5f76-c60f-ffd0-843e2d099670,8,1026699,1026699,1049892,1053123,23193,23193,0,0,0,0
1050136,fad9a222-562d-5082-f2a4-eec4bf6ebfb4,8,1025644,1025644,1050136,1055926,24492,24492,0,0,0,0
1054758,ca22392f-2420-cf7d-f114-3cf46b41c5a6,8,998361,998369,1054758,1046963,56389,56397,8,0,0,0
1055156,ffeabdab-ec90-9c16-e3be-ef6aa682e50a,4,1052197,1052255,1055156,1056313,2901,2959,58,0,0,0
1055158,0fea2b4a-a500-58ad-1578-d9d2944bddfd,4,1052195,1052195,1055158,1054409,2963,2963,0,0,0,0
1055265,444438fe-2c9e-902d-72d6-63b8ba1cd102,4,1052199,1052255,1055265,1055601,3010,3066,56,0,0,0
1055318,95721c80-1dfb-535c-f0fe-15f04cf59f22,4,1052196,1052255,1055318,1053795,3063,3122,59,0,0,0
1059759,c697e08a-d565-3971-46a4-f5c20023d461,8,998309,998309,1059759,1042594,61450,61450,0,0,0,0
1061267,4921d21d-63c6-68b5-482b-57f057fb3663,8,1025898,1025898,1061267,1061118,35369,35369,0,0,0,0
1062344,30bd2596-5e7d-758a-717a-103cef03d3d1,1,1053210,1053267,1062344,1060932,9077,9134,57,0,0,0
1062445,68b40bc2-68c9-d1ec-854e-9f38c002c580,1,1053208,1053267,1062445,1060209,9178,9237,59,0,0,0
1062848,f861017a-b6d9-a814-4b25-165097252517,4,1060459,1060476,1062848,1063054,2372,2389,17,0,0,0
1062878,e0d69315-7eb9-cee4-7494-a3c7c9ee9528,4,1060458,1060476,1062878,1062989,2402,2420,18,0,0,0
1062945,d801e1e4-14ee-13d4-ed09-41bdb262762f,4,1060457,1060476,1062945,1063012,2469,2488,19,0,0,0
1062913,7d7fce03-28e3-9b52-fd2a-8680b2e80225,4,1060457,1060476,1062913,1063976,2437,2456,19,0,0,0
1062959,c814445b-44cf-0f64-b696-2d8c19916060,4,1060458,1060476,1062959,1063473,2483,2501,18,0,0,0
1066143,c976e3c6-6e7c-b12e-f61e-390ef4bf949c,1,1053207,1053207,1066143,1071311,12936,12936,0,0,0,0
1066244,445bfa1b-7149-80b6-d357-19d6370bc640,1,1053208,1053267,1066244,1068405,12977,13036,59,0,0,0
1066287,dca86096-ca5e-763c-1402-4f2e3a4823db,1,1053208,1053267,1066287,1067014,13020,13079,59,0,0,0
1068951,e8934118-3bcf-f141-5a71-a26af89ce4e3,8,1026317,1026335,1068951,1062062,42616,42634,18,0,0,0
1079213,0bbde737-d284-98fe-ddf5-ffa9ee035463,1,1061107,1061166,1079213,1079723,18047,18106,59,0,0,0
1079243,0d4b438a-d6e3-8a7a-4d93-c9cea8a5f970,1,1061107,1061166,1079243,1082516,18077,18136,59,0,0,0
1079296,6562d164-042f-38d4-3298-16f9aaeae0ae,1,1061106,1061106,1079296,1077259,18190,18190,0,0,0,0
1079600,15cf6188-23fd-9aff-ec10-e1f8b9fc82c7,1,1070561,1070609,1079600,1076675,8991,9039,48,0,0,0
1085238,3c91452f-837f-35e4-d6f4-1d4d2f09d845,1,1061107,1061166,1085238,1083167,24072,24131,59,0,0,0
1085252,a06b9de7-6dda-2641-e250-51fc0efceb56,1,1061107,1061166,1085252,1094158,24086,24145,59,0,0,0
1089626,f51ee600-2b51-5b74-3001-f7fa7d87b0f1,1,1070489,1070489,1089626,1082439,19137,19137,0,0,0,0
1089644,20ad0cda-f1b8-a180-59a4-a5bb6a51ebdc,1,1070490,1070549,1089644,1096670,19095,19154,59,0,0,0
1089638,6cccd823-f16f-5ab1-89ab-9c39f2dfaef0,1,1070491,1070549,1089638,1080063,19089,19147,58,0,0,0
1089828,9986d79a-159a-8b10-c29c-fe7fb0bfc05f,1,1070490,1070549,1089828,1089062,19279,19338,59,0,0,0
1089841,ce5e7953-7c47-0439-195b-e9889965b63d,8,1078611,1078611,1089841,1092343,11230,11230,0,0,0,0
1094284,31a79ab7-2bb7-606f-d6f1-9ed129af80cd,4,1071571,1071571,1094284,1096585,22713,22713,0,0,0,0
1094507,46f9e321-c431-af91-132f-68556553fc29,4,1071574,1071631,1094507,1092953,22876,22933,57,0,0,0
1094668,e95d4f3f-64b3-1c15-66de-504f669d4e54,4,1071571,1071571,1094668,1100079,23097,23097,0,0,0,0
1097310,8ef96d1d-ab03-5b9d-73c1-ca0ecfb7f286,4,1071571,1071571,1097310,1105436,25739,25739,0,0,0,0
1097323,bae222bd-1a9e-6038-7663-18c3ade637fc,4,1071571,1071571,1097323,1102354,25752,25752,0,0,0,0
1102977,5b9bbe0b-eada-7aab-4fc4-afe20d426fcb,8,1064471,1064485,1102977,1120619,38492,38506,14,0,0,0
1105418,63d071a4-ee84-c377-43bf-3fbd177dde3f,8,1104451,1104451,1105418,1105512,967,967,0,0,0,0
1105467,f814470e-ddab-291d-c91d-c8e15973c4fe,8,1104453,1104511,1105467,1105165,956,1014,58,0,0,0
1105541,21d9bb71-5287-ba9b-99b6-ea0dbf21b644,8,1104451,1104451,1105541,1105089,1090,1090,0,0,0,0
1112549,321ad789-92dd-2a85-43ff-9b458a7472b1,8,1087024,1087024,1112549,1114103,25525,25525,0,0,0,0
1119860,16a28d57-c2e4-c5f9-8140-5c0bcbfc05b7,4,1101722,1101722,1119860,1114360,18138,18138,0,0,0,0
1120793,77b28ef7-cbd6-91f2-23f6-1b0f4bf0d344,8,1066933,1066933,1120793,1111789,53860,53860,0,0,0,0
1123870,fdcff48e-f682-8d38-4344-4bdd14863559,8,1066863,1066863,1123870,1103537,57007,57007,0,0,0,0
1124773,b947ccbd-a0ee-49c4-9b96-ba66111c2bcb,8,1087101,1087101,1124773,1110704,37672,37672,0,0,0,0
1136257,7755186e-0709-2506-6c8c-0bf7415724b7,4,1101722,1101722,1136257,1140739,34535,34535,0,0,0,0
1140518,cd75ec26-f908-445c-31ae-643f3bd471c2,4,1101722,1101722,1140518,1157040,38796,38796,0,0,0,0
1141283,28c0d9d7-9e00-a25c-d9dd-1168d8230ab6,4,1102476,1102476,1141283,1131884,38807,38807,0,0,0,0
1141359,59525d09-bbde-5189-b43f-b27bebc7a4bd,4,1102477,1102536,1141359,1135671,38823,38882,59,0,0,0
1144523,246b9039-a8d6-d52b-dd01-af9de8fbcbb5,4,1126135,1126135,1144523,1147780,18388,18388,0,0,0,0
1145232,2a5f1281-c1f9-0df0-1d8b-e70d85517035,4,1101722,1101722,1145232,1147015,43510,43510,0,0,0,0
1163737,ba90194d-8d62-16ae-9bb1-0c304ca547ec,8,646724,646724,1163737,1342401,517013,517013,0,0,0,0
1184219,9236f028-4096-6bde-966e-1fe9d3b91cce,4,1102477,1102536,1184219,1195677,81683,81742,59,0,0,0
1185670,e8686cdb-60ae-e922-28b4-b176eadc2b3a,8,1159142,1159142,1185670,1173742,26528,26528,0,0,0,0
1191596,7c2d17b7-3c0a-4ab0-13cc-0bcd85b1309b,4,1102477,1102536,1191596,1228647,89060,89119,59,0,0,0
1193710,dd19089a-c0df-c9fa-1fa9-17171adbc816,4,1102478,1102536,1193710,1185886,91174,91232,58,0,0,0
1195951,3ed9058f-fe4c-8365-b546-57af7219a19c,8,1189566,1189566,1195951,1199041,6385,6385,0,0,0,0
1197763,d9280efb-4f50-29eb-7185-3225b46eb4bc,8,1159214,1159214,1197763,1200577,38549,38549,0,0,0,0
1201823,eedccefc-da8d-5e09-59b6-dfbd8e6abca3,8,1195448,1195448,1201823,1204353,6375,6375,0,0,0,0
1204841,f111a610-e782-1d04-9570-44a4bc0f80f4,8,1181134,1181134,1204841,1207017,23707,23707,0,0,0,0
1205188,48f50a26-9bef-46b6-7c00-096ac6dc2fd7,8,1182067,1182071,1205188,1211510,23117,23121,4,0,0,0
1205821,41065145-a0f1-13a9-7ab8-b30bf343e220,8,1152087,1152087,1205821,1198402,53734,53734,0,0,0,0
1208606,5ca00738-17de-9c8c-ecf4-a6ef727ec8dc,8,1150944,1150944,1208606,1225700,57662,57662,0,0,0,0
1208721,0b2b4aec-61ae-c7e4-ae53-141da4c316be,8,1150945,1151004,1208721,1187034,57717,57776,59,0,0,0
1208748,a31b4949-e33b-87c6-a633-09284a443c7b,8,1150946,1151004,1208748,1213010,57744,57802,58,0,0,0
1209161,180f7c28-6d80-b414-a6ed-75bea13a55f4,8,1182088,1182131,1209161,1215521,27030,27073,43,0,0,0
1211365,c22898eb-aa21-6e2d-98ef-f15bd57b5f77,8,1182011,1182011,1211365,1220070,29354,29354,0,0,0,0
1211603,c517aab9-48a5-85ab-2d0c-27dc2bcd8637,8,1181262,1181262,1211603,1207215,30341,30341,0,0,0,0
1213090,c011b984-6742-8cc9-243a-f5070394f573,8,1155380,1155380,1213090,1184888,57710,57710,0,0,0,0
1213096,e065fbbf-020b-8818-1c2f-2b781bbf6549,8,1155380,1155380,1213096,1185459,57716,57716,0,0,0,0
1223784,e67f6567-3cc0-d13a-7846-47853f19c434,8,1181318,1181322,1223784,1216209,42462,42466,4,0,0,0
1258893,4aabf204-55e5-52ed-f9e3-4da2c00ec065,8,1252428,1252428,1258893,1260022,6465,6465,0,0,0,0
1262386,e927e96a-a0af-d6c5-8a46-c639e2f2e9b1,8,1255980,1255980,1262386,1260697,6406,6406,0,0,0,0
1279663,d5afb1f2-1286-0afd-35f4-282486bbca40,8,1226392,1226450,1279663,1285522,53213,53271,58,0,0,0
1279939,fd46e78e-79fc-89b4-50cf-9dc217d3862d,8,1226390,1226390,1279939,1279814,53549,53549,0,0,0,0
1279952,c7db9c2f-41f7-5c92-0a6c-ffb880b75299,8,1226391,1226450,1279952,1270057,53502,53561,59,0,0,0
1280053,4aba6c97-165e-85ae-fc2a-9599146f530d,8,1226394,1226450,1280053,1288932,53603,53659,56,0,0,0
1284641,f9a77656-9d51-2836-691c-5f384c23b99c,8,1226393,1226450,1284641,1260434,58191,58248,57,0,0,0
1284690,131926d7-ffc5-f0dd-973f-6c8514490841,8,1259042,1259042,1284690,1288557,25648,25648,0,0,0,0
1287859,d0925502-212c-2a65-f5eb-c6db5adc8876,64,1017166,1017218,1287859,1160499,270641,270693,52,0,0,0
1291989,8a4d8551-b77b-7d49-ed25-3bb622c02c4f,8,1240711,1240764,1291989,1314889,51225,51278,53,0,0,0
1292024,8cbe92a2-10c5-d131-6142-827ecd88cff7,8,1240704,1240704,1292024,1309924,51320,51320,0,0,0,0
1292000,fdc1bfa0-4568-c6cb-b5c0-c6b2b932ace1,8,1240708,1240764,1292000,1288961,51236,51292,56,0,0,0
1291991,45fecbb7-1220-2e65-ef53-78be71c937da,8,1240710,1240764,1291991,1282316,51227,51281,54,0,0,0
1292059,639a8b21-e5da-bd8d-462b-58bd8f626239,8,1240713,1240764,1292059,1279095,51295,51346,51,0,0,0
1300873,0dd7d5ca-1510-fac2-96cd-51b5348b9ddf,8,1258024,1258024,1300873,1320530,42849,42849,0,0,0,0
1303102,84ba53ed-17ea-bcb9-1c7d-8d12c7e77d0f,8,1261812,1261812,1303102,1290221,41290,41290,0,0,0,0
1325058,3ec7ffff-2419-b2d7-451c-2c272e67a7a7,8,1299505,1299547,1325058,1321631,25511,25553,42,0,0,0
1326543,7eb60a32-cb96-3e91-60c3-340b226ea8de,8,1299876,1299921,1326543,1337690,26622,26667,45,0,0,0
1327657,b21a8ccf-8e68-b052-fd36-9ae7df097f1d,8,1299963,1299981,1327657,1321784,27676,27694,18,0,0,0
1327768,0fe5919a-002c-1b6f-9add-33286dcace8a,8,1299487,1299487,1327768,1314336,28281,28281,0,0,0,0
1332212,df60b6a2-5e94-b673-55d4-f687da6c84f2,8,1299596,1299607,1332212,1322999,32605,32616,11,0,0,0
1334852,f48ff43b-48e2-3369-19cb-9d229ff9cc0c,8,1300006,1300041,1334852,1338617,34811,34846,35,0,0,0
1342359,046cdbcb-14c3-204e-f535-a292adcc3a97,8,1299750,1299750,1342359,1357882,42609,42609,0,0,0,0
1345288,ceb09fbc-94ce-efd9-0ffc-b124097317ce,8,1299678,1299678,1345288,1332951,45610,45610,0,0,0,0
1350478,154a3f38-42a8-2bf2-ba8c-5a803e263894,8,1343631,1343631,1350478,1348190,6847,6847,0,0,0,0
1361573,7ed7a9ea-6f13-3776-bbd5-8ac59d33cbf6,8,1299861,1299861,1361573,1351101,61712,61712,0,0,0,0
1363551,72f59bd6-bbf0-a38a-8ac0-a5ab6c46f485,8,1356793,1356793,1363551,1360918,6758,6758,0,0,0,0
1363603,cc1f7a67-0dec-bd44-b283-ee48d90723af,8,1356858,1356858,1363603,1360326,6745,6745,0,0,0,0
1391398,beddfff4-f85e-3f4c-e5fa-d7400f917695,8,1299238,1299238,1391398,1355893,92160,92160,0,0,0,0
1460199,a463979f-ebcc-2391-602b-8a9baf23a809,8,1433701,1433701,1460199,1450094,26498,26498,0,0,0,0
1461441,716ad57d-e8bd-a252-ba57-4833f9c8665e,8,1433759,1433761,1461441,1455192,27680,27682,2,0,0,0
1467565,4862b39a-36f7-d782-5e21-237f0b8d02cb,8,1432126,1432126,1467565,1470852,35439,35439,0,0,0,0
1489529,559018cc-a9f6-06a4-0e4f-8fd3a49caeb1,8,1474722,1474722,1489529,1485515,14807,14807,0,0,0,0
1489576,80660e6a-7e18-c7f5-a028-fcc1ac560926,8,1474727,1474782,1489576,1482450,14794,14849,55,0,0,0
1489631,0a2becda-b652-6f1f-c655-e8b919072536,8,1474723,1474782,1489631,1485867,14849,14908,59,0,0,0
1489611,b009ea93-0a2c-4b26-dad6-f2d1efc49028,8,1474729,1474782,1489611,1496421,14829,14882,53,0,0,0
1489651,9796e4a8-b471-3cae-25b1-04f807f85676,8,1474725,1474782,1489651,1492748,14869,14926,57,0,0,0
1504856,6a01243e-c0b4-9496-12c1-8b50105c6365,8,1433529,1433529,1504856,1508765,71327,71327,0,0,0,0
1517151,e0451752-2560-7109-27d9-14f660c61390,8,1477344,1477402,1517151,1522401,39749,39807,58,0,0,0
1517197,60b071cb-3f98-4dfb-329a-18c6ddade203,8,1477342,1477342,1517197,1504410,39855,39855,0,0,0,0
1517199,285c81b3-2e3d-c6f6-c68e-578a4bc4befe,8,1477344,1477402,1517199,1532638,39797,39855,58,0,0,0
1517467,44fef4ee-dbaa-775d-0ea5-0542ceafcef1,8,1477343,1477402,1517467,1509427,40065,40124,59,0,0,0
1517691,6cf7d833-c1f6-4956-f7fa-1734345732c5,8,1477345,1477402,1517691,1502164,40289,40346,57,0,0,0
1537514,6385e5ba-a69f-2a45-a72a-ffc81149040b,8,1513800,1513800,1537514,1547123,23714,23714,0,0,0,0
1552500,120bf8da-2b06-3821-7071-4dd8af4a1353,8,1538186,1538186,1552500,1545446,14314,14314,0,0,0,0
1554208,05313eae-9d64-66bb-fce3-6086fd7c581f,8,1507565,1507565,1554208,1556694,46643,46643,0,0,0,0
1554321,fabf757a-2bef-d5c8-6e12-55ea25ab957d,8,1507565,1507565,1554321,1539930,46756,46756,0,0,0,0
1554361,9e9add66-024c-f9c6-febd-2f2326701a88,8,1507575,1507625,1554361,1534941,46736,46786,50,0,0,0
1554389,f3053157-4de3-566e-a514-d6979d9eb4b4,8,1507574,1507625,1554389,1536073,46764,46815,51,0,0,0
1555302,32578935-6415-670f-3baa-d0347196721e,8,1507568,1507625,1555302,1556730,47677,47734,57,0,0,0
1556007,89d61386-a749-4814-a936-a04d8c70f0da,8,1541464,1541464,1556007,1562232,14543,14543,0,0,0,0
1565539,487aad88-1ed1-23e4-e4de-ce0981dd1eaa,8,1513238,1513295,1565539,1559111,52244,52301,57,0,0,0
1565555,cd2c99c2-f13b-88cf-7041-f2ae73297767,8,1513236,1513295,1565555,1588281,52260,52319,59,0,0,0
1565847,8b9b6c7a-19b0-fc99-12b4-07e48d7939f0,8,1513235,1513235,1565847,1545987,52612,52612,0,0,0,0
1565902,680beca3-0702-4003-d0ac-e5a5231dfaaf,8,1513235,1513235,1565902,1582365,52667,52667,0,0,0,0
1565930,1da4f9b7-7296-ef3f-1d53-e010645c1929,8,1513235,1513235,1565930,1552209,52695,52695,0,0,0,0
1574543,29e3c43a-af68-6645-3e19-95abd810abb7,8,1528722,1528722,1574543,1559511,45821,45821,0,0,0,0
1587237,0c3dc9aa-0a74-40d6-2bdf-b4e8ff52eb03,8,1509237,1509244,1587237,1594373,77993,78000,7,0,0,0
1587454,e0c8feae-9c28-06c4-7d0b-e862ce349cdf,8,1509236,1509244,1587454,1596402,78210,78218,8,0,0,0
1587560,9db849a8-2c07-2525-7cf4-f3bb6d9d2c7c,8,1509236,1509244,1587560,1620912,78316,78324,8,0,0,0
1587633,fb4c8db0-eeae-c9df-356b-b318ac25d007,8,1509236,1509244,1587633,1570109,78389,78397,8,0,0,0
1587635,4b3e597a-956b-5a88-e419-e351edd820ee,8,1509236,1509244,1587635,1556183,78391,78399,8,0,0,0
1597236,7bae8ff5-4f90-8f60-fb96-a5dfdf57f8a5,8,1596228,1596228,1597236,1597448,1008,1008,0,0,0,0
1599342,2e815810-22f1-15a4-825f-17f91fb62189,1,1595469,1595469,1599342,1597485,3873,3873,0,0,0,0
1606872,cc4caf75-0cd8-58c9-05e2-d981ed73d7f2,8,1599943,1599943,1606872,1604141,6929,6929,0,0,0,0
1612681,48319c94-bc96-c9a2-101d-8e159dde5625,8,1611417,1611417,1612681,1612206,1264,1264,0,0,0,0
1615303,12845ced-1b20-690e-b246-843473a03176,8,1608388,1608388,1615303,1617045,6915,6915,0,0,0,0
1622703,28c3bfb6-6192-910c-4847-7869e02064e8,8,1615419,1615419,1622703,1620781,7284,7284,0,0,0,0
1625713,29e976d4-57b1-9c28-f47b-38e28b4aa54f,8,1572475,1572475,1625713,1599912,53238,53238,0,0,0,0
1625901,afb0b87f-3b02-c0d2-8efd-1d922a2c4d7f,8,1572477,1572535,1625901,1624163,53366,53424,58,0,0,0
1626089,ead6a157-3e93-18f0-e6df-3370eaf7588f,8,1572475,1572475,1626089,1622813,53614,53614,0,0,0,0
1626251,70af2ac0-7d71-f733-cb6c-52997942ed9a,8,1572475,1572475,1626251,1637801,53776,53776,0,0,0,0
1626830,cc280cba-3dfb-863d-6a64-0b5527bec87a,8,1572476,1572535,1626830,1628520,54295,54354,59,0,0,0
1627139,c11263df-3260-8aa0-3e0a-a90f75ecfcf9,8,1625372,1625372,1627139,1627237,1767,1767,0,0,0,0
1627472,a2b8183b-99c7-fd44-18bf-5990853c381b,8,1574447,1574447,1627472,1648754,53025,53025,0,0,0,0
1627624,e385e0ac-010e-edfd-ebe3-948271b73321,8,1625092,1625092,1627624,1627564,2532,2532,0,0,0,0
1629761,305c70a2-3a3e-0b9f-b637-a2faa44b6f98,8,1627861,1627861,1629761,1630476,1900,1900,0,0,0,0
1630350,b541ce2e-00e7-567c-9d08-86fdc0a03dd1,8,1627949,1627949,1630350,1629995,2401,2401,0,0,0,0
1631235,40a2cd25-a154-f9f1-ba1c-7eece6ee5146,8,1586623,1586623,1631235,1651624,44612,44612,0,0,0,0
1631332,592f8c40-c7df-f956-5649-97f4c1aba9ff,8,1577950,1577950,1631332,1657498,53382,53382,0,0,0,0
1631704,826aada3-b721-9885-4060-86e71a0acca5,8,1628081,1628081,1631704,1632734,3623,3623,0,0,0,0
1632006,7a69f46a-e89f-34c2-5dd8-bb7af4d37280,8,1592671,1592671,1632006,1642211,39335,39335,0,0,0,0
1634125,70068cce-94e4-dc3f-0898-bab0b31b8c07,8,1628118,1628141,1634125,1634478,5984,6007,23,0,0,0
1641508,0a6099e4-df52-4bb9-da58-b56e94b9e2f5,8,1640380,1640380,1641508,1641793,1128,1128,0,0,0,0
1641569,ba198686-154d-e0bd-9878-61d01577551a,8,1640383,1640440,1641569,1641304,1129,1186,57,0,0,0
1643794,bfa121f2-e7cd-126b-8a9a-9be0eaaba77d,8,1635324,1635324,1643794,1640708,8470,8470,0,0,0,0
1644783,c526199b-1591-2a0d-f407-18eacf553bea,8,1630348,1630348,1644783,1646751,14435,14435,0,0,0,0
1649483,f5c683b3-50cd-67a5-ec4b-6aab7d4b9110,8,1639355,1639355,1649483,1654220,10128,10128,0,0,0,0
1652198,3ec37e7a-75a2-d9d0-9ea0-2b254473b5e8,8,1616598,1616650,1652198,1653543,35548,35600,52,0,0,0
1656009,08310ab1-b88a-9c95-a426-c86da549dbf6,8,1641517,1641568,1656009,1652090,14441,14492,51,0,0,0
1656022,50c12d97-c052-200b-64ae-4c4aaffdfbca,8,1641518,1641568,1656022,1651310,14454,14504,50,0,0,0
1656066,2d7de476-4a63-fb07-64bd-beded92042d1,8,1641518,1641568,1656066,1661261,14498,14548,50,0,0,0
1656097,95ca5e3f-1884-a76e-5804-53bce4d1b98f,8,1641516,1641568,1656097,1660868,14529,14581,52,0,0,0
1656076,9ad2b94a-9e11-3a8d-888c-51905e983853,8,1641517,1641568,1656076,1662545,14508,14559,51,0,0,0
1656345,32303ee2-2707-c6ba-cfaa-3b1f60c5e090,8,1642023,1642081,1656345,1651530,14264,14322,58,0,0,0
1656448,052851d1-a3de-4368-2b46-7c82de3373c2,8,1642024,1642081,1656448,1662312,14367,14424,57,0,0,0
1656451,217cf31d-74a2-f3df-9c22-7efd345f120e,8,1642021,1642021,1656451,1651314,14430,14430,0,0,0,0
1656464,0a6a1ef3-62b8-e3ee-93c0-3327ac6b71a4,8,1642021,1642021,1656464,1657197,14443,14443,0,0,0,0
1656462,b7eeb5fa-588e-5a83-fdc2-b1d624cf8e36,8,1642021,1642021,1656462,1656738,14441,14441,0,0,0,0
1656524,fdbe885c-a535-a77d-838f-eff5c38f3905,8,1642021,1642021,1656524,1653618,14503,14503,0,0,0,0
1656535,3cf40455-4211-bb02-7c68-83a01fcfe00e,8,1642022,1642081,1656535,1651974,14454,14513,59,0,0,0
1656569,a179197f-fc4d-4a98-08fb-d8e7d7f31656,8,1642022,1642081,1656569,1661737,14488,14547,59,0,0,0
1656589,ade07438-b8f4-c5d1-d0d4-ba5fe43dde13,8,1642022,1642081,1656589,1656010,14508,14567,59,0,0,0
1656668,e4bfaf39-125d-65fd-d731-d6ebf2352655,8,1642023,1642081,1656668,1660190,14587,14645,58,0,0,0
1661652,db895525-0fce-83cd-e417-fe84b7426ac9,8,1616590,1616590,1661652,1641634,45062,45062,0,0,0,0
1674395,90208366-74d7-5669-d11a-2e49ce7ac563,8,1669928,1669928,1674395,1676547,4467,4467,0,0,0,0
1676601,2c70d3d9-d4d5-1e25-f0aa-7a9736936fd0,8,1669619,1669619,1676601,1679424,6982,6982,0,0,0,0
1676758,ae98ac79-ba4e-c9ad-60be-a0d36fcc4bd6,8,1669720,1669720,1676758,1673606,7038,7038,0,0,0,0
1681050,922e169b-dbb7-ffc5-9ff5-6dae1f46317d,8,1635325,1635384,1681050,1679880,45666,45725,59,0,0,0
1693124,3bc3a901-7eb2-6731-2fc6-6673fb261992,8,1691088,1691088,1693124,1692781,2036,2036,0,0,0,0
1694509,ac15a3e2-b62e-491e-0f8c-8eefd34d2adc,8,1688849,1688849,1694509,1695119,5660,5660,0,0,0,0
1695406,6595597b-cc9d-df76-f632-8f110a103bb2,8,1694290,1694290,1695406,1695553,1116,1116,0,0,0,0
1697015,49255abc-2540-ca4a-e7b4-076a46001018,8,1668493,1668493,1697015,1706458,28522,28522,0,0,0,0
1698714,7ece0280-042f-d6f9-c638-1cb02dbfde84,8,1689425,1689425,1698714,1701734,9289,9289,0,0,0,0
1699218,a4ba7d64-a943-f88b-2f4a-761468a396fc,8,1689876,1689892,1699218,1699378,9326,9342,16,0,0,0
1701130,46cb2917-626d-eafa-bd4d-75c0bbd4437b,8,1699446,1699446,1701130,1701457,1684,1684,0,0,0,0
1702052,eb8a5707-aaba-9548-10d2-596e027d35b4,8,1698755,1698774,1702052,1702679,3278,3297,19,0,0,0
1703608,56513a60-ea7e-628d-51a0-045414564931,8,1699944,1699944,1703608,1704438,3664,3664,0,0,0,0
1706384,8c56a176-732c-4627-5358-39793cf7816e,8,1705000,1705000,1706384,1706196,1384,1384,0,0,0,0
1712291,673f940f-98c2-4bbb-2d74-2ac7ec7af8bb,8,1690983,1690983,1712291,1704884,21308,21308,0,0,0,0
1713870,ed2b3a9e-fdd8-1d0f-b5dc-0c0ee3456fc9,8,1684906,1684906,1713870,1714211,28964,28964,0,0,0,0
1713992,600494ff-2b1c-4594-ed34-d31fb8abbe50,8,1664763,1664763,1713992,1723117,49229,49229,0,0,0,0
1714877,367c876c-b3ed-b9b3-8f79-ae8ecc12069d,8,1672200,1672200,1714877,1697787,42677,42677,0,0,0,0
1717553,70a4d16c-9d82-db53-31ce-da2b483656fb,8,1702782,1702782,1717553,1713932,14771,14771,0,0,0,0
1718962,916c84eb-369e-4297-3770-c481b94967e4,8,1711647,1711647,1718962,1716102,7315,7315,0,0,0,0
1722513,b02eafe6-e8c1-7500-d956-81eb65807598,8,1687194,1687194,1722513,1708878,35319,35319,0,0,0,0
1742894,87876acd-a2d5-9a85-d85a-e11fe6d97788,8,1671192,1671192,1742894,1718906,71702,71702,0,0,0,0
1743924,0d98f784-45ea-9cf4-348b-19f67bc3c47e,8,1729642,1729642,1743924,1741715,14282,14282,0,0,0,0
1744059,f6361bed-5c4e-75a3-63a6-6609f2595fad,8,1729643,1729702,1744059,1741829,14357,14416,59,0,0,0
1744120,d305c1ae-82ca-e121-2026-da8b9fbd994a,8,1729643,1729702,1744120,1750999,14418,14477,59,0,0,0
1744129,226b8bd4-55ea-2cb9-63f9-20cbc5a4df44,8,1729642,1729642,1744129,1744839,14487,14487,0,0,0,0
1744122,d3ac1bf7-711c-a44b-1f1e-08090a5c262a,8,1729642,1729642,1744122,1740821,14480,14480,0,0,0,0
1744617,a6a50ff4-6b88-3397-0582-2f752d8b6108,8,1729792,1729792,1744617,1749387,14825,14825,0,0,0,0
1744643,1898fe69-e2ea-4d43-8e5a-aea32637fabc,8,1729792,1729792,1744643,1748948,14851,14851,0,0,0,0
1744659,11092304-38df-5403-e471-efac59bce82b,8,1729792,1729792,1744659,1739528,14867,14867,0,0,0,0
1744678,f5a2be71-eefc-bef2-c6e4-d726d09068a7,8,1729792,1729792,1744678,1741839,14886,14886,0,0,0,0
1744720,c0c371de-d548-e2dd-0d5a-5b542ab7751b,8,1729792,1729792,1744720,1746631,14928,14928,0,0,0,0
1756259,9e253f6c-6749-fe74-a479-e642b25050f4,8,1706779,1706779,1756259,1744016,49480,49480,0,0,0,0
1756645,54db444a-4fc8-b678-142e-5ff5ec5c80a0,8,1754963,1754975,1756645,1757320,1670,1682,12,0,0,0
1758861,3058fa22-9634-13ba-a096-f194705620a7,8,1754855,1754855,1758861,1757632,4006,4006,0,0,0,0
1758886,02d48550-a8b0-6a78-7122-1afc068ad35b,8,1754855,1754855,1758886,1760623,4031,4031,0,0,0,0
1758911,5f35d9f3-5a5d-b202-ac65-0fe67c351c35,8,1754855,1754855,1758911,1757883,4056,4056,0,0,0,0
1758931,8ab1ad93-0ea8-9557-0d96-39c9e1108410,8,1754337,1754337,1758931,1759690,4594,4594,0,0,0,0
1758979,487fec63-10a2-a70d-8c9e-30dd7059fe6c,8,1754856,1754915,1758979,1759379,4064,4123,59,0,0,0
1758947,33daf705-6243-049e-1e84-1a61d599eb52,8,1754856,1754915,1758947,1760223,4032,4091,59,0,0,0
1759855,8636ed97-7036-2e95-980f-1808f8b4b8c8,8,1711647,1711647,1759855,1779947,48208,48208,0,0,0,0
1761747,046188b2-5636-4e16-5f36-749acc02e629,8,1757869,1757869,1761747,1761305,3878,3878,0,0,0,0
1761775,fd32c920-b89a-45d4-ff5d-3e07036dda75,8,1757869,1757869,1761775,1763360,3906,3906,0,0,0,0
1761789,f05a1757-c2a2-60b4-90cd-7a7c457364a6,8,1757869,1757869,1761789,1762533,3920,3920,0,0,0,0
1761750,cd32ef88-edc7-07ed-0282-786c56a9a696,8,1757869,1757869,1761750,1760482,3881,3881,0,0,0,0
1761841,9ebef109-efbd-9c98-f92b-d4481ada8914,8,1757870,1757929,1761841,1760015,3912,3971,59,0,0,0
1764256,10aaeeb1-f367-f96a-fa0f-d3f876f831de,8,1762438,1762438,1764256,1763474,1818,1818,0,0,0,0
1764294,4d56af40-6af4-30b3-24e8-1d8321918ba0,8,1762439,1762498,1764294,1764404,1796,1855,59,0,0,0
1764340,d400f82d-31d6-26fd-d7bd-19a200418183,8,1762440,1762498,1764340,1764838,1842,1900,58,0,0,0
1764449,3a3ddbdf-50da-6274-7384-5caa6ef88033,8,1762439,1762498,1764449,1764128,1951,2010,59,0,0,0
1764449,80ab90b8-3f02-380d-2e34-9d8d31f1b6ec,8,1762439,1762498,1764449,1764932,1951,2010,59,0,0,0
1768677,9f1a7077-f82c-cd42-a9ef-531905572a24,8,1759183,1759183,1768677,1767232,9494,9494,0,0,0,0
1768876,f0f95657-3162-c152-aecb-87443ac410cc,8,1758557,1758557,1768876,1768500,10319,10319,0,0,0,0
1773639,021e8345-8ec6-7684-3f0c-7e4a7c2a29d4,8,1733813,1733871,1773639,1771559,39768,39826,58,0,0,0
1773781,5147f81c-c6cc-60a3-bda8-958a5f6a2847,8,1733811,1733811,1773781,1781229,39970,39970,0,0,0,0
1773918,561957fd-530d-2537-f1c5-020223afa774,8,1733813,1733871,1773918,1781293,40047,40105,58,0,0,0
1773944,60e5736d-fb6b-5d6d-9528-d18c3f5fb9e7,8,1733812,1733871,1773944,1772996,40073,40132,59,0,0,0
1774165,720c5e44-a894-dccd-2663-196522da0119,8,1733811,1733811,1774165,1762395,40354,40354,0,0,0,0
1775827,d735ca2a-52dc-036d-a2cc-ca3e3f2f1a1c,8,1771078,1771137,1775827,1775658,4690,4749,59,0,0,0
1778262,f0b2d9c0-1ced-73dd-ac42-df3eb375d09b,8,1771078,1771137,1778262,1780375,7125,7184,59,0,0,0
1778491,e1fb2a96-30a7-cf20-0006-944818d05bc5,8,1771080,1771137,1778491,1781640,7354,7411,57,0,0,0
1779488,8e0fe8d7-4dde-bfec-1889-e2112ec37446,8,1733563,1733613,1779488,1792021,45875,45925,50,0,0,0
1779534,246f9528-66cc-52f1-cb49-7e6e980b1b50,8,1733564,1733613,1779534,1794437,45921,45970,49,0,0,0
1779647,3a351908-8e37-f7b9-596e-718890e6c3ed,8,1733553,1733553,1779647,1757768,46094,46094,0,0,0,0
1779683,94b352dc-2dfb-196c-7fae-f1da66c080cf,8,1733554,1733613,1779683,1759460,46070,46129,59,0,0,0
1779785,ac8ade90-bdba-6a7b-bac1-4b64f87a4e5d,8,1733553,1733553,1779785,1763562,46232,46232,0,0,0,0
1782513,74a3950d-7070-4351-677d-cb35b19e2107,8,1775099,1775099,1782513,1779285,7414,7414,0,0,0,0
1788528,2a41c15c-de72-3b9b-b64c-30c7abb24a6a,8,1771077,1771077,1788528,1796165,17451,17451,0,0,0,0
1790258,b160db28-5a46-389d-6947-22266eb72bb2,8,1771078,1771137,1790258,1786934,19121,19180,59,0,0,0
1790284,26344a66-7a96-98c2-eea5-98f9495bfb6f,8,1771078,1771137,1790284,1793737,19147,19206,59,0,0,0
1794831,a3d2b101-6ebe-0406-721c-7f99d9bb17b5,8,1775008,1775008,1794831,1786469,19823,19823,0,0,0,0
1795101,b0dc36ab-6f5c-b81e-d059-4dbe1d2d227d,8,1704673,1704673,1795101,1761489,90428,90428,0,0,0,0
1795256,3906a2a9-63e3-c17a-5e6c-5cebd69472d5,8,1791737,1791796,1795256,1795823,3460,3519,59,0,0,0
1795405,6faa2983-2622-7180-82b9-9c7be41eb440,8,1791736,1791736,1795405,1795616,3669,3669,0,0,0,0
1795499,1501dbbc-ca10-4019-1abb-29dcccb5dd3d,8,1791737,1791796,1795499,1795499,3703,3762,59,0,0,0
1795563,86bfacc7-5df4-6dd5-b0c5-34b4b37dea2c,8,1781097,1781097,1795563,1796966,14466,14466,0,0,0,0
1795650,3bb77cfa-c36f-d9c4-e176-a48353cc8405,8,1781097,1781097,1795650,1802676,14553,14553,0,0,0,0
1795657,3143bd0e-52b8-dc8e-4923-656ae2fd3de4,8,1781098,1781157,1795657,1795112,14500,14559,59,0,0,0
1795657,d5b21bf1-c66a-87d0-e6cb-674e43a71e40,8,1781106,1781157,1795657,1793156,14500,14551,51,0,0,0
1795817,dd2a62a7-f61c-6fe9-32ec-81aaf42b0176,8,1781099,1781157,1795817,1791685,14660,14718,58,0,0,0
1796177,ddc8b5c2-d7b4-eea5-0b1f-d61dc2c1da39,8,1705673,1705673,1796177,1787893,90504,90504,0,0,0,0
1798395,a8caef85-7bd7-f5b0-0c4a-47492c6cb095,8,1791737,1791796,1798395,1799985,6599,6658,59,0,0,0
1798881,806f20d0-3e6b-65de-9702-929dc3608cc6,8,1794777,1794777,1798881,1799206,4104,4104,0,0,0,0
1799032,6f06ed50-216f-3715-d65c-1a0a0962cc56,8,1759234,1759243,1799032,1816500,39789,39798,9,0,0,0
1801387,cd7c207e-3de2-befd-eae3-0f4b86854b28,8,1796647,1796647,1801387,1802302,4740,4740,0,0,0,0
1805749,6aab28db-1e42-9668-a0f4-24117836fdba,8,1780067,1780067,1805749,1803182,25682,25682,0,0,0,0
1807592,35c5609c-e0ac-292e-4252-e73e54bfa7a4,8,1803021,1803021,1807592,1808289,4571,4571,0,0,0,0
1810298,39094dc6-bc10-1e62-8eec-c2cbb8355ffe,8,1791737,1791796,1810298,1812945,18502,18561,59,0,0,0
1810433,ff928ac3-3a90-db29-70f0-c832487b3bfc,8,1791769,1791796,1810433,1804421,18637,18664,27,0,0,0
1811337,4c1cbb45-b06e-bc9c-55e0-d06bed2ac32b,8,1783770,1783770,1811337,1817792,27567,27567,0,0,0,0
1818711,4268cfa7-6f9d-5564-669e-febb7c3a2e25,8,1791294,1791294,1818711,1819187,27417,27417,0,0,0,0
1818836,6ef1cb21-d1bd-203d-28b3-9bb7a04949ab,8,1791294,1791294,1818836,1817389,27542,27542,0,0,0,0
1818863,54ff7e4c-c2df-af6f-91bd-c21c9fff13d1,8,1791294,1791294,1818863,1824318,27569,27569,0,0,0,0
1818922,2d5488de-a3fc-c4cb-0ce9-d23d0ce0ddd2,8,1791294,1791294,1818922,1812674,27628,27628,0,0,0,0
1818980,224c42b2-6d0f-3b33-1a45-46a2190e5195,8,1791294,1791294,1818980,1823762,27686,27686,0,0,0,0
1823656,f258fad7-1c2a-7b24-651b-c6e428654259,8,1791368,1791425,1823656,1829098,32231,32288,57,0,0,0
1823715,adca248c-d705-2665-34f8-6bdd74a1847f,8,1791367,1791425,1823715,1813878,32290,32348,58,0,0,0
1823775,170dfdf1-6335-c6b7-6ba4-5237fd9fc808,8,1791365,1791365,1823775,1810777,32410,32410,0,0,0,0
1823791,9c887de3-055a-d48f-3558-91c3d172611b,8,1791367,1791425,1823791,1824678,32366,32424,58,0,0,0
1823861,6beb0aa5-2824-0bca-cd25-c551f0151972,8,1791367,1791425,1823861,1813591,32436,32494,58,0,0,0
1831453,dffe5691-cd41-9e43-81d8-f990ce1c4c84,8,1782588,1782588,1831453,1851841,48865,48865,0,0,0,0
1833980,ee47ba00-56dd-14df-3d4a-bc3cb908e8e1,8,1822975,1822975,1833980,1838902,11005,11005,0,0,0,0
1834001,ecef10fb-ea67-3147-af51-9026a6fa2813,8,1822976,1823035,1834001,1828518,10966,11025,59,0,0,0
1838140,6a63c6a9-3b6d-4b6e-0668-bd6b624307a2,8,1789273,1789322,1838140,1851683,48818,48867,49,0,0,0
1838241,48eec5a8-da79-15de-9200-e1eab2657984,8,1789262,1789262,1838241,1856849,48979,48979,0,0,0,0
1838299,7d8b85f7-43ea-d37b-cb22-dd328a360253,8,1789262,1789262,1838299,1837430,49037,49037,0,0,0,0
1838463,c9a03f87-ed54-8edb-29c0-4900c1fcc794,8,1789263,1789322,1838463,1827207,49141,49200,59,0,0,0
1839489,67931ab9-ac49-aa53-b9df-99ca495bb9b3,8,1835331,1835390,1839489,1840540,4099,4158,59,0,0,0
1839557,0ffa787b-e9d2-b271-c222-563d90f1edf8,8,1835330,1835330,1839557,1838638,4227,4227,0,0,0,0
1839641,6b12121a-8be1-4d07-3acb-981fa734db7b,8,1835331,1835390,1839641,1837976,4251,4310,59,0,0,0
1840112,c42ca275-d0a8-1cef-2530-4f467c7b789a,8,1835330,1835330,1840112,1838632,4782,4782,0,0,0,0
1840427,d9896731-cbea-7cc9-08c2-1b997a105b0d,8,1839481,1839481,1840427,1840111,946,946,0,0,0,0
1840889,ad4574d4-8b07-d558-3302-280b891a9bcd,8,1839675,1839721,1840889,1841215,1168,1214,46,0,0,0
1842009,6f32c404-172f-9c04-3def-8dcf0b191009,8,1839706,1839721,1842009,1841343,2288,2303,15,0,0,0
1843619,d6d9ff96-5a1c-47d4-e90f-97c071df3f59,8,1839300,1839300,1843619,1845385,4319,4319,0,0,0,0
1860032,fc261a31-5691-1e98-800b-137f8a9cf5cc,8,1850565,1850565,1860032,1859418,9467,9467,0,0,0,0
1863118,140234a1-f9ed-7f8b-e08d-b89f6174972f,8,1849589,1849646,1863118,1860452,13472,13529,57,0,0,0
1863241,458d5042-4961-0a59-d54a-f5d7d79b71a5,8,1849586,1849586,1863241,1856708,13655,13655,0,0,0,0
1864695,4c39b06e-8b5f-d4e5-3122-359a39aeada8,8,1860799,1860799,1864695,1864022,3896,3896,0,0,0,0
1864885,0a70e53c-a03f-6417-f6f4-af9b7e0a7c12,8,1860801,1860859,1864885,1866178,4026,4084,58,0,0,0
1864981,7a941d6c-de18-984d-d232-e1131b692f30,8,1860800,1860859,1864981,1863387,4122,4181,59,0,0,0
1865076,9bf5097c-8668-db07-2dc0-c33c95c9f1fe,8,1860799,1860799,1865076,1864016,4277,4277,0,0,0,0
1865083,0aa2d334-cd55-740c-77af-d188653107e3,8,1860800,1860859,1865083,1866258,4224,4283,59,0,0,0
1865819,9039a6ce-fbdc-b2c8-b7d4-3146370359d5,8,1861752,1861752,1865819,1867768,4067,4067,0,0,0,0
1871439,3f7f42da-adae-e6fc-1f07-72fe22dc7727,8,1857589,1857589,1871439,1865715,13850,13850,0,0,0,0
1872202,1dd2879d-ea67-8e49-d312-ce4bf78b90b1,8,1856409,1856409,1872202,1875393,15793,15793,0,0,0,0
1874429,6a3e1ac5-5cf5-88b3-4ca5-73f96c9f5188,8,1872999,1872999,1874429,1874363,1430,1430,0,0,0,0
1874499,ce477169-c84b-e083-face-a57b086d6fbb,8,1857589,1857589,1874499,1866810,16910,16910,0,0,0,0
1875436,eba0ce6b-0c7b-5f76-3365-cc2030dcf8c7,8,1874525,1874559,1875436,1875369,877,911,34,0,0,0
1875904,79575cf5-99af-a0f9-a26b-11999e6156a1,8,1874717,1874717,1875904,1875997,1187,1187,0,0,0,0
1876032,4aade55d-85db-b9a9-4179-f7b35b33cd2b,8,1871702,1871702,1876032,1874055,4330,4330,0,0,0,0
1876821,06b8f092-8515-985f-e884-aa8353891467,8,1874638,1874638,1876821,1876429,2183,2183,0,0,0,0
1879664,969b62c2-e903-6f51-d4d5-0e9d8ae392cd,8,1860800,1860859,1879664,1880369,18805,18864,59,0,0,0
1879734,d3ad13e4-ffdf-194d-d9ee-454e1533a36b,8,1860800,1860859,1879734,1881718,18875,18934,59,0,0,0
1880728,d1125d59-57bd-a882-f363-19e2a06f3903,8,1857591,1857649,1880728,1889112,23079,23137,58,0,0,0
1881523,54b69482-f903-81e5-fa86-80ddae6773af,8,1872065,1872065,1881523,1883431,9458,9458,0,0,0,0
1881608,d3705ef8-2666-f8d1-f3c9-97dbc400ba3c,8,1876914,1876914,1881608,1880154,4694,4694,0,0,0,0
1885724,7ed17acd-c855-7e96-6ba8-d736a329a76f,8,1701774,1701774,1885724,1892579,183950,183950,0,0,0,0
1885842,4e5b2424-385c-9e81-8aca-c467ecba5167,8,1885006,1885048,1885842,1885735,794,836,42,0,0,0
1886211,61f3be26-8fc7-f55c-5041-db802e2aee73,8,1885007,1885048,1886211,1886379,1163,1204,41,0,0,0
1886513,6d27cda9-34a0-7a6e-8f7f-2b7e7e9cbd14,8,1884989,1885048,1886513,1886338,1465,1524,59,0,0,0
1886960,0ae5f9ad-d193-ef51-09fc-5c3ef60ef290,8,1857590,1857649,1886960,1901359,29311,29370,59,0,0,0
1887649,ee75c353-f122-25d3-2ed4-889b9309794d,8,1885005,1885048,1887649,1888693,2601,2644,43,0,0,0
1888478,3dd0d038-da97-8786-9255-e9022a689142,8,1885003,1885048,1888478,1886821,3430,3475,45,0,0,0
1888794,8de1470b-51ce-05f1-d1b5-6c9a2409bf27,8,1704597,1704597,1888794,1968148,184197,184197,0,0,0,0
1889116,ce9102f2-ee98-0ecf-536b-00cd6fe3b95a,8,1884993,1885048,1889116,1888469,4068,4123,55,0,0,0
1889275,dd6d9196-a728-4889-eea6-40134b15964d,8,1885004,1885048,1889275,1887215,4227,4271,44,0,0,0
1889993,2f11f76f-e88c-1fc4-b7c1-3c6589bb80f7,8,1885008,1885048,1889993,1890278,4945,4985,40,0,0,0
1890169,3f7c5f19-f318-6370-7fe5-8ce6886fdebc,8,1876758,1876758,1890169,1893712,13411,13411,0,0,0,0
1898579,238d09b2-a970-e556-d260-62cd314bbef8,8,1884994,1885048,1898579,1892663,13531,13585,54,0,0,0
1898677,5214c4d0-95ac-64cc-9f35-b111f551de2b,8,1885013,1885048,1898677,1902463,13629,13664,35,0,0,0
1902556,0d2a26b2-79d8-6d23-4fe4-5ad21122439d,8,1884995,1885048,1902556,1901527,17508,17561,53,0,0,0
1903613,72d13031-fd1d-f5a4-c905-ef90998a75dd,8,1884988,1884988,1903613,1907189,18625,18625,0,0,0,0
1904240,555c9462-1a78-e2d7-c8c4-1fae53fe9e4e,8,1884988,1884988,1904240,1913460,19252,19252,0,0,0,0
1904251,e869d312-8bb7-85da-1c97-19143e60242b,8,1885003,1885048,1904251,1912265,19203,19248,45,0,0,0
1904406,9dbf9e57-a3cc-e8b4-326c-f0652ca2ad11,8,1885016,1885048,1904406,1910520,19358,19390,32,0,0,0
1906143,40e8f94d-5157-52ad-0f77-bbb60fe506a7,8,1884990,1885048,1906143,1897571,21095,21153,58,0,0,0
1907481,e1677795-64f9-56ba-c041-3b0c82ee00c4,8,1885016,1885048,1907481,1910327,22433,22465,32,0,0,0
1908556,11538be1-50ea-a4be-1e19-fd8528a56ddc,8,1885011,1885048,1908556,1896863,23508,23545,37,0,0,0
1908769,970e8338-82ca-d196-beb3-53a14394d833,8,1884989,1885048,1908769,1917986,23721,23780,59,0,0,0
1909048,7bd7bbd2-22e5-8336-f164-28eeadf7e749,8,1885000,1885048,1909048,1911960,24000,24048,48,0,0,0
1909426,1d83f40b-e42b-97b5-792d-35d4cd70ed21,8,1885000,1885048,1909426,1898101,24378,24426,48,0,0,0
1909982,9741389c-13a2-2651-9012-4c6aaf50eb84,8,1885002,1885048,1909982,1898591,24934,24980,46,0,0,0
1912589,2163d059-a9b4-9c8d-4f00-8b221dbb86c8,8,1884988,1884988,1912589,1908341,27601,27601,0,0,0,0
1924663,0595138b-6e7b-0b3e-a4dc-f755626d3576,8,1859619,1859619,1924663,1946936,65044,65044,0,0,0,0
1927156,342686c6-0690-cc65-d633-17eccc946300,1,1885736,1885784,1927156,1938838,41372,41420,48,0,0,0
1945170,66d29dd4-6fc9-70f1-b2c7-59b9ea0659c6,8,1943813,1943813,1945170,1944563,1357,1357,0,0,0,0
1946089,a71bf1bd-3bb5-e21d-0d87-bf1e0ccfed6e,8,1944459,1944459,1946089,1946364,1630,1630,0,0,0,0
1946715,a470c293-50bf-179c-6e4a-e46abe4f9916,1,1880795,1880795,1946715,1918988,65920,65920,0,0,0,0
1949334,ae990cf9-debe-f30e-c7a2-3fd9772e6680,8,1947763,1947763,1949334,1949853,1571,1571,0,0,0,0
1950113,2b8a6340-dbdc-d38c-0581-f43ae7b30057,8,1947114,1947114,1950113,1949297,2999,2999,0,0,0,0
1953052,2f01bb8e-4890-f6a4-0852-19c8400c0fa7,8,1952149,1952149,1953052,1952753,903,903,0,0,0,0
1953073,a026d7b9-a5cc-7276-2548-debef3ca8d97,8,1952149,1952149,1953073,1952833,924,924,0,0,0,0
1953081,51dadd61-33d7-a9ac-317f-d7b8d00206a3,8,1952149,1952149,1953081,1953266,932,932,0,0,0,0
1953074,9b0c4940-a88f-6c8b-78b7-35c78a7c1384,8,1952149,1952149,1953074,1953348,925,925,0,0,0,0
1953062,4d741278-a84b-69d7-858e-54ad39cc53a0,8,1952149,1952149,1953062,1952957,913,913,0,0,0,0
1954034,bea195e3-d6e5-a9cd-9d45-05e4be9961b0,8,1951588,1951588,1954034,1954443,2446,2446,0,0,0,0
1955211,eee23864-5195-395f-14d0-82318e944685,8,1953666,1953666,1955211,1955165,1545,1545,0,0,0,0
1955413,f98e5faa-7129-028d-abe1-f0d8ec582762,8,1950921,1950921,1955413,1954945,4492,4492,0,0,0,0
1956283,5012e1f0-d9d0-71d2-fa0b-d4b4b0136945,8,1950361,1950361,1956283,1958450,5922,5922,0,0,0,0
1961345,02a996e0-845f-88ac-f264-d70a6e93aa6f,8,1853623,1853623,1961345,1913397,107722,107722,0,0,0,0
2013820,54dd56b3-eecf-a6d1-c3dd-50f6c7014f62,8,2001974,2001974,2013820,2016993,11846,11846,0,0,0,0
2045593,45cd4a2f-20ff-56b1-2ef7-ceccf5d4745b,4,2010012,2010067,2045593,2062854,35526,35581,55,0,0,0
2046372,653d3fcb-5db5-c3f6-3b78-456939fc62ee,4,2010014,2010067,2046372,2048992,36305,36358,53,0,0,0
2052178,446f41f0-84b2-6961-776c-65cd34941ef8,4,2010007,2010007,2052178,2068758,42171,42171,0,0,0,0
2056223,d22ad770-9285-6268-25fe-d72cffab4b56,4,2010008,2010067,2056223,2045500,46156,46215,59,0,0,0
2056376,24c5e9ab-2db8-074b-679d-071d6e58947b,4,2010009,2010067,2056376,2069736,46309,46367,58,0,0,0
2058801,c818ab72-aea3-1181-37a9-9592d67a6b6f,8,1951372,1951388,2058801,2042941,107413,107429,16,0,0,0
2060711,5d6cc085-9293-b9ee-78c9-4a85af6ca0bd,4,2010013,2010067,2060711,2076548,50644,50698,54,0,0,0
2064228,2b2165a7-d4f5-3d8e-8d93-8aad8bdc6241,4,2010008,2010067,2064228,2078310,54161,54220,59,0,0,0
2064461,91a92d1c-24c2-b86a-0182-d5e41a146704,4,2010015,2010067,2064461,2052906,54394,54446,52,0,0,0
2064544,6ad733bb-9eb0-7517-1d0d-d78aedb037ba,4,2010008,2010067,2064544,2043328,54477,54536,59,0,0,0
2066956,6f8774d6-2977-6d3f-fa83-6458fed14a2d,4,2010007,2010007,2066956,2056733,56949,56949,0,0,0,0
2097562,984d6ce6-cffc-52ab-64c6-67e7f6d645c5,8,2093459,2093459,2097562,2098481,4103,4103,0,0,0,0
2097607,f92727db-9028-30f2-ab16-fd8fb0897025,8,2093460,2093519,2097607,2097993,4088,4147,59,0,0,0
2097636,4596a56a-b6ec-49de-7a12-74b923546c81,8,2093460,2093519,2097636,2096188,4117,4176,59,0,0,0
2097642,ca43d8ca-7197-7153-4074-51d33b36fda8,8,2093461,2093519,2097642,2099088,4123,4181,58,0,0,0
2097719,1651b50b-2448-5b05-a09b-7e46f7cbc0b4,8,2093460,2093519,2097719,2099223,4200,4259,59,0,0,0
2097703,6b444e2e-e469-ee4e-d63e-a949d603ed0b,8,2093460,2093519,2097703,2096723,4184,4243,59,0,0,0
2097797,0450f4c2-5777-3094-a9e6-bcd581f0571e,8,2093566,2093579,2097797,2096854,4218,4231,13,0,0,0
2097812,d1b94526-22ef-faa3-e3b0-d2a9f402cacd,8,2093565,2093579,2097812,2099142,4233,4247,14,0,0,0
2097847,2f538aae-bebb-3961-6ac2-4c11f5e5b7a2,8,2093566,2093579,2097847,2099281,4268,4281,13,0,0,0
2098049,f8bedffd-9f5a-d5a6-9fe8-afc70438e676,8,2093565,2093579,2098049,2099328,4470,4484,14,0,0,0
2098253,4694605f-48ef-6305-5dc3-e10188d48e51,8,2093566,2093579,2098253,2099603,4674,4687,13,0,0,0
2101881,48ba840b-53ef-dad2-3372-2b2865ba309a,8,2079708,2079708,2101881,2106457,22173,22173,0,0,0,0
2105679,abbcad01-f4a5-02d1-f971-da3b17130cc4,8,2079751,2079768,2105679,2115664,25911,25928,17,0,0,0
2106953,8e3de159-73fe-f59b-b35e-7337c67542b6,8,2100156,2100164,2106953,2105272,6789,6797,8,0,0,0
2109715,a8be954f-dce6-293e-e8c7-bdd7adabe067,1,2094481,2094481,2109715,2110223,15234,15234,0,0,0,0
2111489,949c9e1a-bee6-32f3-f80a-9cdee198deed,8,2099333,2099333,2111489,2106275,12156,12156,0,0,0,0
2111709,e0bd6573-8fbc-ea4d-887c-a18f19f36dd5,8,2079452,2079511,2111709,2110073,32198,32257,59,0,0,0
2111828,08ac88fd-ad39-dcc2-5449-cc2e1d4f3938,8,2079451,2079451,2111828,2117957,32377,32377,0,0,0,0
2111883,691772b7-58aa-73f2-0e88-84cdd2c1911b,8,2079452,2079511,2111883,2116775,32372,32431,59,0,0,0
2111943,bca3288d-7fef-5649-11b7-71744a29afad,8,2079451,2079451,2111943,2097869,32492,32492,0,0,0,0
2112010,6f11b5b2-09c6-f153-9cc7-8704f3e5be52,8,2079452,2079511,2112010,2105493,32499,32558,59,0,0,0
2113174,d26e045e-657c-b9fe-5931-3d4d142ed4c5,8,2079593,2079593,2113174,2124036,33581,33581,0,0,0,0
2114126,e72f3acb-a16c-b5eb-874a-abc61e9c4a25,8,1600591,1600591,2114126,2182628,513535,513535,0,0,0,0
2129637,a7e91fee-c92d-9929-55e0-f913268e1070,8,1842662,1842662,2129637,2064321,286975,286975,0,0,0,0
2131080,cfde1ff8-6212-8152-9d96-36c7d582b38d,4,2089424,2089477,2131080,2113547,41603,41656,53,0,0,0
2132655,18ddd0ec-3161-0d58-7580-2785bab619b7,4,2089417,2089417,2132655,2138586,43238,43238,0,0,0,0
2143096,cd6a227b-6855-022d-8a35-c6b2f6311f57,4,2089417,2089417,2143096,2154043,53679,53679,0,0,0,0
2145610,5caba07f-a823-ae8f-048a-7b42134f1a1e,4,2089424,2089477,2145610,2156003,56133,56186,53,0,0,0
2146049,09bc46ae-7d30-b51c-c351-714ece48294e,4,2089417,2089417,2146049,2124375,56632,56632,0,0,0,0
2150282,5ebb6735-4096-2535-fba6-666c245b8b37,8,2146059,2146109,2150282,2149128,4173,4223,50,0,0,0
2152060,21db6de0-13ce-9b17-735f-11e9b3d620b8,8,2124618,2124618,2152060,2145092,27442,27442,0,0,0,0
2152180,ac908d2f-966c-b6f7-1892-a5dded7d7aaf,8,2124618,2124618,2152180,2161950,27562,27562,0,0,0,0
2152197,8753ce2e-c6dc-9cbe-d031-41a249abf564,8,2124618,2124618,2152197,2154474,27579,27579,0,0,0,0
2152264,40864941-eed4-6d81-af1d-de8b758f8e50,8,2124618,2124618,2152264,2144092,27646,27646,0,0,0,0
2152473,fb14a814-4ab4-64c3-b55e-85b308c6614c,8,2124618,2124618,2152473,2146747,27855,27855,0,0,0,0
2152577,c5d3c0d7-9e77-4063-98b4-1588501801cc,8,2148483,2148542,2152577,2151049,4035,4094,59,0,0,0
2152655,a1220d0f-1690-f830-6b5b-29a8ef848004,8,2148484,2148542,2152655,2151423,4113,4171,58,0,0,0
2152694,cec308ac-8980-3c04-5737-d05e0d42b0f6,8,2148482,2148482,2152694,2153578,4212,4212,0,0,0,0
2152669,628c4362-8656-2106-5f6c-66ea1b2104af,8,2148482,2148482,2152669,2154202,4187,4187,0,0,0,0
2152683,48280c5f-bbd3-b56a-e2fc-ec9fe892cb44,8,2148483,2148542,2152683,2153287,4141,4200,59,0,0,0
2152708,26bbfb66-17f7-70f0-49dc-757e1d78c7c7,8,2148483,2148542,2152708,2150867,4166,4225,59,0,0,0
2152668,dd839d94-bc11-fe6d-8657-52d85849b91a,8,2148483,2148542,2152668,2154597,4126,4185,59,0,0,0
2152674,05bb6080-bdb2-4e71-0a9f-53ab4e4592ea,8,2148485,2148542,2152674,2154465,4132,4189,57,0,0,0
2152815,94dd71ed-1d73-6c6d-e230-b9df4359c3bf,8,2148483,2148542,2152815,2152441,4273,4332,59,0,0,0
2152831,cdafbd48-3d6d-194f-d1e9-53c8cc10d7f1,8,2148482,2148482,2152831,2153756,4349,4349,0,0,0,0
2156712,c68b6e64-7b49-d369-dced-012ee380efea,4,2089417,2089417,2156712,2183062,67295,67295,0,0,0,0
2156736,7fb7f269-19ad-6aa3-601e-df98548fac8c,4,2089417,2089417,2156736,2133017,67319,67319,0,0,0,0
2186508,076d50f5-fab1-a4cf-6bf5-a7f2af4cb18c,4,2089417,2089417,2186508,2221622,97091,97091,0,0,0,0
2190603,b7426edd-f8bd-eac6-5fed-7221ebcd63b3,4,2186913,2186972,2190603,2189745,3631,3690,59,0,0,0
2190622,091cabe5-f9d9-1cb2-7948-9a7ee67b476a,4,2186913,2186972,2190622,2189510,3650,3709,59,0,0,0
2190683,1f2c6a70-95dd-e9fd-1592-24d03b806ef1,4,2186912,2186912,2190683,2192249,3771,3771,0,0,0,0
2190801,d549aab0-6a20-7a17-737f-43e8870a3a33,4,2186913,2186972,2190801,2189217,3829,3888,59,0,0,0
2191028,e34535a4-bb64-287b-9034-4090b322ba91,4,2186912,2186912,2191028,2188991,4116,4116,0,0,0,0
2191416,914073d8-447b-68d0-5978-941f92b0c4c7,4,2186148,2186191,2191416,2193033,5225,5268,43,0,0,0
2191786,d0cb172e-c5e7-3f91-c246-34e59b900ed0,4,2186149,2186191,2191786,2193255,5595,5637,42,0,0,0
2191821,61d19b52-e19e-817b-c0d2-3e9dcf4d2143,4,2186149,2186191,2191821,2190447,5630,5672,42,0,0,0
2192343,8a83f25a-311c-20d6-bcea-4b9b21e171c8,4,2186148,2186191,2192343,2189696,6152,6195,43,0,0,0
2192531,f8aa86db-9935-759f-9b11-0ca207c3f441,4,2186149,2186191,2192531,2193729,6340,6382,42,0,0,0
2200923,93c10f37-d052-1ecd-c23a-4034c6071229,8,2181905,2181905,2200923,2206416,19018,19018,0,0,0,0
2201836,cc2dd3c5-cd2d-1f3e-f4eb-645b7ddb0c24,1,2193800,2193800,2201836,2199829,8036,8036,0,0,0,0
2201910,8db52395-3431-0812-bb05-35b8f62e6476,1,2193801,2193860,2201910,2202260,8050,8109,59,0,0,0
2203194,6a8a2a4a-5d2c-0ba0-d196-7559eb9b21a1,1,2193802,2193860,2203194,2201695,9334,9392,58,0,0,0
2203232,889a3a96-7056-fe37-7155-19e368527344,1,2193800,2193800,2203232,2200825,9432,9432,0,0,0,0
2203209,01afbbb1-d5ee-9464-3250-49e0ccc3277c,1,2193801,2193860,2203209,2203624,9349,9408,59,0,0,0
2206326,28c37c5e-dd08-b84d-e66b-2b38ed0391cd,8,2203544,2203544,2206326,2205887,2782,2782,0,0,0,0
2209952,db2d62ea-efbb-6956-678f-1fec24ae0c1d,8,2207188,2207188,2209952,2209579,2764,2764,0,0,0,0
2214272,8a12d261-0d2f-64a9-32fd-26cfd37410c5,8,2211201,2211201,2214272,2213779,3071,3071,0,0,0,0
2214624,60c7e78f-74c5-f38f-95f2-2749b0d69cd2,8,2092769,2092769,2214624,2209949,121855,121855,0,0,0,0
2215436,d961adc3-10a7-16cd-a843-35cdfd86f705,8,2212363,2212363,2215436,2214071,3073,3073,0,0,0,0
2216027,af56b50c-80fc-de83-4abf-977905c674db,8,2093543,2093579,2216027,2238213,122448,122484,36,0,0,0
2216738,ae37674f-c898-fff5-132d-0a5a3653856e,8,2183011,2183011,2216738,2216923,33727,33727,0,0,0,0
2218172,4dfb95bb-3573-ec42-e5e8-6a7a93f825c2,8,2215035,2215035,2218172,2217441,3137,3137,0,0,0,0
2221717,f984aa7d-e896-5288-dd70-0abb1b6b71b8,1,2094917,2094917,2221717,2179822,126800,126800,0,0,0,0
2222735,bc17aedb-39a2-4058-e881-e2c8959c8a7c,8,2219824,2219824,2222735,2222086,2911,2911,0,0,0,0
2224891,aa58feda-b960-cb74-e32f-be6b7dd2ab19,8,2183734,2183734,2224891,2235482,41157,41157,0,0,0,0
2226822,67f106e7-8881-d87e-8eff-82eb431b1d4f,8,2222366,2222366,2226822,2228699,4456,4456,0,0,0,0
2226907,caf959aa-bb18-5d4a-156f-3a5db2060fb1,8,2222366,2222366,2226907,2229144,4541,4541,0,0,0,0
2226966,c5589cc7-b144-417d-3275-9085b04e9f00,8,2222366,2222366,2226966,2229094,4600,4600,0,0,0,0
2226955,0eeff43e-1241-e40a-763e-290ee92ca0df,8,2222367,2222426,2226955,2226528,4529,4588,59,0,0,0
2226992,c4afee94-8558-c0e2-816b-122ddc952f82,8,2222366,2222366,2226992,2225518,4626,4626,0,0,0,0
2227070,c14b09d4-f67b-2b50-7753-c4eeff19c621,8,2222368,2222426,2227070,2226036,4644,4702,58,0,0,0
2231068,e92ab319-5bff-8c46-4963-45cd1f302f02,8,2223589,2223589,2231068,2231922,7479,7479,0,0,0,0
2234379,652fa661-f6b3-8c33-2c56-c894cd8fa84f,8,2231388,2231388,2234379,2235271,2991,2991,0,0,0,0
2236407,20b70dda-f45c-7bd1-925b-f1461bf131bb,8,2149828,2149828,2236407,2248388,86579,86579,0,0,0,0
2236488,8eabe1fd-945f-3ce4-bcee-abed0702bff2,8,2233705,2233705,2236488,2237480,2783,2783,0,0,0,0
2237175,6b267371-5b26-e5b8-230d-56d15d274d4f,4,2223772,2223772,2237175,2238946,13403,13403,0,0,0,0
2237237,e4a4a490-108a-dc52-45e0-c76ca547232d,4,2223773,2223832,2237237,2238912,13405,13464,59,0,0,0
2239360,acf647e5-8d39-83b5-e67e-5ed37fbc8b9d,4,2223774,2223832,2239360,2233730,15528,15586,58,0,0,0
2239498,00772049-4130-50cf-6855-43f5303ac1e0,4,2223774,2223832,2239498,2234849,15666,15724,58,0,0,0
2239644,ab4f2c5b-d193-21f1-be06-36e3e3e94379,4,2223774,2223832,2239644,2233860,15812,15870,58,0,0,0
2241452,adf7ff82-cb12-3253-5a41-b422b33c514d,4,2222447,2222486,2241452,2241037,18966,19005,39,0,0,0
2247489,823da9af-571e-80bd-5b89-6d966201f0ac,4,2224481,2224539,2247489,2241360,22950,23008,58,0,0,0
2247538,712d5b03-c23d-bf55-6946-3b4aa3f864ba,4,2224480,2224539,2247538,2254492,22999,23058,59,0,0,0
2248311,e2e590fe-8294-4168-c856-359b869c5f97,8,2233802,2233802,2248311,2249018,14509,14509,0,0,0,0
2248394,655fe95f-5a21-1411-d5a4-cdaa8f5468e5,8,2233803,2233862,2248394,2250189,14532,14591,59,0,0,0
2248402,f463c0fa-51e6-79d3-de14-30d7d9f9bf16,8,2233806,2233862,2248402,2248966,14540,14596,56,0,0,0
2248472,ca95dc3b-d0ce-eae3-0c73-e1a84c7e1b16,8,2233803,2233862,2248472,2251621,14610,14669,59,0,0,0
2248510,7b09757d-c003-457a-0030-11523af912c4,8,2233804,2233862,2248510,2252747,14648,14706,58,0,0,0
2250593,59c88514-1da9-a45c-bfac-69ec3d2f41bc,4,2224479,2224479,2250593,2258470,26114,26114,0,0,0,0
2251036,a676dc48-c8ea-44d8-2a0e-88f445c751af,4,2224479,2224479,2251036,2256981,26557,26557,0,0,0,0
2251865,8ef6f5f5-ed4b-df57-a658-4681ba8aa5d9,4,2224480,2224539,2251865,2264285,27326,27385,59,0,0,0
2251914,3dabb376-c545-b206-3ddb-5192e03a6cda,8,2184543,2184559,2251914,2257373,67355,67371,16,0,0,0
2259472,1bf9b608-e078-107f-b41d-fad355de5699,4,2222447,2222486,2259472,2261973,36986,37025,39,0,0,0
2261365,bb1113e3-f0c6-25fc-0325-2bdcb5b92c65,8,2234122,2234122,2261365,2260345,27243,27243,0,0,0,0
2261523,e3871417-73e5-dc0b-ce62-fa09190fe912,8,2234225,2234242,2261523,2273006,27281,27298,17,0,0,0
2261675,cb38a2f4-52a6-f47a-4a9e-9e6f33630786,8,2234122,2234122,2261675,2254352,27553,27553,0,0,0,0
2261689,8788bdfa-8089-6774-5cd0-3f260d1e57f6,8,2234123,2234182,2261689,2257340,27507,27566,59,0,0,0
2261686,22fed722-27d7-2031-fedd-4ac440ea4115,8,2234225,2234242,2261686,2260317,27444,27461,17,0,0,0
2261763,854db45f-b006-232f-6400-082c968c7a7c,8,2234123,2234182,2261763,2251815,27581,27640,59,0,0,0
2261789,9dcf6e0a-e3ea-39d1-f416-bfb7cec25562,8,2234226,2234242,2261789,2267721,27547,27563,16,0,0,0
2261832,6a1f7f97-bc97-b464-8af7-31667e2f718e,8,2234224,2234242,2261832,2255735,27590,27608,18,0,0,0
2261834,fa634aac-ac9c-a0de-4d38-ad2cf6487a5c,8,2234228,2234242,2261834,2263309,27592,27606,14,0,0,0
2261833,a6e9b3fb-33c6-5af0-cff7-2fcbe8257c5f,4,2222447,2222486,2261833,2259876,39347,39386,39,0,0,0
2261925,2e865d50-86ec-e471-96fa-f49ddc8a12a7,4,2223056,2223115,2261925,2263107,38810,38869,59,0,0,0
2261948,7cb70a85-7aad-793e-26a0-5e9db637cfae,4,2222448,2222486,2261948,2256139,39462,39500,38,0,0,0
2261979,6aaf7dad-3d8a-b409-8050-a1bdf90135ac,4,2223055,2223055,2261979,2244113,38924,38924,0,0,0,0
2262049,e6b9849a-878b-011f-b33a-5ba2dc95c07a,4,2223057,2223115,2262049,2250535,38934,38992,58,0,0,0
2262090,429df6a1-ba23-590e-d361-6a9e7b9c007c,8,2234123,2234182,2262090,2273629,27908,27967,59,0,0,0
2262193,3a1927cd-88b0-157e-e1ec-294455a54a4a,4,2223057,2223115,2262193,2246446,39078,39136,58,0,0,0
2264099,d7be2dac-acf7-e08a-1e83-723ce401d4d2,4,2223057,2223115,2264099,2267320,40984,41042,58,0,0,0
2266504,d081fc1d-4451-b57e-4701-22d841fc1292,4,2222448,2222486,2266504,2257671,44018,44056,38,0,0,0
2269733,eb42a8c9-63fb-28fc-92c6-9354580c0582,8,2265803,2265810,2269733,2268588,3923,3930,7,0,0,0
2269784,c0f61b24-3934-54d1-4084-c72d7ee8f72e,8,2265733,2265750,2269784,2269903,4034,4051,17,0,0,0
2269756,bf761225-e657-dc72-bde4-48bbb3356d8d,8,2265734,2265750,2269756,2268910,4006,4022,16,0,0,0
2269782,70e4d888-0952-c8c8-0cb5-ce532a4c01f4,8,2265735,2265750,2269782,2271008,4032,4047,15,0,0,0
2269761,e83af7ef-ab76-f06a-44b6-49d01e778690,8,2265803,2265810,2269761,2268921,3951,3958,7,0,0,0
2269811,f17ff4d8-cd02-69b7-1147-a17d71e3b64b,8,2265806,2265810,2269811,2270523,4001,4005,4,0,0,0
2269898,ecea4144-efc7-9baa-60e7-46a862ffe3e7,8,2265734,2265750,2269898,2271166,4148,4164,16,0,0,0
2269881,4415a38f-d1bc-fb2b-e7f2-bb2c6baa9211,8,2265735,2265750,2269881,2271865,4131,4146,15,0,0,0
2269964,904e30f1-d628-5ca5-b846-bf20561ffb69,8,2265733,2265750,2269964,2267913,4214,4231,17,0,0,0
2269970,22af032a-dd58-ba80-cd21-b396cac4863d,8,2265734,2265750,2269970,2269363,4220,4236,16,0,0,0
2269944,d7767313-8829-a9c2-34d0-82bce71a5759,8,2265803,2265810,2269944,2271552,4134,4141,7,0,0,0
2270020,9c5e2c2b-f403-fe63-1710-06856850a579,8,2265734,2265750,2270020,2271176,4270,4286,16,0,0,0
2269979,c5d68edf-22a2-7798-11c1-ae8202e2ef68,8,2265735,2265750,2269979,2270294,4229,4244,15,0,0,0
2270024,ab8a2e8e-cd83-6844-1ddf-f7fd9c03699f,8,2265802,2265810,2270024,2269637,4214,4222,8,0,0,0
2269989,830fc407-d52b-b10c-895a-78c79dff9267,8,2265802,2265810,2269989,2268280,4179,4187,8,0,0,0
2270086,28c0df38-d109-24d2-10bf-8cc3989d23b3,8,2265735,2265750,2270086,2271120,4336,4351,15,0,0,0
2270078,f63420b3-f348-1478-7034-c67b27c0b8d9,8,2265740,2265750,2270078,2269252,4328,4338,10,0,0,0
2270145,e0561a93-79e8-5b50-d11b-f383832b0f8b,8,2265800,2265810,2270145,2271501,4335,4345,10,0,0,0
2270143,8ab930d2-4cdc-3b9a-52f4-af9702644899,8,2265801,2265810,2270143,2271350,4333,4342,9,0,0,0
2270118,0d414ccf-5bb0-a015-60da-c202e9b4cde5,8,2265802,2265810,2270118,2268715,4308,4316,8,0,0,0
2270112,a8ab7495-e387-5beb-da02-9afc25e3f892,8,2265802,2265810,2270112,2269299,4302,4310,8,0,0,0
2270242,6f792a91-95db-b3ba-9e07-820a7017aa8b,8,2265804,2265810,2270242,2271670,4432,4438,6,0,0,0
2272898,506b97e4-091f-323f-a93a-26d460f68115,8,2244828,2244887,2272898,2272133,28011,28070,59,0,0,0
2273025,e05076d5-88d3-4613-76c5-c5e130d51c8b,8,2244827,2244827,2273025,2281873,28198,28198,0,0,0,0
2273079,baddaf6c-c58c-d7b2-c11c-75e0ea37966b,8,2244827,2244827,2273079,2267279,28252,28252,0,0,0,0
2273091,821dadce-3559-5fdf-69e0-5ebd5dfdc4cd,8,2244828,2244887,2273091,2263384,28204,28263,59,0,0,0
2273233,1289093b-752c-b91c-ecf6-7bcdff6f10e2,8,2244827,2244827,2273233,2265886,28406,28406,0,0,0,0
2273243,282797fb-9e60-3d8d-98a8-f810e05f6854,8,2264759,2264759,2273243,2276224,8484,8484,0,0,0,0
2273305,60a6f4da-bc83-327c-206c-428d1b1a4bd7,8,2264759,2264759,2273305,2276230,8546,8546,0,0,0,0
2273339,68494df2-4c7e-d3ac-1a74-bab661c881b6,8,2264759,2264759,2273339,2277151,8580,8580,0,0,0,0
2273380,9fb0ab0d-8f06-7ab6-d742-772afcf7ef7c,8,2264760,2264819,2273380,2272272,8561,8620,59,0,0,0
2274101,99194ae3-10fa-be47-591b-f6e1adaaa339,8,2264761,2264819,2274101,2269451,9282,9340,752,1,0,0
2274246,4dc4341f-0917-1e43-2ff5-a8cc3d27d09c,8,2265690,2265690,2274246,2270025,8556,8556,0,0,0,0
2274248,a081f555-979a-cc69-15bb-ff19c7be2d69,8,2265690,2265690,2274248,2272106,8558,8558,0,0,0,0
2274288,68619d1b-046c-1f72-20c7-cf491ce982af,8,2265691,2265750,2274288,2272085,8538,8597,59,0,0,0
2274300,ca9e39ee-e223-731a-221c-52593ff9de89,8,2265691,2265750,2274300,2274006,8550,8609,59,0,0,0
2274353,2f652492-e379-3df6-1b63-4434a380f89c,8,2265691,2265750,2274353,2274367,8603,8662,59,0,0,0
2274613,bb480db3-49fa-9ada-24b3-0a5deff0c8c6,8,2248346,2248371,2274613,2268380,26242,26267,25,0,0,0
2274821,5c279375-9b98-882f-79ca-245e82ea1277,8,2248347,2248371,2274821,2271694,26450,26474,24,0,0,0
2274918,8c31d850-ee4e-8cf1-5406-cfd13474d315,8,2248346,2248371,2274918,2274060,26547,26572,25,0,0,0
2274931,296bc878-b3e8-86bf-1425-8378d2cb0fa8,8,2248346,2248371,2274931,2285382,26560,26585,25,0,0,0
2274933,c9a795f9-3633-cf81-d287-1f0d1a2d4ebc,8,2248346,2248371,2274933,2264297,26562,26587,25,0,0,0
2276611,7efa8dc1-dc58-d723-b3a5-19a49ce86886,8,2094533,2094541,2276611,2259779,182070,182078,8,0,0,0
2279600,c180b76e-b5a4-160b-168c-76faa5298ef2,8,2261303,2261362,2279600,2279069,18238,18297,59,0,0,0
2279638,9d7db622-8ed8-b731-018e-923b43184265,8,2261302,2261302,2279638,2286827,18336,18336,0,0,0,0
2279636,6c7e61cc-e71e-6484-2840-bc44236eba4c,8,2261302,2261302,2279636,2275226,18334,18334,0,0,0,0
2279614,d2fe1c67-c3a2-8d68-67e3-3758d6e3bec0,8,2261305,2261362,2279614,2284755,18252,18309,57,0,0,0
2279667,8cda07ae-af8e-2bc5-562d-8e63e87e1eaa,8,2261302,2261302,2279667,2283481,18365,18365,0,0,0,0
2280399,d27be71e-685d-0751-1a19-5aa4a111f44b,8,2262123,2262169,2280399,2287282,18230,18276,46,0,0,0
2280443,d035c3ca-12ad-7487-28f5-a57795b057e9,8,2262122,2262169,2280443,2285686,18274,18321,47,0,0,0
2280418,10ae8fd1-cadb-646b-a366-c34d789739e8,8,2262122,2262169,2280418,2285451,18249,18296,47,0,0,0
2280461,0160b56b-e4e1-524d-313a-c46424206bc2,8,2262123,2262169,2280461,2274021,18292,18338,46,0,0,0
2280533,859b05cd-876b-fc20-de0c-bd581115d925,8,2262122,2262169,2280533,2279564,18364,18411,47,0,0,0
2280605,84f5d7d1-3421-db3c-3e87-9da48fdabee5,8,2248154,2248212,2280605,2275259,32393,32451,58,0,0,0
2280649,868afcc3-db03-6d65-d387-5ee0bc91f98f,8,2248152,2248152,2280649,2288525,32497,32497,0,0,0,0
2280667,d14b740f-76c3-4232-2470-a5d8fafd37bc,8,2248153,2248212,2280667,2290145,32455,32514,59,0,0,0
2280834,2980f7b5-e86b-b300-bc20-0b625be3dc80,8,2248153,2248212,2280834,2280280,32622,32681,59,0,0,0
2280979,64fc06ba-3ff8-c67a-a118-3f918d08b6f8,8,2248153,2248212,2280979,2294272,32767,32826,59,0,0,0
2290812,280c9be1-1ef8-0a8b-3812-99e8b1ad1c8a,8,2286521,2286521,2290812,2288846,4291,4291,0,0,0,0
2291033,3aeaaa0f-b5a5-1112-d5bd-c8ad55ecdedc,8,2286456,2286456,2291033,2290319,4577,4577,0,0,0,0
2296716,4d65bcea-2269-21eb-601c-56e26b813e22,8,2174324,2174383,2296716,2285721,122333,122392,59,0,0,0
2296830,e88973a6-1fd4-42bc-981d-bf302b1dc571,8,2174323,2174323,2296830,2323998,122507,122507,0,0,0,0
2296928,0be80648-ede5-51af-a9a4-21e11304aa0b,8,2174324,2174383,2296928,2236921,122545,122604,59,0,0,0
2297092,9b33a68d-4646-7710-f1fa-ffe7ad1099fc,8,2174355,2174383,2297092,2301714,122709,122737,28,0,0,0
2297809,0950a6cb-62e6-172a-c751-6421833888f9,8,2174323,2174323,2297809,2304520,123486,123486,0,0,0,0
2305398,07879108-a131-d3a2-b990-9cd1807c99c8,32,2301451,2301507,2305398,2306682,3891,3947,56,0,0,0
2305606,555b60f3-a266-07d3-c39a-a2ad92344a2a,32,2301447,2301447,2305606,2307453,4159,4159,0,0,0,0
2305920,188f3807-e915-855f-6a72-92a645fbe0e3,32,2301450,2301507,2305920,2303761,4413,4470,57,0,0,0
2305991,e0eb2ef0-df96-53e8-4f9f-9da20216695b,32,2301448,2301507,2305991,2304911,4484,4543,59,0,0,0
2306094,0e5ce39f-7955-cdb7-84b3-1a4df68c76c7,32,2301449,2301507,2306094,2306948,4587,4645,58,0,0,0
2306367,68090654-56ca-2769-2428-d6cd74c25452,32,2301448,2301507,2306367,2306526,4860,4919,59,0,0,0
2306436,bf3c2af2-4956-fac7-fb05-8827aa7b000e,32,2301449,2301507,2306436,2308211,4929,4987,58,0,0,0
2306471,0d29bcbe-5cb8-f9a2-8627-bdd38eba7a88,32,2301449,2301507,2306471,2304676,4964,5022,58,0,0,0
2309840,bdc15eef-6aac-67f4-5d33-98309ad911b5,8,2306914,2306914,2309840,2310293,2926,2926,0,0,0,0
2310024,4612ca2b-faa9-6362-302b-7606fafcc5af,8,2309395,2309395,2310024,2309809,629,629,0,0,0,0
2311344,bb4b4060-3581-4f6e-ebe6-d2b4cd4650f3,8,2310700,2310700,2311344,2311120,644,644,0,0,0,0
2312317,8e0f4617-3c4e-fd0c-24fa-95c15d029c3c,8,2311669,2311694,2312317,2312154,623,648,25,0,0,0
2312333,5caf20ae-3f45-f107-82ff-b3e362e9826e,8,2311634,2311634,2312333,2312198,699,699,0,0,0,0
2312795,4810e70b-06b1-2063-ad21-d9547b6e5d95,8,2312070,2312070,2312795,2312944,725,725,0,0,0,0
2312870,d7cbce85-fc9f-31e6-fb50-690fc33218c4,8,2312112,2312130,2312870,2312547,740,758,18,0,0,0
2314211,309fa6ce-2e08-a182-11cd-47e4368a962f,32,2301448,2301507,2314211,2316670,12704,12763,59,0,0,0
2316929,a53b3da3-ffcb-6dfb-57af-73c4f82c80e0,4,2303257,2303316,2316929,2318426,13613,13672,59,0,0,0
2317006,2609718e-7dd8-13a4-c9c1-872b1ed57758,4,2303257,2303316,2317006,2312518,13690,13749,59,0,0,0
2317481,109797e1-bd4b-da9d-3c88-f1dfc22b6013,4,2303256,2303256,2317481,2316173,14225,14225,0,0,0,0
2318010,cd9154c4-7968-f364-ed48-861b4eed56dc,4,2303257,2303316,2318010,2324083,14694,14753,59,0,0,0
2318575,03cfd821-d88a-907a-9176-94db083c56cc,4,2303257,2303316,2318575,2324399,15259,15318,59,0,0,0
2319277,61647399-5912-5e55-aa1d-f1b1432a7685,8,2316623,2316623,2319277,2318974,2654,2654,0,0,0,0
2331801,3710194d-dee0-3067-15de-7226165886f0,8,2299341,2299341,2331801,2347143,32460,32460,0,0,0,0
2331962,7d9d6715-48cc-bf79-7cde-4129a0357bf5,8,2299343,2299401,2331962,2332708,32561,32619,58,0,0,0
2332036,9caf2fc4-a2e9-a072-23e3-3d376ed3d084,8,2299342,2299401,2332036,2337551,32635,32694,59,0,0,0
2332069,3b4e450c-7501-0ae2-6b34-ee5b6f6c345c,8,2299342,2299401,2332069,2319997,32668,32727,59,0,0,0
2332295,605ba454-7e77-1a81-da65-97eac9d67ae0,8,2299341,2299341,2332295,2316013,32954,32954,0,0,0,0
2360686,ff62236c-6987-5328-550d-987d226f09a1,32,2356319,2356319,2360686,2362124,4367,4367,0,0,0,0
2360789,11c08c0c-65fa-d5f2-575e-54d5674c8603,32,2356320,2356379,2360789,2362181,4410,4469,59,0,0,0
2360844,1d4489f4-7398-bc20-54ed-8b694a35bd63,32,2356320,2356379,2360844,2358782,4465,4524,59,0,0,0
2360902,c5ea94c7-803b-77e7-eb6f-997ddff961c2,32,2356322,2356379,2360902,2359391,4523,4580,57,0,0,0
2360928,e68e4345-3d74-ada8-03be-274378caf0ab,32,2356320,2356379,2360928,2359267,4549,4608,59,0,0,0
2361043,0cea7f59-860b-5ee0-32c7-eaf4f8a2c004,32,2356320,2356379,2361043,2360050,4664,4723,59,0,0,0
2361243,ee10ecad-a48c-26c3-e1a7-fc196a2050cd,32,2356320,2356379,2361243,2360314,4864,4923,59,0,0,0
2361643,f20f428d-a56d-1c5f-2f6e-8aa84f5a671b,8,2330757,2330815,2361643,2370852,30828,30886,58,0,0,0
2361665,9b570c7f-70e1-d1a1-63a6-fb91ea3ffa71,8,2330756,2330815,2361665,2348176,30850,30909,59,0,0,0
2361737,81147d80-6140-addc-00aa-bc1a6cc0ae5b,8,2330756,2330815,2361737,2369945,30922,30981,59,0,0,0
2361726,5023277a-7e0d-493c-cf85-5e61b6567099,8,2330756,2330815,2361726,2367808,30911,30970,59,0,0,0
2363420,a9927ce9-888d-0d4d-c4ab-29b8924d88d7,8,2330755,2330755,2363420,2353615,32665,32665,0,0,0,0
2365200,704dc28c-8f36-48b4-ca53-6e222fcde2a7,1,2294735,2294735,2365200,2395351,70465,70465,0,0,0,0
2369950,d057ebe6-caa7-eb21-aea7-de61c1ffecad,8,2276480,2276480,2369950,2405887,93470,93470,0,0,0,0
2381152,e8695c25-9281-95a0-ed98-833ef3645eb4,1,2292622,2292622,2381152,2406968,88530,88530,0,0,0,0
2395431,bac6d96b-a359-bc32-fc75-fe235f8d566a,8,2096810,2096810,2395431,2409585,298621,298621,0,0,0,0
2398893,bd9d0a81-6785-32f9-0e39-4b3dcdc07f5a,1,2292703,2292703,2398893,2384364,106190,106190,0,0,0,0
2414618,d1b3b623-4991-6111-971e-f037db9fdb37,8,2413396,2413455,2414618,2414240,1163,1222,59,0,0,0
2414645,9e9d3b3e-c2c2-d9fe-07f9-64942621d492,8,2413395,2413395,2414645,2415044,1250,1250,0,0,0,0
2414654,51b0981f-7972-23f2-2ec3-5c27f0115b08,8,2413395,2413395,2414654,2414041,1259,1259,0,0,0,0
2414657,919337ca-65b6-85bf-0eb8-d1b162ae6405,8,2413396,2413455,2414657,2414317,1202,1261,59,0,0,0
2414665,09bf3f6d-53dd-437f-0691-1c1dfc8e92ea,8,2413396,2413455,2414665,2415141,1210,1269,59,0,0,0
2414674,b1098d5f-94ff-69bb-e442-e3d7d1551de6,8,2413396,2413455,2414674,2414725,1219,1278,59,0,0,0
2416345,debd7bfa-51b8-181f-66b9-4d32fee673d7,8,2383298,2383355,2416345,2417468,32990,33047,57,0,0,0
2416347,636a6100-0f3f-c461-0450-c068e34ede51,8,2383295,2383295,2416347,2406201,33052,33052,0,0,0,0
2416350,422fbb33-1f21-fcb1-0443-cfda137dc095,8,2383295,2383295,2416350,2421663,33055,33055,0,0,0,0
2416471,8a41ee5b-d1ac-9fb2-f6ba-e4663a7fd06e,8,2383295,2383295,2416471,2413037,33176,33176,0,0,0,0
2416479,bd54c13c-ac26-f2e4-6d9e-cb6f198db629,8,2383296,2383355,2416479,2422792,33124,33183,59,0,0,0
2444773,31db8a90-1769-74e4-6f02-9d52a331120e,8,2416225,2416225,2444773,2454811,28548,28548,0,0,0,0
2445013,56dfdf3a-ed68-5dd3-d080-e1e4415336a1,8,2416225,2416225,2445013,2444671,28788,28788,0,0,0,0
2445057,b33a3c51-4315-abae-750c-32addec00011,8,2416226,2416285,2445057,2440801,28772,28831,59,0,0,0
2445065,feb1d806-3c08-75e8-4fa9-0af88a9c4cc4,8,2416227,2416285,2445065,2451103,28780,28838,58,0,0,0
2445143,e3bd1c68-71b4-5b12-cce8-c3339efc6fc2,8,2416227,2416285,2445143,2437125,28858,28916,58,0,0,0
2445172,3eae060b-0e84-63ce-469f-006ad749cf12,8,2416010,2416010,2445172,2455563,29162,29162,0,0,0,0
2450530,49c68405-fb5e-dae9-b833-40a6227d7f51,8,2441906,2441906,2450530,2453589,8624,8624,0,0,0,0
2463187,645be719-5396-c7ff-e4a2-a4438fc79671,1,2294799,2294799,2463187,2465234,168388,168388,0,0,0,0
2466054,140f0c7e-0d45-de90-ffde-9f0f7224a012,8,2464684,2464684,2466054,2465694,1370,1370,0,0,0,0
2466890,4d8da5ac-13e3-5b4b-3579-ea622adfc39c,8,2465071,2465129,2466890,2466759,1761,1819,58,0,0,0
2466902,c1e8915d-b0a4-8c34-8c6a-ac6e74abea5e,1,2292828,2292828,2466902,2527150,174074,174074,0,0,0,0
2467049,f213364d-cb1f-4fe0-c790-f4fbec2fc93d,8,2465273,2465273,2467049,2466907,1776,1776,0,0,0,0
2467101,cb8616e0-73f6-505a-f514-7012814c2c83,8,2465274,2465333,2467101,2466272,1768,1827,59,0,0,0
2467126,327e1943-6f2c-4e21-e1af-f24f1130b1e8,8,2465274,2465333,2467126,2466565,1793,1852,59,0,0,0
2467110,ba53ecff-9750-7183-8102-a7d6e8efd6ac,8,2465274,2465333,2467110,2466489,1777,1836,59,0,0,0
2467123,3414fcba-8340-0cdc-693c-43e498267af8,8,2465274,2465333,2467123,2466547,1790,1849,59,0,0,0
2467533,aa211b1a-0584-5985-3dd6-818f6814cde4,8,2466329,2466329,2467533,2467530,1204,1204,0,0,0,0
2469731,20abd324-1b01-ac79-1b7b-9fd18f2e9b4c,8,2374073,2374132,2469731,2497714,95599,95658,59,0,0,0
2469802,e383f4b4-f7e4-0b14-1bed-8665d70c9f40,8,2374074,2374132,2469802,2430906,95670,95728,58,0,0,0
2469816,aa92f060-755d-0629-0340-52474b9a0b10,8,2374072,2374072,2469816,2430963,95744,95744,0,0,0,0
2469859,6b5bf467-b850-4e23-2f51-e180f46ae51d,8,2374073,2374132,2469859,2476763,95727,95786,59,0,0,0
2469947,4506c144-57f7-de45-597a-f8bdf07e3384,8,2374073,2374132,2469947,2430609,95815,95874,59,0,0,0
2473162,63e25042-dd2f-455d-6db6-800d17a2a368,8,2464498,2464498,2473162,2474211,8664,8664,0,0,0,0
2473428,fc4ab3f7-b1b5-b684-3382-82da14b3c01b,8,2471643,2471643,2473428,2472787,1785,1785,0,0,0,0
2473626,85e3fb23-4cf3-b903-5cdb-219703de99f5,8,2471845,2471845,2473626,2473814,1781,1781,0,0,0,0
2477099,53a4d245-f920-6066-81e1-9daf9c9810b1,8,2475241,2475241,2477099,2476814,1858,1858,0,0,0,0
2477717,d160cf42-4f03-0adf-e846-875e45f363f4,8,2472870,2472870,2477717,2479397,4847,4847,0,0,0,0
2480209,ecb7034c-b192-a7f5-574a-92d2706bd73c,8,2442300,2442300,2480209,2466674,37909,37909,0,0,0,0
2485127,a61b4f74-fc43-263f-7235-554c31b04656,8,2441953,2441966,2485127,2506469,43161,43174,13,0,0,0
2488713,53cb413f-d78a-2471-2604-3b5e385e239b,8,2484521,2484521,2488713,2489052,4192,4192,0,0,0,0
2493346,43696518-8f06-e1ed-a361-8e1a75c6e3c5,8,2492651,2492651,2493346,2493099,695,695,0,0,0,0
2501153,6e9060ab-0dc8-a778-8b13-577abeeea7f7,8,2452022,2452022,2501153,2485585,49131,49131,0,0,0,0
2501169,1a2fb74b-5905-799e-292a-c2cac24e2a72,8,2452022,2452022,2501169,2511216,49147,49147,0,0,0,0
2501238,81238f51-5251-ac2b-1de3-35c276252e09,8,2452022,2452022,2501238,2477132,49216,49216,0,0,0,0
2501229,cca00e5a-c999-79c6-2b37-d44f0c3ff969,8,2452023,2452082,2501229,2490555,49147,49206,59,0,0,0
2501365,c0ba04eb-ff69-0ec4-6d3c-042849355466,8,2452024,2452082,2501365,2502274,49283,49341,58,0,0,0
2501635,cd854361-c284-97fe-854a-4b54bb6fe822,8,2442783,2442783,2501635,2504597,58852,58852,0,0,0,0
2502923,5081e9fc-018f-21b5-eafb-51f98fd9139a,8,2454017,2454017,2502923,2504462,48906,48906,0,0,0,0
2502978,7c4a8c8b-1631-6655-de6b-6517898e3229,8,2454017,2454017,2502978,2492876,48961,48961,0,0,0,0
2502983,1ce100e3-88a5-dbc6-7f94-b6ea854dd018,8,2454017,2454017,2502983,2505093,48966,48966,0,0,0,0
2503019,b6fd96b1-ca67-d7af-5e1b-e5e577ff1a82,8,2454017,2454017,2503019,2490218,49002,49002,0,0,0,0
2503045,8aaf21c6-5dbd-b23a-6ade-63c0dbe1a033,8,2454017,2454017,2503045,2502119,49028,49028,0,0,0,0
2525929,c05912b3-84f4-4361-69a7-18a56823ec2b,8,2524100,2524100,2525929,2526013,1829,1829,0,0,0,0
2528189,0ce63efb-1e2d-76f9-3598-9117327d0102,8,2526324,2526324,2528189,2528240,1865,1865,0,0,0,0
2533351,4247fd42-d6bd-1a82-8ddc-d54626560d7f,8,2441990,2442026,2533351,2552005,91325,91361,36,0,0,0
2535727,05c8f991-b9b7-123b-4972-ca2021900edb,8,2503461,2503472,2535727,2550206,32255,32266,11,0,0,0
2535762,66594df2-8542-f068-c421-d16a638b6a24,8,2503462,2503472,2535762,2533291,32290,32300,10,0,0,0
2535732,c8f87675-8d2b-20bf-6a44-f3538c567659,8,2503463,2503472,2535732,2532436,32260,32269,9,0,0,0
2535911,0993f8bf-485a-b6f2-3d46-53b74488b8e6,8,2503461,2503472,2535911,2541718,32439,32450,11,0,0,0
2535976,8d14b247-f6cf-df1e-78fd-484c82733f98,8,2503461,2503472,2535976,2519723,32504,32515,11,0,0,0
2538417,fd6bf551-c15f-c2b1-57eb-218d8b6cf567,8,2536672,2536672,2538417,2538337,1745,1745,0,0,0,0
2547738,701daebf-c142-c184-5664-7b59c8ba8729,8,2503412,2503412,2547738,2537215,44326,44326,0,0,0,0
2552203,4ca39c10-a416-87ad-b98c-78ed287c3c14,8,2549671,2549671,2552203,2553032,2532,2532,0,0,0,0
2555136,f2d16b75-0bd6-4166-c0bc-deeee08fb5a4,8,2546628,2546628,2555136,2551062,8508,8508,0,0,0,0
2560641,5250895d-46fb-c5b0-2a98-c22bb78860ba,8,2552097,2552097,2560641,2557185,8544,8544,0,0,0,0
2574516,48b1a6aa-af0c-6f07-9341-5e84303c0d87,8,2549066,2549066,2574516,2583023,25450,25450,0,0,0,0
2579815,7bbae4d8-867b-fd7e-5b44-f17bb78310b0,8,2553531,2553531,2579815,2578279,26284,26284,0,0,0,0
2589164,4b89264a-e100-569f-0661-4e5cef526bd5,8,2552496,2552496,2589164,2596592,36668,36668,0,0,0,0
2594728,b0121057-de26-8194-7717-7df674600844,8,2552301,2552323,2594728,2602952,42405,42427,22,0,0,0
2610650,e23bb258-1c67-5323-8465-fc98972b69cf,8,2578263,2578263,2610650,2609569,32387,32387,0,0,0,0
2610758,9c7bdfd5-7b84-b160-4654-3a82e13f0e66,8,2578265,2578323,2610758,2601901,32435,32493,58,0,0,0
2610762,55bb22df-859d-845e-8478-eaa9e2ee7402,8,2578263,2578263,2610762,2616451,32499,32499,0,0,0,0
2610892,465b0e7c-4d79-7882-7866-19f6026a925c,8,2578263,2578263,2610892,2618307,32629,32629,0,0,0,0
2610948,b0ebb018-ed56-35a8-fbac-634f76b57231,8,2552588,2552588,2610948,2623445,58360,58360,0,0,0,0
2611146,0e48e3a1-f0d4-4ff2-bd4b-a8c26a2a68f9,8,2578264,2578323,2611146,2603222,32823,32882,59,0,0,0
2643340,9b4adf5a-7f83-e6da-5782-9d6c4dc6f6ae,8,2552212,2552263,2643340,2672462,91077,91128,51,0,0,0
2646806,2561a0de-ccab-aa2a-c81a-d24fe11e825b,32,2642465,2642465,2646806,2645114,4341,4341,0,0,0,0
2646932,7f74740a-3fe7-888c-6da3-1410ac6ffdca,32,2642465,2642465,2646932,2647971,4467,4467,0,0,0,0
2647117,855ab411-061e-1762-2555-9f5cf70b3a05,32,2642465,2642465,2647117,2646079,4652,4652,0,0,0,0
2701446,cc298920-d7e4-0920-ee34-42d40f5407eb,8,2523760,2523815,2701446,2657083,177631,177686,55,0,0,0
2704191,2a025177-2936-d686-ee8c-ee8f344f45ed,8,2523761,2523815,2704191,2651380,180376,180430,54,0,0,0
2705707,d3af3619-f36d-5a36-5af7-f22cd4d84d00,8,2523755,2523755,2705707,2680527,181952,181952,0,0,0,0
2706927,5d4ca1ee-20ee-3782-9b23-c9b96a4fc1e0,8,2523765,2523815,2706927,2787598,183112,183162,50,0,0,0
2707390,f872e796-1bf7-1f97-224a-042d1b095a7b,8,2523756,2523815,2707390,2686325,183575,183634,59,0,0,0
2708278,7b027f18-e389-8e31-8571-3bb558b8978e,8,2523762,2523815,2708278,2771928,184463,184516,53,0,0,0
2709323,3721c57a-13a6-0486-a4a3-0744ebd59d18,8,2523757,2523815,2709323,2793755,185508,185566,58,0,0,0
2709580,f8bca74e-b8a2-617d-2877-96f5bd4dfa2c,8,2707060,2707060,2709580,2708995,2520,2520,0,0,0,0
2709704,6629ef02-e3f4-a404-3a5e-89f1058334ad,8,2523757,2523815,2709704,2670347,185889,185947,58,0,0,0
2711157,2f289654-ef43-0f20-cf09-47c5d25d5ca7,8,2523755,2523755,2711157,2648919,187402,187402,0,0,0,0
2711180,a444a9d8-3f57-bf04-dd42-99bc80646357,8,2523755,2523755,2711180,2677024,187425,187425,0,0,0,0
2711306,be475dfc-0d26-c3b6-2053-6392b3f4e57e,8,2523763,2523815,2711306,2753431,187491,187543,52,0,0,0
2713241,c893471b-6c76-04b7-f47a-847bc33d789a,8,2523763,2523815,2713241,2747082,189426,189478,52,0,0,0
2724047,fd40504c-2c5d-ba22-2062-e7f485041e4e,8,2719339,2719339,2724047,2724213,4708,4708,0,0,0,0
2724474,dfe520a8-58bf-a9a1-6975-c7c3db491bb8,8,2700310,2700310,2724474,2734361,24164,24164,0,0,0,0
2734665,1bc50478-20c5-df11-edf6-e5a0e500ff86,1,2552851,2552851,2734665,2666336,181814,181814,0,0,0,0
2737907,ca27bb43-4ffc-71c0-e088-14e110b09c15,8,2719389,2719399,2737907,2736180,18508,18518,10,0,0,0
2742126,e6a5a353-bbd7-6c95-1faf-ff4cac0f0b1b,64,2424493,2424493,2742126,2788936,317633,317633,0,0,0,0
2743049,e8dc375e-2d22-11a5-b651-2be2fb34b569,8,2694180,2694237,2743049,2729190,48812,48869,57,0,0,0
2743163,f1008f68-a35b-750c-aee9-e2b9bc0469f2,8,2694178,2694237,2743163,2741132,48926,48985,59,0,0,0
2743168,a0e42f79-1985-dbb9-e93f-7f9ff9044054,8,2694179,2694237,2743168,2723919,48931,48989,58,0,0,0
2743382,41c9bccb-bab8-dd5b-99f4-8d60cebcabed,8,2694177,2694177,2743382,2726301,49205,49205,0,0,0,0
2743528,dc8de4b9-7f09-6df7-23c2-deaa482ebe2c,8,2694178,2694237,2743528,2754322,49291,49350,59,0,0,0
2744216,7bc7c7f7-b52b-b796-1cd6-7b903dfc79a5,8,2694874,2694874,2744216,2722956,49342,49342,0,0,0,0
2744370,c78266b2-4682-c377-9b42-fa0eba3636e3,8,2694874,2694874,2744370,2732958,49496,49496,0,0,0,0
2744548,267863e2-365d-acc3-e6d9-011a77af791c,8,2694874,2694874,2744548,2720252,49674,49674,0,0,0,0
2744567,48f9b17a-08a2-1434-f20d-02621a794bbf,8,2694874,2694874,2744567,2729110,49693,49693,0,0,0,0
2744604,95045996-0361-5001-4401-47393ba1e896,8,2694874,2694874,2744604,2738434,49730,49730,0,0,0,0
2762286,52a557ea-e0ad-3e99-f14a-5ef7da2b6e64,8,2729974,2729974,2762286,2757489,32312,32312,0,0,0,0
2762286,394cfd4f-9df3-fdd8-97bc-a4925221febc,8,2729974,2729974,2762286,2775771,32312,32312,0,0,0,0
2762316,fc2805e4-983b-8393-4337-00eab06abb80,8,2729974,2729974,2762316,2770735,32342,32342,0,0,0,0
2762408,43a50bf5-dc87-2485-887c-6a5b163946b8,8,2729974,2729974,2762408,2776934,32434,32434,0,0,0,0
2762499,e682e667-472c-de51-db30-65583ab701ba,8,2729974,2729974,2762499,2772217,32525,32525,0,0,0,0
2764346,e44630f3-3860-1436-2168-83098243bbfa,8,2715490,2715490,2764346,2767168,48856,48856,0,0,0,0
2764540,47c3b88a-25b9-e59d-1d51-edc46d519462,8,2715491,2715550,2764540,2770507,48990,49049,59,0,0,0
2764595,14eb383a-65f2-bc1b-12d1-9c16fd52e5fb,8,2715491,2715550,2764595,2772960,49045,49104,59,0,0,0
2764604,5c1ed84f-b2a6-1bc7-1e04-3a70c59600f1,8,2715492,2715550,2764604,2767272,49054,49112,58,0,0,0
2764731,03c85720-86ec-7402-0d41-89a904cfd5e4,8,2715491,2715550,2764731,2777986,49181,49240,59,0,0,0
2769819,9126f62b-2a45-fea3-7b87-461754d3ca1c,64,2424965,2424965,2769819,2907700,344854,344854,0,0,0,0
2777221,9cc9d6e3-5822-bc3c-30fb-6528f1404752,16,2776462,2776521,2777221,2777221,700,759,59,0,0,0
2777287,5ee20e37-2be8-c923-95f3-56e321920600,16,2776462,2776521,2777287,2776861,766,825,59,0,0,0
2777736,e57bdbbe-f9af-a2b3-4791-49c83bbc1d28,16,2776461,2776461,2777736,2777735,1275,1275,0,0,0,0
2786571,d33d0933-c890-8f7e-bedc-24cdf234348a,8,2754338,2754397,2786571,2778737,32174,32233,59,0,0,0
2786621,2514ca68-7856-8682-10f6-ccbb0ab9f72e,8,2754338,2754397,2786621,2800751,32224,32283,59,0,0,0
2786646,07f33e14-88ba-39c3-2c2d-a376cbd5aa22,8,2754337,2754337,2786646,2798082,32309,32309,0,0,0,0
2786774,05f89735-b553-7adc-1462-23163abdf120,8,2754338,2754397,2786774,2800364,32377,32436,59,0,0,0
2787864,76de3e6f-e1a6-b4c4-efe8-77e608d0e66b,8,2754338,2754397,2787864,2790443,33467,33526,59,0,0,0
2797256,f91bd964-970a-3a73-95fe-bca1fb5724a6,8,2786693,2786751,2797256,2797781,10505,10563,58,0,0,0
2801717,5ed323d6-e24f-d7b8-5c96-4bc36cf9aff3,8,2753862,2753862,2801717,2804900,47855,47855,0,0,0,0
2802271,43f7e062-e621-a526-4c64-b6bae31ca474,1,2552902,2552911,2802271,2840025,249360,249369,9,0,0,0
2803562,372b5a14-d3aa-55cc-110f-c3d375b580e8,8,2771353,2771353,2803562,2811227,32209,32209,0,0,0,0
2803695,64ce2e92-2547-e898-f8b8-9a8317c333ff,8,2771355,2771413,2803695,2794905,32282,32340,58,0,0,0
2803701,7545eb0b-8926-a08a-3583-840b904e1689,8,2771355,2771413,2803701,2787960,32288,32346,58,0,0,0
2804031,438fd1e8-22de-662f-1659-b3532a9d05d5,8,2771355,2771413,2804031,2797793,32618,32676,58,0,0,0
2804124,095dd836-ef6c-a861-7601-f89abd53a0b9,8,2771354,2771413,2804124,2797949,32711,32770,59,0,0,0
2805744,b435dc7c-ffcc-f126-d8f3-9ed368962b35,8,2803582,2803622,2805744,2806267,2122,2162,40,0,0,0
2805745,a9fdc717-6830-dfbb-2c79-5c888bb1e809,8,2803582,2803622,2805745,2805692,2123,2163,40,0,0,0
2805798,3a38a29d-8947-5739-8051-268b1f152152,8,2803582,2803622,2805798,2806041,2176,2216,40,0,0,0
2805753,cf433079-ffa3-0182-1c69-ea7ee92958c0,8,2803583,2803622,2805753,2804670,2131,2170,39,0,0,0
2805799,ba56012b-a60d-111d-9728-4904cd155008,8,2803584,2803622,2805799,2806811,2177,2215,38,0,0,0
2807578,97693724-1ff3-f365-f627-108d0feb4230,8,2753862,2753862,2807578,2786785,53716,53716,0,0,0,0
2811614,8d34162f-68fc-d237-811c-81c9a2b13ac4,8,2806937,2806937,2811614,2809593,4677,4677,0,0,0,0
2811619,d0fc126c-4e82-cd70-ac25-7aae214ed0e3,8,2806938,2806997,2811619,2813224,4622,4681,59,0,0,0
2811641,2d447633-e0b5-2e04-d43a-843cfc9c61e6,8,2806939,2806997,2811641,2812684,4644,4702,58,0,0,0
2811675,95bd9eac-2ae4-1c9b-4f6e-670802d7b184,8,2806937,2806937,2811675,2812323,4738,4738,0,0,0,0
2811735,d806e7f9-67c6-8fc9-ac48-5563d55e7400,8,2806938,2806997,2811735,2809945,4738,4797,59,0,0,0
2812642,347cc236-14b5-6b25-0ef6-2d3d05f8c31b,8,2784629,2784629,2812642,2823134,28013,28013,0,0,0,0
2812642,bf005529-25f5-bb7f-7df6-319ae8136e2e,8,2784630,2784689,2812642,2814241,27953,28012,59,0,0,0
2812917,acda8680-3be9-69cd-5148-632271eab516,8,2784631,2784689,2812917,2798967,28228,28286,58,0,0,0
2812932,f514875c-a21e-fafc-ff49-e3195844e380,8,2784630,2784689,2812932,2814329,28243,28302,59,0,0,0
2812985,5d977a16-dbeb-c54e-f3c5-65cd548871ae,8,2784632,2784689,2812985,2800162,28296,28353,57,0,0,0
2816988,211cd828-ec0f-3e26-35c3-54a72fb892cd,8,2720764,2720764,2816988,2837823,96224,96224,0,0,0,0
2817128,5d5e1495-312d-02d5-546d-de048b124792,8,2720765,2720824,2817128,2821092,96304,96363,59,0,0,0
2817190,e5d1da47-edce-fcf6-3ed0-90ff1f92c7f4,8,2720765,2720824,2817190,2792141,96366,96425,59,0,0,0
2817209,645b21a6-9321-aef1-8def-c2cd44ff00ca,8,2716180,2716180,2817209,2834491,101029,101029,0,0,0,0
2817241,ba3a548d-fb4d-6472-33c9-e8f31e1f1fb7,8,2720765,2720824,2817241,2805665,96417,96476,59,0,0,0
2817825,2b4723fc-937f-ae81-193e-c69ff262717d,8,2720764,2720764,2817825,2858560,97061,97061,0,0,0,0
2820595,6ee2e2d6-413f-8437-57b5-709a1a46bc93,8,2814793,2814793,2820595,2819189,5802,5802,0,0,0,0
2820950,fa47b897-60b0-8f1c-d584-7b24772333f5,8,2814794,2814853,2820950,2819221,6097,6156,59,0,0,0
2826167,c9c5709f-9b3c-9070-f1a3-134d77e40dd6,1,2800505,2800505,2826167,2837840,25662,25662,0,0,0,0
2833149,2d5d5b2b-9c02-7b84-274f-ef136dac10e2,8,2832317,2832317,2833149,2833042,832,832,0,0,0,0
2834125,9ba95c59-249d-f917-6a09-fb2076992d10,8,2826107,2826166,2834125,2834718,7959,8018,59,0,0,0
2834157,1aa902a5-f2ab-2051-c6ca-6088addaf64b,8,2826106,2826106,2834157,2835278,8051,8051,0,0,0,0
2834223,11ac2697-42b2-db4f-0adf-e3cf66e0d74e,8,2826107,2826166,2834223,2830314,8057,8116,59,0,0,0
2834278,af7f8b1d-54ce-605b-4c09-2e882439a89f,8,2826107,2826166,2834278,2832982,8112,8171,59,0,0,0
2862768,ddf99f87-b4d9-a1a8-3275-4c3a0a2af4e3,8,2833794,2833794,2862768,2849192,28974,28974,0,0,0,0
2881555,a21ae28b-af98-aa71-c743-78124ee47b02,8,2871528,2871528,2881555,2881485,10027,10027,0,0,0,0
2888694,e5ddbc1d-d42b-e9c6-5e83-5e3f6041be05,8,2835201,2835203,2888694,2882742,53491,53493,2,0,0,0
2888949,0bb05c94-73ab-0a2f-66be-fa854504fedf,8,2856538,2856596,2888949,2899840,32353,32411,58,0,0,0
2889000,c0e7e1a7-e84d-82e6-5712-00edc4922fe4,8,2856537,2856596,2889000,2896023,32404,32463,59,0,0,0
2888996,a674ff88-d39d-328f-6827-7f1e8c9af5b3,8,2856537,2856596,2888996,2898781,32400,32459,59,0,0,0
2889003,25abfb65-5dfc-6483-53c3-65404c28647f,8,2856537,2856596,2889003,2900896,32407,32466,59,0,0,0
2888986,137f5fb7-0d56-c2fb-978f-c74499dab8d8,8,2856539,2856596,2888986,2900461,32390,32447,57,0,0,0
2889081,092b5b60-d050-04a6-c0b4-a713eea82cac,8,2856537,2856596,2889081,2892854,32485,32544,59,0,0,0
2889121,4cd3e7a8-2b54-c062-0db1-499ad97f02b4,8,2856536,2856536,2889121,2878252,32585,32585,0,0,0,0
2889103,87b59fb2-6707-5ace-0263-8eeeb11c7a00,8,2856538,2856596,2889103,2886679,32507,32565,58,0,0,0
2889142,a45bfdfa-d72f-1f80-10f7-90f67f3a02b2,8,2856540,2856596,2889142,2893986,32546,32602,56,0,0,0
2889394,139969d6-d67d-9ba4-638a-5cdb4be685da,8,2856538,2856596,2889394,2884377,32798,32856,58,0,0,0
2889518,4fd74822-1381-427a-8458-d5588f7ff209,8,2883594,2883594,2889518,2888180,5924,5924,0,0,0,0
2889570,68869693-459a-4785-c53c-bfb2ff430c3e,8,2883595,2883654,2889570,2889350,5916,5975,59,0,0,0
2889609,96ca6de4-0e13-7524-90ec-e69431f33af3,8,2887399,2887399,2889609,2889147,2210,2210,0,0,0,0
2889677,92c451eb-a2b8-65c5-9fc1-0eed24019abe,8,2883595,2883654,2889677,2887939,6023,6082,59,0,0,0
2889761,f7f17bcb-f0a6-df72-008f-0656b9e7e4db,8,2883595,2883654,2889761,2892730,6107,6166,59,0,0,0
2889784,53975925-b957-9a72-90bd-55353f0404c4,8,2883596,2883654,2889784,2891741,6130,6188,58,0,0,0
2893661,43171bfa-f1c1-086c-2fb6-e78383c159ac,8,2835202,2835203,2893661,2913584,58458,58459,1,0,0,0
2908135,b5edda23-9f6a-0010-2531-2620b990d38f,8,2879486,2879486,2908135,2917978,28649,28649,0,0,0,0
2908387,0b2c7790-9e19-5755-5d2e-7eec15de2c3b,8,2879486,2879486,2908387,2922243,28901,28901,0,0,0,0
2908450,17542536-e346-04aa-abad-c838722f180e,8,2879486,2879486,2908450,2902760,28964,28964,0,0,0,0
2908525,1975f625-865f-695b-f701-6b664c2c64df,8,2879487,2879546,2908525,2898662,28979,29038,59,0,0,0
2908672,7d7a6321-9979-5f80-bee3-6e20d9f1ea8f,8,2879486,2879486,2908672,2896987,29186,29186,0,0,0,0
2910287,549fe456-e485-c017-c942-a8165cb35017,8,2895074,2895074,2910287,2912745,15213,15213,0,0,0,0
2967503,37dda186-90d4-faee-6a81-a841e927194f,8,2961648,2961706,2967503,2966931,5797,5855,58,0,0,0
2967535,7617d80d-2943-bf77-ff0f-6b76c89d6f14,8,2961646,2961646,2967535,2969886,5889,5889,0,0,0,0
2967599,4dad9bbd-6be2-bcdb-b1ae-cbe1c13540fd,8,2961646,2961646,2967599,2969834,5953,5953,0,0,0,0
2967572,de5da310-2437-3a2c-4a02-bcde3b6b348d,8,2961648,2961706,2967572,2969394,5866,5924,58,0,0,0
2967629,45fb0dcf-d08d-2a30-ba39-fd6ffbd3bfcb,8,2961646,2961646,2967629,2965634,5983,5983,0,0,0,0
2967643,30274284-3426-e93d-7d09-727d33e9aca0,8,2961647,2961706,2967643,2964869,5937,5996,59,0,0,0
2967812,556373c6-4dbf-0f14-9d86-a3dd24bea962,8,2961647,2961706,2967812,2968190,6106,6165,59,0,0,0
2967827,0265a891-056a-922d-894f-0b0377873bba,8,2961648,2961706,2967827,2967245,6121,6179,58,0,0,0
2988751,d00fff50-9f87-8bc4-067b-f431380e2ccb,8,2961988,2961988,2988751,2999251,26763,26763,0,0,0,0
3001651,c05f1eb0-d3b5-8e50-87e1-13efb6267c2c,8,2993805,2993809,3001651,2999964,7842,7846,4,0,0,0
3008580,6eba98df-f435-85c5-ed3b-038385d5164f,8,2979618,2979618,3008580,3016630,28962,28962,0,0,0,0
3013870,318d69a9-3d5f-103c-5c59-0351bb802cb8,2,3012832,3012832,3013870,3014311,1038,1038,0,0,0,0
3019289,80904dc8-d60c-2570-f946-c8ffd9fd157b,8,2993749,2993749,3019289,3006556,25540,25540,0,0,0,0
3035870,79c21cab-40c7-863d-8a41-7c7e6f6719cf,1,3034863,3034863,3035870,3036268,1007,1007,0,0,0,0
3036127,baf8034c-b4fd-c347-0e16-abcbc654001d,1,3035125,3035125,3036127,3036288,1002,1002,0,0,0,0
3036195,7536bee7-f383-8240-db07-affcac57084b,1,3035132,3035185,3036195,3036160,1010,1063,53,0,0,0
3036421,a34e0e6e-7288-40a3-b08d-629efd3256d6,1,3035627,3035627,3036421,3036045,794,794,0,0,0,0
3036624,cb178f8a-0f59-4c1a-e657-7578a1fa03a3,1,3035793,3035793,3036624,3036451,831,831,0,0,0,0
3036666,a14f33be-3d96-7c33-cc32-80b006057709,1,3035851,3035853,3036666,3036456,813,815,2,0,0,0
3041077,66fca497-dba7-a305-583d-9255143ba1cc,8,3039895,3039927,3041077,3040778,1150,1182,32,0,0,0
3041563,3f9e7619-d0a9-aeac-a2d0-4968846eae8f,8,3039893,3039927,3041563,3041981,1636,1670,34,0,0,0
3042084,99837629-e3e0-26d8-e67d-6a76e8325744,8,3039888,3039927,3042084,3041423,2157,2196,39,0,0,0
3043334,af8287db-9d69-2daa-2d91-cb746937349c,8,3039886,3039927,3043334,3043931,3407,3448,41,0,0,0
3045692,42470e00-72b9-0548-8ef5-620b01b439c6,8,3039891,3039927,3045692,3045060,5765,5801,36,0,0,0
3048419,c054265d-d6a0-e170-da02-1d48bf4ec27d,8,3039899,3039927,3048419,3047330,8492,8520,28,0,0,0
3052062,b1e50b92-0081-895a-e9f4-c626357f5765,8,3039888,3039927,3052062,3050273,12135,12174,39,0,0,0
3052619,96ffd9a7-708b-af8a-9411-32a41c13f2e7,8,3039898,3039927,3052619,3058667,12692,12721,29,0,0,0
3053775,91f10c5f-7f96-32f6-f1f7-0daf30daf217,8,3039901,3039927,3053775,3049481,13848,13874,26,0,0,0
3054569,c985a48b-5918-41c9-4018-68fa4f5e403c,8,3039879,3039927,3054569,3060634,14642,14690,48,0,0,0
3054784,5768ca2f-b7cb-2ce8-40f6-7383af801bb4,8,3039876,3039927,3054784,3053901,14857,14908,51,0,0,0
3055285,f937fecd-5b96-cb75-fb9e-c20f9c8786d1,8,3039878,3039927,3055285,3052291,15358,15407,49,0,0,0
3055961,4b11c3bc-d4cf-4e60-5e77-fe41f5683579,8,3039874,3039927,3055961,3052746,16034,16087,53,0,0,0
3057655,733edde4-c576-6506-6a44-83cea9143f18,8,3039867,3039867,3057655,3054277,17788,17788,0,0,0,0
3057827,95265676-d903-3297-13b2-b8afb1277ab3,8,3039882,3039927,3057827,3061110,17900,17945,45,0,0,0
3058106,f33db7cf-80d4-2e54-3a91-657c57c18680,8,3039867,3039867,3058106,3059636,18239,18239,0,0,0,0
3058811,b0ec919f-99bc-1a56-3cb5-ed092bf24e83,8,3039879,3039927,3058811,3059812,18884,18932,48,0,0,0
3059364,73d312f6-e445-f322-a5e5-764ff5f3494c,8,3039867,3039867,3059364,3049689,19497,19497,0,0,0,0
3060900,33aed384-8512-4861-c2bf-73866c922161,8,3039887,3039927,3060900,3058745,20973,21013,40,0,0,0
3061332,83d64725-0515-8c96-c952-e29183d2b28e,8,3039889,3039927,3061332,3052382,21405,21443,38,0,0,0
3061416,00dbea14-13a2-4bde-33ad-a4f2453591de,8,3039896,3039927,3061416,3066258,21489,21520,31,0,0,0
3063904,b5e95fe6-0853-d664-a43a-3e389f293945,8,3039871,3039927,3063904,3058518,23977,24033,56,0,0,0
3064828,bf93ece6-e261-cd1e-c889-a301ba5eb250,8,3039885,3039927,3064828,3076190,24901,24943,42,0,0,0
3065298,de6af8b3-0e93-e787-ae93-cd309e8e458e,8,3039875,3039927,3065298,3056822,25371,25423,52,0,0,0
3066395,d945fd1a-fec2-1522-1e95-995f344a004b,8,3039879,3039927,3066395,3060606,26468,26516,48,0,0,0
3067644,2878e868-e02d-60d6-540b-afd0ca68e4f0,8,3039882,3039927,3067644,3072427,27717,27762,45,0,0,0
3068599,c4b179b8-7d75-a12b-96b3-80cc386a6c49,8,3039878,3039927,3068599,3080771,28672,28721,49,0,0,0
3069382,18fc5bff-e84a-41b7-a24f-f6d59fb6281b,8,3039902,3039927,3069382,3070481,29455,29480,25,0,0,0
3071357,eea24f96-6db1-7513-7b83-55e9f8a35dd7,8,3039884,3039927,3071357,3071089,31430,31473,43,0,0,0
3071719,36d0340e-8715-6751-5a98-a51aeeccb80a,8,3039902,3039927,3071719,3056541,31792,31817,25,0,0,0
3073738,88e8e1a0-a3d2-af96-381d-979411a0dd24,8,3039884,3039927,3073738,3082923,33811,33854,43,0,0,0
3074503,857eaa97-7c97-34db-9607-b8a0627081aa,8,3039869,3039927,3074503,3059824,34576,34634,58,0,0,0
3096963,093ce3df-8c16-ed1e-9e29-561643016101,8,3054651,3054651,3096963,3092379,42312,42312,0,0,0,0
3097658,8503fc26-7cfb-7370-6e6b-75cd24ffa5f6,8,2799938,2799938,3097658,3108180,297720,297720,0,0,0,0
3098425,84129bef-6eed-b15e-e54f-af225419aae0,8,3035356,3035356,3098425,3085522,63069,63069,0,0,0,0
3100935,0174a07f-197c-c035-c1ce-2dee5ca50379,8,3039894,3039927,3100935,3129631,61008,61041,33,0,0,0
3102164,98653bd4-d978-ad95-6fac-6d2306f1862c,8,3039895,3039927,3102164,3077212,62237,62269,32,0,0,0
3102369,b9cbe58b-5362-cea2-3ff7-33ab527d3f17,8,3039895,3039927,3102369,3082776,62442,62474,32,0,0,0
3104877,1c66c329-5876-30c7-8f33-5233be2c88bc,1,3103897,3103897,3104877,3104957,980,980,0,0,0,0
3105132,46ac9a6e-b469-72b5-41d7-d788ed0651af,1,3104123,3104123,3105132,3104653,1009,1009,0,0,0,0
3105283,5627645e-fdc9-5c41-3173-4dca2fb17027,8,3039872,3039927,3105283,3134329,65356,65411,55,0,0,0
3105332,d31740a5-179e-4b03-bc25-797e6a05be46,1,3104341,3104341,3105332,3105149,991,991,0,0,0,0
3105449,9514476b-ef55-7420-6036-14d3347bc168,8,3054877,3054877,3105449,3122994,50572,50572,0,0,0,0
3106780,15bc3f2d-f5c4-47b2-9828-1f9c97f51447,1,3105970,3105970,3106780,3106394,810,810,0,0,0,0
3107044,391d9571-11fd-818c-d656-5b10cbfdc1ac,1,3106221,3106221,3107044,3106943,823,823,0,0,0,0
3107278,0ad064e0-fa86-8117-983a-be78693c1c55,1,3106467,3106467,3107278,3107023,811,811,0,0,0,0
3114957,e0824b23-d64c-06f6-102e-d02eb198aae1,8,2800027,2800027,3114957,3175576,314930,314930,0,0,0,0
3115298,79bcc938-efe8-ed94-67a6-871dd122d40b,8,3039875,3039927,3115298,3144550,75371,75423,52,0,0,0
3119355,78ef4ad7-984c-f7f5-ef4b-d178ed576edd,8,3039870,3039927,3119355,3142116,79428,79485,57,0,0,0
3119432,b6d166cd-0726-b291-c916-45ab9a8c8a39,8,3039867,3039867,3119432,3156065,79565,79565,0,0,0,0
3119888,8725a06a-5bc5-2609-dfec-ae6070de10f5,8,3039867,3039867,3119888,3130019,80021,80021,0,0,0,0
3122006,3a538294-e03a-6cd8-55ef-913077b2afa6,8,3061238,3061238,3122006,3135996,60768,60768,0,0,0,0
3130968,94f2f401-7d66-94b4-503e-14aa3f3b5126,1,3130159,3130159,3130968,3130646,809,809,0,0,0,0
3131183,ebe1e6bd-7698-a6fe-a55f-230be75fb954,1,3130382,3130382,3131183,3131525,801,801,0,0,0,0
3131412,b029447a-e5b4-cac4-030f-bed7b24aa14d,1,3130608,3130608,3131412,3131341,804,804,0,0,0,0
3133976,6f6ea2ec-f05e-fc5d-05a6-701c78dfeae2,8,3062412,3062412,3133976,3121043,71564,71564,0,0,0,0
3141919,b241848e-c48c-0240-dae2-1ef6a152bc85,1,3140922,3140922,3141919,3141564,997,997,0,0,0,0
3142182,2e6ebf2b-408a-b81d-b447-2d32c1dd7b9c,1,3141150,3141150,3142182,3142546,1032,1032,0,0,0,0
3142368,7a10ecf7-5d32-82f1-9337-b7fe1152b257,1,3141391,3141391,3142368,3141963,977,977,0,0,0,0
3178919,a3d9b386-d14c-ec16-bf36-5ea0d8a12230,64,3096554,3096554,3178919,3181290,82365,82365,0,0,0,0
3194861,813cd0ea-7f26-a239-0dd4-472134adeae8,8,3187866,3187905,3194861,3194993,6956,6995,39,0,0,0
3195079,0d322337-3dd0-7e68-edfa-0cde910bc36b,8,3187866,3187905,3195079,3197202,7174,7213,39,0,0,0
3199714,cf72ee86-8e85-d415-7ff0-0009d553b1fb,8,3187860,3187905,3199714,3196456,11809,11854,45,0,0,0
3199734,8bfda0a5-6415-b551-dc9d-4546468dc50b,8,3187857,3187905,3199734,3203245,11829,11877,48,0,0,0
3199888,f14b8d7c-f6d7-09ce-c39b-3a9f2eb6fd39,8,3187856,3187905,3199888,3197564,11983,12032,49,0,0,0
3199897,b074dba9-a443-3c87-9ff8-05c5ac6bbaf7,8,3187847,3187905,3199897,3196794,11992,12050,58,0,0,0
3200056,aebe7fc4-e250-7b50-4f21-969b61525d0b,8,3187853,3187905,3200056,3198968,12151,12203,52,0,0,0
3200088,c995b41b-562e-db89-44cb-f2deafaf9dab,8,3187853,3187905,3200088,3194520,12183,12235,52,0,0,0
3200057,11b9f9f9-65cf-46e5-434d-83fe2058fd24,8,3187860,3187905,3200057,3195780,12152,12197,45,0,0,0
3200355,8d3375de-716f-8b0b-3b1d-31cf79a70839,8,3187859,3187905,3200355,3203733,12450,12496,46,0,0,0
3200395,3a54832c-821e-bcbb-b22e-c8a18343b3a3,8,3187854,3187905,3200395,3195586,12490,12541,51,0,0,0
3200413,857da90d-f9e1-c9ee-0848-282c3035ebf4,8,3187863,3187905,3200413,3196671,12508,12550,42,0,0,0
3200512,ef323e3e-0fa9-f9f8-a84c-c34d8fbc0388,8,3187846,3187905,3200512,3195526,12607,12666,59,0,0,0
3200521,f516470f-2548-a2e0-86bb-0c437bae78c2,8,3187861,3187905,3200521,3202763,12616,12660,44,0,0,0
3200685,0e232341-d397-1d36-250d-59d189b4dbc0,8,3187856,3187905,3200685,3194378,12780,12829,49,0,0,0
3200797,b93ba1c4-1516-a9f0-b6a5-19cd4e23a74a,8,3187863,3187905,3200797,3195320,12892,12934,42,0,0,0
3201023,7369f074-9c80-f7d5-87df-c5b12fdc1900,8,3187849,3187905,3201023,3194431,13118,13174,56,0,0,0
3201154,cf01c834-fbe1-4500-52a9-4174e9017ed1,8,3187850,3187905,3201154,3199011,13249,13304,55,0,0,0
3201194,ea651d60-237a-9f32-5250-342759ef1808,8,3187846,3187905,3201194,3201810,13289,13348,59,0,0,0
3201333,bfafab87-fea1-7af7-17d8-183856c5bca9,8,3187859,3187905,3201333,3207680,13428,13474,46,0,0,0
3201676,3e9759ff-4f59-6af1-cb27-97f9df3de471,8,3187846,3187905,3201676,3208075,13771,13830,59,0,0,0
3202206,7135c7d1-a489-f872-9be3-13d0d5a087f2,8,3187850,3187905,3202206,3200669,14301,14356,55,0,0,0
3202221,59710f84-7cfa-63d3-68e4-c9d9fdc9b4cf,8,3187848,3187905,3202221,3208572,14316,14373,57,0,0,0
3202474,4e34ee0d-f118-6e7a-733f-1a6f69a10d9a,8,3187845,3187845,3202474,3204394,14629,14629,0,0,0,0
3204910,b0e69247-7c99-af92-a14d-e07d04a9c38c,8,3139440,3139440,3204910,3201129,65470,65470,0,0,0,0
3218717,57102df1-b1c4-6890-ba4d-c6bf224ea52f,16,3146591,3146591,3218717,3196124,72126,72126,0,0,0,0
3287648,808cef2f-85a4-9dd0-58bd-9674f9c18f3f,8,3210301,3210301,3287648,3272482,77347,77347,0,0,0,0
3304254,42454dc2-fc00-319b-bfc8-df9298535c12,16,3300194,3300194,3304254,3303904,4060,4060,0,0,0,0
3304316,6eb9e6fd-d8e2-35ca-4a67-13257e7e5c46,16,3300194,3300194,3304316,3304081,4122,4122,0,0,0,0
3304338,f97cbde7-02e1-f7a7-6b35-707d979b190d,16,3300194,3300194,3304338,3304264,4144,4144,0,0,0,0
3312867,86264725-faa5-05f1-ebe7-9f89869e7a40,8,3304475,3304475,3312867,3312786,8392,8392,0,0,0,0
3312910,18672c82-82bd-0592-c89d-1e2a5fde8341,8,3304475,3304475,3312910,3314146,8435,8435,0,0,0,0
3312882,15559eac-af20-c337-37cf-5f54180e2f0f,8,3304475,3304475,3312882,3315032,8407,8407,0,0,0,0
3312982,845e895c-82d4-409b-cda2-67b788cd7f72,8,3304476,3304535,3312982,3314898,8447,8506,59,0,0,0
3313006,46854b19-d91c-97e3-2a8a-c10a4f820dba,8,3304477,3304535,3313006,3312179,8471,8529,58,0,0,0
3332420,712889fa-a94f-232a-5da1-d0384d11072f,8,3330627,3330627,3332420,3332888,1793,1793,0,0,0,0
3332534,7f855109-bbb4-0475-5282-5972625916c1,8,3330627,3330627,3332534,3331909,1907,1907,0,0,0,0
3332539,df0e8915-41f1-1885-022f-83bbd3189d91,8,3330628,3330687,3332539,3331893,1852,1911,59,0,0,0
3332622,6ded6c2c-c613-9421-46a8-5628628da4f0,8,3330628,3330687,3332622,3333446,1935,1994,59,0,0,0
3337474,ade68538-1903-414e-9ea9-6ab521a5494d,8,3322502,3322502,3337474,3331097,14972,14972,0,0,0,0
3341246,54352af4-648f-c93a-af56-2d4abbe68747,8,3288334,3288334,3341246,3325662,52912,52912,0,0,0,0
3344722,223556e1-ba82-7d2f-e8df-b52314a7fd2f,8,3055938,3055938,3344722,3235551,288784,288784,0,0,0,0
3348726,e7f17a32-ca3b-8919-dbad-d040ba2f9fbe,8,3329633,3329633,3348726,3344077,19093,19093,0,0,0,0
3349988,f9329f7d-16d9-f8a4-e10d-c27d3a84311e,8,3329026,3329026,3349988,3341828,20962,20962,0,0,0,0
3356297,7ed30b72-6323-12d2-b051-d6ccff908122,8,3323432,3323432,3356297,3362668,32865,32865,0,0,0,0
3356886,89f9b992-118b-2ac4-81ee-f5e1bd949400,8,3315650,3315650,3356886,3338237,41236,41236,0,0,0,0
3361137,e4d13a9c-4f05-ce3f-6a81-ef1d7f29a69e,1,3360111,3360111,3361137,3361131,1026,1026,0,0,0,0
3361385,ab228e9d-85e4-5a02-f72d-9ecf019796aa,1,3360375,3360375,3361385,3361853,1010,1010,0,0,0,0
3361627,d7b63729-125e-5b84-c53c-cc37a5a3f084,1,3360611,3360611,3361627,3362014,1016,1016,0,0,0,0
3363026,4bc09d07-df89-7d00-fd62-f4b97584330a,1,3362196,3362196,3363026,3362747,830,830,0,0,0,0
3363253,1e2215a9-f85f-549c-fd5a-4c3e403d9518,1,3362420,3362420,3363253,3363478,833,833,0,0,0,0
3363485,500cde27-4d3d-8d9c-7304-926dc231adad,1,3362647,3362647,3363485,3363874,838,838,0,0,0,0
3365717,110995e9-640d-de5c-ce55-b826b50298b6,8,3328489,3328489,3365717,3380197,37228,37228,0,0,0,0
3367459,25e39ea9-07b5-9fd2-a3ad-5f1a19934fdf,8,3329133,3329146,3367459,3383202,38313,38326,13,0,0,0
3367758,88653f9f-0a4f-b3a8-ab64-0b50d5bed4f6,8,3329079,3329086,3367758,3381381,38672,38679,7,0,0,0
3388745,7a9e3e4e-254e-fd58-215d-7b3b292e324f,8,3388126,3388126,3388745,3388631,619,619,0,0,0,0
3388804,66024a18-798d-6acf-a020-72ff572bfeea,8,3388131,3388186,3388804,3388930,618,673,55,0,0,0
3388807,aff2a9a6-8d5d-135f-c4f4-abf423264160,8,3388129,3388186,3388807,3388491,621,678,57,0,0,0
3395092,205c33a9-118d-ea23-2be2-0e0e88197a7d,8,3394406,3394406,3395092,3394964,686,686,0,0,0,0
3395093,24bf8efe-db91-ad58-e7a8-5c8f902680c2,8,3394406,3394406,3395093,3395198,687,687,0,0,0,0
3395133,2d2bacc7-b992-8653-7c59-6f036eda748e,8,3394409,3394466,3395133,3395107,667,724,57,0,0,0
3400121,72be8f53-5d48-f4d8-f66b-72ae5af97c9e,8,3389127,3389127,3400121,3398673,10994,10994,0,0,0,0
3423764,274a68bb-b964-cb59-0b5b-2dd5c74a56fb,8,3423145,3423145,3423764,3423981,619,619,0,0,0,0
3423767,e90bc562-0cae-2826-d28c-cb496cf26c80,8,3423145,3423145,3423767,3423463,622,622,0,0,0,0
3423831,71ef5f95-eb93-6354-9274-c058431e0390,8,3423146,3423205,3423831,3423796,626,685,59,0,0,0
3423831,25c6dc8a-4298-8746-c96b-cd8b68d24a62,8,3423149,3423205,3423831,3423588,626,682,56,0,0,0
3450441,74a36f5b-80f0-0348-e7c6-ab322aa3cf39,1,3449628,3449628,3450441,3450206,813,813,0,0,0,0
3450655,72061d39-1a4c-a283-a067-87d0a13b7a72,1,3449852,3449852,3450655,3450570,803,803,0,0,0,0
3450893,0caf3e0a-78e6-e8a2-87a4-9552e1bc46a4,1,3450071,3450071,3450893,3451076,822,822,0,0,0,0
3476278,07276bdb-b8e7-7e1a-048a-c2aad707a313,1,3475473,3475473,3476278,3475967,805,805,0,0,0,0
3476622,f8e0cd5a-e4bc-dfa7-e941-deab7e2b8ac3,1,3475723,3475723,3476622,3476574,899,899,0,0,0,0
3476813,cd78f4b6-7164-07b5-081f-e74313d2ac38,1,3475955,3475955,3476813,3476811,858,858,0,0,0,0
3487591,7053b15b-bf18-2031-0f8e-a1f1508e9555,8,3480187,3480246,3487591,3484585,7345,7404,59,0,0,0
3488065,10c469e3-8027-ea01-dbff-671c24d9a6d7,8,3480186,3480186,3488065,3487347,7879,7879,0,0,0,0
3488079,3c9f87e3-1586-0cdb-b094-114dff319c50,8,3480186,3480186,3488079,3488818,7893,7893,0,0,0,0
3488074,d478f8ac-c2bd-9ea1-8562-a95b1eb57f17,8,3480186,3480186,3488074,3484347,7888,7888,0,0,0,0
3488216,bf99806c-a517-1401-d421-fa8b551361aa,8,3480187,3480246,3488216,3485087,7970,8029,59,0,0,0
3494218,a55ecb4e-a535-1789-f501-d54e94e17cc6,1,3493572,3493572,3494218,3494388,646,646,0,0,0,0
3511186,f3bf1b07-874b-d729-e161-a8df81f49b87,16,3508104,3508104,3511186,3509772,3082,3082,0,0,0,0
3511438,e0279161-fd0b-722b-4047-98e908e46668,16,3508105,3508164,3511438,3512502,3274,3333,59,0,0,0
3511507,0e20629f-2022-634f-a910-6253afefcc5a,16,3508104,3508104,3511507,3511795,3403,3403,0,0,0,0
3511554,b89261a8-9c68-46b7-4f31-308debad7b18,16,3508104,3508104,3511554,3510877,3450,3450,0,0,0,0
3511599,3f4e8727-b310-e4a3-392f-da2e373f7f11,16,3508134,3508164,3511599,3510825,3435,3465,30,0,0,0
3511638,7ee8f866-6bb3-6df2-90a1-8d9b83a35a85,16,3508105,3508164,3511638,3511506,3474,3533,59,0,0,0
3517918,34e96bca-6cfa-b818-d6c7-39faa4a3a630,16,3514559,3514559,3517918,3517335,3359,3359,0,0,0,0
3524976,62568c20-8fb1-0eed-da32-2f3ca6ddebc4,8,3494301,3494301,3524976,3512395,30675,30675,0,0,0,0
3531331,c72ffa73-e1d5-8ac7-0f92-c40c7c6d0687,1,3530510,3530510,3531331,3531543,821,821,0,0,0,0
3531513,8595dda3-8f51-1b7c-d049-a88be6eaf5d2,1,3530878,3530878,3531513,3531623,635,635,0,0,0,0
3531797,893f77c7-857d-5b11-df93-591a22eac88b,1,3530986,3530986,3531797,3531927,811,811,0,0,0,0
3531800,3a72defd-6cb2-9bca-66df-ce01a3dec17a,1,3530729,3530729,3531800,3531708,1071,1071,0,0,0,0
3535480,5fabb9a9-0713-078b-1c0e-dab37c2712b8,1,3534666,3534666,3535480,3535111,814,814,0,0,0,0
3535697,695e15d8-a5aa-338b-d3b7-875bf6c0efba,1,3535026,3535026,3535697,3535815,671,671,0,0,0,0
3535965,580f87fe-c282-2d2a-3dc6-1fb6416a3371,1,3534889,3534889,3535965,3535913,1076,1076,0,0,0,0
3535988,aec168fa-4ba8-bde0-d372-be776add0f92,1,3535174,3535174,3535988,3535577,814,814,0,0,0,0
3538820,0d00c96f-1f99-4e9c-8ea2-5b2d1f6c1bef,1,3537996,3537996,3538820,3538607,824,824,0,0,0,0
3538977,eee887e4-073c-3b39-c393-5dbea7ebccce,1,3538331,3538331,3538977,3538697,646,646,0,0,0,0
3539201,83d4440d-34fb-03b3-ab14-e5263d7d7b2f,1,3538217,3538217,3539201,3538882,984,984,0,0,0,0
3539252,2f611f36-86c4-3d87-6d40-f72fc55ad23f,1,3538444,3538444,3539252,3538932,808,808,0,0,0,0
3542121,83377469-7e54-e719-ce75-bf1014139aa8,4,3465901,3465901,3542121,3564847,76220,76220,0,0,0,0
3546164,b6c4564a-5501-4fb5-2eeb-39d68b767a94,1,3545352,3545352,3546164,3546093,812,812,0,0,0,0
3546372,e50a1e54-2991-1bdd-9686-bb83634093f9,1,3545575,3545575,3546372,3546586,797,797,0,0,0,0
3546391,90868ed9-76b0-bf1a-7c5e-4627ca74b799,1,3545689,3545689,3546391,3546437,702,702,0,0,0,0
3546916,0e5a1e40-c298-4b7a-31d7-669ed72f669a,1,3545802,3545802,3546916,3547152,1114,1114,0,0,0,0
3549688,5d8739aa-79c0-2999-0bb5-c47e48c503fd,1,3548874,3548874,3549688,3549523,814,814,0,0,0,0
3549909,b03e2943-916d-9cca-755d-7bff246ce79b,1,3549095,3549095,3549909,3550120,814,814,0,0,0,0
3550201,08baea08-df6d-2da3-dd84-0a88a586e69c,1,3549318,3549318,3550201,3549861,883,883,0,0,0,0
3552507,54fd1c59-742e-3069-0457-7fb8e539aae8,8,3471032,3471032,3552507,3530927,81475,81475,0,0,0,0
3552523,677035ca-b968-e2ff-c04e-6adc0f9c933b,1,3551713,3551713,3552523,3552224,810,810,0,0,0,0
3552755,d050a38a-5481-0632-8df2-4a5af1b256d0,1,3551937,3551937,3552755,3552837,818,818,0,0,0,0
3553042,5025761c-e029-7f5d-f46d-39c93a301530,1,3552177,3552177,3553042,3553296,865,865,0,0,0,0
3556528,b44a8c33-61a5-e9ec-417d-76dd1f4cd5b2,1,3555726,3555726,3556528,3556801,802,802,0,0,0,0
3556706,0b14dc28-271a-c10c-b005-ebff5741a155,1,3556068,3556068,3556706,3556745,638,638,0,0,0,0
3556972,80effb52-38c4-fe4a-f4fd-872de10f027f,1,3555954,3555954,3556972,3556968,1018,1018,0,0,0,0
3557030,d65cf074-e31a-7153-ed2c-56bb508fd69e,1,3556193,3556193,3557030,3556789,837,837,0,0,0,0
3559669,ef80afad-d1a6-2e7a-69b0-4a13a5895a9b,1,3559049,3559049,3559669,3559916,620,620,0,0,0,0
3559748,fc4c1a7c-471b-3499-68b3-8ddcaff861e4,1,3558936,3558936,3559748,3559928,812,812,0,0,0,0
3559973,0339a5f9-1aeb-066e-aca9-f58c47051139,1,3559172,3559172,3559973,3560119,801,801,0,0,0,0
3560225,f7b567fc-334d-ecab-ec2a-78e1774d26bc,1,3559409,3559409,3560225,3559957,816,816,0,0,0,0
3562609,28daa155-12dc-746f-f9de-5e8c7ee797b3,16,3559204,3559232,3562609,3561281,3377,3405,28,0,0,0
3566063,bdc9b602-6776-1eb8-af31-0c0840382092,16,3562847,3562847,3566063,3567190,3216,3216,0,0,0,0
3566293,5ef980b7-8303-7d6d-0009-8a0a19dc1dc9,16,3563090,3563111,3566293,3566787,3182,3203,21,0,0,0
3570001,17fd5485-3b8c-2fb2-19a4-494d5d2c3098,16,3566749,3566749,3570001,3570469,3252,3252,0,0,0,0
3578284,cbca3c49-abe4-4f06-0272-a0f739a8e0bd,16,3574925,3574925,3578284,3576683,3359,3359,0,0,0,0
3580934,bb00b7c8-b00a-a371-697a-09ea59cc3465,8,3505212,3505212,3580934,3556830,75722,75722,0,0,0,0
3581525,61983f51-f022-6bce-58aa-240e4094d309,8,3574274,3574274,3581525,3583572,7251,7251,0,0,0,0
3584206,ac85ed4b-9d0a-717d-acd3-e0947c5d3ac4,8,3505256,3505272,3584206,3554385,78934,78950,16,0,0,0
3584745,fb2e358c-6ff4-7bb8-997c-b8d22ba9eee7,8,3584117,3584117,3584745,3584631,628,628,0,0,0,0
3585612,2b95b846-1fb4-e090-94e5-ffac2544f255,8,3584963,3584963,3585612,3585603,649,649,0,0,0,0
3585665,3d98f9a4-f454-cbfb-9aeb-011b48c495d1,8,3584964,3585023,3585665,3585674,642,701,59,0,0,0
3585669,139c83e9-08fd-ea91-428d-dadba9db336c,8,3584965,3585023,3585669,3585529,646,704,58,0,0,0
3585681,ec88f373-37c8-07ff-9631-13d608158818,8,3584964,3585023,3585681,3585561,658,717,59,0,0,0
3585675,3f81d4e7-da4d-a558-5d3c-c50618d50162,8,3584964,3585023,3585675,3585915,652,711,59,0,0,0
3585702,df1fe433-23a7-dcef-9172-300d5eaaae6d,8,3584966,3585023,3585702,3585321,679,736,57,0,0,0
3585790,4161d1b4-321e-50ab-d153-f754208ee09c,4,3574590,3574590,3585790,3582847,11200,11200,0,0,0,0
3588001,142825b2-ac30-9d0a-b244-62d2c016f7ee,8,3587309,3587309,3588001,3588213,692,692,0,0,0,0
3588040,f7257825-e8ff-2991-7555-de6ec7020a01,8,3587309,3587309,3588040,3587838,731,731,0,0,0,0
3588007,f31c1c24-40c0-9894-a68a-4282835288a4,8,3587309,3587309,3588007,3587819,698,698,0,0,0,0
3588061,fbac94bd-f39e-a0f2-3f85-59c79f4463a0,8,3587310,3587369,3588061,3587946,692,751,59,0,0,0
3588049,2ba180e8-8482-2c0a-a3dc-719571f95eab,8,3587311,3587369,3588049,3587908,680,738,58,0,0,0
3600419,31328dd6-d3bf-c935-2c49-68ad625f239a,8,3526445,3526445,3600419,3608652,73974,73974,0,0,0,0
3604032,8a125374-830a-3ba8-a238-cc385e024fa4,8,3596750,3596750,3604032,3601485,7282,7282,0,0,0,0
3605747,5831da28-dae4-e4a9-1ec9-5c5b7d0e01f4,8,3602873,3602873,3605747,3606793,2874,2874,0,0,0,0
3609520,1bf60c6e-e839-c8f6-61ca-71ad2cce4996,8,3604677,3604677,3609520,3608809,4843,4843,0,0,0,0
3612952,9becc679-8f06-cbf7-f471-e8d36d8b2c5f,8,3608688,3608688,3612952,3610993,4264,4264,0,0,0,0
3613914,36f0ef02-774e-2fb1-3af0-ff695ea6f62e,8,3613268,3613268,3613914,3614032,646,646,0,0,0,0
3618794,b33d6beb-15cb-da0f-86b4-76acc87db458,8,3618116,3618116,3618794,3618683,678,678,0,0,0,0
3620898,c49735bf-0f65-97f7-f63e-2f02921027ef,8,3616445,3616445,3620898,3618883,4453,4453,0,0,0,0
3649541,bf00b1e0-fedc-11f2-7ba1-22a07612e42b,16,3646221,3646280,3649541,3650673,3261,3320,59,0,0,0
3649561,d4fcc901-3a39-2c0f-b4b8-5a2b362406fa,16,3646220,3646220,3649561,3649127,3341,3341,0,0,0,0
3649582,2828e6a8-92d3-04b6-d8c4-72720534d2a8,16,3646221,3646280,3649582,3649307,3302,3361,59,0,0,0
3649779,c3213e66-55d1-888b-34b0-30321f55321b,16,3646222,3646280,3649779,3649594,3499,3557,58,0,0,0
3650092,9b52fdc7-04df-cf14-f538-a3d8a69bb8e7,8,3447199,3447199,3650092,3645471,202893,202893,0,0,0,0
3650226,a57cb3d1-9989-456f-a143-5b48924bba7e,16,3646908,3646908,3650226,3648581,3318,3318,0,0,0,0
3650255,161b45a8-8ae0-6c7a-0a0d-e2ebfc3ef5b9,16,3646909,3646968,3650255,3650571,3287,3346,59,0,0,0
3650284,ae11a2d4-d1f2-6a34-ebc3-406023f969f2,16,3646910,3646968,3650284,3650468,3316,3374,58,0,0,0
3650312,3b61c1d9-604c-50c3-bbdb-4036443e61a2,16,3646909,3646968,3650312,3650882,3344,3403,59,0,0,0
3650570,943e3548-d8e9-9aa6-a41c-6ed486441478,8,3649905,3649905,3650570,3650247,665,665,0,0,0,0
3651159,d6462d44-5d7a-cc37-a12b-1c11e54532d1,16,3647836,3647844,3651159,3652323,3315,3323,8,0,0,0
3651230,5ef0d853-9ebd-f552-9ded-2282dd8b99ad,16,3647975,3647975,3651230,3652430,3255,3255,0,0,0,0
3651326,fd854fa2-eb8c-fc85-db13-5ce8dec8551f,16,3647977,3648035,3651326,3649725,3291,3349,58,0,0,0
3651336,dd61e0f9-aa36-ac97-6475-0b11d49c5df4,16,3647976,3648035,3651336,3650556,3301,3360,59,0,0,0
3651600,b8ec8273-c1ea-d204-83f1-0a09610af755,16,3648350,3648350,3651600,3650554,3250,3250,0,0,0,0
3651809,5ec5892d-bf61-c8f0-049b-e379af76fd36,16,3648547,3648547,3651809,3651546,3262,3262,0,0,0,0
3651890,05f547ba-9e1b-e230-c73d-1dcde0fa1a0d,16,3648550,3648607,3651890,3651024,3283,3340,57,0,0,0
3651895,391d39d4-8a37-5205-a6f8-4523163bfb8f,16,3648548,3648607,3651895,3651922,3288,3347,59,0,0,0
3652117,a1aa9a6d-d81d-255f-575d-49341d8e47b8,16,3648861,3648861,3652117,3650736,3256,3256,0,0,0,0
3652152,f07167be-b057-64ac-e6f4-3debdc009158,16,3648861,3648861,3652152,3652482,3291,3291,0,0,0,0
3652197,4a58d20e-035d-855b-6850-17c604933fbd,16,3648862,3648921,3652197,3650677,3276,3335,59,0,0,0
3652178,10593602-b47f-e245-edff-75792ec694f6,16,3648862,3648921,3652178,3653345,3257,3316,59,0,0,0
3662978,a2832988-08d9-4d08-9971-c025f028f993,8,3650747,3650747,3662978,3659302,12231,12231,0,0,0,0
3670604,2227a9b3-22ea-da73-a5ee-68fa7582bcb0,4,3624756,3624756,3670604,3655980,45848,45848,0,0,0,0
3680503,bdab28e0-92e6-75ff-2e26-f1ace6da6b46,16,3676345,3676345,3680503,3678465,4158,4158,0,0,0,0
3681459,10c55a1b-f39b-be07-1f23-133d37de78b5,16,3677397,3677397,3681459,3682418,4062,4062,0,0,0,0
3681744,396ef057-1cd9-4b33-4998-023b2b8eedae,16,3677397,3677397,3681744,3682518,4347,4347,0,0,0,0
3681807,0c0833f2-7099-c082-0c48-a342f8a35ed8,16,3677398,3677457,3681807,3679787,4350,4409,59,0,0,0
3682107,8e20c39d-7110-2ad6-d2da-fc635240758e,16,3678030,3678030,3682107,3681275,4077,4077,0,0,0,0
3682168,5f2fea66-ac89-6a12-c117-5223adcdb75b,16,3678030,3678030,3682168,3684099,4138,4138,0,0,0,0
3682217,cb86a0d8-8a6a-1b25-6a5c-456dc6b4ebbd,16,3678032,3678090,3682217,3683607,4127,4185,58,0,0,0
3682276,750d98b9-b8b4-748e-4c6c-3bd6cb7028ee,16,3678031,3678090,3682276,3681209,4186,4245,59,0,0,0
3682415,483f88b7-6d72-75c3-fb90-611386e031e7,16,3678255,3678314,3682415,3680958,4101,4160,59,0,0,0
3682437,f84beed3-f088-5fa0-527c-52ccf7f8acb9,16,3678254,3678254,3682437,3683903,4183,4183,0,0,0,0
3682456,1644273a-0719-2436-3632-f0c0714ff1d7,16,3678255,3678314,3682456,3681742,4142,4201,59,0,0,0
3682452,a9582fca-fa60-7524-3c4e-3df4e0dfafcd,16,3678360,3678374,3682452,3683330,4078,4092,14,0,0,0
3682486,3ecf4897-6575-3163-b0e8-0213c2b533f4,16,3678255,3678314,3682486,3683408,4172,4231,59,0,0,0
3682487,cb4f9770-8252-8bc1-c5ea-ece9ede5c338,16,3678360,3678374,3682487,3682451,4113,4127,14,0,0,0
3682501,0aaccf5b-cba2-6317-424d-19ea48748186,16,3678360,3678374,3682501,3682293,4127,4141,14,0,0,0
3682520,a69fb357-9cf1-5674-9a1e-36cc0a2fd3bb,16,3678360,3678374,3682520,3683963,4146,4160,14,0,0,0
3698365,6f827037-2d38-5be1-012b-30ccafe99476,8,3629723,3629723,3698365,3719509,68642,68642,0,0,0,0
3702986,d9369308-2f69-d88b-ef5b-740d4fa44ecb,1,3702326,3702326,3702986,3702695,660,660,0,0,0,0
3703521,ff83457c-fde6-44af-180a-ec23fc43664e,1,3702880,3702880,3703521,3703563,641,641,0,0,0,0
3703589,1e0c1752-d384-4b98-c81f-9cfe309c43cf,1,3702092,3702092,3703589,3703367,1497,1497,0,0,0,0
3703992,1f70ed0e-a912-9448-a9e1-de608911e8dd,1,3703345,3703345,3703992,3703733,647,647,0,0,0,0
3704084,997119a8-162f-45ff-5404-465ac7f49955,1,3702576,3702576,3704084,3704687,1508,1508,0,0,0,0
3704616,8f9e795e-095f-dbf2-5f42-00bf8fe3819d,1,3703115,3703115,3704616,3704448,1501,1501,0,0,0,0
3706085,b543812c-a4b2-747e-b7a9-22a5cd7e6436,1,3705445,3705445,3706085,3706350,640,640,0,0,0,0
3706660,4bdf3af0-4775-f014-7b36-12f079c2fe52,1,3706007,3706007,3706660,3706387,653,653,0,0,0,0
3706711,ef37a2cd-8593-5429-1e74-2e8ea414bc6a,1,3705215,3705215,3706711,3706991,1496,1496,0,0,0,0
3707126,ed3b08d2-db21-3812-dcde-641fd02535b2,1,3706487,3706487,3707126,3707228,639,639,0,0,0,0
3707160,5ed8e959-56bd-ea85-9ca6-865991ed007e,1,3705674,3705674,3707160,3706979,1486,1486,0,0,0,0
3707774,db1731e2-0ff4-cf29-4f10-e8a08b13dd5e,1,3706255,3706255,3707774,3708421,1519,1519,0,0,0,0
3712981,8be7652d-9c57-ae6d-dfee-5f3dc2252f75,8,3669088,3669088,3712981,3710413,43893,43893,0,0,0,0
3722531,d2d601d5-521e-140f-dba6-45aa9d78ffe0,1,3721874,3721874,3722531,3722785,657,657,0,0,0,0
3723010,313161a5-5a15-1fff-52ad-93457c7d8b97,1,3722359,3722359,3723010,3722966,651,651,0,0,0,0
3723184,3aacfca3-6fe8-6bb4-7fd2-5d5dd1b6f1fe,1,3721636,3721636,3723184,3723205,1548,1548,0,0,0,0
3723560,b0cc1e5c-534c-8ff1-0471-14eb38f7fe24,1,3722854,3722854,3723560,3723676,706,706,0,0,0,0
3723710,9d31dbfe-59c8-097e-32b1-bc1d020e6a2a,1,3722115,3722115,3723710,3723275,1595,1595,0,0,0,0
3724166,b71e8196-c1e8-aceb-a5d3-270cc2f5c149,1,3722595,3722595,3724166,3723846,1571,1571,0,0,0,0
3724724,4f6f6714-3816-bb69-addc-3496c78ba0c2,1,3724085,3724085,3724724,3724649,639,639,0,0,0,0
3725223,74809230-f151-2495-f9ea-114d1540ea69,1,3724582,3724582,3725223,3725380,641,641,0,0,0,0
3725343,095afe4b-55b4-8912-ff84-4773bf1b5a01,1,3723848,3723848,3725343,3725167,1495,1495,0,0,0,0
3725689,65f7f7c3-0746-7ece-b6d3-573dcc6c7bc2,1,3725050,3725050,3725689,3725753,639,639,0,0,0,0
3725843,a46faead-3ff7-6d26-fade-884fafea561a,1,3724349,3724349,3725843,3725567,1494,1494,0,0,0,0
3726314,166c0589-99e7-c87f-7699-0c195e436d81,1,3724815,3724815,3726314,3725591,1499,1499,0,0,0,0
3739413,3cac2f91-e6be-34ac-234b-70066c6de969,1,3706679,3706720,3739413,3729025,32693,32734,41,0,0,0
3756971,28d95f8d-891d-7aeb-f4e7-df5b7a89a65c,8,3658675,3658675,3756971,3728699,98296,98296,0,0,0,0
3774822,92d0471e-ffef-d385-3858-02f1f08ad2ba,8,3715819,3715819,3774822,3800539,59003,59003,0,0,0,0
3794188,8b0c287c-c9a7-2019-76ac-0e84e3d79e8b,8,3578297,3578344,3794188,3739861,215844,215891,47,0,0,0
3809255,244b23b1-a131-18d0-1392-e109d3228db7,8,3710488,3710488,3809255,3841966,98767,98767,0,0,0,0
3818502,1717097d-fc89-4f1b-4677-ab327a99b57d,8,3716020,3716020,3818502,3849551,102482,102482,0,0,0,0
3819663,96e1ee24-d631-d1cb-5833-60522b99b45d,8,3715861,3715879,3819663,3796467,103784,103802,18,0,0,0
3821724,21a1a72e-e8c6-2479-4517-1b06e75818bf,8,3716126,3716126,3821724,3769059,105598,105598,0,0,0,0
3831968,1ca020d2-18cc-6931-d175-196c5ebe6c65,8,3830878,3830915,3831968,3831699,1053,1090,37,0,0,0
3832033,e1e218b4-b42f-a4fa-9049-361ef6663e93,8,3830920,3830975,3832033,3831830,1058,1113,55,0,0,0
3842112,8029ccbd-d920-a6f6-4a35-a78b9b4a6594,8,3830843,3830855,3842112,3837382,11257,11269,12,0,0,0
3847575,63ca7157-ab2a-b4d1-acad-4c0803429bdd,8,3830795,3830795,3847575,3847648,16780,16780,0,0,0,0
3855684,23aa1a48-f1d8-072a-8b84-4ffe1b312cfb,8,3762908,3762908,3855684,3865268,92776,92776,0,0,0,0
3867148,dd79c4ab-d0bd-5160-cdec-728dc967c613,8,3839960,3840008,3867148,3871986,27140,27188,48,0,0,0
3867219,e58220fb-44c0-4650-039c-d30e9b32c18a,8,3839948,3839948,3867219,3878732,27271,27271,0,0,0,0
3900309,e72fa7e9-e30c-70fd-8349-c174ab0be280,8,3648673,3648673,3900309,3830474,251636,251636,0,0,0,0
3925917,52c52159-be91-d140-4a74-b5e15da7f4f0,1,3637087,3637087,3925917,3789449,288830,288830,0,0,0,0
3929419,e1ae4875-5c41-dfd1-d713-bdaf16c5d15d,1,3923906,3923945,3929419,3927528,5474,5513,39,0,0,0
3929535,6c06fc1c-1103-7ce4-5f27-ba2cd892bfe5,1,3923885,3923885,3929535,3929227,5650,5650,0,0,0,0
3956413,f82d1334-6af0-501c-c3a3-74d264cccf09,1,3923929,3923945,3956413,3953202,32468,32484,16,0,0,0
3968436,471b024a-39d3-12d5-c4bb-95d1960b0c5e,8,3925309,3925309,3968436,3969586,43127,43127,0,0,0,0
3969005,ec359559-8882-2c16-9ffd-8b3ab6b10378,1,3968329,3968329,3969005,3968773,676,676,0,0,0,0
3969611,c6880773-e646-d57c-462b-cdde9b65a4a8,1,3968969,3968969,3969611,3969797,642,642,0,0,0,0
3969659,167a6bb9-0538-22d6-ee54-0acd82809828,1,3968101,3968101,3969659,3969345,1558,1558,0,0,0,0
3970177,491dff05-51a3-3e02-ec39-228b5f59083c,1,3968631,3968631,3970177,3969966,1546,1546,0,0,0,0
3970180,96136479-d739-f904-3d1c-dbc889f0d60a,1,3969529,3969529,3970180,3969895,651,651,0,0,0,0
3970737,fd491137-2867-9cc1-606d-7b610c33c21f,1,3969233,3969233,3970737,3970611,1504,1504,0,0,0,0
3980101,1b7820bf-c746-3641-e191-6fcd4dfd2468,1,3978811,3978811,3980101,3979819,1290,1290,0,0,0,0
3980646,423a4ed2-6a2e-e9e8-f8c9-82587deb51fd,1,3979365,3979365,3980646,3981015,1281,1281,0,0,0,0
3981141,7ca495a8-0894-76fe-ca08-d6cf570da7fa,1,3979858,3979858,3981141,3981183,1283,1283,0,0,0,0
3982244,f849bb62-c650-1492-6e1a-dca0a177ccf2,8,3925410,3925410,3982244,4007559,56834,56834,0,0,0,0
3984205,1437a6f8-5d56-4ec9-d074-3d6c9db92a1e,8,3903462,3903462,3984205,3945117,80743,80743,0,0,0,0
3990146,8188d883-54a1-47a8-f08e-6565870713a7,8,3665345,3665345,3990146,4071636,324801,324801,0,0,0,0
3990677,55fac683-d062-0b87-73b1-519df3940f4e,1,3987228,3987228,3990677,3991130,3449,3449,0,0,0,0
3995168,bccf4d6f-5ccf-634f-1e13-7ab3b82374a0,1,3991659,3991659,3995168,3996767,3509,3509,0,0,0,0
3995562,a9b4adc1-7d88-8e18-310a-dbd81bed09ca,1,3992037,3992037,3995562,3995910,3525,3525,0,0,0,0
4000440,67b5c84f-525c-f77e-ba18-717c337f2ee2,1,3995716,3995716,4000440,4001892,4724,4724,0,0,0,0
4000593,f16f74a0-587e-70e0-c542-07b09b0fb8ce,1,3995893,3995893,4000593,3998247,4700,4700,0,0,0,0
4001283,1836a0ed-b77e-7444-9e6d-5f7576dd888e,8,3965951,3965951,4001283,4002786,35332,35332,0,0,0,0
4001423,e9404300-2152-f3fa-1791-b7a1a3017eea,8,3987343,3987343,4001423,4003675,14080,14080,0,0,0,0
4003329,311ec4ee-25b1-9030-dffc-df009ae577c2,8,3991088,3991088,4003329,4003537,12241,12241,0,0,0,0
4006473,b7a8c8b8-68c8-fdcc-10a9-78f999778706,8,3992943,3992943,4006473,4010128,13530,13530,0,0,0,0
4010724,c623e20c-a246-4b49-2fe6-733bd2ae7cc2,1,4007598,4007656,4010724,4011388,3068,3126,58,0,0,0
4013422,fc8f43c8-6bc7-b1ec-3392-93ecebc47619,8,3992996,3993003,4013422,4017266,20419,20426,7,0,0,0
4016463,ddbc25fb-6903-a86c-fdcf-5de322cbc84e,8,3981992,3981992,4016463,4004577,34471,34471,0,0,0,0
4028262,9efc2c49-9144-853d-f6b1-38da40b0700e,8,3993260,3993260,4028262,4030183,35002,35002,0,0,0,0
4028840,80dd9dd3-0cc9-8544-f147-c79cc4ccc63f,8,4007597,4007656,4028840,4028343,21184,21243,59,0,0,0
4029040,9546a159-4c94-9e6e-6adf-32ecd37e3f70,8,4007597,4007656,4029040,4020432,21384,21443,59,0,0,0
4029067,807d705e-bdbe-f28e-bd56-841ef8378d0c,8,4007597,4007656,4029067,4039051,21411,21470,59,0,0,0
4029191,df0413d2-baa3-53b0-a141-d46c73be1b82,8,4007596,4007596,4029191,4024072,21595,21595,0,0,0,0
4029194,6ed9cce2-eb69-c6b6-2858-a3d49047fdea,8,4007597,4007656,4029194,4027638,21538,21597,59,0,0,0
4030937,629f69fa-e419-2fd4-02ba-f6b8fa50810e,8,3641818,3641818,4030937,4074383,389119,389119,0,0,0,0
4035808,aa4d15b3-9791-83a9-4afb-4e6a064aaec9,8,4032709,4032709,4035808,4036636,3099,3099,0,0,0,0
4037270,646c798e-cf3e-c3d2-ead6-5e0d1e0c8279,8,4033207,4033207,4037270,4038421,4063,4063,0,0,0,0
4041516,9a1e373b-3c60-9cd5-2395-e4926de9026b,8,3993792,3993792,4041516,4048832,47724,47724,0,0,0,0
4050835,218986b0-ffe6-b62c-64dc-618a8022588d,1,4049554,4049554,4050835,4051448,1281,1281,0,0,0,0
4051313,54cb5255-8c4c-912f-83d8-aac926fa4004,1,4050044,4050044,4051313,4051643,1269,1269,0,0,0,0
4051786,36f93156-9a19-9bd0-6c2b-45cac04ab710,1,4050517,4050517,4051786,4051224,1269,1269,0,0,0,0
4052344,3161e145-8cf5-7a05-9284-9b75745d82b8,1,4051073,4051073,4052344,4051967,1271,1271,0,0,0,0
4052853,28211305-f224-23ef-4a7f-7de7cb27f84b,1,4051545,4051545,4052853,4052268,1308,1308,0,0,0,0
4053365,87d802a1-42e7-6bef-8b95-700a5f4761c9,1,4052025,4052025,4053365,4053891,1340,1340,0,0,0,0
4054694,a56d9b90-5a58-1486-ea02-96cda1781dd4,32,4041560,4041576,4054694,4049135,13118,13134,16,0,0,0
4054954,ab51703e-0433-d40a-6c70-007d0778cbaf,1,4053693,4053693,4054954,4055436,1261,1261,0,0,0,0
4055449,d8087935-2da1-94d3-e783-b0bd695c3f04,1,4054163,4054163,4055449,4056022,1286,1286,0,0,0,0
4055921,e3e70980-95b4-505d-a0ed-1c10e0a341c6,1,4054639,4054639,4055921,4055642,1282,1282,0,0,0,0
4056884,b4d4377b-b00b-e074-4dfe-a1ada5cd488d,1,4053913,4053913,4056884,4057127,2971,2971,0,0,0,0
4057780,12eb426c-fb15-e056-1c61-23a7c3b64f94,8,4019740,4019740,4057780,4062491,38040,38040,0,0,0,0
4062601,addfe2fe-d209-ba62-4b9f-c93eae11f1f3,8,4048710,4048710,4062601,4065070,13891,13891,0,0,0,0
4064682,1d930b9b-de70-7c0e-a6ea-2cc22c138751,1,4061847,4061847,4064682,4065787,2835,2835,0,0,0,0
4064786,255355e8-667d-4fc7-0b3b-924620c05333,1,4061953,4061982,4064786,4063707,2804,2833,29,0,0,0
4064832,b187fe2b-6449-d7f9-7017-361ea378a70f,1,4061922,4061922,4064832,4064425,2910,2910,0,0,0,0
4065253,2d2b8c57-8eda-a3db-df15-7669dadc7e13,1,4060607,4060607,4065253,4067111,4646,4646,0,0,0,0
4069721,6f2b2cb6-8590-7a37-4ebd-d2b2b2781d12,1,4064811,4064846,4069721,4070908,4875,4910,35,0,0,0
4069827,34e02dfe-0176-1649-2792-10b5648f5a06,1,4064813,4064846,4069827,4070552,4981,5014,33,0,0,0
4072893,e2e8348e-b386-1760-df05-ec3b97444cca,1,4066540,4066540,4072893,4071327,6353,6353,0,0,0,0
4073420,66b25584-53af-ba26-07a8-25f01e4dde00,1,4066145,4066145,4073420,4072293,7275,7275,0,0,0,0
4074253,c2f42d84-e898-41e3-4aad-d895d304c821,1,4066335,4066335,4074253,4070751,7918,7918,0,0,0,0
4085897,7381912a-93a6-723d-28ea-818b806f429c,8,3995497,3995497,4085897,4120259,90400,90400,0,0,0,0
4086834,8c707eec-ee94-50b8-c663-f8e550a6c888,1,4082149,4082176,4086834,4084466,4658,4685,27,0,0,0
4086991,d4904d12-8e32-476e-243e-9f39d2829d85,1,4082116,4082116,4086991,4084672,4875,4875,0,0,0,0
4089483,2dd964a7-ca5a-cf33-a98f-aac1fffe609c,8,4017803,4017803,4089483,4109823,71680,71680,0,0,0,0
4089666,68dc8a83-de7e-fc0a-79c0-e8adbbbe43a1,8,3987451,3987451,4089666,4049961,102215,102215,0,0,0,0
4091354,f5487ad8-8da7-aad8-a7e9-a3771490b828,1,4079459,4079459,4091354,4091945,11895,11895,0,0,0,0
4092135,db750dbf-2e7b-6f7b-076a-6545dc46a0fa,1,4080435,4080436,4092135,4090788,11699,11700,1,0,0,0
4092224,8268166a-ed48-adf1-2cc8-5993913a6a1f,1,4080376,4080376,4092224,4093572,11848,11848,0,0,0,0
4092316,2a428b22-bf49-22b7-a60b-ee793f819771,1,4080403,4080436,4092316,4091621,11880,11913,33,0,0,0
4092458,2e232d29-3783-4910-ac19-41f1afb37ab5,1,4080466,4080496,4092458,4089550,11962,11992,30,0,0,0
4092508,48f99917-b5cd-113a-613c-fcebac89ba55,1,4080494,4080496,4092508,4092185,12012,12014,2,0,0,0
4092463,3e163fe0-0f89-e259-c2e7-e8f668bd92a9,1,4080523,4080556,4092463,4087273,11907,11940,33,0,0,0
4092535,8b947bc0-8eaf-28da-9d57-4da6836a106a,1,4080550,4080556,4092535,4089762,11979,11985,6,0,0,0
4092713,315edbdd-f558-a8d1-dcb6-0a2748a406ad,1,4080661,4080676,4092713,4094742,12037,12052,15,0,0,0
4092716,10514bf7-54ca-f1ae-11db-eede84a43af7,1,4080605,4080616,4092716,4096911,12100,12111,11,0,0,0
4092829,9a3d2895-cf80-b12e-5b30-0fb139f6af79,1,4080719,4080736,4092829,4092653,12093,12110,17,0,0,0
4092842,86db08be-b97e-b5b7-4ad9-530a48fe1af6,1,4080633,4080676,4092842,4096133,12166,12209,43,0,0,0
4092863,f9c4dc6c-d42e-b4c3-89c1-54c4b1e08ece,1,4080691,4080736,4092863,4086951,12127,12172,45,0,0,0
4092963,0f680963-185a-f2f0-d2ff-d2f3f322d11a,1,4080746,4080796,4092963,4097410,12167,12217,50,0,0,0
4092994,561632a7-945d-bd0b-01c2-8464bb47cb83,1,4080776,4080796,4092994,4087878,12198,12218,20,0,0,0
4093013,ed1e65f8-1031-5497-e039-736cf0027678,1,4080805,4080856,4093013,4087043,12157,12208,51,0,0,0
4101398,9bf7bdfd-b4d0-0b4f-c8d4-3002fed2b9ef,1,4065753,4065753,4101398,4106991,35645,35645,0,0,0,0
4101754,ee90951e-37d6-5cc2-6c40-be2046cdf031,1,4065946,4065946,4101754,4092806,35808,35808,0,0,0,0
4102006,5fe7890e-193d-787d-fa1b-241f462dc7ce,1,4096903,4096903,4102006,4104178,5103,5103,0,0,0,0
4107824,e95af5b5-a888-47af-60a7-5a5a50b4f4fa,1,4065566,4065566,4107824,4098302,42258,42258,0,0,0,0
4133577,80bcaf93-294a-8df0-45bb-7f89bc64b4c1,1,4128466,4128466,4133577,4135636,5111,5111,0,0,0,0
4140224,14625b2e-0e4f-e9d8-458b-ece8d0532808,1,4138903,4138903,4140224,4140684,1321,1321,0,0,0,0
4140680,eeb01a1f-c802-7db8-1a33-856a7bb50b6e,1,4139376,4139376,4140680,4140083,1304,1304,0,0,0,0
4141241,c9f3396c-d241-2bab-06cc-1022d15141af,1,4139922,4139922,4141241,4140649,1319,1319,0,0,0,0
4142867,dc87f0b8-1706-85b4-e0a9-598860365ae2,1,4141595,4141595,4142867,4143465,1272,1272,0,0,0,0
4143365,33bf8a61-cc3e-4481-5238-8f11216f07c2,1,4142079,4142079,4143365,4143141,1286,1286,0,0,0,0
4144030,15f52c22-81db-641f-fa30-bab981d13b68,1,4142743,4142743,4144030,4143692,1287,1287,0,0,0,0
4145642,ad013daf-e4ac-1f54-3d94-dbc167164911,8,4143940,4143940,4145642,4146037,1702,1702,0,0,0,0
4147028,30595b9b-3835-b4d1-aa7b-025744ce5acf,1,4141947,4141947,4147028,4145078,5081,5081,0,0,0,0
4147457,a09e64ed-b2d7-7243-17f6-70d8add982b4,1,4142369,4142369,4147457,4149872,5088,5088,0,0,0,0
4153459,819ca655-f6fe-7b14-cbcf-85a2788a41fe,8,4097326,4097326,4153459,4174723,56133,56133,0,0,0,0
4156206,8d7a3812-9c4e-e68e-e453-6ee5832abcee,1,4149828,4149828,4156206,4154396,6378,6378,0,0,0,0
4156929,544f7542-d0da-7618-647e-8d639bd4a173,1,4149712,4149712,4156929,4160015,7217,7217,0,0,0,0
4157742,e2579733-eb4c-966d-1dce-9759e3d44ecc,1,4151362,4151362,4157742,4159041,6380,6380,0,0,0,0
4158371,435d1fc2-d424-64b1-dd0a-be61c19f73ed,1,4149943,4149943,4158371,4154381,8428,8428,0,0,0,0
4158582,481036b7-c6b1-798d-592c-ef590b77db92,1,4153222,4153262,4158582,4158496,5320,5360,40,0,0,0
4160241,60232a3a-0e3c-bd62-db81-bdb248822857,1,4159402,4159402,4160241,4160566,839,839,0,0,0,0
4160523,d9b3d2bd-ce9c-0fb0-0b2e-6ca6e3272dbb,1,4159884,4159884,4160523,4160725,639,639,0,0,0,0
4160671,04a8b114-c07b-8191-36b1-b9ed24ec8ee8,1,4159172,4159173,4160671,4161220,1498,1499,1,0,0,0
4161010,e3e254fc-803d-59ff-aacd-93a355c61f20,1,4160363,4160380,4161010,4161101,630,647,17,0,0,0
4161137,12fd4b1a-267a-be05-7da3-58c874622dd2,1,4159646,4159646,4161137,4161185,1491,1491,0,0,0,0
4161494,4664a837-a430-774c-0599-96dd8a24ac9f,1,4151239,4151239,4161494,4160171,10255,10255,0,0,0,0
4162196,5fa02c68-bedb-cde9-df91-53e11c45a939,1,4160129,4160129,4162196,4162947,2067,2067,0,0,0,0
4162428,8cc08da3-da71-3c69-0333-44eb09895a27,1,4151479,4151479,4162428,4166786,10949,10949,0,0,0,0
4166076,5c56095b-dee9-5304-8d6e-0616970648ef,1,4165304,4165353,4166076,4166115,723,772,49,0,0,0
4166092,a235adfd-8576-a368-0b20-d1f1d92bd9c0,1,4165173,4165173,4166092,4166465,919,919,0,0,0,0
4166595,ad2493b0-a36c-c3a5-1c78-4e9218b17214,1,4165891,4165891,4166595,4166606,704,704,0,0,0,0
4166631,d980ff40-cfff-aa9c-1c04-00c447ac1bb1,1,4165776,4165776,4166631,4166205,855,855,0,0,0,0
4166722,6bd3ca24-69f1-43bb-a483-c971beddf4d4,1,4159924,4159944,4166722,4166027,6778,6798,20,0,0,0
4166969,11e2c398-1191-6202-4dc2-6314cb9c09ef,4,4138164,4138164,4166969,4165344,28805,28805,0,0,0,0
4167108,a67b8364-fb0a-b511-ecc5-bedd593cc40e,1,4166359,4166359,4167108,4167177,749,749,0,0,0,0
4167238,f861a05e-7326-483e-c7be-75b13f9a3b13,1,4166245,4166245,4167238,4166877,993,993,0,0,0,0
4168722,ee8767e5-1900-d472-4497-0210c5113e11,1,4165061,4165061,4168722,4170373,3661,3661,0,0,0,0
4168872,4b307c7c-f07b-e8d5-6cc6-cdc9015b4a38,1,4160320,4160320,4168872,4168917,8552,8552,0,0,0,0
4169086,dd8b0599-252c-46fd-ebc1-7e0d380b15ec,1,4165546,4165546,4169086,4168177,3540,3540,0,0,0,0
4169487,8953365f-e8b3-ff8f-29fb-0d5d349c1aa4,1,4166008,4166008,4169487,4170192,3479,3479,0,0,0,0
4170283,2f5b8b8e-99c0-d0a1-9cb4-fc29b686cb74,1,4156693,4156750,4170283,4176180,13533,13590,57,0,0,0
4176463,1701817a-0760-391a-21b2-0e6fa2e7b4b3,1,4161982,4161985,4176463,4174872,14478,14481,3,0,0,0
4179779,b671eb6c-29d1-bb83-2086-04d8296a440f,8,4098968,4098968,4179779,4198771,80811,80811,0,0,0,0
4182025,0be82159-e00b-da93-ecad-c1ec29858626,8,4099022,4099028,4182025,4168311,82997,83003,6,0,0,0
4183905,955399df-a14f-f917-c5b6-02ae4f3b22be,1,4161209,4161209,4183905,4176992,22696,22696,0,0,0,0
4184191,60bb9203-0e4d-b42d-9b7e-363bffffdbc7,1,4179439,4179439,4184191,4182222,4752,4752,0,0,0,0
4184211,7e7ba65b-dc9e-1eac-fd73-2526348ff692,1,4164605,4164605,4184211,4174433,19606,19606,0,0,0,0
4185458,997f6bc6-c649-78f4-c0df-13f2cc4e6312,1,4162038,4162045,4185458,4178292,23413,23420,7,0,0,0
4186384,6ef37c42-30c2-6404-7eaa-3643b49e0e3b,1,4181580,4181580,4186384,4188633,4804,4804,0,0,0,0
4186528,60a36663-f984-b02f-89e0-e95f344e6140,1,4181672,4181672,4186528,4186431,4856,4856,0,0,0,0
4188072,086f9e86-f69a-02b5-af00-cf30cba3b54c,1,4164681,4164681,4188072,4185684,23391,23391,0,0,0,0
4192475,921faeb1-75a7-26f0-68a6-4ff3d2d7ac79,1,4149481,4149481,4192475,4176193,42994,42994,0,0,0,0
4192771,03a3f80f-51e0-7ae2-30a6-4f2cdc413634,1,4162069,4162105,4192771,4178950,30666,30702,36,0,0,0
4193566,297f2c38-22e8-65e8-12b0-71bbb8948faf,1,4161925,4161925,4193566,4184316,31641,31641,0,0,0,0
4193617,08728b55-c2e5-52c5-c732-ece82c2be64b,1,4161954,4161985,4193617,4200720,31632,31663,31,0,0,0
4193710,ef0392d4-0b3e-06d4-e3f0-6a8d0fc56ed0,1,4162008,4162045,4193710,4187548,31665,31702,37,0,0,0
4193884,2e255050-9397-d7a1-5ebf-6bc881cdc6c5,1,4150814,4150814,4193884,4184323,43070,43070,0,0,0,0
4197619,b0b5453d-fea2-0d85-2364-81fb62bf819e,1,4149598,4149598,4197619,4190037,48021,48021,0,0,0,0
4199999,bdcdda32-690b-a4e2-e9ea-34b0d36630f8,1,4150972,4150972,4199999,4207313,49027,49027,0,0,0,0
4202452,c6e316fa-7bcb-db5d-5d75-122ae119d089,1,4149365,4149365,4202452,4224088,53087,53087,0,0,0,0
4207094,1e8ae976-4da9-29b6-c936-34cf108c0e80,1,4151112,4151112,4207094,4231178,55982,55982,0,0,0,0
4209884,baf9d5d9-e477-3c21-7330-a4046394fbea,1,4183502,4183514,4209884,4217732,26370,26382,12,0,0,0
4220134,c5e17dc9-1f92-9420-5ab4-8d44cfc449f9,1,4183413,4183454,4220134,4216106,36680,36721,41,0,0,0
4220346,36a41b76-e6c9-d6f6-75d1-b6f1641e6cdd,1,4183474,4183514,4220346,4236151,36832,36872,40,0,0,0
4221636,786b5570-2caa-4761-a982-384b0cfb3279,1,4183445,4183454,4221636,4213182,38182,38191,9,0,0,0
4224809,f5354157-8efa-4ccd-e657-f24166f92293,1,4224170,4224170,4224809,4224670,639,639,0,0,0,0
4225310,94e0f8d0-9c35-144e-5b45-eb213bcf8fdf,1,4224630,4224630,4225310,4225607,680,680,0,0,0,0
4225791,35e0bd49-1f50-9cf3-e2d7-7296580486aa,1,4225132,4225132,4225791,4225863,659,659,0,0,0,0
4225891,b71a57b0-fe50-de00-471b-51bfc0a62a72,1,4224402,4224402,4225891,4225628,1489,1489,0,0,0,0
4226216,1b67fde9-0946-d055-fb9a-08e4501e2f04,1,4221389,4221389,4226216,4228301,4827,4827,0,0,0,0
4226364,b1adb6d6-5e1a-12b8-f36c-86e2137f1d47,1,4221431,4221449,4226364,4224180,4915,4933,18,0,0,0
4226390,99872c6f-3562-e906-6721-6cf63db1d06f,1,4224893,4224893,4226390,4225884,1497,1497,0,0,0,0
4226387,fb59dcc6-b45f-53b7-ded4-b790ddea2048,1,4225725,4225725,4226387,4226174,662,662,0,0,0,0
4226844,c5951e02-eb12-6636-721d-09d29ed9e494,1,4226193,4226193,4226844,4226825,651,651,0,0,0,0
4226985,63c8db5f-42e3-9c29-6973-156d9acbf074,1,4225480,4225480,4226985,4227568,1505,1505,0,0,0,0
4227294,18c253bc-2c43-52d6-9262-540a538bc925,1,4226650,4226650,4227294,4227192,644,644,0,0,0,0
4227466,e69728df-12f1-bfeb-7fd6-c3d422ecc266,1,4225948,4225951,4227466,4226971,1515,1518,3,0,0,0
4227923,966de295-93e9-9835-01d4-897d6b79d8e7,1,4226421,4226424,4227923,4228025,1499,1502,3,0,0,0
4227994,d7419240-c6aa-acc9-ae25-7b18e9b6087f,1,4223940,4223940,4227994,4228015,4054,4054,0,0,0,0
4233194,df615d48-30ed-1598-6574-a3febe8b065c,1,4214353,4214353,4233194,4239776,18841,18841,0,0,0,0
4233360,8a430d37-3b9c-77fc-59ea-d309ff918cba,1,4214264,4214264,4233360,4231514,19096,19096,0,0,0,0
4233727,431cbdae-9739-d988-c341-35ed3caa9046,1,4181398,4181437,4233727,4245341,52290,52329,39,0,0,0
4235129,6c60d910-e317-912e-d1b8-ab65ceaee4b8,2,4231532,4231532,4235129,4235699,3597,3597,0,0,0,0
4236373,829e617f-74e1-a99f-5651-2c86d5b1beb4,1,4181371,4181377,4236373,4213646,54996,55002,6,0,0,0
4238079,93c65d83-9de7-1a28-beb5-6b7746047630,1,4232950,4232950,4238079,4240070,5129,5129,0,0,0,0
4238098,d281cce2-9482-7280-8aaf-b54b0158572b,1,4181227,4181257,4238098,4214921,56841,56871,30,0,0,0
4239513,3048da08-3bb4-08b4-ec63-a409e1534ad2,2,4234753,4234753,4239513,4238498,4760,4760,0,0,0,0
4239965,ea8151f0-543a-d853-cd3d-8bd47cd9d081,1,4181284,4181317,4239965,4251974,58648,58681,33,0,0,0
4241653,c1796dea-e8e9-27be-b2e3-2e7630ab60ce,1,4181197,4181197,4241653,4224156,60456,60456,0,0,0,0
4243861,1e30552e-259b-3d54-7639-10cbe40d47ef,1,4181256,4181257,4243861,4214935,62604,62605,1,0,0,0
4244862,bf3423f9-7887-2fc5-d0bc-7099957c6306,1,4233860,4233860,4244862,4244862,11002,11002,0,0,0,0
4246272,8b78f7f7-19ee-469e-b5e2-6ccab0791007,8,4103717,4103767,4246272,4225741,142505,142555,50,0,0,0
4247014,17f3ffe2-9c45-11a1-2315-d76ad01849b0,1,4181312,4181317,4247014,4275476,65697,65702,5,0,0,0
4247173,ef18da80-7edd-b12b-154a-aecd38de3f1c,1,4236559,4236559,4247173,4250905,10614,10614,0,0,0,0
4247189,9e78a0c0-5717-b6a4-35ed-7c0eff5eaff8,1,4233911,4233920,4247189,4253717,13269,13278,9,0,0,0
4247429,98870e28-1222-1f30-332a-f278625c082d,1,4181339,4181377,4247429,4225242,66052,66090,38,0,0,0
4249161,66b3195f-2c54-cbcb-6179-8dd51136ab41,1,4183274,4183274,4249161,4235147,65887,65887,0,0,0,0
4249997,f05b483f-2e23-ec84-0829-22a5ec83f4f8,1,4236657,4236657,4249997,4247931,13340,13340,0,0,0,0
4250334,ac99571e-fb8f-2a6e-4074-cb943b823984,1,4183385,4183394,4250334,4280973,66940,66949,9,0,0,0
4250433,74f709e1-7393-8cc3-2bfa-b74119500d0e,1,4183322,4183334,4250433,4277296,67099,67111,12,0,0,0
4250435,a065ee5e-3bec-9070-c0de-c40bdb16aaa8,1,4183355,4183394,4250435,4237364,67041,67080,39,0,0,0
4251295,cc64f820-16bb-b94a-8a4b-0ea1a97a30bf,8,4103707,4103707,4251295,4254732,147588,147588,0,0,0,0
4251916,02439714-beee-75f4-86f9-f246bafa0fc3,1,4246125,4246125,4251916,4249578,5791,5791,0,0,0,0
4255653,b55aaef0-87aa-a9c0-5c37-44de7c1ba147,1,4252611,4252650,4255653,4255034,3003,3042,39,0,0,0
4257613,027f2467-860a-50a6-9d46-c8145688998c,1,4252590,4252590,4257613,4256006,5023,5023,0,0,0,0
4272549,38fe0392-d62d-4ee2-6daf-a9f421583a9c,4,4225015,4225015,4272549,4283343,47534,47534,0,0,0,0
4275945,7c2c6735-cc06-701e-260c-e93b7a3ba7d6,1,4270958,4270958,4275945,4275347,4987,4987,0,0,0,0
4276023,94d84190-3248-2331-8db3-ba52da7f0a7b,1,4271022,4271022,4276023,4274366,5001,5001,0,0,0,0
4291919,beee1e89-45df-de4f-78db-52b1f4abf34a,8,4095859,4095859,4291919,4248393,196060,196060,0,0,0,0
4292674,94f04d02-e7a5-04d2-2822-56782510d4b5,8,4097155,4097155,4292674,4296534,195519,195519,0,0,0,0
4306541,896a075f-0ae8-bfed-8e3a-41136203af07,8,4301558,4301558,4306541,4308073,4983,4983,0,0,0,0
4309543,a258dc7b-4837-3096-76ed-56fa910ace14,8,4304390,4304390,4309543,4309477,5153,5153,0,0,0,0
4309854,824522e6-fe4a-5f5a-0cc4-eab1fe465a33,1,4306864,4306864,4309854,4310597,2990,2990,0,0,0,0
4310410,38ba9ec2-c61c-f3e8-173f-874a35dd245f,8,4307112,4307112,4310410,4310892,3298,3298,0,0,0,0
4313365,65389475-9b82-0a68-093a-a4b27d4d2ba4,1,4309873,4309914,4313365,4313428,3451,3492,41,0,0,0
4334168,b68af595-23fa-dfb0-6867-40beea7c446c,1,4330038,4330038,4334168,4335889,4130,4130,0,0,0,0
4334777,00532bba-afc5-8bb4-5d4d-07d8beb9c6e7,8,4061744,4061744,4334777,4431463,273033,273033,0,0,0,0
4340242,4102ebe4-0d44-14b3-9a4f-be8ae534a3f0,4,4308850,4308850,4340242,4333575,31392,31392,0,0,0,0
4354585,768241f8-a5da-e31d-80e2-893b0e998c6f,8,4316736,4316772,4354585,4358848,37813,37849,36,0,0,0
4354606,23659101-da8e-22cc-d02f-4423077a2f03,4,4326409,4326409,4354606,4367765,28197,28197,0,0,0,0
4356979,125ccc67-8df5-edcc-66fa-069d03a0b69c,8,4316651,4316652,4356979,4358399,40327,40328,1,0,0,0
4357295,2cf41d1a-8df9-57fd-d7dc-c3fc7c530f68,1,4354191,4354191,4357295,4357925,3104,3104,0,0,0,0
4358992,aff97113-2531-b75e-bab0-0a7af8fb0c64,1,4353951,4353951,4358992,4358945,5041,5041,0,0,0,0
4365333,33eb26fb-3694-2bbb-8871-eb5240f4aab5,8,4316592,4316592,4365333,4346152,48741,48741,0,0,0,0
4374900,408aac29-d276-dad1-ab35-b9d2c674d18b,8,4316696,4316712,4374900,4386627,58188,58204,16,0,0,0
4375393,3ee87a9c-8ed9-7435-29ed-24f640f3b32d,8,4243325,4243325,4375393,4379731,132068,132068,0,0,0,0
4378391,fcc80669-c038-7bd8-503a-e31ff3ab4b8d,8,4316034,4316034,4378391,4372917,62357,62357,0,0,0,0
4393822,3927a8c3-9be8-f86e-dce4-ffb593e78e24,8,4390932,4390932,4393822,4393107,2890,2890,0,0,0,0
4394644,c51e0e93-9936-b869-7f23-8acdffce09fe,1,4391591,4391591,4394644,4395635,3053,3053,0,0,0,0
4396732,337c8af7-5864-97c7-dfb8-43aa935380d0,1,4391619,4391651,4396732,4396972,5081,5113,32,0,0,0
4397223,5ff6fbb3-c6e8-0bf7-6a54-8efd9f3032a7,4,4276101,4276101,4397223,4337923,121122,121122,0,0,0,0
4400746,cd10a024-f990-d104-3446-52663b2ba5dc,1,4397597,4397597,4400746,4400743,3149,3149,0,0,0,0
4401362,a7cca24e-d0a5-82e9-9836-d8441b29b8b3,1,4398200,4398200,4401362,4401090,3162,3162,0,0,0,0
4407500,88c56655-3a6e-29ee-d30f-f658b6ee94ad,1,4404417,4404417,4407500,4407918,3083,3083,0,0,0,0
4413968,02033bfb-fbca-c8e6-b2c6-ead30facb8eb,8,4158411,4158431,4413968,4357783,255537,255557,20,0,0,0
4418049,1fd77b31-4441-1fb4-1a0f-6a467254a1d5,8,4416837,4416878,4418049,4417586,1171,1212,41,0,0,0
4419609,95ae9fb2-6eba-4271-26be-24228fbb7b4b,8,4416823,4416878,4419609,4418784,2731,2786,55,0,0,0
4421622,41655ea2-421a-b24b-3069-e444fb6fde4c,8,4416821,4416878,4421622,4422189,4744,4801,57,0,0,0
4424358,f7b17fdd-b4be-db6e-455b-4c7861a2318e,8,4416840,4416878,4424358,4426175,7480,7518,38,0,0,0
4425696,87ffb4f1-77dd-f012-584e-a28a2f3d5046,8,4416828,4416878,4425696,4428674,8818,8868,50,0,0,0
4426381,0e5cf402-96e0-cf68-b0bc-733aac3ae219,8,4416830,4416878,4426381,4422507,9503,9551,48,0,0,0
4427668,f62abb20-a82e-82de-26eb-50279cea3670,8,4416840,4416878,4427668,4423491,10790,10828,38,0,0,0
4429350,f7d101c5-986b-efbb-d5a0-29a4b68b3b3d,8,4416847,4416878,4429350,4424753,12472,12503,31,0,0,0
4429431,981fe99e-f818-915e-3b5b-438417a5a428,8,4416825,4416878,4429431,4424110,12553,12606,53,0,0,0
4431842,2cb2ee58-7676-25ac-7110-b6d4c89dc9be,8,4416852,4416878,4431842,4427549,14964,14990,26,0,0,0
4432805,ec909bc8-e2c8-cce0-c5f2-f2300b4370e8,8,4416821,4416878,4432805,4429961,15927,15984,57,0,0,0
4433546,7ffa26b6-7a68-7413-17bf-c78e8b1fe1db,8,4416832,4416878,4433546,4436183,16668,16714,46,0,0,0
4433648,4d7a3b1d-9187-62c2-e07b-8ff50fcd3fd9,8,4416848,4416878,4433648,4438222,16770,16800,30,0,0,0
4436332,e10ace91-e060-3f84-6036-8028da19a07b,8,4416833,4416878,4436332,4437687,19454,19499,45,0,0,0
4436952,aed05163-62dc-1736-4afa-e9a9f89205d7,8,4416837,4416878,4436952,4442848,20074,20115,41,0,0,0
4436957,20a030f6-1b69-4827-87fd-bf4c6a576195,8,4416833,4416878,4436957,4435909,20079,20124,45,0,0,0
4437177,838582e2-1bd4-d120-b73c-5769c20e8172,8,4416822,4416878,4437177,4433109,20299,20355,56,0,0,0
4438106,c8d772d1-b4f6-d2ae-7cb7-b7b2e75d17b4,8,4416856,4416878,4438106,4431744,21228,21250,22,0,0,0
4438257,d739c59a-26e9-4041-29a2-61f97713f2f0,8,4416835,4416878,4438257,4428366,21379,21422,43,0,0,0
4439740,c33b4ed8-7391-4b3b-6035-b3d5c436e648,8,4416858,4416878,4439740,4446250,22862,22882,20,0,0,0
4441774,c8b83f66-e962-ba27-fca7-275ef7d58edd,8,4416840,4416878,4441774,4440526,24896,24934,38,0,0,0
4442698,554e5f40-cc07-5825-69b0-353feca39912,1,4439591,4439591,4442698,4441480,3107,3107,0,0,0,0
4444856,6f13ea7e-6f1c-7ed8-a0af-b92de7eaa238,1,4442535,4442535,4444856,4445667,2321,2321,0,0,0,0
4444887,8dbae5d1-214f-fcb9-c302-7332329ba54b,8,4416824,4416878,4444887,4452087,28009,28063,54,0,0,0
4445036,a17f0299-7284-bedf-71a8-a02448d08dd9,8,4416837,4416878,4445036,4448966,28158,28199,41,0,0,0
4446627,a0fb6a0d-36e4-e2e0-55c4-cad7f31d81a7,8,4416848,4416878,4446627,4445910,29749,29779,30,0,0,0
4447021,683ba8dc-8a35-3ee8-12d5-56e1d6155abe,1,4443799,4443799,4447021,4446734,3222,3222,0,0,0,0
4447213,0ac91e13-1070-4dcc-68d7-b656c0795f7b,8,4416824,4416878,4447213,4448920,30335,30389,54,0,0,0
4447276,7afc1461-ecc0-71b4-7bea-a8ea6908843f,8,4416860,4416878,4447276,4432167,30398,30416,18,0,0,0
4448014,e6ab61fc-e2f8-9ab9-cb96-a045a57440cb,8,4416860,4416878,4448014,4451908,31136,31154,18,0,0,0
4448237,5bd4ba2f-0c08-39e4-36d9-d6db6f3f351e,8,4416823,4416878,4448237,4443914,31359,31414,55,0,0,0
4448502,8397b92c-7eb5-1015-1035-5671e1d3e779,8,4416828,4416878,4448502,4463752,31624,31674,50,0,0,0
4449173,cc5bb2d1-1fc3-a419-25f8-699daf9ea8e0,8,4416859,4416878,4449173,4449495,32295,32314,19,0,0,0
4449290,7e14a4f9-a7c7-0d48-1106-42d9288bfeb6,8,4416848,4416878,4449290,4448838,32412,32442,30,0,0,0
4449452,0032ef19-3a16-7059-3d21-a6c80891807e,8,4416836,4416878,4449452,4434653,32574,32616,42,0,0,0
4449818,b373e393-b6a5-a0f7-fe4f-1bd4f3d5a4ee,8,4416854,4416878,4449818,4447617,32940,32964,24,0,0,0
4450104,3aa548dd-c2e0-143b-70bf-714ea2134956,8,4416850,4416878,4450104,4443645,33226,33254,28,0,0,0
4450252,a546fa89-79b1-54bd-7912-2746ba61730b,8,4416841,4416878,4450252,4452172,33374,33411,37,0,0,0
4452506,2a8bbb69-316a-c24e-c2aa-78bd960cb0c1,4,4251751,4251751,4452506,4478961,200755,200755,0,0,0,0
4452885,d3c0f8b2-0348-31a7-be2c-2beb0a41d593,8,4416851,4416878,4452885,4449858,36007,36034,27,0,0,0
4452975,20f3027e-049b-e71a-f85c-8d55161f1751,8,4416853,4416878,4452975,4452592,36097,36122,25,0,0,0
4453156,4a94e9ec-80db-e18d-bab5-858aefa469d7,8,4416818,4416818,4453156,4443547,36338,36338,0,0,0,0
4453338,2fca9013-812b-9528-ed18-f9035961be8b,8,4416855,4416878,4453338,4448825,36460,36483,23,0,0,0
4453598,75151435-cd01-ab44-2282-80207460aba0,8,4416863,4416878,4453598,4447243,36720,36735,15,0,0,0
4453670,1693824f-f647-dd59-faba-415b3b613c2c,8,4416843,4416878,4453670,4441743,36792,36827,35,0,0,0
4453698,3d160a1d-da5d-b295-1faf-2e432f26f59b,8,4416819,4416878,4453698,4439846,36820,36879,59,0,0,0
4454222,fa0c3ded-7f1b-b110-f97e-4c8f627f1fb9,8,4416820,4416878,4454222,4472038,37344,37402,58,0,0,0
4454333,c8fa91ce-4a6e-4641-034b-e7cfeef2ab60,8,4416849,4416878,4454333,4439915,37455,37484,29,0,0,0
4456585,9a27f594-becb-9785-6924-b9b647dc75da,8,4416819,4416878,4456585,4444845,39707,39766,59,0,0,0
4476263,278859d7-a3db-fcac-ac91-8dc0f02faad2,1,4473262,4473262,4476263,4477172,3001,3001,0,0,0,0
4482908,8707806c-2291-23b1-b94d-8e0910f4026f,1,4481578,4481578,4482908,4482468,1330,1330,0,0,0,0
4483369,a9710c9b-2299-d0d8-ed2a-3dfb98f42a8e,1,4482058,4482058,4483369,4483625,1311,1311,0,0,0,0
4483838,8a18f553-16b2-d432-a295-baf51187a8a8,1,4482539,4482539,4483838,4484383,1299,1299,0,0,0,0
4484994,75bb16db-dc4c-44a0-ca4f-fb7c24486381,1,4483697,4483697,4484994,4484792,1297,1297,0,0,0,0
4485473,b056d431-09b6-5742-01e2-9b8ac2a4062a,1,4484185,4484185,4485473,4485779,1288,1288,0,0,0,0
4485950,32968e18-7484-6fbc-98d9-e0c8c022e203,1,4484664,4484664,4485950,4485811,1286,1286,0,0,0,0
4487060,477c5c1e-97c3-6d09-237a-84ebf75646bc,1,4485763,4485763,4487060,4487367,1297,1297,0,0,0,0
4487156,0881bab0-72f4-aa27-82da-b635a9e83409,1,4484063,4484063,4487156,4488197,3093,3093,0,0,0,0
4487522,53f1dda7-af2b-657b-d812-b47e777e2de9,1,4486238,4486238,4487522,4488086,1284,1284,0,0,0,0
4487630,b2c45cce-75a4-37c5-4243-913ef14be73b,1,4484471,4484471,4487630,4488142,3159,3159,0,0,0,0
4487996,bbf02c2b-1922-8703-96ed-7b0092508d82,1,4486713,4486713,4487996,4488490,1283,1283,0,0,0,0
4488582,71e63d02-3bbb-d9f3-4a34-aa5be353afe6,1,4487284,4487284,4488582,4488214,1298,1298,0,0,0,0
4488790,094b8e96-769f-5cec-5f45-54258915c54d,1,4485341,4485341,4488790,4488101,3449,3449,0,0,0,0
4489063,c1f82302-1836-c403-7d5a-d5c56131e49d,1,4487763,4487763,4489063,4488962,1300,1300,0,0,0,0
4489550,b4140163-9f87-3ed2-2935-ed70c3362f45,1,4488258,4488258,4489550,4489085,1292,1292,0,0,0,0
4490157,1dd217d3-1fe9-9077-c6a5-4047693e0fba,1,4485100,4485100,4490157,4488029,5057,5057,0,0,0,0
4491171,ff205932-b52d-13a4-c099-f0794bf1be8e,8,4415564,4415564,4491171,4494368,75607,75607,0,0,0,0
4494644,ea6029f6-2bf9-8b9b-f676-68953ded87f8,1,4491231,4491231,4494644,4495094,3413,3413,0,0,0,0
4495823,57b919a4-fbbc-198b-210f-214cb9f8d477,1,4490791,4490791,4495823,4496862,5032,5032,0,0,0,0
4499948,66a917c7-77d9-bf69-9ffb-d74f8d2fef1b,1,4496930,4496930,4499948,4499051,3018,3018,0,0,0,0
4500329,b0b128f0-39d2-797b-3284-48492a1675a1,1,4496817,4496817,4500329,4499806,3512,3512,0,0,0,0
4501438,8e1168da-a711-5cc4-8dbe-5a906b83539e,1,4500150,4500150,4501438,4502052,1288,1288,0,0,0,0
4501930,f6c30e77-2456-ed12-aebb-ea7f39421121,1,4500615,4500615,4501930,4501611,1315,1315,0,0,0,0
4502382,0afc3e93-1042-ab3b-1622-1861926eaf69,1,4501094,4501094,4502382,4501849,1288,1288,0,0,0,0
4505849,a5362ac1-876a-49bb-848b-61928feb1bdb,1,4502735,4502735,4505849,4505776,3114,3114,0,0,0,0
4505906,79ab0ee0-d355-2a29-d951-301ccf4fffdb,1,4502857,4502915,4505906,4506984,2991,3049,58,0,0,0
4507889,534deacf-6caf-e9a4-789f-76981f5630fd,1,4502739,4502795,4507889,4505420,5094,5150,56,0,0,0
4507897,29d213dc-4687-a57e-c4e3-03b6e2c775f9,1,4502805,4502855,4507897,4506891,5042,5092,50,0,0,0
4511541,c7b33617-8990-1f14-2159-c0a24879818f,8,4158420,4158431,4511541,4677075,353110,353121,11,0,0,0
4560260,f7cb5f6d-690a-21b0-1ee3-7481d275dd36,8,4415565,4415624,4560260,4557236,144636,144695,59,0,0,0
4561611,ee0c8608-a95a-29d8-d28d-2fb2814f513e,8,4415569,4415624,4561611,4618252,145987,146042,55,0,0,0
4563230,f019d98d-b590-2d58-1f5d-27e9e18253b1,1,4560306,4560320,4563230,4563122,2910,2924,14,0,0,0
4563361,bdf034c0-7b19-6c51-289f-162eb0c65abe,1,4559918,4559918,4563361,4562434,3443,3443,0,0,0,0
4563446,fa5ea6b5-0a69-8790-9c2e-1a912e38f17c,1,4560337,4560380,4563446,4564890,3066,3109,43,0,0,0
4563724,072d680a-1fed-984b-2c27-65da4d42578b,1,4560472,4560472,4563724,4564889,3252,3252,0,0,0,0
4564712,35b893f7-5986-dca2-1820-852cba16b978,1,4560064,4560064,4564712,4565007,4648,4648,0,0,0,0
4565036,95ec65b8-06a4-b9db-54c7-f626a22634b5,1,4560472,4560472,4565036,4563584,4564,4564,0,0,0,0
4566858,99376821-d5df-a2bf-a313-cf146b134ac1,8,4415565,4415624,4566858,4520993,151234,151293,59,0,0,0
4568504,3d42add0-31c1-1fe4-d09b-3f65430ac42e,1,4567227,4567227,4568504,4567885,1277,1277,0,0,0,0
4569003,82c68c0e-b837-f621-11a7-2645831b4361,1,4567715,4567715,4569003,4569382,1288,1288,0,0,0,0
4569528,0272982a-e653-7d69-1355-9f817aab1070,1,4568235,4568235,4569528,4569287,1293,1293,0,0,0,0
4570248,f3efd63e-0273-1821-1b2c-a06bc2f653a4,1,4568943,4568943,4570248,4570755,1305,1305,0,0,0,0
4570262,e08e2fcf-01b0-40b4-3b7d-f7a582d4052a,8,4415564,4415564,4570262,4506280,154698,154698,0,0,0,0
4570826,76069880-c69d-1370-9cd1-a6a64d15d38b,1,4569471,4569471,4570826,4570338,1355,1355,0,0,0,0
4571077,b184e328-9fc0-63b5-eda2-62774092790d,1,4567530,4567530,4571077,4569999,3547,3547,0,0,0,0
4571310,f3d98139-fc35-dc5e-5601-dc5f9bc1bee5,1,4569944,4569944,4571310,4571325,1366,1366,0,0,0,0
4571920,fe1df6e2-0df0-ea72-352e-3f169da13fb2,1,4570563,4570563,4571920,4571522,1357,1357,0,0,0,0
4572362,2d860ff1-b265-2039-6734-eb6a6a1c6ba2,1,4571053,4571053,4572362,4571803,1309,1309,0,0,0,0
4572865,9300c466-d0ab-c2f7-1acc-ec2284c03f8e,1,4571569,4571569,4572865,4572298,1296,1296,0,0,0,0
4573232,c915b1d4-5374-4b5a-8d3b-b15bfc284016,1,4569628,4569628,4573232,4572039,3604,3604,0,0,0,0
4574786,03446200-9ae5-5786-45f0-bdea95ddf0bb,1,4571460,4571460,4574786,4575657,3326,3326,0,0,0,0
4575038,1e77dfe3-b713-1d43-13bf-8eced57bf281,8,4415568,4415624,4575038,4637344,159414,159470,56,0,0,0
4580595,1919fc29-dd6d-a9b5-7840-2141b0a7ae2b,8,4415568,4415624,4580595,4606808,164971,165027,56,0,0,0
4582150,9feb7f70-2cb6-afa5-1bb6-43569a8c3437,1,4578711,4578711,4582150,4583427,3439,3439,0,0,0,0
4586970,f214b3a1-5b41-0d97-23af-3aa66b698bc7,1,4583265,4583265,4586970,4585492,3705,3705,0,0,0,0
4590087,dce48c87-ee59-e4ff-7789-43edb89d7310,1,4588798,4588798,4590087,4589471,1289,1289,0,0,0,0
4590597,5539af03-31ca-374b-6dfd-0eb2c5092507,1,4589286,4589303,4590597,4590206,1294,1311,17,0,0,0
4591050,fe0129cb-a835-11b5-f0e8-025f82985eac,1,4589768,4589768,4591050,4591419,1282,1282,0,0,0,0
4592242,79334b0d-4fbc-a9a2-8643-a1bf8eca5a2e,1,4589183,4589183,4592242,4591903,3059,3059,0,0,0,0
4592373,2db07db6-5524-3ed3-45d3-32bfa383da5c,1,4589220,4589243,4592373,4593836,3130,3153,23,0,0,0
4592475,f460bfc9-733e-d6d5-c997-3c42eeb3dae4,1,4589295,4589303,4592475,4592453,3172,3180,8,0,0,0
4594191,f8563880-a7f3-6fe3-da73-f6a1c17e09cb,1,4589049,4589049,4594191,4595502,5142,5142,0,0,0,0
4603937,9e7fd43f-c69f-e531-1049-d5c62784376c,1,4598651,4598651,4603937,4603741,5286,5286,0,0,0,0
4604516,73693ec6-beb1-07de-91b7-059cadee8e72,8,4596978,4596978,4604516,4606974,7538,7538,0,0,0,0
4625835,221f5888-785e-55c1-0896-6cbb4c221f54,8,4622719,4622719,4625835,4625523,3116,3116,0,0,0,0
4626054,0a6052a8-0067-a623-f77f-34ff763b4dcb,8,4616139,4616139,4626054,4629072,9915,9915,0,0,0,0
4632221,926042fc-d9ca-be7d-a282-84faa0ab3e0b,8,4593637,4593637,4632221,4621312,38584,38584,0,0,0,0
4634192,516c8225-7eac-608e-c9a4-34c91ef2b337,8,4615265,4615265,4634192,4642481,18927,18927,0,0,0,0
4637987,1f900fc4-eb0d-7f87-144f-69f632835376,8,4363702,4363702,4637987,4680162,274285,274285,0,0,0,0
4647828,f7294fdd-bdb4-1c19-a8c3-e7feb69fed2a,1,4644774,4644774,4647828,4648844,3054,3054,0,0,0,0
4647934,8e23f880-a964-b0f1-5537-9e643985e732,1,4644910,4644910,4647934,4649378,3024,3024,0,0,0,0
4648039,2faa069d-1dfd-1b1c-a7a8-afb2dcc6e16c,1,4644987,4644987,4648039,4646653,3052,3052,0,0,0,0
4649918,2a7c908b-2147-a915-a708-c634bf9bdeb5,1,4645209,4645209,4649918,4648375,4709,4709,0,0,0,0
4650074,3339ce51-7c22-b404-ed2f-28be07ec55bc,1,4645218,4645269,4650074,4650964,4805,4856,51,0,0,0
4652939,d6cc377e-bcfa-c962-ff43-b5a055d808d5,1,4651658,4651658,4652939,4652749,1281,1281,0,0,0,0
4653468,a9e04d5e-fe83-aedb-deb6-f8b7b2fe4734,1,4652177,4652177,4653468,4654084,1291,1291,0,0,0,0
4654011,b8bc6453-6623-90ff-81dd-c9452f1f8d6c,1,4652736,4652736,4654011,4653772,1275,1275,0,0,0,0
4657481,e2970c5b-6eea-d93d-816c-5b72c1a4b3c6,4,4594069,4594104,4657481,4637258,63377,63412,35,0,0,0
4662050,d42d5943-792e-5da7-d47e-7d2158d70124,1,4658872,4658872,4662050,4661379,3178,3178,0,0,0,0
4669604,aef7e02d-c5c2-d80a-6212-e8387a5568c9,1,4664333,4664333,4669604,4671452,5271,5271,0,0,0,0
4670075,4bea44b7-ce90-fea6-0e13-f55e42312753,1,4664761,4664761,4670075,4671044,5314,5314,0,0,0,0
4670312,282a90b3-fb5a-1a92-e81c-9eceb3a03796,1,4665002,4665002,4670312,4669686,5310,5310,0,0,0,0
4671964,9b9f64ae-f5d1-0858-dbbb-a542a5e9c13d,1,4668672,4668672,4671964,4672700,3292,3292,0,0,0,0
4672353,c121ea55-2ebd-5f06-163c-b16c9a4363ad,8,4604690,4604690,4672353,4691219,67663,67663,0,0,0,0
4675061,1e06c08f-f2f7-0da4-9d32-fb8a9578843b,1,4672971,4672971,4675061,4674234,2090,2090,0,0,0,0
4678239,a8233b0a-5d0f-1116-7100-a86193d3478b,1,4674957,4674957,4678239,4679113,3282,3282,0,0,0,0
4679231,bb2f3234-5b26-1fb4-3178-9e918cf7b28b,1,4673935,4673935,4679231,4680202,5296,5296,0,0,0,0
4681006,b749a96e-ab6a-6e6f-d320-5f0a9bb376e8,1,4678162,4678162,4681006,4681292,2844,2844,0,0,0,0
4681016,791f496d-28f9-3876-f433-b0718cd5cf85,1,4678278,4678282,4681016,4680919,2734,2738,4,0,0,0
4681845,473b16ec-da26-e317-00e6-2d3138347d9a,1,4673936,4673995,4681845,4682064,7850,7909,59,0,0,0
4681868,dc9b1ace-0761-da3f-f4f5-53220249e04c,1,4679543,4679596,4681868,4682018,2272,2325,53,0,0,0
4682796,99b79630-feec-16b8-c8fa-449224116f73,1,4679668,4679716,4682796,4684099,3080,3128,48,0,0,0
4683178,09fd1928-cd8e-c8d5-a351-092721235164,1,4679586,4679596,4683178,4682942,3582,3592,10,0,0,0
4683238,1f5f8523-649d-824e-a81f-1ada19f9445e,1,4679710,4679716,4683238,4684515,3522,3528,6,0,0,0
4685476,b556f426-aa7a-f008-7612-3d89c90f8e69,1,4679536,4679536,4685476,4682629,5940,5940,0,0,0,0
4686522,5ccbc965-144d-f4aa-144e-2297398b08dc,1,4683503,4683503,4686522,4685096,3019,3019,0,0,0,0
4693057,e48ced3b-19e8-3b67-6d41-9f1cc502ca4f,1,4689952,4689952,4693057,4691565,3105,3105,0,0,0,0
4695862,15b6a26b-9e1b-821a-cee7-948aefbfaa21,8,4397328,4397328,4695862,4699899,298534,298534,0,0,0,0
4706370,0a1030ab-5dc0-8438-539d-2ee85cb085e1,8,4684217,4684217,4706370,4696121,22153,22153,0,0,0,0
4719272,8cffbbb8-b9f7-b0af-9a32-bb791ebed4d6,4,4602292,4602292,4719272,4682135,116980,116980,0,0,0,0
4733004,adaf21ac-a4c8-15c4-2dbb-d714b1b5033a,8,4599611,4599611,4733004,4783647,133393,133393,0,0,0,0
4736343,7edd2adc-60a1-cac0-a215-3c9a3f127937,1,4733251,4733251,4736343,4737418,3092,3092,0,0,0,0
4736374,6f477c45-1163-7ce7-5d27-666ac69128ed,1,4733160,4733160,4736374,4735175,3214,3214,0,0,0,0
4736935,8b3f6c94-48a8-72ec-ce82-580269c475b4,1,4733818,4733818,4736935,4737177,3117,3117,0,0,0,0
4742253,f8e4621d-c7a7-d45d-b0e0-de41d6f0269a,1,4740949,4740949,4742253,4742877,1304,1304,0,0,0,0
4742741,92811d91-c6a6-6ec2-dd91-d67b3f64b49e,1,4741447,4741447,4742741,4743237,1294,1294,0,0,0,0
4743220,d7790189-6c54-4ae0-68c1-646a42885c09,1,4741923,4741923,4743220,4742905,1297,1297,0,0,0,0
4743599,d44cceb3-5055-cb9b-7d0f-236c1bb6b098,1,4742944,4742944,4743599,4743905,655,655,0,0,0,0
4744074,95cb6169-4d29-83dd-b019-2cf2fd9e4520,1,4743428,4743428,4744074,4743761,646,646,0,0,0,0
4744271,3413fdca-c6c9-dbf1-17b9-91e84e625a5b,1,4742708,4742708,4744271,4744000,1563,1563,0,0,0,0
4744546,5ccfadcd-a9de-3b5d-a9c8-ec82cead2e4e,1,4741346,4741346,4744546,4744518,3200,3200,0,0,0,0
4744727,ae10c52b-de8f-c21f-fed7-9c724315cf47,1,4743187,4743187,4744727,4744613,1540,1540,0,0,0,0
4744781,5cc62a30-c2e6-f058-9c69-32b64caef27a,1,4741484,4741507,4744781,4745938,3274,3297,23,0,0,0
4744788,eff0dccb-0ed0-653c-2a84-6ba7179cdfbc,1,4744075,4744134,4744788,4744892,654,713,59,0,0,0
4744928,fb5498c8-a5ba-2edd-3f9a-2833d320d3b2,1,4741730,4741730,4744928,4746364,3198,3198,0,0,0,0
4745255,49793f32-7fc7-4402-4ada-c4b2a9b1345d,1,4743745,4743745,4745255,4745183,1510,1510,0,0,0,0
4746480,450c339f-327d-1901-f4e3-65108c00db61,1,4743272,4743307,4746480,4745055,3173,3208,35,0,0,0
4749337,e643692c-ab1f-7fd2-5be8-ebee52550548,1,4746569,4746569,4749337,4748257,2768,2768,0,0,0,0
4749908,e437e45d-ad73-4c4b-9918-91125e1b4741,1,4749207,4749207,4749908,4750110,701,701,0,0,0,0
4751510,3e5d9f2a-366e-b52b-65bf-a0d1037d94a7,1,4749508,4749508,4751510,4751975,2002,2002,0,0,0,0
4751569,5f69844a-93bd-cc24-bbb7-391cbeb4d61d,1,4749449,4749508,4751569,4750673,2061,2120,59,0,0,0
4751614,12dc1332-870e-1c13-f5e3-62eb6c17f962,1,4749538,4749568,4751614,4751244,2046,2076,30,0,0,0
4751578,ef6ee4b4-dbdc-2460-4e59-09d7880753ad,1,4749628,4749628,4751578,4751201,1950,1950,0,0,0,0
4751652,63d33f97-b5ae-be64-cfc8-993dd9d4ba45,1,4749328,4749328,4751652,4752480,2324,2324,0,0,0,0
4751672,f6b9bc93-0bf3-6d4f-6e1f-6ba536d38c50,1,4749449,4749508,4751672,4751930,2164,2223,59,0,0,0
4751680,8cccaeb3-e9b5-0986-43fa-985925dc1309,1,4749658,4749688,4751680,4751390,1992,2022,30,0,0,0
4751750,9429c892-1f06-9cfe-4786-c6680e033c96,1,4749414,4749448,4751750,4752157,2302,2336,34,0,0,0
4751793,aaf3cecc-12bc-819a-73b8-a7c723570a5e,1,4749598,4749628,4751793,4751255,2165,2195,30,0,0,0
4751841,9adc0718-9f12-e5b3-9fc2-02eb7a4b93f6,1,4749653,4749688,4751841,4751219,2153,2188,35,0,0,0
4751887,e7238a83-0e24-1b24-fe15-e939006f96de,1,4749540,4749568,4751887,4750968,2319,2347,28,0,0,0
4751909,1d89ebf2-f32f-f41a-782b-1af1fa4501b3,1,4749547,4749568,4751909,4752365,2341,2362,21,0,0,0
4751921,2513673b-d189-d6b5-d542-a1efe0911435,1,4749815,4749815,4751921,4752060,2106,2106,0,0,0,0
4751930,ffe2ed74-cb20-b628-806e-930089bf4761,1,4749820,4749875,4751930,4752066,2055,2110,55,0,0,0
4751944,ddf2a4f4-d43f-3ee2-7964-ef475a0cfe30,1,4749667,4749688,4751944,4750862,2256,2277,21,0,0,0
4752050,cafe77fe-5302-6467-17d2-cf2661d2549e,1,4749873,4749875,4752050,4751171,2175,2177,2,0,0,0
4752034,e1a3ee4f-2b40-04c2-a946-4c3433e43d2a,1,4749876,4749935,4752034,4751015,2099,2158,59,0,0,0
4752090,3a3b63c7-1048-3ff8-a8cf-d0ab4bec31ac,1,4749662,4749688,4752090,4750878,2402,2428,26,0,0,0
4752054,fe5d75b3-7892-bd2c-760e-08b2764f8365,1,4749667,4749688,4752054,4751907,2366,2387,21,0,0,0
4752075,dcb01fcd-f2e0-a882-ce63-3c1f0579dfc8,1,4749878,4749935,4752075,4751519,2140,2197,57,0,0,0
4752122,adf05a76-b8ce-78f6-31f6-d1de8122e7f6,1,4749629,4749688,4752122,4751970,2434,2493,59,0,0,0
4752145,2902a38c-9747-332f-acda-df811dab372e,1,4749815,4749815,4752145,4752063,2330,2330,0,0,0,0
4752159,ed5da46b-d9ec-1044-0f8e-d8194e2de2f4,1,4749952,4749995,4752159,4751614,2164,2207,43,0,0,0
4752200,354defdb-6778-375d-a11f-bb68359b1c91,1,4749876,4749935,4752200,4752824,2265,2324,59,0,0,0
4752196,a543e0c0-5fec-8ac7-365a-b019a3d6caf2,1,4749877,4749935,4752196,4751502,2261,2319,58,0,0,0
4752209,c21df960-992e-eba3-9997-2e5d89d8afdd,1,4749880,4749935,4752209,4752076,2274,2329,55,0,0,0
4752206,bfc3965a-984e-0613-ec20-6c6b3a7527f8,1,4749906,4749935,4752206,4751014,2271,2300,29,0,0,0
4752204,c961397f-7da0-dddf-ec89-bae126ffa74c,1,4749911,4749935,4752204,4751712,2269,2293,24,0,0,0
4752183,1d83787d-c547-af49-e2ec-6e0fea235272,1,4750055,4750055,4752183,4752457,2128,2128,0,0,0,0
4752219,806147ab-6b75-7970-36c3-e23294019349,1,4750062,4750115,4752219,4751136,2104,2157,53,0,0,0
4752246,c4b94828-e717-1cc1-0228-da311a2e6e37,1,4749861,4749875,4752246,4752987,2371,2385,14,0,0,0
4752317,cc320c0f-7e27-b1e1-8752-3f42c03d3135,1,4749878,4749935,4752317,4753105,2382,2439,57,0,0,0
4752330,6378c2ed-b810-4910-9e21-09d720e56c13,1,4750090,4750115,4752330,4752546,2215,2240,25,0,0,0
4752354,7bf5312e-02bb-3a79-07f0-b657e85704a2,1,4749844,4749875,4752354,4752930,2479,2510,31,0,0,0
4752403,b240e64b-96e5-8e4d-42ce-cb1995326af8,1,4749849,4749875,4752403,4751762,2528,2554,26,0,0,0
4752382,a2046bf6-c4ee-69aa-fd88-7093be48da6b,1,4749873,4749875,4752382,4752200,2507,2509,2,0,0,0
4752388,b8c0ca16-f2cb-1572-772b-1ed93fce3160,1,4749970,4749995,4752388,4751505,2393,2418,25,0,0,0
4752373,80913daa-3da5-63ef-d2d4-7e27277242a3,1,4750033,4750055,4752373,4753024,2318,2340,22,0,0,0
4752402,23bd7e5d-4748-b74c-a1d8-aab3b57731b0,1,4750092,4750115,4752402,4751710,2287,2310,23,0,0,0
4752391,717fddbb-68a4-1bbb-33f1-0d0a0a05fc8d,1,4750125,4750175,4752391,4751286,2216,2266,50,0,0,0
4752505,ea2babf3-e23a-380b-5593-4c5f00f52497,1,4750388,4750388,4752505,4751427,2117,2117,0,0,0,0
4752544,16a3baaa-7263-694e-f569-a8375ea07e79,1,4750116,4750175,4752544,4751398,2369,2428,59,0,0,0
4752521,70bce799-308c-78c0-ec1d-b8710dcabd8a,1,4750256,4750295,4752521,4751761,2226,2265,39,0,0,0
4752598,57bcd50c-6c7f-15c5-3ea4-178c775ba4fe,1,4750171,4750175,4752598,4751628,2423,2427,4,0,0,0
4752622,8339cc52-4ff8-ab63-ade5-5a0820848038,1,4750174,4750175,4752622,4753658,2447,2448,1,0,0,0
4752620,4e507f13-bbb1-32cf-45fb-78a748bba2df,1,4750228,4750235,4752620,4752572,2385,2392,7,0,0,0
4752646,19d0cc8d-38be-52c8-99b7-8f1ca8e4bedd,1,4749997,4750055,4752646,4751461,2591,2649,58,0,0,0
4752839,b52ab533-bc9a-2e3d-f757-29ce52cf0820,1,4750124,4750175,4752839,4752883,2664,2715,51,0,0,0
4752850,1860af78-8362-e8b7-903a-99046674406b,1,4750412,4750448,4752850,4753577,2402,2438,36,0,0,0
4753500,7701a54f-6fa8-2c71-92f4-329f8c94ff05,1,4751233,4751233,4753500,4753382,2267,2267,0,0,0,0
4753794,bc5ab867-232f-0d4f-6465-73f13dc76892,1,4751504,4751504,4753794,4752940,2290,2290,0,0,0,0
4753798,c053b8d4-a6cc-a9a5-4d39-aa69776132d8,1,4751422,4751433,4753798,4754641,2365,2376,11,0,0,0
4753898,b3ddb61e-cd77-bf7e-af68-bf0aa1544001,1,4751373,4751373,4753898,4754975,2525,2525,0,0,0,0
4753974,1ea32b82-33be-f092-0490-c96e8d0d0d29,1,4751419,4751433,4753974,4754127,2541,2555,14,0,0,0
4754302,7d9d3b89-f07a-7145-6dd5-26df3127b938,1,4752099,4752110,4754302,4754304,2192,2203,11,0,0,0
4754684,b41e70e8-5a1a-3a61-5e1e-20171e43d2b9,1,4752346,4752350,4754684,4754079,2334,2338,4,0,0,0
4754777,7285f284-82b1-e684-e2ab-7d7caccc2cbb,1,4752291,4752350,4754777,4754060,2427,2486,59,0,0,0
4754918,34638d3f-8444-c17d-b031-af0be6a5ca4d,1,4752505,4752505,4754918,4756033,2413,2413,0,0,0,0
4755098,24bb3725-181e-d207-fbcf-5ed737eedff1,1,4752594,4752625,4755098,4755464,2473,2504,31,0,0,0
4755415,583f3332-0fd3-8dbf-8dd9-29e0fba8a311,1,4752994,4752994,4755415,4755458,2421,2421,0,0,0,0
4755477,e5713717-bc25-6aeb-c415-3cabef513789,1,4753149,4753149,4755477,4754366,2328,2328,0,0,0,0
4757101,7c62f2ee-cf31-be3d-a80e-2a1c51580bd3,1,4755782,4755782,4757101,4757702,1319,1319,0,0,0,0
4757213,191cea20-cc4d-d8a8-8e05-4fdc7e1e2994,1,4756594,4756594,4757213,4757277,619,619,0,0,0,0
4757654,eed42657-f6c1-1c46-3822-3dfca7096316,1,4756342,4756342,4757654,4757226,1312,1312,0,0,0,0
4757714,c6b8e85d-3e62-d5a8-b2ea-828541ceeb37,1,4755335,4755335,4757714,4756675,2379,2379,0,0,0,0
4758188,6dd96ec9-4e4e-1ebf-6428-0da5e6d46bad,1,4756867,4756867,4758188,4757676,1321,1321,0,0,0,0
4763765,3004c292-e610-4c9b-b5c9-2d182eecc8cd,8,4742308,4742313,4763765,4762412,21452,21457,5,0,0,0
4764483,79ef1c2c-f308-f8b2-91c4-f38446234365,1,4762799,4762849,4764483,4764043,1634,1684,50,0,0,0
4764724,f700265c-4fec-59e9-c34f-880d73dbcd01,8,4742598,4742598,4764724,4771760,22126,22126,0,0,0,0
4765437,4d831863-b33c-16ca-aa04-d16e05f3b33b,1,4763800,4763825,4765437,4765295,1612,1637,25,0,0,0
4765873,90390c2e-4d6f-6aa9-83c6-2bd2cecf01ab,1,4765144,4765144,4765873,4765627,729,729,0,0,0,0
4766189,977b95d6-55d2-215d-562e-4c330b596674,1,4762789,4762789,4766189,4766976,3400,3400,0,0,0,0
4766318,68659857-04d5-db92-63aa-6b823ef24b98,1,4765608,4765608,4766318,4766296,710,710,0,0,0,0
4766523,92cb11fd-319e-3394-5975-5f5e86b3374e,1,4764914,4764914,4766523,4766656,1609,1609,0,0,0,0
4766764,1da70d8b-d3d4-5ebd-6fda-3789d701d8a1,1,4766104,4766104,4766764,4766996,660,660,0,0,0,0
4766982,757c9d22-34b3-d86f-b012-358b41418e46,1,4765374,4765374,4766982,4766636,1608,1608,0,0,0,0
4767413,4a598882-409e-f1d1-2750-f40a67ce92ba,1,4765872,4765872,4767413,4767071,1541,1541,0,0,0,0
4769274,087cf1ac-f8c1-d222-1a41-3ec73db6e6f7,1,4767706,4767706,4769274,4768676,1568,1568,0,0,0,0
4769361,0ba268e7-d230-38f4-b6a6-67f7a4209f7f,8,4427917,4427917,4769361,4666643,341444,341444,0,0,0,0
4769421,e73871a1-7d13-a2a3-ee76-3cf40b55e9f3,1,4766119,4766164,4769421,4768466,3257,3302,45,0,0,0
4774449,cffce595-0a62-6589-9e9c-bd5ad5860c18,1,4771294,4771294,4774449,4775364,3155,3155,0,0,0,0
4777033,5f19a28b-f3a0-b0a7-a870-1dd1ae7fa7a0,1,4774903,4774950,4777033,4776115,2083,2130,47,0,0,0
4777918,a3a45b1f-65f6-f973-786d-33080cd3e357,1,4776022,4776039,4777918,4778468,1879,1896,17,0,0,0
4777924,668b1d14-320f-5e32-c42f-b7eb485deadc,1,4776019,4776039,4777924,4778351,1885,1905,20,0,0,0
4777976,b9d2c9f3-c473-3fd6-244c-c94267f5b865,1,4776050,4776099,4777976,4777268,1877,1926,49,0,0,0
4777993,60d0f201-9d89-9652-be0f-d219b1d73ebb,1,4776050,4776099,4777993,4778659,1894,1943,49,0,0,0
4778016,6044f6b7-26d8-d73f-6f49-8cdb0c7952cb,1,4776053,4776099,4778016,4777695,1917,1963,46,0,0,0
4778061,c8bba5bd-0eec-c9c5-f348-e658441b2595,1,4776052,4776099,4778061,4778420,1962,2009,47,0,0,0
4778079,0ee91a57-a19f-b679-96ac-5334887da902,1,4776054,4776099,4778079,4777775,1980,2025,45,0,0,0
4778110,99f2b80d-6ae1-0bed-2368-c5d3a30891e5,1,4776051,4776099,4778110,4778048,2011,2059,48,0,0,0
4778143,3b026fab-9c6a-ee67-2d1b-be3e9b2be183,1,4776206,4776219,4778143,4778042,1924,1937,13,0,0,0
4778164,cb95e9d7-b05d-c47f-9367-c82a8b49c017,1,4776140,4776159,4778164,4778657,2005,2024,19,0,0,0
4778216,da0a4d13-834e-d2c5-5d83-04f5fb035a6d,1,4776144,4776159,4778216,4778076,2057,2072,15,0,0,0
4778198,f03c55e2-8537-6413-8a8c-7508c516e5e6,1,4776205,4776219,4778198,4779135,1979,1993,14,0,0,0
4778262,d78a4011-748a-df61-c930-f724afa04cdd,1,4776086,4776099,4778262,4777666,2163,2176,13,0,0,0
4778245,de29e205-6d0d-6a98-a100-b8a2e4165c92,1,4776091,4776099,4778245,4777405,2146,2154,8,0,0,0
4778251,50e9636e-197d-e8b1-d61b-14dd45f11959,1,4776128,4776159,4778251,4778615,2092,2123,31,0,0,0
4778259,ce96dc3e-0405-d4b3-5e0c-cb8c24041592,1,4776130,4776159,4778259,4778498,2100,2129,29,0,0,0
4778267,22e3495a-6deb-74ec-879f-73a656337eb8,1,4776204,4776219,4778267,4779126,2048,2063,15,0,0,0
4778224,99e235d4-a989-73f3-a34a-8573cb2428c2,1,4776263,4776279,4778224,4777258,1945,1961,16,0,0,0
4778311,60f4c789-50be-6323-a33d-a8b1ffadfb0e,1,4776203,4776219,4778311,4777900,2092,2108,16,0,0,0
4778342,ed3e7a7e-6e52-6f8d-4f97-21c6ae0ebf4c,1,4775979,4775979,4778342,4779209,2363,2363,0,0,0,0
4778356,f93ebbad-95c7-b4cf-4d4e-8d9a67bd2b2f,1,4776050,4776099,4778356,4778457,2257,2306,49,0,0,0
4778379,7738b5f2-7109-f31f-7116-4bdefdef397e,1,4776087,4776099,4778379,4778840,2280,2292,12,0,0,0
4778355,a1caf1c2-3899-74cb-0336-8205feb182ea,1,4776122,4776159,4778355,4777681,2196,2233,37,0,0,0
4778360,5c605c5e-7389-1a56-d7f7-c87171483cf3,1,4776208,4776219,4778360,4778915,2141,2152,11,0,0,0
4778362,15dff492-c399-fc1b-0883-80216e6da80e,1,4776265,4776279,4778362,4778669,2083,2097,14,0,0,0
4778393,14c0965a-1c0c-cce4-8094-2743fe9f9fd2,1,4776267,4776279,4778393,4778822,2114,2126,12,0,0,0
4778441,3ed0c514-514f-652f-854d-f41bd24d7603,1,4776050,4776099,4778441,4777936,2342,2391,49,0,0,0
4778404,5bfd9227-ff93-b853-f457-757145473973,1,4776264,4776279,4778404,4777592,2125,2140,15,0,0,0
4778423,bd6cd795-6399-398d-ba3e-2e3f8c5c913a,1,4776324,4776339,4778423,4777919,2084,2099,15,0,0,0
4778488,c654d1d0-3ffa-592f-d75b-3c4d65d28869,1,4776096,4776099,4778488,4777742,2389,2392,3,0,0,0
4778476,63d7599d-9931-82bd-7058-b440050be25e,1,4776122,4776159,4778476,4778585,2317,2354,37,0,0,0
4778461,150218b1-0759-d3c1-a9ab-8f6968de035f,1,4776123,4776159,4778461,4777964,2302,2338,36,0,0,0
4778515,8e7a5996-d495-ef8f-ef72-212480eaf3f5,1,4776123,4776159,4778515,4778252,2356,2392,36,0,0,0
4778518,d6c803f5-deda-6570-cce1-2e8b0e81b96d,1,4776124,4776159,4778518,4778339,2359,2394,35,0,0,0
4778518,ddb3f3be-d265-3f9b-d97c-6cbca1f255c9,1,4776208,4776219,4778518,4778310,2299,2310,11,0,0,0
4778498,e5b6881f-de18-4422-b943-dd6d1c5465c2,1,4776264,4776279,4778498,4778727,2219,2234,15,0,0,0
4778558,3ac49257-9492-a6b8-ac18-0269d764da5e,1,4776085,4776099,4778558,4779227,2459,2473,14,0,0,0
4778561,350eed08-0755-85d4-57b7-7db1329e3316,1,4776122,4776159,4778561,4778746,2402,2439,37,0,0,0
4778524,b1b7b542-a761-08d6-7059-c95818726379,1,4776130,4776159,4778524,4777578,2365,2394,29,0,0,0
4778554,7d0b1599-0d6a-4835-3212-ee3b16198e74,1,4776207,4776219,4778554,4778408,2335,2347,12,0,0,0
4778524,ba5c614b-5142-1722-3b43-8b28b6e3c816,1,4776214,4776219,4778524,4779041,2305,2310,5,0,0,0
4778567,754a9c92-0b23-6443-ce4a-b39a74615af8,1,4776332,4776339,4778567,4778506,2228,2235,7,0,0,0
4778582,6cf036af-c71a-ae10-adf9-72a6ec34576e,1,4776087,4776099,4778582,4778241,2483,2495,12,0,0,0
4778621,b448f2c7-3629-e97f-5599-6c3f8e0bcc04,1,4776207,4776219,4778621,4778637,2402,2414,12,0,0,0
4778621,b481e163-4563-f943-cdcc-90154f8aa6f8,1,4776451,4776451,4778621,4777999,2170,2170,0,0,0,0
4778652,22fdbe29-ffae-6e6f-72a2-4fd27eede4cd,1,4775623,4775623,4778652,4779512,3029,3029,0,0,0,0
4778694,d63e5fab-6575-c645-d8f6-95890358ffa6,1,4776123,4776159,4778694,4779152,2535,2571,36,0,0,0
4778661,f62d6b3f-1af4-6a2c-fbbd-96633ea025bb,1,4776129,4776159,4778661,4779365,2502,2532,30,0,0,0
4778654,74d503cd-d1e3-716c-1255-67bce837be9b,1,4776207,4776219,4778654,4777845,2435,2447,12,0,0,0
4778646,d2f33de9-abb2-e4e5-6d3e-341ae8a36565,1,4776264,4776279,4778646,4779394,2367,2382,15,0,0,0
4778670,390a82ed-3e6b-6684-d2d6-9319504930fb,1,4776328,4776339,4778670,4778443,2331,2342,11,0,0,0
4778689,845394c3-6a91-2140-007a-5396dd8f0fb3,1,4776758,4776758,4778689,4777809,1931,1931,0,0,0,0
4778728,2c403d97-a7ee-8ec8-6aa0-4b1b26f205b3,1,4776205,4776219,4778728,4779855,2509,2523,14,0,0,0
4778710,dd9fd016-d6fd-9d6a-63c6-bb6420cf16bc,1,4776331,4776339,4778710,4777589,2371,2379,8,0,0,0
4778751,ec0016b9-948c-0aab-dbba-3ea0cadcee97,1,4776452,4776511,4778751,4779759,2240,2299,59,0,0,0
4778823,9d8ecce5-50de-6473-b019-16f21dc5eb1b,1,4776209,4776219,4778823,4780008,2604,2614,10,0,0,0
4778835,7a49af78-5ab5-f2f2-08f0-a65c717528ab,1,4776513,4776571,4778835,4779087,2264,2322,58,0,0,0
4779081,9da52d82-39b8-aa87-9963-7a7563e078dd,1,4776815,4776818,4779081,4779998,2263,2266,3,0,0,0
4779137,44bbf740-af2c-45a5-b645-f77df0d56702,1,4776580,4776631,4779137,4779219,2506,2557,51,0,0,0
4779196,a05ce790-10fa-7403-f722-2f0a99c9808b,1,4776454,4776511,4779196,4779036,2685,2742,57,0,0,0
4779157,3671544c-5d79-514e-f78a-85e2057e0eb8,1,4776951,4776951,4779157,4778507,2206,2206,0,0,0,0
4779482,b7dc58e3-b698-0006-be52-2b178a553c09,1,4777313,4777313,4779482,4779994,2169,2169,0,0,0,0
4779880,79510b8d-6084-3163-51c8-22bc36841328,1,4777700,4777700,4779880,4779912,2180,2180,0,0,0,0
4781022,8d231692-5571-169d-e1ce-2805b8777b45,1,4778800,4778818,4781022,4780153,2204,2222,18,0,0,0
4784441,cc101a07-06e1-d1dc-480d-ca27ce486033,8,4588170,4588170,4784441,4878450,196271,196271,0,0,0,0
4785387,6d50f3e7-26db-60fe-2353-b00ab55bea55,8,4617885,4617885,4785387,4796780,167502,167502,0,0,0,0
4796634,11b67738-43ed-0e83-30df-d90c0af6d6d5,1,4751659,4751684,4796634,4806634,44950,44975,25,0,0,0
4811115,d9daa6a6-f475-0a93-8f74-19fb3b15a807,8,4801745,4801745,4811115,4813970,9370,9370,0,0,0,0
4811996,de35c890-7dc7-d8fd-a44b-a6e94e8920da,8,4775065,4775065,4811996,4808671,36931,36931,0,0,0,0
4818606,e239c528-cd1f-24fd-20c0-810ba8777322,8,4774890,4774890,4818606,4835724,43716,43716,0,0,0,0
4823465,7a7882f1-5814-8e5b-d6bd-53b9f93018d0,1,4820273,4820273,4823465,4824681,3192,3192,0,0,0,0
4826826,10bb65a3-f9ef-063f-ec66-0769f533bd9f,1,4825275,4825275,4826826,4826482,1551,1551,0,0,0,0
4826940,c65b8e2b-bf12-dc18-32e5-9782a023bda4,1,4825386,4825386,4826940,4826900,1554,1554,0,0,0,0
4831560,758919a8-8d0e-32c8-d17d-d36f78d340bd,1,4829245,4829245,4831560,4832598,2315,2315,0,0,0,0
4832922,b6297262-b588-3b05-85d5-1a5f952a2422,1,4831600,4831620,4832922,4833451,1302,1322,20,0,0,0
4833396,9f250e59-ea67-dda8-1936-a2c97fd3c0b5,1,4832094,4832094,4833396,4833601,1302,1302,0,0,0,0
4833876,810d9c1a-a338-6467-2193-64d1fbd199c1,1,4832575,4832575,4833876,4833984,1301,1301,0,0,0,0
4834108,8bdf44cd-4979-142b-1b88-7fa4949110af,1,4833447,4833456,4834108,4834084,652,661,9,0,0,0
4834627,357733f8-d92a-e797-5086-e2f313c7d8e9,1,4833974,4833974,4834627,4834381,653,653,0,0,0,0
4834742,6d1eb6fb-d81f-899e-f0fd-3956b65c2f9b,1,4833204,4833204,4834742,4834349,1538,1538,0,0,0,0
4835115,8d59a0ee-d0fd-576a-d9a2-b7c71ae41748,1,4834457,4834457,4835115,4835170,658,658,0,0,0,0
4835270,bb2a9335-4a4c-c097-6802-14ac78c292dd,1,4833730,4833730,4835270,4834684,1540,1540,0,0,0,0
4835743,d20fe0b0-d789-02a2-78f1-762fb82b1903,1,4834218,4834218,4835743,4835898,1525,1525,0,0,0,0
4838334,d9b775b5-a198-73a7-ba0e-0fbbf50759f5,1,4835343,4835343,4838334,4838709,2991,2991,0,0,0,0
4838403,d3588497-121e-aeea-9bef-b060f75b3a1f,1,4835151,4835175,4838403,4836884,3228,3252,24,0,0,0
4839025,eb3b1428-9add-db9f-edb8-6bc77cf6771a,1,4835748,4835803,4839025,4837985,3222,3277,55,0,0,0
4839553,da73ed50-cd35-85f4-488f-0afd71cf8582,1,4837533,4837533,4839553,4840229,2020,2020,0,0,0,0
4839691,99c13484-6c4f-f6be-336b-172e488bc5ed,1,4837680,4837713,4839691,4839491,1978,2011,33,0,0,0
4839710,97071445-e4ca-20f5-0e81-cbbd15e4486f,1,4837563,4837593,4839710,4838598,2117,2147,30,0,0,0
4839729,1b7810a0-58b3-60cf-1314-4c013b1d0b20,1,4837612,4837653,4839729,4840123,2076,2117,41,0,0,0
4839728,00ea25f2-ccb4-1497-3382-73891902a7e6,1,4837634,4837653,4839728,4838764,2075,2094,19,0,0,0
4839736,a972e063-1a8d-393e-4295-ecbd1002767d,1,4837636,4837653,4839736,4839314,2083,2100,17,0,0,0
4839716,6ef0702e-01a4-89ac-510e-a0bbe9507945,1,4837673,4837713,4839716,4840060,2003,2043,40,0,0,0
4839742,2304af49-a898-fdd4-571d-bbbe33bf772a,1,4837680,4837713,4839742,4839799,2029,2062,33,0,0,0
4839779,bd73563b-311d-a4ca-11aa-593b970283b3,1,4837623,4837653,4839779,4840454,2126,2156,30,0,0,0
4839778,c84044b3-3759-9cb4-c046-745aae9080db,1,4837633,4837653,4839778,4839053,2125,2145,20,0,0,0
4839760,7b260f44-50ed-42d9-a857-e1e8e30bcc40,1,4837649,4837653,4839760,4840481,2107,2111,4,0,0,0
4839789,28e2c3bf-cd5d-b9e1-71d2-676a2bf67532,1,4837670,4837713,4839789,4840228,2076,2119,43,0,0,0
4839868,92db0257-9b73-afc3-572e-4a21fae113fe,1,4837762,4837773,4839868,4840276,2095,2106,11,0,0,0
4839896,3c14cbd7-8549-072c-87e8-0e539e8e9235,1,4837623,4837653,4839896,4840057,2243,2273,30,0,0,0
4839880,295ea8bd-d387-24f1-2a60-f7a51b768a44,1,4837626,4837653,4839880,4840139,2227,2254,27,0,0,0
4839879,4223cd4a-04c3-edf5-d417-eb6c0c81ab53,1,4837632,4837653,4839879,4838867,2226,2247,21,0,0,0
4839918,4801ced6-ab5e-d464-569c-82883add5c08,1,4837683,4837713,4839918,4839928,2205,2235,30,0,0,0
4839905,df470050-fe6e-362a-32db-6cd7ed0dc446,1,4837701,4837713,4839905,4839837,2192,2204,12,0,0,0
4839919,7c060bd5-99fc-2623-2269-4a390d154bbd,1,4837741,4837773,4839919,4840636,2146,2178,32,0,0,0
4839904,37a00cb9-1efe-a670-cfbc-3ad1c0e8d057,1,4837743,4837773,4839904,4839182,2131,2161,30,0,0,0
4839923,01cad913-71e5-d9a2-a52b-0e5dcbdab212,1,4837746,4837773,4839923,4839024,2150,2177,27,0,0,0
4839927,07d6aa28-7372-0283-ac20-edfb5f3c873b,1,4837764,4837773,4839927,4840631,2154,2163,9,0,0,0
4839970,46c45c34-0533-9053-8274-a1629b6b18c7,1,4837701,4837713,4839970,4839781,2257,2269,12,0,0,0
4839962,81a39dce-a488-008f-2c01-85b46324b423,1,4837742,4837773,4839962,4839473,2189,2220,31,0,0,0
4840045,da9d165b-89ee-7ca5-456c-27fd12bfe52d,1,4837684,4837713,4840045,4839216,2332,2361,29,0,0,0
4840027,25d40d6c-921c-5ef6-c030-851925d459a0,1,4837710,4837713,4840027,4840907,2314,2317,3,0,0,0
4840034,a7dac1cc-f46f-77f0-84e1-26d154ac0e20,1,4837741,4837773,4840034,4840999,2261,2293,32,0,0,0
4840013,422fdf53-1459-3ddf-790c-3b1b2a18539d,1,4837787,4837833,4840013,4839533,2180,2226,46,0,0,0
4840082,79f8573e-ea03-f1a5-4004-b62dde49a2e7,1,4837683,4837713,4840082,4838916,2369,2399,30,0,0,0
4840085,d4d2db94-52ef-6d50-e330-27bb31b419a3,1,4837705,4837713,4840085,4839343,2372,2380,8,0,0,0
4840061,6069cd2e-eb3b-72f9-e980-ff949bfd62c7,1,4837713,4837713,4840061,4839415,2348,2348,0,0,0,0
4840111,3ef62670-c885-da14-4623-1597097f7eee,1,4837738,4837773,4840111,4840334,2338,2373,35,0,0,0
4840072,0f41c628-57f4-aba7-da90-d76cb9b3e516,1,4837899,4837953,4840072,4838976,2119,2173,54,0,0,0
4840100,3e8be5a2-47e6-6f66-fa14-00e797b415cb,1,4837899,4837953,4840100,4840666,2147,2201,54,0,0,0
4840119,222218cc-e305-50cf-e47d-de08fbf664ef,1,4837742,4837773,4840119,4839905,2346,2377,31,0,0,0
4840121,35f8eeb4-f9ce-d3c7-9d50-271aef79925c,1,4837848,4837893,4840121,4840062,2228,2273,45,0,0,0
4840171,eaa6cf47-8451-84eb-2365-ece51c4a6051,1,4837849,4837893,4840171,4839534,2278,2322,44,0,0,0
4840141,8680be8b-6e49-0e45-a8c2-6c1713a6671f,1,4837896,4837953,4840141,4839709,2188,2245,57,0,0,0
4840220,44ab18b2-ffef-3349-2c61-2bfc06ddb464,1,4837762,4837773,4840220,4840991,2447,2458,11,0,0,0
4840222,7217ffcb-0835-172b-7f83-637ba144fc15,1,4837762,4837773,4840222,4839649,2449,2460,11,0,0,0
4840182,30b1c5c7-16c9-8b8a-7430-7002ad9271dd,1,4837817,4837833,4840182,4839676,2349,2365,16,0,0,0
4840226,4b2910bb-1b04-c1f3-abb9-a7ad14052ce5,1,4837833,4837833,4840226,4840037,2393,2393,0,0,0,0
4840178,bc9548b7-ad65-4590-85db-e1f64d510fa8,1,4837848,4837893,4840178,4839329,2285,2330,45,0,0,0
4840236,69a58054-5c94-a47b-1bfb-d8309cb97eeb,1,4837932,4837953,4840236,4840266,2283,2304,21,0,0,0
4840320,33d34051-92b5-b642-81b6-c680a69c503d,1,4837788,4837833,4840320,4840007,2487,2532,45,0,0,0
4840330,b3858457-7afc-ceb2-8d0d-30c719e3e579,1,4837817,4837833,4840330,4841027,2497,2513,16,0,0,0
4840299,78c3d137-448e-3ce8-ee56-d4e6384052af,1,4837818,4837833,4840299,4840654,2466,2481,15,0,0,0
4840320,876812a9-63f9-77b0-8fd4-c3463be903c4,1,4837899,4837953,4840320,4839259,2367,2421,54,0,0,0
4840375,a89c9be9-d38b-747b-21a6-ad89ae97360e,1,4837899,4837953,4840375,4841013,2422,2476,54,0,0,0
4840354,7786054d-2f1d-2740-481c-f66719daed7b,1,4837900,4837953,4840354,4839589,2401,2454,53,0,0,0
4840379,47aedc16-a75c-1316-6ca6-60537b38b341,1,4838038,4838073,4840379,4840365,2306,2341,35,0,0,0
4840474,73569ad9-9397-06b4-fa2c-54355920ba77,1,4837973,4838013,4840474,4841545,2461,2501,40,0,0,0
4840537,637d85e0-7ed0-0d6b-80f2-fd0e2ddf3fd4,1,4838037,4838073,4840537,4839414,2464,2500,36,0,0,0
4840532,214d641a-ede6-9ed8-1398-38cfa4f4dea6,1,4838037,4838073,4840532,4840522,2459,2495,36,0,0,0
4840550,f18d23be-1c14-6503-4ad9-1b8caaecb77e,1,4838041,4838073,4840550,4839933,2477,2509,32,0,0,0
4840576,895e4095-2a1e-cd8c-62fc-7ca524b5591c,1,4838110,4838133,4840576,4839589,2443,2466,23,0,0,0
4840735,ef918813-145c-681e-a168-73c8ea42b696,1,4838259,4838259,4840735,4841752,2476,2476,0,0,0,0
4840750,b9b77653-1e7d-7e1b-4110-17d3a9b91dcd,1,4838340,4838394,4840750,4840264,2356,2410,54,0,0,0
4840793,86615979-3663-4a91-7aeb-dc73043e27f6,1,4838540,4838540,4840793,4840103,2253,2253,0,0,0,0
4840966,629d7ad5-1714-2b68-7c6d-4e851c415135,1,4838610,4838610,4840966,4842015,2356,2356,0,0,0,0
4841039,3a4a2c34-2199-94cb-a815-11432440bcf0,1,4838614,4838670,4841039,4839813,2369,2425,56,0,0,0
4840988,79a3fb91-7340-ba2b-59a8-d3fe5f00cbc7,1,4839032,4839085,4840988,4841538,1903,1956,53,0,0,0
4841121,797d1620-c130-5618-5e59-1ecb260ec27e,1,4838738,4838738,4841121,4840544,2383,2383,0,0,0,0
4841133,5d2c710b-27bc-843b-2edf-fe45404e3a13,1,4840437,4840471,4841133,4841311,662,696,34,0,0,0
4841590,1540a8d6-9f02-1c1f-fa6a-4d37b20ad916,1,4840919,4840919,4841590,4841445,671,671,0,0,0,0
4841757,2caf6e3c-661b-6e7f-665e-f0bf2b0b73e5,1,4840196,4840231,4841757,4841336,1526,1561,35,0,0,0
4841899,1013fc17-5294-63bc-6bfd-db15b6799867,1,4839553,4839553,4841899,4840781,2346,2346,0,0,0,0
4842064,bc6558ba-3936-da1c-622b-1decb620c543,1,4841403,4841403,4842064,4841789,661,661,0,0,0,0
4842194,fe3ddd26-bf3c-731b-f86d-da0d1aed1a2b,1,4840679,4840679,4842194,4842607,1515,1515,0,0,0,0
4842696,a5eb3263-2524-7025-5e3a-a1b8c445eca6,1,4841163,4841181,4842696,4842127,1515,1533,18,0,0,0
4853104,1872d5cf-8027-6be6-a72b-f8c1242b6794,1,4852259,4852299,4853104,4852663,805,845,40,0,0,0
4853125,015e597d-a427-7764-9b29-b1b50d4357aa,1,4852132,4852179,4853125,4852788,946,993,47,0,0,0
4853148,8b3fa229-db7e-4c62-3bc0-82e04439826d,1,4852245,4852299,4853148,4853349,849,903,54,0,0,0
4853122,ef02b783-f9f3-44ad-53ee-436b1d07b06e,1,4852248,4852299,4853122,4853303,823,874,51,0,0,0
4853162,df97a8f3-b359-4cdc-ea04-0e9047802044,1,4852254,4852299,4853162,4853103,863,908,45,0,0,0
4853165,33f272ae-13e8-93e1-62de-6c83eea31ace,1,4852128,4852179,4853165,4852815,986,1037,51,0,0,0
4853188,93d94562-38d6-8760-8951-c5819106fd8b,1,4852189,4852239,4853188,4852958,949,999,50,0,0,0
4853170,90cf490d-7138-2bf7-3097-8128d165deb7,1,4852192,4852239,4853170,4853025,931,978,47,0,0,0
4853166,93960476-93a4-34cb-ecd5-bffd93358b01,1,4852198,4852239,4853166,4853046,927,968,41,0,0,0
4853209,db7afca0-baa4-664c-d862-30e6c81e91db,1,4852250,4852299,4853209,4853500,910,959,49,0,0,0
4853212,dca58793-b6b6-7988-874c-edf67b17751e,1,4852252,4852299,4853212,4853351,913,960,47,0,0,0
4853207,0835db02-21de-43a9-20c9-8cfea7b4ccfd,1,4852254,4852299,4853207,4853158,908,953,45,0,0,0
4853203,a7453a0d-a1de-1edb-c5be-4a9d2ab9adda,1,4852315,4852359,4853203,4852856,844,888,44,0,0,0
4853197,36d772e2-39f1-e2cd-8a74-da99e036147c,1,4852317,4852359,4853197,4853226,838,880,42,0,0,0
4853230,b343ede1-eff1-49b6-a463-f7cdf2411291,1,4852254,4852299,4853230,4853246,931,976,45,0,0,0
4853248,52a6a856-0a3b-34ab-63c9-041f22652519,1,4852287,4852299,4853248,4852968,949,961,12,0,0,0
4853252,168c6c0f-8a8b-b0a3-e62c-5ef0ee7edf1e,1,4852310,4852359,4853252,4853525,893,942,49,0,0,0
4853271,322c1fac-ff86-0715-955f-62281146f764,1,4852313,4852359,4853271,4853171,912,958,46,0,0,0
4853253,c94c24ba-ae70-dc07-4472-06954cbfb610,1,4852314,4852359,4853253,4852842,894,939,45,0,0,0
4853255,6966eec2-6fb9-3d10-4f76-88222446ee1a,1,4852315,4852359,4853255,4852918,896,940,44,0,0,0
4853251,f6b8bc0b-122d-161b-ce82-b44d8348e6c3,1,4852403,4852419,4853251,4853249,832,848,16,0,0,0
4853330,ce40691a-3484-5369-98e6-c1b8a318fff6,1,4852375,4852419,4853330,4853158,911,955,44,0,0,0
4853342,e0c8b3bb-31d7-e4d6-2dcb-e90f3ea571b9,1,4852376,4852419,4853342,4852975,923,966,43,0,0,0
4853329,b05c8346-575f-ee90-5af9-13bcf3ba37a5,1,4852379,4852419,4853329,4852845,910,950,40,0,0,0
4853333,069a7125-12b6-6aa9-a2e6-2e2c867ae051,1,4852402,4852419,4853333,4852900,914,931,17,0,0,0
4853332,0bc7e023-4e84-f43d-3f87-cb22664fcd9f,1,4852411,4852419,4853332,4853428,913,921,8,0,0,0
4853300,a1f297b2-a21b-6a1a-640b-f74df4d93d69,1,4852433,4852479,4853300,4853263,821,867,46,0,0,0
4853383,4ebdfd09-2ec9-1233-b091-69eb67109402,1,4852251,4852299,4853383,4853352,1084,1132,48,0,0,0
4853361,ff032ea1-dc9d-64e7-fc2a-e503164e4780,1,4852396,4852419,4853361,4853500,942,965,23,0,0,0
4853387,4c13b7ef-a43b-3073-809d-ad517abb5a4c,1,4852405,4852419,4853387,4853673,968,982,14,0,0,0
4853345,b39cf12f-8b09-90e9-2417-2bd1b1d2c204,1,4852405,4852419,4853345,4853562,926,940,14,0,0,0
4853361,0a6fc2b3-0c72-c454-6cf5-0019236d9448,1,4852407,4852419,4853361,4852862,942,954,12,0,0,0
4853439,2edee587-0fb9-b382-464b-1fb835063c47,1,4852287,4852299,4853439,4853238,1140,1152,12,0,0,0
4853461,ffe024f0-010e-86d1-78c1-d215466a64f0,1,4852403,4852419,4853461,4853169,1042,1058,16,0,0,0
4853426,95bfaeb1-0190-119a-e08a-346b01286f4f,1,4852431,4852479,4853426,4853643,947,995,48,0,0,0
4853430,eed59832-d326-2742-f038-627386ba84a1,1,4852522,4852539,4853430,4853209,891,908,17,0,0,0
4853447,cb85ad97-6efd-da4f-1069-b8274555d360,1,4852522,4852539,4853447,4853137,908,925,17,0,0,0
4853459,5ddf1634-bf6d-3117-6b66-977849a9128e,1,4852524,4852539,4853459,4853571,920,935,15,0,0,0
4853409,e89627fe-80d4-94f4-2c11-9758eadefee8,1,4852525,4852539,4853409,4853041,870,884,14,0,0,0
4853448,01a386ce-6920-9cab-def1-76525acefe67,1,4852583,4852599,4853448,4853400,849,865,16,0,0,0
4853491,7f026c30-b762-9ec7-b190-17580c964dee,1,4852523,4852539,4853491,4853394,952,968,16,0,0,0
4853508,73a9c36c-db14-3a87-5ef6-5d1ff500c978,1,4852524,4852539,4853508,4853789,969,984,15,0,0,0
4853466,34eddad4-7907-7353-055d-f0ca3ff89cf7,1,4852524,4852539,4853466,4853567,927,942,15,0,0,0
4853496,b77fff18-abb1-e341-c567-21f0f0cf2501,1,4852526,4852539,4853496,4853402,957,970,13,0,0,0
4853522,6246f491-50bb-c9bd-a40d-75160734d306,1,4852546,4852599,4853522,4853754,923,976,53,0,0,0
4853505,65138c0e-aaa9-c59c-6259-cae3b46d065e,1,4852549,4852599,4853505,4853567,906,956,50,0,0,0
4853488,3571d89e-7cfe-0a77-bd66-0abc06bda6e4,1,4852551,4852599,4853488,4853324,889,937,48,0,0,0
4853546,e68cb1ba-b6eb-2780-c6e8-0197476d22bb,1,4852548,4852599,4853546,4853576,947,998,51,0,0,0
4853549,4e404427-ed2b-9320-4c94-f0d7422e4c77,1,4852609,4852659,4853549,4853228,890,940,50,0,0,0
4853643,208cbc85-0687-c963-13f2-18180fcdc561,1,4852681,4852719,4853643,4853333,924,962,38,0,0,0
4853643,e61440c5-c9ea-78bf-fad1-6d50b7ac8c23,1,4852683,4852719,4853643,4853744,924,960,36,0,0,0
4853686,7880c274-814b-c74b-5598-9ee1e0b07cce,1,4852676,4852719,4853686,4853443,967,1010,43,0,0,0
4853690,57ea7c88-9c35-6966-b816-737081f35531,1,4852726,4852779,4853690,4853408,911,964,53,0,0,0
4853667,73c99dc1-3c10-f3b5-08e8-cacd0c008903,1,4852728,4852779,4853667,4853922,888,939,51,0,0,0
4853745,dc531a9c-c5b1-5532-8103-9a29873ad8d6,1,4852722,4852779,4853745,4854065,966,1023,57,0,0,0
4853812,c325105c-a4a1-a661-2862-665584cfcb10,1,4852798,4852839,4853812,4853861,973,1014,41,0,0,0
4853830,b94d8bfd-cff7-df41-d6f8-10b530755c55,1,4852862,4852899,4853830,4854126,931,968,37,0,0,0
4853879,33b27ed0-dde2-bf3e-1803-dbaffe397b5b,1,4852862,4852899,4853879,4854143,980,1017,37,0,0,0
4853935,6826d833-0e56-7e61-588c-0f3ae98acce5,1,4850589,4850612,4853935,4854917,3323,3346,23,0,0,0
4853937,e3633352-7209-b6ed-5549-6b06eb328007,1,4852859,4852899,4853937,4854050,1038,1078,40,0,0,0
4853892,14797867-939d-b30d-eb20-88f196ce3a51,1,4852925,4852959,4853892,4853444,933,967,34,0,0,0
4853931,e6b50ee9-3195-a7e2-0e19-5d69cf5aebb8,1,4852975,4853019,4853931,4853510,912,956,44,0,0,0
4854021,73f7ec3b-c478-6e01-8eab-0fe8a4c21537,1,4853164,4853164,4854021,4853672,857,857,0,0,0,0
4855517,53c7c650-7762-bf09-b6d1-5ee942b7a3f0,1,4854648,4854648,4855517,4855367,869,869,0,0,0,0
4855859,e1b14543-8fb6-da13-b2e1-f0bf9c08a226,1,4854771,4854771,4855859,4855809,1088,1088,0,0,0,0
4858076,dd10bd28-fb4c-4e11-4608-7f6536deb37e,1,4855140,4855140,4858076,4858947,2936,2936,0,0,0,0
4859003,bbbfec28-5e25-d30a-4b89-19fad47aaf73,1,4858335,4858335,4859003,4859235,668,668,0,0,0,0
4859042,5cc4f13d-c026-507a-76de-574589ce15a2,1,4858394,4858395,4859042,4859313,647,648,1,0,0,0
4859007,fde2c926-e780-525b-26f5-ed425f63d923,1,4858395,4858395,4859007,4859293,612,612,0,0,0,0
4859067,9c55df5b-5420-c2b6-0004-46b017824e0b,1,4858392,4858395,4859067,4858982,672,675,3,0,0,0
4859059,ae8e3a06-e43f-d981-25dc-5206a2525c0a,1,4858395,4858395,4859059,4859321,664,664,0,0,0,0
4859110,7cc696bd-529c-2e5c-fc15-d42de3b7ea90,1,4858453,4858455,4859110,4859269,655,657,2,0,0,0
4859107,1ff3df05-bd49-7a0a-9279-e46ec3971224,1,4858453,4858455,4859107,4859188,652,654,2,0,0,0
4859078,a1dd88d6-1ba7-e2f4-6761-d7f0c3d24f49,1,4858454,4858455,4859078,4858804,623,624,1,0,0,0
4859106,3a657200-fef7-1496-140d-754a32ad8a8e,1,4858455,4858455,4859106,4858777,651,651,0,0,0,0
4859128,ce9ed0bd-5196-dfc0-e90b-e69f1b874376,1,4858396,4858455,4859128,4858790,673,732,59,0,0,0
4859146,78d2075b-f3a5-42f0-7360-05e5c76f8e2e,1,4858451,4858455,4859146,4859282,691,695,4,0,0,0
4859155,d536ba96-97f8-c3be-dd90-72f456b66dd7,1,4858456,4858515,4859155,4859309,640,699,59,0,0,0
4859144,133ef97a-6981-906e-723f-b0ecb665cf8b,1,4858505,4858515,4859144,4858921,629,639,10,0,0,0
4859143,afda6a51-74e4-d750-fdc3-501d28465616,1,4858506,4858515,4859143,4859302,628,637,9,0,0,0
4859181,853473a3-cbb9-07ea-42af-aedea83f657c,1,4858506,4858515,4859181,4859415,666,675,9,0,0,0
4859225,78434b4a-f4a0-f534-0d9f-f0a21da34249,1,4858520,4858575,4859225,4859032,650,705,55,0,0,0
4859228,f0cc4ae1-4537-5dab-5d81-c2d451f706f8,1,4858537,4858575,4859228,4859040,653,691,38,0,0,0
4859219,98f35bb3-6a95-3392-3dfc-7b0de58c69fd,1,4858569,4858575,4859219,4859225,644,650,6,0,0,0
4859257,ad0e30b3-5e5b-b2f4-9fdb-874f24098899,1,4858504,4858515,4859257,4859036,742,753,11,0,0,0
4859247,4d90d947-1c5f-4f89-5eb0-16ce469eaff5,1,4858570,4858575,4859247,4859141,672,677,5,0,0,0
4859291,34271647-bd59-5e37-5b34-600fc038356e,1,4858626,4858635,4859291,4859005,656,665,9,0,0,0
4859307,cccc464f-6a33-4a55-760b-52fe3809aa4f,1,4858567,4858575,4859307,4859003,732,740,8,0,0,0
4859303,145edab3-ddf7-9709-efa7-18719f7cdbe5,1,4858631,4858635,4859303,4859417,668,672,4,0,0,0
4859305,d77a17db-58cb-c209-46e1-5af883ad63ff,1,4858632,4858635,4859305,4859577,670,673,3,0,0,0
4859329,3f6a5166-9fe7-3fe2-eab4-324d3f18cb4f,1,4858688,4858695,4859329,4859313,634,641,7,0,0,0
4859357,de56c467-cc1a-7159-69a6-976d443b3c25,1,4858689,4858695,4859357,4859536,662,668,6,0,0,0
4859330,c553d3a0-fd14-f848-0ee6-04f00a22a776,1,4858690,4858695,4859330,4859363,635,640,5,0,0,0
4859339,afd5827d-0d4e-c4b9-3181-4635af87b559,1,4858694,4858695,4859339,4859320,644,645,1,0,0,0
4859359,83046af1-84d5-abd2-e85b-9c8aefd2e8c9,1,4858568,4858575,4859359,4859036,784,791,7,0,0,0
4859360,739b6824-8731-484e-589e-76b98ce7dc29,1,4858634,4858635,4859360,4859104,725,726,1,0,0,0
4859402,9ea4c702-41cd-a75f-99f0-3efad987d0ac,1,4858688,4858695,4859402,4859638,707,714,7,0,0,0
4859379,7847ee34-01f7-1917-10fe-ed62f2a2a7b5,1,4858693,4858695,4859379,4859413,684,686,2,0,0,0
4859403,e728e109-ca0d-434a-3ae0-db32e8841d08,1,4858700,4858755,4859403,4859511,648,703,55,0,0,0
4859382,4691a0b9-2ef3-376f-8342-8d044f50ff02,1,4858732,4858755,4859382,4859048,627,650,23,0,0,0
4859405,cba4aac2-1bf8-204f-380d-dae4756d4627,1,4858733,4858755,4859405,4859676,650,672,22,0,0,0
4859378,ae8c8dea-a336-4b61-93e1-9a9791afc7d4,1,4858744,4858755,4859378,4859568,623,634,11,0,0,0
4859396,e5e1e896-9268-6cba-4ae8-63d1702e36cb,1,4858745,4858755,4859396,4859343,641,651,10,0,0,0
4859474,663637b9-a43e-8daf-3439-99edf60ea405,1,4858695,4858695,4859474,4859606,779,779,0,0,0,0
4859474,e3408018-be2b-647a-332c-bcd0cbbbd89a,1,4858744,4858755,4859474,4859520,719,730,11,0,0,0
4859442,911a32f4-9b5d-eb62-30ec-dbff59f56d0e,1,4858744,4858755,4859442,4859388,687,698,11,0,0,0
4859426,05907dbf-3a70-98c7-18cf-ca8604d8ae11,1,4858745,4858755,4859426,4859156,671,681,10,0,0,0
4859436,7e10c75d-c123-71b1-5064-5e3be9fa3a5a,1,4858817,4858817,4859436,4859684,619,619,0,0,0,0
4859518,a5480fff-9f40-8f8f-5c97-fd6d17f6a5d0,1,4858819,4858877,4859518,4859672,641,699,58,0,0,0
4859493,046ddac8-2c87-7b24-eed1-0941b5ff354c,1,4858864,4858877,4859493,4859672,616,629,13,0,0,0
4859532,69442644-faf7-f23f-9a2f-0e2f3d5b0dfd,1,4858865,4858877,4859532,4859446,655,667,12,0,0,0
4859503,76f1d068-e713-f71a-bc57-6cf6a693c652,1,4858866,4858877,4859503,4859724,626,637,11,0,0,0
4859506,46bede46-2987-9557-f2f5-c498d927dd48,1,4858871,4858877,4859506,4859475,629,635,6,0,0,0
4859575,94d722c6-0c07-82b4-18f4-3fd52c050a54,1,4858821,4858877,4859575,4859850,698,754,56,0,0,0
4859557,680fe235-122d-a786-eb89-64517e286939,1,4858924,4858937,4859557,4859745,620,633,13,0,0,0
4859559,6b8c78d7-eadb-69d1-dc2a-0d5425246ba4,1,4858924,4858937,4859559,4859817,622,635,13,0,0,0
4859579,76c61e2e-1262-1ecb-5044-2f78cfdf88f8,1,4858924,4858937,4859579,4859604,642,655,13,0,0,0
4859580,0a9e10d3-626b-2a8a-7c81-8c96a916f073,1,4858927,4858937,4859580,4859247,643,653,10,0,0,0
4859583,9093610b-6315-597c-89ef-9a8e122f53cc,1,4858936,4858937,4859583,4859873,646,647,1,0,0,0
4859653,20f2dd3b-87ed-8076-6633-cc7dbc50fa6c,1,4858984,4858997,4859653,4859333,656,669,13,0,0,0
4859735,f0fca3d3-723b-f128-fd69-1098d8ac188e,1,4859058,4859117,4859735,4859789,618,677,59,0,0,0
4859748,2a66d1bc-7a04-eeab-e64c-8a667b1c7842,1,4859106,4859117,4859748,4859510,631,642,11,0,0,0
4859893,9bbba7a0-2cdb-879b-087d-3100811313f2,1,4859192,4859237,4859893,4860048,656,701,45,0,0,0
4860007,cdadd826-aa4e-037c-a6e4-7d4671adcc88,1,4859341,4859357,4860007,4859875,650,666,16,0,0,0
4860011,73bd7d0c-2577-cfa0-6afa-e4c567a09bda,1,4859310,4859357,4860011,4859820,654,701,47,0,0,0
4860060,a7186dec-f0f4-9e60-f832-f963318f8cd8,1,4859381,4859417,4860060,4859747,643,679,36,0,0,0
4860657,318dd793-7384-2e66-f0fd-249a9546099a,4,4756896,4756927,4860657,4904080,103730,103761,31,0,0,0
4860846,6237402d-36f7-4e30-ea30-bbf5226c304c,1,4860188,4860188,4860846,4861077,658,658,0,0,0,0
4861419,f5cbb206-c402-2c24-03d7-ec4f079ace9e,1,4860686,4860717,4861419,4861280,702,733,31,0,0,0
4861393,9d87522f-ec95-99ed-2a87-1982224939ce,1,4860689,4860717,4861393,4861524,676,704,28,0,0,0
4861463,4527efb4-d759-61a6-ee17-d954608c3eb5,1,4860742,4860777,4861463,4861120,686,721,35,0,0,0
4861497,7973a413-8330-5c57-b6ff-68376faeabba,1,4860748,4860777,4861497,4861710,720,749,29,0,0,0
4861506,d5c2c640-dae7-a549-1acc-ff212fb4c5d7,1,4860748,4860777,4861506,4861463,729,758,29,0,0,0
4861523,e486dc39-4ab6-ed43-22fa-8cb546491860,1,4860802,4860837,4861523,4861418,686,721,35,0,0,0
4861535,2c40b54e-4393-6550-ace0-e3b4210b1cff,1,4860802,4860837,4861535,4861183,698,733,35,0,0,0
4861535,4b823b51-5863-261c-0699-7342f5d75ee9,1,4860805,4860837,4861535,4861230,698,730,32,0,0,0
4861561,2b755765-2943-4eeb-e3df-5415a0d4a78d,1,4860806,4860837,4861561,4861785,724,755,31,0,0,0
4861569,a93d86c7-9f6f-be5a-fd1a-cb8ffbcba2e4,1,4860806,4860837,4861569,4861592,732,763,31,0,0,0
4861593,4fca5001-9815-e108-bc3b-39c3c52478f5,1,4860865,4860897,4861593,4861542,696,728,32,0,0,0
4861596,8c4fd3c9-dddb-5f3d-6ce2-77328e5faa59,1,4860867,4860897,4861596,4861496,699,729,30,0,0,0
4861563,63f6c0d8-d28d-66aa-618b-47ed5cffd12f,1,4860870,4860897,4861563,4861743,666,693,27,0,0,0
4861597,d906e756-54ba-81f9-4191-17555c56b2f2,1,4860870,4860897,4861597,4861531,700,727,27,0,0,0
4861606,0daf2dae-8209-a8a7-0e7f-5bae16fb436a,1,4860871,4860897,4861606,4861305,709,735,26,0,0,0
4861624,b6f2c84e-72e7-270b-0428-7b5e6f7666c4,1,4860872,4860897,4861624,4861591,727,752,25,0,0,0
4861663,c81af4aa-279a-c811-08a2-9c645bd792c6,1,4860912,4860957,4861663,4861809,706,751,45,0,0,0
4861635,8e5e53c4-cf09-9562-eda7-5abcdf5a1bed,1,4860917,4860957,4861635,4861381,678,718,40,0,0,0
4861633,62741766-a113-1d1b-f5b0-3148394de695,1,4860918,4860957,4861633,4861406,676,715,39,0,0,0
4861691,6863778e-51d9-4f78-462c-10667843d846,1,4860990,4861017,4861691,4861865,674,701,27,0,0,0
4861706,bedf6b8d-9fd3-4760-aa1d-c4936b3dd738,1,4860990,4861017,4861706,4861472,689,716,27,0,0,0
4861736,a14943e2-f990-f46f-2eeb-731c9fab5713,1,4861053,4861077,4861736,4861840,659,683,24,0,0,0
4861760,39437052-f589-06b9-2acc-21d93643c274,1,4860990,4861017,4861760,4861637,743,770,27,0,0,0
4861748,b3abaf81-7ed4-9f42-896f-3475a212ea3c,1,4861053,4861077,4861748,4861914,671,695,24,0,0,0
4861762,06d4ce8d-912d-f322-f5da-4ea5b2b53b1f,1,4861114,4861137,4861762,4861881,625,648,23,0,0,0
4861841,2d2ac30c-a1c2-b23d-303c-24578c0d4213,1,4861163,4861197,4861841,4862023,644,678,34,0,0,0
4861840,a4f54a39-3a52-bcdd-438e-2dbf4e576062,1,4861164,4861197,4861840,4861936,643,676,33,0,0,0
4861823,7e337fb1-6c07-2da8-b63f-ace7e8af5d90,1,4861165,4861197,4861823,4862043,626,658,32,0,0,0
4861823,7a45b2b6-0e3f-1cd0-b3a9-3b0e95a4fefc,1,4861166,4861197,4861823,4861950,626,657,31,0,0,0
4861806,7c557465-6dbc-dfd2-7931-d814821fc47c,1,4861166,4861197,4861806,4861752,609,640,31,0,0,0
4861825,b49d97a2-9506-e77d-ea3a-55fcdc6d68ba,1,4861167,4861197,4861825,4861726,628,658,30,0,0,0
4861840,4cd46fc3-aace-95a3-4b66-285f05e3da32,1,4861169,4861197,4861840,4861959,643,671,28,0,0,0
4861839,d3958ffe-e2b3-68b5-e18a-d81d1e215b9b,1,4861170,4861197,4861839,4861813,642,669,27,0,0,0
4861834,9bcd1427-6157-cb13-7d82-7cd6e7b70c61,1,4861176,4861197,4861834,4861976,637,658,21,0,0,0
4861869,2eacf23a-ebfc-7e6e-b388-df84f1b3871e,1,4861164,4861197,4861869,4861902,672,705,33,0,0,0
4861875,3e748545-bed7-4860-36ed-644a4c88f420,1,4861169,4861197,4861875,4861816,678,706,28,0,0,0
4861872,2409259a-9ad2-2ea9-49bb-a5649bbaeeac,1,4861254,4861257,4861872,4862158,615,618,3,0,0,0
4861929,94d99412-f03e-556a-bc80-e303b6288795,1,4861278,4861317,4861929,4861761,612,651,39,0,0,0
4861964,043edb27-2c4b-55c2-cbea-3167c63fe9cd,1,4861280,4861317,4861964,4861622,647,684,37,0,0,0
4862029,21e094fc-15db-a69e-591a-86896626978d,1,4861347,4861377,4862029,4862012,652,682,30,0,0,0
4862080,70da8b7c-3ea0-489a-5d03-61daa0f4a095,1,4861398,4861437,4862080,4862127,643,682,39,0,0,0
4862067,4f3228b6-d20f-3062-2ba7-466cf9681b8d,1,4861407,4861437,4862067,4862072,630,660,30,0,0,0
4862076,86a95175-3524-a3e3-a654-95ca94f45431,1,4861415,4861437,4862076,4862161,639,661,22,0,0,0
4862148,47af63ee-5f3d-5f8f-97cb-fff8047a7b9e,1,4861471,4861497,4862148,4862423,651,677,26,0,0,0
4862190,05fd3611-fb53-ab5c-788c-bda715b9a6f1,1,4861517,4861557,4862190,4862152,633,673,40,0,0,0
4862248,d7ca6a43-c82e-fb43-c08c-c4d6cf176b01,1,4861588,4861617,4862248,4862222,631,660,29,0,0,0
4862248,7c4bc4cf-294d-66a0-d571-098a6de4cd2d,1,4861590,4861617,4862248,4862336,631,658,27,0,0,0
4862303,71d65ce5-6cf6-a1af-c30b-df3ae15ecc55,1,4861651,4861677,4862303,4861970,626,652,26,0,0,0
4862375,6324de68-68fc-7139-3945-040674ef6537,1,4861707,4861737,4862375,4862184,638,668,30,0,0,0
4862349,b6610e64-34f2-304b-f2af-32b3a1939c98,1,4861714,4861737,4862349,4862040,612,635,23,0,0,0
4862665,681bfbd7-a480-9ac1-95ab-15d0e43c5ea5,1,4861988,4862037,4862665,4862497,628,677,49,0,0,0
4862779,f3427703-8c29-e99e-9e2a-615efe8cad92,1,4862116,4862157,4862779,4863010,622,663,41,0,0,0
4863271,879d53fc-df38-e1dc-2b52-1e37c6de38b9,1,4862623,4862623,4863271,4863405,648,648,0,0,0,0
4863390,974d2610-0f0c-503d-9e68-8afce80a8bff,1,4859712,4859717,4863390,4864339,3673,3678,5,0,0,0
4866499,d67ff9ea-e9de-2024-645b-52edf379026f,1,4863421,4863451,4866499,4867899,3048,3078,30,0,0,0
4866646,070d269e-e6ac-03a8-0736-ffb5522a230e,1,4863090,4863092,4866646,4867544,3554,3556,2,0,0,0
4866929,34c9aa64-86dd-3417-b695-3b262f859ef3,1,4863312,4863331,4866929,4865537,3598,3617,19,0,0,0
4872806,b0dfd7b9-fa66-f2c0-9c4c-532de2999e1a,8,4697563,4697563,4872806,4810954,175243,175243,0,0,0,0
4873558,5f19287a-cdb2-18f1-82b9-da38073372c0,1,4870547,4870547,4873558,4873494,3011,3011,0,0,0,0
4873776,3c22610f-88d8-804e-8500-e11621623fe0,1,4870582,4870607,4873776,4874939,3169,3194,25,0,0,0
4873806,77ba732b-0271-3dda-0f9d-92b5295969df,1,4870956,4870956,4873806,4875093,2850,2850,0,0,0,0
4874076,44a277b7-0b8b-b970-49f6-41ca5839fa97,8,4697830,4697830,4874076,4825358,176246,176246,0,0,0,0
4875825,72c33830-83c3-8cf5-c9d3-9b80f02bff35,8,4700406,4700406,4875825,4800494,175419,175419,0,0,0,0
4887044,d5537a58-2756-e9b1-bc95-63f2a78effe7,4,4826180,4826180,4887044,4887245,60864,60864,0,0,0,0
4897540,423f023e-666c-aee8-5cfc-664da485a68b,1,4852119,4852119,4897540,4884996,45421,45421,0,0,0,0
4898724,c0758b44-ce35-befc-c424-ccc4de431418,8,4705572,4705572,4898724,4985352,193152,193152,0,0,0,0
4905833,f198709c-7b5a-94e4-0351-71515898ef62,8,4850552,4850552,4905833,4887935,55281,55281,0,0,0,0
4907835,32b27bec-51e6-5866-f7b8-70c37b5c2074,2,4006871,4006871,4907835,4734690,900964,900964,0,0,0,0
4908442,d8c373f7-6c4b-1a3a-4d76-7f01fbae681d,1,4905454,4905454,4908442,4909636,2988,2988,0,0,0,0
4909061,fa369cd1-8aee-4564-fe21-4e82bbd8ca7b,1,4906075,4906075,4909061,4907908,2986,2986,0,0,0,0
4914686,3717c437-71f7-ba33-0de8-9c570a81fa55,1,4911757,4911797,4914686,4914579,2889,2929,40,0,0,0
4914757,a03b1e61-5de6-3714-e20e-9c0b76b7edba,1,4911737,4911737,4914757,4914498,3020,3020,0,0,0,0
4915041,a7d946fc-6f28-8de4-0b68-39b34a98f39f,1,4912139,4912139,4915041,4914747,2902,2902,0,0,0,0
4920925,43aea0b4-f9cf-5cff-ae6e-0f66be49f556,1,4920314,4920314,4920925,4921216,611,611,0,0,0,0
4926125,c265347e-2023-1644-d7b9-a0f1bec8cf46,1,4923128,4923128,4926125,4927537,2997,2997,0,0,0,0
4926407,5dfe0007-bb2e-6561-ea39-86ca021f13f2,1,4925791,4925791,4926407,4926541,616,616,0,0,0,0
4926647,aeb6c0a9-b534-b3bd-067b-1c889e4855bd,1,4925976,4925976,4926647,4926749,671,671,0,0,0,0
4926863,25f0698e-5029-5140-f62c-ff1fca2710ec,1,4926209,4926209,4926863,4926546,654,654,0,0,0,0
4931621,0b1b8ee1-6d14-55c8-17da-2228b4c88180,1,4930078,4930078,4931621,4931409,1543,1543,0,0,0,0
4931838,e5a14a80-ff3a-eb4a-6d1d-167278ec64b9,1,4930319,4930361,4931838,4931828,1477,1519,42,0,0,0
4931910,794426ba-7961-f064-1763-086412952600,1,4930319,4930361,4931910,4932506,1549,1591,42,0,0,0
4931928,ba942370-bb4c-ad3d-0a26-78497288cda9,1,4930506,4930506,4931928,4931432,1422,1422,0,0,0,0
4931975,e6523c2c-2c8e-d2e8-bb27-182beb750a62,1,4930301,4930301,4931975,4932690,1674,1674,0,0,0,0
4932023,9f76f452-4bce-01eb-e319-92512d5835f6,1,4930318,4930361,4932023,4931474,1662,1705,43,0,0,0
4932084,56b8d540-4b15-4543-a23e-e239eeb3da7a,1,4930445,4930445,4932084,4932384,1639,1639,0,0,0,0
4932231,e6e8d299-ee91-a58f-b204-a3f15c14fe70,1,4930317,4930361,4932231,4932377,1870,1914,44,0,0,0
4932207,08d08b34-0d1d-5736-b431-2eb65917a56f,1,4930533,4930566,4932207,4931422,1641,1674,33,0,0,0
4932329,a89b2cc8-ac8b-7916-c677-d6d904ae0b41,1,4930690,4930690,4932329,4931716,1639,1639,0,0,0,0
4932559,3aaaad48-55c1-d6c8-d0d3-23499534a7e3,1,4930938,4930938,4932559,4931756,1621,1621,0,0,0,0
4932523,8de1a16c-4d30-27bf-61cf-d0ad4fce8395,1,4930946,4930998,4932523,4932344,1525,1577,52,0,0,0
4932597,0df665b9-8f25-d8a2-c415-9d77e0ca81c0,1,4930944,4930998,4932597,4932979,1599,1653,54,0,0,0
4932637,47dbfde0-2f05-58de-f820-dcf7e2a79d71,1,4930941,4930998,4932637,4932584,1639,1696,57,0,0,0
4932621,d4ac7e27-3205-d9c0-6945-3f8a1573e8d4,1,4930956,4930998,4932621,4932288,1623,1665,42,0,0,0
4932709,ee27756a-0127-7f82-d97f-49237f8e4d86,1,4931029,4931058,4932709,4933434,1651,1680,29,0,0,0
4932734,1d25dbc8-3730-7eb4-5474-40cb63af08fe,1,4931109,4931118,4932734,4932199,1616,1625,9,0,0,0
4932742,fd297fd3-5eaa-01f7-a493-c4e0d61a9a28,1,4931109,4931118,4932742,4932614,1624,1633,9,0,0,0
4932774,1b691c63-6c32-e305-049a-d3eab3c1e969,1,4931137,4931178,4932774,4933157,1596,1637,41,0,0,0
4932893,a6dbf2e9-8287-a94d-814c-fad77426032f,1,4931267,4931267,4932893,4933566,1626,1626,0,0,0,0
4932906,8a193470-4bbc-9914-f824-fdd3cb34c0bb,1,4931291,4931327,4932906,4932389,1579,1615,36,0,0,0
4933067,faa50bee-a124-8bd9-64d4-7b0789f85be6,1,4931474,4931474,4933067,4932301,1593,1593,0,0,0,0
4933140,b2b47bd4-aac8-1bf8-b392-7bf280cd8aec,1,4931475,4931534,4933140,4932711,1606,1665,59,0,0,0
4933198,ebbe1cf4-4496-f518-5e19-ad54514fe370,1,4931490,4931534,4933198,4933377,1664,1708,44,0,0,0
4933218,7067efaa-17bf-87ab-92ca-a7b7cb0065f0,1,4931601,4931601,4933218,4932924,1617,1617,0,0,0,0
4933307,931cc76a-ca68-32ed-c27e-a023176b8970,1,4931657,4931661,4933307,4933002,1646,1650,4,0,0,0
4933443,4d009e96-aa05-3a78-a2ee-acc4ab21974d,1,4931821,4931821,4933443,4933327,1622,1622,0,0,0,0
4933493,6d861a6f-c8e9-05bd-4d57-21e96cff1fb2,1,4931890,4931941,4933493,4933856,1552,1603,51,0,0,0
4933794,1b87b57c-85b5-caa8-b253-a0bcf6e9a7ca,1,4932107,4932121,4933794,4934332,1673,1687,14,0,0,0
4933806,8ec84514-a200-588b-ff24-ecbdec97182e,1,4932072,4932121,4933806,4934286,1685,1734,49,0,0,0
4933812,e790f312-2abb-866b-b56c-df1ac1e65202,1,4932072,4932121,4933812,4933299,1691,1740,49,0,0,0
4933807,725d41fc-03ff-2305-c754-3893335127d3,1,4932107,4932121,4933807,4933322,1686,1700,14,0,0,0
4933844,d6bcb21c-454c-0b79-b59b-a5a14b335b12,1,4932137,4932181,4933844,4933727,1663,1707,44,0,0,0
4933843,d0f6a62d-93e0-53e4-ecf3-5c8348551330,1,4932137,4932181,4933843,4933027,1662,1706,44,0,0,0
4933960,d96d6ad3-4924-9710-9123-810267406ac3,1,4932233,4932241,4933960,4933360,1719,1727,8,0,0,0
4933961,1d39a1b7-a61a-467c-af9f-17ed8c6e9bdd,1,4932233,4932241,4933961,4933144,1720,1728,8,0,0,0
4934051,5b7a9f8e-6faf-1657-e266-e604ddbc71c7,1,4932320,4932320,4934051,4934715,1731,1731,0,0,0,0
4934089,7916f2e6-de08-24b8-ec73-6a754d19dbfb,1,4931954,4932001,4934089,4933670,2088,2135,47,0,0,0
4934126,82cc0143-c03d-49fb-b8ca-45373384e5a8,1,4932210,4932241,4934126,4934296,1885,1916,31,0,0,0
4934091,445baf7a-402a-f48c-ada4-bbf00307c652,1,4932375,4932380,4934091,4934069,1711,1716,5,0,0,0
4934152,05b39b1f-1a13-7fea-38c9-cadf18be8987,1,4932381,4932440,4934152,4933976,1712,1771,59,0,0,0
4934190,bf1abfb6-8acc-686a-bb98-55cee5c6d198,1,4932464,4932500,4934190,4934326,1690,1726,36,0,0,0
4934189,4f168d97-4ffb-96db-657d-b5bf3b48557e,1,4932500,4932500,4934189,4934081,1689,1689,0,0,0,0
4934335,afb0e4ab-c143-5eb5-23de-6d28cb65a302,1,4932571,4932620,4934335,4933970,1715,1764,49,0,0,0
4934353,f9f04a1f-1d10-6f91-1368-5e0dd6d34231,1,4932628,4932680,4934353,4934689,1673,1725,52,0,0,0
4934627,0c9a830f-f02a-83bc-5a8f-4f3f663864aa,1,4932923,4932953,4934627,4934090,1674,1704,30,0,0,0
4934694,75b7b71a-8bfd-5515-8ab9-974cffa95b70,1,4932915,4932953,4934694,4934788,1741,1779,38,0,0,0
4934728,3b71f750-44cd-00be-f890-92fed957fbc5,1,4932793,4932800,4934728,4934525,1928,1935,7,0,0,0
4935665,932aff00-1ec5-bd54-091c-719507015ccc,8,4360969,4360969,4935665,4890717,574696,574696,0,0,0,0
4935897,26f2f44d-eb12-992c-2dd5-ef494658398e,1,4934205,4934260,4935897,4935141,1637,1692,55,0,0,0
4935893,1c072ca1-32c6-8276-f419-a267074f1df4,1,4934253,4934260,4935893,4935099,1633,1640,7,0,0,0
4935923,79bf2c8d-1a52-b567-f9b2-46f917cf71dc,1,4934260,4934260,4935923,4935920,1663,1663,0,0,0,0
4935960,60f732d2-a1fc-5751-2899-b1be3c6e3484,1,4934319,4934320,4935960,4936687,1640,1641,1,0,0,0
4936227,73f83905-dae0-9130-8276-5f029c4eae5f,1,4934538,4934538,4936227,4936156,1689,1689,0,0,0,0
4936408,8f8aac4c-6de0-4e75-f440-fa6f5010052f,1,4934867,4934874,4936408,4935761,1534,1541,7,0,0,0
4936448,085bd297-d306-ec5b-71a4-98c21e73352c,1,4934786,4934814,4936448,4936081,1634,1662,28,0,0,0
4936562,81ebe9de-0d62-61f3-8a33-3fd3096894b6,1,4935004,4935004,4936562,4936334,1558,1558,0,0,0,0
4936689,cd84eede-aed8-360d-07e5-94f97391aea0,1,4935087,4935087,4936689,4936341,1602,1602,0,0,0,0
4936718,79cedeb8-10a6-6fe0-de20-a426c3f93fbd,1,4935087,4935087,4936718,4936770,1631,1631,0,0,0,0
4936765,21d73c7c-1f5d-cfee-1b05-100d00dafbb8,1,4935087,4935087,4936765,4936703,1678,1678,0,0,0,0
4936906,a7187ea6-e411-783a-4729-49ff7d858820,1,4935266,4935266,4936906,4937469,1640,1640,0,0,0,0
4937322,4566114c-5752-4673-879b-7fcc91471e2a,1,4935749,4935749,4937322,4937959,1573,1573,0,0,0,0
4937493,604814ce-5bb7-22bc-0fa5-5a77fd3d867a,1,4935881,4935881,4937493,4936994,1612,1612,0,0,0,0
4937698,5cb72055-5db8-c311-744c-8e181279c075,1,4936094,4936094,4937698,4937515,1604,1604,0,0,0,0
4939540,32753963-8b4b-6b42-a068-de8abeea0c6c,1,4937997,4937997,4939540,4939315,1543,1543,0,0,0,0
4945958,cec25fdc-ccdd-f721-641c-3afc40bd82b7,8,4940662,4940662,4945958,4944948,5296,5296,0,0,0,0
4951607,30aff761-7856-3be6-0a18-8e357ecb52f6,8,4726110,4726110,4951607,4997645,225497,225497,0,0,0,0
4951957,3a715a67-7796-ea87-a0c7-4724a06071f0,8,4937042,4937042,4951957,4946800,14915,14915,0,0,0,0
4952810,b4896bcc-e767-d0f3-682a-599ae2184809,8,4938034,4938057,4952810,4952779,14753,14776,23,0,0,0
4958448,9c9c2844-e579-aa75-f94b-c0d94594e2c4,8,4726110,4726110,4958448,4861770,232338,232338,0,0,0,0
4959623,3786ab40-711c-9516-2db8-245447f6afd7,1,4956923,4956923,4959623,4960745,2700,2700,0,0,0,0
4959655,67e062e0-6561-353f-130a-50a063808063,1,4957019,4957075,4959655,4959764,2580,2636,56,0,0,0
4959662,45787a44-fa51-e27c-7726-2aa06ddcafbe,1,4957085,4957135,4959662,4958819,2527,2577,50,0,0,0
4959688,9e78bc4b-a70f-ba18-b631-ba811edfb542,1,4957086,4957135,4959688,4958332,2553,2602,49,0,0,0
4959713,1194807d-697b-b898-1525-f9757e3bc0c1,1,4957087,4957135,4959713,4959616,2578,2626,48,0,0,0
4959786,3547baeb-6dfb-afc2-0f13-42475ff7debf,1,4957015,4957015,4959786,4960055,2771,2771,0,0,0,0
4959753,c8b3c540-c2d6-f7d9-e7fd-dfdeeb1ad0a0,1,4957080,4957135,4959753,4959617,2618,2673,55,0,0,0
4959972,ead49335-5df9-2a00-42a9-4d3259af0320,1,4957265,4957273,4959972,4959592,2699,2707,8,0,0,0
4960021,7c49dcfe-f127-5feb-78c7-a2fdf5009e6d,1,4957213,4957213,4960021,4959950,2808,2808,0,0,0,0
4960026,4558a900-6e34-1ea1-7495-50cd165c1b39,1,4957214,4957273,4960026,4961155,2753,2812,59,0,0,0
4960013,2759137f-c12d-25ab-6731-b419d7fef411,1,4957332,4957333,4960013,4960177,2680,2681,1,0,0,0
4960075,9620a685-0768-ec54-d7bf-12b2ec64eda6,1,4957265,4957273,4960075,4958654,2802,2810,8,0,0,0
4960119,232a5c56-2933-db77-5ed9-39547e05f554,1,4957384,4957393,4960119,4959986,2726,2735,9,0,0,0
4960227,2250a9ae-a624-306c-a34c-1731bec2294e,1,4957331,4957333,4960227,4959653,2894,2896,2,0,0,0
4960203,9db77647-02a1-6d5f-4f0c-ead98995178b,1,4957384,4957393,4960203,4961410,2810,2819,9,0,0,0
4960284,b72a92df-c583-971c-0756-0efe892362cb,1,4957454,4957454,4960284,4959324,2830,2830,0,0,0,0
4960334,8474dcb7-dad8-a801-00fa-b01a6e3a6262,1,4957513,4957514,4960334,4960593,2820,2821,1,0,0,0
4960338,de091db6-30c3-2d22-0251-2f180c19ceb8,1,4957626,4957634,4960338,4960223,2704,2712,8,0,0,0
4960331,fbc6e633-5b6f-09e0-26bc-35aaa34ac905,1,4957655,4957694,4960331,4961027,2637,2676,39,0,0,0
4960377,0c0f52aa-f8fb-a4b0-6a3b-e92fea2efc22,1,4957627,4957634,4960377,4961006,2743,2750,7,0,0,0
4960414,e85b2eea-19ea-d8f8-7bea-060c74cb96c9,1,4957455,4957514,4960414,4960649,2900,2959,59,0,0,0
4960452,9035717c-e59a-c8c4-27f3-b5fea7e00a21,1,4957516,4957574,4960452,4960041,2878,2936,58,0,0,0
4960543,1cf8039c-d78a-8da4-2ebc-845e04d5ccf5,1,4958008,4958008,4960543,4961721,2535,2535,0,0,0,0
4960577,1c4686c4-b81d-2f5e-6cdf-efcc68ebe249,1,4957697,4957754,4960577,4960826,2823,2880,57,0,0,0
4960570,1cdf8892-faec-4c9d-4b82-7a5e2ed22475,1,4957812,4957814,4960570,4960721,2756,2758,2,0,0,0
4960587,886ceba3-ce16-648e-0dfe-4e16e066f392,1,4957851,4957874,4960587,4961361,2713,2736,23,0,0,0
4960608,d84d724c-d912-6391-1fd3-2aeb5467e91b,1,4957788,4957814,4960608,4961439,2794,2820,26,0,0,0
4960630,6936de4a-e5dd-4475-ee09-56e23793b566,1,4958064,4958068,4960630,4960063,2562,2566,4,0,0,0
4960802,410ad23d-cc73-fd16-8a6c-3a1605acb90f,1,4958116,4958128,4960802,4959781,2674,2686,12,0,0,0
4960997,7018fa03-b339-01c0-e466-df1c95a1bd47,1,4958174,4958188,4960997,4959644,2809,2823,14,0,0,0
4961018,b1578bc8-4a68-e290-1055-7be76914cd7b,1,4958191,4958248,4961018,4959673,2770,2827,57,0,0,0
4961036,0d5d17d6-224f-854e-6341-d5ec3bdb75c0,1,4958236,4958248,4961036,4959908,2788,2800,12,0,0,0
4961081,aabc08ee-c9b9-7158-2213-eb62c43a9143,1,4958332,4958332,4961081,4960395,2749,2749,0,0,0,0
4961043,ddc50c27-ff9f-c57e-c7ab-a8312cddffae,1,4958396,4958452,4961043,4961431,2591,2647,56,0,0,0
4961161,4e8fa241-45f0-7409-a955-3dcbee5c9916,1,4958371,4958392,4961161,4962197,2769,2790,21,0,0,0
4961263,d1f1b34e-2209-c3fc-eca6-a68c4319e0c4,1,4958394,4958452,4961263,4961205,2811,2869,58,0,0,0
4961333,d461c611-9e90-401a-5fc2-f8f4cb985c44,1,4958653,4958663,4961333,4960465,2670,2680,10,0,0,0
4961335,487ff5ba-fcfe-2bf1-33f8-8cc0421b1f6a,1,4958709,4958723,4961335,4960547,2612,2626,14,0,0,0
4961406,18e4dce4-bf0d-340a-ba93-2914b7b015a7,1,4958603,4958603,4961406,4962479,2803,2803,0,0,0,0
4961412,d248da85-3717-6dab-da5b-b9a504877642,1,4958614,4958663,4961412,4962567,2749,2798,49,0,0,0
4961510,ef5c095e-be95-595c-4fdd-c8a6dd16f116,1,4958605,4958663,4961510,4961784,2847,2905,58,0,0,0
4961487,23334a14-2c0c-6db5-0945-e2e651234ad4,1,4958650,4958663,4961487,4960600,2824,2837,13,0,0,0
4961607,e71b2098-2a8a-c31d-3527-cef0746a43f3,1,4958842,4958842,4961607,4960561,2765,2765,0,0,0,0
4961673,6d3e3d29-b73a-54d7-972f-cb00018f19bb,1,4958891,4958902,4961673,4962009,2771,2782,11,0,0,0
4961719,cac958d3-29e0-4ef9-302b-11fa8fe9554e,1,4958990,4958990,4961719,4961513,2729,2729,0,0,0,0
4961784,382353f6-2f86-740b-8004-ee586b816a43,1,4958846,4958902,4961784,4961996,2882,2938,56,0,0,0
4961748,183e4993-96e2-3f3f-9dd1-2d2b7056c0c8,1,4959023,4959050,4961748,4960665,2698,2725,27,0,0,0
4961833,77c29466-503d-07b0-cdac-28164a7bbd7c,1,4959018,4959050,4961833,4962586,2783,2815,32,0,0,0
4961807,d796ae9f-a466-dd52-1875-7f6efb4087e6,1,4959144,4959144,4961807,4960948,2663,2663,0,0,0,0
4962024,1fe26dde-6bc1-c348-bcd5-a88b3cf9f583,1,4959248,4959264,4962024,4962803,2760,2776,16,0,0,0
4962079,a9d7aa10-6c97-2c45-e21d-53f7d3af213d,1,4959246,4959264,4962079,4963086,2815,2833,18,0,0,0
4962052,d4ba1caf-17f2-31e8-0ca8-e68abeff8feb,1,4959248,4959264,4962052,4960849,2788,2804,16,0,0,0
4962051,039a3a5a-b3c9-3829-5250-871b7e4f91c8,1,4959250,4959264,4962051,4963245,2787,2801,14,0,0,0
4962052,64ee8b95-91f2-508b-1eb9-9729cc39ce1b,1,4959343,4959343,4962052,4963253,2709,2709,0,0,0,0
4962298,5d13704a-42d5-6a06-21b2-b4e76d80056f,1,4959503,4959503,4962298,4962465,2795,2795,0,0,0,0
4962342,bf307ca1-b8b1-c22f-2520-35cf0c27b835,1,4959202,4959204,4962342,4961204,3138,3140,2,0,0,0
4962707,62e0e21e-c27c-9845-bd9d-e2d92d8b8b44,1,4959872,4959872,4962707,4962705,2835,2835,0,0,0,0
4962781,29e207c2-6287-94e2-849f-2b6fac913e95,1,4959987,4959992,4962781,4962551,2789,2794,5,0,0,0
4962791,276e89bd-35a5-86c3-4b3d-b8e5a1b3e828,1,4959899,4959932,4962791,4963180,2859,2892,33,0,0,0
4962825,306bfcab-d626-011c-821c-83117ca41212,1,4960044,4960052,4962825,4961943,2773,2781,8,0,0,0
4962907,902e3b34-e9a4-f456-3094-92efa8fc2c6b,1,4959743,4959743,4962907,4961696,3164,3164,0,0,0,0
4963628,82abcdc5-ebb6-16fe-8598-228bb23c1a5b,1,4960976,4960976,4963628,4963258,2652,2652,0,0,0,0
4963815,120cd858-5e49-e4e5-80e7-6be8108c7685,1,4961206,4961221,4963815,4963561,2594,2609,15,0,0,0
4964323,bc8bcc8e-2517-78dc-3529-773fd1fc35a4,1,4961418,4961466,4964323,4963495,2857,2905,48,0,0,0
4970091,8e88eec1-b088-e8ce-4f6e-93bca6c38512,8,4754603,4754603,4970091,4904463,215488,215488,0,0,0,0
4971103,c146db17-923f-3c9c-c9f1-640811e9dad3,1,4968728,4968728,4971103,4971548,2375,2375,0,0,0,0
4971230,3301171d-51b3-b87f-d935-e72126b87fb9,1,4968824,4968824,4971230,4971581,2406,2406,0,0,0,0
4971232,a6fa6459-880d-c47f-7104-4742f8f1c559,1,4968825,4968884,4971232,4971955,2348,2407,59,0,0,0
4971267,c67be8e3-f9e7-5d75-deb4-fe37aa4cfa55,1,4968825,4968884,4971267,4970427,2383,2442,59,0,0,0
4971246,a98112a3-94e1-90ac-0a1e-9f2c5f5806cd,1,4968839,4968884,4971246,4972205,2362,2407,45,0,0,0
4971270,1defb12c-74bb-9795-ddc7-60002e2b675e,1,4968844,4968884,4971270,4970147,2386,2426,40,0,0,0
4971243,7db93260-0454-8551-c2d5-706ca34737f8,1,4968883,4968884,4971243,4970620,2359,2360,1,0,0,0
4971240,df4189f6-98a6-f490-c1f1-117b4fe0666c,1,4968883,4968884,4971240,4970576,2356,2357,1,0,0,0
4971294,ea902fcd-b85b-d1c9-54b7-dc81019bdc10,1,4968882,4968884,4971294,4970885,2410,2412,2,0,0,0
4971310,ec6a2607-6b2c-fa11-6c80-ed6b09be0e94,1,4968957,4968957,4971310,4971354,2353,2353,0,0,0,0
4971311,cf53ed68-396e-6998-e68f-bae554220adf,1,4968957,4968957,4971311,4970638,2354,2354,0,0,0,0
4971330,f1c91224-5286-d5d5-4a5b-3c0fdbc74ea1,1,4969015,4969017,4971330,4970550,2313,2315,2,0,0,0
4971493,104123db-eb09-e05a-ab9a-81bc81990bd5,1,4969123,4969123,4971493,4972557,2370,2370,0,0,0,0
4971477,b7208f9c-6d88-9408-7dab-868cf9fe9339,1,4969257,4969303,4971477,4972185,2174,2220,46,0,0,0
4971554,db4c4132-dca4-7da8-86be-d30e6ac5a03a,1,4968995,4969017,4971554,4972235,2537,2559,22,0,0,0
4971528,29d64703-1ed2-d255-f353-ed33b93fa08f,1,4969125,4969183,4971528,4970603,2345,2403,58,0,0,0
4971630,09876eda-7b83-a11c-326a-2092d75bf263,1,4969252,4969303,4971630,4972458,2327,2378,51,0,0,0
4971644,81f140e3-3c6f-bdfe-5ac9-42f4936bd4e5,1,4969188,4969243,4971644,4972405,2401,2456,55,0,0,0
4971758,30563e0d-2a79-a3ee-b1d9-947ad835a834,1,4969319,4969363,4971758,4971487,2395,2439,44,0,0,0
4971800,bb778692-7053-e667-fe00-3e5ceeb9c307,1,4969362,4969363,4971800,4972426,2437,2438,1,0,0,0
4971778,7eb17692-8557-4e06-e0de-dab1f58e3804,1,4969363,4969363,4971778,4971201,2415,2415,0,0,0,0
4971863,317a3925-5716-363c-026c-02047bb9a558,1,4969320,4969363,4971863,4971846,2500,2543,43,0,0,0
4971862,571c4603-8a97-758a-7e19-ed393808d5ae,1,4969542,4969549,4971862,4971549,2313,2320,7,0,0,0
4971885,60fa9827-5b10-ac4e-de34-e78d78ec5420,1,4969429,4969429,4971885,4972710,2456,2456,0,0,0,0
4971937,3ca48bf1-3cd0-0c01-20bb-04fed8c618d3,1,4969449,4969489,4971937,4972259,2448,2488,40,0,0,0
4971916,33998952-327a-a3ec-c7c6-ec7552ab019f,1,4969542,4969549,4971916,4972882,2367,2374,7,0,0,0
4972042,20478556-d99a-4b6b-2cc9-66f1ff96677e,1,4969622,4969669,4972042,4972363,2373,2420,47,0,0,0
4972132,544968c9-727d-ab20-98ac-cc08ec909933,1,4969553,4969609,4972132,4973015,2523,2579,56,0,0,0
4972138,430bc915-8a6b-0ad3-cc1c-1eb757ab002b,1,4969615,4969669,4972138,4972886,2469,2523,54,0,0,0
4972143,8f87702e-cab7-8f43-6171-bbf00b3060d3,1,4969615,4969669,4972143,4972038,2474,2528,54,0,0,0
4972139,70ecd609-3ba6-d077-e536-130d13fa791a,1,4969740,4969740,4972139,4971688,2399,2399,0,0,0,0
4972176,bf22e6d5-4e00-090c-3823-466b3eb667ed,1,4969795,4969800,4972176,4971751,2376,2381,5,0,0,0
4972227,6f3c1308-be0a-a197-a9ea-fe0c576cacea,1,4969916,4969916,4972227,4972074,2311,2311,0,0,0,0
4972294,cc6ea4dc-0253-4f81-6a49-aa2cfe0f5393,1,4969916,4969916,4972294,4972261,2378,2378,0,0,0,0
4972418,f8bee2ce-1553-e9f0-1f95-fd31a0b5ff79,1,4969991,4969991,4972418,4971836,2427,2427,0,0,0,0
4972466,ad863ff7-a0ae-75e4-0e2d-69d6a3347990,1,4970049,4970051,4972466,4972579,2415,2417,2,0,0,0
4972509,e49702bb-fa7a-0532-6f1e-f3f7156193d6,1,4970051,4970051,4972509,4972660,2458,2458,0,0,0,0
4972525,ede310e9-90f6-63ba-dafd-db3b9c556721,1,4970056,4970111,4972525,4972632,2414,2469,55,0,0,0
4972485,3c7445d7-a984-f5b1-96ec-2553f51e0a20,1,4970087,4970111,4972485,4972841,2374,2398,24,0,0,0
4972598,f27ccfc3-a532-d31a-f224-0e4b4c0e93af,1,4970143,4970171,4972598,4971525,2427,2455,28,0,0,0
4972701,b7dde8af-545b-3357-c1ba-d5f7fbc26cbf,1,4970184,4970231,4972701,4972909,2470,2517,47,0,0,0
4972921,fc8f0a6d-fd51-c6dd-295e-5388ee8f9986,1,4970400,4970400,4972921,4973162,2521,2521,0,0,0,0
4972973,b7c44b0f-1005-7dd9-b028-ce251b5db9c4,1,4970428,4970460,4972973,4973941,2513,2545,32,0,0,0
4973212,08115ed2-17df-04ef-99ae-6f041b832b5b,1,4970728,4970728,4973212,4972652,2484,2484,0,0,0,0
4973383,ec32a447-0eb9-3657-9302-9b440ef57d33,1,4970915,4970915,4973383,4973785,2468,2468,0,0,0,0
4973544,ecdf2959-9d68-f3d9-edb5-56bd6b5e36dd,1,4971110,4971163,4973544,4973436,2381,2434,53,0,0,0
4973619,7eac5aa6-ae3c-0f81-7f73-ab5528a48c72,8,4916612,4916612,4973619,4959369,57007,57007,0,0,0,0
4973641,c1804a52-f036-7b63-b9c9-b8673e150272,1,4971208,4971223,4973641,4973258,2418,2433,15,0,0,0
4973764,afd70d9e-a045-5766-bb71-086d9fb540d0,1,4971248,4971283,4973764,4974255,2481,2516,35,0,0,0
4973771,598c94c7-5ae1-cb92-e4af-2b965cfe6ec1,1,4971252,4971283,4973771,4973579,2488,2519,31,0,0,0
4973823,14b53fb6-f629-21c3-c806-2af492fbbfd8,1,4971359,4971403,4973823,4973474,2420,2464,44,0,0,0
4973850,67276f71-20f9-e3ab-9fd5-7acfff88c1cd,1,4971358,4971403,4973850,4974603,2447,2492,45,0,0,0
4973871,1993a9dc-5ea8-65b5-6cfc-eb2a91e9a59f,1,4971359,4971403,4973871,4973506,2468,2512,44,0,0,0
4973855,5c49a668-68d5-400f-fc22-9a797be406f6,1,4971360,4971403,4973855,4974182,2452,2495,43,0,0,0
4973862,60942e28-8ede-e9d2-a94f-36f819056cd3,1,4971423,4971463,4973862,4974567,2399,2439,40,0,0,0
4974011,e3b9d4cc-aec8-a6c7-6f79-83b2266a1e93,1,4971522,4971523,4974011,4974000,2488,2489,1,0,0,0
4974012,3bd36481-8188-3da9-988d-ebb65b816907,1,4971503,4971523,4974012,4974095,2489,2509,20,0,0,0
4974028,60e69aba-9522-fc4a-302b-1fe68f9d2bd9,1,4971521,4971523,4974028,4973522,2505,2507,2,0,0,0
4974025,f1b1392c-566d-3be2-9fb6-a0e128fcac04,1,4971571,4971583,4974025,4973899,2442,2454,12,0,0,0
4974201,faa55f2f-3bee-059b-6c99-ba6a327b57f4,1,4971656,4971703,4974201,4974012,2498,2545,47,0,0,0
4974264,9de2ab2e-ec70-8454-4044-3dfda0e76b88,1,4971830,4971883,4974264,4974427,2381,2434,53,0,0,0
4974738,3cc8b74c-e2a8-72bd-99fe-d808beeb0422,1,4972271,4972312,4974738,4974178,2426,2467,41,0,0,0
4975007,f35333c2-f9aa-0d30-ea38-dd49e7e96c17,1,4972626,4972658,4975007,4975741,2349,2381,32,0,0,0
4975070,9b9b4213-1fe3-86e7-e4ca-27449ea1c75f,1,4972559,4972598,4975070,4976024,2472,2511,39,0,0,0
4975464,4205dca4-7ee4-ba9e-341e-f8e301d8fb45,1,4973065,4973065,4975464,4976240,2399,2399,0,0,0,0
4976738,56ca8ab2-ab73-8d8b-77b6-b01bed120bde,8,4726110,4726110,4976738,4995137,250628,250628,0,0,0,0
4993648,55d0bf15-3b93-105c-d8f0-c9cc5645c2e5,1,4990486,4990486,4993648,4995207,3162,3162,0,0,0,0
4997190,ceb312a0-1056-9d08-f8a3-c268147a4262,1,4994351,4994351,4997190,4997890,2839,2839,0,0,0,0
4997265,92dccbc7-474f-d709-944d-31d1957bce2f,1,4994704,4994704,4997265,4997887,2561,2561,0,0,0,0
5006962,09d7e0d4-977a-cb60-cdb2-506b56d639d2,1,5003981,5003981,5006962,5007646,2981,2981,0,0,0,0
5013005,6582a48e-4d87-ebfd-b6db-9de7d67b2ef2,1,5009778,5009778,5013005,5012103,3227,3227,0,0,0,0
5013141,2ac570c0-da33-6eb6-84a9-a8f0865a34f1,1,5009961,5009968,5013141,5013765,3173,3180,7,0,0,0
5013261,468d0623-153e-9f52-d495-1de65e24a913,1,5009908,5009908,5013261,5014598,3353,3353,0,0,0,0
5035384,280b3fa0-e5dd-745e-072c-05f041516913,8,4761478,4761478,5035384,5017719,273906,273906,0,0,0,0
5044409,6e8a00d0-cbf3-0ce4-51bb-655f19abce44,1,5033820,5033820,5044409,5046095,10589,10589,0,0,0,0
5044554,0d005182-3144-cec7-de08-ff93c257d3cf,1,5033446,5033446,5044554,5049814,11108,11108,0,0,0,0
5044609,b9b4c191-0c0e-f1da-dd14-f6dfe86ceeb2,1,5033918,5033940,5044609,5049634,10669,10691,22,0,0,0
5044720,1516e93b-3443-a23b-2baa-9f5f0bb7090b,1,5034008,5034060,5044720,5040195,10660,10712,52,0,0,0
5044740,90f627ab-4bb5-cb8c-23f6-f74c33df2628,1,5033854,5033880,5044740,5047868,10860,10886,26,0,0,0
5044941,1b3c5439-033b-d630-784b-d85d3fbaec62,1,5033951,5034000,5044941,5046653,10941,10990,49,0,0,0
5045040,ecc6e42b-f065-4454-0050-b10eec9fdc59,1,5034040,5034060,5045040,5049484,10980,11000,20,0,0,0
5045244,9dbc55e3-068f-d0ed-a138-91b80799aef3,1,5033886,5033940,5045244,5042453,11304,11358,54,0,0,0
5056609,6495fd6a-0fe3-f047-db14-2d73708ce69a,1,5051083,5051102,5056609,5058514,5507,5526,19,0,0,0
5056782,58bdb036-a1f2-e4b7-1e93-df2435e67875,1,5051020,5051042,5056782,5056282,5740,5762,22,0,0,0
5056807,f3d95893-9c0b-a5a8-d69e-f2b5273ea833,1,5051051,5051102,5056807,5059527,5705,5756,51,0,0,0
5056871,7b532071-2889-af18-f91d-5ba50293cc55,1,5050989,5051042,5056871,5057456,5829,5882,53,0,0,0
5058087,b5f56bfb-d679-dc4e-b33c-f9d7e2f2809b,2,5046503,5046503,5058087,5059596,11584,11584,0,0,0,0
5061200,303fe6b5-ad01-a254-031e-acd7e888ef39,1,5049423,5049474,5061200,5060068,11726,11777,51,0,0,0
5066562,058bc608-5287-26d1-798e-5fe23a0c867a,4,4826080,4826080,5066562,4971874,240482,240482,0,0,0,0
5072814,332e3b74-e22a-2629-901c-4135ee9340bb,8,4679609,4679656,5072814,5210826,393158,393205,47,0,0,0
5085208,7968d7ed-7e93-7c6a-88f2-906ed0dc2b6c,1,5064335,5064354,5085208,5090390,20854,20873,19,0,0,0
5090208,f63a43a4-ebd4-9442-869f-58a6d021e97a,1,5062716,5062734,5090208,5098023,27474,27492,18,0,0,0
5090677,bb57db59-721d-26a2-db5d-526debc769a5,1,5088434,5088471,5090677,5091352,2206,2243,37,0,0,0
5091350,0d6a88ee-17d5-4882-d91f-c938647f09c5,1,5062674,5062674,5091350,5094053,28676,28676,0,0,0,0
5092394,82ca0555-f0f5-24f0-81c9-938b6e89b1f5,1,5088350,5088350,5092394,5093532,4044,4044,0,0,0,0
5092685,e639987e-14fc-c4d4-eb6b-e136d6096b02,1,5088411,5088411,5092685,5094135,4274,4274,0,0,0,0
5092879,0e5d3732-69b2-d940-fa28-7c6a7e52d77c,1,5086658,5086658,5092879,5093526,6221,6221,0,0,0,0
5093425,4e212285-8686-6e49-ef93-77219e49f4b1,1,5088237,5088237,5093425,5095544,5188,5188,0,0,0,0
5094901,382edc11-ea7a-c5d5-24cf-fe3b82d3f21c,1,5048643,5048667,5094901,5105090,46234,46258,24,0,0,0
5095083,f19d0794-0371-ae58-31bd-b481d7aa4080,1,5064294,5064294,5095083,5092155,30789,30789,0,0,0,0
5096545,5f9b2e48-69dc-1246-31fd-2a50aa90d814,2,5046622,5046622,5096545,5119396,49923,49923,0,0,0,0
5098124,acdf2af6-fc74-da51-a46e-b335a2cc3129,8,4608517,4608517,5098124,4856689,489607,489607,0,0,0,0
5100942,4b358e49-08cd-1201-7b8a-23a5251deaf6,1,5099109,5099109,5100942,5101494,1833,1833,0,0,0,0
5101014,c862d11d-0e2b-88e3-0b97-7561cbb42479,1,5098984,5098984,5101014,5100137,2030,2030,0,0,0,0
5101186,101181e7-f669-14e4-9869-437985fc862f,1,5099119,5099169,5101186,5101041,2017,2067,50,0,0,0
5104694,524e01d5-1324-4a2e-4d02-f44ce4484af9,1,5048607,5048607,5104694,5085283,56087,56087,0,0,0,0
5105625,7b4b5ace-a265-d63d-53dc-42cdb35651f8,8,4606662,4606662,5105625,5169208,498963,498963,0,0,0,0
5105670,8c63f503-49b2-748c-615e-729e102925ea,1,5048675,5048727,5105670,5116486,56943,56995,52,0,0,0
5106306,85f4cbc3-eb23-70ae-8664-92607255a8c6,1,5050894,5050922,5106306,5107858,55384,55412,28,0,0,0
5107456,ff295623-b5ac-db83-9305-bcc7be67a988,1,5050924,5050982,5107456,5135184,56474,56532,58,0,0,0
5107668,0fd5b701-bf93-c05b-b425-5262ea1910fb,1,5050956,5050982,5107668,5128322,56686,56712,26,0,0,0
5108771,0198bf4a-06e1-0612-c466-b6570f38ff0d,1,5048706,5048727,5108771,5123303,60044,60065,21,0,0,0
5108797,cb71266f-d6df-9f18-1361-2ff6061e4a06,1,5049488,5049534,5108797,5117573,59263,59309,46,0,0,0
5108863,6a88aec7-5cf5-ed5c-cdaf-b798c2ea6bf8,1,5050862,5050862,5108863,5098499,58001,58001,0,0,0,0
5118841,56e6f05c-94aa-c293-d8dd-62f3d2a8c74c,1,5019597,5019597,5118841,5137003,99244,99244,0,0,0,0
5120003,109b9d83-64af-7bf1-230a-46be20b1f589,8,4851821,4851821,5120003,5164688,268182,268182,0,0,0,0
5126620,bbf662e4-5b40-d366-6fe6-c12e5bb033d5,1,5049389,5049414,5126620,5110757,77206,77231,25,0,0,0
5129545,a67a33b2-e0f1-2e78-5cd8-f495dc54abbf,1,5049456,5049474,5129545,5104006,80071,80089,18,0,0,0
5142779,607fba83-540a-ce34-bfeb-59aa0b0706ca,1,5129876,5129876,5142779,5143084,12903,12903,0,0,0,0
5147357,7be928c5-e4ca-f2a2-11ed-2087d9c12f8d,8,4835615,4835615,5147357,5277042,311742,311742,0,0,0,0
5149563,eafa0f6e-fdc0-949d-b921-643e27ff70a8,1,5049234,5049234,5149563,5105772,100329,100329,0,0,0,0
5151600,3273833c-a1c5-90f6-4cc0-6006ed0b5013,1,5048771,5048787,5151600,5173938,102813,102829,16,0,0,0
5151669,d041bfbc-0718-2cc2-5dae-b8abf25bce3f,1,5048836,5048847,5151669,5102993,102822,102833,11,0,0,0
5151703,46bf67c2-5908-f91f-1ba7-87a71a4000fb,1,5048803,5048847,5151703,5115532,102856,102900,44,0,0,0
5151732,f4f0bdf9-fd65-3071-be49-86c4cd3fd77c,1,5049266,5049294,5151732,5160305,102438,102466,28,0,0,0
5151753,6cfc78a6-0b98-ae6b-a834-81b9f4bc3def,1,5049330,5049354,5151753,5103642,102399,102423,24,0,0,0
5151801,00cb9ca8-7490-13bb-4824-d06c00e970b5,1,5049298,5049354,5151801,5146775,102447,102503,56,0,0,0
5169508,44ba505c-09db-a2bb-313b-897c0c88a547,1,5146022,5146078,5169508,5167930,23430,23486,56,0,0,0
5170426,25816faa-19da-ac66-6719-5825baf1f71c,1,5168464,5168464,5170426,5170446,1962,1962,0,0,0,0
5170435,0715f7b9-6173-0972-27fe-61a45200372d,1,5168402,5168402,5170435,5169652,2033,2033,0,0,0,0
5170758,6bca8bff-1067-cc73-bf77-a359fcad595b,1,5145990,5146018,5170758,5167058,24740,24768,28,0,0,0
5170785,691bb5ed-68ba-8665-616a-858feeb2610b,1,5145958,5145958,5170785,5163853,24827,24827,0,0,0,0
5171243,d26f8ad2-3e14-8ddb-1dd6-a3901aba5cff,1,5135686,5135686,5171243,5177259,35557,35557,0,0,0,0
5171294,e2c00373-d6a0-b874-2606-f7350c37ef93,1,5135745,5135746,5171294,5188441,35548,35549,1,0,0,0
5171389,abe4d36b-45a8-61a1-ae89-55b74e21e25a,1,5135625,5135625,5171389,5176806,35764,35764,0,0,0,0
5171648,4e9f6791-d091-6613-d88e-ac42c11be750,1,5135807,5135807,5171648,5172528,35841,35841,0,0,0,0
5174435,33e0db2a-f04b-04ff-0930-43f372b0e713,1,5144225,5144225,5174435,5176102,30210,30210,0,0,0,0
5177330,875a3cf1-96e3-3429-a418-161eb08fd85a,1,5132222,5132222,5177330,5195157,45108,45108,0,0,0,0
5178126,56b75a37-a4df-69f8-d696-3fff1d17a05d,1,5147720,5147720,5178126,5168820,30406,30406,0,0,0,0
5179711,b81505d0-42c8-cb7e-e961-16419eb65e43,1,5151127,5151127,5179711,5189345,28584,28584,0,0,0,0
5183435,3c58eaf8-5fad-8791-82cd-7427ce7b8cb6,1,5057163,5057163,5183435,5243717,126272,126272,0,0,0,0
