time,job_id,num_gpu,submit_time,start_time,end_time,ddl,executed_time,JCT,pending_time,preempt,promote,best_effort_job
8590,6,64,7564,7564,8590,8737,1026,1026,0,0,0,0
11957,9,64,11625,11717,11891,13878,174,266,92,0,0,0
12305,10,32,11668,11717,12305,12389,588,637,49,0,0,0
21038,17,64,20578,20668,21038,21830,370,460,90,0,0,0
28652,16,64,20188,20188,28481,37327,8293,8293,0,0,0,0
14618,11,64,14378,14378,14562,15742,184,184,0,0,0,0
29906,20,64,28458,28652,29703,36980,1051,1245,194,0,0,0
29906,19,64,28412,28412,29757,45055,1345,1345,0,0,0,0
32989,21,64,28497,29906,32989,54660,3083,4492,1409,0,0,0
16182,7,64,9145,9145,16182,35961,7037,7037,0,0,0,0
17863,13,64,17383,17383,17648,22562,265,265,0,0,0,0
17863,14,64,17387,17623,17794,18089,171,407,236,0,0,0
34825,23,64,33865,33865,34678,39257,813,813,0,0,0,0
35065,24,64,34585,34585,34967,37212,382,382,0,0,0,0
18511,15,64,18271,18271,18436,18931,165,165,0,0,0,0
20158,12,64,15228,15228,20158,26405,4930,4930,0,0,0,0
21008,17,64,20578,20638,21008,21830,370,430,60,0,0,0
38413,30,64,38085,38085,38413,41537,328,328,0,0,0,0
28892,16,64,20188,20398,28691,37327,8293,8503,210,0,0,0
29906,20,64,28458,28652,29703,36980,1051,1245,194,0,0,0
29906,19,64,28412,28412,29757,45055,1345,1345,0,0,0,0
31735,21,64,28497,28652,31735,54660,3083,3238,155,0,0,0
32155,2,64,3036,3036,32155,152208,29119,29119,0,0,0,0
537,1,64,216,240,537,1163,297,321,24,0,0,0
39588,32,64,38877,38893,39588,39794,695,711,16,0,0,0
34825,23,64,33865,33865,34678,39257,813,813,0,0,0,0
40098,31,64,38483,38653,40098,40416,1445,1615,170,0,0,0
5882,3,64,5201,5201,5844,7407,643,643,0,0,0,0
35065,24,64,34585,34585,34967,37212,382,382,0,0,0,0
6908,5,64,6668,6668,6774,7737,106,106,0,0,0,0
8590,6,64,7564,7564,8590,8737,1026,1026,0,0,0,0
8830,4,64,5642,5882,8741,12433,2859,3099,240,0,0,0
37464,27,64,35818,36014,37464,51055,1450,1646,196,0,0,0
11957,9,32,11625,11717,11912,13878,195,287,92,0,0,0
41731,36,64,40717,40924,41731,43819,807,1014,207,0,0,0
12305,10,32,11668,11717,12305,12389,588,637,49,0,0,0
38413,30,64,38085,38085,38413,41537,328,328,0,0,0,0
14618,11,64,14378,14378,14562,15742,184,184,0,0,0,0
42186,25,64,34951,35065,42186,46694,7121,7235,114,0,0,0
17863,14,64,17387,17623,17794,18089,171,407,236,0,0,0
39588,32,64,38877,38893,39588,39794,695,711,16,0,0,0
18103,13,64,17383,17383,17888,22562,505,505,0,0,0,0
44393,37,64,43443,43443,44393,47464,950,950,0,0,0,0
40098,31,64,38483,38653,40098,40416,1445,1615,170,0,0,0
18583,15,64,18271,18343,18508,18931,165,237,72,0,0,0
44633,27,64,35818,42186,44586,51055,2400,8768,6368,0,0,0
40578,22,64,29666,29666,40517,69707,10851,10851,0,0,0,0
20948,17,64,20578,20578,20948,21830,370,370,0,0,0,0
21488,12,64,15228,15228,21488,26405,6260,6260,0,0,0,0
22908,7,64,9145,9145,22908,35961,13763,13763,0,0,0,0
41491,25,64,34951,35065,41491,46694,6426,6540,114,0,0,0
45413,38,64,44662,44873,45413,45768,540,751,211,0,0,0
41731,36,64,40717,40818,41625,43819,807,908,101,0,0,0
42487,29,64,37058,37058,42487,54089,5429,5429,0,0,0,0
29906,20,64,28458,28652,29703,36980,1051,1245,194,0,0,0
32455,16,64,20188,22908,32455,37327,9547,12267,2720,0,0,0
44393,37,64,43443,43443,44393,47464,950,950,0,0,0,0
33800,19,64,28412,32455,33800,45055,1345,5388,4043,0,0,0
46815,40,64,46513,46513,46815,47060,302,302,0,0,0,0
45202,38,64,44662,44662,45202,45768,540,540,0,0,0,0
50209,29,64,37058,44633,50209,54089,5576,13151,7575,0,0,0
35191,24,64,34585,34585,34967,37212,382,382,0,0,0,0
35459,23,64,33865,34040,35459,39257,1419,1594,175,0,0,0
50449,26,64,35774,35774,50231,49635,14457,14457,0,0,0,0
46815,40,64,46513,46513,46815,47060,302,302,0,0,0,0
52831,39,64,46204,50209,52831,57020,2622,6627,4005,0,0,0
47651,26,64,35774,35774,47651,49635,11877,11877,0,0,0,0
48826,39,64,46204,46204,48826,57020,2622,2622,0,0,0,0
53493,22,64,29666,29906,53493,69707,23587,23827,240,0,0,0
38413,30,64,38085,38085,38413,41537,328,328,0,0,0,0
49591,33,64,39248,40578,49591,108533,9013,10343,1330,0,0,0
52806,34,32,40171,40578,52806,78929,12228,12635,407,0,0,0
39588,32,64,38877,38893,39588,39794,695,711,16,0,0,0
57290,43,64,57003,57050,57243,57769,193,240,47,0,0,0
40924,31,64,38483,38653,40793,40416,2140,2310,170,0,0,0
57290,43,64,57003,57050,57243,57769,193,240,47,0,0,0
41731,36,64,40717,40924,41731,43819,807,1014,207,0,0,0
58194,44,64,57610,57610,58194,59067,584,584,0,0,0,0
59148,42,64,56810,56810,59148,91461,2338,2338,0,0,0,0
45202,38,64,44662,44662,45202,45768,540,540,0,0,0,0
58194,44,64,57610,57610,58194,59067,584,584,0,0,0,0
45831,25,64,34951,35459,45831,46694,10372,10880,508,0,0,0
61639,45,64,59527,59527,61639,73400,2112,2112,0,0,0,0
59319,42,64,56810,56810,59319,91461,2509,2509,0,0,0,0
62991,46,64,61390,61390,62991,63932,1601,1601,0,0,0,0
46815,40,64,46513,46513,46815,47060,302,302,0,0,0,0
63706,8,64,11477,11477,63706,112804,52229,52229,0,0,0,0
47083,37,64,43443,45831,47083,47464,1252,3640,2388,0,0,0
68955,48,64,66346,66346,68955,83747,2609,2609,0,0,0,0
69195,28,64,36194,42487,69151,149156,26664,32957,6293,0,0,0
61671,45,64,59527,59559,61671,73400,2112,2144,32,0,0,0
58960,26,64,35774,47083,58960,49635,11877,23186,11309,0,0,0
62429,33,32,39248,52831,62429,108533,9598,23181,13583,0,0,0
60410,27,64,35818,58960,60410,51055,1450,24592,23142,0,0,0
71590,50,64,70669,70669,71590,72944,921,921,0,0,0,0
62991,46,64,61390,61390,62991,63932,1601,1601,0,0,0,0
65144,29,64,37058,60410,65144,54089,4734,28086,23352,0,0,0
64667,34,32,40171,52831,64667,78929,11836,24496,12660,0,0,0
73035,18,32,24936,24936,73035,175734,48099,48099,0,0,0,0
74041,49,32,69004,69195,74041,74598,4846,5037,191,0,0,0
67987,21,64,28497,33800,67987,54660,34187,39490,5303,0,0,0
74437,51,64,71211,71211,74437,76235,3226,3226,0,0,0,0
74701,47,64,65524,65524,74701,113606,9177,9177,0,0,0,0
70609,39,64,46204,67987,70609,57020,2622,24405,21783,0,0,0
70849,43,64,57003,70609,70802,57769,193,13799,13606,0,0,0
68955,48,64,66346,66346,68955,83747,2609,2609,0,0,0,0
79197,54,64,78559,78559,79197,80343,638,638,0,0,0,0
71451,44,64,57610,70849,71433,59067,584,13823,13239,0,0,0
73052,46,64,61390,71451,73052,63932,1601,11662,10061,0,0,0
80765,53,64,75751,75751,80765,85092,5014,5014,0,0,0,0
81697,52,64,72540,72540,81697,85659,9157,9157,0,0,0,0
71590,50,64,70669,70669,71590,72944,921,921,0,0,0,0
81937,57,64,81002,81005,81839,81413,834,837,3,0,0,0
81724,22,64,29666,73052,81724,69707,8672,52058,43386,0,0,0
84488,56,64,80949,81005,84488,88560,3483,3539,56,0,0,0
82645,50,64,70669,81724,82645,72944,921,11976,11055,0,0,0
84728,59,64,83813,83813,84541,86444,728,728,0,0,0,0
74041,49,32,69004,69195,74041,74598,4846,5037,191,0,0,0
85370,61,32,84901,84968,85370,87112,402,469,67,0,0,0
84856,45,64,59527,82645,84757,73400,2112,25230,23118,0,0,0
74469,51,64,71211,71211,74469,76235,3258,3258,0,0,0,0
86694,62,64,86095,86095,86694,88366,599,599,0,0,0,0
88378,51,32,71211,84856,88378,76235,3522,17167,13645,0,0,0
89839,60,64,84616,84728,89813,92484,5085,5197,112,0,0,0
89839,49,32,69004,84856,89702,74598,4846,20698,15852,0,0,0
79197,54,64,78559,78559,79197,80343,638,638,0,0,0,0
90245,55,64,79615,79615,90245,122566,10630,10630,0,0,0,0
90544,54,32,78559,89839,90410,80343,571,11851,11280,0,0,0
90842,63,64,87916,87916,90842,93871,2926,2926,0,0,0,0
80765,53,64,75751,75751,80765,85092,5014,5014,0,0,0,0
91411,57,32,81002,90544,91271,81413,727,10269,9542,0,0,0
91753,66,64,91171,91171,91753,92135,582,582,0,0,0,0
93917,48,32,66346,91411,93917,83747,2506,27571,25065,0,0,0
93810,67,64,92236,92236,93810,93775,1574,1574,0,0,0,0
95086,68,32,94496,94496,95086,97946,590,590,0,0,0,0
81839,57,64,81002,81005,81839,81413,834,837,3,0,0,0
82207,52,64,72540,72540,82207,85659,9667,9667,0,0,0,0
96590,70,64,96350,96350,96499,97522,149,149,0,0,0,0
99534,53,32,75751,93917,99529,85092,5612,23778,18166,0,0,0
97599,71,64,97359,97359,97528,98612,169,169,0,0,0,0
99933,34,32,40171,88378,99933,78929,11555,59762,48207,0,0,0
97839,73,64,97471,97599,97762,99331,163,291,128,0,0,0
84541,59,64,83813,83813,84541,86444,728,728,0,0,0,0
101762,69,32,95600,95600,101762,112695,6162,6162,0,0,0,0
103147,58,32,81419,81419,103147,113546,21728,21728,0,0,0,0
108657,52,64,72540,99534,108657,85659,9123,36117,26994,0,0,0
103911,74,64,99294,99294,103911,104824,4617,4617,0,0,0,0
109385,59,64,83813,108657,109385,86444,728,25572,24844,0,0,0
105662,75,32,105422,105422,105575,106230,153,153,0,0,0,0
85322,56,64,80949,81839,85322,88560,3483,4373,890,0,0,0
109787,61,32,84901,109385,109787,87112,402,24886,24484,0,0,0
107011,76,64,106771,106771,106953,107712,182,182,0,0,0,0
85562,61,32,84901,85021,85423,87112,402,522,120,0,0,0
110027,62,64,86095,109385,110027,88366,642,23932,23290,0,0,0
113510,56,64,80949,110027,113510,88560,3483,32561,29078,0,0,0
108443,77,64,107522,107522,108443,111535,921,921,0,0,0,0
115848,42,64,56810,113510,115848,91461,2338,59038,56700,0,0,0
86694,62,64,86095,86095,86694,88366,599,599,0,0,0,0
116430,66,64,91171,115848,116430,92135,582,25259,24677,0,0,0
112496,78,64,107802,107802,112496,122476,4694,4694,0,0,0,0
116274,80,64,114881,114881,116274,117639,1393,1393,0,0,0,0
121515,60,64,84616,116430,121515,92484,5085,36899,31814,0,0,0
89839,60,64,84616,84781,89822,92484,5041,5206,165,0,0,0
119183,82,64,118252,118252,119183,126760,931,931,0,0,0,0
119540,81,64,117089,117089,119540,120360,2451,2451,0,0,0,0
123089,67,64,92236,121515,123089,93775,1574,30853,29279,0,0,0
90842,63,64,87916,87916,90842,93871,2926,2926,0,0,0,0
126015,63,64,87916,123089,126015,93871,2926,38099,35173,0,0,0
126255,70,64,96350,126015,126164,97522,149,29814,29665,0,0,0
122184,83,64,121204,121204,122184,122396,980,980,0,0,0,0
126495,71,32,97359,126255,126419,98612,164,29060,28896,0,0,0
126735,73,32,97471,126495,126701,99331,206,29230,29024,0,0,0
91753,66,64,91171,91171,91753,92135,582,582,0,0,0,0
122922,85,64,122682,122682,122823,123082,141,141,0,0,0,0
126975,68,32,94496,126255,126845,97946,590,32349,31759,0,0,0
123223,84,64,121601,121601,123223,125071,1622,1622,0,0,0,0
127492,86,64,127252,127252,127405,128552,153,153,0,0,0,0
93810,67,64,92236,92236,93810,93775,1574,1574,0,0,0,0
127883,72,64,97404,97599,127883,137322,30284,30479,195,0,0,0
128785,87,64,128545,128545,128785,130128,240,240,0,0,0,0
131369,74,64,99294,126735,131317,104824,4582,32023,27441,0,0,0
131609,75,32,105422,131369,131522,106230,153,26100,25947,0,0,0
131609,76,32,106771,131369,131558,107712,189,24787,24598,0,0,0
95086,68,32,94496,94496,95086,97946,590,590,0,0,0,0
129707,88,64,129467,129467,129539,130895,72,72,0,0,0,0
130506,89,64,129938,129947,130506,131220,559,568,9,0,0,0
139920,33,64,39248,131609,139920,108533,8311,100672,92361,0,0,0
131749,90,64,131129,131129,131749,134638,620,620,0,0,0,0
140974,77,64,107522,139920,140841,111535,921,33319,32398,0,0,0
96590,70,64,96350,96350,96499,97522,149,149,0,0,0,0
136809,91,64,135853,135853,136809,141253,956,956,0,0,0,0
137492,92,64,135861,136093,137492,147132,1399,1631,232,0,0,0
147136,69,32,95600,140974,147136,112695,6162,51536,45374,0,0,0
97599,71,64,97359,97359,97528,98612,169,169,0,0,0,0
141092,94,64,140734,140734,141092,145450,358,358,0,0,0,0
97839,73,64,97471,97599,97762,99331,163,291,128,0,0,0
144850,95,64,143993,143993,144850,144384,857,857,0,0,0,0
101578,8,32,11477,11477,101578,112804,90101,90101,0,0,0,0
148866,97,64,148501,148501,148866,149364,365,365,0,0,0,0
101818,69,32,95600,95600,101762,112695,6162,6162,0,0,0,0
149106,96,64,146017,146017,148904,151082,2887,2887,0,0,0,0
149533,41,64,53861,53861,149533,198922,95672,95672,0,0,0,0
103911,74,64,99294,99294,103911,104824,4617,4617,0,0,0,0
105662,75,32,105422,105422,105575,106230,153,153,0,0,0,0
106220,47,64,65524,65524,106220,113606,40696,40696,0,0,0,0
152384,100,64,151667,151667,152384,152711,717,717,0,0,0,0
153858,99,32,150834,150834,153858,172474,3024,3024,0,0,0,0
154098,98,64,149598,149773,154048,210135,4275,4450,175,0,0,0
107011,76,64,106771,106771,106953,107712,182,182,0,0,0,0
155547,102,64,154814,154814,155547,159492,733,733,0,0,0,0
156655,103,64,156080,156080,156533,158502,453,453,0,0,0,0
108443,77,64,107522,107522,108443,111535,921,921,0,0,0,0
158217,105,64,157469,157469,158217,159406,748,748,0,0,0,0
158792,106,64,158464,158464,158792,162171,328,328,0,0,0,0
112365,78,64,107802,107802,112365,122476,4563,4563,0,0,0,0
160041,108,64,159763,159763,160041,161553,278,278,0,0,0,0
160281,107,64,159126,159126,160078,164418,952,952,0,0,0,0
115121,55,32,79615,103911,114892,122566,10981,35277,24296,0,0,0
116274,80,64,114881,114881,116274,117639,1393,1393,0,0,0,0
163649,101,64,151754,151907,163649,243667,11742,11895,153,0,0,0
186569,8,64,11477,140974,186569,112804,45595,175092,129497,0,0,0
117730,58,32,81419,90842,117730,113546,26888,36311,9423,0,0,0
164969,109,64,160923,160923,164897,181757,3974,3974,0,0,0,0
164969,112,64,164729,164729,164918,167343,189,189,0,0,0,0
119183,82,64,118252,118252,119183,126760,931,931,0,0,0,0
165449,114,64,165163,165209,165366,166080,157,203,46,0,0,0
165689,111,64,163810,163889,165485,167411,1596,1675,79,0,0,0
165689,113,64,164771,164969,165584,166096,615,813,198,0,0,0
119540,81,64,117089,117089,119540,120360,2451,2451,0,0,0,0
166703,110,64,162388,162388,166703,172190,4315,4315,0,0,0,0
166943,115,64,165455,165689,166840,172412,1151,1385,234,0,0,0
168558,116,64,166773,166943,168558,182045,1615,1785,170,0,0,0
169973,117,64,169733,169733,169845,170108,112,112,0,0,0,0
122184,83,64,121204,121204,122184,122396,980,980,0,0,0,0
173973,118,32,172135,172135,173973,177122,1838,1838,0,0,0,0
122922,85,64,122682,122682,122823,123082,141,141,0,0,0,0
174856,119,64,174528,174528,174856,176288,328,328,0,0,0,0
123223,84,64,121601,121601,123223,125071,1622,1622,0,0,0,0
177911,121,64,177513,177513,177911,179235,398,398,0,0,0,0
127492,86,64,127252,127252,127405,128552,153,153,0,0,0,0
178151,120,64,177070,177070,178020,180074,950,950,0,0,0,0
195387,47,32,65524,186569,195387,113606,8818,129863,121045,0,0,0
181460,122,64,180278,180278,181460,182007,1182,1182,0,0,0,0
128785,87,64,128545,128545,128785,130128,240,240,0,0,0,0
196733,80,32,114881,195387,196733,117639,1346,81852,80506,0,0,0
182435,125,64,182111,182195,182427,183143,232,316,84,0,0,0
129707,88,64,129467,129467,129539,130895,72,72,0,0,0,0
182675,126,64,182133,182195,182450,183352,255,317,62,0,0,0
199477,81,32,117089,196733,199477,120360,2744,82388,79644,0,0,0
130506,89,64,129938,129947,130506,131220,559,568,9,0,0,0
200709,83,32,121204,199477,200574,122396,1097,79370,78273,0,0,0
131749,90,64,131129,131129,131749,134638,620,620,0,0,0,0
186617,127,64,184246,184246,186617,190381,2371,2371,0,0,0,0
204653,78,32,107802,200709,204604,122476,3895,96802,92907,0,0,0
187434,132,32,187063,187194,187363,188205,169,300,131,0,0,0
136809,91,64,135853,135853,136809,141253,956,956,0,0,0,0
187780,131,64,186954,186954,187780,189770,826,826,0,0,0,0
188163,130,64,186321,186321,188163,212470,1842,1842,0,0,0,0
138398,92,64,135861,136809,138208,147132,1399,2347,948,0,0,0
208297,58,32,81419,186569,208297,113546,21728,126878,105150,0,0,0
189004,135,32,188724,188724,189004,190527,280,280,0,0,0,0
141092,94,64,140734,140734,141092,145450,358,358,0,0,0,0
142790,72,64,97404,106220,142790,137322,36570,45386,8816,0,0,0
189244,134,64,188448,188448,189059,189012,611,611,0,0,0,0
144850,95,64,143993,143993,144850,144384,857,857,0,0,0,0
146927,28,64,36194,62991,146927,149156,83936,110733,26797,0,0,0
192216,136,64,189202,189244,192013,194299,2769,2811,42,0,0,0
214998,55,64,79615,204653,214998,122566,10345,135383,125038,0,0,0
192456,137,64,191067,191067,192455,195967,1388,1388,0,0,0,0
148866,97,64,148501,148501,148866,149364,365,365,0,0,0,0
215238,85,64,122682,214998,215139,123082,141,92457,92316,0,0,0
149106,96,64,146017,146017,148904,151082,2887,2887,0,0,0,0
193411,138,64,191976,191976,193411,195220,1435,1435,0,0,0,0
216860,84,64,121601,215238,216860,125071,1622,95259,93637,0,0,0
217791,82,64,118252,216860,217791,126760,931,99539,98608,0,0,0
194531,141,64,193558,193651,194292,194615,641,734,93,0,0,0
218031,86,64,127252,217791,217944,128552,153,90692,90539,0,0,0
218271,87,64,128545,218031,218271,130128,240,89726,89486,0,0,0
152384,100,64,151667,151667,152384,152711,717,717,0,0,0,0
218511,88,64,129467,218271,218343,130895,72,88876,88804,0,0,0
195903,145,64,195596,195663,195833,196344,170,237,67,0,0,0
219070,89,64,129938,218511,219070,131220,559,89132,88573,0,0,0
196143,140,64,193522,193651,195981,197799,2330,2459,129,0,0,0
219690,90,64,131129,219070,219690,134638,620,88561,87941,0,0,0
196383,143,64,195111,195111,196175,197349,1064,1064,0,0,0,0
154575,99,32,150834,150834,154575,172474,3741,3741,0,0,0,0
155548,102,64,154814,154815,155548,159492,733,734,1,0,0,0
199287,146,32,199047,199047,199186,199687,139,139,0,0,0,0
199527,129,64,184851,184917,199472,214277,14555,14621,66,0,0,0
201792,148,64,200469,200469,201792,202538,1323,1323,0,0,0,0
156655,103,64,156080,156080,156533,158502,453,453,0,0,0,0
202276,147,64,200117,200117,202276,216556,2159,2159,0,0,0,0
202669,149,64,201865,202032,202669,203680,637,804,167,0,0,0
158217,105,64,157469,157469,158217,159406,748,748,0,0,0,0
204023,142,64,194291,194291,204023,249467,9732,9732,0,0,0,0
158792,106,64,158464,158464,158792,162171,328,328,0,0,0,0
205487,153,64,204709,204893,205487,207989,594,778,184,0,0,0
205786,151,64,204444,204653,205786,206542,1133,1342,209,0,0,0
160041,108,64,159763,159763,160041,161553,278,278,0,0,0,0
160356,107,64,159126,159126,160356,164418,1230,1230,0,0,0,0
207601,150,32,204413,204413,207601,213005,3188,3188,0,0,0,0
207939,155,64,206874,206874,207939,214336,1065,1065,0,0,0,0
164560,2,64,3036,3036,164560,152208,161524,161524,0,0,0,0
210910,154,64,206612,206612,210910,217542,4298,4298,0,0,0,0
249974,72,64,97404,219690,249974,137322,30284,152570,122286,0,0,0
165040,112,64,164729,164800,164989,167343,189,260,71,0,0,0
250932,91,64,135853,249974,250930,141253,956,115077,114121,0,0,0
165520,113,64,164771,164800,165415,166096,615,644,29,0,0,0
251789,95,64,143993,250932,251789,144384,857,107796,106939,0,0,0
165520,114,64,165163,165280,165437,166080,157,274,117,0,0,0
165886,111,64,163810,163810,165886,167411,2076,2076,0,0,0,0
252147,94,64,140734,251789,252147,145450,358,111413,111055,0,0,0
212315,156,64,208703,208703,212315,217673,3612,3612,0,0,0,0
167037,115,64,165455,165886,167037,172412,1151,1582,431,0,0,0
213410,159,64,211958,211958,213410,221511,1452,1452,0,0,0,0
253557,92,64,135861,252147,253546,147132,1399,117685,116286,0,0,0
168173,110,64,162388,162388,168173,172190,5785,5785,0,0,0,0
213650,158,64,211584,211584,213532,215884,1948,1948,0,0,0,0
169973,117,64,169733,169733,169845,170108,112,112,0,0,0,0
219786,160,64,217527,217527,219786,231522,2259,2259,0,0,0,0
172375,109,32,160923,168173,172344,181757,4171,11421,7250,0,0,0
173973,118,32,172135,172135,173973,177122,1838,1838,0,0,0,0
174213,116,64,166773,172375,174077,182045,1702,7304,5602,0,0,0
174856,119,64,174528,174528,174856,176288,328,328,0,0,0,0
220266,152,64,204471,204653,220228,240026,15575,15757,182,0,0,0
177911,121,64,177513,177513,177911,179235,398,398,0,0,0,0
178418,120,64,177070,177070,178418,180074,1348,1348,0,0,0,0
221326,162,64,221016,221016,221326,227150,310,310,0,0,0,0
181460,122,64,180278,180278,181460,182007,1182,1182,0,0,0,0
182435,125,64,182111,182195,182427,183143,232,316,84,0,0,0
182690,126,64,182133,182435,182690,183352,255,557,302,0,0,0
222608,64,64,89599,90245,222608,292423,132363,133009,646,0,0,0
222848,161,64,219925,220026,222732,238402,2706,2807,101,0,0,0
186617,127,64,184246,184246,186617,190381,2371,2371,0,0,0,0
187434,132,32,187063,187194,187363,188205,169,300,131,0,0,0
187760,131,64,186954,186954,187760,189770,806,806,0,0,0,0
277983,28,64,36194,253557,277983,149156,24426,241789,217363,0,0,0
223965,165,64,223716,223716,223965,224482,249,249,0,0,0,0
188688,18,64,24936,149106,188614,175734,39508,163678,124170,0,0,0
224830,164,64,222963,223088,224830,228417,1742,1867,125,0,0,0
189168,134,64,188448,188448,189059,189012,611,611,0,0,0,0
278463,97,64,148501,277983,278348,149364,365,129847,129482,0,0,0
189408,135,32,188724,188928,189208,190527,280,484,204,0,0,0
192216,136,64,189202,189408,192177,194299,2769,2975,206,0,0,0
281350,96,64,146017,278463,281350,151082,2887,135333,132446,0,0,0
192799,137,64,191067,191067,192695,195967,1628,1628,0,0,0,0
226261,166,64,225003,225070,226261,231506,1191,1258,67,0,0,0
193411,138,64,191976,191976,193411,195220,1435,1435,0,0,0,0
194531,141,64,193558,193651,194292,194615,641,734,93,0,0,0
227559,168,64,227079,227079,227396,232164,317,317,0,0,0,0
195903,145,64,195596,195663,195833,196344,170,237,67,0,0,0
227799,169,32,227170,227319,227621,228426,302,451,149,0,0,0
196175,143,64,195111,195111,196175,197349,1064,1064,0,0,0,0
228315,170,64,227702,227799,228315,229541,516,613,97,0,0,0
196415,140,64,193522,193651,196221,197799,2570,2699,129,0,0,0
231386,167,64,225584,225584,231386,236825,5802,5802,0,0,0,0
199287,146,32,199047,199047,199186,199687,139,139,0,0,0,0
235756,171,64,232861,232861,235756,253177,2895,2895,0,0,0,0
200357,98,64,149598,189168,200309,210135,11141,50711,39570,0,0,0
236236,172,64,235986,235996,236194,236786,198,208,10,0,0,0
202105,148,64,200469,200597,201920,202538,1323,1451,128,0,0,0
202742,149,64,201865,202105,202742,203680,637,877,240,0,0,0
204344,130,64,186321,200357,204344,212470,3987,18023,14036,0,0,0
240296,174,64,239468,239468,240296,245930,828,828,0,0,0,0
205717,151,64,204444,204584,205717,206542,1133,1273,140,0,0,0
241097,175,64,240026,240026,241097,246253,1071,1071,0,0,0,0
243588,173,64,236535,236535,243588,250907,7053,7053,0,0,0,0
206311,153,64,204709,205717,206311,207989,594,1602,1008,0,0,0
245212,176,64,244228,244228,245212,246474,984,984,0,0,0,0
306469,2,64,3036,3036,306469,152208,303433,303433,0,0,0,0
307186,100,64,151667,306469,307186,152711,717,155519,154802,0,0,0
246511,177,64,246271,246271,246384,247135,113,113,0,0,0,0
209499,150,32,204413,206311,209499,213005,3188,5086,1898,0,0,0
307639,103,64,156080,307186,307639,158502,453,151559,151106,0,0,0
247755,178,64,247078,247078,247594,255955,516,516,0,0,0,0
308387,105,64,157469,307639,308387,159406,748,150918,150170,0,0,0
247995,180,64,247527,247755,247993,248753,238,466,228,0,0,0
248432,179,64,247515,247515,248432,258114,917,917,0,0,0,0
309120,102,64,154814,308387,309120,159492,733,154306,153573,0,0,0
251272,181,64,250692,250692,251272,260206,580,580,0,0,0,0
309600,108,64,159763,309120,309398,161553,278,149635,149357,0,0,0
220799,129,64,184851,204344,220799,214277,16455,35948,19493,0,0,0
309928,106,64,158464,309600,309928,162171,328,151464,151136,0,0,0
253786,183,32,253317,253317,253786,255401,469,469,0,0,0,0
310880,107,64,159126,309928,310880,164418,952,151754,150802,0,0,0
221864,155,64,206874,220799,221864,214336,1065,14990,13925,0,0,0
258773,184,64,258230,258230,258773,259271,543,543,0,0,0,0
311120,114,64,165163,310880,311037,166080,157,145874,145717,0,0,0
311735,113,64,164771,311120,311735,166096,615,146964,146349,0,0,0
262726,185,64,259497,259497,262726,265579,3229,3229,0,0,0,0
223956,158,64,211584,221864,223812,215884,1948,12228,10280,0,0,0
311975,112,64,164729,311735,311924,167343,189,147195,147006,0,0,0
264204,187,64,262814,262966,264204,264608,1238,1390,152,0,0,0
313571,111,64,163810,311975,313571,167411,1596,149761,148165,0,0,0
313811,117,64,169733,313571,313683,170108,112,143950,143838,0,0,0
270812,188,32,268276,268276,270812,279314,2536,2536,0,0,0,0
226115,147,64,200117,223956,226115,216556,2159,25998,23839,0,0,0
318126,110,64,162388,313811,318126,172190,4315,155738,151423,0,0,0
273692,190,64,271169,271169,273692,274810,2523,2523,0,0,0,0
319277,115,64,165455,318126,319277,172412,1151,153822,152671,0,0,0
275639,194,64,274548,274548,275431,276512,883,883,0,0,0,0
276486,196,64,275722,275879,276486,278514,607,764,157,0,0,0
230413,154,64,206612,226115,230413,217542,4298,23801,19503,0,0,0
276856,189,64,270102,270102,276856,274146,6754,6754,0,0,0,0
277096,193,64,272866,272866,277037,279220,4171,4171,0,0,0,0
322301,99,32,150834,319277,322301,172474,3024,171467,168443,0,0,0
278497,199,64,278059,278059,278497,279633,438,438,0,0,0,0
234025,156,64,208703,230413,234025,217673,3612,25322,21710,0,0,0
235477,159,64,211958,234025,235477,221511,1452,23519,22067,0,0,0
235726,165,64,223716,235477,235726,224482,249,12010,11761,0,0,0
278884,198,64,277532,277532,278884,285344,1352,1352,0,0,0,0
236226,162,64,221016,235726,236036,227150,310,15020,14710,0,0,0
279364,200,64,279098,279124,279357,280778,233,259,26,0,0,0
237968,164,64,222963,236226,237968,228417,1742,15005,13263,0,0,0
238270,169,32,227170,237968,238270,228426,302,11100,10798,0,0,0
281148,197,64,275888,276856,281148,283611,4292,5260,968,0,0,0
238510,170,64,227702,237968,238473,229541,505,10771,10266,0,0,0
281946,182,64,250750,250932,281946,273575,31014,31196,182,0,0,0
239708,166,64,225003,238510,239701,231506,1191,14698,13507,0,0,0
284504,202,64,282768,282768,284504,288776,1736,1736,0,0,0,0
241967,160,64,217527,239708,241967,231522,2259,24440,22181,0,0,0
285896,201,64,279689,279689,285896,288744,6207,6207,0,0,0,0
242284,168,64,227079,241967,242284,232164,317,15205,14888,0,0,0
242524,172,64,235986,242284,242482,236786,198,6496,6298,0,0,0
286937,203,64,286217,286217,286771,288311,554,554,0,0,0,0
287177,205,64,286580,286697,286977,287834,280,397,117,0,0,0
287177,204,32,286244,286457,286990,286967,533,746,213,0,0,0
248326,167,64,225584,242524,248326,236825,5802,22742,16940,0,0,0
288468,206,64,287176,287177,288468,289061,1291,1292,1,0,0,0
291604,195,64,275399,277096,291604,290224,14508,16205,1697,0,0,0
251172,161,64,219925,248326,251032,238402,2706,31107,28401,0,0,0
291952,191,64,271881,281946,291952,293699,10006,20071,10065,0,0,0
266747,152,64,204471,251172,266747,240026,15575,62276,46701,0,0,0
297252,210,32,296966,296966,297252,297863,286,286,0,0,0,0
270630,41,64,53861,174213,270630,198922,96417,216769,120352,0,0,0
349805,18,64,24936,319277,349805,175734,30528,324869,294341,0,0,0
299735,211,64,298650,298650,299735,304161,1085,1085,0,0,0,0
300275,208,64,295986,295986,300275,301910,4289,4289,0,0,0,0
271458,174,64,239468,270630,271458,245930,828,31990,31162,0,0,0
350133,119,64,174528,349805,350133,176288,328,175605,175277,0,0,0
302047,212,64,301377,301377,302047,302728,670,670,0,0,0,0
272760,175,64,240026,271458,272529,246253,1071,32503,31432,0,0,0
302287,186,64,259780,259780,302122,300786,42342,42342,0,0,0,0
350613,121,32,177513,350133,350464,179235,331,172951,172620,0,0,0
304031,192,32,272520,291604,304031,315861,12427,31511,19084,0,0,0
273744,176,64,244228,272760,273744,246474,984,29516,28532,0,0,0
273984,177,64,246271,273744,273857,247135,113,27586,27473,0,0,0
351488,120,32,177070,350613,351488,180074,875,174418,173543,0,0,0
305766,213,64,305414,305414,305766,307029,352,352,0,0,0,0
274224,180,64,247527,273984,274222,248753,238,26695,26457,0,0,0
351971,118,32,172135,350133,351971,177122,1838,179836,177998,0,0,0
309081,209,32,296607,304031,309081,371326,5050,12474,7424,0,0,0
311239,215,64,309256,309321,311086,320188,1765,1830,65,0,0,0
311611,35,64,40684,49591,311611,282344,262020,270927,8907,0,0,0
278489,101,64,151754,266747,278489,243667,11742,126735,114993,0,0,0
355494,109,64,160923,351488,355363,181757,3875,194440,190565,0,0,0
312233,216,64,310999,310999,312220,319907,1221,1221,0,0,0,0
312473,0,32,0,0,312301,363898,312301,312301,0,0,0,0
320413,219,64,318746,318746,320413,326087,1667,1667,0,0,0,0
283716,142,64,194291,274224,283716,249467,9492,89425,79933,0,0,0
356676,122,64,180278,355494,356676,182007,1182,176398,175216,0,0,0
321165,218,64,318344,318344,321102,334129,2758,2758,0,0,0,0
321755,222,64,321096,321165,321755,324387,590,659,69,0,0,0
285542,173,64,236535,278489,285542,250907,7053,49007,41954,0,0,0
286011,183,32,253317,285542,286011,255401,469,32694,32225,0,0,0
325422,223,64,324725,324725,325422,326967,697,697,0,0,0,0
286251,178,64,247078,285542,286156,255955,614,39078,38464,0,0,0
325662,224,64,325084,325084,325500,326567,416,416,0,0,0,0
358291,116,64,166773,356676,358291,182045,1615,191518,189903,0,0,0
286820,171,64,232861,283716,286611,253177,2895,53750,50855,0,0,0
358531,125,64,182111,358291,358523,183143,232,176412,176180,0,0,0
332282,228,64,332042,332042,332216,332927,174,174,0,0,0,0
287168,179,64,247515,286251,287168,258114,917,39653,38736,0,0,0
333026,229,64,332666,332666,333026,334270,360,360,0,0,0,0
287408,184,64,258230,286820,287363,259271,543,29133,28590,0,0,0
358786,126,64,182133,358531,358786,183352,255,176653,176398,0,0,0
334362,226,64,328594,328594,334362,338783,5768,5768,0,0,0,0
287748,181,64,250692,287168,287748,260206,580,37056,36476,0,0,0
336490,231,64,336214,336214,336490,338042,276,276,0,0,0,0
288646,187,64,262814,287408,288646,264608,1238,25832,24594,0,0,0
359026,132,32,187063,358786,358955,188205,169,171892,171723,0,0,0
290977,185,64,259497,287748,290977,265579,3229,31480,28251,0,0,0
337843,232,64,337603,337603,337839,338647,236,236,0,0,0,0
338083,227,64,331354,331354,338071,345044,6717,6717,0,0,0,0
359361,134,64,188448,358786,359361,189012,575,170913,170338,0,0,0
340696,221,64,320817,320925,340696,339641,19771,19879,108,0,0,0
342702,124,64,182085,182675,342702,365328,160027,160617,590,0,0,0
346449,234,64,345506,345506,346449,349524,943,943,0,0,0,0
360187,131,64,186954,359361,360187,189770,826,173233,172407,0,0,0
297731,189,64,270102,290977,297731,274146,6754,27629,20875,0,0,0
347406,237,64,347091,347166,347244,348142,78,153,75,0,0,0
347406,235,64,345724,345746,347348,347175,1602,1624,22,0,0,0
347646,239,64,347265,347406,347598,348619,192,333,141,0,0,0
348113,238,64,347151,347166,348113,349579,947,962,15,0,0,0
300254,190,64,271169,297731,300254,274810,2523,29085,26562,0,0,0
349849,236,64,346926,346926,349849,366665,2923,2923,0,0,0,0
301137,194,64,274548,300254,301137,276512,883,26589,25706,0,0,0
350684,123,64,181955,181955,350684,382728,168729,168729,0,0,0,0
350924,240,64,350281,350281,350730,351079,449,449,0,0,0,0
353452,241,64,352609,352609,353452,353912,843,843,0,0,0,0
301744,196,64,275722,301137,301744,278514,607,26022,25415,0,0,0
355194,233,64,342232,342232,355194,381865,12962,12962,0,0,0,0
356201,243,64,355879,355879,356201,357192,322,322,0,0,0,0
305915,193,64,272866,301744,305915,279220,4171,33049,28878,0,0,0
357201,242,64,355254,355434,357201,359928,1767,1947,180,0,0,0
359836,245,64,359596,359596,359761,360626,165,165,0,0,0,0
306395,199,32,278059,305915,306319,279633,404,28260,27856,0,0,0
306636,200,32,279098,306395,306636,280778,241,27538,27297,0,0,0
362790,127,64,184246,360187,362558,190381,2371,178312,175941,0,0,0
308451,188,32,268276,305915,308451,279314,2536,40175,37639,0,0,0
363492,248,64,361957,361957,363492,365203,1535,1535,0,0,0,0
363070,135,32,188724,362790,363070,190527,280,174346,174066,0,0,0
363817,250,64,362550,363492,363817,369341,325,1267,942,0,0,0
364723,247,64,361577,361577,364723,367714,3146,3146,0,0,0,0
365527,136,64,189202,362790,365527,194299,2737,176325,173588,0,0,0
367563,246,64,360308,360308,367563,367880,7255,7255,0,0,0,0
368068,252,64,367118,367118,368068,370595,950,950,0,0,0,0
319660,182,64,250750,288646,319660,273575,31014,68910,37896,0,0,0
372654,255,64,372410,372410,372654,375691,244,244,0,0,0,0
366168,141,64,193558,365527,366168,194615,641,172610,171969,0,0,0
372935,251,64,365871,365871,372935,377717,7064,7064,0,0,0,0
374292,128,64,184677,350924,374292,395273,23368,189615,166247,0,0,0
375015,253,32,371005,371005,375015,386792,4010,4010,0,0,0,0
375255,256,64,374730,374730,375189,375686,459,459,0,0,0,0
323952,197,64,275888,319660,323952,283611,4292,48064,43772,0,0,0
367603,138,64,191976,366168,367603,195220,1435,175627,174192,0,0,0
379772,261,64,379379,379532,379603,379996,71,224,153,0,0,0
324965,198,64,277532,323952,324866,285344,914,47334,46420,0,0,0
368991,137,64,191067,367603,368991,195967,1388,177924,176536,0,0,0
380012,260,64,379196,379292,379856,380073,564,660,96,0,0,0
380463,258,64,377387,377608,380463,394334,2855,3076,221,0,0,0
325205,205,32,286580,324965,325197,287834,232,38617,38385,0,0,0
381393,259,64,379052,379052,381393,398851,2341,2341,0,0,0,0
369231,145,64,195596,368991,369161,196344,170,173565,173395,0,0,0
325498,204,32,286244,324965,325498,286967,533,39254,38721,0,0,0
383104,263,64,382685,382864,382962,383759,98,277,179,0,0,0
325738,203,64,286217,325205,325699,288311,494,39482,38988,0,0,0
370295,143,64,195111,369231,370295,197349,1064,175184,174120,0,0,0
383344,264,32,383096,383104,383277,383976,173,181,8,0,0,0
383584,262,64,382624,382624,383387,384115,763,763,0,0,0,0
385397,65,64,90304,127883,385397,383283,257514,295093,37579,0,0,0
386052,257,64,377368,377368,386052,399746,8684,8684,0,0,0,0
331945,201,64,279689,325738,331945,288744,6207,52256,46049,0,0,0
391290,268,64,391029,391050,391149,391823,99,120,21,0,0,0
391770,269,64,391444,391530,391659,392306,129,215,86,0,0,0
372650,140,64,193522,370295,372625,197799,2330,179103,176773,0,0,0
333681,202,64,282768,331945,333681,288776,1736,50913,49177,0,0,0
392010,266,64,390570,390570,391901,406200,1331,1331,0,0,0,0
392250,267,64,390755,390810,392200,393651,1390,1445,55,0,0,0
334972,206,64,287176,333681,334972,289061,1291,47796,46505,0,0,0
396644,244,64,357312,357441,396644,405196,39203,39332,129,0,0,0
397240,270,64,393488,393488,397240,410767,3752,3752,0,0,0,0
398310,273,64,397988,397988,398310,400745,322,322,0,0,0,0
402152,272,64,397275,397480,402152,404904,4672,4877,205,0,0,0
346457,195,64,275399,334972,346457,290224,11485,71058,59573,0,0,0
403554,274,64,403261,403261,403554,404217,293,293,0,0,0,0
407119,275,64,406860,406860,407119,407931,259,259,0,0,0,0
408061,276,64,407382,407382,407860,408172,478,478,0,0,0,0
409725,277,64,407821,407821,409725,410687,1904,1904,0,0,0,0
409965,279,32,408951,409033,409756,413663,723,805,82,0,0,0
411245,282,64,410611,410775,411245,411477,470,634,164,0,0,0
411805,281,64,410596,410775,411805,417370,1030,1209,179,0,0,0
412891,225,64,327219,386052,412891,420374,26839,85672,58833,0,0,0
416927,283,64,416687,416687,416794,418341,107,107,0,0,0,0
418183,284,64,417212,417212,418183,420994,971,971,0,0,0,0
420274,287,64,420034,420034,420198,422081,164,164,0,0,0,0
423497,285,32,418574,418574,423497,425221,4923,4923,0,0,0,0
426789,289,64,423801,423801,426789,429588,2988,2988,0,0,0,0
432854,290,64,429052,429052,432854,434897,3802,3802,0,0,0,0
434785,292,64,434479,434541,434785,435118,244,306,62,0,0,0
435862,291,64,434301,434301,435862,438265,1561,1561,0,0,0,0
437025,104,64,156415,156655,437025,331099,280370,280610,240,0,0,0
439495,293,64,434842,435862,439495,441082,3633,4653,1020,0,0,0
439950,288,64,420132,420274,439950,442224,19676,19818,142,0,0,0
440847,294,64,436285,439495,440847,443047,1352,4562,3210,0,0,0
442845,295,64,442149,442149,442845,446451,696,696,0,0,0,0
446999,298,64,446698,446698,446999,447706,301,301,0,0,0,0
447479,299,64,447148,447239,447328,448087,89,180,91,0,0,0
447848,157,64,210404,355194,447848,415920,92654,237444,144790,0,0,0
448703,300,64,448318,448318,448703,451125,385,385,0,0,0,0
449183,296,64,443324,443324,448960,450587,5636,5636,0,0,0,0
449183,280,64,410535,412891,449016,459187,36125,38481,2356,0,0,0
449765,303,64,449420,449423,449765,450987,342,345,3,0,0,0
450663,304,64,449915,450005,450663,460876,658,748,90,0,0,0
451730,301,64,448869,448943,451730,466132,2787,2861,74,0,0,0
456470,305,64,456060,456060,456470,457709,410,410,0,0,0,0
459488,307,64,458534,458534,459488,462227,954,954,0,0,0,0
460596,249,64,362085,440847,460596,466677,19749,98511,78762,0,0,0
460836,308,64,460081,460081,460731,464065,650,650,0,0,0,0
464560,309,64,464320,464320,464560,465080,240,240,0,0,0,0
465852,310,64,465063,465063,465645,467365,582,582,0,0,0,0
467215,312,64,466207,466207,467215,470757,1008,1008,0,0,0,0
467455,313,64,466778,466778,467453,470812,675,675,0,0,0,0
474346,315,64,472955,472955,474199,479295,1244,1244,0,0,0,0
475525,317,64,474106,474106,475399,476821,1293,1293,0,0,0,0
475819,318,64,475285,475285,475819,476400,534,534,0,0,0,0
476385,316,64,473496,473496,476385,477193,2889,2889,0,0,0,0
477275,319,32,476583,476625,477275,479748,650,692,42,0,0,0
478844,321,64,478364,478364,478668,480304,304,304,0,0,0,0
479324,320,64,477942,477942,479091,481609,1149,1149,0,0,0,0
480083,324,64,478926,479084,480083,483054,999,1157,158,0,0,0
480323,322,64,478395,478604,480187,484677,1583,1792,209,0,0,0
480563,326,64,480238,480323,480402,481508,79,164,85,0,0,0
481335,311,32,465612,465612,481335,486790,15723,15723,0,0,0,0
482687,329,64,482384,482384,482687,484129,303,303,0,0,0,0
485291,330,64,484741,484741,485291,485584,550,550,0,0,0,0
486169,331,64,485761,485761,486169,487029,408,408,0,0,0,0
489682,332,64,488739,488739,489682,491569,943,943,0,0,0,0
490393,334,64,490034,490034,490393,491204,359,359,0,0,0,0
492891,336,32,492531,492651,492808,493389,157,277,120,0,0,0
502873,314,64,469595,469595,502873,497404,33278,33278,0,0,0,0
503958,338,64,497287,502873,503958,499100,1085,6671,5586,0,0,0
505237,335,64,492411,503958,505237,499160,1279,12826,11547,0,0,0
507313,328,64,481869,505237,507313,499932,2076,25444,23368,0,0,0
520495,333,64,488990,507313,520495,503154,13182,31505,18323,0,0,0
525708,337,64,497002,520495,525708,505433,5213,28706,23493,0,0,0
526188,340,32,505822,525708,526061,507454,353,20239,19886,0,0,0
532432,342,64,508985,525708,532432,512706,6724,23447,16723,0,0,0
532852,344,64,510238,532432,532852,513421,420,22614,22194,0,0,0
533327,345,64,514015,532852,533327,515280,475,19312,18837,0,0,0
534555,217,64,311993,397240,534555,433213,137315,222562,85247,0,0,0
444120,64,64,89599,346457,444120,292423,97663,354521,256858,0,0,0
535035,348,64,518128,534555,534820,521080,265,16692,16427,0,0,0
535275,351,64,522366,535035,535168,523044,133,12802,12669,0,0,0
536950,347,64,517899,535275,536950,523440,1675,19051,17376,0,0,0
537227,346,64,514536,533327,537227,517792,3900,22691,18791,0,0,0
537467,350,64,521796,536950,537337,523862,387,15541,15154,0,0,0
547935,323,64,478814,537227,547935,526295,10708,69121,58413,0,0,0
548175,354,64,531876,547935,548085,532242,150,16209,16059,0,0,0
452191,191,64,271881,444120,452191,293699,8071,180310,172239,0,0,0
560256,352,64,525867,548175,560256,533282,12081,34389,22308,0,0,0
452477,210,32,296966,452191,452477,297863,286,155511,155225,0,0,0
458774,41,64,53861,372650,458633,198922,85983,404772,318789,0,0,0
459014,146,32,199047,458774,458913,199687,139,259866,259727,0,0,0
460065,148,64,200469,458774,460065,202538,1291,259596,258305,0,0,0
460702,149,64,201865,460065,460702,203680,637,258837,258200,0,0,0
461835,151,64,204444,460702,461835,206542,1133,257391,256258,0,0,0
462429,153,64,204709,461835,462429,207989,594,257720,257126,0,0,0
466704,98,64,149598,462429,466704,210135,4275,317106,312831,0,0,0
565472,327,64,480356,560256,565472,533948,5216,85116,79900,0,0,0
566416,355,32,534631,565472,566416,536969,944,31785,30841,0,0,0
477510,186,64,259780,452191,477510,300786,25319,217730,192411,0,0,0
468546,130,64,186321,466704,468546,212470,1842,282225,280383,0,0,0
567135,356,32,536688,566416,567135,537697,719,30447,29728,0,0,0
567375,360,32,539845,567135,567332,540232,197,27487,27290,0,0,0
471734,150,32,204413,468546,471734,213005,3188,267321,264133,0,0,0
569027,357,32,538443,567375,568796,541845,1421,30353,28932,0,0,0
481799,208,64,295986,477510,481799,301910,4289,185813,181524,0,0,0
482624,212,64,301377,481799,482469,302728,670,181092,180422,0,0,0
483709,211,64,298650,482624,483709,304161,1085,185059,183974,0,0,0
484061,213,64,305414,483709,484061,307029,352,178647,178295,0,0,0
485352,216,32,310999,484061,485352,319907,1291,174353,173062,0,0,0
487058,215,32,309256,485352,487058,320188,1706,177802,176096,0,0,0
487719,222,32,321096,487058,487719,324387,661,166623,165962,0,0,0
489321,219,32,318746,487719,489321,326087,1602,170575,168973,0,0,0
489688,224,32,325084,489321,489688,326567,367,164604,164237,0,0,0
490331,223,32,324725,489688,490331,326967,643,165606,164963,0,0,0
495403,192,32,272520,484061,495403,315861,11342,222883,211541,0,0,0
585877,214,64,306046,460836,585877,526737,125041,279831,154790,0,0,0
586847,358,32,538737,585877,586847,542667,970,48110,47140,0,0,0
587130,361,32,541727,586847,587130,542949,283,45403,45120,0,0,0
587610,362,32,543380,587130,587494,544964,364,44114,43750,0,0,0
483274,129,64,184851,468546,483274,214277,14728,298423,283695,0,0,0
484339,155,64,206874,483274,484339,214336,1065,277465,276400,0,0,0
592316,271,64,393650,569027,592316,541912,23289,198666,175377,0,0,0
592720,363,32,543817,592316,592720,548129,404,48903,48499,0,0,0
593693,359,32,539587,592720,593693,550897,973,54106,53133,0,0,0
595320,353,32,528310,593693,595320,551855,1627,67010,65383,0,0,0
486287,158,64,211584,484339,486287,215884,1948,274703,272755,0,0,0
596231,367,32,552550,595320,596231,553552,911,43681,42770,0,0,0
597093,365,32,548877,596231,597093,554341,862,48216,47354,0,0,0
597770,286,64,419470,451730,597770,492103,146040,178300,32260,0,0,0
488446,147,64,200117,486287,488446,216556,2159,288329,286170,0,0,0
598326,366,64,551355,597093,598326,554414,1233,46971,45738,0,0,0
599402,364,64,543916,597770,599402,557448,1632,55486,53854,0,0,0
599651,370,32,557484,599402,599651,559852,249,42167,41918,0,0,0
536552,35,64,40684,306636,536552,282344,229916,495868,265952,0,0,0
613529,349,64,521748,598326,613529,558951,15203,91781,76578,0,0,0
536792,228,64,332042,536552,536726,332927,174,204684,204510,0,0,0
614446,368,32,553719,613529,614282,561851,753,60563,59810,0,0,0
615936,372,32,558860,614446,615936,565143,1490,57076,55586,0,0,0
492891,154,64,206612,488446,492744,217542,4298,286132,281834,0,0,0
616836,382,32,564608,615936,616836,566333,900,52228,51328,0,0,0
539550,218,64,318344,536792,539550,334129,2758,221206,218448,0,0,0
496503,156,64,208703,492891,496503,217673,3612,287800,284188,0,0,0
619432,139,32,192559,565472,619432,534423,53960,426873,372913,0,0,0
540030,229,64,332666,539550,539910,334270,360,207244,206884,0,0,0
620110,369,32,556578,616836,620110,567713,3274,63532,60258,0,0,0
540306,231,64,336214,540030,540306,338042,276,204092,203816,0,0,0
620350,383,64,567257,619432,620216,568084,784,52959,52175,0,0,0
497955,159,64,211958,496503,497955,221511,1452,285997,284545,0,0,0
540546,232,64,337603,540306,540542,338647,236,202939,202703,0,0,0
498204,165,64,223716,497955,498204,224482,249,274488,274239,0,0,0
498514,162,64,221016,498204,498514,227150,310,277498,277188,0,0,0
620949,378,64,563077,620350,620949,568438,599,57872,57273,0,0,0
500256,164,64,222963,498514,500256,228417,1742,277293,275551,0,0,0
622814,381,64,564158,620949,622814,569306,1865,58656,56791,0,0,0
546314,226,64,328594,540546,546314,338783,5768,217720,211952,0,0,0
623356,386,64,570208,622814,623356,572127,542,53148,52606,0,0,0
500558,169,32,227170,500256,500558,228426,302,273388,273086,0,0,0
500798,170,64,227702,500256,500761,229541,505,273059,272554,0,0,0
501989,166,64,225003,500798,501989,231506,1191,276986,275795,0,0,0
504248,160,64,217527,501989,504248,231522,2259,286721,284462,0,0,0
504565,168,64,227079,504248,504565,232164,317,277486,277169,0,0,0
504805,172,64,235986,504565,504763,236786,198,268777,268579,0,0,0
640839,265,64,389751,623356,640839,572417,17483,251088,233605,0,0,0
644500,374,64,559344,640839,644500,572540,3661,85156,81495,0,0,0
646019,384,64,568018,644500,646019,572575,1519,78001,76482,0,0,0
566085,221,64,320817,546314,566085,339641,19771,245268,225497,0,0,0
510607,167,64,225584,504805,510607,236825,5802,285023,279221,0,0,0
646306,391,64,574359,646019,646306,575245,287,71947,71660,0,0,0
513313,161,64,219925,510607,513313,238402,2706,293388,290682,0,0,0
653374,377,64,562981,646306,653374,576797,7068,90393,83325,0,0,0
654204,392,64,575224,653374,654204,576904,830,78980,78150,0,0,0
572202,227,64,331354,566085,572202,345044,6117,240848,234731,0,0,0
654842,393,64,576964,654204,654842,578258,638,77878,77240,0,0,0
573804,235,64,345724,572202,573804,347175,1602,228080,226478,0,0,0
655117,394,64,578936,654842,655117,580026,275,76181,75906,0,0,0
574044,237,64,347091,573804,573882,348142,78,226791,226713,0,0,0
655588,395,64,579345,655117,655588,580157,471,76243,75772,0,0,0
574284,239,64,347265,574044,574236,348619,192,226971,226779,0,0,0
575464,234,64,345506,574284,575227,349524,943,229721,228778,0,0,0
576411,238,64,347151,575464,576411,349579,947,229260,228313,0,0,0
662537,373,64,559307,655588,662537,580465,6949,103230,96281,0,0,0
576860,240,64,350281,576411,576860,351079,449,226579,226130,0,0,0
663182,396,64,580370,662537,663182,583892,645,82812,82167,0,0,0
577703,241,64,352609,576860,577703,353912,843,225094,224251,0,0,0
528888,152,64,204471,513313,528888,240026,15575,324417,308842,0,0,0
664227,388,64,570619,663182,664227,584147,1045,93608,92563,0,0,0
578025,243,64,355879,577703,578025,357192,322,222146,221824,0,0,0
664767,399,64,582527,664227,664600,584572,373,82073,81700,0,0,0
579792,242,64,355254,578025,579792,359928,1767,224538,222771,0,0,0
665642,398,32,581730,664767,665642,585508,875,83912,83037,0,0,0
580032,245,64,359596,579792,579957,360626,165,220361,220196,0,0,0
581587,248,32,361957,580032,581515,365203,1483,219558,218075,0,0,0
669100,376,32,561712,664767,669100,584689,4333,107388,103055,0,0,0
540630,101,64,151754,528888,540630,243667,11742,388876,377134,0,0,0
541458,174,64,239468,540630,541458,245930,828,301990,301162,0,0,0
542529,175,64,240026,541458,542529,246253,1071,302503,301432,0,0,0
685513,387,64,570607,665642,685513,588616,19871,114906,95035,0,0,0
686003,93,64,138158,149533,686003,489338,536470,547845,11375,0,0,0
543620,176,64,244228,542529,543513,246474,984,299285,298301,0,0,0
686353,405,64,593184,686003,686353,594665,350,93169,92819,0,0,0
686957,401,64,587322,685513,686957,589516,1444,99635,98191,0,0,0
543860,177,64,246271,543620,543733,247135,113,297462,297349,0,0,0
544100,180,64,247527,543860,544098,248753,238,296571,296333,0,0,0
690123,403,64,591551,686353,690017,594711,3664,98466,94802,0,0,0
553592,142,64,194291,544100,553592,249467,9492,359301,349809,0,0,0
693826,397,64,581347,690123,693826,596008,3703,112479,108776,0,0,0
560645,173,64,236535,553592,560645,250907,7053,324110,317057,0,0,0
702499,163,64,221394,599651,702323,561826,102672,480929,378257,0,0,0
563540,171,64,232861,560645,563540,253177,2895,330679,327784,0,0,0
702979,404,64,593110,702499,702957,596252,458,109847,109389,0,0,0
702979,380,64,563958,693826,702959,596143,9133,139001,129868,0,0,0
564020,183,32,253317,563540,564009,255401,469,310692,310223,0,0,0
703873,408,64,597519,702979,703873,598352,894,106354,105460,0,0,0
564260,178,64,247078,563540,564156,255955,616,317078,316462,0,0,0
704148,410,32,599959,703873,704148,600991,275,104189,103914,0,0,0
565177,179,64,247515,564260,565177,258114,917,317662,316745,0,0,0
565720,184,64,258230,565177,565720,259271,543,307490,306947,0,0,0
566300,181,64,250692,565720,566300,260206,580,315608,315028,0,0,0
706322,402,64,591068,702979,706083,599860,3104,115015,111911,0,0,0
567538,187,64,262814,566300,567538,264608,1238,304724,303486,0,0,0
707015,409,64,597780,704148,707015,601946,2867,109235,106368,0,0,0
649524,124,32,182085,581587,649524,365328,67937,467439,399502,0,0,0
707255,413,32,605507,707015,707147,606452,132,101640,101508,0,0,0
652453,236,32,346926,649524,652453,366665,2929,305527,302598,0,0,0
707717,406,64,593295,706322,707717,602080,1395,114422,113027,0,0,0
570847,185,64,259497,567538,570767,265579,3229,311270,308041,0,0,0
655454,247,32,361577,652453,655454,367714,3001,293877,290876,0,0,0
708796,390,32,572789,702979,708796,597191,5817,136007,130190,0,0,0
709082,414,64,608342,707717,709082,613926,1365,100740,99375,0,0,0
710197,416,64,610852,709082,710197,616105,1115,99345,98230,0,0,0
661778,246,32,360308,655454,661778,367880,6324,301470,295146,0,0,0
710830,419,32,617116,710197,710811,620755,614,93695,93081,0,0,0
662187,250,32,362550,661778,662187,369341,409,299637,299228,0,0,0
712074,418,32,614206,710830,712074,621687,1244,97868,96624,0,0,0
712802,417,32,612852,710197,712802,616872,2605,99950,97345,0,0,0
663150,252,32,367118,662187,663100,370595,913,295982,295069,0,0,0
713417,420,64,620520,712074,713417,624645,1343,92897,91554,0,0,0
714215,411,64,603177,707255,714215,607339,6960,111038,104078,0,0,0
714750,422,32,626621,714215,714750,627943,535,88129,87594,0,0,0
716311,424,64,627345,714215,716311,633826,2096,88966,86870,0,0,0
717210,426,64,628977,716311,717210,634948,899,88233,87334,0,0,0
717650,430,32,634795,717210,717650,635956,440,82855,82415,0,0,0
717890,431,64,635437,717210,717826,636649,616,82389,81773,0,0,0
667848,209,32,296607,663150,667848,371326,4698,371241,366543,0,0,0
718763,433,64,636793,717890,718693,639818,803,81900,81097,0,0,0
668248,256,32,374730,667848,668248,375686,400,293518,293118,0,0,0
719403,144,64,195423,686957,719403,595781,32446,523980,491534,0,0,0
668506,255,32,372410,668248,668506,375691,258,296096,295838,0,0,0
720264,429,64,632901,719403,720264,641090,861,87363,86502,0,0,0
674663,251,32,365871,668506,674663,377717,6157,308792,302635,0,0,0
674903,261,32,379379,674663,674743,379996,80,295364,295284,0,0,0
726060,421,64,625351,718763,725826,640655,7063,100475,93412,0,0,0
675422,260,32,379196,674903,675422,380073,519,296226,295707,0,0,0
727328,306,64,456951,713417,727200,626664,13783,270249,256466,0,0,0
729120,432,32,636522,727328,729120,644351,1792,92598,90806,0,0,0
730821,427,32,631104,727328,730821,643545,3493,99717,96224,0,0,0
678694,0,32,0,0,678694,363898,678694,678694,0,0,0,0
731301,423,64,626912,726060,731107,642718,5047,104195,99148,0,0,0
731541,437,64,647256,729120,731381,652410,2261,84125,81864,0,0,0
601861,182,64,250750,570847,601861,273575,31014,351111,320097,0,0,0
731781,439,64,649208,731301,731684,653537,383,82476,82093,0,0,0
731781,440,64,652868,731541,731722,653607,181,78854,78673,0,0,0
732021,441,32,657676,731781,731968,658916,187,74292,74105,0,0,0
687790,233,64,342232,675422,687790,381865,12368,345558,333190,0,0,0
608615,189,64,270102,601861,608615,274146,6754,338513,331759,0,0,0
611138,190,64,271169,608615,611138,274810,2523,339969,337446,0,0,0
612021,194,64,274548,611138,612021,276512,883,337473,336590,0,0,0
612628,196,64,275722,612021,612628,278514,607,336906,336299,0,0,0
756675,389,64,571747,731781,756675,656272,24894,184928,160034,0,0,0
616799,193,64,272866,612628,616799,279220,4171,343933,339762,0,0,0
758561,425,64,627713,756675,758484,660227,1809,130771,128962,0,0,0
617356,199,32,278059,616799,617203,279633,404,339144,338740,0,0,0
617597,200,32,279098,617356,617597,280778,241,338499,338258,0,0,0
619335,188,32,268276,616799,619335,279314,2536,351059,348523,0,0,0
763921,438,64,648741,758561,763695,662233,5134,114954,109820,0,0,0
767035,434,64,638756,763921,767035,663252,3114,128279,125165,0,0,0
767552,445,64,664527,767035,767552,665072,517,103025,102508,0,0,0
768183,446,64,666335,767552,768183,668371,631,101848,101217,0,0,0
768724,448,32,671090,768183,768724,671841,541,97634,97093,0,0,0
769762,443,32,660143,768183,769762,669899,1579,109619,108040,0,0,0
775535,444,64,662910,768724,775535,673908,6811,112625,105814,0,0,0
775807,450,64,677134,775535,775807,677897,272,98673,98401,0,0,0
777959,449,64,676411,775807,777959,678556,2152,101548,99396,0,0,0
785779,343,64,509155,731781,785779,659933,53998,276624,222626,0,0,0
707314,104,64,156415,490331,707314,331099,216983,550899,333916,0,0,0
786019,454,64,681280,785779,785862,682406,83,104582,104499,0,0,0
786259,455,32,681483,786019,786242,682538,223,104759,104536,0,0,0
786660,451,64,679569,786019,786660,682582,641,107091,106450,0,0,0
786930,458,64,690074,786660,786930,691598,270,96856,96586,0,0,0
788535,459,64,691451,786930,788535,694382,1605,97084,95479,0,0,0
788775,463,64,693379,788535,788663,695007,128,95284,95156,0,0,0
718868,123,64,181955,687790,718868,382728,31078,536913,505835,0,0,0
793410,456,64,685076,788775,793410,695175,4635,108334,103699,0,0,0
719108,263,64,382685,718868,718966,383759,98,336281,336183,0,0,0
719348,264,32,383096,719108,719281,383976,173,336185,336012,0,0,0
719945,262,64,382624,719108,719839,384115,731,337215,336484,0,0,0
720185,268,32,391029,719945,720053,391823,108,329024,328916,0,0,0
720425,269,32,391444,720185,720319,392306,134,328875,328741,0,0,0
721669,267,32,390755,720425,721669,393651,1244,330914,329670,0,0,0
810943,254,64,371923,720264,810943,642076,90679,439020,348341,0,0,0
811183,466,64,695778,810943,811010,696517,67,115232,115165,0,0,0
723862,253,32,371005,719945,723711,386792,3766,352706,348940,0,0,0
811936,464,64,695456,811183,811936,696836,753,116480,115727,0,0,0
724209,258,64,377387,721669,724209,394334,2540,346822,344282,0,0,0
812657,457,64,689883,811936,812657,696845,721,122774,122053,0,0,0
812897,468,64,696676,812657,812785,698320,128,116109,115981,0,0,0
813137,467,64,696644,812897,813093,699799,196,116449,116253,0,0,0
816365,462,64,692951,813137,816365,701142,3228,123414,120186,0,0,0
819279,460,64,692238,816365,819279,703513,2914,127041,124127,0,0,0
819519,473,64,703109,819279,819348,703538,69,116239,116170,0,0,0
819759,472,64,702606,819519,819598,704015,79,116992,116913,0,0,0
820130,475,64,704760,819759,820130,705961,371,115370,114999,0,0,0
740645,128,64,184677,724209,740645,395273,16436,555968,539532,0,0,0
839247,375,64,560904,820130,839247,706412,19117,278343,259226,0,0,0
839788,469,32,698158,839247,839788,707688,541,141630,141089,0,0,0
742266,259,64,379052,740645,742266,398851,1621,363214,361593,0,0,0
841449,471,32,702259,839788,841449,710644,1661,139190,137529,0,0,0
841689,479,32,710590,841449,841544,711569,95,130954,130859,0,0,0
842135,478,32,708241,841689,842135,713234,446,133894,133448,0,0,0
843517,477,32,706515,842135,843517,715924,1382,137002,135620,0,0,0
749332,257,64,377368,742266,749332,399746,7066,371964,364898,0,0,0
845438,474,32,704282,843517,845438,716128,1921,141156,139235,0,0,0
749812,273,64,397988,749332,749654,400745,322,351666,351344,0,0,0
750105,274,64,403261,749812,750105,404217,293,346844,346551,0,0,0
754958,272,64,397275,750105,754777,404904,4672,357502,352830,0,0,0
878041,133,64,187323,777959,878041,681920,100082,690718,590636,0,0,0
776886,244,64,357312,754958,776886,405196,21928,419574,397646,0,0,0
777737,266,64,390570,776886,777737,406200,851,387167,386316,0,0,0
777996,275,64,406860,777737,777996,407931,259,371136,370877,0,0,0
778236,65,64,90304,707314,778082,383283,70768,687778,617010,0,0,0
778476,276,64,407382,777996,778474,408172,478,371092,370614,0,0,0
904335,297,64,445072,793410,904335,695502,110925,459263,348338,0,0,0
780154,277,64,407821,778236,780140,410687,1904,372319,370415,0,0,0
780624,282,64,410611,780154,780624,411477,470,370013,369543,0,0,0
907584,476,32,706082,904335,907584,720768,3249,201502,198253,0,0,0
781347,279,32,408951,780624,781347,413663,723,372396,371673,0,0,0
907937,483,32,720718,907584,907937,721454,353,187219,186866,0,0,0
782228,270,64,393488,778476,782228,410767,3752,388740,384988,0,0,0
783258,281,64,410596,782228,783258,417370,1030,372662,371632,0,0,0
783498,283,64,416687,783258,783365,418341,107,366678,366571,0,0,0
940381,371,64,558239,845438,940381,717541,94943,382142,287199,0,0,0
940687,484,32,723622,940381,940687,724418,306,217065,216759,0,0,0
804528,225,64,327219,783498,804528,420374,21030,477309,456279,0,0,0
805499,284,64,417212,804528,805499,420994,971,388287,387316,0,0,0
805739,287,64,420034,805499,805663,422081,164,385629,385465,0,0,0
808413,289,32,423801,805739,808413,429588,2674,384612,381938,0,0,0
810662,285,32,418574,805739,810662,425221,4923,392088,387165,0,0,0
950072,428,64,631184,907937,949964,721653,42027,318780,276753,0,0,0
950312,486,32,727088,950072,950252,728853,180,223164,222984,0,0,0
950818,488,32,728314,950312,950818,729767,506,222504,221998,0,0,0
951058,490,32,730958,950818,951015,732219,197,220057,219860,0,0,0
951638,491,32,731146,951058,951638,732401,580,220492,219912,0,0,0
951878,492,32,733209,951638,951752,733793,114,218543,218429,0,0,0
951878,436,64,644781,878041,951869,719857,73828,307088,233260,0,0,0
952862,493,32,734391,951878,952862,737274,984,218471,217487,0,0,0
953477,461,64,692426,940687,953477,727889,12790,261051,248261,0,0,0
954849,489,64,728486,951878,954849,735300,2971,226363,223392,0,0,0
956706,482,64,719705,952862,956706,737661,3844,237001,233157,0,0,0
964496,480,32,713070,956706,964275,745793,7569,251205,243636,0,0,0
966837,487,32,727813,964496,966837,746410,2341,239024,236683,0,0,0
967077,497,32,747232,966837,967000,748131,163,219768,219605,0,0,0
844868,157,64,210404,780624,844868,415920,64244,634464,570220,0,0,0
987034,442,32,657900,967077,987034,748568,19957,329134,309177,0,0,0
848670,290,64,429052,844868,848670,434897,3802,419618,415816,0,0,0
848914,292,64,434479,848670,848914,435118,244,414435,414191,0,0,0
850231,291,64,434301,848914,850231,438265,1317,415930,414613,0,0,0
1003559,302,64,449293,954849,1003559,744332,48710,554266,505556,0,0,0
847524,35,64,40684,617597,847524,282344,229927,806840,576913,0,0,0
854059,293,64,434842,850231,853864,441082,3633,419022,415389,0,0,0
851816,197,64,275888,847524,851816,283611,4292,575928,571636,0,0,0
852730,198,64,277532,851816,852730,285344,914,575198,574284,0,0,0
1015622,400,32,583760,987034,1015622,749052,28588,431862,403274,0,0,0
852970,205,32,286580,852730,852962,287834,232,566382,566150,0,0,0
1017641,494,32,739418,1015622,1017641,752632,2019,278223,276204,0,0,0
864046,288,64,420132,854059,864046,442224,9987,443914,433927,0,0,0
1017881,501,32,751156,1017641,1017803,753402,162,266647,266485,0,0,0
1018121,504,32,752947,1017881,1017996,753876,115,265049,264934,0,0,0
853450,204,32,286244,852730,853263,286967,533,567019,566486,0,0,0
853450,203,32,286217,852970,853430,288311,460,567213,566753,0,0,0
865418,294,64,436285,864046,865398,443047,1352,429113,427761,0,0,0
866114,295,64,442149,865418,866114,446451,696,423965,423269,0,0,0
1022536,435,64,638818,953477,1022536,737865,69059,383718,314659,0,0,0
866415,298,64,446698,866114,866415,447706,301,419717,419416,0,0,0
1022776,495,64,741565,1018121,1022563,754233,4442,280998,276556,0,0,0
866655,299,64,447148,866415,866504,448087,89,419356,419267,0,0,0
1024022,503,64,752946,1022536,1024022,754993,1486,271076,269590,0,0,0
859657,201,64,279689,853450,859657,288744,6207,579968,573761,0,0,0
1024992,498,32,748273,1024022,1024992,757882,970,276719,275749,0,0,0
861393,202,64,282768,859657,861393,288776,1736,578625,576889,0,0,0
1026524,507,32,755264,1024992,1026524,760625,1532,271260,269728,0,0,0
1026764,509,32,758321,1026524,1026658,760756,134,268337,268203,0,0,0
872291,296,64,443324,866655,872291,450587,5636,428967,423331,0,0,0
862895,206,64,287176,861393,862684,289061,1291,575508,574217,0,0,0
1028061,505,32,753823,1026764,1028061,763714,1297,274238,272941,0,0,0
872633,303,64,449420,872291,872633,450987,342,423213,422871,0,0,0
873018,300,64,448318,872633,873018,451125,385,424700,424315,0,0,0
1032047,496,64,747012,1022776,1032047,756678,9271,285035,275764,0,0,0
873428,305,64,456060,873018,873428,457709,410,417368,416958,0,0,0
1032353,514,32,763681,1032047,1032353,764557,306,268672,268366,0,0,0
1032593,516,32,764175,1032353,1032501,764745,148,268326,268178,0,0,0
1033209,499,64,749548,1028061,1033209,764503,5148,283661,278513,0,0,0
1033751,510,32,760046,1032593,1033681,765372,1088,273635,272547,0,0,0
1033991,513,64,763339,1033209,1033918,769217,709,270579,269870,0,0,0
1034909,518,64,768743,1033751,1034909,769541,1158,266166,265008,0,0,0
1035389,519,32,771396,1034909,1035198,772431,289,263802,263513,0,0,0
1036206,520,32,772469,1035389,1036206,774960,817,263737,262920,0,0,0
1036552,515,64,763687,1033991,1036552,770096,2561,272865,270304,0,0,0
874380,195,64,275399,862895,874380,290224,11485,598981,587496,0,0,0
1037197,521,32,778986,1036552,1037197,782085,645,258211,257566,0,0,0
1037677,524,32,783402,1037197,1037577,785085,380,254175,253795,0,0,0
888056,280,64,410535,873428,888056,459187,14628,477521,462893,0,0,0
1041293,511,32,761063,1037677,1041293,791435,3616,280230,276614,0,0,0
1041575,528,32,792860,1041293,1041575,794038,282,248715,248433,0,0,0
888714,304,64,449915,888056,888714,460876,658,438799,438141,0,0,0
889668,307,64,458534,888714,889668,462227,954,431134,430180,0,0,0
1042433,527,32,792580,1041575,1042433,794580,858,249853,248995,0,0,0
890318,308,64,460081,889668,890318,464065,650,430237,429587,0,0,0
890558,309,64,464320,890318,890558,465080,240,426238,425998,0,0,0
893345,301,64,448869,890558,893345,466132,2787,444476,441689,0,0,0
1050655,415,64,609039,1036206,1050655,775161,14449,441616,427167,0,0,0
1052087,529,64,794312,1050655,1052087,798338,1432,257775,256343,0,0,0
1053111,532,64,796121,1052087,1053111,799137,1024,256990,255966,0,0,0
907249,249,64,362085,893345,907249,466677,13904,545164,531260,0,0,0
907831,310,64,465063,907249,907831,467365,582,442768,442186,0,0,0
908839,312,64,466207,907831,908839,470757,1008,442632,441624,0,0,0
1057122,207,64,293696,587610,1057122,545711,469512,763426,293914,0,0,0
909514,313,64,466778,908839,909514,470812,675,442736,442061,0,0,0
1057362,534,64,797692,1057122,1057325,799799,203,259633,259430,0,0,0
1057602,535,64,798472,1057362,1057599,799920,237,259127,258890,0,0,0
910048,318,64,475285,909514,910048,476400,534,434763,434229,0,0,0
1059793,526,64,792034,1057602,1059699,801176,2097,267665,265568,0,0,0
1060666,537,64,802752,1059793,1060666,803425,873,257914,257041,0,0,0
1061084,536,64,801434,1060666,1061084,804205,418,259650,259232,0,0,0
911341,317,64,474106,910048,911341,476821,1293,437235,435942,0,0,0
1062292,533,64,796860,1061084,1062292,806081,1208,265432,264224,0,0,0
1062692,538,64,804737,1062292,1062692,807868,400,257955,257555,0,0,0
914230,316,64,473496,911341,914230,477193,2889,440734,437845,0,0,0
1064197,540,64,810232,1062692,1064197,812639,1505,253965,252460,0,0,0
915474,315,64,472955,914230,915474,479295,1244,442519,441275,0,0,0
1064626,541,64,811250,1064197,1064626,812935,429,253376,252947,0,0,0
915954,321,32,478364,915474,915789,480304,315,437425,437110,0,0,0
1067208,539,64,808160,1064626,1067208,816866,2582,259048,256466,0,0,0
916194,326,32,480238,915954,916053,481508,99,435815,435716,0,0,0
916194,319,32,476583,915474,916124,479748,650,439541,438891,0,0,0
1068344,544,64,816408,1067208,1068344,817464,1136,251936,250800,0,0,0
1068584,546,64,818681,1068344,1068407,819062,63,249726,249663,0,0,0
917527,320,64,477942,916194,917343,481609,1149,439401,438252,0,0,0
1069328,545,64,817898,1068584,1069328,819071,744,251430,250686,0,0,0
918526,324,64,478926,917527,918526,483054,999,439600,438601,0,0,0
918829,329,64,482384,918526,918829,484129,303,436445,436142,0,0,0
1078338,407,32,594371,1042433,1078338,795825,35905,483967,448062,0,0,0
920412,322,64,478395,918829,920412,484677,1583,442017,440434,0,0,0
920962,330,64,484741,920412,920962,485584,550,436221,435671,0,0,0
1081314,542,32,813304,1078338,1081314,825186,2976,268010,265034,0,0,0
921354,331,32,485761,920962,921354,487029,392,435593,435201,0,0,0
1082609,547,32,820170,1081314,1082609,828856,1295,262439,261144,0,0,0
1083128,550,32,828114,1082609,1082995,829108,386,254881,254495,0,0,0
1083990,551,32,830923,1083128,1083990,832134,862,253067,252205,0,0,0
1086474,447,64,667218,1053111,1086474,799223,33363,419256,385893,0,0,0
1089748,530,32,795447,1086474,1089748,833613,3274,294301,291027,0,0,0
1090946,549,32,825826,1089748,1090946,834424,1198,265120,263922,0,0,0
1091433,552,32,833111,1090946,1091433,834477,487,258322,257835,0,0,0
1093701,553,32,835645,1091433,1093701,839263,2268,258056,255788,0,0,0
1095465,555,32,837685,1093701,1095465,842207,1764,257780,256016,0,0,0
935725,311,32,465612,920962,935725,486790,14763,470113,455350,0,0,0
936870,217,64,311993,808413,936870,433213,128457,624877,496420,0,0,0
937229,334,64,490034,936870,937229,491204,359,447195,446836,0,0,0
1102758,548,32,821676,1095465,1102758,844260,7293,281082,273789,0,0,0
938200,332,64,488739,937229,938172,491569,943,449433,448490,0,0,0
1103840,560,32,844525,1102758,1103840,846282,1082,259315,258233,0,0,0
1104740,559,32,844278,1103840,1104646,847266,806,260368,259562,0,0,0
1104980,561,32,847210,1104740,1104804,848090,64,257594,257530,0,0,0
1105220,563,32,849148,1104980,1105116,850150,136,255968,255832,0,0,0
1106132,566,32,852337,1105220,1105926,853406,706,253589,252883,0,0,0
1110575,565,32,850289,1106132,1110575,854117,4443,260286,255843,0,0,0
1110815,571,32,856514,1110575,1110806,857259,231,254292,254061,0,0,0
1111344,230,32,333183,839247,1111311,707130,272064,778128,506064,0,0,0
972112,64,64,89599,874380,972043,292423,97663,882444,784781,0,0,0
1182203,278,64,408793,1069328,1182203,820032,112875,773410,660535,0,0,0
1182443,574,64,863426,1182203,1182350,864126,147,318924,318777,0,0,0
1184023,379,64,563735,1110815,1184023,858660,73208,620288,547080,0,0,0
1184287,575,64,865178,1184023,1184287,865857,264,319109,318845,0,0,0
1184638,79,64,108848,1083990,1184638,832973,100648,1075790,975142,0,0,0
1188348,557,64,839993,1182443,1188348,864945,5905,348355,342450,0,0,0
980183,191,64,271881,972112,980183,293699,8071,708302,700231,0,0,0
1188588,522,64,779914,1184638,1188465,868257,3827,408551,404724,0,0,0
980469,210,32,296966,980183,980469,297863,286,683503,683217,0,0,0
1188828,577,64,866922,1188348,1188644,869025,296,321722,321426,0,0,0
1190416,573,64,862655,1188828,1190416,870723,1588,327761,326173,0,0,0
1190656,583,64,874891,1190416,1190630,875354,214,315739,315525,0,0,0
1191250,582,64,873780,1190656,1191250,875572,594,317470,316876,0,0,0
1193530,576,64,866571,1191250,1193530,877769,2280,326959,324679,0,0,0
1193804,584,64,875580,1193530,1193804,878937,274,318224,317950,0,0,0
1194113,586,64,878656,1193804,1194113,879404,309,315457,315148,0,0,0
1194353,587,64,878933,1194113,1194275,881211,162,315342,315180,0,0,0
1194593,589,64,882396,1194353,1194547,883522,194,312151,311957,0,0,0
1195728,485,64,725820,1184287,1195728,868191,11441,469908,458467,0,0,0
1197115,570,64,855453,1188588,1197115,869221,8527,341662,333135,0,0,0
1005623,186,64,259780,980183,1005502,300786,25319,745722,720403,0,0,0
1202037,579,64,870529,1197115,1202009,886318,4894,331480,326586,0,0,0
1202481,590,64,884927,1202037,1202481,887356,444,317554,317110,0,0,0
1009912,208,64,295986,1005623,1009912,301910,4289,713926,709637,0,0,0
1203280,593,64,887206,1202481,1203280,888173,799,316074,315275,0,0,0
1010582,212,64,301377,1009912,1010582,302728,670,709205,708535,0,0,0
1208294,572,64,860896,1194593,1208170,883722,13577,347274,333697,0,0,0
1011677,211,64,298650,1010582,1011667,304161,1085,713017,711932,0,0,0
1208568,594,32,888441,1208294,1208568,889338,274,320127,319853,0,0,0
1210420,465,64,695462,1195728,1210420,885324,14692,514958,500266,0,0,0
1012157,213,64,305414,1011677,1012029,307029,352,706615,706263,0,0,0
1211038,595,64,888725,1210420,1211038,895834,618,322313,321695,0,0,0
1212560,597,64,894087,1211038,1212560,897535,1522,318473,316951,0,0,0
1213359,592,64,886810,1212560,1213359,898167,799,326549,325750,0,0,0
1013575,216,32,310999,1012157,1013448,319907,1291,702449,701158,0,0,0
1218248,585,64,876655,1203280,1218096,888509,14816,341441,326625,0,0,0
1219394,596,64,891064,1218248,1219394,900655,1146,328330,327184,0,0,0
1015520,215,32,309256,1013575,1015281,320188,1706,706025,704319,0,0,0
1016181,222,32,321096,1015520,1016181,324387,661,695085,694424,0,0,0
1017783,219,32,318746,1016181,1017783,326087,1602,699037,697435,0,0,0
1018269,224,32,325084,1017783,1018150,326567,367,693066,692699,0,0,0
1018912,223,32,324725,1018269,1018912,326967,643,694187,693544,0,0,0
1243125,325,64,480128,1003559,1242998,749374,239439,762870,523431,0,0,0
1243910,601,64,901881,1243125,1243910,903261,785,342029,341244,0,0,0
1245813,598,64,894687,1243910,1245813,906910,1903,351126,349223,0,0,0
1023499,192,32,272520,1012157,1023499,315861,11342,750979,739637,0,0,0
1246991,603,64,904713,1245813,1246990,907417,1177,342277,341100,0,0,0
1247231,606,64,910190,1246991,1247119,910499,128,336929,336801,0,0,0
1248272,599,64,895064,1247231,1248272,910986,1041,353208,352167,0,0,0
1258194,558,64,843099,1248272,1258194,913102,9922,415095,405173,0,0,0
1260196,508,64,756028,1219394,1260196,902817,40802,504168,463366,0,0,0
1260436,605,64,909619,1258194,1260214,915913,2020,350595,348575,0,0,0
1260676,610,64,915812,1260196,1260497,917658,301,344685,344384,0,0,0
1263475,607,64,911037,1260676,1263414,920303,2738,352377,349639,0,0,0
1264418,611,64,917287,1263475,1264418,921277,943,347131,346188,0,0,0
1265307,615,64,927524,1264418,1265307,929163,889,337783,336894,0,0,0
1267559,613,64,922980,1265307,1267559,929995,2252,344579,342327,0,0,0
1268774,614,32,923859,1267559,1268774,930477,1215,344915,343700,0,0,0
1269864,385,64,568787,1213359,1269864,899133,56505,701077,644572,0,0,0
1270122,618,32,931332,1269864,1270122,933289,258,338790,338532,0,0,0
1270749,621,32,932901,1270122,1270749,933542,627,337848,337221,0,0,0
1271167,619,32,932454,1270749,1271167,934515,418,338713,338295,0,0,0
1271984,453,64,680690,1208294,1271932,890650,63638,591242,527604,0,0,0
1272224,617,64,930877,1271167,1272028,936669,861,341151,340290,0,0,0
1272556,624,32,937547,1272224,1272556,938882,332,335009,334677,0,0,0
1078292,286,64,419470,938200,1078292,492103,140092,658822,518730,0,0,0
1078532,336,32,492531,1078292,1078449,493389,157,585918,585761,0,0,0
1280805,554,64,837040,1260436,1280805,917707,20369,443765,423396,0,0,0
1285212,609,32,915497,1280805,1285212,940787,4407,369715,365308,0,0,0
1285452,568,32,853819,1267559,1285278,932423,17719,431459,413740,0,0,0
1285692,626,64,939859,1285212,1285501,940974,289,345642,345353,0,0,0
1286076,620,64,932678,1285692,1286076,941401,384,353398,353014,0,0,0
1286700,627,64,941761,1286076,1286700,942724,624,344939,344315,0,0,0
1286940,630,32,943235,1286700,1286790,944008,90,343555,343465,0,0,0
1287180,629,32,942476,1286700,1286963,943210,263,344487,344224,0,0,0
1288760,628,64,942308,1286940,1288760,944842,1820,346452,344632,0,0,0
1301813,412,64,603738,1268774,1301813,933260,33039,698075,665036,0,0,0
1302053,632,64,944410,1301813,1302002,946521,189,357592,357403,0,0,0
1302355,635,64,946171,1302053,1302355,947063,302,356184,355882,0,0,0
1103049,314,64,469595,1078292,1103049,497404,24757,633454,608697,0,0,0
1104134,338,64,497287,1103049,1104134,499100,1085,606847,605762,0,0,0
1307135,581,64,871116,1288760,1307135,946474,18375,436019,417644,0,0,0
1105413,335,64,492411,1104134,1105413,499160,1279,613002,611723,0,0,0
1307923,625,64,937960,1307135,1307923,951712,788,369963,369175,0,0,0
1107489,328,64,481869,1105413,1107489,499932,2076,625620,623544,0,0,0
1320323,622,64,934788,1307923,1320323,951938,12400,385535,373135,0,0,0
1321398,637,64,949832,1320323,1321398,952357,1075,371566,370491,0,0,0
1321638,640,64,954242,1321398,1321495,954951,97,367253,367156,0,0,0
1323161,636,64,949466,1321638,1323161,956204,1523,373695,372172,0,0,0
1120671,333,64,488990,1107489,1120671,503154,13182,631681,618499,0,0,0
1125884,337,64,497002,1120671,1125884,505433,5213,628882,623669,0,0,0
1126397,340,32,505822,1125884,1126237,507454,353,620415,620062,0,0,0
1132649,342,64,508985,1125884,1132602,512706,6718,623617,616899,0,0,0
1355680,591,64,885399,1323161,1355680,958965,32519,470281,437762,0,0,0
1133069,344,64,510238,1132649,1133069,513421,420,622831,622411,0,0,0
1133544,345,64,514015,1133069,1133544,515280,475,619529,619054,0,0,0
1357303,633,64,944720,1355680,1357303,961925,1623,412583,410960,0,0,0
1358203,642,64,960658,1357303,1358203,964403,900,397545,396645,0,0,0
1358542,643,64,961287,1358203,1358542,965708,339,397255,396916,0,0,0
1359088,644,64,964016,1358542,1359088,965852,546,395072,394526,0,0,0
1137444,346,64,514536,1133544,1137444,517792,3900,622908,619008,0,0,0
1359597,645,64,964204,1359088,1359597,965868,509,395393,394884,0,0,0
1360759,641,64,959233,1359597,1360759,967157,1162,401526,400364,0,0,0
1137709,348,64,518128,1137444,1137709,521080,265,619581,619316,0,0,0
1361151,647,64,966124,1360759,1361151,967228,392,395027,394635,0,0,0
1137949,351,64,522366,1137709,1137842,523044,133,615476,615343,0,0,0
1139624,347,64,517899,1137949,1139624,523440,1675,621725,620050,0,0,0
1362664,648,64,966889,1361151,1362518,968470,1367,395629,394262,0,0,0
1140011,350,64,521796,1139624,1140011,523862,387,618215,617828,0,0,0
1363135,652,64,969298,1362664,1363135,969756,471,393837,393366,0,0,0
1150719,323,64,478814,1140011,1150719,526295,10708,671905,661197,0,0,0
1384292,506,64,754718,1271984,1384292,937725,112308,629574,517266,0,0,0
1384532,650,64,968626,1384292,1384473,970796,181,415847,415666,0,0,0
1155341,93,64,138158,921354,1155209,489338,233855,1017051,783196,0,0,0
1155581,354,64,531876,1155341,1155491,532242,150,623615,623465,0,0,0
1434782,517,64,765542,1272556,1434782,939743,162226,669240,507014,0,0,0
1167662,352,64,525867,1155581,1167662,533282,12081,641795,629714,0,0,0
1435541,649,32,967914,1434782,1435541,974575,759,467627,466868,0,0,0
1436289,656,32,974462,1435541,1436289,975760,748,461827,461079,0,0,0
1438655,646,32,965974,1434782,1438655,973173,3873,472681,468808,0,0,0
1172878,327,64,480356,1167662,1172878,533948,5216,692522,687306,0,0,0
1173822,355,32,534631,1172878,1173822,536969,944,639191,638247,0,0,0
1174662,356,32,536688,1173822,1174541,537697,719,637853,637134,0,0,0
1174902,360,32,539845,1174662,1174859,540232,197,635014,634817,0,0,0
1450381,651,64,968903,1436289,1450381,977370,14092,481478,467386,0,0,0
1453372,653,64,971872,1450381,1453372,977537,2991,481500,478509,0,0,0
1453852,657,32,976344,1453372,1453709,980676,337,477365,477028,0,0,0
1176323,357,32,538443,1174902,1176323,541845,1421,637880,636459,0,0,0
1454092,660,32,981899,1453852,1453992,983427,140,472093,471953,0,0,0
1455185,658,32,976945,1454092,1455185,984131,1093,478240,477147,0,0,0
1457966,634,32,944806,1453372,1457966,977572,4594,513160,508566,0,0,0
1199360,271,32,393650,1176323,1199360,541912,23037,805710,782673,0,0,0
1200330,358,32,538737,1199360,1200330,542667,970,661593,660623,0,0,0
1200613,361,32,541727,1200330,1200613,542949,283,658886,658603,0,0,0
1200977,362,32,543380,1200613,1200977,544964,364,657597,657233,0,0,0
1205870,214,64,306046,1150719,1205823,526737,55104,899777,844673,0,0,0
1206274,363,32,543817,1205870,1206274,548129,404,662457,662053,0,0,0
1207247,359,32,539587,1206274,1207247,550897,973,667660,666687,0,0,0
1208874,353,32,528310,1207247,1208874,551855,1627,680564,678937,0,0,0
1209785,367,32,552550,1208874,1209785,553552,911,657235,656324,0,0,0
1210647,365,32,548877,1209785,1210647,554341,862,661770,660908,0,0,0
1211858,366,32,551355,1210647,1211858,554414,1211,660503,659292,0,0,0
1213588,364,32,543916,1211858,1213588,557448,1730,669672,667942,0,0,0
1235952,104,64,156415,1018912,1235952,331099,217040,1079537,862497,0,0,0
1236192,228,64,332042,1235952,1236126,332927,174,904084,903910,0,0,0
1238950,218,64,318344,1236192,1238950,334129,2758,920606,917848,0,0,0
1239310,229,64,332666,1238950,1239310,334270,360,906644,906284,0,0,0
1226838,139,32,192559,1172878,1226838,534423,53960,1034279,980319,0,0,0
1228295,349,64,521748,1213588,1228295,558951,14707,706547,691840,0,0,0
1228535,370,64,557484,1228295,1228518,559852,223,671034,670811,0,0,0
1239790,231,64,336214,1239310,1239586,338042,276,903372,903096,0,0,0
1240030,232,64,337603,1239790,1240026,338647,236,902423,902187,0,0,0
1537265,220,64,320685,1455185,1537265,988970,82080,1216580,1134500,0,0,0
1245798,226,64,328594,1240030,1245798,338783,5768,917204,911436,0,0,0
1539542,655,32,974104,1537265,1539542,989069,2277,565438,563161,0,0,0
1544563,564,64,849218,1537265,1544563,992926,7298,695345,688047,0,0,0
1545929,663,64,992141,1544563,1545929,994952,1366,553788,552422,0,0,0
1547260,664,64,995064,1545929,1547260,997084,1331,552196,550865,0,0,0
1548008,666,64,996367,1547260,1548008,997852,748,551641,550893,0,0,0
1548307,667,64,997669,1548008,1548307,998351,299,550638,550339,0,0,0
1548926,665,64,995642,1548307,1548926,1001572,619,553284,552665,0,0,0
1550225,339,64,499533,1384532,1550225,972501,165693,1050692,884999,0,0,0
1550704,668,64,1001436,1550225,1550704,1002040,479,549268,548789,0,0,0
1551082,669,64,1002202,1550704,1551082,1003255,378,548880,548502,0,0,0
1551322,674,64,1011460,1551082,1551171,1011972,89,539711,539622,0,0,0
1552778,671,64,1007514,1551322,1552778,1011973,1456,545264,543808,0,0,0
1558021,662,32,989746,1552778,1558021,1012298,5243,568275,563032,0,0,0
1562954,580,64,870999,1548926,1562954,1001642,14028,691955,677927,0,0,0
1563194,677,64,1013423,1562954,1563089,1014748,135,549666,549531,0,0,0
1566558,680,64,1015280,1563194,1566558,1018077,3364,551278,547914,0,0,0
1265569,221,64,320817,1245798,1265569,339641,19771,944752,924981,0,0,0
1568461,672,64,1007762,1566558,1568461,1020869,1903,560699,558796,0,0,0
1570999,525,64,785450,1552778,1570999,1013769,18221,785549,767328,0,0,0
1576226,676,64,1013335,1570999,1576226,1022632,5227,562891,557664,0,0,0
1579128,678,64,1014139,1576226,1579128,1022809,2902,564989,562087,0,0,0
1579368,682,64,1021577,1579128,1579278,1023507,150,557701,557551,0,0,0
1579751,523,64,782613,1363135,1579751,970244,216616,797138,580522,0,0,0
1271686,227,64,331354,1265569,1271686,345044,6117,940332,934215,0,0,0
1579991,684,64,1021725,1579368,1579957,1026612,589,558232,557643,0,0,0
1580444,686,64,1024545,1579751,1580444,1028083,693,555899,555206,0,0,0
1582661,687,64,1025025,1580444,1582661,1029036,2217,557636,555419,0,0,0
1583553,692,64,1028967,1582661,1583553,1030624,892,554586,553694,0,0,0
1584741,693,64,1030708,1583553,1584741,1032241,1188,554033,552845,0,0,0
1273352,235,64,345724,1271686,1273288,347175,1602,927564,925962,0,0,0
1586654,670,64,1005383,1568461,1586654,1021933,18193,581271,563078,0,0,0
1273592,237,64,347091,1273352,1273430,348142,78,926339,926261,0,0,0
1587894,691,64,1026919,1586654,1587894,1034828,1240,560975,559735,0,0,0
1590372,690,32,1025397,1587894,1590372,1035877,2478,564975,562497,0,0,0
1273832,239,64,347265,1273592,1273784,348619,192,926519,926327,0,0,0
1591968,685,64,1024480,1587894,1591968,1035964,4074,567488,563414,0,0,0
1274775,234,64,345506,1273832,1274775,349524,943,929269,928326,0,0,0
1275722,238,64,347151,1274775,1275722,349579,947,928571,927624,0,0,0
1593330,697,32,1037379,1591968,1593330,1042408,1362,555951,554589,0,0,0
1594544,688,32,1025212,1591968,1594544,1037039,2576,569332,566756,0,0,0
1602386,694,64,1033511,1593330,1602386,1042489,9056,568875,559819,0,0,0
1604246,502,64,751818,1579991,1604246,1028314,24255,852428,828173,0,0,0
1276361,240,64,350281,1275722,1276171,351079,449,925890,925441,0,0,0
1605258,700,64,1044575,1604246,1605258,1047078,1012,560683,559671,0,0,0
1277204,241,64,352609,1276361,1277204,353912,843,924595,923752,0,0,0
1605498,341,64,508407,1302355,1605404,951262,303049,1096997,793948,0,0,0
1605738,703,64,1050112,1605498,1605618,1051629,120,555506,555386,0,0,0
1277526,243,64,355879,1277204,1277526,357192,322,921647,921325,0,0,0
1607761,701,64,1044668,1605738,1607761,1052338,2023,563093,561070,0,0,0
1279293,242,64,355254,1277526,1279293,359928,1767,924039,922272,0,0,0
1609959,699,64,1044158,1607761,1609959,1052491,2198,565801,563603,0,0,0
1279533,245,64,359596,1279293,1279458,360626,165,919862,919697,0,0,0
1281016,248,32,361957,1279533,1281016,365203,1483,919059,917576,0,0,0
1616524,702,64,1048772,1609959,1616524,1053115,6565,567752,561187,0,0,0
1639388,600,64,900042,1602386,1639388,1043409,37002,739346,702344,0,0,0
1659074,639,64,951711,1605258,1659074,1048303,53816,707363,653547,0,0,0
1659314,707,64,1054492,1659074,1659156,1055411,82,604664,604582,0,0,0
1671240,531,64,796115,1584741,1671240,1034367,86499,875125,788626,0,0,0
1671480,710,64,1056038,1671240,1671367,1056794,127,615329,615202,0,0,0
1672358,706,64,1053384,1671480,1672358,1056846,878,618974,618096,0,0,0
1672673,711,32,1056371,1672358,1672673,1057841,315,616302,615987,0,0,0
1672913,708,64,1054586,1672358,1672681,1059084,323,618095,617772,0,0,0
1676606,705,64,1052151,1672913,1676606,1060046,3693,624455,620762,0,0,0
1676970,714,32,1062009,1676606,1676970,1064143,364,614961,614597,0,0,0
1677270,713,32,1060381,1676606,1677270,1063467,664,616889,616225,0,0,0
1685041,681,64,1018029,1659314,1685041,1056357,25727,667012,641285,0,0,0
1685907,716,32,1065924,1685041,1685907,1069161,866,619983,619117,0,0,0
1691980,683,64,1021631,1677270,1691980,1068098,14710,670349,655639,0,0,0
1696856,709,32,1055239,1691980,1696856,1070512,4876,641617,636741,0,0,0
1704394,608,64,913188,1685907,1704394,1070454,18487,791206,772719,0,0,0
1706389,717,32,1067840,1704394,1706389,1071741,1995,638549,636554,0,0,0
1707429,719,32,1070367,1706389,1707429,1072793,1040,637062,636022,0,0,0
1707669,623,64,935460,1696856,1707459,1071334,10603,771999,761396,0,0,0
1707909,602,64,904666,1639388,1707677,1055166,68289,803011,734722,0,0,0
1708622,718,64,1069932,1707429,1708622,1076449,1193,638690,637497,0,0,0
1709144,721,32,1076233,1708622,1709144,1083255,522,632911,632389,0,0,0
1710461,722,32,1079996,1709144,1710461,1083608,1317,630465,629148,0,0,0
1710701,723,32,1082888,1710461,1710580,1083833,119,627692,627573,0,0,0
1334056,163,64,221394,1228535,1334056,561826,105521,1112662,1007141,0,0,0
1717075,675,32,1011695,1710701,1717075,1086169,6374,705380,699006,0,0,0
1718418,726,32,1085981,1717075,1718418,1088508,1343,632437,631094,0,0,0
1334729,368,64,553719,1334056,1334729,561851,673,781010,780337,0,0,0
1718658,728,32,1089446,1718418,1718479,1090300,61,629033,628972,0,0,0
1719204,725,32,1085837,1718658,1719204,1092829,546,633367,632821,0,0,0
1336270,372,64,558860,1334729,1336270,565143,1541,777410,775869,0,0,0
1723448,729,32,1090140,1719204,1723448,1096922,4244,633308,629064,0,0,0
1723979,689,64,1025355,1707909,1723979,1081382,16070,698624,682554,0,0,0
1724219,733,32,1098486,1723979,1724056,1099391,77,625570,625493,0,0,0
1724965,724,64,1085756,1723448,1724965,1097501,1517,639209,637692,0,0,0
1726618,732,32,1097607,1724965,1726618,1102886,1653,629011,627358,0,0,0
1727260,734,32,1098691,1726618,1727260,1103276,642,628569,627927,0,0,0
1337214,382,64,564608,1336270,1337214,566333,944,772606,771662,0,0,0
1727810,736,32,1101290,1727260,1727810,1103347,550,626520,625970,0,0,0
1728078,738,32,1104537,1727810,1728078,1105329,268,623541,623273,0,0,0
1729509,735,32,1099446,1728078,1729509,1107058,1431,630063,628632,0,0,0
1338026,383,32,567257,1337214,1338026,568084,812,770769,769957,0,0,0
1737764,731,32,1096470,1729509,1737764,1107248,8255,641294,633039,0,0,0
1738004,742,32,1108346,1737764,1737842,1108847,78,629496,629418,0,0,0
1338660,378,32,563077,1338026,1338660,568438,634,775583,774949,0,0,0
1738317,588,64,880521,1707669,1738317,1077141,30648,857796,827148,0,0,0
1739104,745,32,1111104,1738317,1739104,1113162,787,628000,627213,0,0,0
1740400,737,64,1104500,1738004,1740400,1109802,2396,635900,633504,0,0,0
1740640,749,32,1116718,1740400,1740610,1117726,210,623892,623682,0,0,0
1742284,747,32,1111877,1740640,1742284,1118565,1644,630407,628763,0,0,0
1340368,381,32,564158,1338660,1340305,569306,1645,776147,774502,0,0,0
1743005,740,64,1105795,1739104,1743005,1113396,3901,637210,633309,0,0,0
1743245,741,64,1108212,1742284,1743208,1118993,924,634996,634072,0,0,0
1340608,369,32,556578,1337214,1340488,567713,3274,783910,780636,0,0,0
1743485,750,64,1119623,1743005,1743398,1121294,393,623775,623382,0,0,0
1752100,744,32,1109126,1743485,1752100,1127293,8615,642974,634359,0,0,0
1340890,386,64,570208,1340368,1340890,572127,522,770682,770160,0,0,0
1752973,757,32,1126157,1752100,1752973,1128615,873,626816,625943,0,0,0
1754390,720,64,1075987,1743245,1754390,1122302,11145,678403,667258,0,0,0
1755878,746,64,1111668,1752973,1755878,1129921,2905,644210,641305,0,0,0
1756518,754,32,1122640,1755878,1756518,1131600,640,633878,633238,0,0,0
1756843,758,32,1130853,1756518,1756843,1132418,325,625990,625665,0,0,0
1759295,755,64,1123241,1754390,1759295,1130978,4905,636054,631149,0,0,0
1762474,569,32,855423,1676970,1762474,1067505,85504,907051,821547,0,0,0
1793664,631,64,944252,1759295,1793664,1136688,34369,849412,815043,0,0,0
1795211,760,64,1132335,1793664,1795211,1136732,1547,662876,661329,0,0,0
1795451,761,64,1133921,1795211,1795357,1137034,146,661436,661290,0,0,0
1795804,759,64,1132169,1795451,1795804,1137407,353,663635,663282,0,0,0
1805359,512,64,762628,1756843,1805359,1134196,48516,1042731,994215,0,0,0
1805925,763,64,1141452,1805359,1805925,1142629,566,664473,663907,0,0,0
1824410,762,32,1134814,1805925,1824410,1144996,18485,689596,671111,0,0,0
1824675,765,32,1146059,1824410,1824675,1146485,265,678616,678351,0,0,0
1830821,638,64,949885,1724219,1830821,1100067,106602,880936,774334,0,0,0
1841240,748,64,1114251,1824675,1841240,1147585,16565,726989,710424,0,0,0
1844564,764,32,1143358,1841240,1844564,1149593,3324,701206,697882,0,0,0
1844804,766,32,1147871,1844564,1844794,1151709,230,696923,696693,0,0,0
1845044,470,64,699553,1616524,1844823,1054738,228299,1145270,916971,0,0,0
1845044,756,64,1123861,1830821,1844943,1148039,14122,721082,706960,0,0,0
1845473,769,32,1155101,1845044,1845473,1158376,429,690372,689943,0,0,0
1358373,265,64,389751,1340890,1358373,572417,17483,968622,951139,0,0,0
1847705,770,32,1155617,1845473,1847705,1158933,2232,692088,689856,0,0,0
1348953,124,32,182085,1281016,1348953,365328,67937,1166868,1098931,0,0,0
1849570,751,64,1120166,1845044,1849570,1158362,4526,729404,724878,0,0,0
1362034,374,64,559344,1358373,1362034,572540,3661,802690,799029,0,0,0
1850259,776,64,1159744,1847705,1850259,1161779,2554,690515,687961,0,0,0
1850769,779,32,1163921,1850259,1850769,1165615,510,686848,686338,0,0,0
1851009,781,32,1165017,1850769,1850985,1165693,216,685968,685752,0,0,0
1851249,739,64,1105652,1795804,1851161,1139913,55357,745509,690152,0,0,0
1854240,774,32,1157825,1851249,1854240,1167447,2991,696415,693424,0,0,0
1854778,785,32,1169373,1854240,1854778,1169721,538,685405,684867,0,0,0
1363553,384,64,568018,1362034,1363553,572575,1519,795535,794016,0,0,0
1855018,777,64,1159811,1849570,1854781,1165516,5211,694970,689759,0,0,0
1855258,786,64,1170493,1854778,1855052,1171998,274,684559,684285,0,0,0
1363840,391,64,574359,1363553,1363840,575245,287,789481,789194,0,0,0
1855498,787,32,1170735,1855258,1855483,1172701,225,684748,684523,0,0,0
1861889,556,64,838146,1844804,1861889,1155260,17085,1023743,1006658,0,0,0
1352095,236,32,346926,1348953,1351882,366665,2929,1004956,1002027,0,0,0
1863185,753,64,1121418,1855498,1863185,1173628,7687,741767,734080,0,0,0
1863670,783,64,1166260,1855018,1863670,1172105,8652,697410,688758,0,0,0
1370908,377,64,562981,1363840,1370908,576797,7068,807927,800859,0,0,0
1863946,780,64,1164486,1863185,1863946,1175888,761,699460,698699,0,0,0
1864186,791,64,1175715,1863670,1863999,1178309,329,688284,687955,0,0,0
1371738,392,64,575224,1370908,1371738,576904,830,796514,795684,0,0,0
1865109,790,64,1175608,1864186,1865109,1179172,923,689501,688578,0,0,0
1869172,772,64,1156567,1865109,1869172,1183649,4063,712605,708542,0,0,0
1869556,792,64,1181540,1869172,1869556,1184045,384,688016,687632,0,0,0
1872576,782,64,1165669,1863946,1872576,1178982,8630,706907,698277,0,0,0
1372376,393,64,576964,1371738,1372376,578258,638,795412,794774,0,0,0
1877968,784,64,1168330,1869556,1877968,1185472,8412,709638,701226,0,0,0
1880058,794,32,1186181,1877968,1880058,1197459,2090,693877,691787,0,0,0
1372651,394,64,578936,1372376,1372651,580026,275,793715,793440,0,0,0
1880336,797,32,1197903,1880058,1880336,1198915,278,682433,682155,0,0,0
1355096,247,32,361577,1352095,1355096,367714,3001,993519,990518,0,0,0
1881714,788,32,1174422,1877968,1881714,1195879,3746,707292,703546,0,0,0
1885955,752,64,1120996,1872576,1885955,1189205,13379,764959,751580,0,0,0
1373122,395,64,579345,1372651,1373122,580157,471,793777,793306,0,0,0
1892882,727,32,1088496,1861889,1892882,1174618,30993,804386,773393,0,0,0
1897533,798,32,1201797,1892882,1897533,1208293,4651,695736,691085,0,0,0
1897773,801,32,1208271,1897533,1897744,1209519,211,689473,689262,0,0,0
1912281,500,32,750107,1805925,1912281,1144146,106356,1162174,1055818,0,0,0
1912521,800,32,1208054,1912281,1912464,1210054,183,704410,704227,0,0,0
1917162,773,64,1157672,1880336,1917162,1201498,36826,759490,722664,0,0,0
1939755,771,32,1155874,1917162,1939755,1210505,22593,783881,761288,0,0,0
1939995,803,32,1210669,1939755,1939862,1211618,107,729193,729086,0,0,0
1941656,796,32,1195367,1939995,1941656,1214334,1661,746289,744628,0,0,0
1947925,567,32,853161,1897773,1947925,1209540,50152,1094764,1044612,0,0,0
1361420,246,32,360308,1355096,1361420,367880,6324,1001112,994788,0,0,0
1959568,778,64,1162342,1912521,1959568,1210131,47047,797226,750179,0,0,0
1967743,767,64,1149022,1959568,1967743,1219529,8175,818721,810546,0,0,0
1967983,806,64,1222127,1967743,1967818,1222928,75,745691,745616,0,0,0
1361829,250,32,362550,1361420,1361829,369341,409,999279,998870,0,0,0
1380071,373,64,559307,1373122,1380071,580465,6949,820764,813815,0,0,0
1974264,804,64,1218008,1967983,1974264,1226898,6281,756256,749975,0,0,0
1976708,808,64,1224859,1974264,1976708,1229748,2444,751849,749405,0,0,0
1977077,811,64,1231458,1976708,1977077,1233420,369,745619,745250,0,0,0
1979095,805,64,1220306,1977077,1979095,1233493,2018,758789,756771,0,0,0
1989903,578,64,867272,1941656,1989903,1215282,48247,1122631,1074384,0,0,0
1380842,396,64,580370,1380071,1380716,583892,645,800346,799701,0,0,0
1995072,809,64,1229138,1989903,1995072,1237371,5169,765934,760765,0,0,0
1997090,812,64,1232395,1995072,1997090,1237686,2018,764695,762677,0,0,0
1381887,388,64,570619,1380842,1381887,584147,1045,811268,810223,0,0,0
1997426,813,64,1238245,1997090,1997426,1239990,336,759181,758845,0,0,0
1997666,816,64,1239901,1997426,1997661,1241290,235,757760,757525,0,0,0
1998507,815,64,1239660,1997666,1998507,1242188,841,758847,758006,0,0,0
1382260,399,64,582527,1381887,1382260,584572,373,799733,799360,0,0,0
1999031,818,64,1242885,1998507,1999031,1243822,524,756146,755622,0,0,0
2012083,807,64,1224186,1999031,2012083,1244678,13052,787897,774845,0,0,0
1383135,398,32,581730,1382260,1383135,585508,875,801405,800530,0,0,0
2012766,819,64,1246445,2012083,2012766,1247809,683,766321,765638,0,0,0
2013006,821,64,1247545,2012766,2012942,1248310,176,765397,765221,0,0,0
1362742,252,32,367118,1361829,1362742,370595,913,995624,994711,0,0,0
2014739,822,64,1249498,2013006,2014739,1253387,1733,765241,763508,0,0,0
2015203,825,64,1250915,2014739,2015203,1253808,464,764288,763824,0,0,0
2015828,823,64,1249575,2015203,2015828,1254242,625,766253,765628,0,0,0
2021505,820,64,1246751,2015828,2021505,1254352,5677,774754,769077,0,0,0
2023322,828,64,1252003,2021505,2023322,1254706,1817,771319,769502,0,0,0
2039846,616,64,929478,1851009,2039846,1166226,188837,1110368,921531,0,0,0
1386593,376,32,561712,1382260,1386593,584689,4333,824881,820548,0,0,0
1367440,209,32,296607,1362742,1367440,371326,4698,1070833,1066135,0,0,0
2040351,829,64,1253504,2039846,2040351,1256410,505,786847,786342,0,0,0
2054707,795,64,1190119,2023322,2054707,1255605,31385,864588,833203,0,0,0
2054947,833,64,1257713,2054707,2054938,1258321,231,797225,796994,0,0,0
1367840,256,32,374730,1367440,1367840,375686,400,993110,992710,0,0,0
2056612,830,64,1254625,2054947,2056612,1258938,1665,801987,800322,0,0,0
2058821,834,64,1259259,2056612,2058821,1260500,2209,799562,797353,0,0,0
2059349,835,32,1259544,2058821,2059349,1262923,528,799805,799277,0,0,0
1368098,255,32,372410,1367840,1368098,375691,258,995688,995430,0,0,0
2060652,827,32,1251548,2058821,2060652,1262319,1831,809104,807273,0,0,0
2064562,832,64,1254861,2059349,2064562,1263115,5213,809701,804488,0,0,0
2065655,826,64,1251379,2064562,2065655,1264993,1093,814276,813183,0,0,0
2066094,837,64,1262546,2065655,2066094,1264997,439,803548,803109,0,0,0
2066878,839,64,1266057,2066094,2066878,1267608,784,800821,800037,0,0,0
2067118,841,64,1268416,2066878,2067064,1269382,186,798648,798462,0,0,0
2069481,838,64,1263235,2067118,2069481,1270095,2363,806246,803883,0,0,0
2078575,831,64,1254747,2069481,2078575,1270391,9094,823828,814734,0,0,0
2089761,793,64,1182520,2040351,2089761,1256827,49410,907241,857831,0,0,0
2090484,843,64,1273112,2089761,2090484,1275395,723,817372,816649,0,0,0
2093148,810,64,1230686,2090484,2093148,1275636,2664,862462,859798,0,0,0
1403006,387,64,570607,1383135,1403006,588616,19871,832399,812528,0,0,0
2094634,743,64,1108398,2078575,2094634,1272066,16059,986236,970177,0,0,0
2094874,844,64,1276121,2094634,2094759,1276622,125,818638,818513,0,0,0
2095934,842,64,1271744,2094874,2095934,1276841,1060,824190,823130,0,0,0
2096174,845,32,1279470,2095934,2096085,1280674,151,816615,816464,0,0,0
1374255,251,32,365871,1368098,1374255,377717,6157,1008384,1002227,0,0,0
2096597,846,32,1280301,2096174,2096597,1281060,423,816296,815873,0,0,0
2096927,847,32,1281990,2096597,2096927,1283595,330,814937,814607,0,0,0
2102402,836,64,1262513,2093148,2102402,1275664,9254,839889,830635,0,0,0
2104167,840,64,1267915,2096927,2104167,1285771,7240,836252,829012,0,0,0
2104890,849,32,1287513,2104167,2104890,1289268,723,817377,816654,0,0,0
1404450,401,64,587322,1403006,1404450,589516,1444,817128,815684,0,0,0
1374495,261,32,379379,1374255,1374335,379996,80,994956,994876,0,0,0
2105931,848,32,1283170,2104890,2105931,1290722,1041,822761,821720,0,0,0
2110500,799,32,1205630,2095934,2110500,1278280,14566,904870,890304,0,0,0
2135487,814,64,1239384,2105931,2135487,1295278,29556,896103,866547,0,0,0
1404800,405,64,593184,1404450,1404800,594665,350,811616,811266,0,0,0
2136839,850,64,1289913,2135487,2136839,1295651,1352,846926,845574,0,0,0
2137679,851,64,1291854,2136839,2137679,1297421,840,845825,844985,0,0,0
2147767,704,64,1050757,2102402,2147767,1287615,45365,1097010,1051645,0,0,0
2149121,852,64,1294378,2147767,2149121,1302853,1354,854743,853389,0,0,0
2166852,698,64,1042618,2137679,2166852,1298830,29173,1124234,1095061,0,0,0
1375246,260,32,379196,1374495,1375014,380073,519,995818,995299,0,0,0
2167436,853,64,1303825,2166852,2167436,1306047,584,863611,863027,0,0,0
2168087,789,64,1175013,2149121,2168087,1303435,18966,993074,974108,0,0,0
2169537,855,64,1304607,2168087,2169537,1310078,1450,864930,863480,0,0,0
2169925,857,64,1308874,2169537,2169925,1311361,388,861051,860663,0,0,0
2184267,452,64,680420,1979095,2184267,1236564,205172,1503847,1298675,0,0,0
2184898,860,64,1311734,2184267,2184898,1312376,631,873164,872533,0,0,0
2185138,859,64,1310958,2184898,2185055,1313054,157,874097,873940,0,0,0
2193734,854,64,1304269,2185138,2193734,1315496,8596,889465,880869,0,0,0
2193974,861,64,1314948,2193734,2193849,1315595,115,878901,878786,0,0,0
2194920,862,32,1317334,2193974,2194920,1321905,946,877586,876640,0,0,0
2195160,865,32,1321571,2194920,2195101,1322930,181,873530,873349,0,0,0
2195870,867,32,1322806,2195160,2195870,1323594,710,873064,872354,0,0,0
2196168,858,32,1309957,2193974,2196168,1321587,2194,886211,884017,0,0,0
2199178,868,64,1323340,2195870,2199178,1325240,3308,875838,872530,0,0,0
2199418,870,64,1325112,2199178,2199230,1325632,52,874118,874066,0,0,0
1381541,0,32,0,0,1381541,363898,1381541,1381541,0,0,0,0
2199822,866,64,1322491,2199418,2199822,1326588,404,877331,876927,0,0,0
2200062,654,64,972803,2169925,2199823,1311562,29898,1227020,1197122,0,0,0
2201756,872,64,1325844,2199822,2201756,1330366,1934,875912,873978,0,0,0
2203729,871,64,1325303,2200062,2203729,1333525,3667,878426,874759,0,0,0
2204655,864,64,1318714,2201756,2204655,1334031,2899,885941,883042,0,0,0
2205184,869,64,1325103,2204655,2205184,1337015,529,880081,879552,0,0,0
2207648,481,64,718523,2167436,2207648,1306820,40212,1489125,1448913,0,0,0
2208155,877,64,1338925,2207648,2208155,1340398,507,869230,868723,0,0,0
1408464,403,64,591551,1404800,1408464,594711,3664,816913,813249,0,0,0
2208828,878,64,1340128,2208155,2208828,1342885,673,868700,868027,0,0,0
2209342,876,64,1337653,2208828,2209342,1343051,514,871689,871175,0,0,0
2209582,880,32,1342418,2209342,2209508,1343470,166,867090,866924,0,0,0
2210330,875,32,1336478,2209342,2210330,1343068,988,873852,872864,0,0,0
2210570,856,64,1306667,2203729,2210525,1334540,6796,903858,897062,0,0,0
1387510,233,64,342232,1375246,1387510,381865,12264,1045278,1033014,0,0,0
2211393,874,64,1331178,2209582,2211393,1346207,1811,880215,878404,0,0,0
2211633,882,64,1349576,2211393,2211514,1350417,121,861938,861817,0,0,0
2221920,879,64,1341246,2210570,2221920,1348792,11350,880674,869324,0,0,0
2222828,883,64,1350364,2221920,2222828,1353293,908,872464,871556,0,0,0
2229130,543,64,814838,1885955,2229130,1202214,343175,1414292,1071117,0,0,0
2231090,886,64,1352946,2229130,2231090,1355931,1960,878144,876184,0,0,0
2231409,888,64,1355328,2231090,2231409,1356204,319,876081,875762,0,0,0
2231649,889,64,1356526,2231409,2231535,1357847,126,875009,874883,0,0,0
2237250,887,64,1354004,2231649,2237250,1358377,5601,883246,877645,0,0,0
2242836,885,64,1352407,2237250,2242836,1359594,5586,890429,884843,0,0,0
2243076,890,64,1362157,2242836,2242893,1362608,57,880736,880679,0,0,0
2244358,891,64,1362424,2243076,2244358,1363414,1282,881934,880652,0,0,0
2246803,892,64,1363943,2244358,2246803,1368070,2445,882860,880415,0,0,0
2251849,659,64,978296,2205184,2251849,1339696,46665,1273553,1226888,0,0,0
2255600,695,64,1035142,2211633,2255600,1352823,43967,1220458,1176491,0,0,0
2255840,894,64,1373754,2255600,2255718,1374400,118,881964,881846,0,0,0
2259619,893,64,1371756,2255840,2259619,1375336,3779,887863,884084,0,0,0
2259909,895,32,1375006,2259619,2259909,1376280,290,884903,884613,0,0,0
2260267,897,64,1376467,2259619,2260267,1380298,648,883800,883152,0,0,0
2317135,730,64,1096408,2246803,2317135,1371716,70332,1220727,1150395,0,0,0
2343891,673,64,1011437,2222828,2343891,1354397,121063,1332454,1211391,0,0,0
2361845,679,64,1014347,2260267,2361845,1380798,101578,1347498,1245920,0,0,0
2362633,898,64,1380602,2361845,2362633,1386038,788,982031,981243,0,0,0
2362873,900,64,1385649,2362633,2362773,1386090,140,977124,976984,0,0,0
2364049,899,64,1383988,2362873,2364049,1391074,1176,980061,978885,0,0,0
2366563,712,64,1059553,2317135,2366563,1383236,49428,1307010,1257582,0,0,0
2368344,896,64,1375695,2366563,2368344,1393170,1781,992649,990868,0,0,0
2376958,881,64,1344978,2364049,2376958,1391553,12909,1031980,1019071,0,0,0
2379008,902,64,1392973,2376958,2379008,1395378,2050,986035,983985,0,0,0
2379248,904,64,1396508,2379008,2379229,1398264,221,982721,982500,0,0,0
2380244,905,64,1397444,2379248,2380244,1400089,996,982800,981804,0,0,0
2381080,903,64,1395783,2380244,2381080,1403556,836,985297,984461,0,0,0
2381320,908,64,1402603,2381080,2381146,1403615,66,978543,978477,0,0,0
2381560,884,64,1351855,2368344,2381357,1393589,13013,1029502,1016489,0,0,0
2381800,911,64,1405117,2381560,2381738,1406767,178,976621,976443,0,0,0
2382040,914,64,1406764,2381800,2381849,1407302,49,975085,975036,0,0,0
2382773,912,64,1405303,2382040,2382773,1407658,733,977470,976737,0,0,0
2383683,916,64,1407075,2382773,2383683,1407922,910,976608,975698,0,0,0
2385115,910,64,1404204,2383683,2385115,1407995,1432,980911,979479,0,0,0
2412522,604,64,908158,2251849,2412522,1373497,160673,1504364,1343691,0,0,0
2418659,906,64,1399828,2412522,2418659,1411152,6137,1018831,1012694,0,0,0
2420533,909,64,1403588,2418659,2420533,1411175,1874,1016945,1015071,0,0,0
2422595,919,32,1411790,2420533,2422595,1415834,2062,1010805,1008743,0,0,0
2429843,917,32,1407527,2422595,2429843,1416407,7248,1022316,1015068,0,0,0
2431097,920,32,1412297,2429843,2431097,1419538,1254,1018800,1017546,0,0,0
2432128,915,32,1406792,2431097,2432128,1420015,1031,1025336,1024305,0,0,0
2433292,775,64,1158461,2385115,2433292,1410792,48177,1274831,1226654,0,0,0
2433532,921,32,1421427,2433292,2433460,1422792,168,1012033,1011865,0,0,0
2433772,922,32,1421875,2433532,2433610,1422870,78,1011735,1011657,0,0,0
2436372,918,32,1410454,2433772,2436372,1424884,2600,1025918,1023318,0,0,0
2436612,925,32,1426737,2436372,2436480,1427726,108,1009743,1009635,0,0,0
2436852,802,64,1209383,2381320,2436675,1404956,55355,1227292,1171937,0,0,0
2437092,926,64,1427590,2436612,2436868,1429435,256,1009278,1009022,0,0,0
2437332,928,32,1430838,2437092,2437178,1431995,86,1006340,1006254,0,0,0
2437881,927,32,1429841,2437332,2437881,1433178,549,1008040,1007491,0,0,0
2455914,923,32,1422956,2437881,2455914,1433463,18033,1032958,1014925,0,0,0
2456321,930,32,1433738,2455914,2456321,1435761,407,1022583,1022176,0,0,0
2457611,924,32,1424974,2456321,2457611,1437009,1290,1032637,1031347,0,0,0
2457851,932,32,1440963,2457611,2457757,1442211,146,1016794,1016648,0,0,0
2465028,817,64,1241644,2436852,2465028,1431466,28176,1223384,1195208,0,0,0
2466123,931,32,1439074,2465028,2466123,1444418,1095,1027049,1025954,0,0,0
2466395,936,32,1446801,2466123,2466395,1447611,272,1019594,1019322,0,0,0
2476094,901,64,1389084,2457851,2476094,1442371,18243,1087010,1068767,0,0,0
2476550,661,64,989675,2432128,2476550,1422587,44422,1486875,1442453,0,0,0
2477608,934,64,1441315,2476094,2477608,1448669,1514,1036293,1034779,0,0,0
2479260,938,32,1447278,2477608,2479260,1452264,1652,1031982,1030330,0,0,0
2480593,937,32,1446840,2479260,2480593,1452423,1333,1033753,1032420,0,0,0
2480833,940,32,1452819,2480593,2480696,1453684,103,1027877,1027774,0,0,0
2487299,935,32,1446410,2480833,2487299,1455654,6466,1040889,1034423,0,0,0
2487739,941,32,1453583,2487299,2487739,1456017,440,1034156,1033716,0,0,0
2488051,942,32,1455511,2487739,2488051,1456695,312,1032540,1032228,0,0,0
1440910,144,64,195423,1408464,1440910,595781,32446,1245487,1213041,0,0,0
2489782,939,32,1448259,2488051,2489782,1457110,1731,1041523,1039792,0,0,0
2491247,943,32,1458208,2489782,2491247,1458997,1465,1033039,1031574,0,0,0
2491487,944,32,1458348,2491247,2491365,1459015,118,1033017,1032899,0,0,0
2493993,945,32,1459768,2491487,2493993,1461730,2506,1034225,1031719,0,0,0
2494362,949,32,1470953,2493993,2494362,1473272,369,1023409,1023040,0,0,0
2494986,950,32,1475334,2494362,2494986,1476658,624,1019652,1019028,0,0,0
2500728,948,32,1470315,2494986,2500728,1481629,5742,1030413,1024671,0,0,0
2500968,953,32,1481945,2500728,2500845,1482792,117,1018900,1018783,0,0,0
2509346,947,32,1469168,2500968,2509346,1483507,8378,1040178,1031800,0,0,0
2509674,958,32,1485574,2509346,2509674,1486490,328,1024100,1023772,0,0,0
2510199,955,32,1484431,2509674,2510199,1486651,525,1025768,1025243,0,0,0
2515423,946,32,1467971,2510199,2515423,1486733,5224,1047452,1042228,0,0,0
2515663,959,32,1486554,2515423,2515536,1487217,113,1028982,1028869,0,0,0
2518756,951,32,1480574,2515663,2518756,1488858,3093,1038182,1035089,0,0,0
2528243,933,32,1441107,2518756,2528243,1489083,9487,1087136,1077649,0,0,0
2534373,952,32,1480738,2528243,2534373,1490786,6130,1053635,1047505,0,0,0
2534912,960,32,1488918,2534373,2534912,1493144,539,1045994,1045455,0,0,0
2539140,956,32,1484621,2534912,2539140,1494278,4228,1054519,1050291,0,0,0
2541645,962,32,1494160,2539140,2541645,1500002,2505,1047485,1044980,0,0,0
2544932,954,32,1482761,2541645,2544932,1500230,3287,1062171,1058884,0,0,0
1444613,397,64,581347,1440910,1444613,596008,3703,863266,859563,0,0,0
2545439,966,32,1498389,2544932,2545439,1500839,507,1047050,1046543,0,0,0
2547255,964,32,1495991,2545439,2547255,1502434,1816,1051264,1049448,0,0,0
2549286,961,32,1491845,2547255,2549286,1504159,2031,1057441,1055410,0,0,0
2552631,965,32,1496732,2549286,2552631,1505229,3345,1055899,1052554,0,0,0
2553039,971,32,1506577,2552631,2553039,1507176,408,1046462,1046054,0,0,0
2555332,972,32,1506745,2553039,2555332,1509739,2293,1048587,1046294,0,0,0
2557959,970,32,1503692,2555332,2557959,1512992,2627,1054267,1051640,0,0,0
2559369,974,32,1511015,2557959,2559369,1514235,1410,1048354,1046944,0,0,0
2615323,929,32,1432724,2559369,2615323,1515544,55954,1182599,1126645,0,0,0
2617003,977,32,1513263,2615323,2617003,1515764,1680,1103740,1102060,0,0,0
2617243,978,32,1516546,2617003,2617134,1517281,131,1100588,1100457,0,0,0
2626180,562,64,848204,2476550,2626180,1450300,149630,1777976,1628346,0,0,0
2626747,975,32,1511352,2626180,2626747,1518271,567,1115395,1114828,0,0,0
2628539,967,64,1498912,2617243,2628539,1518250,11296,1129627,1118331,0,0,0
2633614,968,32,1499975,2628539,2633614,1520383,5075,1133639,1128564,0,0,0
2643928,696,32,1035883,2420533,2643928,1411847,223395,1608045,1384650,0,0,0
2645944,969,64,1503507,2633614,2645944,1521106,12330,1142437,1130107,0,0,0
2646267,980,64,1524312,2645944,2646267,1526766,323,1121955,1121632,0,0,0
2667413,768,64,1152428,2343891,2667413,1384359,323522,1514985,1191463,0,0,0
2667911,981,64,1525329,2667413,2667911,1528386,498,1142582,1142084,0,0,0
2668393,979,64,1523801,2667911,2668393,1530892,482,1144592,1144110,0,0,0
2668810,982,64,1528710,2668393,2668810,1531519,417,1140100,1139683,0,0,0
2669476,986,64,1533008,2668810,2669476,1533996,666,1136468,1135802,0,0,0
2669716,988,64,1534019,2669476,2669653,1535289,177,1135634,1135457,0,0,0
2670124,987,64,1534006,2669716,2670124,1539473,408,1136118,1135710,0,0,0
2673860,984,64,1530253,2670124,2673860,1539659,3736,1143607,1139871,0,0,0
2674826,990,64,1542386,2673860,2674826,1543860,966,1132440,1131474,0,0,0
2677271,985,64,1532391,2674826,2677271,1545606,2445,1144880,1142435,0,0,0
2677866,991,64,1546288,2677271,2677866,1548091,595,1131578,1130983,0,0,0
2678776,993,64,1551950,2677866,2678776,1553499,910,1126826,1125916,0,0,0
2681379,994,64,1553117,2678776,2681379,1559068,2603,1128262,1125659,0,0,0
2683232,995,64,1553987,2681379,2683232,1559355,1853,1129245,1127392,0,0,0
2683511,997,64,1558898,2683232,2683511,1560244,279,1124613,1124334,0,0,0
2684440,998,64,1559287,2683511,2684440,1564464,929,1125153,1124224,0,0,0
2685483,992,64,1551483,2684440,2685483,1566899,1043,1134000,1132957,0,0,0
2686498,999,32,1559769,2685483,2686498,1576575,1015,1126729,1125714,0,0,0
2693474,976,32,1512455,2686498,2693474,1580253,6976,1181019,1174043,0,0,0
2714476,907,64,1400528,2646267,2714476,1528203,68209,1313948,1245739,0,0,0
2725269,983,32,1529890,2714476,2725269,1591226,10793,1195379,1184586,0,0,0
2735074,715,64,1063885,2466395,2735074,1448285,268679,1671189,1402510,0,0,0
2736569,873,32,1329117,2685483,2736569,1567242,51086,1407452,1356366,0,0,0
2786685,612,64,917559,2626747,2786685,1519098,159938,1869126,1709188,0,0,0
2794377,989,64,1540780,2725269,2794377,1696753,69108,1253597,1184489,0,0,0
2830903,973,64,1507478,2693474,2830903,1585873,137429,1323425,1185996,0,0,0
2849308,957,64,1485083,2786685,2849308,1731246,62623,1364225,1301602,0,0,0
2864857,913,64,1405960,2735074,2864857,1714732,129783,1458897,1329114,0,0,0
2898012,863,64,1318652,2864857,2898012,2024933,33155,1579360,1546205,0,0,0
2905717,996,64,1556127,2794377,2905717,1748866,111340,1349590,1238250,0,0,0
2933844,963,64,1495854,2830903,2933844,1843392,102941,1437990,1335049,0,0,0
2939487,824,64,1249732,2849308,2939487,1973853,90179,1689755,1599576,0,0,0
1418588,123,64,181955,1387510,1418588,382728,31078,1236633,1205555,0,0,0
1453823,380,64,563958,1444613,1453746,596143,9133,889788,880655,0,0,0
1454281,404,64,593110,1453823,1454281,596252,458,861171,860713,0,0,0
1455134,408,32,597519,1454281,1455134,598352,853,857615,856762,0,0,0
1458448,402,32,591068,1455134,1458440,599860,3306,867372,864066,0,0,0
1458723,410,32,599959,1458448,1458723,600991,275,858764,858489,0,0,0
1460098,390,32,572789,1454281,1460098,597191,5817,887309,881492,0,0,0
1461697,409,64,597780,1458723,1461697,601946,2974,863917,860943,0,0,0
1463120,406,64,593295,1461697,1463120,602080,1423,869825,868402,0,0,0
1463360,413,64,605507,1463120,1463258,606452,138,857751,857613,0,0,0
1470555,411,64,603177,1463360,1470359,607339,6999,867182,860183,0,0,0
1471805,414,64,608342,1470555,1471805,613926,1250,863463,862213,0,0,0
1472920,416,64,610852,1471805,1472920,616105,1115,862068,860953,0,0,0
1473534,419,32,617116,1472920,1473534,620755,614,856418,855804,0,0,0
1474778,418,32,614206,1473534,1474778,621687,1244,860572,859328,0,0,0
1475574,417,32,612852,1472920,1475525,616872,2605,862673,860068,0,0,0
1476111,420,64,620520,1474778,1476111,624645,1333,855591,854258,0,0,0
1489894,306,64,456951,1476111,1489894,626664,13783,1032943,1019160,0,0,0
1490429,422,32,626621,1489894,1490429,627943,535,863808,863273,0,0,0
1492085,424,64,627345,1489894,1491990,633826,2096,864645,862549,0,0,0
1492984,426,64,628977,1492085,1492984,634948,899,864007,863108,0,0,0
1493424,430,32,634795,1492984,1493424,635956,440,858629,858189,0,0,0
1493664,431,64,635437,1492984,1493600,636649,616,858163,857547,0,0,0
1494467,433,64,636793,1493664,1494467,639818,803,857674,856871,0,0,0
1501530,421,64,625351,1494467,1501530,640655,7063,876179,869116,0,0,0
1502391,429,64,632901,1501530,1502391,641090,861,869490,868629,0,0,0
1489356,65,64,90304,1418588,1489356,383283,70768,1399052,1328284,0,0,0
1489596,263,64,382685,1489356,1489454,383759,98,1106769,1106671,0,0,0
1489836,264,32,383096,1489596,1489769,383976,173,1106673,1106500,0,0,0
1490327,262,64,382624,1489596,1490327,384115,731,1107703,1106972,0,0,0
1490567,268,32,391029,1490327,1490435,391823,108,1099406,1099298,0,0,0
1490807,269,32,391444,1490567,1490701,392306,134,1099257,1099123,0,0,0
1492085,267,32,390755,1490807,1492051,393651,1244,1101296,1100052,0,0,0
1494093,253,32,371005,1490327,1494093,386792,3766,1123088,1119322,0,0,0
1494631,258,64,377387,1492085,1494631,394334,2546,1117244,1114698,0,0,0
1593070,254,64,371923,1502391,1593070,642076,90679,1221147,1130468,0,0,0
1598117,423,64,626912,1593070,1598117,642718,5047,971205,966158,0,0,0
1599909,432,32,636522,1598117,1599909,644351,1792,963387,961595,0,0,0
1601610,427,32,631104,1598117,1601610,643545,3493,970506,967013,0,0,0
1602170,437,64,647256,1599909,1602170,652410,2261,954914,952653,0,0,0
1602553,439,64,649208,1602170,1602553,653537,383,953345,952962,0,0,0
1511255,128,64,184677,1494631,1511067,395273,16436,1326390,1309954,0,0,0
1602793,440,64,652868,1602553,1602734,653607,181,949866,949685,0,0,0
1627687,389,64,571747,1602793,1627687,656272,24894,1055940,1031046,0,0,0
1512876,259,64,379052,1511255,1512876,398851,1621,1133824,1132203,0,0,0
1627927,441,32,657676,1627687,1627874,658916,187,970198,970011,0,0,0
1670480,207,64,293696,1200977,1670480,545711,469503,1376784,907281,0,0,0
1672289,425,64,627713,1670480,1672289,660227,1809,1044576,1042767,0,0,0
1677423,438,64,648741,1672289,1677423,662233,5134,1028682,1023548,0,0,0
1519942,257,64,377368,1512876,1519942,399746,7066,1142574,1135508,0,0,0
1680537,434,64,638756,1677423,1680537,663252,3114,1041781,1038667,0,0,0
1520264,273,64,397988,1519942,1520264,400745,322,1122276,1121954,0,0,0
1520557,274,64,403261,1520264,1520557,404217,293,1117296,1117003,0,0,0
1681054,445,64,664527,1680537,1681054,665072,517,1016527,1016010,0,0,0
1681685,343,64,509155,1627687,1681685,659933,53998,1172530,1118532,0,0,0
1681685,446,64,666335,1681054,1681685,668371,631,1015350,1014719,0,0,0
1525229,272,64,397275,1520557,1525229,404904,4672,1127954,1123282,0,0,0
1682248,448,64,671090,1681685,1682248,671841,563,1011158,1010595,0,0,0
1682488,450,32,677134,1682248,1682488,677897,240,1005354,1005114,0,0,0
1683264,443,32,660143,1681685,1683264,669899,1579,1023121,1021542,0,0,0
1684526,449,64,676411,1682488,1684526,678556,2038,1008115,1006077,0,0,0
1688566,444,64,662910,1681685,1688566,673908,6881,1025656,1018775,0,0,0
1688806,454,64,681280,1688566,1688649,682406,83,1007369,1007286,0,0,0
1689046,455,32,681483,1688806,1689029,682538,223,1007546,1007323,0,0,0
1689447,451,64,679569,1688806,1689447,682582,641,1009878,1009237,0,0,0
1689717,458,64,690074,1689447,1689717,691598,270,999643,999373,0,0,0
1691322,459,64,691451,1689717,1691322,694382,1605,999871,998266,0,0,0
1691562,463,64,693379,1691322,1691450,695007,128,998071,997943,0,0,0
1696197,456,64,685076,1691562,1696197,695175,4635,1011121,1006486,0,0,0
1784608,133,64,187323,1684526,1784608,681920,100082,1597285,1497203,0,0,0
1547157,244,64,357312,1525229,1547157,405196,21928,1189845,1167917,0,0,0
1784848,466,64,695778,1784608,1784675,696517,67,1088897,1088830,0,0,0
1785601,464,64,695456,1784848,1785601,696836,753,1090145,1089392,0,0,0
1548008,266,64,390570,1547157,1548008,406200,851,1157438,1156587,0,0,0
1786322,457,64,689883,1785601,1786322,696845,721,1096439,1095718,0,0,0
1548267,275,64,406860,1548008,1548267,407931,259,1141407,1141148,0,0,0
1786562,468,64,696676,1786322,1786450,698320,128,1089774,1089646,0,0,0
1548745,276,64,407382,1548267,1548745,408172,478,1141363,1140885,0,0,0
1786802,467,64,696644,1786562,1786758,699799,196,1090114,1089918,0,0,0
1550649,277,64,407821,1548745,1550649,410687,1904,1142828,1140924,0,0,0
1790030,462,64,692951,1786802,1790030,701142,3228,1097079,1093851,0,0,0
1792944,460,64,692238,1790030,1792944,703513,2914,1100706,1097792,0,0,0
1793184,473,64,703109,1792944,1793013,703538,69,1089904,1089835,0,0,0
1793424,472,64,702606,1793184,1793263,704015,79,1090657,1090578,0,0,0
1793795,475,64,704760,1793424,1793795,705961,371,1089035,1088664,0,0,0
1807122,297,64,445072,1696197,1807122,695502,110925,1362050,1251125,0,0,0
1807663,469,32,698158,1807122,1807663,707688,541,1109505,1108964,0,0,0
1554401,270,64,393488,1550649,1554401,410767,3752,1160913,1157161,0,0,0
1809324,471,32,702259,1807663,1809324,710644,1661,1107065,1105404,0,0,0
1554871,282,64,410611,1554401,1554871,411477,470,1144260,1143790,0,0,0
1809564,479,32,710590,1809324,1809419,711569,95,1098829,1098734,0,0,0
1810010,478,32,708241,1809564,1810010,713234,446,1101769,1101323,0,0,0
1555594,279,32,408951,1554871,1555594,413663,723,1146643,1145920,0,0,0
1811392,477,32,706515,1810010,1811392,715924,1382,1104877,1103495,0,0,0
1812912,375,64,560904,1793795,1812912,706412,19117,1252008,1232891,0,0,0
1813395,474,64,704282,1811392,1813395,716128,2003,1109113,1107110,0,0,0
1891585,436,32,644781,1813395,1891585,719857,78190,1246804,1168614,0,0,0
1894834,476,32,706082,1891585,1894834,720768,3249,1188752,1185503,0,0,0
1895187,483,32,720718,1894834,1895187,721454,353,1174469,1174116,0,0,0
1909411,371,64,558239,1812912,1909411,717541,96499,1351172,1254673,0,0,0
1619115,157,64,210404,1554871,1619115,415920,64244,1408711,1344467,0,0,0
1909717,484,32,723622,1909411,1909717,724418,306,1186095,1185789,0,0,0
1620145,281,64,410596,1619115,1620145,417370,1030,1209549,1208519,0,0,0
1922819,461,32,692426,1909717,1922819,727889,13102,1230393,1217291,0,0,0
1620252,283,64,416687,1620145,1620252,418341,107,1203565,1203458,0,0,0
1923059,486,32,727088,1922819,1922999,728853,180,1195911,1195731,0,0,0
1641282,225,64,327219,1620252,1641282,420374,21030,1314063,1293033,0,0,0
1642253,284,64,417212,1641282,1642253,420994,971,1225041,1224070,0,0,0
1923565,488,32,728314,1923059,1923565,729767,506,1195251,1194745,0,0,0
1923805,490,32,730958,1923565,1923762,732219,197,1192804,1192607,0,0,0
1642417,287,64,420034,1642253,1642417,422081,164,1222383,1222219,0,0,0
1645091,289,32,423801,1642417,1645091,429588,2674,1221290,1218616,0,0,0
1924385,491,32,731146,1923805,1924385,732401,580,1193239,1192659,0,0,0
1647340,285,32,418574,1642417,1647340,425221,4923,1228766,1223843,0,0,0
1924625,492,32,733209,1924385,1924499,733793,114,1191290,1191176,0,0,0
1773548,217,64,311993,1645091,1773548,433213,128457,1461555,1333098,0,0,0
1927215,489,32,728486,1924625,1927215,735300,2590,1198729,1196139,0,0,0
1777350,290,64,429052,1773548,1777350,434897,3802,1348298,1344496,0,0,0
1928199,493,32,734391,1927215,1928199,737274,984,1193808,1192824,0,0,0
1777594,292,64,434479,1777350,1777594,435118,244,1343115,1342871,0,0,0
1932888,482,32,719705,1928199,1932888,737661,4689,1213183,1208494,0,0,0
1778911,291,64,434301,1777594,1778911,438265,1317,1344610,1343293,0,0,0
1782544,293,64,434842,1778911,1782544,441082,3633,1347702,1344069,0,0,0
1936225,428,64,631184,1895187,1936225,721653,41038,1305041,1264003,0,0,0
1792531,288,64,420132,1782544,1792531,442224,9987,1372399,1362412,0,0,0
1990525,302,32,449293,1936225,1990525,744332,54300,1541232,1486932,0,0,0
1793883,294,64,436285,1792531,1793883,443047,1352,1357598,1356246,0,0,0
1998094,480,32,713070,1990525,1998094,745793,7569,1285024,1277455,0,0,0
1794579,295,64,442149,1793883,1794579,446451,696,1352430,1351734,0,0,0
1794880,298,64,446698,1794579,1794880,447706,301,1348182,1347881,0,0,0
2000435,487,32,727813,1998094,2000435,746410,2341,1272622,1270281,0,0,0
1794969,299,64,447148,1794880,1794969,448087,89,1347821,1347732,0,0,0
2000675,497,32,747232,2000435,2000598,748131,163,1253366,1253203,0,0,0
1800605,296,64,443324,1794969,1800605,450587,5636,1357281,1351645,0,0,0
2001684,435,64,638818,1932888,2001684,737865,68796,1362866,1294070,0,0,0
1800947,303,64,449420,1800605,1800947,450987,342,1351527,1351185,0,0,0
2022241,442,64,657900,2000675,2022241,748568,21566,1364341,1342775,0,0,0
1801332,300,64,448318,1800947,1801332,451125,385,1353014,1352629,0,0,0
2030272,400,32,583760,2001684,2030272,749052,28588,1446512,1417924,0,0,0
2032291,494,32,739418,2030272,2032291,752632,2019,1292873,1290854,0,0,0
1801742,305,64,456060,1801332,1801742,457709,410,1345682,1345272,0,0,0
2032531,501,32,751156,2032291,2032453,753402,162,1281297,1281135,0,0,0
1816370,280,64,410535,1801742,1816370,459187,14628,1405835,1391207,0,0,0
2032771,504,32,752947,2032531,2032646,753876,115,1279699,1279584,0,0,0
1817028,304,64,449915,1816370,1817028,460876,658,1367113,1366455,0,0,0
2037210,495,32,741565,2032771,2037210,754233,4439,1295645,1291206,0,0,0
2038638,503,32,752946,2037210,2038638,754993,1428,1285692,1284264,0,0,0
1817982,307,64,458534,1817028,1817982,462227,954,1359448,1358494,0,0,0
2046878,496,32,747012,2038638,2046878,756678,8240,1299866,1291626,0,0,0
1818632,308,64,460081,1817982,1818632,464065,650,1358551,1357901,0,0,0
2047848,498,32,748273,2046878,2047848,757882,970,1299575,1298605,0,0,0
2049380,507,32,755264,2047848,2049380,760625,1532,1294116,1292584,0,0,0
1818872,309,64,464320,1818632,1818872,465080,240,1354552,1354312,0,0,0
2049620,509,32,758321,2049380,2049514,760756,134,1291193,1291059,0,0,0
1821659,301,64,448869,1818872,1821659,466132,2787,1372790,1370003,0,0,0
2050917,505,32,753823,2049620,2050917,763714,1297,1297094,1295797,0,0,0
1835563,249,64,362085,1821659,1835563,466677,13904,1473478,1459574,0,0,0
2056011,499,32,749548,2050917,2056011,764503,5094,1306463,1301369,0,0,0
1836145,310,64,465063,1835563,1836145,467365,582,1371082,1370500,0,0,0
2056317,514,32,763681,2056011,2056317,764557,306,1292636,1292330,0,0,0
1837153,312,64,466207,1836145,1837153,470757,1008,1370946,1369938,0,0,0
2056557,516,32,764175,2056317,2056465,764745,148,1292290,1292142,0,0,0
1837828,313,64,466778,1837153,1837828,470812,675,1371050,1370375,0,0,0
2057645,510,32,760046,2056557,2057645,765372,1088,1297599,1296511,0,0,0
1838362,318,64,475285,1837828,1838362,476400,534,1363077,1362543,0,0,0
2058539,513,32,763339,2057645,2058539,769217,894,1295200,1294306,0,0,0
2059661,518,32,768743,2058539,2059661,769541,1122,1290918,1289796,0,0,0
1839655,317,64,474106,1838362,1839655,476821,1293,1365549,1364256,0,0,0
2062158,515,32,763687,2059661,2062158,770096,2497,1298471,1295974,0,0,0
1842544,316,64,473496,1839655,1842544,477193,2889,1369048,1366159,0,0,0
2062447,519,32,771396,2062158,2062447,772431,289,1291051,1290762,0,0,0
2063264,520,32,772469,2062447,2063264,774960,817,1290795,1289978,0,0,0
1843788,315,64,472955,1842544,1843788,479295,1244,1370833,1369589,0,0,0
2079186,230,32,333183,1807122,2079186,707130,272064,1746003,1473939,0,0,0
1844103,321,32,478364,1843788,1844103,480304,315,1365739,1365424,0,0,0
2079426,415,64,609039,2063264,2079373,775161,16109,1470334,1454225,0,0,0
2080017,521,64,778986,2079426,2080017,782085,591,1301031,1300440,0,0,0
1844343,326,32,480238,1844103,1844202,481508,99,1363964,1363865,0,0,0
2080447,524,64,783402,2080017,2080447,785085,430,1297045,1296615,0,0,0
1844583,319,32,476583,1843788,1844438,479748,650,1367855,1367205,0,0,0
2083678,511,64,761063,2080447,2083678,791435,3231,1322615,1319384,0,0,0
1845460,320,64,477942,1844343,1845460,481609,1117,1367518,1366401,0,0,0
2084018,528,64,792860,2083678,2084018,794038,340,1291158,1290818,0,0,0
2084991,527,64,792580,2084018,2084991,794580,973,1292411,1291438,0,0,0
1846459,324,64,478926,1845460,1846459,483054,999,1367533,1366534,0,0,0
2086357,529,32,794312,2084991,2086357,798338,1366,1292045,1290679,0,0,0
1846762,329,64,482384,1846459,1846762,484129,303,1364378,1364075,0,0,0
2087420,532,32,796121,2086357,2087420,799137,1063,1291299,1290236,0,0,0
2116840,447,32,667218,2087420,2116840,799223,29420,1449622,1420202,0,0,0
1848345,322,64,478395,1846762,1848345,484677,1583,1369950,1368367,0,0,0
2117080,534,32,797692,2116840,2117068,799799,228,1319376,1319148,0,0,0
1848895,330,64,484741,1848345,1848895,485584,550,1364154,1363604,0,0,0
2117326,535,32,798472,2117080,2117326,799920,246,1318854,1318608,0,0,0
2119544,526,32,792034,2117326,2119544,801176,2218,1327510,1325292,0,0,0
1849287,331,32,485761,1848895,1849287,487029,392,1363526,1363134,0,0,0
2120305,537,32,802752,2119544,2120305,803425,761,1317553,1316792,0,0,0
1863658,311,32,465612,1848895,1863658,486790,14763,1398046,1383283,0,0,0
2120709,536,32,801434,2120305,2120709,804205,404,1319275,1318871,0,0,0
2120949,407,32,594371,2084991,2120896,795825,35905,1526525,1490620,0,0,0
2083142,93,64,138158,1849287,2083142,489338,233855,1944984,1711129,0,0,0
2121926,533,64,796860,2120709,2121926,806081,1217,1325066,1323849,0,0,0
2083501,334,64,490034,2083142,2083501,491204,359,1593467,1593108,0,0,0
2122326,538,64,804737,2121926,2122326,807868,400,1317589,1317189,0,0,0
2123831,540,64,810232,2122326,2123831,812639,1505,1313599,1312094,0,0,0
2084444,332,64,488739,2083501,2084444,491569,943,1595705,1594762,0,0,0
2124260,541,64,811250,2123831,2124260,812935,429,1313010,1312581,0,0,0
2224536,286,64,419470,2084444,2224536,492103,140092,1805066,1664974,0,0,0
2126842,539,64,808160,2124260,2126842,816866,2582,1318682,1316100,0,0,0
2127978,544,64,816408,2126842,2127978,817464,1136,1311570,1310434,0,0,0
2224776,336,32,492531,2224536,2224693,493389,157,1732162,1732005,0,0,0
2128218,546,64,818681,2127978,2128041,819062,63,1309360,1309297,0,0,0
2249293,314,64,469595,2224536,2249293,497404,24757,1779698,1754941,0,0,0
2128962,545,64,817898,2128218,2128962,819071,744,1311064,1310320,0,0,0
2241837,278,64,408793,2128962,2241837,820032,112875,1833044,1720169,0,0,0
2250378,338,64,497287,2249293,2250378,499100,1085,1753091,1752006,0,0,0
2244702,542,64,813304,2241837,2244702,825186,2865,1431398,1428533,0,0,0
2246049,547,64,820170,2244702,2246049,828856,1347,1425879,1424532,0,0,0
2251657,335,64,492411,2250378,2251657,499160,1279,1759246,1757967,0,0,0
2246514,550,64,828114,2246049,2246514,829108,465,1418400,1417935,0,0,0
2253733,328,64,481869,2251657,2253733,499932,2076,1771864,1769788,0,0,0
2247503,551,64,830923,2246514,2247503,832134,989,1416580,1415591,0,0,0
2261680,325,64,480128,2022241,2261680,749374,239439,1781552,1542113,0,0,0
2266915,333,64,488990,2253733,2266915,503154,13182,1777925,1764743,0,0,0
2264605,530,64,795447,2261680,2264605,833613,2925,1469158,1466233,0,0,0
2272128,337,64,497002,2266915,2272128,505433,5213,1775126,1769913,0,0,0
2265675,549,64,825826,2264605,2265675,834424,1070,1439849,1438779,0,0,0
2266227,552,64,833111,2265675,2266227,834477,552,1433116,1432564,0,0,0
2272481,340,32,505822,2272128,2272481,507454,353,1766659,1766306,0,0,0
2268573,553,64,835645,2266227,2268573,839263,2346,1432928,1430582,0,0,0
2278879,342,64,508985,2272128,2278879,512706,6751,1769894,1763143,0,0,0
2270272,555,64,837685,2268573,2270272,842207,1699,1432587,1430888,0,0,0
2277862,548,64,821676,2270272,2277862,844260,7590,1456186,1448596,0,0,0
2279299,344,64,510238,2278879,2279299,513421,420,1769061,1768641,0,0,0
2278829,560,64,844525,2277862,2278829,846282,967,1434304,1433337,0,0,0
2279774,345,64,514015,2279299,2279774,515280,475,1765759,1765284,0,0,0
2279800,559,64,844278,2278829,2279800,847266,971,1435522,1434551,0,0,0
2283674,346,64,514536,2279774,2283674,517792,3900,1769138,1765238,0,0,0
2280040,561,64,847210,2279800,2279861,848090,61,1432651,1432590,0,0,0
2280280,563,64,849148,2280040,2280180,850150,140,1431032,1430892,0,0,0
2283939,348,64,518128,2283674,2283939,521080,265,1765811,1765546,0,0,0
2280960,566,64,852337,2280280,2280960,853406,680,1428623,1427943,0,0,0
2284072,351,64,522366,2283939,2284072,523044,133,1761706,1761573,0,0,0
2285239,565,64,850289,2280960,2285239,854117,4279,1434950,1430671,0,0,0
2285489,571,64,856514,2285239,2285489,857259,250,1428975,1428725,0,0,0
2285747,347,64,517899,2284072,2285747,523440,1675,1767848,1766173,0,0,0
2348237,79,64,108848,2247503,2348237,832973,100734,2239389,2138655,0,0,0
2286134,350,64,521796,2285747,2286134,523862,387,1764338,1763951,0,0,0
2348477,574,64,863426,2348237,2348384,864126,147,1484958,1484811,0,0,0
2354382,557,64,839993,2348477,2354382,864945,5905,1514389,1508484,0,0,0
2296842,323,64,478814,2286134,2296842,526295,10708,1818028,1807320,0,0,0
2354646,575,64,865178,2354382,2354646,865857,264,1489468,1489204,0,0,0
2351946,214,64,306046,2296842,2351946,526737,55104,2045900,1990796,0,0,0
2358741,379,64,563735,2285489,2358741,858660,73252,1795006,1721754,0,0,0
2352096,354,64,531876,2351946,2352096,532242,150,1820220,1820070,0,0,0
2364177,352,64,525867,2352096,2364177,533282,12081,1838310,1826229,0,0,0
2362568,522,64,779914,2358741,2362568,868257,3827,1582654,1578827,0,0,0
2362864,577,64,866922,2362568,2362864,869025,296,1495942,1495646,0,0,0
2369393,327,64,480356,2364177,2369393,533948,5216,1889037,1883821,0,0,0
2366087,485,64,725820,2354646,2366087,868191,11441,1640267,1628826,0,0,0
2367675,573,64,862655,2366087,2367675,870723,1588,1505020,1503432,0,0,0
2370337,355,32,534631,2369393,2370337,536969,944,1835706,1834762,0,0,0
2367915,583,64,874891,2367675,2367889,875354,214,1492998,1492784,0,0,0
2371056,356,32,536688,2370337,2371056,537697,719,1834368,1833649,0,0,0
2368509,582,64,873780,2367915,2368509,875572,594,1494729,1494135,0,0,0
2370789,576,64,866571,2368509,2370789,877769,2280,1504218,1501938,0,0,0
2371296,360,32,539845,2371056,2371253,540232,197,1831408,1831211,0,0,0
2371063,584,64,875580,2370789,2371063,878937,274,1495483,1495209,0,0,0
2372717,357,32,538443,2371296,2372717,541845,1421,1834274,1832853,0,0,0
2371372,586,64,878656,2371063,2371372,879404,309,1492716,1492407,0,0,0
2371612,570,64,855453,2362864,2371391,869221,8527,1515938,1507411,0,0,0
2371612,587,64,878933,2371372,2371534,881211,162,1492601,1492439,0,0,0
2395754,271,32,393650,2372717,2395754,541912,23037,2002104,1979067,0,0,0
2371852,589,64,882396,2371612,2371806,883522,194,1489410,1489216,0,0,0
2396724,358,32,538737,2395754,2396724,542667,970,1857987,1857017,0,0,0
2385189,572,64,860896,2371612,2385189,883722,13577,1524293,1510716,0,0,0
2386544,465,64,695462,2371852,2386544,885324,14692,1691082,1676390,0,0,0
2397007,361,32,541727,2396724,2397007,542949,283,1855280,1854997,0,0,0
2386988,590,64,884927,2386544,2386988,887356,444,1502061,1501617,0,0,0
2397371,362,32,543380,2397007,2397371,544964,364,1853991,1853627,0,0,0
2387787,593,64,887206,2386988,2387787,888173,799,1500581,1499782,0,0,0
2423353,139,32,192559,2369393,2423353,534423,53960,2230794,2176834,0,0,0
2390083,579,64,870529,2385189,2390083,886318,4894,1519554,1514660,0,0,0
2865852,207,64,293696,2397371,2865852,545711,468481,2572156,2103675,0,0,0
2390357,594,32,888441,2390083,2390357,889338,274,1501916,1501642,0,0,0
2866173,363,64,543817,2865852,2866173,548129,321,2322356,2322035,0,0,0
2402603,585,64,876655,2387787,2402603,888509,14816,1525948,1511132,0,0,0
2867042,359,64,539587,2866173,2867042,550897,869,2327455,2326586,0,0,0
2403221,595,64,888725,2402603,2403221,895834,618,1514496,1513878,0,0,0
2868581,353,64,528310,2867042,2868581,551855,1539,2340271,2338732,0,0,0
2404743,597,64,894087,2403221,2404743,897535,1522,1510656,1509134,0,0,0
2869569,367,64,552550,2868581,2869569,553552,988,2317019,2316031,0,0,0
2405542,592,64,886810,2404743,2405542,898167,799,1518732,1517933,0,0,0
2870431,365,32,548877,2869569,2870431,554341,862,2321554,2320692,0,0,0
2453721,453,64,680690,2390083,2453721,890650,63638,1773031,1709393,0,0,0
2870795,366,64,551355,2869569,2870795,554414,1226,2319440,2318214,0,0,0
2454867,596,64,891064,2453721,2454867,900655,1146,1563803,1562657,0,0,0
2462047,385,64,568787,2405542,2462047,899133,56505,1893260,1836755,0,0,0
2872380,364,64,543916,2870795,2872380,557448,1585,2328464,2326879,0,0,0
2462832,601,64,901881,2462047,2462832,903261,785,1560951,1560166,0,0,0
2464735,598,64,894687,2462832,2464735,906910,1903,1570048,1568145,0,0,0
2887626,349,64,521748,2872380,2887626,558951,15246,2365878,2350632,0,0,0
2465912,603,64,904713,2464735,2465912,907417,1177,1561199,1560022,0,0,0
2466152,606,64,910190,2465912,2466040,910499,128,1555850,1555722,0,0,0
2887849,370,64,557484,2887626,2887849,559852,223,2330365,2330142,0,0,0
2467193,599,64,895064,2466152,2467193,910986,1041,1572129,1571088,0,0,0
2993370,163,64,221394,2887849,2993370,561826,105521,2771976,2666455,0,0,0
2477115,558,64,843099,2467193,2477115,913102,9922,1634016,1624094,0,0,0
2479135,605,64,909619,2477115,2479135,915913,2020,1569516,1567496,0,0,0
2994043,368,64,553719,2993370,2994043,561851,673,2440324,2439651,0,0,0
2479436,610,64,915812,2479135,2479436,917658,301,1563624,1563323,0,0,0
2995584,372,64,558860,2994043,2995584,565143,1541,2436724,2435183,0,0,0
2495669,508,64,756028,2454867,2495669,902817,40802,1739641,1698839,0,0,0
2996528,382,64,564608,2995584,2996528,566333,944,2431920,2430976,0,0,0
2498407,607,64,911037,2495669,2498407,920303,2738,1587370,1584632,0,0,0
2997340,383,32,567257,2996528,2997340,568084,812,2430083,2429271,0,0,0
2499350,611,64,917287,2498407,2499350,921277,943,1582063,1581120,0,0,0
2499805,554,64,837040,2479436,2499805,917707,20369,1662765,1642396,0,0,0
2997974,378,32,563077,2997340,2997974,568438,634,2434897,2434263,0,0,0
2500239,615,64,927524,2499350,2500239,929163,889,1572715,1571826,0,0,0
2999619,381,32,564158,2997974,2999619,569306,1645,2435461,2433816,0,0,0
2501454,614,32,923859,2500239,2501454,930477,1215,1577595,1576380,0,0,0
2502057,613,64,922980,2499805,2502057,929995,2252,1579077,1576825,0,0,0
2999859,369,32,556578,2996528,2999802,567713,3274,2443224,2439950,0,0,0
2502315,618,32,931332,2502057,2502315,933289,258,1570983,1570725,0,0,0
3000141,386,64,570208,2999619,3000141,572127,522,2429933,2429411,0,0,0
2502942,621,32,932901,2502315,2502942,933542,627,1570041,1569414,0,0,0
3017624,265,64,389751,3000141,3017624,572417,17483,2627873,2610390,0,0,0
2503360,619,32,932454,2502942,2503360,934515,418,1570906,1570488,0,0,0
3021285,374,64,559344,3017624,3021285,572540,3661,2461941,2458280,0,0,0
2504213,617,32,930877,2503360,2504213,936669,853,1573336,1572483,0,0,0
3022804,384,64,568018,3021285,3022804,572575,1519,2454786,2453267,0,0,0
2517958,568,32,853819,2500239,2517958,932423,17719,1664139,1646420,0,0,0
2534452,412,64,603738,2501454,2534452,933260,32998,1930714,1897716,0,0,0
3023091,391,64,574359,3022804,3023091,575245,287,2448732,2448445,0,0,0
2534784,624,32,937547,2534452,2534784,938882,332,1597237,1596905,0,0,0
3030159,377,64,562981,3023091,3030159,576797,7068,2467178,2460110,0,0,0
2614937,506,64,754718,2504213,2614937,937725,110724,1860219,1749495,0,0,0
3030989,392,64,575224,3030159,3030989,576904,830,2455765,2454935,0,0,0
2615222,626,32,939859,2614937,2615222,940974,285,1675363,1675078,0,0,0
2615706,620,32,932678,2615222,2615706,941401,484,1683028,1682544,0,0,0
3031627,393,64,576964,3030989,3031627,578258,638,2454663,2454025,0,0,0
2616264,627,32,941761,2615706,2616264,942724,558,1674503,1673945,0,0,0
3031902,394,64,578936,3031627,3031902,580026,275,2452966,2452691,0,0,0
2616527,629,32,942476,2616264,2616527,943210,263,1674051,1673788,0,0,0
3032373,395,64,579345,3031902,3032373,580157,471,2453028,2452557,0,0,0
2616767,630,32,943235,2616527,2616617,944008,90,1673382,1673292,0,0,0
2618678,628,32,942308,2616767,2618678,944842,1911,1676370,1674459,0,0,0
3039322,373,64,559307,3032373,3039322,580465,6949,2480015,2473066,0,0,0
2619344,609,32,915497,2614937,2619344,940787,4407,1703847,1699440,0,0,0
2637030,581,64,871116,2618678,2637030,946474,18352,1765914,1747562,0,0,0
2637270,632,64,944410,2637030,2637219,946521,189,1692809,1692620,0,0,0
3039967,396,64,580370,3039322,3039967,583892,645,2459597,2458952,0,0,0
2637572,635,64,946171,2637270,2637572,947063,302,1691401,1691099,0,0,0
3041012,388,64,570619,3039967,3041012,584147,1045,2470393,2469348,0,0,0
2697845,517,64,765542,2534452,2697845,939743,163393,1932303,1768910,0,0,0
3041385,399,64,582527,3041012,3041385,584572,373,2458858,2458485,0,0,0
3042260,398,32,581730,3041385,3042260,585508,875,2460530,2459655,0,0,0
2698633,625,64,937960,2697845,2698633,951712,788,1760673,1759885,0,0,0
3045718,376,32,561712,3041385,3045718,584689,4333,2484006,2479673,0,0,0
2711033,622,64,934788,2698633,2711033,951938,12400,1776245,1763845,0,0,0
3062131,387,64,570607,3042260,3062131,588616,19871,2491524,2471653,0,0,0
3063575,401,64,587322,3062131,3063575,589516,1444,2476253,2474809,0,0,0
2712108,637,64,949832,2711033,2712108,952357,1075,1762276,1761201,0,0,0
3063925,405,64,593184,3063575,3063925,594665,350,2470741,2470391,0,0,0
2712348,640,64,954242,2712108,2712205,954951,97,1757963,1757866,0,0,0
3067589,403,64,591551,3063925,3067589,594711,3664,2476038,2472374,0,0,0
2713871,636,64,949466,2712348,2713871,956204,1523,1764405,1762882,0,0,0
3100035,144,64,195423,3067589,3100035,595781,32446,2904612,2872166,0,0,0
3103738,397,64,581347,3100035,3103738,596008,3703,2522391,2518688,0,0,0
2746390,591,64,885399,2713871,2746390,958965,32519,1860991,1828472,0,0,0
3112871,380,64,563958,3103738,3112871,596143,9133,2548913,2539780,0,0,0
2748013,633,64,944720,2746390,2748013,961925,1623,1803293,1801670,0,0,0
3113329,404,64,593110,3112871,3113329,596252,458,2520219,2519761,0,0,0
2748913,642,64,960658,2748013,2748913,964403,900,1788255,1787355,0,0,0
3114182,408,32,597519,3113329,3114182,598352,853,2516663,2515810,0,0,0
2749252,643,64,961287,2748913,2749252,965708,339,1787965,1787626,0,0,0
3117488,402,32,591068,3114182,3117488,599860,3306,2526420,2523114,0,0,0
2749798,644,64,964016,2749252,2749798,965852,546,1785782,1785236,0,0,0
2750307,645,64,964204,2749798,2750307,965868,509,1786103,1785594,0,0,0
3117763,410,32,599959,3117488,3117763,600991,275,2517804,2517529,0,0,0
2751469,641,64,959233,2750307,2751469,967157,1162,1792236,1791074,0,0,0
3119146,390,32,572789,3113329,3119146,597191,5817,2546357,2540540,0,0,0
2751861,647,64,966124,2751469,2751861,967228,392,1785737,1785345,0,0,0
2753228,648,64,966889,2751861,2753228,968470,1367,1786339,1784972,0,0,0
3120736,409,64,597780,3117763,3120736,601946,2973,2522956,2519983,0,0,0
2753699,652,64,969298,2753228,2753699,969756,471,1784401,1783930,0,0,0
2940621,341,64,508407,2637572,2940621,951262,303049,2432214,2129165,0,0,0
3122159,406,64,593295,3120736,3122159,602080,1423,2528864,2527441,0,0,0
2940861,650,64,968626,2940621,2940802,970796,181,1972176,1971995,0,0,0
2970315,523,64,782613,2753699,2970315,970244,216616,2187702,1971086,0,0,0
3122297,413,64,605507,3122159,3122297,606452,138,2516790,2516652,0,0,0
2971074,649,32,967914,2970315,2971074,974575,759,2003160,2002401,0,0,0
3129296,411,64,603177,3122297,3129296,607339,6999,2526119,2519120,0,0,0
3130546,414,64,608342,3129296,3130546,613926,1250,2522204,2520954,0,0,0
2971822,656,32,974462,2971074,2971822,975760,748,1997360,1996612,0,0,0
3131661,416,64,610852,3130546,3131661,616105,1115,2520809,2519694,0,0,0
2974188,646,32,965974,2970315,2974188,973173,3873,2008214,2004341,0,0,0
3132275,419,32,617116,3131661,3132275,620755,614,2515159,2514545,0,0,0
2985914,651,64,968903,2971822,2985914,977370,14092,2017011,2002919,0,0,0
3133519,418,32,614206,3132275,3133519,621687,1244,2519313,2518069,0,0,0
2988905,653,64,971872,2985914,2988905,977537,2991,2017033,2014042,0,0,0
2989242,657,32,976344,2988905,2989242,980676,337,2012898,2012561,0,0,0
3134266,417,32,612852,3131661,3134266,616872,2605,2521414,2518809,0,0,0
2989482,660,32,981899,2989242,2989382,983427,140,2007483,2007343,0,0,0
3134859,420,64,620520,3133519,3134859,624645,1340,2514339,2512999,0,0,0
2990575,658,32,976945,2989482,2990575,984131,1093,2013630,2012537,0,0,0
2993499,634,32,944806,2988905,2993499,977572,4594,2048693,2044099,0,0,0
3072650,220,64,320685,2990575,3072650,988970,82075,2751965,2669890,0,0,0
3148642,306,64,456951,3134859,3148642,626664,13783,2691691,2677908,0,0,0
3074927,655,32,974104,3072650,3074927,989069,2277,2100823,2098546,0,0,0
3149177,422,32,626621,3148642,3149177,627943,535,2522556,2522021,0,0,0
3079948,564,64,849218,3072650,3079948,992926,7298,2230730,2223432,0,0,0
3081314,663,64,992141,3079948,3081314,994952,1366,2089173,2087807,0,0,0
3082645,664,64,995064,3081314,3082645,997084,1331,2087581,2086250,0,0,0
3150738,424,64,627345,3148642,3150738,633826,2096,2523393,2521297,0,0,0
3083393,666,64,996367,3082645,3083393,997852,748,2087026,2086278,0,0,0
3151637,426,64,628977,3150738,3151637,634948,899,2522660,2521761,0,0,0
3083692,667,64,997669,3083393,3083692,998351,299,2086023,2085724,0,0,0
3152077,430,32,634795,3151637,3152077,635956,440,2517282,2516842,0,0,0
3152253,431,64,635437,3151637,3152253,636649,616,2516816,2516200,0,0,0
3084311,665,64,995642,3083692,3084311,1001572,619,2088669,2088050,0,0,0
3098339,580,64,870999,3084311,3098339,1001642,14028,2227340,2213312,0,0,0
3153056,433,64,636793,3152253,3153056,639818,803,2516263,2515460,0,0,0
3160119,421,64,625351,3153056,3160119,640655,7063,2534768,2527705,0,0,0
3098818,668,64,1001436,3098339,3098818,1002040,479,2097382,2096903,0,0,0
3160980,429,64,632901,3160119,3160980,641090,861,2528079,2527218,0,0,0
3099196,669,64,1002202,3098818,3099196,1003255,378,2096994,2096616,0,0,0
3251659,254,64,371923,3160980,3251659,642076,90679,2879736,2789057,0,0,0
3099436,674,64,1011460,3099196,3099285,1011972,89,2087825,2087736,0,0,0
3256706,423,64,626912,3251659,3256706,642718,5047,2629794,2624747,0,0,0
3258498,432,32,636522,3256706,3258498,644351,1792,2621976,2620184,0,0,0
3100892,671,64,1007514,3099436,3100892,1011973,1456,2093378,2091922,0,0,0
3260199,427,32,631104,3256706,3260199,643545,3493,2629095,2625602,0,0,0
3106135,662,32,989746,3100892,3106135,1012298,5243,2116389,2111146,0,0,0
3260759,437,64,647256,3258498,3260759,652410,2261,2613503,2611242,0,0,0
3106554,339,64,499533,2940861,3106554,972501,165693,2607021,2441328,0,0,0
3261142,439,64,649208,3260759,3261142,653537,383,2611934,2611551,0,0,0
3106794,677,64,1013423,3106554,3106689,1014748,135,2093266,2093131,0,0,0
3261323,440,64,652868,3261142,3261323,653607,181,2608455,2608274,0,0,0
3110158,680,64,1015280,3106794,3110158,1018077,3364,2094878,2091514,0,0,0
3286217,389,64,571747,3261323,3286217,656272,24894,2714470,2689576,0,0,0
3112061,672,64,1007762,3110158,3112061,1020869,1903,2104299,2102396,0,0,0
3286457,441,32,657676,3286217,3286404,658916,187,2628728,2628541,0,0,0
3119113,525,64,785450,3100892,3119113,1013769,18221,2333663,2315442,0,0,0
3124340,676,64,1013335,3119113,3124340,1022632,5227,2111005,2105778,0,0,0
3340215,343,64,509155,3286217,3340215,659933,53998,2831060,2777062,0,0,0
3127242,678,64,1014139,3124340,3127242,1022809,2902,2113103,2110201,0,0,0
3342024,425,64,627713,3340215,3342024,660227,1809,2714311,2712502,0,0,0
3127482,682,64,1021577,3127242,3127392,1023507,150,2105815,2105665,0,0,0
3347158,438,64,648741,3342024,3347158,662233,5134,2698417,2693283,0,0,0
3128071,684,64,1021725,3127482,3128071,1026612,589,2106346,2105757,0,0,0
3128764,686,64,1024545,3128071,3128764,1028083,693,2104219,2103526,0,0,0
3350272,434,64,638756,3347158,3350272,663252,3114,2711516,2708402,0,0,0
3130254,670,64,1005383,3112061,3130254,1021933,18193,2124871,2106678,0,0,0
3350789,445,64,664527,3350272,3350789,665072,517,2686262,2685745,0,0,0
3132471,687,64,1025025,3130254,3132471,1029036,2217,2107446,2105229,0,0,0
3133363,692,64,1028967,3132471,3133363,1030624,892,2104396,2103504,0,0,0
3351420,446,64,666335,3350789,3351420,668371,631,2685085,2684454,0,0,0
3134551,693,64,1030708,3133363,3134551,1032241,1188,2103843,2102655,0,0,0
3351961,448,32,671090,3351420,3351961,671841,541,2680871,2680330,0,0,0
3153019,502,64,751818,3128764,3153019,1028314,24255,2401201,2376946,0,0,0
3352999,443,32,660143,3351420,3352999,669899,1579,2692856,2691277,0,0,0
3154259,691,64,1026919,3153019,3154259,1034828,1240,2127340,2126100,0,0,0
3358772,444,64,662910,3351961,3358772,673908,6811,2695862,2689051,0,0,0
3156737,690,32,1025397,3154259,3156737,1035877,2478,2131340,2128862,0,0,0
3359044,450,64,677134,3358772,3359044,677897,272,2681910,2681638,0,0,0
3158333,685,64,1024480,3154259,3158333,1035964,4074,2133853,2129779,0,0,0
3361196,449,64,676411,3359044,3361196,678556,2152,2684785,2682633,0,0,0
3159695,697,32,1037379,3158333,3159695,1042408,1362,2122316,2120954,0,0,0
3461278,133,64,187323,3361196,3461278,681920,100082,3273955,3173873,0,0,0
3461361,454,64,681280,3461278,3461361,682406,83,2780081,2779998,0,0,0
3160909,688,32,1025212,3158333,3160909,1037039,2576,2135697,2133121,0,0,0
3461601,455,32,681483,3461361,3461584,682538,223,2780101,2779878,0,0,0
3168751,694,64,1033511,3159695,3168751,1042489,9056,2135240,2126184,0,0,0
3462002,451,64,679569,3461361,3462002,682582,641,2782433,2781792,0,0,0
3462272,458,64,690074,3462002,3462272,691598,270,2772198,2771928,0,0,0
3205753,600,64,900042,3168751,3205753,1043409,37002,2305711,2268709,0,0,0
3206765,700,64,1044575,3205753,3206765,1047078,1012,2162190,2161178,0,0,0
3463877,459,64,691451,3462272,3463877,694382,1605,2772426,2770821,0,0,0
3221050,531,64,796115,3134551,3221050,1034367,86499,2424935,2338436,0,0,0
3221290,703,64,1050112,3221050,3221170,1051629,120,2171058,2170938,0,0,0
3464005,463,64,693379,3463877,3464005,695007,128,2770626,2770498,0,0,0
3223313,701,64,1044668,3221290,3223313,1052338,2023,2178645,2176622,0,0,0
3468640,456,64,685076,3464005,3468640,695175,4635,2783564,2778929,0,0,0
3225511,699,64,1044158,3223313,3225511,1052491,2198,2181353,2179155,0,0,0
3232076,702,64,1048772,3225511,3232076,1053115,6565,2183304,2176739,0,0,0
3579565,297,64,445072,3468640,3579565,695502,110925,3134493,3023568,0,0,0
3579632,466,64,695778,3579565,3579632,696517,67,2883854,2883787,0,0,0
3260581,639,64,951711,3206765,3260581,1048303,53816,2308870,2255054,0,0,0
3328870,602,64,904666,3260581,3328870,1055166,68289,2424204,2355915,0,0,0
3580385,464,64,695456,3579632,3580385,696836,753,2884929,2884176,0,0,0
3329110,707,64,1054492,3328870,3328952,1055411,82,2274460,2274378,0,0,0
3581106,457,64,689883,3580385,3581106,696845,721,2891223,2890502,0,0,0
3354837,681,64,1018029,3329110,3354837,1056357,25727,2336808,2311081,0,0,0
3355077,710,64,1056038,3354837,3354964,1056794,127,2298926,2298799,0,0,0
3581234,468,64,696676,3581106,3581234,698320,128,2884558,2884430,0,0,0
3355955,706,64,1053384,3355077,3355955,1056846,878,2302571,2301693,0,0,0
3581430,467,64,696644,3581234,3581430,699799,196,2884786,2884590,0,0,0
3356270,711,32,1056371,3355955,3356270,1057841,315,2299899,2299584,0,0,0
3584658,462,64,692951,3581430,3584658,701142,3228,2891707,2888479,0,0,0
3356510,708,64,1054586,3355955,3356278,1059084,323,2301692,2301369,0,0,0
3587572,460,64,692238,3584658,3587572,703513,2914,2895334,2892420,0,0,0
3360203,705,64,1052151,3356510,3360203,1060046,3693,2308052,2304359,0,0,0
3587641,473,64,703109,3587572,3587641,703538,69,2884532,2884463,0,0,0
3360567,714,32,1062009,3360203,3360567,1064143,364,2298558,2298194,0,0,0
3587720,472,64,702606,3587641,3587720,704015,79,2885114,2885035,0,0,0
3360867,713,32,1060381,3360203,3360867,1063467,664,2300486,2299822,0,0,0
3588091,475,64,704760,3587720,3588091,705961,371,2883331,2882960,0,0,0
3375345,683,32,1021631,3360867,3375345,1068098,14478,2353714,2339236,0,0,0
3607208,375,64,560904,3588091,3607208,706412,19117,3046304,3027187,0,0,0
3376211,716,32,1065924,3375345,3376211,1069161,866,2310287,2309421,0,0,0
3397946,608,32,913188,3376211,3397946,1070454,21735,2484758,2463023,0,0,0
3607749,469,32,698158,3607208,3607749,707688,541,2909591,2909050,0,0,0
3402822,709,32,1055239,3397946,3402822,1070512,4876,2347583,2342707,0,0,0
3609410,471,32,702259,3607749,3609410,710644,1661,2907151,2905490,0,0,0
3414226,623,32,935460,3402822,3414226,1071334,11404,2478766,2467362,0,0,0
3416221,717,32,1067840,3414226,3416221,1071741,1995,2348381,2346386,0,0,0
3609650,479,32,710590,3609410,3609505,711569,95,2898915,2898820,0,0,0
3610096,478,32,708241,3609650,3610096,713234,446,2901855,2901409,0,0,0
3417261,719,32,1070367,3416221,3417261,1072793,1040,2346894,2345854,0,0,0
3611478,477,32,706515,3610096,3611478,715924,1382,2904963,2903581,0,0,0
3418568,718,32,1069932,3417261,3418568,1076449,1307,2348636,2347329,0,0,0
3446071,569,32,855423,3360567,3446071,1067505,85504,2590648,2505144,0,0,0
3613399,474,32,704282,3611478,3613399,716128,1921,2909117,2907196,0,0,0
3450225,588,64,880521,3418568,3450225,1077141,31657,2569704,2538047,0,0,0
3460375,470,64,699553,3232076,3460375,1054738,228299,2760822,2532523,0,0,0
3705460,371,32,558239,3613399,3705460,717541,92061,3147221,3055160,0,0,0
3460869,721,64,1076233,3460375,3460869,1083255,494,2384636,2384142,0,0,0
3783650,436,32,644781,3705460,3783650,719857,78190,3138869,3060679,0,0,0
3462363,722,64,1079996,3460869,3462363,1083608,1494,2382367,2380873,0,0,0
3786899,476,32,706082,3783650,3786899,720768,3249,3080817,3077568,0,0,0
3462603,723,64,1082888,3462363,3462475,1083833,112,2379587,2379475,0,0,0
3466324,689,64,1025355,3450225,3466324,1081382,16099,2440969,2424870,0,0,0
3787252,483,32,720718,3786899,3787252,721454,353,3066534,3066181,0,0,0
3467865,726,64,1085981,3466324,3467865,1088508,1541,2381884,2380343,0,0,0
3829829,428,32,631184,3787252,3829829,721653,42577,3198645,3156068,0,0,0
3468105,728,64,1089446,3467865,3467914,1090300,49,2378468,2378419,0,0,0
3830135,484,32,723622,3829829,3830135,724418,306,3106513,3106207,0,0,0
3468345,675,64,1011695,3462603,3468298,1086169,5695,2456603,2450908,0,0,0
3843237,461,32,692426,3830135,3843237,727889,13102,3150811,3137709,0,0,0
3468605,725,64,1085837,3468105,3468605,1092829,500,2382768,2382268,0,0,0
3843477,486,32,727088,3843237,3843417,728853,180,3116329,3116149,0,0,0
3470140,724,64,1085756,3468605,3470140,1097501,1535,2384384,2382849,0,0,0
3843983,488,32,728314,3843477,3843983,729767,506,3115669,3115163,0,0,0
3470380,733,64,1098486,3470140,3470213,1099391,73,2371727,2371654,0,0,0
3844223,490,32,730958,3843983,3844180,732219,197,3113222,3113025,0,0,0
3472949,729,64,1090140,3468345,3472949,1096922,4604,2382809,2378205,0,0,0
3844803,491,32,731146,3844223,3844803,732401,580,3113657,3113077,0,0,0
3474682,732,64,1097607,3472949,3474682,1102886,1733,2377075,2375342,0,0,0
3475350,734,64,1098691,3474682,3475350,1103276,668,2376659,2375991,0,0,0
3845043,492,32,733209,3844803,3844917,733793,114,3111708,3111594,0,0,0
3476013,736,64,1101290,3475350,3476013,1103347,663,2374723,2374060,0,0,0
3476271,738,64,1104537,3476013,3476271,1105329,258,2371734,2371476,0,0,0
3847633,489,32,728486,3845043,3847633,735300,2590,3119147,3116557,0,0,0
3477702,735,32,1099446,3476271,3477702,1107058,1431,2378256,2376825,0,0,0
3484805,731,64,1096470,3476271,3484805,1107248,8534,2388335,2379801,0,0,0
3848617,493,32,734391,3847633,3848617,737274,984,3114226,3113242,0,0,0
3485045,742,64,1108346,3484805,3484875,1108847,70,2376529,2376459,0,0,0
3853306,482,32,719705,3848617,3853306,737661,4689,3133601,3128912,0,0,0
3487487,737,64,1104500,3485045,3487487,1109802,2442,2382987,2380545,0,0,0
3879272,230,32,333183,3607208,3879272,707130,272064,3546089,3274025,0,0,0
3488341,745,64,1111104,3487487,3488341,1113162,854,2377237,2376383,0,0,0
3492433,740,64,1105795,3488341,3492433,1113396,4092,2386638,2382546,0,0,0
3919069,435,64,638818,3853306,3919069,737865,65763,3280251,3214488,0,0,0
3967581,302,64,449293,3919069,3967581,744332,48512,3518288,3469776,0,0,0
3492673,749,64,1116718,3492433,3492652,1117726,219,2375934,2375715,0,0,0
3976703,480,64,713070,3967581,3976703,745793,9122,3263633,3254511,0,0,0
3494384,747,64,1111877,3492673,3494384,1118565,1711,2382507,2380796,0,0,0
3978957,487,64,727813,3976703,3978957,746410,2254,3251144,3248890,0,0,0
3495269,741,64,1108212,3494384,3495269,1118993,885,2387057,2386172,0,0,0
3495683,750,64,1119623,3495269,3495683,1121294,414,2376060,2375646,0,0,0
3979114,497,64,747232,3978957,3979114,748131,157,3231882,3231725,0,0,0
3506848,720,64,1075987,3495683,3506848,1122302,11165,2430861,2419696,0,0,0
3515880,744,64,1109126,3506848,3515880,1127293,9032,2406754,2397722,0,0,0
4000766,442,64,657900,3979114,4000766,748568,21652,3342866,3321214,0,0,0
3516932,757,64,1126157,3515880,3516932,1128615,1052,2390775,2389723,0,0,0
3520128,746,64,1111668,3516932,3520128,1129921,3196,2408460,2405264,0,0,0
4029354,400,32,583760,4000766,4029354,749052,28588,3445594,3417006,0,0,0
3525160,755,64,1123241,3520128,3525160,1130978,5032,2401919,2396887,0,0,0
3525765,754,64,1122640,3525160,3525765,1131600,605,2403125,2402520,0,0,0
4235993,325,64,480128,4000766,4235993,749374,235227,3755865,3520638,0,0,0
3526157,758,64,1130853,3525765,3526157,1132418,392,2395304,2394912,0,0,0
4236233,501,32,751156,4235993,4236155,753402,162,3484999,3484837,0,0,0
3574411,512,64,762628,3526157,3574411,1134196,48254,2811783,2763529,0,0,0
3577092,638,64,949885,3470380,3577092,1100067,106712,2627207,2520495,0,0,0
4236473,504,32,752947,4236233,4236348,753876,115,3483401,3483286,0,0,0
3578639,760,64,1132335,3577092,3578639,1136732,1547,2446304,2444757,0,0,0
3578879,761,64,1133921,3578639,3578785,1137034,146,2444864,2444718,0,0,0
4238012,494,32,739418,4235993,4238012,752632,2019,3498594,3496575,0,0,0
3579232,759,64,1132169,3578879,3579232,1137407,353,2447063,2446710,0,0,0
3609433,631,64,944252,3574411,3609433,1136688,35022,2665181,2630159,0,0,0
3609999,763,64,1141452,3609433,3609999,1142629,566,2468547,2467981,0,0,0
4241252,495,64,741565,4236473,4241252,754233,4779,3499687,3494908,0,0,0
4242749,503,64,752946,4241252,4242749,754993,1497,3489803,3488306,0,0,0
3628484,762,32,1134814,3609999,3628484,1144996,18485,2493670,2475185,0,0,0
3628749,765,32,1146059,3628484,3628749,1146485,265,2482690,2482425,0,0,0
4252204,496,64,747012,4242749,4252204,756678,9455,3505192,3495737,0,0,0
3634589,739,64,1105652,3579232,3634589,1139913,55357,2528937,2473580,0,0,0
4253093,498,64,748273,4252204,4253093,757882,889,3504820,3503931,0,0,0
3645328,748,64,1114251,3628749,3645328,1147585,16579,2531077,2514498,0,0,0
3648652,764,32,1143358,3645328,3648652,1149593,3324,2505294,2501970,0,0,0
3648892,756,64,1123861,3634589,3648684,1148039,14095,2524823,2510728,0,0,0
3648892,766,32,1147871,3648652,3648882,1151709,230,2501011,2500781,0,0,0
4254687,507,64,755264,4253093,4254687,760625,1594,3499423,3497829,0,0,0
3653592,751,32,1120166,3648892,3653592,1158362,4700,2533426,2528726,0,0,0
3654021,769,32,1155101,3653592,3654021,1158376,429,2498920,2498491,0,0,0
4254793,509,64,758321,4254687,4254793,760756,106,3496472,3496366,0,0,0
3656253,770,32,1155617,3654021,3656253,1158933,2232,2500636,2498404,0,0,0
4256042,505,64,753823,4254793,4256042,763714,1249,3502219,3500970,0,0,0
3658719,776,32,1159744,3656253,3658719,1161779,2466,2498975,2496509,0,0,0
4261383,499,64,749548,4256042,4261383,764503,5341,3511835,3506494,0,0,0
3663753,777,32,1159811,3658719,3663753,1165516,5034,2503942,2498908,0,0,0
3664263,779,32,1163921,3663753,3664263,1165615,510,2500342,2499832,0,0,0
4261678,514,64,763681,4261383,4261678,764557,295,3497997,3497702,0,0,0
3664503,781,32,1165017,3664263,3664479,1165693,216,2499462,2499246,0,0,0
3665927,556,64,838146,3648892,3665927,1155260,17035,2827781,2810746,0,0,0
4261820,516,64,764175,4261678,4261820,764745,142,3497645,3497503,0,0,0
3668918,774,32,1157825,3665927,3668918,1167447,2991,2511093,2508102,0,0,0
3669456,785,32,1169373,3668918,3669456,1169721,538,2500083,2499545,0,0,0
4262714,513,32,763339,4261820,4262714,769217,894,3499375,3498481,0,0,0
3669733,786,32,1170493,3669456,3669733,1171998,277,2499240,2498963,0,0,0
4262954,510,32,760046,4261820,4262908,765372,1088,3502862,3501774,0,0,0
3677391,783,32,1166260,3669733,3677391,1172105,7658,2511131,2503473,0,0,0
4263872,518,64,768743,4262714,4263872,769541,1158,3495129,3493971,0,0,0
3677631,787,32,1170735,3677391,3677616,1172701,225,2506881,2506656,0,0,0
3685472,753,32,1121418,3677631,3685472,1173628,7841,2564054,2556213,0,0,0
4266471,515,64,763687,4263872,4266471,770096,2599,3502784,3500185,0,0,0
3716355,500,32,750107,3609999,3716355,1144146,106356,2966248,2859892,0,0,0
3716595,727,32,1088496,3685472,3716465,1174618,30993,2627969,2596976,0,0,0
4266774,519,64,771396,4266471,4266774,772431,303,3495378,3495075,0,0,0
3717166,780,64,1164486,3716355,3717166,1175888,811,2552680,2551869,0,0,0
4267660,520,64,772469,4266774,4267660,774960,886,3495191,3494305,0,0,0
3717495,791,64,1175715,3717166,3717495,1178309,329,2541780,2541451,0,0,0
3726125,782,64,1165669,3717495,3726125,1178982,8630,2560456,2551826,0,0,0
4282072,415,64,609039,4267660,4282072,775161,14412,3673033,3658621,0,0,0
4282663,521,64,778986,4282072,4282663,782085,591,3503677,3503086,0,0,0
3727048,790,64,1175608,3726125,3727048,1179172,923,2551440,2550517,0,0,0
4283093,524,64,783402,4282663,4283093,785085,430,3499691,3499261,0,0,0
3731111,772,64,1156567,3727048,3731111,1183649,4063,2574544,2570481,0,0,0
3731495,792,64,1181540,3731111,3731495,1184045,384,2549955,2549571,0,0,0
4286324,511,64,761063,4283093,4286324,791435,3231,3525261,3522030,0,0,0
4286664,528,64,792860,4286324,4286664,794038,340,3493804,3493464,0,0,0
3739907,784,64,1168330,3731495,3739907,1185472,8412,2571577,2563165,0,0,0
3753286,752,64,1120996,3739907,3753286,1189205,13379,2632290,2618911,0,0,0
3755376,794,32,1186181,3753286,3755376,1197459,2090,2569195,2567105,0,0,0
4287637,527,64,792580,4286664,4287637,794580,973,3495057,3494084,0,0,0
3755654,797,32,1197903,3755376,3755654,1198915,278,2557751,2557473,0,0,0
4289003,529,32,794312,4287637,4289003,798338,1366,3494691,3493325,0,0,0
3757032,788,32,1174422,3753286,3757032,1195879,3746,2582610,2578864,0,0,0
3792480,773,64,1157672,3755654,3792480,1201498,36826,2634808,2597982,0,0,0
4290066,532,32,796121,4289003,4290066,799137,1063,3493945,3492882,0,0,0
3853201,616,64,929478,3664503,3853201,1166226,188698,2923723,2735025,0,0,0
3858398,798,64,1201797,3853201,3858398,1208293,5197,2656601,2651404,0,0,0
4319486,447,32,667218,4290066,4319486,799223,29420,3652268,3622848,0,0,0
3858638,801,64,1208271,3858398,3858616,1209519,218,2650345,2650127,0,0,0
3858878,800,32,1208054,3858638,3858821,1210054,183,2650767,2650584,0,0,0
3898702,778,32,1162342,3858878,3898702,1210131,39824,2736360,2696536,0,0,0
4319726,534,32,797692,4319486,4319714,799799,228,3522022,3521794,0,0,0
3908790,567,32,853161,3858638,3908790,1209540,50152,3055629,3005477,0,0,0
3919962,771,64,1155874,3898702,3919962,1210505,21260,2764088,2742828,0,0,0
4319972,535,32,798472,4319726,4319972,799920,246,3521500,3521254,0,0,0
3920202,803,64,1210669,3919962,3920058,1211618,96,2709389,2709293,0,0,0
3921686,796,64,1195367,3920202,3921686,1214334,1484,2726319,2724835,0,0,0
4322190,526,32,792034,4319972,4322190,801176,2218,3530156,3527938,0,0,0
3970189,578,64,867272,3921686,3970189,1215282,48503,3102917,3054414,0,0,0
3978364,767,64,1149022,3970189,3978364,1219529,8175,2829342,2821167,0,0,0
4322951,537,32,802752,4322190,4322951,803425,761,3520199,3519438,0,0,0
3978604,806,64,1222127,3978364,3978439,1222928,75,2756312,2756237,0,0,0
3984885,804,64,1218008,3978604,3984885,1226898,6281,2766877,2760596,0,0,0
4323355,536,32,801434,4322951,4323355,804205,404,3521921,3521517,0,0,0
3987329,808,64,1224859,3984885,3987329,1229748,2444,2762470,2760026,0,0,0
4323595,407,32,594371,4287637,4323542,795825,35905,3729171,3693266,0,0,0
3987698,811,64,1231458,3987329,3987698,1233420,369,2756240,2755871,0,0,0
3989716,805,64,1220306,3987698,3989716,1233493,2018,2769410,2767392,0,0,0
4324572,533,64,796860,4323355,4324572,806081,1217,3527712,3526495,0,0,0
4135655,543,64,814838,3792480,4135655,1202214,343175,3320817,2977642,0,0,0
4140824,809,64,1229138,4135655,4140824,1237371,5169,2911686,2906517,0,0,0
4142842,812,64,1232395,4140824,4142842,1237686,2018,2910447,2908429,0,0,0
4143178,813,64,1238245,4142842,4143178,1239990,336,2904933,2904597,0,0,0
4324972,538,64,804737,4324572,4324972,807868,400,3520235,3519835,0,0,0
4143418,816,64,1239901,4143178,4143413,1241290,235,2903512,2903277,0,0,0
4144259,815,64,1239660,4143418,4144259,1242188,841,2904599,2903758,0,0,0
4326477,540,64,810232,4324972,4326477,812639,1505,3516245,3514740,0,0,0
4144783,818,64,1242885,4144259,4144783,1243822,524,2901898,2901374,0,0,0
4157835,807,64,1224186,4144783,4157835,1244678,13052,2933649,2920597,0,0,0
4326906,541,64,811250,4326477,4326906,812935,429,3515656,3515227,0,0,0
4158518,819,64,1246445,4157835,4158518,1247809,683,2912073,2911390,0,0,0
4158758,821,64,1247545,4158518,4158694,1248310,176,2911149,2910973,0,0,0
4329488,539,64,808160,4326906,4329488,816866,2582,3521328,3518746,0,0,0
4160491,822,64,1249498,4158758,4160491,1253387,1733,2910993,2909260,0,0,0
4160955,825,64,1250915,4160491,4160955,1253808,464,2910040,2909576,0,0,0
4330624,544,64,816408,4329488,4330624,817464,1136,3514216,3513080,0,0,0
4161580,823,64,1249575,4160955,4161580,1254242,625,2912005,2911380,0,0,0
4167257,820,64,1246751,4161580,4167257,1254352,5677,2920506,2914829,0,0,0
4330687,546,64,818681,4330624,4330687,819062,63,3512006,3511943,0,0,0
4169074,828,64,1252003,4167257,4169074,1254706,1817,2917071,2915254,0,0,0
4194888,452,64,680420,3989716,4194888,1236564,205172,3514468,3309296,0,0,0
4331431,545,64,817898,4330687,4331431,819071,744,3513533,3512789,0,0,0
4195393,829,64,1253504,4194888,4195393,1256410,505,2941889,2941384,0,0,0
4200459,795,64,1190119,4169074,4200459,1255605,31385,3010340,2978955,0,0,0
4444306,278,64,408793,4331431,4444306,820032,112875,4035513,3922638,0,0,0
4200699,833,64,1257713,4200459,4200690,1258321,231,2942977,2942746,0,0,0
4447171,542,64,813304,4444306,4447171,825186,2865,3633867,3631002,0,0,0
4202364,830,64,1254625,4200699,4202364,1258938,1665,2947739,2946074,0,0,0
4204573,834,64,1259259,4202364,4204573,1260500,2209,2945314,2943105,0,0,0
4205101,835,32,1259544,4204573,4205101,1262923,528,2945557,2945029,0,0,0
4448518,547,64,820170,4447171,4448518,828856,1347,3628348,3627001,0,0,0
4206404,827,32,1251548,4204573,4206404,1262319,1831,2954856,2953025,0,0,0
4448983,550,64,828114,4448518,4448983,829108,465,3620869,3620404,0,0,0
4210314,832,64,1254861,4205101,4210314,1263115,5213,2955453,2950240,0,0,0
4211407,826,64,1251379,4210314,4211407,1264993,1093,2960028,2958935,0,0,0
4449972,551,64,830923,4448983,4449972,832134,989,3619049,3618060,0,0,0
4211846,837,64,1262546,4211407,4211846,1264997,439,2949300,2948861,0,0,0
4212630,839,64,1266057,4211846,4212630,1267608,784,2946573,2945789,0,0,0
4212870,841,64,1268416,4212630,4212816,1269382,186,2944400,2944214,0,0,0
4550706,79,64,108848,4449972,4550706,832973,100734,4441858,4341124,0,0,0
4215233,838,64,1263235,4212870,4215233,1270095,2363,2951998,2949635,0,0,0
4224327,831,64,1254747,4215233,4224327,1270391,9094,2969580,2960486,0,0,0
4553631,530,64,795447,4550706,4553631,833613,2925,3758184,3755259,0,0,0
4240386,743,64,1108398,4224327,4240386,1272066,16059,3131988,3115929,0,0,0
4241109,843,64,1273112,4240386,4241109,1275395,723,2967997,2967274,0,0,0
4554701,549,64,825826,4553631,4554701,834424,1070,3728875,3727805,0,0,0
4243773,810,64,1230686,4241109,4243773,1275636,2664,3013087,3010423,0,0,0
4244803,793,64,1182520,4195393,4244803,1256827,49410,3062283,3012873,0,0,0
4245043,844,64,1276121,4244803,4244928,1276622,125,2968807,2968682,0,0,0
4555253,552,64,833111,4554701,4555253,834477,552,3722142,3721590,0,0,0
4246103,842,64,1271744,4245043,4246103,1276841,1060,2974359,2973299,0,0,0
4246343,845,32,1279470,4246103,4246254,1280674,151,2966784,2966633,0,0,0
4557599,553,64,835645,4555253,4557599,839263,2346,3721954,3719608,0,0,0
4246766,846,32,1280301,4246343,4246766,1281060,423,2966465,2966042,0,0,0
4247096,847,32,1281990,4246766,4247096,1283595,330,2965106,2964776,0,0,0
4559298,555,64,837685,4557599,4559298,842207,1699,3721613,3719914,0,0,0
4253027,836,64,1262513,4243773,4253027,1275664,9254,2990514,2981260,0,0,0
4566888,548,64,821676,4559298,4566888,844260,7590,3745212,3737622,0,0,0
4254314,840,64,1267915,4247096,4254314,1285771,7218,2986399,2979181,0,0,0
4255037,849,32,1287513,4254314,4255037,1289268,723,2967524,2966801,0,0,0
4256078,848,32,1283170,4255037,4256078,1290722,1041,2972908,2971867,0,0,0
4567855,560,64,844525,4566888,4567855,846282,967,3723330,3722363,0,0,0
4260669,799,32,1205630,4246103,4260669,1278280,14566,3055039,3040473,0,0,0
4285632,814,64,1239384,4256078,4285632,1295278,29554,3046248,3016694,0,0,0
4568826,559,64,844278,4567855,4568826,847266,971,3724548,3723577,0,0,0
4286984,850,64,1289913,4285632,4286984,1295651,1352,2997071,2995719,0,0,0
4568887,561,64,847210,4568826,4568887,848090,61,3721677,3721616,0,0,0
4287824,851,64,1291854,4286984,4287824,1297421,840,2995970,2995130,0,0,0
4298352,704,64,1050757,4253027,4298352,1287615,45325,3247595,3202270,0,0,0
4569027,563,64,849148,4568887,4569027,850150,140,3719879,3719739,0,0,0
4299706,852,64,1294378,4298352,4299706,1302853,1354,3005328,3003974,0,0,0
4316997,698,64,1042618,4287824,4316997,1298830,29173,3274379,3245206,0,0,0
4569707,566,64,852337,4569027,4569707,853406,680,3717370,3716690,0,0,0
4317581,853,64,1303825,4316997,4317581,1306047,584,3013756,3013172,0,0,0
4318672,789,64,1175013,4299706,4318672,1303435,18966,3143659,3124693,0,0,0
4573986,565,64,850289,4569707,4573986,854117,4279,3723697,3719418,0,0,0
4320122,855,64,1304607,4318672,4320122,1310078,1450,3015515,3014065,0,0,0
4320510,857,64,1308874,4320122,4320510,1311361,388,3011636,3011248,0,0,0
4350408,654,64,972803,4320510,4350408,1311562,29898,3377605,3347707,0,0,0
4574236,571,64,856514,4573986,4574236,857259,250,3717722,3717472,0,0,0
4351039,860,64,1311734,4350408,4351039,1312376,631,3039305,3038674,0,0,0
4351279,859,64,1310958,4351039,4351196,1313054,157,3040238,3040081,0,0,0
4357793,481,64,718523,4317581,4357793,1306820,40212,3639270,3599058,0,0,0
4358033,861,64,1314948,4357793,4357908,1315595,115,3042960,3042845,0,0,0
4647488,379,64,563735,4574236,4647488,858660,73252,4083753,4010501,0,0,0
4358979,862,32,1317334,4358033,4358979,1321905,946,3041645,3040699,0,0,0
4647635,574,64,863426,4647488,4647635,864126,147,3784209,3784062,0,0,0
4359219,865,32,1321571,4358979,4359160,1322930,181,3037589,3037408,0,0,0
4359875,854,64,1304269,4351279,4359875,1315496,8596,3055606,3047010,0,0,0
4653540,557,64,839993,4647635,4653540,864945,5905,3813547,3807642,0,0,0
4360115,867,64,1322806,4359219,4359936,1323594,717,3037130,3036413,0,0,0
4360355,870,32,1325112,4360115,4360180,1325632,65,3035068,3035003,0,0,0
4360355,858,32,1309957,4358033,4360227,1321587,2194,3050270,3048076,0,0,0
4653804,575,64,865178,4653540,4653804,865857,264,3788626,3788362,0,0,0
4360759,866,64,1322491,4360355,4360759,1326588,404,3038268,3037864,0,0,0
4362693,872,64,1325844,4360759,4362693,1330366,1934,3036849,3034915,0,0,0
4665245,485,64,725820,4653804,4665245,868191,11441,3939425,3927984,0,0,0
4363188,868,64,1323340,4359875,4363188,1325240,3313,3039848,3036535,0,0,0
4366087,864,64,1318714,4363188,4366087,1334031,2899,3047373,3044474,0,0,0
4366360,871,64,1325303,4362693,4366360,1333525,3667,3041057,3037390,0,0,0
4669072,522,64,779914,4665245,4669072,868257,3827,3889158,3885331,0,0,0
4366889,869,64,1325103,4366360,4366889,1337015,529,3041786,3041257,0,0,0
4372883,856,64,1306667,4366087,4372883,1334540,6796,3066216,3059420,0,0,0
4669368,577,64,866922,4669072,4669368,869025,296,3802446,3802150,0,0,0
4373390,877,64,1338925,4372883,4373390,1340398,507,3034465,3033958,0,0,0
4374063,878,64,1340128,4373390,4374063,1342885,673,3033935,3033262,0,0,0
4374577,876,64,1337653,4374063,4374577,1343051,514,3036924,3036410,0,0,0
4677895,570,64,855453,4669368,4677895,869221,8527,3822442,3813915,0,0,0
4374817,880,32,1342418,4374577,4374743,1343470,166,3032325,3032159,0,0,0
4375565,875,32,1336478,4374577,4375565,1343068,988,3039087,3038099,0,0,0
4679483,573,64,862655,4677895,4679483,870723,1588,3816828,3815240,0,0,0
4376628,874,64,1331178,4374817,4376628,1346207,1811,3045450,3043639,0,0,0
4387978,879,64,1341246,4376628,4387978,1348792,11350,3046732,3035382,0,0,0
4388218,882,64,1349576,4387978,4388099,1350417,121,3038523,3038402,0,0,0
4413554,659,64,978296,4366889,4413554,1339696,46665,3435258,3388593,0,0,0
4679697,583,64,874891,4679483,4679697,875354,214,3804806,3804592,0,0,0
4414462,883,64,1350364,4413554,4414462,1353293,908,3064098,3063190,0,0,0
4432185,695,64,1035142,4388218,4432185,1352823,43967,3397043,3353076,0,0,0
4434145,886,64,1352946,4432185,4434145,1355931,1960,3081199,3079239,0,0,0
4434464,888,64,1355328,4434145,4434464,1356204,319,3079136,3078817,0,0,0
4434704,889,64,1356526,4434464,4434590,1357847,126,3078064,3077938,0,0,0
4680291,582,64,873780,4679697,4680291,875572,594,3806511,3805917,0,0,0
4440305,887,64,1354004,4434704,4440305,1358377,5601,3086301,3080700,0,0,0
4445891,885,64,1352407,4440305,4445891,1359594,5586,3093484,3087898,0,0,0
4446131,890,64,1362157,4445891,4445948,1362608,57,3083791,3083734,0,0,0
4682571,576,64,866571,4680291,4682571,877769,2280,3816000,3813720,0,0,0
4447413,891,64,1362424,4446131,4447413,1363414,1282,3084989,3083707,0,0,0
4449858,892,64,1363943,4447413,4449858,1368070,2445,3085915,3083470,0,0,0
4682845,584,64,875580,4682571,4682845,878937,274,3807265,3806991,0,0,0
4520190,730,64,1096408,4449858,4520190,1371716,70332,3423782,3353450,0,0,0
4535525,673,64,1011437,4414462,4535525,1354397,121063,3524088,3403025,0,0,0
4683154,586,64,878656,4682845,4683154,879404,309,3804498,3804189,0,0,0
4535765,894,64,1373754,4535525,4535643,1374400,118,3161889,3161771,0,0,0
4539544,893,64,1371756,4535765,4539544,1375336,3779,3167788,3164009,0,0,0
4539834,895,32,1375006,4539544,4539834,1376280,290,3164828,3164538,0,0,0
4683316,587,64,878933,4683154,4683316,881211,162,3804383,3804221,0,0,0
4540192,897,64,1376467,4539544,4540192,1380298,648,3163725,3163077,0,0,0
4683510,589,64,882396,4683316,4683510,883522,194,3801114,3800920,0,0,0
4641770,679,64,1014347,4540192,4641770,1380798,101578,3627423,3525845,0,0,0
4697087,572,64,860896,4683510,4697087,883722,13577,3836191,3822614,0,0,0
4680863,604,64,908158,4520190,4680863,1373497,160673,3772705,3612032,0,0,0
4691198,712,64,1059553,4641770,4691198,1383236,49428,3631645,3582217,0,0,0
4691986,898,64,1380602,4691198,4691986,1386038,788,3311384,3310596,0,0,0
4711779,465,64,695462,4697087,4711779,885324,14692,4016317,4001625,0,0,0
4692226,900,64,1385649,4691986,4692126,1386090,140,3306477,3306337,0,0,0
4693402,899,64,1383988,4692226,4693402,1391074,1176,3309414,3308238,0,0,0
4716673,579,64,870529,4711779,4716673,886318,4894,3846144,3841250,0,0,0
4706311,881,64,1344978,4693402,4706311,1391553,12909,3361333,3348424,0,0,0
4708092,896,64,1375695,4706311,4708092,1393170,1781,3332397,3330616,0,0,0
4721105,884,64,1351855,4708092,4721105,1393589,13013,3369250,3356237,0,0,0
4723155,902,64,1392973,4721105,4723155,1395378,2050,3330182,3328132,0,0,0
4717117,590,64,884927,4716673,4717117,887356,444,3832190,3831746,0,0,0
4723395,904,64,1396508,4723155,4723376,1398264,221,3326868,3326647,0,0,0
4717916,593,64,887206,4717117,4717916,888173,799,3830710,3829911,0,0,0
4724391,905,64,1397444,4723395,4724391,1400089,996,3326947,3325951,0,0,0
4725227,903,64,1395783,4724391,4725227,1403556,836,3329444,3328608,0,0,0
4725467,908,64,1402603,4725227,4725293,1403615,66,3322690,3322624,0,0,0
4732732,585,64,876655,4717916,4732732,888509,14816,3856077,3841261,0,0,0
4780822,802,64,1209383,4725467,4780822,1404956,55355,3571439,3516084,0,0,0
4781062,911,64,1405117,4780822,4781000,1406767,178,3375883,3375705,0,0,0
4781302,914,64,1406764,4781062,4781111,1407302,49,3374347,3374298,0,0,0
4782035,912,64,1405303,4781302,4782035,1407658,733,3376732,3375999,0,0,0
4733006,594,32,888441,4732732,4733006,889338,274,3844565,3844291,0,0,0
4782945,916,64,1407075,4782035,4782945,1407922,910,3375870,3374960,0,0,0
4784377,910,64,1404204,4782945,4784377,1407995,1432,3380173,3378741,0,0,0
4832554,775,64,1158461,4784377,4832554,1410792,48177,3674093,3625916,0,0,0
4838691,906,64,1399828,4832554,4838691,1411152,6137,3438863,3432726,0,0,0
4796370,453,64,680690,4732732,4796370,890650,63638,4115680,4052042,0,0,0
4840565,909,64,1403588,4838691,4840565,1411175,1874,3436977,3435103,0,0,0
4796988,595,64,888725,4796370,4796988,895834,618,3908263,3907645,0,0,0
4842627,919,32,1411790,4840565,4842627,1415834,2062,3430837,3428775,0,0,0
4849875,917,32,1407527,4842627,4849875,1416407,7248,3442348,3435100,0,0,0
4851129,920,32,1412297,4849875,4851129,1419538,1254,3438832,3437578,0,0,0
4852160,915,32,1406792,4851129,4852160,1420015,1031,3445368,3444337,0,0,0
4798510,597,64,894087,4796988,4798510,897535,1522,3904423,3902901,0,0,0
4899064,661,32,989675,4852160,4899064,1422587,46904,3909389,3862485,0,0,0
4899304,921,32,1421427,4899064,4899232,1422792,168,3477805,3477637,0,0,0
4899544,922,32,1421875,4899304,4899382,1422870,78,3477507,3477429,0,0,0
4799309,592,64,886810,4798510,4799309,898167,799,3912499,3911700,0,0,0
4902144,918,32,1410454,4899544,4902144,1424884,2600,3491690,3489090,0,0,0
4902384,925,32,1426737,4902144,4902252,1427726,108,3475515,3475407,0,0,0
4855814,385,64,568787,4799309,4855814,899133,56505,4287027,4230522,0,0,0
4902642,926,32,1427590,4902384,4902642,1429435,258,3475052,3474794,0,0,0
4933382,817,32,1241644,4902642,4933382,1431466,30740,3691738,3660998,0,0,0
4933622,928,32,1430838,4933382,4933468,1431995,86,3502630,3502544,0,0,0
4856960,596,64,891064,4855814,4856960,900655,1146,3965896,3964750,0,0,0
4934171,927,32,1429841,4933622,4934171,1433178,549,3504330,3503781,0,0,0
4952204,923,32,1422956,4934171,4952204,1433463,18033,3529248,3511215,0,0,0
4952611,930,32,1433738,4952204,4952611,1435761,407,3518873,3518466,0,0,0
4897762,508,64,756028,4856960,4897762,902817,40802,4141734,4100932,0,0,0
4953901,924,32,1424974,4952611,4953901,1437009,1290,3528927,3527637,0,0,0
4954141,932,32,1440963,4953901,4954047,1442211,146,3513084,3512938,0,0,0
4898547,601,64,901881,4897762,4898547,903261,785,3996666,3995881,0,0,0
4975280,901,32,1389084,4954141,4975280,1442371,21139,3586196,3565057,0,0,0
4976375,931,32,1439074,4975280,4976375,1444418,1095,3537301,3536206,0,0,0
4976647,936,32,1446801,4976375,4976647,1447611,272,3529846,3529574,0,0,0
4900450,598,64,894687,4898547,4900450,906910,1903,4005763,4003860,0,0,0
5004385,768,64,1152428,4680863,5004385,1384359,323522,3851957,3528435,0,0,0
5005996,934,32,1441315,5004385,5005996,1448669,1611,3564681,3563070,0,0,0
5063960,696,32,1035883,4840565,5063960,1411847,223395,4028077,3804682,0,0,0
4901627,603,64,904713,4900450,4901627,907417,1177,3996914,3995737,0,0,0
5152868,562,64,848204,5005996,5152868,1450300,146872,4304664,4157792,0,0,0
5154660,938,64,1447278,5152868,5154660,1452264,1792,3707382,3705590,0,0,0
5156171,937,64,1446840,5154660,5156171,1452423,1511,3709331,3707820,0,0,0
4901755,606,64,910190,4901627,4901755,910499,128,3991565,3991437,0,0,0
5156411,940,64,1452819,5156171,5156268,1453684,97,3703449,3703352,0,0,0
5161536,935,64,1446410,5156411,5161536,1455654,5125,3715126,3710001,0,0,0
5162067,941,64,1453583,5161536,5162067,1456017,531,3708484,3707953,0,0,0
5162406,942,64,1455511,5162067,5162406,1456695,339,3706895,3706556,0,0,0
4902796,599,64,895064,4901755,4902796,910986,1041,4007732,4006691,0,0,0
5163871,943,32,1458208,5162406,5163871,1458997,1465,3705663,3704198,0,0,0
5164111,944,32,1458348,5163871,5163989,1459015,118,3705641,3705523,0,0,0
5164351,939,32,1448259,5162406,5164137,1457110,1731,3715878,3714147,0,0,0
4912718,558,64,843099,4902796,4912718,913102,9922,4069619,4059697,0,0,0
5166951,945,64,1459768,5164111,5166951,1461730,2840,3707183,3704343,0,0,0
5167289,949,64,1470953,5166951,5167289,1473272,338,3696336,3695998,0,0,0
4914738,605,64,909619,4912718,4914738,915913,2020,4005119,4003099,0,0,0
5167986,950,64,1475334,5167289,5167986,1476658,697,3692652,3691955,0,0,0
5174006,948,64,1470315,5167986,5174006,1481629,6020,3703691,3697671,0,0,0
4915039,610,64,915812,4914738,4915039,917658,301,3999227,3998926,0,0,0
5174246,953,64,1481945,5174006,5174117,1482792,111,3692172,3692061,0,0,0
5182169,947,64,1469168,5174246,5182169,1483507,7923,3713001,3705078,0,0,0
4935408,554,64,837040,4915039,4935408,917707,20369,4098368,4077999,0,0,0
5182429,958,64,1485574,5182169,5182429,1486490,260,3696855,3696595,0,0,0
5182979,955,64,1484431,5182429,5182979,1486651,550,3698548,3697998,0,0,0
4938146,607,64,911037,4935408,4938146,920303,2738,4027109,4024371,0,0,0
5188010,946,64,1467971,5182979,5188010,1486733,5031,3720039,3715008,0,0,0
5188250,959,64,1486554,5188010,5188119,1487217,109,3701565,3701456,0,0,0
5191493,951,64,1480574,5188250,5191493,1488858,3243,3710919,3707676,0,0,0
4939089,611,64,917287,4938146,4939089,921277,943,4021802,4020859,0,0,0
5200465,933,64,1441107,5191493,5200465,1489083,8972,3759358,3750386,0,0,0
4939978,615,64,927524,4939089,4939978,929163,889,4012454,4011565,0,0,0
5207498,952,64,1480738,5200465,5207498,1490786,7033,3726760,3719727,0,0,0
5208056,960,64,1488918,5207498,5208056,1493144,558,3719138,3718580,0,0,0
5211928,956,64,1484621,5208056,5211928,1494278,3872,3727307,3723435,0,0,0
5214769,962,64,1494160,5211928,5214769,1500002,2841,3720609,3717768,0,0,0
5218731,954,64,1482761,5214769,5218731,1500230,3962,3735970,3732008,0,0,0
5219281,966,64,1498389,5218731,5219281,1500839,550,3720892,3720342,0,0,0
4942230,613,64,922980,4939978,4942230,929995,2252,4019250,4016998,0,0,0
5221340,964,64,1495991,5219281,5221340,1502434,2059,3725349,3723290,0,0,0
5223454,961,64,1491845,5221340,5223454,1504159,2114,3731609,3729495,0,0,0
5227191,965,64,1496732,5223454,5227191,1505229,3737,3730459,3726722,0,0,0
5227659,971,64,1506577,5227191,5227659,1507176,468,3721082,3720614,0,0,0
5229476,972,64,1506745,5227659,5229476,1509739,1817,3722731,3720914,0,0,0
5232230,970,64,1503692,5229476,5232230,1512992,2754,3728538,3725784,0,0,0
4943445,614,32,923859,4942230,4943445,930477,1215,4019586,4018371,0,0,0
5233689,974,64,1511015,5232230,5233689,1514235,1459,3722674,3721215,0,0,0
5247249,715,64,1063885,4976647,5247249,1448285,270602,4183364,3912762,0,0,0
5248997,977,64,1513263,5247249,5248997,1515764,1748,3735734,3733986,0,0,0
4959949,568,32,853819,4942230,4959949,932423,17719,4106130,4088411,0,0,0
5249237,978,64,1516546,5248997,5249123,1517281,126,3732577,3732451,0,0,0
5260966,967,64,1498912,5249237,5260966,1518250,11729,3762054,3750325,0,0,0
5261415,975,64,1511352,5260966,5261415,1518271,449,3750063,3749614,0,0,0
5296207,929,64,1432724,5233689,5296207,1515544,62518,3863483,3800965,0,0,0
5301528,968,64,1499975,5296207,5301528,1520383,5321,3801553,3796232,0,0,0
5314734,969,64,1503507,5301528,5314734,1521106,13206,3811227,3798021,0,0,0
5315057,980,64,1524312,5314734,5315057,1526766,323,3790745,3790422,0,0,0
5383266,907,64,1400528,5315057,5383266,1528203,68209,3982738,3914529,0,0,0
5383764,981,64,1525329,5383266,5383764,1528386,498,3858435,3857937,0,0,0
5384246,979,64,1523801,5383764,5384246,1530892,482,3860445,3859963,0,0,0
5384663,982,64,1528710,5384246,5384663,1531519,417,3855953,3855536,0,0,0
5385329,986,64,1533008,5384663,5385329,1533996,666,3852321,3851655,0,0,0
5385569,988,64,1534019,5385329,5385506,1535289,177,3851487,3851310,0,0,0
5385977,987,64,1534006,5385569,5385977,1539473,408,3851971,3851563,0,0,0
5389713,984,64,1530253,5385977,5389713,1539659,3736,3859460,3855724,0,0,0
5390679,990,64,1542386,5389713,5390679,1543860,966,3848293,3847327,0,0,0
5393124,985,64,1532391,5390679,5393124,1545606,2445,3860733,3858288,0,0,0
5393719,991,64,1546288,5393124,5393719,1548091,595,3847431,3846836,0,0,0
5394629,993,64,1551950,5393719,5394629,1553499,910,3842679,3841769,0,0,0
4977779,412,64,603738,4943445,4977779,933260,34334,4374041,4339707,0,0,0
5397232,994,64,1553117,5394629,5397232,1559068,2603,3844115,3841512,0,0,0
5399085,995,64,1553987,5397232,5399085,1559355,1853,3845098,3843245,0,0,0
5399364,997,64,1558898,5399085,5399364,1560244,279,3840466,3840187,0,0,0
5400293,998,64,1559287,5399364,5400293,1564464,929,3841006,3840077,0,0,0
5401336,992,64,1551483,5400293,5401336,1566899,1043,3849853,3848810,0,0,0
5402351,999,32,1559769,5401336,5402351,1576575,1015,3842582,3841567,0,0,0
5409327,976,32,1512455,5402351,5409327,1580253,6976,3896872,3889896,0,0,0
5421593,612,64,917559,5261415,5421593,1519098,160178,4504034,4343856,0,0,0
4978046,618,64,931332,4977779,4978046,933289,267,4046714,4046447,0,0,0
5432386,983,32,1529890,5421593,5432386,1591226,10793,3902496,3891703,0,0,0
5452422,873,32,1329117,5401336,5452422,1567242,51086,4123305,4072219,0,0,0
5499986,989,64,1540780,5432386,5499986,1696753,67600,3959206,3891606,0,0,0
5547112,973,64,1507478,5409327,5547112,1585873,137785,4039634,3901849,0,0,0
5609735,957,64,1485083,5547112,5609735,1731246,62623,4124652,4062029,0,0,0
5629970,913,64,1405960,5499986,5629970,1714732,129984,4224010,4094026,0,0,0
5721075,996,64,1556127,5609735,5721075,1748866,111340,4164948,4053608,0,0,0
5732911,963,64,1495854,5629970,5732911,1843392,102941,4237057,4134116,0,0,0
5766066,863,64,1318652,5732911,5766066,2024933,33155,4447414,4414259,0,0,0
5811254,824,64,1249732,5721075,5811254,1973853,90179,4561522,4471343,0,0,0
4978765,621,64,932901,4978046,4978765,933542,719,4045864,4045145,0,0,0
4979218,619,64,932454,4978765,4979218,934515,453,4046764,4046311,0,0,0
4980246,617,64,930877,4979218,4980246,936669,1028,4049369,4048341,0,0,0
5092582,506,64,754718,4980246,5092582,937725,112336,4337864,4225528,0,0,0
5092914,624,32,937547,5092582,5092914,938882,332,4155367,4155035,0,0,0
5255975,517,64,765542,5092582,5255975,939743,163393,4490433,4327040,0,0,0
5256260,626,32,939859,5255975,5256260,940974,285,4316401,4316116,0,0,0
5256744,620,32,932678,5256260,5256744,941401,484,4324066,4323582,0,0,0
5257302,627,32,941761,5256744,5257302,942724,558,4315541,4314983,0,0,0
5257565,629,32,942476,5257302,5257565,943210,263,4315089,4314826,0,0,0
5257805,630,32,943235,5257565,5257655,944008,90,4314420,4314330,0,0,0
5259716,628,32,942308,5257805,5259716,944842,1911,4317408,4315497,0,0,0
5260382,609,32,915497,5255975,5260382,940787,4407,4344885,4340478,0,0,0
5278068,581,64,871116,5259716,5278068,946474,18352,4406952,4388600,0,0,0
5278257,632,64,944410,5278068,5278257,946521,189,4333847,4333658,0,0,0
5278559,635,64,946171,5278257,5278559,947063,302,4332388,4332086,0,0,0
5581608,341,64,508407,5278559,5581608,951262,303049,5073201,4770152,0,0,0
5582396,625,64,937960,5581608,5582396,951712,788,4644436,4643648,0,0,0
5594796,622,64,934788,5582396,5594796,951938,12400,4660008,4647608,0,0,0
5595871,637,64,949832,5594796,5595871,952357,1075,4646039,4644964,0,0,0
5595968,640,64,954242,5595871,5595968,954951,97,4641726,4641629,0,0,0
5597491,636,64,949466,5595968,5597491,956204,1523,4648025,4646502,0,0,0
5630010,591,64,885399,5597491,5630010,958965,32519,4744611,4712092,0,0,0
5631633,633,64,944720,5630010,5631633,961925,1623,4686913,4685290,0,0,0
5632533,642,64,960658,5631633,5632533,964403,900,4671875,4670975,0,0,0
5632872,643,64,961287,5632533,5632872,965708,339,4671585,4671246,0,0,0
5633418,644,64,964016,5632872,5633418,965852,546,4669402,4668856,0,0,0
5633927,645,64,964204,5633418,5633927,965868,509,4669723,4669214,0,0,0
5635089,641,64,959233,5633927,5635089,967157,1162,4675856,4674694,0,0,0
5635481,647,64,966124,5635089,5635481,967228,392,4669357,4668965,0,0,0
5636848,648,64,966889,5635481,5636848,968470,1367,4669959,4668592,0,0,0
5637319,652,64,969298,5636848,5637319,969756,471,4668021,4667550,0,0,0
5853935,523,64,782613,5637319,5853935,970244,216616,5071322,4854706,0,0,0
5854116,650,64,968626,5853935,5854116,970796,181,4885490,4885309,0,0,0
6019809,339,64,499533,5854116,6019809,972501,165693,5520276,5354583,0,0,0
6020568,649,32,967914,6019809,6020568,974575,759,5052654,5051895,0,0,0
6021316,656,32,974462,6020568,6021316,975760,748,5046854,5046106,0,0,0
6023682,646,32,965974,6019809,6023682,973173,3873,5057708,5053835,0,0,0
6035408,651,64,968903,6021316,6035408,977370,14092,5066505,5052413,0,0,0
6038399,653,64,971872,6035408,6038399,977537,2991,5066527,5063536,0,0,0
6038736,657,32,976344,6038399,6038736,980676,337,5062392,5062055,0,0,0
6038976,660,32,981899,6038736,6038876,983427,140,5056977,5056837,0,0,0
6040069,658,32,976945,6038976,6040069,984131,1093,5063124,5062031,0,0,0
6042993,634,32,944806,6038399,6042993,977572,4594,5098187,5093593,0,0,0
6122144,220,64,320685,6040069,6122144,988970,82075,5801459,5719384,0,0,0
6124421,655,32,974104,6122144,6124421,989069,2277,5150317,5148040,0,0,0
6129442,564,64,849218,6122144,6129442,992926,7298,5280224,5272926,0,0,0
6130808,663,64,992141,6129442,6130808,994952,1366,5138667,5137301,0,0,0
6132139,664,64,995064,6130808,6132139,997084,1331,5137075,5135744,0,0,0
6132887,666,64,996367,6132139,6132887,997852,748,5136520,5135772,0,0,0
6133186,667,64,997669,6132887,6133186,998351,299,5135517,5135218,0,0,0
6133805,665,64,995642,6133186,6133805,1001572,619,5138163,5137544,0,0,0
6147833,580,64,870999,6133805,6147833,1001642,14028,5276834,5262806,0,0,0
6148312,668,64,1001436,6147833,6148312,1002040,479,5146876,5146397,0,0,0
6148690,669,64,1002202,6148312,6148690,1003255,378,5146488,5146110,0,0,0
6148779,674,64,1011460,6148690,6148779,1011972,89,5137319,5137230,0,0,0
6150235,671,64,1007514,6148779,6150235,1011973,1456,5142721,5141265,0,0,0
6155478,662,32,989746,6150235,6155478,1012298,5243,5165732,5160489,0,0,0
6168456,525,64,785450,6150235,6168456,1013769,18221,5383006,5364785,0,0,0
6168591,677,64,1013423,6168456,6168591,1014748,135,5155168,5155033,0,0,0
6171955,680,64,1015280,6168591,6171955,1018077,3364,5156675,5153311,0,0,0
6173858,672,64,1007762,6171955,6173858,1020869,1903,5166096,5164193,0,0,0
6192051,670,64,1005383,6173858,6192051,1021933,18193,5186668,5168475,0,0,0
6197278,676,64,1013335,6192051,6197278,1022632,5227,5183943,5178716,0,0,0
6200180,678,64,1014139,6197278,6200180,1022809,2902,5186041,5183139,0,0,0
6200330,682,64,1021577,6200180,6200330,1023507,150,5178753,5178603,0,0,0
6200919,684,64,1021725,6200330,6200919,1026612,589,5179194,5178605,0,0,0
6201612,686,64,1024545,6200919,6201612,1028083,693,5177067,5176374,0,0,0
6225867,502,64,751818,6201612,6225867,1028314,24255,5474049,5449794,0,0,0
6228084,687,64,1025025,6225867,6228084,1029036,2217,5203059,5200842,0,0,0
6228976,692,64,1028967,6228084,6228976,1030624,892,5200009,5199117,0,0,0
6230164,693,64,1030708,6228976,6230164,1032241,1188,5199456,5198268,0,0,0
6316663,531,64,796115,6230164,6316663,1034367,86499,5520548,5434049,0,0,0
6317903,691,64,1026919,6316663,6317903,1034828,1240,5290984,5289744,0,0,0
6320381,690,32,1025397,6317903,6320381,1035877,2478,5294984,5292506,0,0,0
6321977,685,64,1024480,6317903,6321977,1035964,4074,5297497,5293423,0,0,0
6323339,697,32,1037379,6321977,6323339,1042408,1362,5285960,5284598,0,0,0
6324553,688,32,1025212,6321977,6324553,1037039,2576,5299341,5296765,0,0,0
6332395,694,64,1033511,6323339,6332395,1042489,9056,5298884,5289828,0,0,0
6369397,600,64,900042,6332395,6369397,1043409,37002,5469355,5432353,0,0,0
6370409,700,64,1044575,6369397,6370409,1047078,1012,5325834,5324822,0,0,0
6424225,639,64,951711,6370409,6424225,1048303,53816,5472514,5418698,0,0,0
6424345,703,64,1050112,6424225,6424345,1051629,120,5374233,5374113,0,0,0
6426368,701,64,1044668,6424345,6426368,1052338,2023,5381700,5379677,0,0,0
6428566,699,64,1044158,6426368,6428566,1052491,2198,5384408,5382210,0,0,0
6435131,702,64,1048772,6428566,6435131,1053115,6565,5386359,5379794,0,0,0
6663430,470,64,699553,6435131,6663430,1054738,228299,5963877,5735578,0,0,0
6731719,602,64,904666,6663430,6731719,1055166,68289,5827053,5758764,0,0,0
6731801,707,64,1054492,6731719,6731801,1055411,82,5677309,5677227,0,0,0
6757528,681,64,1018029,6731801,6757528,1056357,25727,5739499,5713772,0,0,0
6757655,710,64,1056038,6757528,6757655,1056794,127,5701617,5701490,0,0,0
6758533,706,64,1053384,6757655,6758533,1056846,878,5705149,5704271,0,0,0
6758848,711,32,1056371,6758533,6758848,1057841,315,5702477,5702162,0,0,0
6758856,708,64,1054586,6758533,6758856,1059084,323,5704270,5703947,0,0,0
6762549,705,64,1052151,6758856,6762549,1060046,3693,5710398,5706705,0,0,0
6762913,714,32,1062009,6762549,6762913,1064143,364,5700904,5700540,0,0,0
6763213,713,32,1060381,6762549,6763213,1063467,664,5702832,5702168,0,0,0
6777691,683,32,1021631,6763213,6777691,1068098,14478,5756060,5741582,0,0,0
6778557,716,32,1065924,6777691,6778557,1069161,866,5712633,5711767,0,0,0
6800292,608,32,913188,6778557,6800292,1070454,21735,5887104,5865369,0,0,0
6805168,709,32,1055239,6800292,6805168,1070512,4876,5749929,5745053,0,0,0
6816572,623,32,935460,6805168,6816572,1071334,11404,5881112,5869708,0,0,0
6818567,717,32,1067840,6816572,6818567,1071741,1995,5750727,5748732,0,0,0
6819607,719,32,1070367,6818567,6819607,1072793,1040,5749240,5748200,0,0,0
6820914,718,32,1069932,6819607,6820914,1076449,1307,5750982,5749675,0,0,0
6848417,569,32,855423,6762913,6848417,1067505,85504,5992994,5907490,0,0,0
6852571,588,64,880521,6820914,6852571,1077141,31657,5972050,5940393,0,0,0
6868670,689,64,1025355,6852571,6868670,1081382,16099,5843315,5827216,0,0,0
6869164,721,64,1076233,6868670,6869164,1083255,494,5792931,5792437,0,0,0
6870658,722,64,1079996,6869164,6870658,1083608,1494,5790662,5789168,0,0,0
6870770,723,64,1082888,6870658,6870770,1083833,112,5787882,5787770,0,0,0
6876465,675,64,1011695,6870770,6876465,1086169,5695,5864770,5859075,0,0,0
6878006,726,64,1085981,6876465,6878006,1088508,1541,5792025,5790484,0,0,0
6878055,728,64,1089446,6878006,6878055,1090300,49,5788609,5788560,0,0,0
6878555,725,64,1085837,6878055,6878555,1092829,500,5792718,5792218,0,0,0
6883159,729,64,1090140,6878555,6883159,1096922,4604,5793019,5788415,0,0,0
6884694,724,64,1085756,6883159,6884694,1097501,1535,5798938,5797403,0,0,0
6884767,733,64,1098486,6884694,6884767,1099391,73,5786281,5786208,0,0,0
6991479,638,64,949885,6884767,6991479,1100067,106712,6041594,5934882,0,0,0
6993212,732,64,1097607,6991479,6993212,1102886,1733,5895605,5893872,0,0,0
6993880,734,64,1098691,6993212,6993880,1103276,668,5895189,5894521,0,0,0
6994543,736,64,1101290,6993880,6994543,1103347,663,5893253,5892590,0,0,0
6994801,738,64,1104537,6994543,6994801,1105329,258,5890264,5890006,0,0,0
6996232,735,32,1099446,6994801,6996232,1107058,1431,5896786,5895355,0,0,0
7003335,731,64,1096470,6994801,7003335,1107248,8534,5906865,5898331,0,0,0
7003405,742,64,1108346,7003335,7003405,1108847,70,5895059,5894989,0,0,0
7005847,737,64,1104500,7003405,7005847,1109802,2442,5901347,5898905,0,0,0
7006701,745,64,1111104,7005847,7006701,1113162,854,5895597,5894743,0,0,0
7010793,740,64,1105795,7006701,7010793,1113396,4092,5904998,5900906,0,0,0
7011012,749,64,1116718,7010793,7011012,1117726,219,5894294,5894075,0,0,0
7012723,747,64,1111877,7011012,7012723,1118565,1711,5900846,5899135,0,0,0
7013608,741,64,1108212,7012723,7013608,1118993,885,5905396,5904511,0,0,0
7014022,750,64,1119623,7013608,7014022,1121294,414,5894399,5893985,0,0,0
7025187,720,64,1075987,7014022,7025187,1122302,11165,5949200,5938035,0,0,0
7034219,744,64,1109126,7025187,7034219,1127293,9032,5925093,5916061,0,0,0
7035271,757,64,1126157,7034219,7035271,1128615,1052,5909114,5908062,0,0,0
7038467,746,64,1111668,7035271,7038467,1129921,3196,5926799,5923603,0,0,0
7043499,755,64,1123241,7038467,7043499,1130978,5032,5920258,5915226,0,0,0
7044104,754,64,1122640,7043499,7044104,1131600,605,5921464,5920859,0,0,0
7044496,758,64,1130853,7044104,7044496,1132418,392,5913643,5913251,0,0,0
7092750,512,64,762628,7044496,7092750,1134196,48254,6330122,6281868,0,0,0
7127772,631,64,944252,7092750,7127772,1136688,35022,6183520,6148498,0,0,0
7129319,760,64,1132335,7127772,7129319,1136732,1547,5996984,5995437,0,0,0
7129465,761,64,1133921,7129319,7129465,1137034,146,5995544,5995398,0,0,0
7129818,759,64,1132169,7129465,7129818,1137407,353,5997649,5997296,0,0,0
7185175,739,64,1105652,7129818,7185175,1139913,55357,6079523,6024166,0,0,0
7185741,763,64,1141452,7185175,7185741,1142629,566,6044289,6043723,0,0,0
7204226,762,32,1134814,7185741,7204226,1144996,18485,6069412,6050927,0,0,0
7204491,765,32,1146059,7204226,7204491,1146485,265,6058432,6058167,0,0,0
7220574,748,32,1114251,7204491,7220574,1147585,16083,6106323,6090240,0,0,0
7234406,756,32,1123861,7220574,7234406,1148039,13832,6110545,6096713,0,0,0
7237730,764,32,1143358,7234406,7237730,1149593,3324,6094372,6091048,0,0,0
7237970,766,32,1147871,7237730,7237960,1151709,230,6090089,6089859,0,0,0
7259462,556,32,838146,7237970,7259462,1155260,21492,6421316,6399824,0,0,0
7264162,751,32,1120166,7259462,7264162,1158362,4700,6143996,6139296,0,0,0
7264591,769,32,1155101,7264162,7264591,1158376,429,6109490,6109061,0,0,0
7266823,770,32,1155617,7264591,7266823,1158933,2232,6111206,6108974,0,0,0
7269289,776,32,1159744,7266823,7269289,1161779,2466,6109545,6107079,0,0,0
7274323,777,32,1159811,7269289,7274323,1165516,5034,6114512,6109478,0,0,0
7274833,779,32,1163921,7274323,7274833,1165615,510,6110912,6110402,0,0,0
7275073,781,32,1165017,7274833,7275049,1165693,216,6110032,6109816,0,0,0
7292097,500,32,750107,7185741,7292097,1144146,106356,6541990,6435634,0,0,0
7461942,616,64,929478,7275073,7461942,1166226,186869,6532464,6345595,0,0,0
7465187,774,64,1157825,7461942,7465187,1167447,3245,6307362,6304117,0,0,0
7465835,785,64,1169373,7465187,7465835,1169721,648,6296462,6295814,0,0,0
7466089,786,64,1170493,7465835,7466089,1171998,254,6295596,6295342,0,0,0
7474773,783,64,1166260,7466089,7474773,1172105,8684,6308513,6299829,0,0,0
7474974,787,64,1170735,7474773,7474974,1172701,201,6304239,6304038,0,0,0
7481979,753,64,1121418,7474974,7481979,1173628,7005,6360561,6353556,0,0,0
7482939,780,32,1164486,7481979,7482939,1175888,960,6318453,6317493,0,0,0
7483307,791,32,1175715,7482939,7483307,1178309,368,6307592,6307224,0,0,0
7492269,782,32,1165669,7483307,7492269,1178982,8962,6326600,6317638,0,0,0
7493149,790,32,1175608,7492269,7493149,1179172,880,6317541,6316661,0,0,0
7497053,772,32,1156567,7493149,7497053,1183649,3904,6340486,6336582,0,0,0
7497473,792,32,1181540,7497053,7497473,1184045,420,6315933,6315513,0,0,0
7504805,784,32,1168330,7497473,7504805,1185472,7332,6336475,6329143,0,0,0
7512972,727,32,1088496,7481979,7512972,1174618,30993,6424476,6393483,0,0,0
7517852,752,64,1120996,7504805,7517852,1189205,13047,6396856,6383809,0,0,0
7519942,794,32,1186181,7517852,7519942,1197459,2090,6333761,6331671,0,0,0
7520220,797,32,1197903,7519942,7520220,1198915,278,6322317,6322039,0,0,0
7521598,788,32,1174422,7517852,7521598,1195879,3746,6347176,6343430,0,0,0
7557046,773,64,1157672,7520220,7557046,1201498,36826,6399374,6362548,0,0,0
7900221,543,64,814838,7557046,7900221,1202214,343175,7085383,6742208,0,0,0
7905418,798,64,1201797,7900221,7905418,1208293,5197,6703621,6698424,0,0,0
7905636,801,64,1208271,7905418,7905636,1209519,218,6697365,6697147,0,0,0
7905876,800,32,1208054,7905636,7905819,1210054,183,6697765,6697582,0,0,0
7945700,778,32,1162342,7905876,7945700,1210131,39824,6783358,6743534,0,0,0
7955788,567,32,853161,7905636,7955788,1209540,50152,7102627,7052475,0,0,0
7966960,771,64,1155874,7945700,7966960,1210505,21260,6811086,6789826,0,0,0
7967056,803,64,1210669,7966960,7967056,1211618,96,6756387,6756291,0,0,0
7968540,796,64,1195367,7967056,7968540,1214334,1484,6773173,6771689,0,0,0
8017043,578,64,867272,7968540,8017043,1215282,48503,7149771,7101268,0,0,0
8025218,767,64,1149022,8017043,8025218,1219529,8175,6876196,6868021,0,0,0
8025293,806,64,1222127,8025218,8025293,1222928,75,6803166,6803091,0,0,0
8031574,804,64,1218008,8025293,8031574,1226898,6281,6813566,6807285,0,0,0
8034018,808,64,1224859,8031574,8034018,1229748,2444,6809159,6806715,0,0,0
8034387,811,64,1231458,8034018,8034387,1233420,369,6802929,6802560,0,0,0
8036405,805,64,1220306,8034387,8036405,1233493,2018,6816099,6814081,0,0,0
8241577,452,64,680420,8036405,8241577,1236564,205172,7561157,7355985,0,0,0
8246746,809,64,1229138,8241577,8246746,1237371,5169,7017608,7012439,0,0,0
8248764,812,64,1232395,8246746,8248764,1237686,2018,7016369,7014351,0,0,0
8249100,813,64,1238245,8248764,8249100,1239990,336,7010855,7010519,0,0,0
8249335,816,64,1239901,8249100,8249335,1241290,235,7009434,7009199,0,0,0
8250176,815,64,1239660,8249335,8250176,1242188,841,7010516,7009675,0,0,0
8250700,818,64,1242885,8250176,8250700,1243822,524,7007815,7007291,0,0,0
8263752,807,64,1224186,8250700,8263752,1244678,13052,7039566,7026514,0,0,0
8264435,819,64,1246445,8263752,8264435,1247809,683,7017990,7017307,0,0,0
8264611,821,64,1247545,8264435,8264611,1248310,176,7017066,7016890,0,0,0
8266344,822,64,1249498,8264611,8266344,1253387,1733,7016846,7015113,0,0,0
8266808,825,64,1250915,8266344,8266808,1253808,464,7015893,7015429,0,0,0
8267433,823,64,1249575,8266808,8267433,1254242,625,7017858,7017233,0,0,0
8273110,820,64,1246751,8267433,8273110,1254352,5677,7026359,7020682,0,0,0
8274927,828,64,1252003,8273110,8274927,1254706,1817,7022924,7021107,0,0,0
8306312,795,64,1190119,8274927,8306312,1255605,31385,7116193,7084808,0,0,0
8306817,829,64,1253504,8306312,8306817,1256410,505,7053313,7052808,0,0,0
8356227,793,64,1182520,8306817,8356227,1256827,49410,7173707,7124297,0,0,0
8356458,833,64,1257713,8356227,8356458,1258321,231,7098745,7098514,0,0,0
8358123,830,64,1254625,8356458,8358123,1258938,1665,7103498,7101833,0,0,0
8360332,834,64,1259259,8358123,8360332,1260500,2209,7101073,7098864,0,0,0
8360860,835,32,1259544,8360332,8360860,1262923,528,7101316,7100788,0,0,0
8362163,827,32,1251548,8360332,8362163,1262319,1831,7110615,7108784,0,0,0
8366073,832,64,1254861,8360860,8366073,1263115,5213,7111212,7105999,0,0,0
8367166,826,64,1251379,8366073,8367166,1264993,1093,7115787,7114694,0,0,0
8367605,837,64,1262546,8367166,8367605,1264997,439,7105059,7104620,0,0,0
8368389,839,64,1266057,8367605,8368389,1267608,784,7102332,7101548,0,0,0
8368575,841,64,1268416,8368389,8368575,1269382,186,7100159,7099973,0,0,0
8370938,838,64,1263235,8368575,8370938,1270095,2363,7107703,7105340,0,0,0
8380032,831,64,1254747,8370938,8380032,1270391,9094,7125285,7116191,0,0,0
8396091,743,64,1108398,8380032,8396091,1272066,16059,7287693,7271634,0,0,0
8396814,843,64,1273112,8396091,8396814,1275395,723,7123702,7122979,0,0,0
8399478,810,64,1230686,8396814,8399478,1275636,2664,7168792,7166128,0,0,0
8408732,836,64,1262513,8399478,8408732,1275664,9254,7146219,7136965,0,0,0
8408857,844,64,1276121,8408732,8408857,1276622,125,7132736,7132611,0,0,0
8409917,842,64,1271744,8408857,8409917,1276841,1060,7138173,7137113,0,0,0
8410157,845,32,1279470,8409917,8410068,1280674,151,7130598,7130447,0,0,0
8410580,846,32,1280301,8410157,8410580,1281060,423,7130279,7129856,0,0,0
8410910,847,32,1281990,8410580,8410910,1283595,330,7128920,7128590,0,0,0
8418069,840,32,1267915,8410910,8418069,1285771,7159,7150154,7142995,0,0,0
8424483,799,32,1205630,8409917,8424483,1278280,14566,7218853,7204287,0,0,0
8463825,704,64,1050757,8418069,8463825,1287615,45756,7413068,7367312,0,0,0
8464654,849,64,1287513,8463825,8464654,1289268,829,7177141,7176312,0,0,0
8465639,848,64,1283170,8464654,8465639,1290722,985,7182469,7181484,0,0,0
8495583,814,64,1239384,8465639,8495583,1295278,29944,7256199,7226255,0,0,0
8496935,850,64,1289913,8495583,8496935,1295651,1352,7207022,7205670,0,0,0
8497775,851,64,1291854,8496935,8497775,1297421,840,7205921,7205081,0,0,0
8526948,698,64,1042618,8497775,8526948,1298830,29173,7484330,7455157,0,0,0
8528302,852,64,1294378,8526948,8528302,1302853,1354,7233924,7232570,0,0,0
8547268,789,64,1175013,8528302,8547268,1303435,18966,7372255,7353289,0,0,0
8547852,853,64,1303825,8547268,8547852,1306047,584,7244027,7243443,0,0,0
8588064,481,64,718523,8547852,8588064,1306820,40212,7869541,7829329,0,0,0
8589514,855,64,1304607,8588064,8589514,1310078,1450,7284907,7283457,0,0,0
8589902,857,64,1308874,8589514,8589902,1311361,388,7281028,7280640,0,0,0
8619800,654,64,972803,8589902,8619800,1311562,29898,7646997,7617099,0,0,0
8620431,860,64,1311734,8619800,8620431,1312376,631,7308697,7308066,0,0,0
8620588,859,64,1310958,8620431,8620588,1313054,157,7309630,7309473,0,0,0
8629184,854,64,1304269,8620588,8629184,1315496,8596,7324915,7316319,0,0,0
8629299,861,64,1314948,8629184,8629299,1315595,115,7314351,7314236,0,0,0
8630245,862,32,1317334,8629299,8630245,1321905,946,7312911,7311965,0,0,0
8630485,865,32,1321571,8630245,8630426,1322930,181,7308855,7308674,0,0,0
8631195,867,32,1322806,8630485,8631195,1323594,710,7308389,7307679,0,0,0
8631493,858,32,1309957,8629299,8631493,1321587,2194,7321536,7319342,0,0,0
8634503,868,64,1323340,8631195,8634503,1325240,3308,7311163,7307855,0,0,0
8634555,870,64,1325112,8634503,8634555,1325632,52,7309443,7309391,0,0,0
8634959,866,64,1322491,8634555,8634959,1326588,404,7312468,7312064,0,0,0
8636893,872,64,1325844,8634959,8636893,1330366,1934,7311049,7309115,0,0,0
8640560,871,64,1325303,8636893,8640560,1333525,3667,7315257,7311590,0,0,0
8643459,864,64,1318714,8640560,8643459,1334031,2899,7324745,7321846,0,0,0
8650255,856,64,1306667,8643459,8650255,1334540,6796,7343588,7336792,0,0,0
8650784,869,64,1325103,8650255,8650784,1337015,529,7325681,7325152,0,0,0
8697449,659,64,978296,8650784,8697449,1339696,46665,7719153,7672488,0,0,0
8697956,877,64,1338925,8697449,8697956,1340398,507,7359031,7358524,0,0,0
8698629,878,64,1340128,8697956,8698629,1342885,673,7358501,7357828,0,0,0
8699143,876,64,1337653,8698629,8699143,1343051,514,7361490,7360976,0,0,0
8699383,880,32,1342418,8699143,8699309,1343470,166,7356891,7356725,0,0,0
8700131,875,32,1336478,8699143,8700131,1343068,988,7363653,7362665,0,0,0
8701194,874,64,1331178,8699383,8701194,1346207,1811,7370016,7368205,0,0,0
8712544,879,64,1341246,8701194,8712544,1348792,11350,7371298,7359948,0,0,0
8712665,882,64,1349576,8712544,8712665,1350417,121,7363089,7362968,0,0,0
8756632,695,64,1035142,8712665,8756632,1352823,43967,7721490,7677523,0,0,0
8757540,883,64,1350364,8756632,8757540,1353293,908,7407176,7406268,0,0,0
8878603,673,64,1011437,8757540,8878603,1354397,121063,7867166,7746103,0,0,0
8880563,886,64,1352946,8878603,8880563,1355931,1960,7527617,7525657,0,0,0
8880882,888,64,1355328,8880563,8880882,1356204,319,7525554,7525235,0,0,0
8881008,889,64,1356526,8880882,8881008,1357847,126,7524482,7524356,0,0,0
8886609,887,64,1354004,8881008,8886609,1358377,5601,7532605,7527004,0,0,0
8892195,885,64,1352407,8886609,8892195,1359594,5586,7539788,7534202,0,0,0
8892252,890,64,1362157,8892195,8892252,1362608,57,7530095,7530038,0,0,0
8893534,891,64,1362424,8892252,8893534,1363414,1282,7531110,7529828,0,0,0
8895979,892,64,1363943,8893534,8895979,1368070,2445,7532036,7529591,0,0,0
8966311,730,64,1096408,8895979,8966311,1371716,70332,7869903,7799571,0,0,0
9126984,604,64,908158,8966311,9126984,1373497,160673,8218826,8058153,0,0,0
9127102,894,64,1373754,9126984,9127102,1374400,118,7753348,7753230,0,0,0
9130881,893,64,1371756,9127102,9130881,1375336,3779,7759125,7755346,0,0,0
9131171,895,32,1375006,9130881,9131171,1376280,290,7756165,7755875,0,0,0
9131529,897,64,1376467,9130881,9131529,1380298,648,7755062,7754414,0,0,0
9233107,679,64,1014347,9131529,9233107,1380798,101578,8218760,8117182,0,0,0
9282535,712,64,1059553,9233107,9282535,1383236,49428,8222982,8173554,0,0,0
9606057,768,64,1152428,9282535,9606057,1384359,323522,8453629,8130107,0,0,0
9606845,898,64,1380602,9606057,9606845,1386038,788,8226243,8225455,0,0,0
9606985,900,64,1385649,9606845,9606985,1386090,140,8221336,8221196,0,0,0
9608161,899,64,1383988,9606985,9608161,1391074,1176,8224173,8222997,0,0,0
9621070,881,64,1344978,9608161,9621070,1391553,12909,8276092,8263183,0,0,0
9622851,896,64,1375695,9621070,9622851,1393170,1781,8247156,8245375,0,0,0
9635864,884,64,1351855,9622851,9635864,1393589,13013,8284009,8270996,0,0,0
9637914,902,64,1392973,9635864,9637914,1395378,2050,8244941,8242891,0,0,0
9638135,904,64,1396508,9637914,9638135,1398264,221,8241627,8241406,0,0,0
9639131,905,64,1397444,9638135,9639131,1400089,996,8241687,8240691,0,0,0
9639967,903,64,1395783,9639131,9639967,1403556,836,8244184,8243348,0,0,0
9640033,908,64,1402603,9639967,9640033,1403615,66,8237430,8237364,0,0,0
9695388,802,64,1209383,9640033,9695388,1404956,55355,8486005,8430650,0,0,0
9695566,911,64,1405117,9695388,9695566,1406767,178,8290449,8290271,0,0,0
9695615,914,64,1406764,9695566,9695615,1407302,49,8288851,8288802,0,0,0
9696348,912,64,1405303,9695615,9696348,1407658,733,8291045,8290312,0,0,0
9697258,916,64,1407075,9696348,9697258,1407922,910,8290183,8289273,0,0,0
9698690,910,64,1404204,9697258,9698690,1407995,1432,8294486,8293054,0,0,0
9746867,775,64,1158461,9698690,9746867,1410792,48177,8588406,8540229,0,0,0
9753004,906,64,1399828,9746867,9753004,1411152,6137,8353176,8347039,0,0,0
9754878,909,64,1403588,9753004,9754878,1411175,1874,8351290,8349416,0,0,0
9756940,919,32,1411790,9754878,9756940,1415834,2062,8345150,8343088,0,0,0
9764188,917,32,1407527,9756940,9764188,1416407,7248,8356661,8349413,0,0,0
9765442,920,32,1412297,9764188,9765442,1419538,1254,8353145,8351891,0,0,0
9766473,915,32,1406792,9765442,9766473,1420015,1031,8359681,8358650,0,0,0
9813377,661,32,989675,9766473,9813377,1422587,46904,8823702,8776798,0,0,0
9813617,921,32,1421427,9813377,9813545,1422792,168,8392118,8391950,0,0,0
9813857,922,32,1421875,9813617,9813695,1422870,78,8391820,8391742,0,0,0
9816457,918,32,1410454,9813857,9816457,1424884,2600,8406003,8403403,0,0,0
9816697,925,32,1426737,9816457,9816565,1427726,108,8389828,8389720,0,0,0
9816955,926,32,1427590,9816697,9816955,1429435,258,8389365,8389107,0,0,0
9847695,817,32,1241644,9816955,9847695,1431466,30740,8606051,8575311,0,0,0
9847935,928,32,1430838,9847695,9847781,1431995,86,8416943,8416857,0,0,0
9848484,927,32,1429841,9847935,9848484,1433178,549,8418643,8418094,0,0,0
9866517,923,32,1422956,9848484,9866517,1433463,18033,8443561,8425528,0,0,0
9866924,930,32,1433738,9866517,9866924,1435761,407,8433186,8432779,0,0,0
9868214,924,32,1424974,9866924,9868214,1437009,1290,8443240,8441950,0,0,0
9868454,932,32,1440963,9868214,9868360,1442211,146,8427397,8427251,0,0,0
9889593,901,32,1389084,9868454,9889593,1442371,21139,8500509,8479370,0,0,0
9890688,931,32,1439074,9889593,9890688,1444418,1095,8451614,8450519,0,0,0
9890960,936,32,1446801,9890688,9890960,1447611,272,8444159,8443887,0,0,0
9978273,696,32,1035883,9754878,9978273,1411847,223395,8942390,8718995,0,0,0
10167913,715,64,1063885,9890960,10167913,1448285,276953,9104028,8827075,0,0,0
10169389,934,64,1441315,10167913,10169389,1448669,1476,8728074,8726598,0,0,0
10319070,562,64,848204,10169389,10319070,1450300,149681,9470866,9321185,0,0,0
10320862,938,64,1447278,10319070,10320862,1452264,1792,8873584,8871792,0,0,0
10322373,937,64,1446840,10320862,10322373,1452423,1511,8875533,8874022,0,0,0
10322470,940,64,1452819,10322373,10322470,1453684,97,8869651,8869554,0,0,0
10327595,935,64,1446410,10322470,10327595,1455654,5125,8881185,8876060,0,0,0
10328126,941,64,1453583,10327595,10328126,1456017,531,8874543,8874012,0,0,0
10328465,942,64,1455511,10328126,10328465,1456695,339,8872954,8872615,0,0,0
10329930,943,32,1458208,10328465,10329930,1458997,1465,8871722,8870257,0,0,0
10330170,944,32,1458348,10329930,10330048,1459015,118,8871700,8871582,0,0,0
10330410,939,32,1448259,10328465,10330196,1457110,1731,8881937,8880206,0,0,0
10333010,945,64,1459768,10330170,10333010,1461730,2840,8873242,8870402,0,0,0
10333348,949,64,1470953,10333010,10333348,1473272,338,8862395,8862057,0,0,0
10334045,950,64,1475334,10333348,10334045,1476658,697,8858711,8858014,0,0,0
10340065,948,64,1470315,10334045,10340065,1481629,6020,8869750,8863730,0,0,0
10340176,953,64,1481945,10340065,10340176,1482792,111,8858231,8858120,0,0,0
10348099,947,64,1469168,10340176,10348099,1483507,7923,8878931,8871008,0,0,0
10348359,958,64,1485574,10348099,10348359,1486490,260,8862785,8862525,0,0,0
10348909,955,64,1484431,10348359,10348909,1486651,550,8864478,8863928,0,0,0
10353940,946,64,1467971,10348909,10353940,1486733,5031,8885969,8880938,0,0,0
10354049,959,64,1486554,10353940,10354049,1487217,109,8867495,8867386,0,0,0
10357292,951,64,1480574,10354049,10357292,1488858,3243,8876718,8873475,0,0,0
10366264,933,64,1441107,10357292,10366264,1489083,8972,8925157,8916185,0,0,0
10373297,952,64,1480738,10366264,10373297,1490786,7033,8892559,8885526,0,0,0
10373855,960,64,1488918,10373297,10373855,1493144,558,8884937,8884379,0,0,0
10377727,956,64,1484621,10373855,10377727,1494278,3872,8893106,8889234,0,0,0
10380568,962,64,1494160,10377727,10380568,1500002,2841,8886408,8883567,0,0,0
10384530,954,64,1482761,10380568,10384530,1500230,3962,8901769,8897807,0,0,0
10385080,966,64,1498389,10384530,10385080,1500839,550,8886691,8886141,0,0,0
10387139,964,64,1495991,10385080,10387139,1502434,2059,8891148,8889089,0,0,0
10389253,961,64,1491845,10387139,10389253,1504159,2114,8897408,8895294,0,0,0
10392990,965,64,1496732,10389253,10392990,1505229,3737,8896258,8892521,0,0,0
10393458,971,64,1506577,10392990,10393458,1507176,468,8886881,8886413,0,0,0
10395275,972,64,1506745,10393458,10395275,1509739,1817,8888530,8886713,0,0,0
10398029,970,64,1503692,10395275,10398029,1512992,2754,8894337,8891583,0,0,0
10399488,974,64,1511015,10398029,10399488,1514235,1459,8888473,8887014,0,0,0
10462006,929,64,1432724,10399488,10462006,1515544,62518,9029282,8966764,0,0,0
10463754,977,64,1513263,10462006,10463754,1515764,1748,8950491,8948743,0,0,0
10463880,978,64,1516546,10463754,10463880,1517281,126,8947334,8947208,0,0,0
10475609,967,64,1498912,10463880,10475609,1518250,11729,8976697,8964968,0,0,0
10476058,975,64,1511352,10475609,10476058,1518271,449,8964706,8964257,0,0,0
10636236,612,64,917559,10476058,10636236,1519098,160178,9718677,9558499,0,0,0
10641557,968,64,1499975,10636236,10641557,1520383,5321,9141582,9136261,0,0,0
10654763,969,64,1503507,10641557,10654763,1521106,13206,9151256,9138050,0,0,0
10655086,980,64,1524312,10654763,10655086,1526766,323,9130774,9130451,0,0,0
10723295,907,64,1400528,10655086,10723295,1528203,68209,9322767,9254558,0,0,0
10723793,981,64,1525329,10723295,10723793,1528386,498,9198464,9197966,0,0,0
10724275,979,64,1523801,10723793,10724275,1530892,482,9200474,9199992,0,0,0
10724692,982,64,1528710,10724275,10724692,1531519,417,9195982,9195565,0,0,0
10725358,986,64,1533008,10724692,10725358,1533996,666,9192350,9191684,0,0,0
10725535,988,64,1534019,10725358,10725535,1535289,177,9191516,9191339,0,0,0
10725943,987,64,1534006,10725535,10725943,1539473,408,9191937,9191529,0,0,0
10729679,984,64,1530253,10725943,10729679,1539659,3736,9199426,9195690,0,0,0
10730645,990,64,1542386,10729679,10730645,1543860,966,9188259,9187293,0,0,0
10733090,985,64,1532391,10730645,10733090,1545606,2445,9200699,9198254,0,0,0
10733685,991,64,1546288,10733090,10733685,1548091,595,9187397,9186802,0,0,0
10734595,993,64,1551950,10733685,10734595,1553499,910,9182645,9181735,0,0,0
10737198,994,64,1553117,10734595,10737198,1559068,2603,9184081,9181478,0,0,0
10739051,995,64,1553987,10737198,10739051,1559355,1853,9185064,9183211,0,0,0
10739330,997,64,1558898,10739051,10739330,1560244,279,9180432,9180153,0,0,0
10740259,998,64,1559287,10739330,10740259,1564464,929,9180972,9180043,0,0,0
10741302,992,64,1551483,10740259,10741302,1566899,1043,9189819,9188776,0,0,0
10742317,999,32,1559769,10741302,10742317,1576575,1015,9182548,9181533,0,0,0
10749293,976,32,1512455,10742317,10749293,1580253,6976,9236838,9229862,0,0,0
10792388,873,32,1329117,10741302,10792388,1567242,51086,9463271,9412185,0,0,0
10885822,973,64,1507478,10749293,10885822,1585873,136529,9378344,9241815,0,0,0
10896215,983,64,1529890,10885822,10896215,1591226,10393,9366325,9355932,0,0,0
10966767,989,64,1540780,10896215,10966767,1696753,70552,9425987,9355435,0,0,0
11096751,913,64,1405960,10966767,11096751,1714732,129984,9690791,9560807,0,0,0
11159374,957,64,1485083,11096751,11159374,1731246,62623,9674291,9611668,0,0,0
11270714,996,64,1556127,11159374,11270714,1748866,111340,9714587,9603247,0,0,0
11373655,963,64,1495854,11270714,11373655,1843392,102941,9877801,9774860,0,0,0
11463834,824,64,1249732,11373655,11463834,1973853,90179,10214102,10123923,0,0,0
11496989,863,64,1318652,11463834,11496989,2024933,33155,10178337,10145182,0,0,0
