time,job_id,num_gpu,submit_time,start_time,end_time,ddl,executed_time,JCT,pending_time,preempt,promote,best_effort_job
3930,bc55dba0-58c8-f7e4-b81e-494dab1230cb,64,3799,3853,3930,4871,77,131,54,0,0,0
3930,488be9a1-81e5-7112-da79-b9dc90bf5f7f,64,3799,3853,3930,5249,77,131,54,0,0,0
3990,e12a6642-0250-c97d-8cb1-b6771a395572,64,3816,3853,3979,4781,126,163,37,0,0,0
3990,40a87869-bd1a-51ad-d029-1cd0a70a2229,64,3799,3853,3980,4840,127,181,54,0,0,0
4055,531fc7e7-ce5c-cce7-26dc-27e23b730749,64,3795,3853,4055,5164,202,260,58,0,0,0
4115,3d84456b-6929-14f2-9dd5-7793b7d82a86,64,3794,3853,4064,5346,211,270,59,0,0,0
4115,d36ea58c-460e-000c-6306-d8ab27964133,64,3793,3793,4103,4573,310,310,0,0,0,0
4115,10f377f9-92a4-0698-729e-5d522b6c6636,64,3812,3853,4110,4595,257,298,41,0,0,0
4238,7b658187-c302-20f6-4ccf-d47bab78655c,64,3979,3990,4201,5677,211,222,11,0,0,0
4398,4cd7a84e-5e88-6e1c-d5a9-192ee5190e9a,64,3802,3853,4398,4510,545,596,51,0,0,0
4517,24785248-c0b5-770f-4b6d-35a0c7268b74,64,4178,4178,4517,7315,339,339,0,0,0,0
4959,47b3c7f8-5cc9-c11b-5252-2ad9c063c05f,32,4181,4238,4959,6928,721,778,57,0,0,0
5157,a709ea60-037a-77a6-97d6-e4557008abd1,64,4183,4238,5157,8937,919,974,55,0,0,0
5456,c3943229-9193-4764-3a43-ab38650e1236,64,4178,4178,5456,5917,1278,1278,0,0,0,0
6260,411bf458-4230-28a3-ca2d-1d1aa3913b9b,64,5858,5858,6250,6255,392,392,0,0,0,0
6320,63999898-8f8e-95de-7871-d97e2a6c4063,32,6102,6140,6275,6989,135,173,38,0,0,0
6500,d037c5e3-3183-1b8a-98b9-562608ab8a4b,64,6080,6080,6482,6833,402,402,0,0,0,0
6612,c442a9c7-8e50-917c-b38e-5c3b5f42695c,64,6160,6200,6612,6944,412,452,40,0,0,0
8231,6ff27dbf-2e3a-1a0f-75b0-512cff1b2e20,64,6348,6380,8207,33273,1827,1859,32,0,0,0
9989,179ea254-7a34-2899-36bc-667e44782b10,64,6959,7013,9943,28414,2930,2984,54,0,0,0
9989,c8cd2866-274e-02b5-6411-e0c066ff2eca,64,6959,7013,9943,29249,2930,2984,54,0,0,0
10229,766396c5-7161-2d0d-3bc3-63292f1f1959,64,7252,7287,10227,27336,2940,2975,35,0,0,0
10434,8878f572-cf1b-1759-8f19-d44e421a4a99,64,7503,7527,10434,23717,2907,2931,24,0,0,0
10872,b9e1cc33-ad88-9b64-8309-3f9d36079e8f,64,8045,8051,10872,25922,2821,2827,6,0,0,0
11349,0ad77bbb-e545-a90d-1f30-3c94aa172ba3,64,11213,11222,11349,11768,127,136,9,0,0,0
11723,17a3653f-2ebc-eb22-89be-54eca392c682,64,11258,11282,11705,12548,423,447,24,0,0,0
11902,f19e1d46-d354-808a-5df8-d7b13c4bcd29,64,11463,11463,11902,12834,439,439,0,0,0,0
12213,a03e2e89-a71b-1159-e9b0-46e22490cfe5,64,11476,11523,12207,13683,684,731,47,0,0,0
12400,6e55a932-ed98-e4cf-15f6-b34b8d03fa0a,64,6417,6440,12400,28060,5960,5983,23,0,0,0
12649,b66a26c3-caf2-b6c4-f0d3-8708dd0717e1,64,7154,7167,12648,30413,5481,5494,13,0,0,0
12875,5e19c478-4143-8597-1ea7-5453f2506a88,64,9845,9869,12820,30128,2951,2975,24,0,0,0
13033,7381c43d-174e-4cb7-f8a3-9f3afd5c4fe5,64,8054,8111,13033,27427,4922,4979,57,0,0,0
13233,ef45c6ef-686d-64da-1af1-e92c025e9ed9,64,7107,7107,13199,30766,6092,6092,0,0,0,0
14086,d8ac924f-7eda-2377-866c-38ae88451d69,64,6465,6500,14086,25158,7586,7621,35,0,0,0
14488,f15f1d41-8ec0-1abc-e837-a6b181e5e5d3,64,6898,6953,14488,27138,7535,7590,55,0,0,0
14548,224fc40e-cdb6-e5b5-c085-ac158c90bb4d,64,11663,11723,14546,30235,2823,2883,60,0,0,0
15242,eb60820b-b0f9-5bec-f72e-45e4818e4059,32,9129,9185,15194,26579,6009,6065,56,0,0,0
15631,1c5db765-ba44-9323-4356-c0d41afa07f7,64,12288,12333,15631,30196,3298,3343,45,0,0,0
15831,7e7b8cda-1408-dc45-acd0-2809368e81fe,64,8263,8291,15831,26177,7540,7568,28,0,0,0
16093,4156e924-61b6-5453-80cd-df962e09ea91,64,13173,13173,16093,30503,2920,2920,0,0,0,0
16352,ee3e8758-a64b-7148-78a6-56e530955c95,64,13315,13353,16352,30574,2999,3037,38,0,0,0
16531,f1d81861-d530-bbcc-d76f-4d826bdd4e82,32,10446,10494,16531,29795,6037,6085,48,0,0,0
16591,38e6a191-c0cb-ca07-b2a4-4108eb0897fc,32,10502,10554,16554,29881,6000,6052,52,0,0,0
16716,83871834-78ea-9537-dca1-a37246ac943c,64,11822,12649,16716,30922,4067,4894,827,0,0,0
17918,8fe75b24-ffd2-d7bc-eac8-da7686235962,64,12495,16093,17918,31660,1825,5423,3598,0,0,0
18174,f2a16438-0513-f9a8-4ad5-c29734312acb,64,9675,10229,18174,31128,7945,8499,554,0,0,0
18322,013b4ebb-70d8-62fb-638d-c3280dcc4aed,64,13386,13413,18322,27825,4909,4936,27,0,0,0
18382,658caa94-c9c6-ed75-cd41-f75fc6d0c37c,64,7438,7467,18328,28762,10861,10890,29,0,0,0
19117,ec7926af-620e-4c5f-c5e2-30d646edb947,64,13255,13293,19117,30875,5824,5862,38,0,0,0
21443,376265e0-da00-681a-ab2a-13cec8f3b709,64,6459,6500,21443,32976,14943,14984,41,0,0,0
21503,c5de2e13-432c-5d80-7ce6-f817df0e6769,64,10553,16531,21500,32067,4969,10947,5978,0,0,0
22687,08654c2c-c2b5-cec1-4636-0b7b363a13d8,32,10011,16716,22687,32142,5971,12676,6705,0,0,0
23732,9bc658f4-c889-0ded-9d7c-df740a4edca2,64,12818,12875,23732,28475,10857,10914,57,0,0,0
24738,d7fba2e4-685d-9bcb-8d7d-8149e2c9ea14,64,22394,22394,24738,26127,2344,2344,0,0,0,0
25961,bbcd356e-8ad4-e760-887a-130a3388b3b2,64,9588,16716,25961,32795,9245,16373,7128,0,0,0
26021,3306cef2-1339-47fc-d0c7-eebf266e0bf8,64,7149,7167,25997,34397,18830,18848,18,0,0,0
26203,30f3da08-383a-d6f3-7c12-e89b0211af24,64,7491,7527,26203,26577,18676,18712,36,0,0,0
26789,21107185-e69e-54b9-908b-e6411e007943,64,14164,14216,26789,30471,12573,12625,52,0,0,0
26883,12c28897-9b66-50c7-0619-d8b02f4b8ba4,64,10438,10494,26883,25236,16389,16445,56,0,0,0
27190,50241ac8-7472-91d6-92c9-60b9441a40ac,64,9028,16352,27190,31686,10838,18162,7324,0,0,0
27506,3ab819ad-2880-516c-c5ae-2304b502fbeb,64,11029,18174,27506,33012,9332,16477,7145,0,0,0
27626,6c37efac-8767-4a6f-6941-64b6bdac02a8,64,8941,8941,27603,27605,18662,18662,0,0,0,0
27776,81e6f0e6-5a54-80a4-5dd5-d272158bfbe9,64,8739,18382,27776,33943,9394,19037,9643,0,0,0
28235,d8a8834a-d703-2680-70e8-0bb73f8d0239,64,6410,6440,28235,35351,21795,21825,30,0,0,0
28378,4e1ce3ad-6af4-8d79-55cb-c70d22745305,64,9591,9629,28378,29980,18749,18787,38,0,0,0
28441,486caed1-c32f-a80f-f50f-26e02c8fdd04,64,7349,7407,28441,33460,21034,21092,58,0,0,0
28573,95345484-a694-9e6d-1fde-64dcc80db26c,64,9761,9809,28573,26265,18764,18812,48,0,0,0
28633,ac19ba05-9df6-ceeb-c021-8ccc3df7926f,64,9722,26789,28621,35964,1832,18899,17067,0,0,0
30010,68c8a81e-3470-ab92-a1fc-72376877c029,64,7693,27190,30010,36268,2820,22317,19497,0,0,0
30275,267f7b8c-6f56-9e06-5d31-0895d30a69a9,64,6900,6953,30275,34353,23322,23375,53,0,0,0
30335,cca7d3a9-c329-6d09-92b7-b7d93d9e3149,64,8871,28441,30276,37143,1835,21405,19570,0,0,0
30718,91c5a281-5819-99ce-2116-ff527db85fd3,64,8658,27776,30718,36686,2942,22060,19118,0,0,0
30838,07470b82-6709-2fda-2491-1ebf0dd0880d,64,9910,27506,30803,36452,3297,20893,17596,0,0,0
30930,20076828-11a0-c91d-77fa-d53417ade7fb,64,12834,25961,30930,34970,4969,18096,13127,0,0,0
31831,941aac53-1f25-c55a-a2ab-6e3dd76249d9,64,12104,30010,31831,38023,1821,19727,17906,0,0,0
31895,95a31563-952f-f3ab-d23b-8bc50487bf8f,64,7807,28573,31895,37433,3322,24088,20766,0,0,0
32420,eabc4276-a836-b345-a23b-7b34c1b3cc7d,64,7549,7587,32420,31131,24833,24871,38,0,0,0
32548,0d33eccc-7bf4-de92-26d5-e062c96f08b6,64,9936,27626,32548,36640,4922,22612,17690,0,0,0
33753,af3d7557-9ca0-6549-bd06-74641d5d9660,64,14685,26203,33753,35725,7550,19068,11518,0,0,0
34094,f14ba25a-e36b-f636-7a2e-4d22d34f8378,64,12093,24738,34094,34969,9356,22001,12645,0,0,0
34601,18745d8d-749e-4d5a-bb3b-87263d9c123a,64,34166,34166,34601,35715,435,435,0,0,0,0
34661,2f3cb4af-e860-673e-611e-1ac690e32a8a,64,34489,34489,34637,35519,148,148,0,0,0,0
35395,a3ba9450-73eb-2b40-8697-eb6d303b209d,64,6893,6893,35395,36866,28502,28502,0,0,0,0
35790,8fd76783-06f5-7140-a821-04fc9cc24dd2,64,10439,30838,35790,38983,4952,25351,20399,0,0,0
35850,a03e235b-6c41-51b7-1d2d-e8daf1ec53e1,64,8049,30930,35833,39029,4903,27784,22881,0,0,0
36133,e28ae0fc-797e-f304-c7a3-94bc5b36a424,64,12219,28633,36133,37777,7500,23914,16414,0,0,0
36250,be178c73-e92b-928d-dc53-09bcd4b88aa9,64,9449,30275,36250,38302,5975,26801,20826,0,0,0
36425,d58b5e5d-cc69-5c5a-6eee-702f3ee57e91,64,10216,34094,36425,40321,2331,26209,23878,0,0,0
36809,07cbc99f-855f-5f6c-1f49-a1fb93ad27a5,64,12589,31831,36809,39370,4978,24220,19242,0,0,0
38157,d0e8c42c-7cc3-e1ae-aedf-c887cc1bcbb0,64,38088,38088,38157,38879,69,69,0,0,0,0
38217,a99e7c86-c14d-737e-f377-306244d64071,64,10519,30718,38201,38814,7483,27682,20199,0,0,0
39946,2df49e3a-1107-dccd-93da-23268fbe7497,64,8808,32420,39946,39954,7526,31138,23612,0,0,0
40209,c794ed53-9ee9-929c-d274-e1f5435585ad,64,6460,6500,40209,40705,33709,33749,40,0,0,0
40269,5deca35c-ab92-da93-ed00-7cda429233eb,64,6203,6260,40225,34859,33965,34022,57,0,0,0
40329,7990c768-a994-e415-6385-b2b75e27da31,64,9026,35395,40323,40350,4928,31297,26369,0,0,0
40822,03537324-ed11-bb9a-39ed-a082acdb15a6,64,14654,28235,40822,36819,12587,26168,13581,0,0,0
41266,1fa3dc79-954d-8809-1639-0c251ff9c803,64,9621,31895,41266,39435,9371,31645,22274,0,0,0
41823,64417590-9793-3c9d-ffc0-6a5dbf810bac,32,13041,35850,41823,40544,5973,28782,22809,0,0,0
41883,5adccbba-2fb3-bfaf-fcac-b8e5fa209bde,32,8144,35850,41882,40410,6032,33738,27706,0,0,0
41943,26967c7d-8e87-e56f-d479-c50e4e338444,64,10162,32548,41930,40034,9382,31768,22386,0,0,0
42884,b83666a7-61c7-7968-c1a1-48b474bfaf72,32,14170,36809,42884,41164,6075,28714,22639,0,0,0
42944,9cf08998-c7d9-4e88-6e83-bb202835cda5,64,10460,30335,42921,38720,12586,32461,19875,0,0,0
43251,632bf153-0460-a3f2-218c-ec4f2888c584,64,7267,39946,43251,41513,3305,35984,32679,0,0,0
43730,05437bdb-ee3d-109d-9eb2-42eb87f70035,64,9677,40822,43730,42528,2908,34053,31145,0,0,0
44177,25c16121-22d1-4004-7def-f287505cad7a,64,9585,36809,44177,41227,7368,34592,27224,0,0,0
44237,873ddac1-87da-1a8c-0699-38c07d748db9,64,11162,41266,44194,42694,2928,33032,30104,0,0,0
44297,8181f50b-08bd-c7a7-29e3-ff1fd938b3db,32,8158,38217,44255,41473,6038,36097,30059,0,0,0
45226,e6fd9f5a-134e-782b-875d-7c40c1568235,64,7589,40269,45226,41714,4957,37637,32680,0,0,0
45559,37689ea1-7cc4-b6d2-df59-2f47b1eb354f,64,12841,26883,45559,36238,18676,32718,14042,0,0,0
46342,578f025a-e082-ca8f-ef8a-b94ed6bae8ac,64,12669,35790,46342,40358,10552,33673,23121,0,0,0
46502,8a6f28ab-2e25-ea6d-3139-246ee1c69ebb,64,14173,33753,46502,40077,12749,32329,19580,0,0,0
47725,c037ec02-85ec-4786-db84-6af644afa389,64,9774,41943,47725,44112,5782,37951,32169,0,0,0
47846,fd71adb8-ff27-a545-35ba-e312bf4ea064,64,10725,40329,47846,42525,7517,37121,29604,0,0,0
47906,98b2a04f-2f45-17cd-0b39-e31dfd9f3db7,64,9671,42944,47866,45867,4922,38195,33273,0,0,0
47966,7c15c3df-bc66-9c7b-bf10-32e989b641f8,32,12815,41943,47946,43812,6003,35131,29128,0,0,0
48349,cd811bf0-2331-6797-27bf-c76ed2317a2a,64,47277,47846,48349,47857,503,1072,569,0,0,0
48469,541c76d4-f0c5-76a7-5d1e-8911fd2b91a3,64,47210,48349,48469,48022,120,1259,1139,0,0,0
48917,bdc178e3-3cb7-1b78-f767-0c02792da21e,64,13063,36250,48917,40713,12667,35854,23187,0,0,0
49006,68e28ac8-1f21-ee82-7e4e-7c552ec7f4be,64,6956,7013,49006,46724,41993,42050,57,0,0,0
49088,91978e7a-1b56-051e-c0a6-fdda1a83b9a3,64,7338,36425,49088,40728,12663,41750,29087,0,0,0
49306,58e6da46-8550-e83a-1712-21bdd0e28a8d,64,47282,48917,49306,48366,389,2024,1635,0,0,0
49485,52ce38d3-489a-1456-1a18-1622dd5530ac,64,6641,6672,49485,46965,42813,42844,31,0,0,0
49922,082f48a6-bdab-101b-b423-adf369aa68e1,64,47093,49088,49904,48634,816,2811,1995,0,0,0
51047,d33a8a10-de11-5b7f-2301-e886d1a36a15,64,9692,40209,51047,41572,10838,41355,30517,0,0,0
52734,592b7881-37e5-bdd2-1a74-39259380c585,64,9295,47725,52734,47738,5009,43439,38430,0,0,0
52812,e9a097de-a98c-d4fe-8112-5fa639bc266a,64,9687,47906,52812,47991,4906,43125,38219,0,0,0
53212,7f46cd53-2476-1201-c930-cd18ed1dac21,64,11946,49922,53212,49230,3290,41266,37976,0,0,0
53619,33b11856-2cef-52a9-b89c-682785e319d6,64,9022,44237,53603,46313,9366,44581,35215,0,0,0
53810,da3c9966-3987-0bbe-e8f9-8e80a5749d6f,64,9125,43251,53810,45914,10559,44685,34126,0,0,0
53870,15281768-c1e4-2a06-a420-bddb8bc61623,64,14156,51047,53860,49299,2813,39704,36891,0,0,0
53870,93860aa4-dcff-6e31-cfd8-4ce43961110c,32,49664,53810,53868,50435,58,4204,4146,0,0,0
54004,cfe34dd5-ea18-db31-caa4-867ed75fce18,32,49862,53870,54004,50623,134,4142,4008,0,0,0
54094,52ac4f24-2058-7901-2e7a-962d766e08fe,64,6312,6320,54094,46188,47774,47782,8,0,0,0
54329,70db98a5-70d1-a9ca-abec-8d480dfb8c14,32,49959,54094,54329,50683,235,4370,4135,0,0,0
54441,92be2952-192c-a464-34b9-084db1e6e2f9,64,8004,41823,54441,43110,12618,46437,33819,0,0,0
54596,5150a51e-cf0d-82d8-64e2-287f08b6f9ba,64,9583,45226,54596,46449,9370,45013,35643,0,0,0
54854,66144d23-4d11-814e-b25a-acbf12d69bbb,64,9363,44297,54854,46331,10557,45491,34934,0,0,0
55832,ea434875-2386-649b-92bf-06e739e5a921,64,6639,6672,55832,46495,49160,49193,33,0,0,0
56282,e8561d00-a0c9-4ca3-56f1-9a49a6e9ece0,64,7489,43730,56282,45974,12552,48793,36241,0,0,0
56535,100b3f7f-cb69-cf0f-882f-6b5d31f64c72,64,10659,49006,56535,48571,7529,45876,38347,0,0,0
57265,f7edb168-7082-0a3b-66b5-4f88331868a1,64,9558,54329,57265,50855,2936,47707,44771,0,0,0
57840,947780e4-bbd3-0feb-3081-60c7da9251c8,64,9213,48469,57840,48161,9371,48627,39256,0,0,0
58288,2af05b56-27b7-97e7-269e-4d3e865c9159,64,9839,54854,58288,52708,3434,48449,45015,0,0,0
58843,91d35151-9da8-fdce-3fb2-36592d623927,64,7605,49485,58839,49066,9354,51234,41880,0,0,0
59576,00b4df16-b231-77b2-07d3-36903d7c623b,64,7189,53619,59576,50051,5957,52387,46430,0,0,0
59884,8ff9d1dc-0a58-68a3-0cbb-a4792c5992a0,32,15182,53810,59834,50237,6024,44652,38628,0,0,0
60126,b1ca16c0-be44-2d41-0ff1-e0650cfc053b,64,8974,52812,60116,49511,7304,51142,43838,0,0,0
60370,2adfcf59-6129-5d89-287f-74e08ed45f0d,32,57651,60126,60342,58181,216,2691,2475,0,0,0
60430,15266cf6-b860-3bd4-e9be-7b912744abc6,64,50651,56535,60392,54867,3857,9741,5884,0,0,0
60490,936a63ef-2c40-1ce3-8a51-06c57851a0bd,64,10155,54441,60440,51569,5999,50285,44286,0,0,0
60550,d4f5df54-78ea-d184-5543-aeb789a30bb7,32,57651,60370,60505,58187,135,2854,2719,0,0,0
60691,21e385d8-5180-7f6c-04e1-0865713e61a5,64,57635,60430,60691,58787,261,3056,2795,0,0,0
60894,87ccae05-f018-714a-bc7c-8ec7e237c96b,64,50432,58843,60894,55806,2051,10462,8411,0,0,0
61132,06771443-2cd9-6043-04ff-3ee2a41fef7a,64,12817,57840,61132,55557,3292,48315,45023,0,0,0
61628,bf8be7c6-74c9-9c68-ab68-392e12fc97c9,64,51059,59576,61628,57276,2052,10569,8517,0,0,0
61748,76014369-a6f2-cf17-8825-b360a5982507,64,50364,58288,61706,55592,3418,11342,7924,0,0,0
61928,4e52221e-14c0-f184-357b-ddc994d4b154,64,14785,49306,61911,48966,12605,47126,34521,0,0,0
62108,e16a3a50-d952-efaa-d7c6-0d4d26f82533,64,9502,54596,62083,52272,7487,52581,45094,0,0,0
62168,adfee7c3-fb39-00df-2a26-1d9ff524ae45,64,61695,61748,62159,64035,411,464,53,0,0,0
62279,0d6acaa5-800d-f6bd-341b-869565108643,64,61843,61868,62279,64591,411,436,25,0,0,0
62371,708af036-3e17-842c-1c29-6683b159ea64,64,61708,61748,62371,63608,623,663,40,0,0,0
62431,30e75784-62f1-2090-a643-e9b2a1883883,64,61787,61808,62418,63812,610,631,21,0,0,0
62509,8fd02f1d-e022-80b2-4dc1-9989d5084715,64,61745,61748,62509,65402,761,764,3,0,0,0
62569,aa3ce6cd-fa36-4d02-7305-a71d9dba6734,64,61897,61928,62543,64121,615,646,31,0,0,0
62569,b0bf8165-9d47-63ac-90eb-f0216da4c517,32,61796,61808,62557,64021,749,761,12,0,0,0
63011,7dd1deb4-9456-c0de-de5c-f8641a44ca3d,64,61812,61868,63011,64496,1143,1199,56,0,0,0
63071,3b482467-4812-8b09-2c59-ef077b15219d,64,61829,61868,63032,64590,1164,1203,39,0,0,0
63071,34980371-3658-2ba0-a9ba-07a3e8a1ab7b,64,61889,62108,63036,64604,928,1147,219,0,0,0
63131,98a051b5-dbd8-370c-7b7a-9b775555bafb,32,61802,61808,63096,66299,1288,1294,6,0,0,0
63191,9df046fe-8ec4-8fae-ee20-2262c09599c1,64,50662,59884,63142,58176,3258,12480,9222,0,0,0
63191,1aa0854f-a26b-d54d-ea97-df640582be09,64,61832,62569,63159,66747,590,1327,737,0,0,0
63251,d9f213c1-f3af-3ae3-3eff-5ad82c70fed0,32,15091,57265,63231,55345,5966,48140,42174,0,0,0
63471,f998e4f4-8b1c-7625-0249-9e17b03de67a,64,62027,63131,63471,67049,340,1444,1104,0,0,0
63531,19844d68-920b-577b-0168-d6edc5c509a0,64,62013,62168,63478,64936,1310,1465,155,0,0,0
63531,4f2057ae-9b7b-bcaa-0b39-253e2a6d9373,64,63295,63311,63513,63843,202,218,16,0,0,0
63531,ababb2e6-7b46-8e81-f119-9e4a8bffeece,64,61902,62371,63514,66287,1143,1612,469,0,0,0
63591,96d39133-68b4-5a29-0c84-ff5020ed79d8,64,61934,62431,63587,66392,1156,1653,497,0,0,0
63651,eb8a9234-25b6-bc7b-d082-9d96fbe2e03e,64,62103,63011,63617,66783,606,1514,908,0,0,0
63757,5c85beaa-995a-0fd7-3f0d-688be49785b0,64,9919,56282,63757,52949,7475,53838,46363,0,0,0
63849,e783b8c9-ae40-5f7b-3733-3b63ecc49e76,64,61902,62509,63849,66476,1340,1947,607,0,0,0
64240,7a653f42-1088-ecd7-7d15-dae99f5aa434,64,61631,61688,64240,66864,2552,2609,57,0,0,0
64300,28c8dd22-2a53-d1f5-0259-c0e978e827e6,64,61740,61748,64277,66793,2529,2537,8,0,0,0
64854,0d0d7316-6c27-0a84-ad44-f4743e49aa4a,64,57869,61132,64854,72750,3722,6985,3263,0,0,0
64914,785e4b79-7a18-9047-ea9f-43a9a750470e,64,6470,6500,64904,49437,58404,58434,30,0,0,0
64914,64dff775-2266-4824-8f85-39db651aa96d,64,7991,54004,64905,50646,10901,56914,46013,0,0,0
65413,81a1ccaa-79e5-5dfd-8ae4-891b34bf5044,64,52192,60691,65413,70124,4722,13221,8499,0,0,0
66350,ec269a93-f4c1-ba0f-6fab-18d7f247e010,64,52335,61628,66350,73136,4722,14015,9293,0,0,0
66419,4ccaaf09-9ecc-5013-a6ff-21c196dd639c,64,13728,55832,66419,52894,10587,52691,42104,0,0,0
66759,84a73e7c-67db-f9c9-6c0a-a3a886b2fb02,64,51766,63849,66759,75291,2910,14993,12083,0,0,0
67579,b47ab8a3-2a09-9ade-9b1c-aa4bc1fb768f,64,53565,64300,67579,75839,3279,14014,10735,0,0,0
67710,f2ac0d88-426c-e91c-1833-f78238882d0b,64,59423,64914,67710,77600,2796,8287,5491,0,0,0
68195,7501bddf-e208-b65a-1d4a-4c0ed77878d3,64,58965,65413,68195,78135,2782,9230,6448,0,0,0
68255,37b3c2ac-a245-6c92-d9e4-30764b90770f,64,59419,66419,68244,78445,1825,8825,7000,0,0,0
68578,b84ec599-496b-2033-83e9-9abd68f8da62,64,58513,66759,68578,78717,1819,10065,8246,0,0,0
68654,0367f6f2-a5fd-6df6-f31e-84f7712d3410,64,59958,63757,68654,74823,4897,8696,3799,0,0,0
70124,12ed2fcf-46ae-7f4d-7e72-762e0aa68596,64,69835,69835,70124,71607,289,289,0,0,0,0
71318,dddef55c-f28e-aab5-0a32-b7be9ded8674,64,59657,66350,71318,78331,4968,11661,6693,0,0,0
72016,507e5991-4d08-8992-53b2-10567d68cae2,64,10079,53212,72016,50029,18804,61937,43133,0,0,0
72428,b610ee6f-e2e1-3d7e-0951-17d325de5788,64,10447,60894,72428,70448,11534,61981,50447,0,0,0
72595,d1c19a55-1ae3-ca72-a027-3af0da3a84b3,64,9757,53870,72595,50443,18725,62838,44113,0,0,0
72727,d36aa53d-cd8e-5d77-f241-b0e8a08196d2,64,55035,60550,72727,70108,12177,17692,5515,0,0,0
73112,d0ec3b7d-ce17-61e2-7fc5-8f451dc52704,64,58544,68195,73112,79706,4917,14568,9651,0,0,0
73556,54d24efd-6e9f-e1db-6eef-e1b138618edf,64,57614,68578,73556,82329,4978,15942,10964,0,0,0
74209,7a967769-d15d-72e8-fdd2-5f442ce0972d,32,51864,68255,74209,82038,5954,22345,16391,0,0,0
74280,4c385b8f-3758-5009-b53d-0abe20acec7c,32,58428,68255,74280,81576,6025,15852,9827,0,0,0
75105,b5bc7b4a-044c-c11c-ebac-ed156f8192ef,64,58697,67579,75105,79544,7526,16408,8882,0,0,0
75238,e540fc24-521a-4803-44ee-0d8012541762,64,58344,67710,75238,79626,7528,16894,9366,0,0,0
75339,9ee61423-5504-8237-92c8-55254e92f12a,64,59946,72428,75339,83054,2911,15393,12482,0,0,0
76193,95cf19d7-fe60-c154-b831-ac064a146851,64,52174,63651,76193,74774,12542,24019,11477,0,0,0
76925,d7a6df1a-c2f4-c379-b3f1-0cf933dd424f,64,52182,73556,76917,84314,3361,24735,21374,0,0,0
76985,4d6dda24-6537-2a94-1563-bc2e775f5252,64,60355,75105,76950,85518,1845,16595,14750,0,0,0
77466,129fa325-187e-03a4-64ab-1d5cf32bc02a,64,60310,64914,77466,76916,12552,17156,4604,0,0,0
77526,457cb7cb-b5f3-e149-4292-89355b8bcabb,64,51422,72595,77505,83099,4910,26083,21173,0,0,0
79351,f2fc7fec-98ab-daf7-57ca-25246c4fde20,64,52252,77526,79351,88619,1825,27099,25274,0,0,0
79587,e13f8d50-890d-325c-1ac6-65d6b82459e9,32,52003,73556,79587,84082,6031,27584,21553,0,0,0
79844,b4c367c4-69e5-ef5f-dab8-6178aa796c35,64,58134,76925,79844,87527,2919,21710,18791,0,0,0
80183,0a5c099e-ba95-980b-1c3f-b5aef9d13adf,64,59385,74280,80183,84663,5903,20798,14895,0,0,0
80400,ddd1d6ac-c719-26b0-0434-57c5a57f7a2b,64,9922,64240,80400,75758,16160,70478,54318,0,0,0
80612,e35796e7-23c8-081c-5649-bfaa2cd86796,64,52245,60490,80595,68630,20105,28350,8245,0,0,0
81072,d0d4d2be-9a43-d19b-3371-25417cee065b,64,9766,64854,81072,76488,16218,71306,55088,0,0,0
81227,1d116c8e-e631-b379-64ae-db0e9e68967d,32,51840,75238,81227,86116,5989,29387,23398,0,0,0
82054,247bac8b-5e48-6564-7a72-c169e202d6ec,64,81696,81696,82054,83851,358,358,0,0,0,0
82272,fc02e774-383a-34dc-a25a-e6d6e70ac560,64,53499,79351,82272,90241,2921,28773,25852,0,0,0
82463,236ef9de-83ce-9bb4-1cd7-1b98c7c0d385,64,53516,73112,82463,83766,9351,28947,19596,0,0,0
82560,c4a8c7ad-5ae4-9280-c5c3-4bf637c851da,64,59950,72016,82560,82793,10544,22610,12066,0,0,0
82783,63799dda-83ae-3e8d-8ab5-7fc40a69a678,64,51484,79844,82783,90675,2939,31299,28360,0,0,0
83356,fb5c3eb2-5bdb-c6aa-8d76-593e33f47aa3,64,83108,83116,83306,83715,190,198,8,0,0,0
83356,25ed62ff-f0c7-8884-95be-704b63ca3334,64,83056,83056,83329,83924,273,273,0,0,0,0
83416,86cd8ca2-5b30-1c07-0cb5-6a72c87d60d4,64,83299,83356,83404,84393,48,105,57,0,0,0
83476,9f562ec5-2c3d-c53f-19c1-816a6e2bb8d6,64,83142,83176,83446,83676,270,304,34,0,0,0
83476,f52d6fcc-78a9-55b1-009f-f8e5ca924f68,64,83283,83296,83457,84295,161,174,13,0,0,0
83476,f1f5a477-1474-c4cd-3c47-3155dc2fa969,64,83139,83176,83461,83979,285,322,37,0,0,0
83536,57620c15-642f-1a13-b08b-68ec0892c404,64,83185,83236,83521,84272,285,336,51,0,0,0
83596,20674287-6ed5-5e39-98ce-59755d811159,64,83230,83236,83549,83630,313,319,6,0,0,0
83596,49ad095b-c7ee-ffbe-707a-9af2ae6aaee8,64,83433,83476,83550,83955,74,117,43,0,0,0
83596,6ef6fc21-e6d7-7203-647a-9512cef7c9e7,64,83239,83296,83582,84357,286,343,57,0,0,0
83596,dc744b9f-04cc-ae40-19ef-f603bd458fa7,64,83290,83296,83586,83717,290,296,6,0,0,0
83656,24ce5166-a1eb-dd05-14e4-d21bd726ffc3,32,83425,83476,83643,84360,167,218,51,0,0,0
83776,e98ddef6-498e-bec7-cc59-b69f72ee8571,64,53300,76193,83736,87198,7543,30436,22893,0,0,0
83776,7cf049de-2aa0-9c08-283f-cf3a698c84d7,64,83436,83476,83743,83914,267,307,40,0,0,0
83776,2139a236-12ca-1242-32ac-82dff4e00751,64,83436,83476,83749,84172,273,313,40,0,0,0
83836,ba65d44c-843a-061d-efb7-65c9c5ab6a69,64,83483,83536,83780,84241,244,297,53,0,0,0
83836,c24f8323-1918-2b9f-5860-efbecb2f2f3f,64,83538,83596,83788,84000,192,250,58,0,0,0
83896,9a7cf983-06bb-07b5-315c-d7334333d4bc,64,83727,83776,83853,84467,77,126,49,0,0,0
83896,9ce93b9e-d83d-9776-169e-dd32b7f25719,64,58160,71318,83859,82737,12541,25699,13158,0,0,0
83896,84b03dbe-c750-9f0c-d053-d39a598eb58b,64,83793,83836,83884,84828,48,91,43,0,0,0
83956,788e8dc0-dc92-028d-891d-033a999e07d7,64,83781,83836,83913,84721,77,132,55,0,0,0
84016,f03d672c-fe8e-b0e1-1345-8a623ff75bab,64,83681,83716,83993,84643,277,312,35,0,0,0
84076,cccd5cd3-2365-976a-06e7-b82a5a2d4103,32,83891,83896,84056,84709,160,165,5,0,0,0
84136,b792d57c-48ba-a77c-6d08-f1372606b574,64,83942,83956,84088,84832,132,146,14,0,0,0
84136,d3d1d43b-d831-4d5a-d224-5db61c401e76,32,83936,83956,84120,84741,164,184,20,0,0,0
84196,e247d614-b95e-298b-3043-df06f7ac0626,64,83963,84016,84143,84941,127,180,53,0,0,0
84196,1d9eff2f-d235-7ef7-9e06-36b574acc141,64,84010,84016,84146,85135,130,136,6,0,0,0
84256,8b2550f0-8ab3-d527-1189-87308ec35b02,64,84057,84076,84206,84833,130,149,19,0,0,0
84316,8abd42e4-7de5-bf3f-0b83-1978eafead65,64,84115,84136,84265,85093,129,150,21,0,0,0
84316,9296348c-f22a-f58d-bf07-2e0506ae092c,64,83999,84016,84286,84903,270,287,17,0,0,0
84316,3ab40115-123e-79b8-2931-38020d39c7db,64,84062,84076,84313,84858,237,251,14,0,0,0
84376,ded2b00e-3991-2ebc-1ac3-63640bdd166e,64,84237,84256,84330,84741,74,93,19,0,0,0
84376,2da3db08-f187-c03c-105f-ca31fa79bc08,64,84236,84256,84343,84793,87,107,20,0,0,0
84436,b151ddc4-4265-c969-e2c2-b2feeed74232,64,84155,84196,84386,84755,190,231,41,0,0,0
84496,3cf46991-e8c4-0ab7-481b-4c4e6cfdaf23,64,84329,84376,84446,85253,70,117,47,0,0,0
84496,3a88455d-3afa-3840-1034-132420637e8e,64,83951,83956,84453,84648,497,502,5,0,0,0
84556,a4b42e4f-f0c1-03c6-2661-ba1ec0a170b1,64,84494,84496,84542,85278,46,48,2,0,0,0
84707,e8a44331-b984-6c96-e0d1-f51a10ada839,64,84378,84436,84670,85000,234,292,58,0,0,0
84707,eeda7e20-ffae-3725-a749-067883267936,64,84372,84376,84693,85115,317,321,4,0,0,0
84767,9ef1a031-e632-fcc3-bc93-cc0c227b7c71,64,84521,84556,84720,85061,164,199,35,0,0,0
84767,e05a234e-5f06-735a-0ef5-5c39e2424dd1,64,84310,84316,84726,84850,410,416,6,0,0,0
84767,904d2a7b-d9cd-9fc6-dbf7-6ca7ced34bcc,64,84453,84496,84735,85344,239,282,43,0,0,0
84767,2a9552cc-4fef-e415-0458-30a2507bfc2a,64,84545,84556,84751,85137,195,206,11,0,0,0
84827,860bfbf9-f3cc-d6f7-e43f-ea3fbbbb91be,64,76865,80400,84773,90978,4373,7908,3535,0,0,0
85134,ac29187a-5000-f730-fa5c-687db2fba555,64,84647,84647,85134,85660,487,487,0,0,0,0
85194,a1ff9e7c-b1e9-6f76-10cb-7b4167b31092,64,84766,84767,85182,85567,415,416,1,0,0,0
85270,4a1d2c5b-069a-f4c8-e715-715319491123,64,85152,85194,85270,85541,76,118,42,0,0,0
85330,1d8c20a0-d2b0-5819-e04a-2c00fcfe3684,64,53521,72727,85322,83650,12595,31801,19206,0,0,0
85403,99887c0b-1462-2397-fc80-8a98a188d09c,64,51562,81072,85403,91734,4331,33841,29510,0,0,0
85582,22b1a621-37e3-a123-bdb7-29aa44d4b186,64,51477,79587,85582,90607,5995,34105,28110,0,0,0
85754,84ba9cc5-1a29-057b-2201-31751b89a1af,64,52039,82463,85754,92520,3291,33715,30424,0,0,0
85893,a4a174ff-1d49-2bf8-55fe-19ed04dc3b8a,64,52031,75339,85893,86756,10554,33862,23308,0,0,0
87653,19c5539d-8f76-ff76-af34-36fd61080710,64,58078,68654,87653,82733,18999,29575,10576,0,0,0
87767,418d6df7-3de3-77dc-8b6b-033990272ce3,64,59415,76985,87767,88429,10782,28352,17570,0,0,0
88189,252d9cee-cefb-6400-9701-e3f8a3f177b7,64,59409,85403,88189,96313,2786,28780,25994,0,0,0
88330,23a4f4c4-9f93-fe98-f26e-86678226d639,64,52100,77466,88330,88565,10864,36230,25366,0,0,0
88390,dc3d7f6c-1a19-9077-3534-2b4177edaa38,64,58783,80612,88359,91410,7747,29576,21829,0,0,0
88790,40ab9c65-6634-a5d4-34a1-000e3bd32c00,64,58429,85893,88790,96837,2897,30361,27464,0,0,0
89550,53c510d5-710f-ccfb-8b6f-31cb2a6aa709,64,67618,85582,89550,96488,3968,21932,17964,0,0,0
89783,59f4e435-d32f-16b2-747e-6b314d2527b1,64,52042,84827,89783,93487,4956,37741,32785,0,0,0
89923,f6c7dc57-a6a9-367d-e989-5177d9fcb396,64,16417,80183,89923,90705,9740,73506,63766,0,0,0
91760,a9e14d68-a40b-5b38-64c7-6597cd26b6c8,32,54132,85754,91760,96565,6006,37628,31622,0,0,0
91942,4aae749c-9b5d-f014-4a98-7febee985b8a,64,84047,89783,91942,116211,2159,7895,5736,0,0,0
92649,c9c0ea42-8cec-d0a7-f341-bb8dc9393a54,64,59834,87767,92649,99925,4882,32815,27933,0,0,0
93591,2e66e63d-52ef-8357-eb34-bc45ee242d1f,64,60011,87653,93591,97883,5938,33580,27642,0,0,0
93651,1f18a35f-95ba-1711-48bd-7c986c0de724,32,93336,93336,93634,95377,298,298,0,0,0,0
93768,be39b315-297b-54e5-6ce0-7c53ff008329,64,93197,93197,93768,94322,571,571,0,0,0,0
93909,ceb74ca2-e01e-2afe-e3c9-0104055405bb,64,54897,82272,93909,92496,11637,39012,27375,0,0,0
94000,2032e362-de61-b80d-8acf-b1a031b592b7,64,93227,93257,94000,93951,743,773,30,0,0,0
95346,aaf90ed7-0c57-8ee6-2f53-9fa9ecef4751,64,95220,95220,95346,96297,126,126,0,0,0,0
95727,f31a2760-5852-76bf-124d-52126896d05d,64,58818,85134,95727,93760,10593,36909,26316,0,0,0
96162,1a6e4960-df41-68f5-5af2-82e62b1ffab9,64,59656,85330,96162,96233,10832,36506,25674,0,0,0
96598,d61bfbd6-84e5-c804-0210-133c45dc58b0,64,58618,85754,96598,96626,10844,37980,27136,0,0,0
96728,52e4b835-dd86-cad6-fc4b-4256e29dd894,64,59419,82560,96728,93297,14168,37309,23141,0,0,0
97260,e66f5cee-ec0d-ad31-9add-c8faced9bb4e,64,80552,92649,97260,131658,4611,16708,12097,0,0,0
97819,0bbca37a-67f6-2f88-6ed0-37ed0e0b09a0,64,58482,85270,97819,94725,12549,39337,26788,0,0,0
98086,4f9e422d-b76b-f625-1494-935c4b75dbae,64,60074,88790,98086,101690,9296,38012,28716,0,0,0
98762,12e2d1e6-be92-c656-fb0e-f1639fca81df,64,59950,88189,98762,100335,10573,38812,28239,0,0,0
98894,4da0a204-f85a-c7bc-b2a4-6019f4973e4d,64,60021,88330,98894,101146,10564,38873,28309,0,0,0
99969,cf9b7439-bd07-4d8b-0476-9f89a09219ad,64,99874,99874,99969,100571,95,95,0,0,0,0
100341,015a1d4d-aef7-41f5-4278-22a6e586c725,64,100169,100221,100295,101653,74,126,52,0,0,0
100341,aded061d-a506-22f8-28ae-d43e9a8827fd,64,100197,100221,100337,101329,116,140,24,0,0,0
100401,935e2b4e-4a93-4430-8f73-ce9ad971958e,64,100161,100161,100369,101053,208,208,0,0,0,0
100761,0e6c1295-fe49-0a16-0144-d550ce62eaf7,64,100474,100521,100759,101192,238,285,47,0,0,0
100836,6f600c3f-d4b9-3bf9-9dc2-6bdc069775b3,64,100338,100341,100836,101780,495,498,3,0,0,0
102482,c00939f2-4819-1b72-e071-572df59251e9,64,100613,100641,102472,120825,1831,1859,28,0,0,0
103119,2733fb8b-aa17-a049-1c3a-1617df1ae418,64,59973,82783,103119,93424,20336,43146,22810,0,0,0
103203,81b002e5-92eb-46a8-9ab9-b046d39146e6,64,102766,102813,103203,103647,390,437,47,0,0,0
103623,d658f370-598d-5fa8-a79e-6d497f1366a4,64,100278,100281,103570,115661,3289,3292,3,0,0,0
103894,2f596b75-65ea-e049-8b13-598af5d2efae,64,102065,102065,103894,117765,1829,1829,0,0,0,0
105677,bc542b4d-28f9-0f8b-d8a2-7cccfd0de7f4,64,102753,102753,105677,120816,2924,2924,0,0,0,0
105797,9cf3748b-c7c9-9a59-1f4b-e7bff40e3d66,64,102774,102813,105744,118577,2931,2970,39,0,0,0
105885,7a1a1786-cc1b-3d86-8085-b76021627936,64,79590,89923,105885,121840,15962,26295,10333,0,0,0
106202,7ddef9e1-34c0-c4f7-a329-adb555752266,64,105788,105797,106202,108628,405,414,9,0,0,0
106318,b3e3bbbf-a02b-2cc9-adf7-6279db273653,64,103377,103383,106318,118891,2935,2941,6,0,0,0
106570,50ab15fb-f143-cf03-4224-ce32909aaa51,32,100462,100521,106570,119577,6049,6108,59,0,0,0
107029,ce345f03-56d1-207f-d157-0d774b71a1df,64,59824,88390,107029,101360,18639,47205,28566,0,0,0
107668,1045b84d-e9d9-040f-bc86-918620926390,32,106699,106699,107668,109184,969,969,0,0,0,0
108119,8e840b4f-8e94-2867-d768-96aaf5c2aaa1,64,101548,101571,108070,123472,6499,6522,23,0,0,0
108179,d078a482-7695-9baa-3c9e-cf8085ec22a6,64,101216,101216,108173,124192,6957,6957,0,0,0,0
109596,bf524eff-13dd-9844-74d3-01f70a50a6aa,64,109153,109155,109596,110964,441,443,2,0,0,0
109774,4d88bca8-6123-762a-07e6-01cd1e7451e7,64,108998,108998,109774,109708,776,776,0,0,0,0
109913,b3ce89cb-2640-12ee-f263-87c9bcbd36ea,32,109399,109399,109913,110743,514,514,0,0,0,0
110039,1dfb9f20-74e9-6d07-4e25-bce973d2ea90,32,109514,109519,110028,110386,509,514,5,0,0,0
110099,cbfbcbc3-d242-1e88-ad5e-b7399e98cb78,64,109452,109459,110083,110834,624,631,7,0,0,0
110477,206d908c-0f65-223e-cb84-5d3bf622af73,64,100430,100461,110477,124465,10016,10047,31,0,0,0
110897,505d3daf-1b67-600d-bc25-5bca63d64a85,64,100245,100281,110897,119315,10616,10652,36,0,0,0
111181,c1b35432-ead7-27cb-a44e-222332d71811,64,101777,101833,111181,116528,9348,9404,56,0,0,0
111447,1477e4ac-26ac-fcb7-f6da-c3010ae94306,64,100507,100521,111447,115182,10926,10940,14,0,0,0
111880,7b925c30-be63-43cb-debe-19daf9649313,64,101227,101276,111880,116281,10604,10653,49,0,0,0
112299,2b65957e-a758-df85-a8f0-acc7ff69405e,64,107340,107340,112299,123392,4959,4959,0,0,0,0
112560,83f26deb-aa1d-3df2-f637-06c5048ec5f6,32,101831,101833,112560,124320,10727,10729,2,0,0,0
112810,689e4534-2e0e-1d6c-df06-b25efc80ecb1,64,101867,101893,112810,116981,10917,10943,26,0,0,0
112870,55138624-1b24-bea2-9120-e4f26f4e6bd3,64,102257,102266,112814,118833,10548,10557,9,0,0,0
113004,7417f416-747c-24ab-73d4-3d3a217bb6d1,64,101360,101396,113004,122111,11608,11644,36,0,0,0
113064,af11b6c2-457c-4146-1a5e-230b8d1f2d26,64,101277,101336,113015,122395,11679,11738,59,0,0,0
113064,de9f8661-8ce1-109c-97e2-2b5525b04c4a,64,104272,111181,113063,125874,1882,8791,6909,0,0,0
113316,c854427a-9eee-0880-01aa-d39aab399e3d,64,108636,110477,113316,125446,2839,4680,1841,0,0,0
114128,f727ee16-2b51-2c81-dc36-5df9998fa559,64,101511,101511,114128,116375,12617,12617,0,0,0,0
114408,45d8b5e8-cc23-1f30-09cc-4bcb023a31a8,64,104683,111447,114408,126025,2961,9725,6764,0,0,0
114837,af2091a1-021d-daec-b15b-0f255889feef,64,100757,100761,114837,125560,14076,14080,4,0,0,0
114939,f77c55f7-aa53-f87f-372e-3914f47d3778,64,103777,106570,114939,124459,8369,11162,2793,0,0,0
115382,727bf220-94e8-2405-569b-ad3721526434,64,102990,105885,115382,123607,9497,12392,2895,0,0,0
115788,97effb13-64b8-6222-dd90-476bb588cebb,64,104250,112870,115788,126825,2918,11538,8620,0,0,0
117504,6d43b7f5-f72e-89b4-d3c1-0b7b29dfe324,64,100666,100701,117504,128187,16803,16838,35,0,0,0
117988,023ddafa-8704-7ca2-f3c0-25e60a8ec4d3,64,102206,113064,117988,126948,4924,15782,10858,0,0,0
119757,6597c37f-7759-0078-b482-838f52d67797,64,100996,100996,119757,126540,18761,18761,0,0,0,0
119855,72d585fe-1fba-1098-7524-9d77c4af6913,64,104556,108179,119855,125422,11676,15299,3623,0,0,0
120352,eaebf8b1-9d0d-6df6-9c32-f43d3e8c5773,64,101825,114408,120352,127476,5944,18527,12583,0,0,0
121073,349b1394-a70d-91b4-bcfc-0311e44dac48,64,104103,117988,121073,130645,3085,16970,13885,0,0,0
121872,61b12695-f5cc-cd9f-c988-1789fe0bf493,64,103039,103119,121872,121895,18753,18833,80,0,0,0
122563,b8abd05d-7039-b8c8-8e68-3801a9871c5f,64,102257,119757,122563,130685,2806,20306,17500,0,0,0
122659,edf2b696-7454-9eec-031c-73b387bacd74,64,103628,111880,122659,126091,10779,19031,8252,0,0,0
122719,48716680-f586-0c01-1ce9-8027f388ac89,64,103784,119855,122691,130835,2836,18907,16071,0,0,0
122719,feb52089-b91b-cf99-1788-9a3fcf4ef8c7,64,104491,113316,122707,127372,9391,18216,8825,0,0,0
123464,4d3ff66e-22ed-8f6c-1927-4c4558f26a9b,64,105050,117504,123464,130642,5960,18414,12454,0,0,0
123524,8dc10c91-86d1-888d-bfe9-af785b7266bc,32,103341,117504,123507,130345,6003,20166,14163,0,0,0
123807,71e0e57a-7d95-22ec-69e4-8504dcc82668,64,100366,100401,123807,131521,23406,23441,35,0,0,0
123867,a13d1af6-c273-650f-7812-40210aa8f2ce,64,103592,113004,123836,126888,10832,20244,9412,0,0,0
124441,5ef2a4f6-b645-b409-487b-07bc6ac696cc,64,101219,121073,124441,131218,3368,23222,19854,0,0,0
124848,8c5f5a3e-5dc3-6728-e81a-2420fab2454f,64,103498,112299,124848,126310,12549,21350,8801,0,0,0
125221,5f4c4f0d-74e1-4c7b-8359-58d326c735a2,64,103605,121872,125221,131237,3349,21616,18267,0,0,0
126083,21feaa32-4c28-399d-9765-ee09d0fba467,64,125857,125857,126083,126260,226,226,0,0,0,0
126203,e0e32e7c-3072-ac8d-66e6-f46335b6637d,64,125877,125917,126170,126301,253,293,40,0,0,0
126263,9a2b7647-5ac0-2dee-f8ff-1f9afcc008c9,64,126116,126143,126212,126998,69,96,27,0,0,0
126571,b42eea4b-5783-4ea9-69d2-a25d4641b888,64,105371,115788,126571,130304,10783,21200,10417,0,0,0
127651,1a7ca3b9-7d6d-c918-018c-276582e7631a,64,105321,122659,127651,131519,4992,22330,17338,0,0,0
127711,cb5d1e24-113c-42a0-0d05-ce7418ec3a9c,64,103832,122719,127654,131549,4935,23822,18887,0,0,0
128539,1558ea5d-4704-e547-80fd-77e24beb1189,64,106135,125221,128539,132574,3318,22404,19086,0,0,0
130041,b1409a26-babc-2780-7498-87fd439b86ab,64,101551,122563,130041,131258,7478,28490,21012,0,0,0
130315,1cfde2fa-9871-4d6a-7375-80a7af53f388,64,27613,89550,130315,103821,40765,102702,61937,0,0,0
130938,631207e4-8872-9135-9438-77905210a192,64,101602,127651,130938,133425,3287,29336,26049,0,0,0
131309,81dce43b-535e-2e3c-d4e7-d3cc671818fd,64,100612,100641,131309,134037,30668,30697,29,0,0,0
131396,aaa53af6-984f-7759-c4de-15af93629685,64,101017,123867,131396,132158,7529,30379,22850,0,0,0
131533,13063fa1-1c56-5ba7-f7a2-e9460364d0a5,64,102258,126571,131533,133415,4962,29275,24313,0,0,0
132165,41d62050-d8d7-13c4-6669-9c4cd8597f2a,64,100667,100701,132165,127410,31464,31498,34,0,0,0
132935,88c0a6d1-959e-4b6d-213f-fa686362c2c9,64,104284,120352,132935,130886,12583,28651,16068,0,0,0
132995,1f401b5f-8429-e17d-c216-2cb320fbc912,64,104192,130041,132970,134244,2929,28778,25849,0,0,0
133203,31a3c535-eb57-54cb-dcf4-6b6bbe5671b3,64,103029,123807,133203,131923,9396,30174,20778,0,0,0
133299,2439d67d-72b3-ee53-6ed0-7c53473932bb,64,100322,100341,133299,132167,32958,32977,19,0,0,0
133406,73744f48-21dd-6cf7-142b-d322c242b13a,64,100565,100581,133406,129433,32825,32841,16,0,0,0
133690,8f5cf75e-6284-0246-1b29-bc58c5cc4275,64,103546,127711,133690,133547,5979,30144,24165,0,0,0
133750,a3182323-c336-b9e7-cd67-7c08cb9f62d8,64,103256,114939,133698,129295,18759,30442,11683,0,0,0
135078,bba25643-1d18-8b7a-f2a2-408a42d437f2,64,101553,132165,135078,135885,2913,33525,30612,0,0,0
135166,45929fd6-0a72-d651-ac47-2cf5ebdc5413,64,100205,100221,135166,137424,34945,34961,16,0,0,0
136142,4c549718-14fa-9f9d-724c-b3a7ea83cc3e,64,101824,123464,136135,131691,12671,34311,21640,0,0,0
137933,52e70d13-4334-0a3f-7af5-8066cfd11755,64,103047,132995,137910,136652,4915,34863,29948,0,0,0
138632,6aac0b98-23bc-041a-c0e3-a1127d644acc,64,101548,133690,138610,137398,4920,37062,32142,0,0,0
139152,c7eddb2e-4800-72ba-2785-fafea959f6f8,64,103571,133203,139152,136836,5949,35581,29632,0,0,0
139272,c33171a7-e45f-7bef-f46c-02a610bb3de9,64,101274,133299,139252,136974,5953,37978,32025,0,0,0
140183,f9406323-69f0-b8a7-91b0-09e6c5aa69e9,64,102365,135166,140171,138890,5005,37806,32801,0,0,0
140318,bf07fa4b-1df4-8d4e-51a6-077ca2e84e49,64,109822,130938,140311,134430,9373,30489,21116,0,0,0
140909,9837c6d0-1e4a-0a1a-88d7-516d57819dd5,64,108059,131533,140887,135173,9354,32828,23474,0,0,0
141220,fe07da47-9e85-cd26-812b-37bb4db27c70,64,103414,137933,141220,139338,3287,37806,34519,0,0,0
142114,4b0a1634-326b-0c9b-be35-4cf4f8fe9fbf,64,105059,136142,142110,139093,5968,37051,31083,0,0,0
142735,784c7c51-cc49-aea5-36af-afd66cc098bc,64,104711,133406,142735,137129,9329,38024,28695,0,0,0
143651,9b2cf4f3-88e3-ecf8-df6b-0db90b08b4f7,64,109095,138632,143616,139777,4984,34521,29537,0,0,0
143854,56306656-381d-8002-6079-9bed35a78eda,64,103320,124848,143817,132567,18969,40497,21528,0,0,0
144034,00ed5d1f-1b4c-a69c-4537-e92b1ab92a54,64,101131,131396,143986,134989,12590,42855,30265,0,0,0
145255,a538bfa0-207d-b35f-fd03-c1ad3c0d7d07,64,109490,140318,145255,140687,4937,35765,30828,0,0,0
145894,5c611158-deca-bb42-7ce1-5172a26db61c,64,105054,140909,145894,140826,4985,40840,35855,0,0,0
146464,78f7a45a-d139-11cd-6003-d9df8a1e96cc,64,104015,143651,146464,142050,2813,42449,39636,0,0,0
147673,42ce2d13-bf07-85c6-6513-4f62fd00b545,64,108214,135078,147673,137575,12595,39459,26864,0,0,0
149038,791bdbba-0b26-cdde-2efb-de9327c89fec,64,104204,130315,149038,134367,18723,44834,26111,0,0,0
149812,32bfd77b-6aad-058d-c71a-ab29f8f03984,64,101325,143854,149812,142144,5958,48487,42529,0,0,0
150222,e30d7dbf-10d2-9724-76b4-a0048d8d9ab3,64,109682,131309,150222,134485,18913,40540,21627,0,0,0
150282,705888cc-8b3a-d9c7-9018-9ad47b686aa6,64,109098,145255,150242,142296,4987,41144,36157,0,0,0
150794,5fb72c99-2cc4-ddf1-cc46-76e4863584a0,64,101904,145894,150794,142560,4900,48890,43990,0,0,0
150854,99a38707-6379-61c0-5647-66bb9229d88a,64,109117,140183,150798,140580,10615,41681,31066,0,0,0
151466,10f6082b-6319-57af-bf8b-bd6c3ae392fb,64,101533,142114,151466,141025,9352,49933,40581,0,0,0
151849,48966972-6c63-e2ee-e397-b0511594227f,64,105707,141220,151849,140920,10629,46142,35513,0,0,0
151919,1063556b-ea68-3a94-bbca-bce15393eb21,64,102362,139272,151919,140542,12647,49557,36910,0,0,0
153607,e50e95ae-768f-c5f3-417e-049fb173b886,64,109979,142735,153607,141994,10872,43628,32756,0,0,0
153667,06e32344-97bf-1f27-f1bd-9007eb1213c9,64,104995,151849,153667,144989,1818,48672,46854,0,0,0
153891,3b7800c4-83d7-e909-60a8-36b1f387850d,32,149658,153667,153891,150426,224,4233,4009,0,0,0
154045,c9587310-dd4f-d06c-1bf6-9dde81255dab,64,100903,149038,154045,143175,5007,53142,48135,0,0,0
155835,981a7688-57e3-37cd-b6dc-08c99778389a,64,101716,150854,155835,144076,4981,54119,49138,0,0,0
156420,e9a29f3a-3494-3a49-3d46-e6f1b76c1a04,64,108638,153607,156420,148282,2813,47782,44969,0,0,0
156717,298d35e9-5b41-5366-984a-60f468373848,64,103973,144034,156717,142209,12683,52744,40061,0,0,0
157195,41fe9c03-1c52-e47b-640a-8b725b236f54,64,109776,153891,157195,152554,3304,47419,44115,0,0,0
157942,3c5a42e2-665e-173a-1db8-305ade3170e0,32,104259,151919,157927,145481,6008,53668,47660,0,0,0
157942,1d4c48c0-b4db-c133-83dd-af13aed27532,32,105777,151919,157927,146233,6008,52150,46142,0,0,0
158002,55e0dbba-d663-e862-7b08-c6c729373771,64,155060,157942,157983,155631,41,2923,2882,0,0,0
158062,31b0ea0c-2254-1ce1-7e29-2b9e308bf43e,64,101713,139152,158061,140080,18909,56348,37439,0,0,0
158293,bb2196bd-3acc-17cc-ba92-45fc7a7c643c,64,101228,147673,158293,142829,10620,57065,46445,0,0,0
158353,14310fbf-9989-5abd-7492-c0950aed4d68,64,107814,150794,158339,143813,7545,50525,42980,0,0,0
158513,40d66724-75b2-8ace-31dd-505b6b49ca58,64,156055,158353,158466,156796,113,2411,2298,0,0,0
158573,9c782fd7-6719-7622-77a3-daaac17609df,64,156094,158513,158552,156913,39,2458,2419,0,0,0
158786,5cf08954-d555-ace9-e432-216442eedafe,64,156210,158573,158786,156943,213,2576,2363,0,0,0
159689,1c971c89-45b4-a505-cb7d-b94bfba65d30,32,107407,153667,159689,150059,6022,52282,46260,0,0,0
160406,f1e324f8-9cae-5213-dcb1-722a80eb3240,64,103665,149812,160406,143222,10594,56741,46147,0,0,0
160810,52d512f1-6841-16b8-785d-19ee01730229,64,137719,155835,160810,153943,4975,23091,18116,0,0,0
161289,7e837c3f-dc44-2bc1-b2f2-84473439119d,64,138249,158002,161289,155824,3287,23040,19753,0,0,0
161672,f6d6166f-a457-a328-0fd6-517d6b7c7ffa,64,137438,159689,161672,157047,1983,24234,22251,0,0,0
162314,d10a7cb2-4107-aa9f-4f18-fb7eb73b7f69,64,104524,151466,162314,144968,10848,57790,46942,0,0,0
162915,ced7ab01-ad00-5ddf-af8c-faa60527529f,64,103772,150282,162881,143727,12599,59109,46510,0,0,0
163033,e46cb470-831b-673e-d62f-5b393fb5404d,64,137636,158062,163033,155852,4971,25397,20426,0,0,0
163249,99d7922c-3c21-451a-39a9-f780807b8cf6,64,138707,158293,163200,155879,4907,24493,19586,0,0,0
163249,93a358e1-b171-9006-f9e8-2f719994ff8e,32,137520,157195,163207,155503,6012,25687,19675,0,0,0
163309,5242f3c8-b510-ba9b-43a1-57be1537102c,64,137164,154045,163253,153363,9208,26089,16881,0,0,0
163978,faab06c2-015f-864c-465c-c61d76b63cdd,64,27520,91942,163978,127215,72036,136458,64422,0,0,0
164837,37534f49-3189-9496-cc19-c3350019f581,64,137320,158786,164778,157009,5992,27458,21466,0,0,0
165056,457adee6-296e-d56d-ced2-2fb4ce9469b1,32,158713,163978,165056,159946,1078,6343,5265,0,0,0
165204,49070a51-9261-9a9a-961f-37cc1bda672e,64,109238,146464,165204,142618,18740,55966,37226,0,0,0
165405,dbf75df2-a363-f156-c63e-7ee6b0fb2c58,64,139394,160406,165405,157075,4999,26011,21012,0,0,0
165774,ac7c7c04-e253-6b10-f23f-c776a4fd39b9,64,137024,156420,165774,154222,9354,28750,19396,0,0,0
166248,8f05202a-469b-b7f3-b51a-164ffade1ae1,64,138512,161289,166248,158233,4959,27736,22777,0,0,0
166308,f1e1b463-694d-e835-e68c-67cbd1a81807,64,136775,163309,166251,159788,2942,29476,26534,0,0,0
166308,f61725df-25d8-9cfa-8a3c-5b3b21b43cdf,64,140123,162915,166257,158672,3342,26134,22792,0,0,0
166368,62c79a6a-4710-0ef8-daa3-46655479b8f2,64,137240,163033,166346,158801,3313,29106,25793,0,0,0
167777,a49ea299-2b2e-560c-c894-a642d8730ec6,64,137289,164837,167777,160378,2940,30488,27548,0,0,0
168212,f013611d-994e-e634-977c-969cf436d813,64,137282,166368,168212,162416,1844,30930,29086,0,0,0
168960,b88f3934-67b6-8a6a-8898-eccf7798f5be,64,109813,150222,168960,143280,18738,59147,40409,0,0,0
169242,d14b87d4-865f-194a-dd23-ef2bf0cf8dbc,64,143852,166308,169242,161500,2934,25390,22456,0,0,0
169302,9b4a5c95-021e-770d-bcf0-de45ba7bfea2,64,141054,163249,169249,158965,6000,28195,22195,0,0,0
169585,552ea2ca-f2a4-3428-f4f9-1c9eaca015c4,64,139511,166308,169585,161382,3277,30074,26797,0,0,0
169921,61dbb692-9c9d-4bab-b3cf-803467e980a0,64,136899,163978,169921,160150,5943,33022,27079,0,0,0
170331,80c8e978-729e-b7e5-9519-943b767c240c,64,136082,165405,170331,160970,4926,34249,29323,0,0,0
171061,4d094e13-786a-3447-0d12-00c5b0b423e9,64,136669,161672,171061,158577,9389,34392,25003,0,0,0
171139,091e469e-788e-b946-85d9-7aa084e421dc,64,143388,166248,171139,161139,4891,27751,22860,0,0,0
171199,dcb17ca6-442a-cda0-2443-06c5f1ffb7d6,64,138372,165204,171185,160920,5981,32813,26832,0,0,0
172598,c9bfebf4-1d2f-3a5a-ff38-ca383d38905f,64,141994,169302,172598,163934,3296,30604,27308,0,0,0
172853,7138ea9e-218d-31a8-e160-5344d6288d75,64,137295,169921,172853,164391,2932,35558,32626,0,0,0
172961,a815d91c-6fae-f68f-370d-300a4e9454f4,64,143987,171139,172961,164921,1822,28974,27152,0,0,0
173304,f2efa1cb-a81b-1977-d0ed-5e1b77da7c54,64,140518,169585,173304,164206,3719,32786,29067,0,0,0
173368,890a65d7-ebec-caf3-1309-10e30ad6131f,64,136849,165774,173368,161087,7594,36519,28925,0,0,0
174793,cc77e08c-f9f2-1a41-48d2-796dbc226d6b,64,144262,162314,174793,158577,12479,30531,18052,0,0,0
174853,b67fd81f-e5b9-e676-ceae-2764cf1243c7,64,136152,172961,174796,166402,1835,38644,36809,0,0,0
175373,cf3603eb-9491-907c-6840-696003035493,64,137028,156717,175373,154390,18656,38345,19689,0,0,0
176284,e161a7b5-c918-aa1f-df6e-d8fadbb6a534,64,140849,170331,176284,164555,5953,35435,29482,0,0,0
176664,8a82563b-5b7e-d101-4d7f-d65419ec5de7,64,137651,173368,176664,166861,3296,39013,35717,0,0,0
177039,50a6db07-2798-8393-f04a-d86d1f485052,64,139159,172853,177039,165820,4186,37880,33694,0,0,0
177099,a43a1d9e-1d6f-2f0c-1b3d-9eb152ea0288,64,136372,171061,177043,164798,5982,40671,34689,0,0,0
177159,12f447f4-c99b-b2b4-16d6-7b54f6dd9315,64,137860,171199,177143,165298,5944,39283,33339,0,0,0
178501,f5a17d3f-55b1-49cf-050d-d145e1419716,64,137303,176664,178501,168101,1837,41198,39361,0,0,0
178569,5f5b2435-655a-47ea-40a8-17b5b9796eee,64,158085,176284,178569,168023,2285,20484,18199,0,0,0
178874,ca25cfe7-1920-08d8-60a2-cd5b8bb9c5bc,64,136022,177039,178874,168263,1835,42852,41017,0,0,0
179485,0cfd6a59-6608-9a00-c6ac-c7d010326596,64,142143,160810,179485,157692,18675,37342,18667,0,0,0
179702,0c665aa6-9fdc-0be4-2de0-f7c43e21aefd,64,137513,174793,179702,167279,4909,42189,37280,0,0,0
179897,c88695ef-b8bf-1939-44fe-3b5bf4048b51,64,136778,168960,179897,163323,10937,43119,32182,0,0,0
179957,11426f6e-5d5d-3676-cdef-03924815f03d,64,137240,177099,179903,168802,2804,42663,39859,0,0,0
180129,8e998eba-2d51-5988-4348-64905b5f7a8e,64,136786,172598,180129,165341,7531,43343,35812,0,0,0
180346,19675668-8f94-1126-80cc-511575004fbf,64,136774,175373,180346,167734,4973,43572,38599,0,0,0
180870,ebfb1609-0fdc-bf1e-f693-a32d9dc3348e,64,138253,168212,180870,163176,12658,42617,29959,0,0,0
181299,928b5579-8fef-097c-3cd2-526d6eeda34a,64,141294,179485,181299,169595,1814,40005,38191,0,0,0
181382,2daf3bb4-a74c-135c-1137-fd2183b8e204,64,144262,178569,181382,169447,2813,37120,34307,0,0,0
182494,7b2f7f5e-a648-2066-891c-779050e4a509,64,136709,179702,182494,170085,2792,45785,42993,0,0,0
183124,1345a2f6-3c24-6d02-dcef-764f13643ebb,64,136213,177159,183124,168865,5965,46911,40946,0,0,0
183282,165ba324-6088-ac0f-ab8a-d6721980472c,64,140779,180346,183282,170835,2936,42503,39567,0,0,0
184242,14e46cab-c110-268e-6afc-c7946345b455,64,136858,173304,184242,166804,10938,47384,36446,0,0,0
184316,724a52a9-f056-e048-2308-407ea5ecaed8,64,137866,182494,184316,171843,1822,46450,44628,0,0,0
185928,da65e7fe-8389-4e67-94aa-384f29c88ba5,64,143156,179957,185928,170146,5971,42772,36801,0,0,0
186258,a1e731cd-cb03-626d-f746-372668614054,64,136720,181299,186258,171257,4959,49538,44579,0,0,0
186454,6943b26d-2e12-272c-38b8-5331fc8e063c,64,27532,93909,186454,135899,92545,158922,66377,0,0,0
187122,68ced90f-80b8-6fbd-2c83-64eeefeb4770,64,157126,184316,187122,172187,2806,29996,27190,0,0,0
187459,d5f53d2e-e13f-fdb8-ecb0-0308561474b0,64,137031,174853,187459,167449,12606,50428,37822,0,0,0
187928,362fcf90-3679-5fb6-8e4d-8cadfc3be1c5,64,138379,169242,187928,163389,18686,49549,30863,0,0,0
188247,d362978d-ca7a-fdcb-9fc0-2a49730f2e6f,64,138310,178874,188247,169465,9373,49937,40564,0,0,0
188903,2ce3d5c6-9969-a13a-22fd-14a12ad0a1c8,64,137313,181382,188903,171430,7521,51590,44069,0,0,0
189161,0e980c75-4cda-0167-6d91-9bd9d4754ae7,64,155429,184242,189161,171999,4919,33732,28813,0,0,0
189221,aa252006-a7a5-4bc2-ad85-d032c48d88b6,64,136557,186258,189215,172617,2957,52658,49701,0,0,0
189384,79be472f-aaf0-5340-12c8-6f159fdac2b1,64,137986,178501,189384,169141,10883,51398,40515,0,0,0
190231,29645f95-c142-1157-7771-ba075b44e34a,64,138708,180870,190231,171115,9361,51523,42162,0,0,0
190707,96900593-a335-11c7-497f-150c2df9cc50,64,141051,179897,190707,170089,10810,49656,38846,0,0,0
191478,b6c9ba45-dfa7-afae-61e9-eae139b96519,64,136414,186454,191478,172777,5024,55064,50040,0,0,0
192536,8486994b-00c1-b778-8082-e5f3ebceacd6,64,153321,190707,192536,175524,1829,39215,37386,0,0,0
192629,c64d8f5b-644d-f69b-1d33-285a502fbca1,64,137782,183282,192629,171920,9347,54847,45500,0,0,0
193036,a057a387-db1c-0b5b-a129-51381efb92f0,64,155505,190231,193036,175205,2805,37531,34726,0,0,0
193134,2b420847-b8d2-d838-27d8-5b95461b0271,64,136860,188247,193134,174792,4887,56274,51387,0,0,0
193460,e5353804-0080-3575-8a5d-cd27dba11aee,64,137292,187459,193460,173936,6001,56168,50167,0,0,0
194048,1d122f63-40be-1d5c-7acf-01a5b6b5cf4f,64,137574,183124,194048,171902,10924,56474,45550,0,0,0
194387,6658fa59-46b8-9c3c-8add-ac8173ee8627,64,136729,191478,194387,175534,2909,57658,54749,0,0,0
195039,d87990a1-93f6-a8a9-df75-bfd2224bb00f,32,139225,186454,195039,172719,8585,55814,47229,0,0,0
195169,8c4090c8-7836-e9d7-2a97-d11732e43a01,32,142071,189161,195169,175069,6008,53098,47090,0,0,0
195229,0e659032-6ab1-b7ad-8575-7d4cab0cef6b,64,138574,189221,195190,175199,5969,56616,50647,0,0,0
195443,384f3d21-ba2a-b873-2280-c7eed70dddd3,64,157058,192629,195443,176031,2814,38385,35571,0,0,0
195812,5ad05760-9600-7c46-4ad1-19be5b834ec8,64,136772,192536,195812,175607,3276,59040,55764,0,0,0
196216,35af83cf-e1d1-aca6-2b49-e86ea3873bfb,64,137767,194387,196216,176758,1829,58449,56620,0,0,0
196385,25894a0e-9b40-b16c-14bd-19fad948d6ac,64,160224,193460,196385,176663,2925,36161,33236,0,0,0
197005,b1441eb8-38f2-0c5c-3ab7-bb3b585af8eb,64,138514,195169,197005,177229,1836,58491,56655,0,0,0
198187,2b00b4d6-e187-ddd9-32e1-cdef5d388139,64,141418,188903,198187,174803,9284,56769,47485,0,0,0
198529,e5e11ff0-c41e-2b5e-75e6-a7395b6ca687,64,154132,185928,198529,172589,12601,44397,31796,0,0,0
198589,287e3e71-c5ad-e3d2-6d52-e6b6c4f811fe,64,136532,187928,198536,174092,10608,62004,51396,0,0,0
198815,f08e90b6-9869-aac2-917d-e1e1e1df6ec8,64,141064,180129,198815,170297,18686,57751,39065,0,0,0
198875,50d397fc-90e2-6f97-655c-e5f50323390b,64,159358,189384,198849,175203,9465,39491,30026,0,0,0
199135,67d6c9c2-4c9e-ca8c-37cb-0796a3d2deea,64,136538,193134,199135,176323,6001,62597,56596,0,0,0
199508,6b095674-6625-7c1a-5d61-4877ad189414,64,142027,196216,199508,177675,3292,57481,54189,0,0,0
199745,d6064e08-62bb-d168-f9c3-3d934722c69e,64,139945,196385,199745,177769,3360,59800,56440,0,0,0
200110,e6f59078-4531-a27b-da19-5788ef6bcea6,64,136187,198187,200087,177851,1900,63900,62000,0,0,0
200397,fdd2bb8e-42ba-de23-4f0b-2289ad0e0abf,64,137854,198529,200364,178099,1835,62510,60675,0,0,0
200590,2e6f8f1d-cedc-40f9-07f7-14582e93e98b,64,160856,193036,200560,176138,7524,39704,32180,0,0,0
201018,69137d61-d9be-a916-3ce5-33ef3c12ff06,32,143969,195039,201008,176828,5969,57039,51070,0,0,0
201258,196a0dc8-aac5-d9b0-b9f5-3a39a4f18f43,64,155425,195229,201213,177263,5984,45788,39804,0,0,0
201438,c238e626-a6f6-430b-9789-9eda88a2307a,64,137992,195443,201398,177476,5955,63406,57451,0,0,0
201884,f4a3bd13-4b9d-4431-e36c-f28d5bed6aab,64,138728,198589,201884,178357,3295,63156,59861,0,0,0
202434,5993871c-411f-2f1c-42b8-abd90dc33ac4,64,27534,94000,202434,162454,108434,174900,66466,0,0,0
202494,4018397b-81b7-f062-d441-b3b75624f483,64,138940,199745,202439,179062,2694,63499,60805,0,0,0
203255,b186a67f-81d3-0add-b355-4a1754345483,64,138377,201438,203255,180648,1817,64878,63061,0,0,0
203709,94ab37e2-8417-d50b-3d26-5ca3efc03518,64,138368,198815,203709,178504,4894,65341,60447,0,0,0
203769,9b39f791-cd50-030a-d663-1899dccf5d53,64,144259,198875,203753,178611,4878,59494,54616,0,0,0
204309,dd86bbe5-d4d3-f219-b1ed-0e5582a41dd8,64,180643,203769,204309,181887,540,23666,23126,0,0,0
204476,2e7fa45a-4e15-a0c5-3b4c-d64f387a6fe6,64,164177,199508,204476,178628,4968,40299,35331,0,0,0
204817,97d35395-f894-7513-917f-8853ac990819,64,138570,201884,204817,180789,2933,66247,63314,0,0,0
205246,d821eb24-827b-e568-8f60-5e1d975b92ba,64,152643,202434,205246,181119,2812,52603,49791,0,0,0
205805,c8ea3495-3936-3dbe-d46d-f2b16dc53536,64,136901,187122,205805,173145,18683,68904,50221,0,0,0
206166,dcf9600b-6221-30b1-1c97-2b90e1f3655d,64,140928,201258,206166,180608,4908,65238,60330,0,0,0
206572,ad91ecd6-d6df-f067-5517-6e64131bb9d7,64,138641,199135,206572,178628,7437,67931,60494,0,0,0
206674,28732945-271f-7759-dd23-408c7ac6d3f0,64,155899,195812,206674,177640,10862,50775,39913,0,0,0
206734,c9e79879-51fc-d401-5449-79fc78a820e6,64,137299,194048,206720,176743,12672,69421,56749,0,0,0
207006,5ed42695-4467-6555-dd73-3d3bd43357da,64,154841,203709,207006,181430,3297,52165,48868,0,0,0
208725,d77a2477-e8de-1fd9-e8a7-c50b997f94f2,64,155630,205805,208725,182831,2920,53095,50175,0,0,0
209407,8a7ce818-bca9-8339-e8eb-cee580b03165,64,143794,204476,209407,182403,4931,65613,60682,0,0,0
209923,74590a80-b387-fed4-386b-a73a665c0c17,64,138248,200590,209923,179741,9333,71675,62342,0,0,0
210164,272789f2-46e0-6b2a-5be3-94349fe56238,64,160916,205246,210164,182822,4918,49248,44330,0,0,0
210752,b1f14f3e-6991-1b5f-84d7-a496a27127dc,64,138844,203255,210752,181391,7497,71908,64411,0,0,0
210812,e96e37ac-6092-c79b-52fb-765a794061f9,64,164330,204817,210774,182720,5957,46444,40487,0,0,0
210949,e86fb9f2-2e38-9e8b-56e4-2803ec2ab335,64,138513,200110,210949,179163,10839,72436,61597,0,0,0
211023,941ef283-6f8b-baf0-7224-0e241e760a79,64,158453,200397,211023,179201,10626,52570,41944,0,0,0
211535,35750c90-c023-eca3-6afb-7ebd5dddf483,64,143628,206572,211487,182855,4915,67859,62944,0,0,0
211595,891d1366-5b37-4ced-521d-0d566f284595,64,163247,206674,211595,183334,4921,48348,43427,0,0,0
211820,76bc5d35-6daf-d4bd-9159-3d094c141110,64,163189,204309,211820,182195,7511,48631,41120,0,0,0
212604,b23d393e-2181-216b-9b83-d973af29b64a,64,140258,209407,212604,185825,3197,72346,69149,0,0,0
212838,c0cab2d2-001e-d800-597f-0b70e4192c66,64,139633,210752,212838,187934,2086,73205,71119,0,0,0
213397,7289b518-f288-adcc-c554-6e82e9dfec9c,64,152592,202494,213397,181163,10903,60805,49902,0,0,0
213737,c22acb06-2fd7-30ea-3262-e0725b937001,64,164717,210812,213737,188047,2925,49020,46095,0,0,0
214700,e8eda98a-9cb3-769b-2061-65e039e3f957,64,159322,208725,214700,185237,5975,55378,49403,0,0,0
214811,a23b5c43-304a-feea-6494-debc84955f07,64,157400,211535,214811,189390,3276,57411,54135,0,0,0
215557,4379bc4b-bdae-c4ad-3929-4cee4a1b4ed4,64,164025,206166,215557,182847,9391,51532,42141,0,0,0
215617,4278abed-9c15-d5f4-84a1-bddcd56a9afd,64,136961,197005,215573,177815,18568,78612,60044,0,0,0
215885,218d9580-95c8-5ffb-7a85-ade7fd942546,64,164214,212604,215885,190326,3281,51671,48390,0,0,0
215945,d80cc70f-5eee-2718-a3e8-d4015237e5de,64,143591,209923,215896,186361,5973,72305,66332,0,0,0
216007,1dc656d1-3001-c248-e1ef-67293613da8d,64,156901,211023,216007,189080,4984,59106,54122,0,0,0
216606,72666e64-6ccf-1417-a37e-6e57aa35ad3d,64,160232,214700,216606,193530,1906,56374,54468,0,0,0
216666,4e8cbadd-3898-9a47-cc8e-a90483a3440f,64,158046,214811,216639,193716,1828,58593,56765,0,0,0
216907,343c4d5d-3156-031b-f6c1-9578ecd43a8a,64,154641,210949,216907,188265,5958,62266,56308,0,0,0
218749,04fec31c-38f9-b11c-0ada-aada130a4da1,64,156428,215945,218749,194574,2804,62321,59517,0,0,0
218809,2b4c7062-0a52-cb21-741f-33dbe2825431,64,158867,212838,218807,190790,5969,59940,53971,0,0,0
219349,7a62320f-5190-fec4-4e20-71f66ff84f4b,64,142617,206734,219349,184701,12615,76732,64117,0,0,0
219409,883bec7d-bc46-5a18-4946-72b5b5f96c40,64,152707,211820,219352,190004,7532,66645,59113,0,0,0
219574,3a63c6ff-3a1d-644b-eed4-551cd04f4672,64,157854,210164,219574,187335,9410,61720,52310,0,0,0
219956,993f8aaa-f23f-6f29-74c1-8cc9e6b2ebf1,64,157772,216666,219956,197874,3290,62184,58894,0,0,0
220963,ec271b11-1fc0-964b-ee83-631756cea97d,64,154324,216007,220963,195529,4956,66639,61683,0,0,0
221251,c847915a-a85a-80b6-900a-3a47ef710d5a,64,153810,213737,221251,193326,7514,67441,59927,0,0,0
221425,30ede7bf-53f4-1ff4-312f-be05536e685e,64,199654,221251,221425,200779,174,21771,21597,0,0,0
221533,d5210125-614c-9c30-e081-a4bc086ca3f4,64,162855,216606,221533,197150,4927,58678,53751,0,0,0
221731,ef3da040-6f27-80fe-7f66-d9b3ccf1ee68,64,158044,218809,221731,198669,2922,63687,60765,0,0,0
221830,dec789ca-8e81-8ce0-15ef-43cbcee44ebb,64,197544,219409,221830,199062,2421,24286,21865,0,0,0
221890,ce7a289e-1972-cbb8-c8eb-7a183357f4e5,64,159290,215885,221849,194428,5964,62559,56595,0,0,0
221890,00c61c36-ee5e-d0e6-9064-5262c3b504d1,64,200041,221425,221871,200908,446,21830,21384,0,0,0
222011,bf8f19b5-94f8-1833-a57f-6cffcd3c7667,64,199620,221731,222011,201305,280,22391,22111,0,0,0
222071,4c3eaf8b-dd05-7045-1af0-bf2591f7ebf4,64,200217,221890,222060,201342,170,21843,21673,0,0,0
222131,bf0a02c1-53b2-1e8c-669b-f4dd34f11f91,32,200350,221731,222083,201252,352,21733,21381,0,0,0
222131,76b2d0ae-1260-6cdf-15fa-c581dbb2b5e4,64,200378,221830,222126,201309,296,21748,21452,0,0,0
222131,56a361dc-0d97-6ec4-087c-c703536db834,64,200264,222011,222131,201402,120,21867,21747,0,0,0
222191,4edeca85-d482-946d-629d-8ca5aca85703,64,199995,221533,222163,201158,630,22168,21538,0,0,0
222191,c4cfea73-8435-bda8-5ac9-e5a4988c4e05,64,159582,211595,222166,189525,10571,62584,52013,0,0,0
222191,f3d5f858-88a4-2745-e155-467b806eed0e,64,200470,221890,222166,201357,276,21696,21420,0,0,0
222251,a6bb4327-10db-2a01-622c-b7233ddcae8f,64,199904,222071,222237,201433,166,22333,22167,0,0,0
222475,a9b2a9b7-df64-4366-cafc-9c2c78cdd51d,64,199956,222131,222475,201441,344,22519,22175,0,0,0
222535,2821396f-1d94-b65c-a475-cb49330d4248,64,200519,222191,222481,201595,290,21962,21672,0,0,0
222535,72763cdb-e667-9459-f45b-0c0e6ec94d2a,64,200744,222191,222481,201627,290,21737,21447,0,0,0
222668,579edb1b-4712-383e-995d-46252517c582,32,200568,222535,222668,202023,133,22100,21967,0,0,0
222728,0b7b94dd-b305-d157-364b-2eaac69f00d2,64,200035,222251,222689,201792,438,22654,22216,0,0,0
222788,bc943ce8-088a-5a4e-5f6b-683d9abb15ae,64,200278,222131,222743,201452,612,22465,21853,0,0,0
222848,70df0924-d943-98eb-f5a7-dba93ae50719,64,200106,222191,222818,201484,627,22712,22085,0,0,0
222908,2e75929a-8700-25e1-cb48-9b5b6f53ced6,32,200221,222535,222884,201967,349,22663,22314,0,0,0
222968,b812d330-f896-5498-8053-9d06a3b81677,64,201126,222788,222957,202075,169,21831,21662,0,0,0
222968,3a4d556d-2075-626f-6654-022ad704f057,64,199870,222668,222963,202037,295,23093,22798,0,0,0
223070,2dae315e-4c65-6d76-49ac-9b2efc7f8743,64,199972,222535,223070,201994,535,23098,22563,0,0,0
223214,e88c116f-8519-0032-06d0-e8a68444bb34,64,201021,222475,223214,201891,739,22193,21454,0,0,0
223274,28ef5aa9-6628-6ab0-b9a8-3910fbb63a5c,64,200559,222968,223252,202114,284,22693,22409,0,0,0
223339,3812a641-91a8-fc5d-cacf-185ef29a1e8b,64,200650,222728,223339,202053,611,22689,22078,0,0,0
223399,6636815f-1471-c159-aa90-38aadfb09ebf,64,200110,223214,223387,202188,173,23277,23104,0,0,0
223399,025d78db-2026-60d8-c84e-3b6177594e4b,64,201332,222968,223395,202157,427,22063,21636,0,0,0
223479,c03feac9-3c79-5206-6aa6-95d5ede02869,64,200591,222848,223479,202084,631,22888,22257,0,0,0
223564,392c2941-0033-1667-3770-4a7886887f6b,64,200380,223274,223564,202198,290,23184,22894,0,0,0
223685,3fa74d24-5dca-be9e-fa59-918ee6b89a37,64,201229,223070,223685,202174,615,22456,21841,0,0,0
223745,5c6eb1fe-65ff-ce57-601f-44de670263c4,64,200930,223339,223689,202228,350,22759,22409,0,0,0
223745,f853677f-cdb7-f8d3-450f-c2d23cc0c689,64,200907,223564,223726,202273,162,22819,22657,0,0,0
223805,39770ab3-38bc-949e-627a-153a50605412,64,201039,223479,223756,202272,277,22717,22440,0,0,0
223908,b8f39d49-bbbb-4cb9-3f0d-c7882ecdf1e8,64,201031,223745,223908,202502,163,22877,22714,0,0,0
223968,fd4946d8-42ba-3965-03a8-abef570e3fcd,64,199923,223399,223950,202246,551,24027,23476,0,0,0
224028,41eb0fc5-af80-5d38-1c46-80a105d28431,64,201288,223399,224027,202257,628,22739,22111,0,0,0
224121,8fe07948-cd85-4d61-5f1a-4f490b7c68df,64,201284,223685,224121,202357,436,22837,22401,0,0,0
224181,18c3d6cf-f1bf-379d-d498-898d8ae1337b,64,200976,223745,224176,202530,431,23200,22769,0,0,0
224241,2cf9f2d2-83ac-54f1-9042-e8b264c40b60,64,200386,223908,224189,202621,281,23803,23522,0,0,0
224301,2a1a68d8-5e56-e020-85b0-6c7270c60bdf,64,201027,223805,224243,202571,438,23216,22778,0,0,0
224301,77d8881e-6bd4-eb07-14b5-0c19b4b854a0,64,156332,213397,224265,192212,10868,67933,57065,0,0,0
224301,555c56b4-fb4f-105a-d73a-346817e3add9,64,200653,224121,224293,202790,172,23640,23468,0,0,0
224361,c8bb6f29-8325-d769-ff9c-00fcada559b0,32,200217,223968,224316,202633,348,24099,23751,0,0,0
224466,f1fa02e6-6945-4cdb-8371-8bb334f9d275,64,200926,224301,224466,202897,165,23540,23375,0,0,0
224526,54654df8-1cfc-0ea9-eb76-b8b761ab60a2,64,201233,224181,224524,202803,343,23291,22948,0,0,0
224586,fb3c320b-509b-451f-d08c-e6f532c7cdac,64,201177,223968,224576,202638,608,23399,22791,0,0,0
224845,7dd910b5-d421-90ab-1ca3-2463d523d170,64,200734,224241,224845,202809,604,24111,23507,0,0,0
224930,6bd44e6c-4441-6492-f5d3-43a9ff0a0611,64,157779,219956,224930,200213,4974,67151,62177,0,0,0
224990,25655ee4-3add-3ab1-52cd-2595733930d2,64,155922,215557,224982,194062,9425,69060,59635,0,0,0
225050,5d9894de-63c7-f13c-efef-749eb7dec442,64,200981,224466,225013,202954,547,24032,23485,0,0,0
225050,38037cbc-1bb7-ee60-00aa-fe610fcd3d53,64,200838,224845,225037,203012,192,24199,24007,0,0,0
225110,33072949-24aa-16b1-2fd6-99684d52ff39,64,201112,224028,225059,202648,1031,23947,22916,0,0,0
225186,777949c3-c626-81e5-7855-38ec08d98959,64,201233,224990,225186,203048,196,23953,23757,0,0,0
225246,b13c2b8c-22b3-1428-195a-b95d4e500d68,64,201528,224586,225197,202995,611,23669,23058,0,0,0
225246,28ded23e-7420-44c5-54f6-002b96f7d6e5,64,201236,224930,225223,203043,293,23987,23694,0,0,0
225306,add2124b-400a-32ce-e638-6d0348f9320c,64,200839,224526,225259,202963,733,24420,23687,0,0,0
225368,3cba6422-fc4d-3d2e-bf85-c3ea135ca9f9,64,201236,224301,225368,202934,1067,24132,23065,0,0,0
225428,6ba105dd-581d-cce1-fdad-001c5d88e497,64,201282,225050,225397,203054,347,24115,23768,0,0,0
225488,3823eb5c-4b71-6ac2-4778-83710f71e4b0,32,201575,225110,225458,203162,348,23883,23535,0,0,0
225488,af7323c2-fed4-1f45-43c5-ae9ebbb6e2dc,32,201422,225110,225460,203185,350,24038,23688,0,0,0
225488,d76f8ae0-cefd-d250-1c76-5c1fa91b8147,64,200644,225050,225480,203085,430,24836,24406,0,0,0
225548,dc0d7a97-23c8-5f11-4d58-e9e9c601c55e,64,201716,225246,225533,203241,287,23817,23530,0,0,0
225608,5d97670f-55be-c52b-3346-c16aab3bc2d0,64,201377,225246,225592,203244,346,24215,23869,0,0,0
225668,9ea0e174-2dd4-3b9e-891d-b7e47ede954b,64,201031,225368,225658,203386,290,24627,24337,0,0,0
225728,98c7bd80-a224-ed14-9a03-6fcd0b47168b,64,200985,225488,225679,203422,191,24694,24503,0,0,0
225728,3a4ec975-1969-1039-a5de-b4e86c6c468c,64,143886,207006,225684,184927,18678,81798,63120,0,0,0
225728,174ddf85-379c-7b7d-0e3f-a37c76361853,64,201242,225428,225710,203408,282,24468,24186,0,0,0
225788,fa346b02-efd7-0275-b154-dd6915e364a0,64,201175,225306,225744,203367,438,24569,24131,0,0,0
225848,d383d63c-5781-9e7c-5885-40f66fc7542a,64,201335,225186,225801,203219,615,24466,23851,0,0,0
225848,02b7b4e2-1b1b-1b23-4fbd-d2721c24586b,64,201460,225608,225805,203503,197,24345,24148,0,0,0
225848,2cdae505-1484-7587-972d-bf5323cc1801,64,201377,225728,225834,203655,106,24457,24351,0,0,0
225908,b8841cd9-fb5e-9615-a4dc-0ab0a608d7de,64,201230,225728,225899,203666,171,24669,24498,0,0,0
226020,2b4b17ae-5c36-a280-16db-604c5b10fd20,64,201315,225848,226020,203691,172,24705,24533,0,0,0
226080,3d1cf258-df0d-b187-195d-5254c5950dcf,64,201230,225848,226038,203689,190,24808,24618,0,0,0
226171,42d4b4b2-32dc-96b5-e942-14b4ba43067f,64,201123,225548,226171,203489,623,25048,24425,0,0,0
226231,67241878-0946-b9d5-5d4d-b750415df4c6,64,201478,225788,226226,203676,438,24748,24310,0,0,0
226531,ef4bdb87-1614-bbd4-a6e0-9db1d54bf12a,32,211475,226171,226531,212838,360,15056,14696,0,0,0
226755,c4ba96ee-c568-a776-07f5-ba58d291b53e,64,201232,225668,226755,203525,1087,25523,24436,0,0,0
226843,d8b9842e-9033-9190-9fea-cd69f7bbeefa,64,201132,225728,226843,203658,1115,25711,24596,0,0,0
226952,7b9755d8-249b-58f9-cce1-8841fa350c7c,64,211515,226080,226952,212805,872,15437,14565,0,0,0
227012,992d402b-de11-c77c-1ac5-2530ac895ef5,64,204541,225908,226992,206682,1084,22451,21367,0,0,0
227224,2d4cb196-9aab-699e-a5fa-9074623275a6,64,213758,226755,227224,214489,469,13466,12997,0,0,0
227284,75a95439-8248-3538-fdd1-37762aecce72,64,211716,226531,227225,214037,694,15509,14815,0,0,0
227344,64422db4-825a-b6a7-412f-670138db73e7,64,220373,227224,227288,220910,64,6915,6851,0,0,0
227404,521f09f3-3e25-33e3-f468-ddbaa6dd1dd8,64,211599,226231,227381,213906,1150,15782,14632,0,0,0
227404,9f586c05-717f-1510-6294-ca75e8d4b718,64,212755,226843,227393,215180,550,14638,14088,0,0,0
227464,5f8ca0a1-80c4-8c13-a68e-90fa9593316e,64,156986,216907,227435,197939,10528,70449,59921,0,0,0
227464,ec1b739e-d628-0527-6f56-b0e2f6ba93d5,64,220613,227344,227438,221280,94,6825,6731,0,0,0
227464,c56405e1-3551-84a1-7eb9-d7bf875371ac,64,214029,227012,227442,215587,430,13413,12983,0,0,0
227464,ab9e58ec-5988-7c66-232f-5d586911038d,32,220415,227284,227443,220932,159,7028,6869,0,0,0
227524,c9194a78-9e81-9327-2f10-cb8be12e3c58,64,213818,226952,227472,215278,520,13654,13134,0,0,0
227584,aae977d5-752f-c0fe-e2c3-231589c380d9,64,220338,227404,227538,221425,134,7200,7066,0,0,0
228652,e66271c5-6484-f929-6d8d-e3e08583822a,64,164730,225848,228652,205946,2804,63922,61118,0,0,0
228780,ef46b9e0-cece-a8d9-0ade-4c023879ec72,64,162365,225488,228780,203452,3292,66415,63123,0,0,0
231955,38c44fe1-a36e-1de5-4862-b8d4a7816a0d,64,158982,219349,231955,199018,12606,72973,60367,0,0,0
234239,a08bbb65-47f2-ce28-650a-69f563e0ca48,64,164200,215617,234239,194344,18622,70039,51417,0,0,0
234894,7e799205-7ac6-9cdd-3766-263c0cc51c44,64,164787,224301,234894,202918,10593,70107,59514,0,0,0
236167,99e46bc6-ec90-f2f6-6e29-93271e47a844,64,236009,236009,236167,236687,158,158,0,0,0,0
236844,3987f6b7-01ff-51cd-abf9-8b47e590f34f,64,164560,226020,236844,207221,10824,72284,61460,0,0,0
237373,fb14a42b-3f0d-66c4-4db6-7ab30e952724,64,159887,218749,237373,198176,18624,77486,58862,0,0,0
238378,a2f60d2a-cb4e-bc6b-3d5f-01f22ed4f5f0,64,157762,219574,238378,199197,18804,80616,61812,0,0,0
239613,0bcf0e60-46e7-23ca-d478-ab5f21401cc9,64,158165,220963,239613,200558,18650,81448,62798,0,0,0
242449,5c80db31-b72c-af16-30b7-8ae742f2185e,64,242145,242149,242424,246491,275,279,4,0,0,0
242844,26f407ae-86f8-780e-1cc0-7c8452e863d6,64,242615,242629,242844,245007,215,229,14,0,0,0
243718,a14d0f5a-130e-ed62-4f81-71d13c79ecf1,64,243503,243538,243671,244195,133,168,35,0,0,0
243718,301b7f3e-a6d6-3255-2435-555d54fcfdd1,64,243568,243598,243680,244503,82,112,30,0,0,0
243778,5d4aa337-f0b3-5ce9-c643-3760900a0672,64,243600,243658,243731,244463,73,131,58,0,0,0
244381,9a456f5e-41bb-191a-4dc3-e3a9f9b3ac62,32,154392,226171,244350,213086,18179,89958,71779,0,0,0
244441,af11f1e0-0c23-0aac-770d-8b18afd69ab5,64,244356,244381,244428,245454,47,72,25,0,0,0
244748,08ffa9dc-c04d-9c05-f074-c2eaaa46a1ca,64,244595,244630,244748,244945,118,153,35,0,0,0
245556,ecbba73a-7dcb-d8a8-966a-3a40b7433922,64,242701,242749,245556,257173,2807,2855,48,0,0,0
245735,14820180-41b0-cde9-ed88-ed5a829d53c9,64,242398,242449,245735,256791,3286,3337,51,0,0,0
247557,46b746ff-3fe6-e88e-9c8f-a03719fce77b,64,244210,244261,247557,259341,3296,3347,51,0,0,0
248071,123addc1-0b67-983a-8e81-18ad7b8faa4c,64,242070,242089,248071,257153,5982,6001,19,0,0,0
248913,10edc0d4-e909-5cb9-367d-ae31a780baed,64,243492,243538,248913,261730,5375,5421,46,0,0,0
248973,43f8d5d0-d599-4654-7fa7-a0bc845cf871,64,243750,243778,248946,261136,5168,5196,28,0,0,0
249092,dd4d902f-01e6-0019-5e09-6321cc9a6a2e,64,243082,243125,249092,258947,5967,6010,43,0,0,0
250536,5972902c-2429-d923-1e57-7d6a7ee56495,64,243984,244021,250536,261336,6515,6552,37,0,0,0
250636,8a7cbd8a-c5d5-7a79-cee2-d950e40bb8c6,64,243286,243305,250636,264521,7331,7350,19,0,0,0
251723,ecbc108a-dd35-5477-adae-383414961f14,64,242314,242329,251723,259979,9394,9409,15,0,0,0
251783,7ac48e74-b6f3-c428-a7dd-31392b69023d,64,250684,250696,251756,252644,1060,1072,12,0,0,0
253625,e3d88a75-031e-d83a-aa54-d753890a8041,64,242734,242749,253625,257954,10876,10891,15,0,0,0
254470,14887d65-1e89-3c1e-9f9f-2b8d3781e6d9,64,243583,243598,254470,259696,10872,10887,15,0,0,0
254861,559ab377-fcc0-8fd7-7976-173d058601a3,64,244004,244021,254861,261037,10840,10857,17,0,0,0
254931,3aef0dda-907b-fd22-f261-e3976c48e0f5,64,246244,248973,254931,264114,5958,8687,2729,0,0,0
255006,c0322b22-d52a-ae90-2535-d1f9bb151c76,64,244140,244141,255006,259599,10865,10866,1,0,0,0
255200,cccb2f25-0bfe-30c1-905c-133ee0b82d17,64,242503,242509,255200,258301,12691,12697,6,0,0,0
255672,005af162-1c9b-2a67-d5c6-d637a0886d9f,64,243065,243065,255672,259204,12607,12607,0,0,0,0
255732,799e8892-1021-d3fe-8afa-cfa074aa0135,64,242510,242569,255718,264703,13149,13208,59,0,0,0
255960,47f3549b-213c-6d7e-8572-39d66ffeb5a9,64,243296,243305,255960,259063,12655,12664,9,0,0,0
256429,15e8c163-e7fd-d1a6-5005-5d9680095c57,64,241976,242029,256429,266097,14400,14453,53,0,0,0
256620,666e9816-7eb1-54c3-2a6a-f10aaa7d06fb,64,241969,241969,256620,266259,14651,14651,0,0,0,0
257081,b970d950-b5e1-45b2-1e20-11d054c710be,64,243484,255200,257033,266271,1833,13549,11716,0,0,0
257276,9d430bbc-ef1c-3d70-7872-dea04b1454fc,64,242606,242629,257276,263768,14647,14670,23,0,0,0
257336,3fd03c9b-544f-a58d-70dc-52c0957fbd2d,64,244570,254470,257279,265488,2809,12709,9900,0,0,0
258446,1555897b-8cf4-9e22-72af-c71ba32e3194,64,244352,256620,258446,267553,1826,14094,12268,0,0,0
258978,c5f53062-3d24-220b-2e52-ca9f7be60275,64,242260,242269,258978,263173,16709,16718,9,0,0,0
259588,fd728fa4-22b8-3bb4-cbcc-84bde10b735f,64,245087,253625,259588,265375,5963,14501,8538,0,0,0
260105,8293e769-3639-4339-c373-9056fa372993,64,242501,242509,260105,264525,17596,17604,8,0,0,0
260603,34084546-96ca-458e-7f9a-846d2b1bc0b8,64,244004,255672,260603,266934,4931,16599,11668,0,0,0
261254,a64c787c-01e8-05bb-3b0e-7e13bc6786a8,64,243496,258446,261254,269559,2808,17758,14950,0,0,0
261427,09c3d394-12da-ec92-1a8c-fe7c7dc683d4,64,243220,256429,261427,267297,4998,18207,13209,0,0,0
262238,fd38f0fe-5f47-b736-5ee5-0f3d10e75b7e,64,244851,258978,262238,269647,3260,17387,14127,0,0,0
262326,bbbe28c1-eaf4-700f-5182-d30fe9915e17,64,243489,257336,262326,268921,4990,18837,13847,0,0,0
262431,4022bad9-7e9c-d175-12f9-a8fb8746f2ad,64,102366,227404,262431,238181,35027,160065,125038,0,0,0
262491,8a18ed0e-1ce6-c775-a189-635aba989249,64,243992,260603,262442,270636,1839,18450,16611,0,0,0
262551,6e5f8d0c-2c63-566a-9c81-4720c08fedff,64,243770,243778,262506,258789,18728,18736,8,0,0,0
262630,edcd04b4-7ca0-c9e9-42d3-ee7f706827ef,64,242503,242509,262630,267261,20121,20127,6,0,0,0
263387,886a0229-88fb-3ed2-e23e-244995f99c44,64,243478,243478,263387,261329,19909,19909,0,0,0,0
264266,dabf6609-c484-fc19-9b7e-8cebdc5069b3,64,244157,254861,264266,265598,9405,20109,10704,0,0,0
265472,b303b4d4-33ca-d49c-f426-6abcf5d78ff2,64,243990,262551,265472,272850,2921,21482,18561,0,0,0
265558,2f5cebba-5fa8-8ade-c01b-d1a0ae909a97,64,243288,259588,265558,270222,5970,22270,16300,0,0,0
265618,a1c40c4e-0d12-6a65-085a-cf4e78b13cc9,64,242361,242389,265592,272864,23203,23231,28,0,0,0
265618,cf92db2e-aeb3-2b31-4618-f43312007d74,64,244043,262326,265616,272090,3290,21573,18283,0,0,0
266057,0f15d575-da71-0d84-f1f2-723cd9ded091,64,243226,260105,266057,270605,5952,22831,16879,0,0,0
266184,d223f639-6e29-0327-5ade-9c1f5d3ed997,64,245194,263387,266184,272934,2797,20990,18193,0,0,0
266318,48597b32-249b-a4d7-1123-408f298bb2a9,64,243491,261427,266318,271431,4891,22827,17936,0,0,0
267068,21a88346-cf3c-9f88-dea4-6f40a83b3d55,64,242495,242509,267068,273007,24559,24573,14,0,0,0
267255,a4d13047-a6df-1652-7695-304e6688be95,64,243085,261254,267255,270715,6001,24170,18169,0,0,0
268147,4f576e9c-2af1-8639-2bb1-fac95ba992cb,64,243284,257276,268147,268901,10871,24863,13992,0,0,0
268328,34d01c53-8197-8570-2da2-5b63fdef06c3,64,244152,255732,268328,267095,12596,24176,11580,0,0,0
268561,8b243568-4742-a7e5-e5ff-c535601e53d2,64,242165,242209,268561,276242,26352,26396,44,0,0,0
269066,e7c82a4c-3ecf-656c-6514-8ccbebc2b0e7,64,242012,242029,269066,272366,27037,27054,17,0,0,0
269412,255ba9da-05ea-9f10-fdf9-5c33949ce309,64,242433,242449,269412,276727,26963,26979,16,0,0,0
269692,d3a2158a-e2dd-5414-0e9d-911ef6775bc9,64,268080,268080,269652,269976,1572,1572,0,0,0,0
269920,fc752475-ea4c-eb95-ff88-e4b0541089c2,64,269632,269632,269920,270565,288,288,0,0,0,0
270279,40a489f0-baad-e3cd-a164-c0898fa6c4c4,64,242151,242209,270279,276018,28070,28128,58,0,0,0
270510,05c41073-680c-6836-6378-eee8a8b0c5ed,64,243491,251783,270510,265341,18727,27019,8292,0,0,0
270956,1b220d77-778a-f875-827c-0b2e83619744,64,242034,242089,270956,279901,28867,28922,55,0,0,0
271983,c8482c26-20fa-4fd2-c652-74d1e8d29b72,64,243168,267068,271983,277879,4915,28815,23900,0,0,0
273189,e9cadc2e-04bb-665f-7409-2555567eab20,64,243154,262238,273189,271578,10951,30035,19084,0,0,0
273319,33a71918-31bc-63e6-b4a1-1f462a08fa8d,64,243095,270510,273319,280372,2809,30224,27415,0,0,0
273570,ee258840-94ac-da67-8838-2a571baba783,64,245096,270279,273570,280289,3291,28474,25183,0,0,0
274787,998eb9f8-fd96-d43d-e18f-027d11ad9d01,64,242256,242269,274787,279301,32518,32531,13,0,0,0
275782,f486f56f-0ae8-ccdd-36ba-ebbc0f030f5d,64,243281,257081,275782,268221,18701,32501,13800,0,0,0
275998,0d51cb93-ef5f-0ce9-99ea-76e2782e208d,64,242490,273189,275998,281494,2809,33508,30699,0,0,0
276058,86c76db0-de31-064f-b6a3-eb084b60ade6,64,242973,265472,276033,273648,10561,33060,22499,0,0,0
276118,3a5672d1-2569-d5dc-c862-a89c333b8ad0,64,243068,268561,276108,279152,7547,33040,25493,0,0,0
276205,97b0263c-4c3a-01e0-4485-a3868bbff31a,64,242312,242329,276205,274882,33876,33893,17,0,0,0
276700,c068d778-e09f-397f-8a44-daac26a58ba1,64,243907,267255,276700,278281,9445,32793,23348,0,0,0
276853,8347a03c-7ae0-c506-d912-86a8e0bfffc7,64,242311,273570,276853,282038,3283,34542,31259,0,0,0
277944,f343232a-0208-4a21-59ef-9939cd35fcac,64,244286,276118,277944,285230,1826,33658,31832,0,0,0
278144,e888f3bf-40fe-51e9-f6df-0676559f4e1d,64,242173,242209,278144,281516,35935,35971,36,0,0,0
278519,d0e30d66-f3d6-8586-4358-225f3e612755,64,243218,270956,278519,280982,7563,35301,27738,0,0,0
278579,50239625-f7f1-418b-7807-9cbae3c0f2f0,64,241977,242029,278526,277802,36497,36549,52,0,0,0
278981,d0487caa-15c6-fdfd-dd3b-e59a1dd71f12,64,242686,268328,278981,278926,10653,36295,25642,0,0,0
279905,3e595f54-7892-a07f-a45a-c95564f1f2c7,64,153073,227464,279905,272134,52441,126832,74391,0,0,0
280567,1dde8531-17bb-e437-a8c1-e53c3bec0256,64,243825,269920,280567,280048,10647,36742,26095,0,0,0
280909,cc347ffa-c57f-ed79-e143-07c0b2086ae9,64,243904,275998,280909,284539,4911,37005,32094,0,0,0
281008,3abf6040-11fb-37d0-5056-179017762a51,64,244971,276058,281008,284570,4950,36037,31087,0,0,0
282569,bff599b3-f668-ea48-3288-12d94ddd76f7,64,243901,271983,282569,281297,10586,38668,28082,0,0,0
282689,3e2668d3-19dd-4627-1dfa-e7e0348d4862,32,245303,276700,282689,287571,5989,37386,31397,0,0,0
283862,af53cd5f-d618-3750-04ea-87adbcab96c1,64,242074,242089,283862,282049,41773,41788,15,0,0,0
284266,d446d155-7fa4-9064-a3f5-5f10bf76f18e,64,244161,265558,284266,274504,18708,40105,21397,0,0,0
285121,4da16971-9e27-a795-6162-d60d01716ea1,64,242262,242269,285121,283574,42852,42859,7,0,0,0
285340,c05a2d09-482d-ec5f-11ca-864890c749b7,64,244288,278981,285340,310941,6359,41052,34693,0,0,0
286023,7eaefaf1-3046-5d8d-4e90-bb21072b8427,64,246021,276700,286023,296400,9323,40002,30679,0,0,0
287135,12a8a6c8-35c7-0197-fc48-70b3e08b7e78,64,244392,276205,287135,285326,10930,42743,31813,0,0,0
287635,1650005d-b4d0-a23b-7351-5b0805558138,64,245161,278144,287635,304311,9491,42474,32983,0,0,0
289735,af120ba3-3dd0-a9f7-877d-70cbcfc821f5,64,269316,276853,289735,302732,12882,20419,7537,0,0,0
291849,a4ded8e1-2fa9-2eec-190e-80ce6ca0b9a9,64,291569,291580,291797,292933,217,228,11,0,0,0
291974,c92735aa-65b1-6501-2ba9-ce0169a68eec,64,291520,291520,291974,293085,454,454,0,0,0,0
292094,292d5a7f-31b5-707d-8f2d-4bafd610d91d,64,291627,291640,292036,292401,396,409,13,0,0,0
292094,8b1c7121-0633-625b-540d-eeb45ba2debc,64,291789,291789,292044,292643,255,255,0,0,0,0
292164,86c819ee-1393-b110-4568-31e0fe403806,64,269222,280909,292164,362396,11255,22942,11687,0,0,0
292224,0b59d8ce-165a-6a56-de1f-ce33acbf93bd,64,291979,292034,292207,293734,173,228,55,0,0,0
292404,793f381e-d5a7-7c13-7d11-22e769697898,64,292207,292224,292349,293712,125,142,17,0,0,0
292468,91bc743a-a6f3-21e4-33f1-53eb77aa0e05,64,292337,292344,292468,293378,124,131,7,0,0,0
292538,cb8374b2-3299-9f25-50d0-2c81badc8109,32,292248,292284,292538,293260,254,290,36,0,0,0
293586,e74714f2-4d26-ea73-a9be-7e99442f9b04,64,269227,280567,293586,343298,13019,24359,11340,0,0,0
297790,54492364-d84a-3b91-d2a9-04866965050c,64,245134,279905,297790,316351,17885,52656,34771,0,0,0
298629,6d352427-d08e-63f5-d347-f7b5d2d58671,64,245206,277944,298629,304187,20685,53423,32738,0,0,0
299659,b6511f9c-df45-e9db-e8b0-a2fa85de8672,64,244292,278579,299659,307935,21080,55367,34287,0,0,0
314094,8e606073-f0dd-6e52-827b-9bbe9f4d2a60,32,257021,285121,314094,424549,28973,57073,28100,0,0,0
319294,1747aaed-c0c5-fb48-f045-7813f8c2279e,64,319220,319220,319294,320178,74,74,0,0,0,0
330038,cc43f13a-34a4-8d1e-583e-9b53f578163b,64,329083,329083,330038,331385,955,955,0,0,0,0
334362,5b1ef9a2-f45f-e2ad-fec4-4e196b962c3a,64,334242,334242,334351,334692,109,109,0,0,0,0
334450,8d9a3d17-5ecf-d9c0-2053-87152ae05381,32,334248,334302,334450,334679,148,202,54,0,0,0
334811,f5af53bb-1876-4290-33f4-c685f63e44b4,64,334321,334362,334811,334872,449,490,41,0,0,0
336807,b82aee84-fd09-2af0-2c30-3e4cda6b623d,64,274128,282569,336807,405217,54238,62679,8441,0,0,0
337047,03b5b171-4d79-179a-4ab1-3d5f4a1747c1,64,336220,336220,337047,338657,827,827,0,0,0,0
337107,d5b556cc-a5d3-baeb-3652-2d519858fe0c,64,274247,281008,337067,365975,56059,62820,6761,0,0,0
337947,5e956654-7cbb-2ecf-8b1b-7e98fee8ca21,32,331986,331986,337947,364141,5961,5961,0,0,0,0
345486,cbf13a7c-2c03-ae74-896d-b5f48785c2ce,32,78713,95727,345486,306310,249759,266773,17014,0,0,0
352477,690d1deb-5c9b-38cd-1f60-69687d5bab17,64,346239,346239,352477,403639,6238,6238,0,0,0,0
353484,0949daab-329b-448b-691f-e9b349ea892c,64,353171,353171,353484,356647,313,313,0,0,0,0
354184,9b011a2e-e436-b579-1a9f-ed3191cfde22,64,353885,353885,354184,354287,299,299,0,0,0,0
358468,6fa2400c-f872-144d-35f5-c15839d39fcd,64,356599,356599,358419,379843,1820,1820,0,0,0,0
360909,c10a0336-14bd-6af7-a88b-3442bdc9a04e,64,358019,358075,360895,374991,2820,2876,56,0,0,0
361080,eec29ad4-9e70-736f-7446-411be1b65ed2,64,359205,359255,361080,374485,1825,1875,50,0,0,0
361320,66c9504e-3d10-7fe5-c322-efb8bbbefdde,64,357965,358015,361310,374395,3295,3345,50,0,0,0
361380,9281fe44-5a88-cfd4-f1e7-c89b7f38b68f,64,359478,359518,361340,376879,1822,1862,40,0,0,0
361705,e5e639e2-328a-7066-298d-03907e097cc2,64,358707,358762,361701,375690,2939,2994,55,0,0,0
361825,516611ac-7563-5f6f-09d7-94198c91af9b,64,358940,358956,361793,377321,2837,2853,16,0,0,0
361885,4693866e-705c-721e-3c48-de400858bdf6,32,355840,355840,361873,373079,6033,6033,0,0,0,0
363099,f97a5902-02c9-427a-ab5b-9ae787a5aaeb,64,355521,355555,363099,370543,7544,7578,34,0,0,0
363858,c64b04d3-9e34-4fcb-8387-df2b23baa8eb,64,358905,358956,363858,377432,4902,4953,51,0,0,0
364038,e0847351-2e27-2af8-e4b1-1ba8de256879,64,363978,363978,364028,365134,50,50,0,0,0,0
364707,e87c90eb-2ab8-3abf-f3d9-33986989f9e8,64,355315,355315,364707,374759,9392,9392,0,0,0,0
364873,1955d94c-e4c3-9213-3f9d-beb7aa887b06,64,359855,359878,364873,377331,4995,5018,23,0,0,0
365460,aff053bd-3cdf-1d04-e3fc-a538759fa6b5,32,359458,359458,365460,375156,6002,6002,0,0,0,0
365898,f51cde32-89e8-fb90-aaf1-f3f03e70892a,32,357586,357626,365898,378496,8272,8312,40,0,0,0
366114,097c713c-cafc-40d2-2e02-e3d40fa900bd,64,361096,361140,366114,377373,4974,5018,44,0,0,0
367657,452830ae-1402-e3a9-2189-c15bad3977a4,32,361614,361645,367657,376844,6012,6043,31,0,0,0
368080,d708ee7b-d9db-8a89-d648-0826bdbaaa17,64,358702,358702,368080,374703,9378,9378,0,0,0,0
368458,cbdda019-9253-8dd6-b28a-9472619221a1,64,358017,358075,368458,377640,10383,10441,58,0,0,0
368603,1ffd2fa3-e983-5ce8-5d41-e38995fcc828,32,274014,280909,368603,361052,87694,94589,6895,0,0,0
369256,7ab719fe-f804-a887-4848-06b88a5cecbc,64,358408,358408,369256,373689,10848,10848,0,0,0,0
369352,2588620a-6da6-3f88-96c2-61071a3d3e45,64,358755,358762,369352,376125,10590,10597,7,0,0,0
369561,d94fb070-a1a7-b929-27d1-c9ea2d39f96b,64,358004,358015,369561,380245,11546,11557,11,0,0,0
369692,0818f839-5c39-3014-6c3b-fbb07ccb2c56,64,359091,359091,369692,378904,10601,10601,0,0,0,0
369790,e6eab9d7-8cdb-2dd2-c885-1510cc4e5b10,64,355355,355375,369790,381027,14415,14435,20,0,0,0
370576,b228271a-fc84-9adc-958d-e6940fcec776,64,359639,368603,370576,380568,1973,10937,8964,0,0,0
370820,8ca2c709-25ff-ad3c-3108-c8a0df733bab,64,361716,364873,370820,379350,5947,9104,3157,0,0,0
370880,f79debd7-535d-2b75-8920-d68f3a197623,32,355548,355555,370858,380380,15303,15310,7,0,0,0
371406,8d9bf848-389f-0b7e-98e2-efaec3658f56,64,361671,365460,371406,379579,5946,9735,3789,0,0,0
371853,adf16c12-652c-66f9-adaa-04616edc8a22,64,355379,355435,371853,378512,16418,16474,56,0,0,0
371913,df52f707-1a4a-5f2d-7047-81b4a94abd66,64,359229,359255,371878,374969,12623,12649,26,0,0,0
372018,52306838-56e1-97fe-ffbf-19da4a2360bc,64,355471,355495,372018,380179,16523,16547,24,0,0,0
372307,f2eecc8a-e9cc-5fe5-7512-4dc416fcfb05,64,361661,369352,372307,380790,2955,10646,7691,0,0,0
372367,d2509b75-d982-60c4-117e-c5ab5537cc69,64,361733,361765,372325,377618,10560,10592,32,0,0,0
372427,a60da194-7834-87c6-a9e0-c4bdff70d553,64,361773,361825,372394,376434,10569,10621,52,0,0,0
372995,3a86da7c-9941-8986-d4c8-95e9b73e6117,64,361148,369692,372995,381471,3303,11847,8544,0,0,0
373149,054d8368-a22c-cef4-298d-880911af4d44,64,361835,369790,373149,382132,3359,11314,7955,0,0,0
373522,6bf3eee0-132b-6a44-aedd-e93c09361202,64,358016,370576,373522,382946,2946,15506,12560,0,0,0
374197,d08aba95-52b7-d5f6-2695-66490744add6,64,361716,371406,374197,384776,2791,12481,9690,0,0,0
374257,f80cfa43-fff5-71d8-3c9e-987db6f7fe7d,64,373711,373711,374202,376858,491,491,0,0,0,0
374341,88f60e66-5027-05fd-4f11-b00f6b6f119a,64,357089,357094,374341,386657,17247,17252,5,0,0,0
374818,8634fb97-5ef6-f0dd-7f88-966d59739e81,64,355998,356043,374818,374982,18775,18820,45,0,0,0
375229,7f4ad79e-464f-fde1-91c4-7d8ee972fbef,64,356449,356485,375217,385068,18732,18768,36,0,0,0
375800,cbe75a08-1c14-3790-42f7-cddffdef51b4,64,360178,372995,375800,386140,2805,15622,12817,0,0,0
376260,30239008-45bf-dc42-76be-3728d99b9011,64,355691,355691,376260,377966,20569,20569,0,0,0,0
376391,53f6f10b-6ebe-a6dc-c7e3-00748bdee90c,64,358027,358075,376391,379309,18316,18364,48,0,0,0
377780,0bb3b382-553f-1cc1-0373-5f9d8b819fa7,64,359807,371853,377780,384912,5927,17973,12046,0,0,0
377840,b075ffd9-7bd8-84e0-15ef-0770c9f49767,64,356232,356232,377798,388018,21566,21566,0,0,0,0
378807,726fed6d-105b-e4d4-d79e-5352651b6f2e,64,375169,375169,378807,383708,3638,3638,0,0,0,0
379334,2274ea7e-080b-0475-acce-7c0f70081abc,64,357999,374341,379334,387839,4993,21335,16342,0,0,0
379567,9ab6a863-a43e-10a8-285c-13ee19a2032f,64,359792,376260,379567,388358,3307,19775,16468,0,0,0
380000,cb97b872-70ce-ece5-8e0d-3818dc4c8a52,32,361685,373522,380000,386993,6478,18315,11837,0,0,0
380624,90227b59-a335-2aec-530a-696002f02a79,64,355524,355555,380624,390067,25069,25100,31,0,0,0
380684,a7cc0a6b-6a54-0ba6-10dc-575b52adb61c,64,355705,355751,380674,385389,24923,24969,46,0,0,0
381392,2b925348-dc34-0118-9b9a-270d3becf1ea,64,361332,370820,381392,383005,10572,20060,9488,0,0,0
381879,d984573d-97a7-a8f4-d1ec-5b64c8319eed,64,356872,356883,381879,386050,24996,25007,11,0,0,0
382217,213b0006-3344-b237-0954-9d08f44b483f,64,360849,374818,382217,387907,7399,21368,13969,0,0,0
382867,c0129ef2-fca0-9b60-8056-b3a64f073901,64,358784,372307,382867,385293,10560,24083,13523,0,0,0
383322,1e177178-8eec-cbf2-3ade-297e1fd81ffc,64,359309,381392,383322,392397,1930,24013,22083,0,0,0
383382,558f5e17-ea5c-8b8a-09e1-abff44e9674b,64,359300,373522,383338,387123,9816,24038,14222,0,0,0
383442,540a7de7-55d3-9adf-f86e-170944b254ba,64,359302,380624,383442,391948,2818,24140,21322,0,0,0
383517,b34943be-aa88-409d-02a5-fc7eb756b0a6,64,360199,380684,383517,392218,2833,23318,20485,0,0,0
383753,23872161-4cea-8e22-35b9-0c1e6db7d973,32,357955,377780,383753,388895,5973,25798,19825,0,0,0
384834,fe97436d-59e5-f207-3999-4b2d5bb677f7,64,359195,381879,384834,393267,2955,25639,22684,0,0,0
384901,92dfac62-85a8-a147-0d2e-cfb6bc6852b1,64,356425,356425,384901,380496,28476,28476,0,0,0,0
386857,9e77b980-433b-07bd-c11c-1193601b6944,64,361670,374257,386857,387178,12600,25187,12587,0,0,0
386978,9247ce7c-a7fa-fa15-dfe2-a1778959939d,64,357727,357727,386978,380723,29251,29251,0,0,0,0
387070,96bd0057-0269-9c39-322a-0e0e9aa221bf,64,360199,379567,387070,391181,7503,26871,19368,0,0,0
388174,4c1df382-260d-a600-1dfc-2e7eacebd5c7,64,361680,378807,388174,389778,9367,26494,17127,0,0,0
388247,c7ae1ba8-13de-e2e8-4cbe-1fa906cfb4a7,64,361243,383322,388247,393911,4925,27004,22079,0,0,0
388357,ffaf6a1a-f4d2-8972-f181-fd0b639c6296,64,361211,383442,388357,394755,4915,27146,22231,0,0,0
388597,e34ff5cf-0e18-6ac0-7e9f-36a6a0fa86d0,64,355983,355983,388597,385238,32614,32614,0,0,0,0
388682,59d96d25-9233-d0aa-6fe4-91a66ec97080,64,360555,377840,388682,389605,10842,28127,17285,0,0,0
388764,89c5b31b-eeeb-9ea1-f6d3-57ac93db2dc8,64,359799,376391,388764,388684,12373,28965,16592,0,0,0
389354,d9ea4434-cd77-f0df-df7f-83a831df4fcf,32,359883,383382,389354,394282,5972,29471,23499,0,0,0
390561,3df562e2-8c41-5e1a-fd68-6480264ba1a6,64,359378,380000,390561,391187,10561,31183,20622,0,0,0
392360,19f4ec87-8a67-0fd6-ac38-fc7afd493f55,64,361924,384834,392360,395216,7526,30436,22910,0,0,0
392782,dc74a207-3cbf-2998-4e15-98ecc9541d91,64,359576,382217,392782,393441,10565,33206,22641,0,0,0
392902,d20e584a-d811-0e96-ce29-af86fc4dd729,64,355624,355624,392883,394958,37259,37259,0,0,0,0
393313,c5fb174b-d3a6-69a2-1093-1ea9106cd088,64,392793,392842,393313,394780,471,520,49,0,0,0
393484,119f2525-295e-963a-a646-feea2884cf60,64,361222,388597,393484,397910,4887,32262,27375,0,0,0
393604,ad823fa2-12a8-9e5b-03c4-8b318aa07436,32,392826,392842,393564,397799,722,738,16,0,0,0
393691,29d1d6b0-094a-e54f-58b7-b0517796449b,64,358001,388682,393691,398026,5009,35690,30681,0,0,0
393778,88f75221-1c34-9aef-f927-7b5dfcf6e548,64,393520,393544,393778,394748,234,258,24,0,0,0
394330,59b44240-fa93-9a1d-515b-26321d455611,64,357034,392360,394330,398965,1970,37296,35326,0,0,0
395010,680d127a-811c-e7e2-06fa-b09f6882b578,64,355404,355435,395010,395051,39575,39606,31,0,0,0
396078,1767e021-84c2-6eb2-9e89-3443b81e0e97,64,395848,395848,396078,397911,230,230,0,0,0,0
396177,895c12ad-c05f-49cf-e11c-7fc3cf86eaf6,64,361662,392782,396177,399305,3395,34515,31120,0,0,0
396615,88d3b911-b6e8-d3e7-5693-179a9879fc6a,32,359754,390561,396572,398164,6011,36818,30807,0,0,0
397405,eb46444e-3c5d-7734-231d-64a05c371bec,64,360926,386857,397405,396007,10548,36479,25931,0,0,0
397836,0c4b65c0-3c38-2474-0126-cbdd48f08de7,64,359585,387070,397836,396627,10766,38251,27485,0,0,0
398158,5a158ae5-46ba-e162-26a1-96e6ecd3f776,64,358896,395010,398158,401871,3148,39262,36114,0,0,0
398589,6363f288-2c66-4630-3466-6cc62ddb5b02,64,361585,393484,398589,399685,5105,37004,31899,0,0,0
398835,ebf4471a-d071-5701-b9d7-64f20333272a,64,355736,355751,398835,396192,43084,43099,15,0,0,0
399012,b4185967-86b4-7efb-d9df-09b64dd8d7a0,64,359742,388174,398991,396948,10817,39249,28432,0,0,0
399012,ee8fc6f9-3538-8124-debf-d8566cb94f3f,64,360853,388357,399003,397880,10646,38150,27504,0,0,0
399149,d6968b08-fe1f-f920-121b-10df6dbfb898,64,360315,396177,399092,401932,2915,38777,35862,0,0,0
399362,1588ff80-5461-173b-2a6f-71ee783f6d4d,64,358804,388764,399309,398091,10545,40505,29960,0,0,0
399583,34052070-4a64-e082-d088-bfa918c14175,32,357976,393484,399583,399369,6099,41607,35508,0,0,0
399756,d625e1ec-40ab-fc44-1a32-3113738f97a9,64,358981,393778,399756,399894,5978,40775,34797,0,0,0
400463,86917c5e-13ff-d95b-2fd6-cde09986fa50,64,398395,398589,400463,415308,1874,2068,194,0,0,0
400737,730049c1-ad76-3b87-bfbd-6874915f20a6,64,361738,397405,400737,404284,3332,38999,35667,0,0,0
401519,81591576-a1f4-6d76-4900-23eea86b8b68,64,357566,382867,401519,393804,18652,43953,25301,0,0,0
401972,38b46b98-065f-119c-9c2e-499ea46c9d33,64,398600,399012,401972,417534,2960,3372,412,0,0,0
403055,6bd0d0e5-b47c-bc46-bf5c-924ddd11279d,64,358985,390561,403055,398337,12494,44070,31576,0,0,0
403272,b5ddaf31-f485-48d8-e161-e8166357bce6,64,356823,384901,403272,395705,18371,46449,28078,0,0,0
403830,414964d9-ee6a-98c9-4c4c-5eb29c52ddc5,64,398594,398835,403830,416895,4995,5236,241,0,0,0
403890,f7b8d2bb-6427-c70b-24c3-61a304479c7b,64,403745,403745,403883,404711,138,138,0,0,0,0
403981,d7720faa-0d0a-2c51-17d4-4ae779374598,64,359861,396615,403981,402363,7366,44120,36754,0,0,0
404041,92834002-8302-c0fc-3c23-868a281fa4f9,64,399089,399089,404012,416683,4923,4923,0,0,0,0
404507,985197cc-19b0-4c5a-c1c1-c91b762285f4,64,401682,401705,404507,418136,2802,2825,23,0,0,0
405491,b837b2b9-f8d3-1119-7440-63b764f7fccc,64,405431,405431,405478,406357,47,47,0,0,0,0
405750,83b9b7bd-b88d-9db7-c1f1-ac0164d4d72c,64,405497,405551,405731,405874,180,234,54,0,0,0
405939,10f77636-b4b2-a71d-89d2-66d25c4cafa1,64,405879,405879,405925,406250,46,46,0,0,0,0
406179,ff4ca041-f2fa-f31f-3440-a1f2ab4f2b72,64,405993,405999,406131,406695,132,138,6,0,0,0
406179,becebd19-183e-a26b-0bfb-f113c7c3fa76,64,405690,405690,406167,406064,477,477,0,0,0,0
406239,3de56087-a2bb-17c8-8a89-234b4fe771d0,64,406073,406119,406194,406581,75,121,46,0,0,0
406239,49e68b36-c5a8-ac9f-3323-7a4220dadc38,64,405879,405879,406215,406980,336,336,0,0,0,0
406375,1d4b3910-4781-2a5e-b4ee-b9bebe76726c,64,406055,406059,406375,406808,316,320,4,0,0,0
406435,bec811b8-f6d7-5418-07f6-650b18639aa8,64,401407,401407,406385,419063,4978,4978,0,0,0,0
406515,a126535e-01f2-9d56-e982-fb2cf7bbf7bb,32,400473,400523,406515,419689,5992,6042,50,0,0,0
406578,c6482fd2-19b1-fbb6-133f-afca2eccad55,64,398955,399012,406578,414391,7566,7623,57,0,0,0
406900,0ec0ff46-14fe-1999-233f-e1a8231ae2fd,64,360474,388247,406900,397275,18653,46426,27773,0,0,0
407040,d31c37b4-e138-3732-0c01-0de14b3b2dbe,64,358718,394330,407040,400221,12710,48322,35612,0,0,0
407783,fc28771a-0db9-76ed-8c34-fa28b6f81642,64,407528,407528,407783,408370,255,255,0,0,0,0
407914,cb88c57f-7024-5411-9035-d1fb41676924,64,402033,402092,407914,420766,5822,5881,59,0,0,0
408034,dc6a9182-3039-3552-803e-b22f2dfd6fcb,64,402020,402032,408005,418895,5973,5985,12,0,0,0
408094,2fad0eca-9b4d-74b4-5a20-b760ddfabe0d,64,407969,407974,408040,408752,66,71,5,0,0,0
408154,8c628109-5621-bc31-d769-22cc9f907754,64,407968,407974,408114,409085,140,146,6,0,0,0
408154,28c1b77e-cf2d-a607-567b-88ecff4eff0d,32,407970,407974,408144,408754,170,174,4,0,0,0
409287,f94980e9-a370-27f2-98dc-74ad1dbc6b37,64,400527,400583,409287,422283,8704,8760,56,0,0,0
409360,af55e652-8347-fef5-09dd-b899b9312ae5,64,399190,406435,409360,425475,2925,10170,7245,0,0,0
409958,183f0c30-a719-6edb-6b03-e18e90fd34c6,32,401843,401972,409958,422247,7986,8115,129,0,0,0
410173,49c56b0f-010d-c78a-fe5e-fc6dbb45bfb7,64,399305,400463,410173,422374,9710,10868,1158,0,0,0
410283,91bc3793-f762-bb5b-c9be-7891e971cf7b,64,400473,406900,410283,429504,3383,9810,6427,0,0,0
411188,492c72fd-e17c-de66-2e6a-5cd179ad8f2d,64,400637,400643,411188,419734,10545,10551,6,0,0,0
411549,c445ba51-681b-0885-3a03-5fcb7513218c,64,411489,411489,411538,412296,49,49,0,0,0,0
411881,e0ca5d97-0274-13fc-383d-820375ac7a11,64,399302,399302,411881,417180,12579,12579,0,0,0,0
412109,b3e86bbd-0cbf-719b-4004-aa514405cf57,64,401151,410283,412109,437224,1826,10958,9132,0,0,0
413514,132d22cf-31b0-1ffe-5d5a-040cd2bf098d,64,399343,399756,413514,421682,13758,14171,413,0,0,0
415171,e8dbfa7e-f92d-fb22-3f0e-f7c85d88cdde,64,402202,411881,415171,443013,3290,12969,9679,0,0,0
415280,ab3b6585-080a-85a9-7ee4-80e8c4e39570,64,398633,409287,415280,432539,5993,16647,10654,0,0,0
415353,de7d07c3-fb74-9863-15b5-e989bb079286,32,400789,409360,415353,433657,5993,14564,8571,0,0,0
415999,225a31e1-ce9e-7797-012c-565febc0771b,64,415438,415438,415999,416540,561,561,0,0,0,0
416176,f18637f8-2537-cec1-6709-e31d31c4f30f,32,401884,410173,416176,434815,6003,14292,8289,0,0,0
417469,723f4b14-4a9a-33af-54f1-edf3da3dd3d2,64,402187,407914,417469,430730,9555,15282,5727,0,0,0
419137,4c3455fd-47cf-b9fc-6bf0-c93267face53,64,401058,406515,419137,426095,12622,18079,5457,0,0,0
419278,782b1962-f76d-bcc1-2aab-ab98c7822698,64,400616,409958,419278,434659,9320,18662,9342,0,0,0
419942,864cf1e5-fe84-98a1-e981-98a8d653da94,64,402205,407040,419942,429921,12902,17737,4835,0,0,0
420656,36296041-a9d6-c207-1760-7619e911daa0,64,399147,408154,420656,432472,12502,21509,9007,0,0,0
421019,a34ac53f-aecc-9e95-1cde-72017c4adfac,64,402204,402247,421019,417437,18772,18815,43,0,0,0
422946,3ffbbd51-b790-3ffb-c6ae-cd8b82b61a75,64,402000,412109,422946,443667,10837,20946,10109,0,0,0
423152,65e19760-e316-a19e-0fdc-095a4eed9176,64,401895,404041,423152,422347,19111,21257,2146,0,0,0
424099,7916978b-f743-e21d-69c4-419b70b660d1,64,423596,423596,424099,425133,503,503,0,0,0,0
424159,93d90874-ba9b-caf4-6d1f-e16c47ced8dc,64,423615,423656,424142,425136,486,527,41,0,0,0
424159,c94f7fab-f1dc-29b6-5bbf-162bf99b28b4,64,423624,423656,424156,426246,500,532,32,0,0,0
424219,001e03bb-fda3-6b20-c1b9-9bbf30672abe,64,423685,423716,424198,425391,482,513,31,0,0,0
424279,250e849b-e51d-1f8e-66ee-16efec28afe4,64,423843,423896,424226,426038,330,383,53,0,0,0
424279,84144980-37cb-680a-5b5a-ad65857355c7,64,423807,423836,424241,426285,405,434,29,0,0,0
424360,7987733e-813c-bec7-a1f0-d77408304756,64,423723,423776,424360,427972,584,637,53,0,0,0
424504,5bea5049-91c1-5334-3c2b-e5f2c8e7ad37,64,424011,424011,424504,426377,493,493,0,0,0,0
424679,77305b09-e9bb-4124-9ed5-208d0dfd3028,64,423646,423656,424679,427303,1023,1033,10,0,0,0
424739,9e1fe00d-b53f-6bcf-998b-e20eae1ab3e8,64,423757,423776,424703,425507,927,946,19,0,0,0
424801,57be34cd-0097-119f-dabf-235693f12416,64,424195,424219,424801,426679,582,606,24,0,0,0
424905,a64b6e7c-788e-305d-73c4-c05fea1f123c,64,423809,423836,424905,425866,1069,1096,27,0,0,0
424970,66336acc-42f1-b080-032c-29131cb81c54,64,423688,423716,424970,427836,1254,1282,28,0,0,0
425030,e4b39d3b-98da-b3d5-81af-a603da0808ab,64,423691,423716,424981,427440,1265,1290,25,0,0,0
425309,050cc5c9-43aa-c481-dd53-78b550144e6d,64,401645,406578,425309,426146,18731,23664,4933,0,0,0
425594,7a2843cd-0149-f801-1ca3-4ac35e572795,64,423690,423716,425553,427613,1837,1863,26,0,0,0
425654,0365e037-9c12-8c8c-e69e-dcecf33a7ca0,64,425488,425534,425615,426412,81,127,46,0,0,0
425654,beba986e-18de-8172-2cf1-d4d4b842d1da,64,425474,425474,425618,426053,144,144,0,0,0,0
425654,4e060eb6-9478-f4e7-6e74-8cb2ecb41a66,64,425515,425534,425652,426484,118,137,19,0,0,0
425783,d9a1ff9c-b27c-0980-9c09-f5d3eb2cbaa7,64,425511,425534,425783,425897,249,272,23,0,0,0
425843,d45f4e88-a2ad-8001-e5d6-6e0c82d2c86f,64,425478,425534,425791,426251,257,313,56,0,0,0
426553,aa12a76a-4841-855f-5c56-294ac6b6bbd5,64,274008,285121,426553,504672,141432,152545,11113,0,0,0
426937,8aabf7fa-d527-feca-dd89-bea2cb2505c2,64,426875,426875,426937,427504,62,62,0,0,0,0
430353,06af9d77-608f-bc52-7787-3d6e80b1405e,64,398952,411188,430353,440490,19165,31401,12236,0,0,0
431606,557e1dda-0559-4f53-4928-17335ce04e6d,64,413328,415353,431606,526987,16253,18278,2025,0,0,0
432017,d800e8b4-f088-1acb-27a3-8cac124212bd,64,413286,417469,432017,560645,14548,18731,4183,0,0,0
437600,87df931e-b103-3d84-854a-c3ad4d67473d,64,396555,413514,437600,461616,24086,41045,16959,0,0,0
438246,d709299a-8ba2-3642-764c-9c4ee1123876,64,437894,437894,438210,441850,316,316,0,0,0,0
438306,ff7971c1-8bde-01f3-df51-1def077227e7,64,438057,438074,438255,440294,181,198,17,0,0,0
438366,bb6bb2e1-da37-202b-56b1-8d1ddd8d03d9,64,437975,438014,438335,439478,321,360,39,0,0,0
438479,072dfa7c-ffa1-ccb7-2990-df16e0b68a32,64,437894,437894,438479,441668,585,585,0,0,0,0
438544,05e48da5-611d-2121-e6c3-b25c56dec5d4,64,437935,437954,438544,441613,590,609,19,0,0,0
438604,da5ee1e5-70c5-08a2-7ff5-f4e5bb3ec0f8,64,438295,438306,438603,441785,297,308,11,0,0,0
439112,75878690-c098-ccb8-e606-689a2866865e,64,438035,438074,439112,440389,1038,1077,39,0,0,0
439172,0c4f8074-99ee-bc17-55ed-a3643a8cefa3,64,438186,438186,439119,441402,933,933,0,0,0,0
439172,2da3afef-6738-0aff-6693-75829a24f4cc,64,438049,438074,439162,439558,1088,1113,25,0,0,0
439520,5e905326-5ed7-58b4-eee5-17d0d5d52460,64,183428,227464,439520,411507,212056,256092,44036,0,0,0
439764,500644a6-e4db-c0af-0983-5528ac09287e,64,437945,437954,439764,440888,1810,1819,9,0,0,0
444698,4f87d2f0-a244-0b31-e95e-61132d597965,64,444302,444325,444698,452793,373,396,23,0,0,0
444937,5d37faa2-af44-de7d-b213-1be7e5bb5502,64,443915,443915,444937,448747,1022,1022,0,0,0,0
445489,cf58f794-efb8-912a-f7b6-f1bd8bdab294,64,444265,444265,445489,452218,1224,1224,0,0,0,0
445580,023c5873-2335-1bbd-298d-32803c4bf52a,64,443982,444035,445580,449735,1545,1598,53,0,0,0
445640,58e18877-1cb8-210a-4a68-20e96ba33654,64,444969,444997,445592,448689,595,623,28,0,0,0
445839,b14c2bff-f49a-2bc0-5974-62eeff2bc91f,64,445165,445165,445839,450860,674,674,0,0,0,0
446199,5f8c4058-53ed-a689-6efe-c901cc4110a5,64,443918,443975,446199,451548,2224,2281,57,0,0,0
446395,3c72a175-b976-fe55-bdce-14c2701bed94,64,444184,444184,446395,449509,2211,2211,0,0,0,0
446775,1b3846d2-4dbe-6166-ef4f-36542c0a34f0,64,444592,444592,446775,452078,2183,2183,0,0,0,0
447132,e6ef508f-1a05-ea1d-92df-661afb12cd53,64,445200,445225,447132,452260,1907,1932,25,0,0,0
448479,5d28e764-87ca-04e2-35e0-f23c50c1fa83,64,448204,448204,448479,448655,275,275,0,0,0,0
449011,d33623c7-8795-f716-65c4-250f58e6c4d8,64,437180,437233,448985,507941,11752,11805,53,0,0,0
449162,6e771bb4-c8de-6d9a-b4dc-f40a226282c1,64,449050,449071,449162,449949,91,112,21,0,0,0
450830,7369aa75-a58f-a359-f6e0-cd976ca2b374,64,448963,449011,450830,466668,1819,1867,48,0,0,0
451351,d8877704-2241-c62e-b947-c4b1ee205c11,64,451231,451231,451351,451893,120,120,0,0,0,0
451411,ac0dec49-56f6-bd6f-ef70-fd73d7b6146a,64,450875,450890,451380,451563,490,505,15,0,0,0
451850,125fb3c7-949e-44c5-6f86-d40b3274ac64,64,449928,449955,451814,451276,1859,1886,27,0,0,0
451910,a40122ea-0d7a-460d-889d-eda9e97781ba,64,451735,451790,451857,452205,67,122,55,0,0,0
451910,11cb125c-0a83-aff7-dfdd-d17290eac62b,64,451785,451790,451858,452527,68,73,5,0,0,0
453304,244c0e75-2370-bde5-b460-33bc118c405f,64,450365,450380,453293,468972,2913,2928,15,0,0,0
455417,60c9cd86-0298-8d58-4b23-4b856c34cde3,64,450418,450440,455417,466150,4977,4999,22,0,0,0
456288,77311621-1112-1d17-42e9-ed7e6b20ae34,64,454467,454467,456288,469180,1821,1821,0,0,0,0
456560,d86b9cc2-491b-0939-49f3-8e075bc8a387,64,451620,451620,456560,472277,4940,4940,0,0,0,0
457726,7d2eb0e7-f683-29a9-9c6d-b523cc5314d1,64,450216,450216,457726,465324,7510,7510,0,0,0,0
457896,62c5a437-049a-efb3-0e60-5f777bb82eb6,64,454981,454981,457896,470609,2915,2915,0,0,0,0
458743,8ddde85e-1ab0-76b4-bc11-0b9ab61963b3,64,453830,453830,458743,470255,4913,4913,0,0,0,0
458987,00f08670-627b-d890-01bd-530ba64768e7,64,448402,448402,458987,463584,10585,10585,0,0,0,0
459709,588f4d62-f179-f085-31c4-551890806b36,64,450320,450320,459709,468780,9389,9389,0,0,0,0
460497,19b278ef-a627-9d68-130f-5f37a9c1c22a,64,449696,449696,460497,468833,10801,10801,0,0,0,0
460557,5ad261f0-859c-e03a-decf-c3e6e7be6255,32,449429,449429,460498,473837,11069,11069,0,0,0,0
460723,47aa133f-0d41-79c6-3175-3b345fb5a42c,64,454760,454760,460723,469229,5963,5963,0,0,0,0
461329,8dca6314-bd9c-7428-f21e-62f096ecc779,64,448753,448777,461329,466082,12552,12576,24,0,0,0
462049,eb45c968-0e4b-a9c1-e23a-8d84370cc3b0,64,451007,451010,462049,473194,11039,11042,3,0,0,0
462339,bd1f389c-c9d7-5e9c-d02c-2afb03f378e2,64,453244,460497,462339,476611,1842,9095,7253,0,0,0
462399,a3c72b7b-c900-5c2a-2bb7-33763b38644e,64,454551,458987,462353,475705,3366,7802,4436,0,0,0
462653,cdf1c517-7973-f3c2-b807-1c7cb7417bd0,64,450113,450133,462653,471686,12520,12540,20,0,0,0
462729,72eafbd5-5011-ede9-0fc6-82aaee13abc2,64,454485,457726,462729,473829,5003,8244,3241,0,0,0
463530,35b0f587-31c5-33f0-8b3c-b58a4dc1ba0d,64,452823,460723,463530,476646,2807,10707,7900,0,0,0
465155,6b532d56-e9a7-0b90-aec7-67874a8e8401,64,451261,462339,465155,477891,2816,13894,11078,0,0,0
465215,b22cf85e-c515-6bb7-7b3d-d62d291091a1,64,452314,462399,465197,477982,2798,12883,10085,0,0,0
465275,058c984b-08d9-3dba-11a2-b599f42d59ad,64,452509,452520,465231,473669,12711,12722,11,0,0,0
465457,80393171-aba7-ab09-12ab-88b59cea2e50,64,451316,462653,465457,478672,2804,14141,11337,0,0,0
467470,289dfa8d-1c6f-f259-0077-edf0f3ab3760,64,451730,451730,467470,475485,15740,15740,0,0,0,0
467597,dd50a4d5-3e1c-6199-1dae-4558e4d34c3a,64,449183,449222,467597,481121,18375,18414,39,0,0,0
467873,9841d8fd-cc14-b1d3-cc47-73fe7583912a,64,452471,453304,467873,474249,14569,15402,833,0,0,0
468267,88e8bc61-d98c-f8ef-35dc-c71d7893251f,64,449468,449489,468267,465914,18778,18799,21,0,0,0
468678,fd65bfb2-f0b0-aef9-e746-3259ec4ff3b0,64,448850,448850,468678,482362,19828,19828,0,0,0,0
469400,ba35f14a-3b83-c004-f8b5-2c4f689527ce,64,449895,449895,469400,481666,19505,19505,0,0,0,0
469510,93a55031-bbb4-007c-c5a3-522c6ecac687,32,453553,463530,469510,481000,5980,15957,9977,0,0,0
469744,9c7c8a30-f910-2661-2fdb-5d9ab8ee5143,64,449541,449549,469744,477168,20195,20203,8,0,0,0
469804,556a705c-05eb-2b2b-e8de-eaef46b6b6f8,64,450465,450500,469772,472390,19272,19307,35,0,0,0
470084,1eace99a-ca4e-4c31-264c-36cce50ebfd3,64,452880,468267,470084,483561,1817,17204,15387,0,0,0
470195,d2dab21f-73fd-be79-c4b1-9c44357b8f41,64,452537,465275,470195,481994,4920,17658,12738,0,0,0
470255,50befcdc-dedc-4d7d-8908-caec98021a68,64,452460,465215,470202,481899,4987,17742,12755,0,0,0
470406,46c4b25e-f177-5616-1888-35a6af1e06b8,64,450378,467597,470406,482603,2809,20028,17219,0,0,0
470487,b27dc823-a7e1-4b7e-2871-a2c183357e03,64,451745,451790,470487,470661,18697,18742,45,0,0,0
471363,fe8c3408-d86b-1fc3-cc9d-593a89992d38,64,450971,451010,471363,476705,20353,20392,39,0,0,0
471478,b148dc35-d3ee-fdd0-7a9d-6a6378e34025,32,451850,465457,471478,482085,6021,19628,13607,0,0,0
472016,02b039eb-61e1-fd6a-8d33-01092c517190,64,451959,470195,472016,485781,1821,20057,18236,0,0,0
472184,76552c72-acd6-3eea-4347-35d5413c4d71,64,453451,459709,472184,476176,12475,18733,6258,0,0,0
472750,76e55e86-a371-384a-7e59-b713ddaed6da,64,449470,449489,472750,483598,23261,23280,19,0,0,0
472844,d432cf0f-f841-67f4-019c-b1ef217624c1,64,454783,467873,472844,483232,4971,18061,13090,0,0,0
473182,40870bbc-a578-af2a-2e34-b40ae73289af,64,454345,470255,473182,485804,2927,18837,15910,0,0,0
473544,7f5c9d70-26a1-7c2e-6145-cec278893f47,64,451037,462729,473544,479539,10815,22507,11692,0,0,0
474032,2a18d913-cf64-20b9-01a3-a94aa0c6f602,64,449518,449549,474032,488263,24483,24514,31,0,0,0
474708,6d895c61-2740-5cef-f629-26d6aaa0f12d,64,451083,469744,474708,484085,4964,23625,18661,0,0,0
475083,b90518f5-0c3d-9d51-8a73-9cbdf5e5efe4,64,454782,473182,475083,488605,1901,20301,18400,0,0,0
475143,d28d3a3c-46ac-3cc7-7b4f-e86feb9a9719,64,450880,470084,475105,484871,5021,24225,19204,0,0,0
475607,b6caf8ec-19c8-cfb2-c641-df762cf60dfb,32,450656,469510,475607,483965,6097,24951,18854,0,0,0
475784,554150d9-7d7a-52de-c319-1825d04a3eed,32,454847,469804,475784,484190,5980,20937,14957,0,0,0
475844,978ae488-ba33-b520-34f7-bdc7af801060,32,454996,469804,475791,484423,5987,20795,14808,0,0,0
475995,38319165-084e-ca09-d06b-4b96ce25d914,64,450373,474032,475995,488884,1963,25622,23659,0,0,0
477196,58031054-c42d-58bd-f9cb-c1a9cb35e974,64,453391,472184,477196,487671,5012,23805,18793,0,0,0
478054,cf311c4e-5fe3-1175-e683-09e44bb9b27c,64,451373,470487,478054,487018,7567,26681,19114,0,0,0
478529,272c3302-5b8e-d82d-75db-62beaaa56741,64,478462,478462,478529,479350,67,67,0,0,0,0
479037,13d58a7b-f6d4-d1cc-9dc6-f5a72249ef9f,64,453954,475995,479037,491069,3042,25083,22041,0,0,0
480049,efe0b6fa-ca22-f4ce-7e00-4f6c457e6115,64,454636,475143,480049,489871,4906,25413,20507,0,0,0
480757,9205c1a8-e8f2-847b-c812-eca83d56dcf9,64,449609,449609,480757,487213,31148,31148,0,0,0,0
480817,66fab1a9-b632-5c97-05c2-e25b52b251e2,64,452627,475844,480762,490406,4918,28135,23217,0,0,0
481053,78e4bae7-eb33-050a-3e3b-e536929ab0ea,64,452572,470406,481053,486956,10647,28481,17834,0,0,0
481351,ef4a284b-e713-898a-7d01-bc2a176d2d9d,64,448987,449011,481351,491604,32340,32364,24,0,0,0
481832,7ac6fd98-1cd7-6161-7506-faea0e076c42,32,450926,475784,481832,490210,6048,30906,24858,0,0,0
482012,d6353786-5b05-17ac-08a9-9adace742da2,64,452688,469400,482012,483850,12612,29324,16712,0,0,0
482242,f9231889-a42e-9ab6-1c69-9235737e5670,64,437218,437233,482242,471697,45009,45024,15,0,0,0
482302,e1f9c456-de70-64b1-0193-bdee2fbd641d,64,448565,448565,482277,488503,33712,33712,0,0,0,0
482849,ae689ae4-0da0-c757-df4b-414309363d9c,64,448717,448717,482849,489639,34132,34132,0,0,0,0
483307,d0c86a07-4a97-563b-6d1d-cd3b4e5a2bdf,64,448951,448951,483307,491836,34356,34356,0,0,0,0
483686,7e81c016-8dfe-da12-3126-78ccd19eea0a,64,454174,480757,483686,496570,2929,29512,26583,0,0,0
483815,e3593376-34c5-058f-b161-c41fa5e7a5ab,64,483551,483551,483815,488850,264,264,0,0,0,0
483925,2be927d1-a120-5558-b113-761699dcd353,64,453017,471478,483925,487047,12447,30908,18461,0,0,0
484113,4fdc9955-738c-5574-0df8-65ef4b43faa0,64,450073,473544,484113,488694,10569,34040,23471,0,0,0
485070,13a20dc8-c649-5fd2-e708-4af7ff600d29,64,450073,480049,485065,491915,5016,34992,29976,0,0,0
485377,76ad75a0-d3d4-16ee-9e4a-03f5638ac8bc,64,485253,485310,485377,485863,67,124,57,0,0,0
485437,d40aad00-19c5-d8f4-a172-0048995a2ffe,64,449511,449549,485399,491771,35850,35888,38,0,0,0
485659,59da8977-2dcc-0f8a-8dd6-7bedd9e4ea7d,64,453991,475083,485659,489757,10576,31668,21092,0,0,0
485726,44d2eb69-4a16-8f10-4545-93844669967b,64,485468,485497,485726,486578,229,258,29,0,0,0
487372,f21cdb73-f9f6-9945-5ff5-32eb244a773e,64,485547,485557,487372,502509,1815,1825,10,0,0,0
488045,6e5e9e9b-c7f0-29f1-159f-fb6b07125fac,64,485250,485250,488045,502511,2795,2795,0,0,0,0
488901,4ee69bf6-4e58-a8ec-2a92-33eff1e6e9c7,64,487021,487067,488901,505876,1834,1880,46,0,0,0
489205,b9953d87-0a33-52b9-dae9-361f8f77902d,64,485919,485919,489205,504927,3286,3286,0,0,0,0
489910,5f60e454-2021-e894-ff19-3412e12d0486,64,486549,486582,489859,502229,3277,3310,33,0,0,0
492138,b1668917-e63d-7056-f8ba-814e53eac153,64,487139,487139,492138,503236,4999,4999,0,0,0,0
492317,9b7855ee-b372-4c4f-7121-22e088a596dd,64,492232,492232,492317,493379,85,85,0,0,0,0
492542,c0eda35d-fbbe-fb9b-0eb4-bfa8fe3636be,64,492445,492445,492542,493108,97,97,0,0,0,0
492996,d8721d37-c8b6-e321-4059-6fb9361ac154,32,487007,487007,492996,506688,5989,5989,0,0,0,0
495341,175e6704-ae32-057f-afce-592b0f58731b,64,489377,489377,495341,505900,5964,5964,0,0,0,0
495401,3e312214-46b4-1607-316c-7f7821a11d02,64,490325,490357,495344,507184,4987,5019,32,0,0,0
495461,4c233b2a-ceff-5378-9763-7103a5e542e5,64,487909,487909,495418,503454,7509,7509,0,0,0,0
495861,5224ded2-c9b7-d63a-a7dd-82fe530f2e61,64,437173,437173,495861,487019,58688,58688,0,0,0,0
495921,015c3432-083a-29aa-e181-2c7123835790,64,485002,485010,495900,505538,10890,10898,8,0,0,0
496020,74a8b3d9-fd19-aef3-266c-c7283e2ae9f3,64,485148,485148,496020,504707,10872,10872,0,0,0,0
496581,356ba5af-2d78-c99c-228a-6b5cc53c8e17,64,491616,491616,496581,507719,4965,4965,0,0,0,0
497175,22e4bb94-b361-15aa-9269-d50b38942dba,64,484521,484521,497175,508459,12654,12654,0,0,0,0
497306,6b63b859-fd47-f92f-8cd6-faa7f96b9125,32,485793,485846,497306,511353,11460,11513,53,0,0,0
497681,6b7bd311-6b29-8265-95bf-5ee424a361cd,64,491713,495861,497681,511720,1820,5968,4148,0,0,0
497992,baf3796a-3a80-bf4e-7fdb-ba6520a5e161,64,488602,488602,497933,504850,9331,9331,0,0,0,0
498073,896557fe-cb66-71e0-9811-30761656b872,64,486308,486308,498073,511986,11765,11765,0,0,0,0
498490,935dbdee-5b77-e403-f56a-829141a5ce3e,64,497932,497932,498478,498585,546,546,0,0,0,0
499144,2ea87cb3-cff2-7502-e4ed-20930efe9557,64,485962,485979,499137,509499,13158,13175,17,0,0,0
499390,dbd51971-2425-2dff-bd10-1d5844ec890c,64,490912,496581,499390,512657,2809,8478,5669,0,0,0
499937,3385f029-e98a-3387-e8a5-3443949a02aa,64,30772,95727,499892,412762,404165,469120,64955,0,0,0
500212,2703a4dd-c981-dd1e-21f2-4536afe7231a,64,490933,490972,500199,509017,9227,9266,39,0,0,0
500318,bd9b71bc-c4a9-d4fe-f0b3-66c77395fea8,64,500045,500045,500318,500882,273,273,0,0,0,0
500573,b8ad68ae-9498-70ec-ba9c-077180600e32,64,487964,497681,500573,518064,2892,12609,9717,0,0,0
500861,a3b9f636-711e-464e-5602-4e3c173d8e9c,32,490371,490417,500861,509732,10444,10490,46,0,0,0
500921,7f8f9d42-4158-1c46-1e85-0f37dbc78abf,64,486569,486582,500892,510554,14310,14323,13,0,0,0
500998,e69ac57a-fc42-af3e-bf87-ae9ff9895a3c,64,486059,486059,500998,509698,14939,14939,0,0,0,0
501058,4ebd5375-382a-6372-1d8e-90a154d39c23,64,490393,490417,501018,504822,10601,10625,24,0,0,0
502119,4d1a9c22-0138-927a-0d3a-19b45d372281,64,491087,497175,502119,516255,4944,11032,6088,0,0,0
502453,b6a84ff8-0aa0-2b9d-406e-0bbc7cbf7376,64,486803,486803,502410,511819,15607,15607,0,0,0,0
503848,f41881a5-995b-3474-85f1-36f5bd34739b,64,488303,500998,503802,521933,2804,15499,12695,0,0,0
504196,700b8d62-cb7a-43cb-f7cd-0ea22c67bfea,64,484932,484950,504196,521832,19246,19264,18,0,0,0
504974,8949527c-e85b-48da-4b21-42dd6cbe1954,32,484669,484669,504974,521810,20305,20305,0,0,0,0
505378,4f4ff73a-e510-6903-c2bd-4fe437ccf027,64,502514,502573,505378,519622,2805,2864,59,0,0,0
505469,6240d7eb-8e15-b80f-07a6-d638c63e48d3,64,484867,484890,505469,523711,20579,20602,23,0,0,0
505567,85665f5e-3f13-6180-7a39-460239a194c5,64,485923,485979,505567,517051,19588,19644,56,0,0,0
505965,b36f988b-af46-4e02-7597-433fa2fd43d7,64,505572,505627,505912,509514,285,340,55,0,0,0
506078,4072444b-2768-73b0-1ae0-a4f76f6e68d0,64,487423,487432,506078,506627,18646,18655,9,0,0,0
506207,81e5d6d2-0423-cede-601f-ade2fb83ad89,32,499730,499937,506207,521421,6270,6477,207,0,0,0
506540,5ad4a6f7-b34c-2686-dfc5-08fa2018d413,64,487445,500573,506540,521490,5967,19095,13128,0,0,0
506689,766715c5-5b81-c9c0-da5c-49333bac037d,64,506114,506138,506689,507417,551,575,24,0,0,0
506859,4330dfe0-e317-11eb-6331-c5db1705d8e7,64,501958,501958,506859,517991,4901,4901,0,0,0,0
507238,ebd2a60e-b7e0-8c29-6555-3d490a8021c8,64,490722,505378,507238,524027,1860,16516,14656,0,0,0
507822,f0c973d0-d66f-a9b5-fb62-ed22b949fb5a,64,490427,498490,507822,518747,9332,17395,8063,0,0,0
508071,604fc756-b125-fac5-35ae-79502e2d90c2,64,484830,484830,508071,525306,23241,23241,0,0,0,0
508454,82ed1c1f-864a-8c7c-ae30-fc1996f62b22,64,499068,505469,508454,524577,2985,9386,6401,0,0,0
509114,08e2aeb5-f154-a41a-8083-ee007ed46135,32,503115,503115,509114,520967,5999,5999,0,0,0,0
509915,5de64d36-6e64-8059-cb49-0bd549669ad8,64,491199,491199,509915,507296,18716,18716,0,0,0,0
510168,06cf5048-8286-ea1d-d392-504056c36272,32,502731,504196,510168,522687,5972,7437,1465,0,0,0
510332,f70a9ef9-0158-d3a7-6715-0d5d761b2fc6,64,485759,485786,510332,525618,24546,24573,27,0,0,0
510519,e5288299-3d00-d342-9427-b907be0c4329,64,499020,501058,510519,522307,9461,11499,2038,0,0,0
510617,ded5c14d-eb32-680d-1dd0-646d9272227a,64,491308,498073,510617,518477,12544,19309,6765,0,0,0
511835,f2c729ae-0fc9-1e7d-d556-5226a16beccc,64,488773,505567,511835,525025,6268,23062,16794,0,0,0
513081,41999908-1cb5-c5c3-d1f6-3c2801b652a9,64,487429,502453,513081,522589,10628,25652,15024,0,0,0
513809,7d0dea42-ee38-c187-fe09-a14966c81777,32,486063,507822,513809,525986,5987,27746,21759,0,0,0
514231,d83550d4-7da0-24bc-5de7-39d1613bf82d,64,491391,506689,514231,525328,7542,22840,15298,0,0,0
515220,a4565c28-b0a1-e1f2-1d28-8158cfef3645,64,437211,437233,515220,506521,77987,78009,22,0,0,0
515280,da151a1c-6ac6-81d5-aabc-26cf21730fb8,64,498372,510332,515253,526893,4921,16881,11960,0,0,0
515468,7be2db95-7dd5-9615-f825-0f9cd6b5302a,64,499242,510519,515468,527067,4949,16226,11277,0,0,0
516080,f260f5e1-c37a-8214-c4f1-c39a5d55e3c2,64,515928,515928,516080,517254,152,152,0,0,0,0
516383,28db7e41-d833-2d09-c312-5ed9b93bb3ac,64,515968,515988,516383,516804,395,415,20,0,0,0
516459,c90c407f-b686-321f-0f43-66b309a61cbe,64,489842,513081,516459,527163,3378,26617,23239,0,0,0
517133,6dedabb1-262b-f79e-8605-7a6059bc3b00,64,488317,507822,517133,525986,9311,28816,19505,0,0,0
517714,c2e3cf69-714f-0b35-8633-f7b6b1f1b0e9,64,486728,486728,517714,519004,30986,30986,0,0,0,0
518652,3b6c7322-6a42-40ec-012b-75c397693e17,64,491425,515280,518652,528002,3372,27227,23855,0,0,0
518712,e3d89c0e-df64-6d45-581b-455afc6295ad,64,485935,508071,518662,526079,10591,32727,22136,0,0,0
518804,515e6ba5-94e2-43e6-ba74-b0c41f65ef7f,64,500152,500152,518804,514776,18652,18652,0,0,0,0
519156,1a6d35e8-09bb-158d-9f9b-01eebe2dc5f8,64,485830,485846,519156,526536,33310,33326,16,0,0,0
519479,a59dc0d2-d371-37b0-6e02-b4b3eb5bbc12,64,486308,506859,519479,525564,12620,33171,20551,0,0,0
519539,89417c21-0bc8-5cdd-ca24-18bc3645e46f,64,489913,510168,519534,526736,9366,29621,20255,0,0,0
519751,eb3ffd6b-0290-178c-6c84-815a34c3171b,64,487428,516459,519751,528332,3292,32323,29031,0,0,0
519865,b3786340-0c92-695d-86c4-a0d1972944a6,64,503049,510617,519865,527100,9248,16816,7568,0,0,0
520870,cecd89c6-7f2f-73e9-9f8b-85c1e3f54d08,64,520690,520690,520844,522533,154,154,0,0,0,0
520990,3b7b9acf-b222-1cdc-a457-5d9cdf0b12bc,64,498639,508454,520968,526413,12514,22329,9815,0,0,0
521110,4bd7d8cc-c677-762f-b599-00be8582de42,64,520882,520930,521078,523461,148,196,48,0,0,0
521170,dc57066b-b148-af78-298b-09eb21c1505d,64,520551,520551,521138,522803,587,587,0,0,0,0
521170,d92bf054-6142-a878-3b81-f50122699844,64,520700,520750,521147,523324,397,447,50,0,0,0
521622,0a28ea72-1144-50ff-610f-9fd260c4fcb5,64,520746,520750,521622,523001,872,876,4,0,0,0
521682,c831ceec-3d49-b491-fb68-7cfabde4a79e,64,520760,520810,521642,523847,832,882,50,0,0,0
522110,840a5883-6954-c1dd-e256-13edc4e4db93,64,521171,521230,522110,522883,880,939,59,0,0,0
522239,459471a9-9919-04d7-024f-e41117e3f93c,64,521389,521389,522239,524007,850,850,0,0,0,0
522451,6ae2ea5b-7b8a-50aa-ecb5-9e77079bcb89,64,499187,511835,522451,527126,10616,23264,12648,0,0,0
522511,70457af6-6f90-2bac-db57-c26e1a91e035,64,522028,522028,522502,524595,474,474,0,0,0,0
522571,f43780ca-56c6-b2fd-5a78-7de5000ee577,64,520999,521050,522567,523638,1517,1568,51,0,0,0
523452,ae818c48-6670-a982-c169-b2f6d52f180b,64,498370,519479,523452,530541,3973,25082,21109,0,0,0
523707,5b5c3f1b-4211-c342-b317-9b6d4ed6780f,32,490297,517714,523707,529559,5993,33410,27417,0,0,0
524564,5c2c5da9-4a3d-7f9b-e65d-4fc61e2c9740,64,486532,515220,524564,527829,9344,38032,28688,0,0,0
524657,bb818185-9d73-126f-78bf-4627e71f5533,64,487061,518712,524657,529594,5945,37596,31651,0,0,0
525221,f99c1f77-a863-8035-daad-bff8e0de1041,64,525090,525090,525221,526081,131,131,0,0,0,0
525453,1d2751ba-cae0-e82c-7b6e-3a5369cbbb9b,64,525138,525150,525453,525982,303,315,12,0,0,0
525554,036fb2d6-9910-1fd2-7bd5-b2ca3a2d489b,64,525357,525357,525554,525827,197,197,0,0,0,0
525953,5fb7d2ad-2d81-cd61-03ed-35f4ad28eef9,64,525867,525867,525953,526940,86,86,0,0,0,0
526270,ca673b20-a805-f316-b5a3-cb9e43968303,64,526129,526129,526270,526823,141,141,0,0,0,0
526491,f14f3513-a7fb-0bb1-4b79-246dbe08f34c,64,526188,526189,526491,527144,302,303,1,0,0,0
526625,d53d815a-9164-3cee-2f09-5e542e40aa31,64,526508,526551,526625,527043,74,117,43,0,0,0
526745,4c5d95ab-67f8-4194-7693-42a65a9cccef,64,485822,485846,526709,528120,40863,40887,24,0,0,0
526947,b2c2e6e8-6f71-3831-2c3a-c8639367d643,64,499825,517714,526947,529579,9233,27122,17889,0,0,0
527191,1c0a7229-946f-4889-f426-5aec942e462c,64,526682,526685,527191,527638,506,509,3,0,0,0
527426,3d248cfc-df3a-9f1e-7b13-b4ca64589e55,64,504357,522511,527426,532060,4915,23069,18154,0,0,0
527720,9f248a66-b0cd-648a-d330-7342e8afd491,64,501556,517133,527720,529359,10587,26164,15577,0,0,0
528479,6221520c-17ca-2bba-e19d-5c26383a6364,64,528419,528419,528470,528935,51,51,0,0,0,0
529553,34e28f22-4765-6f30-409b-bdcfed152f68,64,491407,518652,529553,529585,10901,38146,27245,0,0,0
529613,ea343c80-124b-f578-65f5-cd592e32b721,32,529399,529399,529559,530042,160,160,0,0,0,0
529673,8a48d80d-9f85-aa93-58d0-0ff06905893d,64,486522,518804,529630,529633,10826,43108,32282,0,0,0
529933,255ab433-b25a-d18d-f3b1-8217a7d31a27,64,529856,529856,529933,531019,77,77,0,0,0,0
530262,7eb60d01-e87b-c035-f17c-81796d6af693,64,505905,527426,530232,538566,2806,24327,21521,0,0,0
530585,32f2697c-4c37-c7d3-beed-10d5bf084d94,64,499817,527720,530585,539496,2865,30768,27903,0,0,0
531253,18c24459-fe6f-e7bf-20a2-b8dac2a8b72a,64,502332,519539,531232,530545,11693,28900,17207,0,0,0
531721,bd7a7629-a808-7893-ed50-531a6e72ec47,64,499052,526947,531721,537639,4774,32669,27895,0,0,0
531901,f3e3520f-53ad-d3c8-e76b-5ab0697b8b3a,64,530908,530927,531846,539218,919,938,19,0,0,0
531961,5b373841-e0c5-e629-5416-378103200515,64,499053,524564,531930,534141,7366,32877,25511,0,0,0
532141,73555926-ee2b-57c0-4761-476834abf867,64,489790,519751,532113,531245,12362,42323,29961,0,0,0
532495,51d72357-4de7-c9a7-0c85-f2e5b67046a5,64,530867,530867,532495,538509,1628,1628,0,0,0,0
532675,ced8a6f3-1a81-27cd-7a73-e14c8a1e7f45,64,490020,519865,532616,531259,12751,42596,29845,0,0,0
532675,9961fd4d-4470-b91c-6418-0948d04ed2e1,64,530598,530645,532656,540955,2011,2058,47,0,0,0
532891,51fb8d1c-65e8-6cc3-454b-735676bb8f94,64,530202,530202,532891,541923,2689,2689,0,0,0,0
532951,c4bdccad-9405-3a65-9d4c-838bf776a177,64,490519,514231,532934,527404,18703,42415,23712,0,0,0
533071,cb8b2d29-e52c-d765-78c4-cfcf6f4140da,64,490313,522571,533056,532308,10485,42743,32258,0,0,0
533251,53817689-11a3-ce27-bf7f-d74b41f84ff4,64,501441,529673,533250,542042,3577,31809,28232,0,0,0
533704,55a0b73a-bd3a-15d1-300d-26256f4aa936,64,498952,529553,533704,541790,4151,34752,30601,0,0,0
533764,f698d7e3-71c2-b4e3-f1f8-a6572bda327a,64,531187,531253,533725,540938,2472,2538,66,0,0,0
533764,1e0071c1-afcf-b30f-a70a-d5c0d17a322f,64,533550,533550,533736,534043,186,186,0,0,0,0
533884,6bf5e27d-84c6-cb58-21f5-ddb3901940da,64,530782,532951,533858,542794,907,3076,2169,0,0,0
534368,d332250e-b9e6-3e32-57b3-42d62e0bb1ac,64,531315,531901,534368,541146,2467,3053,586,0,0,0
534485,66b5ec34-ff1e-66f1-e8ab-5d67e766f1df,64,531945,533071,534485,543214,1414,2540,1126,0,0,0
534905,bca50b74-93d5-d6d3-ce18-4b8d91d0feda,64,531114,531133,534864,538772,3731,3750,19,0,0,0
535255,903478f6-31b2-a8fd-b5cf-af92bb91a08c,64,532786,532786,535255,541020,2469,2469,0,0,0,0
535416,491a6d7b-2f76-0d88-5bc8-5343204a9a76,64,533037,533764,535416,543783,1652,2379,727,0,0,0
535533,765ce9a8-a48f-b312-4038-59c9610aa8ca,64,532358,533884,535533,544420,1649,3175,1526,0,0,0
535775,278e2213-ccbd-d6bf-7ddb-b3f15452768e,64,530912,534368,535775,545038,1407,4863,3456,0,0,0
535951,73d7ddbd-7abd-cdfc-97dc-03e5a489517d,64,535602,535602,535951,536261,349,349,0,0,0,0
536294,9849f0af-3fd5-ec02-673f-ccb34c58f9d3,64,502509,524657,536288,535788,11631,33779,22148,0,0,0
536416,07ccd8a1-a708-e874-cb24-3856d00bc2a4,64,534863,534905,536416,540890,1511,1553,42,0,0,0
536717,720c9b8b-266d-3a1a-b1d9-f69eead38da1,64,502828,533251,536697,543215,3446,33869,30423,0,0,0
536929,98dd37fb-f9de-6088-a2ce-5845ecf60d17,64,531435,535416,536895,545969,1479,5460,3981,0,0,0
536989,d17240a1-7aba-0c79-79b0-a2faa64a60f0,64,533085,534485,536951,545164,2466,3866,1400,0,0,0
537109,27864a50-709c-4807-7b8f-787790939880,64,536869,536869,537056,538144,187,187,0,0,0,0
537513,fb10c215-5036-1209-c19d-8b9d0e7c9e99,64,531152,531193,537468,540277,6275,6316,41,0,0,0
537633,636ce444-76b0-305a-4cac-ae5265d68bf4,64,537080,537109,537631,538568,522,551,29,0,0,0
537693,fed45978-c9ce-72b2-e9ba-3f8c465e4f14,64,537252,537252,537656,537921,404,404,0,0,0,0
537761,58581f87-2721-97ef-2fc6-861beed82482,64,537045,537049,537761,539036,712,716,4,0,0,0
537828,b7a8e7ab-35ec-6e9b-15f2-645ba19fbf96,64,537074,537109,537828,538330,719,754,35,0,0,0
538287,af59464d-9ac1-9bc3-5e22-bbf581dbdd7f,64,534094,536717,538287,547923,1570,4193,2623,0,0,0
538396,105d8877-2d48-3148-f17a-873ab1af1e6e,64,531070,535951,538396,546063,2445,7326,4881,0,0,0
538641,d8c32aaa-ce56-96e2-1d66-357981c13c38,64,530602,535533,538641,546043,3108,8039,4931,0,0,0
539121,123aa78f-7b87-eafd-01b7-b12583ce1aa7,64,534862,536416,539121,546592,2705,4259,1554,0,0,0
539283,4fc994e3-511e-f842-4954-07651e3156f4,64,531078,537828,539283,550983,1455,8205,6750,0,0,0
539718,615ee346-ef2f-e49a-934e-a906f39b130b,32,531795,536416,539689,546184,3273,7894,4621,0,0,0
540113,661fd98a-cffc-8012-7f6a-78bcf2a5d823,64,501963,530585,540113,542099,9528,38150,28622,0,0,0
540581,2b1f5740-7546-3944-b58d-fd77597c2fdd,64,534641,539121,540581,551883,1460,5940,4480,0,0,0
540643,92556c5b-c5f5-4b97-76d2-8c78ba7af9dc,32,536480,536989,540643,547988,3654,4163,509,0,0,0
540733,7d12066d-da0a-317f-dbc2-4fedef147354,64,533102,535255,540733,545421,5478,7631,2153,0,0,0
541375,c4b9c738-195f-a35b-4ec1-2d3050d88a1e,64,532330,538396,541375,551516,2979,9045,6066,0,0,0
541477,1d4be658-bf33-f21d-54c9-d67682395419,64,531018,537761,541477,549254,3716,10459,6743,0,0,0
541598,a99aee60-510c-8075-c0c2-fd1f03589f49,64,531796,536294,541598,546178,5304,9802,4498,0,0,0
542005,2586fdeb-3c30-e141-13c0-9e38e0146d1e,64,533156,540581,542005,553632,1424,8849,7425,0,0,0
542206,34d9dc10-f178-a50b-676c-23dde8196329,64,502393,523452,542206,532798,18754,39813,21059,0,0,0
543060,a4393a31-727b-78e1-1e66-41880b5ae2c6,64,531365,539718,543060,552164,3342,11695,8353,0,0,0
543120,0063f1b1-aaca-638e-a822-d585cd5eb63c,64,530885,540113,543087,552373,2974,12202,9228,0,0,0
543659,32884a0d-0f83-c871-aaf3-72878ff95ca2,64,499477,532675,543659,542181,10984,44182,33198,0,0,0
543826,f45d0e45-fe8b-16ea-b774-f20dce65ea6e,64,534075,541375,543826,554930,2451,9751,7300,0,0,0
543886,65f95645-f649-957d-1c88-3c0d0ce7321e,64,532981,542005,543871,556423,1866,10890,9024,0,0,0
543946,039f6544-dd9e-7872-1e4d-4d69564b86ba,64,531966,538641,543946,551822,5305,11980,6675,0,0,0
544337,37f0a0c2-1955-3818-1d24-c5df92f50f76,64,534790,543120,544337,558803,1217,9547,8330,0,0,0
544560,7ea4f21d-e3f2-94df-7702-b97521adcd23,64,531013,539283,544560,552000,5277,13547,8270,0,0,0
544652,619f55a3-e51a-4d6e-ec18-6db65c51b7ab,64,531367,538287,544652,551222,6365,13285,6920,0,0,0
544756,1602d26e-8c6d-9e0c-9ac1-b39302820ac4,64,508711,527191,544756,538130,17565,36045,18480,0,0,0
545343,34cbe0a8-eb81-06d6-ffde-9bf2d1ee0565,64,544149,544149,545343,560940,1194,1194,0,0,0,0
545441,ddaf322d-2479-08f5-a520-aed326749bd9,64,532527,540733,545441,553899,4708,12914,8206,0,0,0
545599,5b93e752-769c-b766-da23-d747a1e376d1,64,544155,544209,545599,560434,1390,1444,54,0,0,0
546284,357e49f3-2d61-0f83-9f91-3753dd104fdc,64,501673,533764,546284,543484,12520,44611,32091,0,0,0
546355,9113d6d9-0ff3-a4c6-2d7d-ac84968227fa,64,539043,543060,546355,557190,3295,7312,4017,0,0,0
547581,2b195f4d-f752-60c3-89ec-c7889c236e91,32,532558,541598,547581,555931,5983,15023,9040,0,0,0
548243,293070ff-cefc-0ef3-2997-e344eab686a1,64,547639,547641,548243,552747,602,604,2,0,0,0
548642,337c790f-d849-b039-e1e5-8d6a90f0ece1,64,548582,548582,548633,549691,51,51,0,0,0,0
548775,e7421df5-ae21-d937-36a3-60d356db860e,64,536234,543826,548726,560283,4900,12492,7592,0,0,0
548939,7e278243-3562-e1d4-68fc-f0b90fd79677,64,548715,548715,548939,549625,224,224,0,0,0,0
549892,67ef2f36-5cab-593f-d1e0-280d9fb241e5,64,549749,549749,549892,550510,143,143,0,0,0,0
550179,05844919-e187-f817-4c05-b27b369d906e,64,540215,543886,550179,563628,6293,9964,3671,0,0,0
550521,470d3c42-ca75-5094-88a0-755a74a9d143,64,550401,550401,550486,551203,85,85,0,0,0,0
551006,6ab7520d-2545-62e1-68e4-1ff60f0e6459,64,550458,550461,551006,551622,545,548,3,0,0,0
551117,d532cdf5-8e80-ea62-1037-9dc6dc521514,64,550618,550618,551117,551682,499,499,0,0,0,0
551414,c3a834cf-61df-b58b-4d6f-29b12c2f968e,32,538464,545441,551414,565923,5973,12950,6977,0,0,0
551696,58d6fa60-1314-3ae8-6759-3446ed4d687f,64,551445,551474,551696,551898,222,251,29,0,0,0
551884,a2fd7121-2856-27b0-207e-0952d2a76027,64,551796,551796,551884,552516,88,88,0,0,0,0
552079,85d2cb1a-2642-9a41-6b09-b04dc85ad259,64,534677,541477,552079,555259,10602,17402,6800,0,0,0
552223,612f17ab-1355-0d40-2865-cb3ac12ef23d,64,544158,544337,552223,562177,7886,8065,179,0,0,0
552469,2775fed1-30c0-9ea7-c634-34e18f2957ac,64,536116,543659,552469,558865,8810,16353,7543,0,0,0
552814,2bb2c617-248c-18c9-4e67-c8595cc6fc87,32,552655,552655,552814,553289,159,159,0,0,0,0
553133,7060a51b-2871-167f-8e30-55f70cf96aa6,64,552574,552574,553133,553483,559,559,0,0,0,0
553536,8a004f22-4825-8f14-e826-9c334b80f31b,64,553296,553296,553536,553777,240,240,0,0,0,0
553598,588b7dcb-3992-f707-e277-38a38408b703,64,496404,519156,553598,530119,34442,57194,22752,0,0,0
554092,2022efbf-fe56-7f72-eaa1-27fa36df84e3,64,533153,544756,554092,564625,9336,20939,11603,0,0,0
554179,772ce32b-7a4c-13fd-701e-ef9a13470ecd,64,534785,550179,554179,571213,4000,19394,15394,0,0,0
554252,c9602a5d-8aa8-e085-bfa1-d293dd29f0f8,64,538516,547581,554252,567958,6671,15736,9065,0,0,0
555188,6ece57ec-f679-67a9-ac69-b08dbe89d541,64,534122,552223,555188,576953,2965,21066,18101,0,0,0
555327,a6348f11-f146-49c7-2447-37e77e6d869c,64,539418,543946,555327,563816,11381,15909,4528,0,0,0
555637,15618866-a648-30f3-465d-a65d6b560ff2,64,533797,546284,555637,567174,9353,21840,12487,0,0,0
556412,7052e022-f3b9-3c45-d418-ec32c4b1d2bb,64,537453,553598,556412,577425,2814,18959,16145,0,0,0
556558,b50b4883-b42b-e4f0-89aa-7b7207731cc6,64,537465,552469,556558,577077,4089,19093,15004,0,0,0
557102,18a3bd3e-8a8c-e043-c58d-a4f0d783689e,64,535150,546355,557102,567450,10747,21952,11205,0,0,0
558053,56241012-6ebc-3ccf-fb0c-34b90c0b6a20,64,537526,552079,558053,572354,5974,20527,14553,0,0,0
558284,a0ecd866-c369-0b01-1717-eba1c3933cd4,64,539658,555327,558284,581542,2957,18626,15669,0,0,0
559249,2b2d27c5-be25-da06-c0d5-387cba4e9bfb,64,558160,558160,559249,561135,1089,1089,0,0,0,0
559785,eb27abce-4816-049a-db60-7b61c2229e1b,64,534223,556412,559785,583816,3373,25562,22189,0,0,0
560022,7c068dc1-1219-8705-a68c-e07cde51ad61,64,536425,554092,560022,578825,5930,23597,17667,0,0,0
560421,825beb4c-3a51-5135-2b14-88393fab73b7,64,498943,542206,560421,556906,18215,61478,43263,0,0,0
560481,5e4f73ea-5dcd-e927-3b0d-f321e1eaeee9,64,558981,558981,560466,564614,1485,1485,0,0,0,0
563480,0c75a9bc-f415-25f7-41dc-93c2a6a78536,64,563237,563237,563422,564486,185,185,0,0,0,0
563637,c2eb9a6b-8c97-2159-aabf-65b473114cbb,32,563420,563420,563637,564285,217,217,0,0,0,0
564074,4e6c5844-a321-960d-478b-74afa0934f1c,64,534652,545343,564074,565637,18731,29422,10691,0,0,0
564290,b2e9962c-d80d-08e9-caa5-780293282185,64,539900,545599,564290,566870,18691,24390,5699,0,0,0
564572,79100b7f-630c-2141-3887-784c9a3fa40e,64,564452,564452,564572,564989,120,120,0,0,0,0
564632,39348db5-fa33-61c4-9501-358824b3bff9,64,564501,564512,564615,565812,103,114,11,0,0,0
564692,95799c5e-adba-ab83-d689-aa0d44461ca9,64,564544,564572,564638,565444,66,94,28,0,0,0
564692,2b27c6c0-d534-4b0e-d91d-d4b6b89255de,64,564554,564572,564675,565907,103,121,18,0,0,0
564692,7954d8bd-6598-3376-2d05-997453ff8436,64,564535,564572,564679,565039,107,144,37,0,0,0
564752,c466bbb6-0fb5-1e76-f462-4e6202829985,64,564456,564512,564729,565906,217,273,56,0,0,0
564812,0a194cae-59e9-3c0b-88f8-3d6f1c6e26ba,64,564610,564632,564805,565332,173,195,22,0,0,0
564946,1f73b8f5-e1ff-2f6e-6d30-801ff0df3279,64,564526,564572,564946,565633,374,420,46,0,0,0
565006,6c952821-1d17-b6f7-6c4a-af6d9e1ca89a,64,564544,564572,564952,565487,380,408,28,0,0,0
565066,d364d351-6242-57ba-4f0c-4e622ecf8661,64,564594,564632,565024,565420,392,430,38,0,0,0
565066,4983123d-92bb-afdc-744f-d71ee62014a0,64,564605,564632,565026,565401,394,421,27,0,0,0
565066,f701ba01-74cb-3b74-c352-be68b01e707f,64,564761,564812,565040,565171,228,279,51,0,0,0
565066,c76cd97c-70dd-303d-1717-12ba14fa948a,64,564369,564369,565056,565683,687,687,0,0,0,0
565126,dbb8cc84-c1cf-0675-b5eb-72c89a1baf76,64,564678,564692,565080,565757,388,402,14,0,0,0
565263,65983dbc-6416-10ae-17eb-17f0522abf30,64,564798,564812,565263,565978,451,465,14,0,0,0
565323,73079edb-5efe-4e1a-4f44-4f17c260f4a1,64,565195,565195,565301,566002,106,106,0,0,0,0
565844,f6ef4024-7c0a-fedd-210d-27cee94e6295,32,565659,565659,565789,566279,130,130,0,0,0,0
565904,7b046a2b-02c2-2ef7-9063-ef0620767290,64,565775,565784,565846,566613,62,71,9,0,0,0
566033,99be9ece-ef83-64c3-12c0-baf38fbfc54b,64,565724,565724,565997,566038,273,273,0,0,0,0
566253,266a9b30-d8d7-c190-9227-d1c7f6113d67,64,565973,565973,566253,566762,280,280,0,0,0,0
566723,2d46a4ed-45db-2d3a-7162-91ab2f22b8a0,64,533882,558053,566723,610919,8670,32841,24171,0,0,0
566783,6f9957c6-4e03-16b2-6d9e-b33bfe2ef8b7,64,511970,555188,566750,580724,11562,54780,43218,0,0,0
567023,881484fd-0c97-0473-7c23-e3702c42f76f,64,566872,566903,566974,567369,71,102,31,0,0,0
567023,a9a9c95d-12b4-14ea-c2df-8df2f1c4e99d,32,566805,566843,566975,567302,132,170,38,0,0,0
567083,281986b1-59a4-95a2-c779-65523be5efee,64,566927,566963,567072,567720,109,145,36,0,0,0
567866,31c43f74-9d80-e590-e552-1ad16bce1e26,64,567733,567733,567866,568373,133,133,0,0,0,0
568045,1853cdc9-5388-3623-910c-5a3e7128c08e,64,567985,567985,568045,568307,60,60,0,0,0,0
568427,bbcf1dc6-bf53-b71a-2729-c9d1eab95695,64,568318,568318,568427,569062,109,109,0,0,0,0
568779,2d489bc3-c882-f2fa-0147-3570a9496d4d,64,498904,541598,568728,556267,27130,69824,42694,0,0,0
568950,1ba1290d-32b2-10d7-5ac0-dcd8c924b590,64,568719,568719,568950,569619,231,231,0,0,0,0
569186,989597e8-3b06-aab7-0850-8ec79fb23552,64,569076,569076,569186,569508,110,110,0,0,0,0
569706,0ce67c90-07f4-6346-1aa3-28bcde030ca3,64,569570,569570,569706,570160,136,136,0,0,0,0
572822,afa7f7e9-6cf3-6d11-c289-6f0e2d3960d7,64,539179,554179,572822,579626,18643,33643,15000,0,0,0
574120,3dc88fda-3fb3-e972-88dc-9cebd90af2cc,64,573913,573913,574120,574403,207,207,0,0,0,0
574261,b9c257e1-b311-f395-a07a-8ef52b93d9db,64,573962,573973,574261,574792,288,299,11,0,0,0
576671,c9c36aa3-e539-f46a-fa65-95667a78927b,64,574795,574843,576671,591853,1828,1876,48,0,0,0
576731,923b32f4-3740-913b-c2d2-2f277371592f,64,574899,574903,576725,599781,1822,1826,4,0,0,0
577809,d464bae7-af00-6da0-b51a-f68675647f36,64,574469,574526,577809,595335,3283,3340,57,0,0,0
577972,d6ac2414-c88f-76cc-ed2c-43ded1ee693a,64,574636,574646,577972,594497,3326,3336,10,0,0,0
578202,75a268f5-b1cf-56a6-0116-77ca4bc6a0ae,64,574886,574903,578202,589684,3299,3316,17,0,0,0
578898,19725d8b-a14e-d634-1d30-2d4b9dc75260,64,574637,574646,578898,603883,4252,4261,9,0,0,0
579494,ca1809b8-130d-c189-3cd6-3d154b60177f,64,574550,574586,579494,597802,4908,4944,36,0,0,0
580068,87510c25-c98d-c11e-3991-3106906a73bc,64,579709,579709,580068,580829,359,359,0,0,0,0
580396,b2680d21-e0f2-19b9-4773-24d02595148a,64,575305,575361,580396,600769,5035,5091,56,0,0,0
581101,9e2b79d0-3378-cd50-8ee2-d7c311d2ae22,64,574668,574706,581099,610197,6393,6431,38,0,0,0
581161,8c6519d4-b221-a65c-4a34-d710f61a7986,64,574466,574466,581133,610249,6667,6667,0,0,0,0
581161,81af9987-8996-95bf-b85e-55bacdda5456,64,580854,580854,581149,581547,295,295,0,0,0,0
581456,f2d769c0-2c2e-9876-5d7a-975a9c1df32a,64,511924,555637,581418,582303,25781,69494,43713,0,0,0
582443,e0b56998-9cb7-619b-baa9-2bb867403fb9,64,574893,574903,582443,597472,7540,7550,10,0,0,0
582517,989232eb-f48a-5a58-0c70-59af96c169f3,64,503788,548939,582517,568162,33578,78729,45151,0,0,0
582983,968ff2f9-f880-6658-0072-3cbef4254efc,64,582923,582923,582970,583533,47,47,0,0,0,0
583391,27d06536-0689-92d7-5764-40f6e5e32b5b,64,583087,583087,583391,584074,304,304,0,0,0,0
583451,4018a5e7-b070-4cfc-bd0c-ba9e6641f620,32,511945,556558,583451,584672,26893,71506,44613,0,0,0
584032,fe1720e5-e715-1b7d-4d52-a03959f6e47a,64,582185,582204,584032,599326,1828,1847,19,0,0,0
584320,6cb85294-b28a-50d5-40c1-5897741b8303,64,581430,581456,584276,596927,2820,2846,26,0,0,0
585216,4c19a7c4-daf7-d9af-e228-d38f7812f843,64,574323,574323,585205,594647,10882,10882,0,0,0,0
586545,66202084-4e7c-c058-88d3-8f34f75764e9,64,583616,583616,586545,598214,2929,2929,0,0,0,0
587049,1aee995e-9f08-87f4-0b61-eb7a6071615d,64,582050,582084,586999,600052,4915,4949,34,0,0,0
587437,3d44c9f6-256a-c9aa-ea7a-b94b991e3b0a,64,574783,574783,587383,595827,12600,12600,0,0,0,0
587497,3a396c89-a745-4fd8-33e7-0dbdba30c1a6,64,574801,574843,587456,595180,12613,12655,42,0,0,0
587896,35573d6b-91fd-b403-616b-41023b7fb557,64,587776,587776,587847,588687,71,71,0,0,0,0
587896,bfaacb26-7d6c-f859-caa1-159eec519fa0,64,582958,582983,587880,600462,4897,4922,25,0,0,0
587967,66f32d5d-3302-366d-363d-2dd3b89aefc5,64,575341,575361,587967,590307,12606,12626,20,0,0,0
588631,acbb3b21-49fa-0d75-bcfa-a5ea12574be7,64,588476,588476,588631,589740,155,155,0,0,0,0
588820,57820d09-0e3c-0f57-16f8-706bf6f49b39,64,583392,583451,588820,602240,5369,5428,59,0,0,0
588920,dfbb9324-6623-a66b-1ad5-4e08716f38d5,64,588129,588129,588920,593940,791,791,0,0,0,0
589587,b4187564-1d88-24c2-0240-51dc9d411038,64,584615,584615,589587,599599,4972,4972,0,0,0,0
590005,f65e4261-0abc-2f1a-eeb8-bd84d2dd4865,64,586943,587049,590005,602261,2956,3062,106,0,0,0
590749,2287f80c-aee0-8d7b-10af-e52caf15ef06,64,581656,581656,590749,605441,9093,9093,0,0,0,0
591000,18828244-ab29-421f-1f42-9fbf5231cbbc,32,590066,590066,591000,592435,934,934,0,0,0,0
591133,d2fe5876-ef27-e79b-a73a-36ba391a9446,64,585134,585156,591133,600319,5977,5999,22,0,0,0
591309,b1bfdb64-c2d9-d964-cf35-3fc9d5a7f162,64,512204,554252,591309,579752,37057,79105,42048,0,0,0
591561,f6c024f7-124c-d9b6-7c38-c14be2d80479,64,582135,582144,591561,601486,9417,9426,9,0,0,0
591749,b39e46bf-3778-c910-d841-ff9033852198,64,581131,581161,591749,604874,10588,10618,30,0,0,0
592525,c6a92230-a21d-1414-057e-3d76b91d628d,64,586609,587497,592525,603251,5028,5916,888,0,0,0
592597,2109b614-3cf7-541e-2778-8389ecb26061,32,586596,586605,592597,602148,5992,6001,9,0,0,0
592968,9b73939e-7770-e43b-9e36-89afd0d6da92,64,587377,587896,592968,603822,5072,5591,519,0,0,0
593685,4efd2338-67be-9f12-8375-b520813c198a,64,582861,582861,593685,599203,10824,10824,0,0,0,0
594232,9f6c874f-a8be-7c28-2846-31916cfd2469,64,587505,591309,594232,606507,2923,6727,3804,0,0,0
594311,cbe85971-7319-df71-5e63-f23847645d62,64,581705,581716,594311,601881,12595,12606,11,0,0,0
594446,7449dee1-8773-d850-c459-ac975b3dfe3a,64,581505,581516,594446,608255,12930,12941,11,0,0,0
594735,0548bab7-ddaa-bb0a-a8d7-d9609a6c1b86,64,582084,582084,594735,602198,12651,12651,0,0,0,0
595565,a96136c7-1280-8e28-8478-c58c85cfa088,64,274793,286023,595565,605764,309542,320772,11230,0,0,0
595922,7fe0e6fc-4b58-518b-5ac6-b700b6ef098b,64,595678,595678,595922,601285,244,244,0,0,0,0
597157,9ce6ecc3-005f-d240-3e07-65e48e17be35,32,584260,591133,597157,605831,6024,12897,6873,0,0,0
598164,b09b1e3f-fe24-4cd2-ef29-a0d3682ac7e9,64,584380,590005,598164,605466,8159,13784,5625,0,0,0
598261,321fd93d-8c51-bca8-2e7e-dc58997a86fd,64,581405,581456,598261,602390,16805,16856,51,0,0,0
598523,e49b1794-2e96-461d-f3d1-df1587078007,64,585616,592597,598523,607727,5926,12907,6981,0,0,0
598707,a376d0f6-1332-466b-dd62-ab9f7b477003,64,585046,593685,598707,608398,5022,13661,8639,0,0,0
599310,5c721a20-7c3f-b37a-b92c-a65b746d17b5,64,582548,594311,599310,608859,4999,16762,11763,0,0,0
599454,2b13f243-0fdb-83dc-830c-417e14310e9b,64,582024,594446,599454,609330,5008,17430,12422,0,0,0
600698,222bcb03-a1c8-d7a3-7ec8-9d9d3b5cb5f7,64,586738,595565,600698,610114,5133,13960,8827,0,0,0
600984,a7ef6833-cb33-70a0-0802-103ea416a935,64,585361,598164,600984,610633,2820,15623,12803,0,0,0
601770,24fba457-470a-3878-568c-fc4ee35360ac,64,582133,594232,601770,608721,7538,19637,12099,0,0,0
601830,6ab1a826-604a-214f-66c0-9a28ce505498,64,583129,583147,601777,601310,18630,18648,18,0,0,0
602008,17b86e65-2e92-3e89-d487-412bead7b3d2,64,584171,594735,602008,610089,7273,17837,10564,0,0,0
602238,5a246dfa-7aa8-3a5f-1f9b-d2bfe1ce4ea0,64,585810,599310,602238,612714,2928,16428,13500,0,0,0
602645,e1a6150b-f8f2-a75f-fe10-c40d72e0c1ed,64,586295,591749,602645,607320,10896,16350,5454,0,0,0
602866,f3bc234a-c642-b89e-918a-dfb26d729168,64,588194,599454,602866,613035,3412,14672,11260,0,0,0
602973,343109bb-0197-55e0-e381-52ad5a925ed5,64,575301,600984,602973,613525,1989,27672,25683,0,0,0
603033,e81e1f25-a058-e6c0-dd7e-31631484f880,64,584130,584130,603007,600858,18877,18877,0,0,0,0
603356,fc5b523c-ca0b-cd15-c6a7-1010db15a33c,64,587400,592525,603356,607524,10831,15956,5125,0,0,0
604257,b4a46ee2-c3bb-01ad-6701-a3b109d5946b,32,585873,598261,604257,611769,5996,18384,12388,0,0,0
605125,8dad5ae2-d556-025d-d61a-9e7557287080,64,574469,574526,605125,613310,30599,30656,57,0,0,0
605470,6bcff934-d1d7-98f1-96f0-2aa26b2e6945,64,582182,602645,605470,615726,2825,23288,20463,0,0,0
606164,87c731ad-7392-a60a-7de3-14a9a5a55880,64,585380,602866,606164,615751,3298,20784,17486,0,0,0
606740,329acd54-a9be-41e8-fc60-da5327694040,64,581441,601830,606740,614231,4910,25299,20389,0,0,0
607839,17e4640f-8a09-8a7f-f664-8b82f5f88796,64,577104,579494,607839,612603,28345,30735,2390,0,0,0
607930,fe14bf3f-6739-e99d-63ad-0b59ce28eab3,64,581576,605125,607930,617757,2805,26354,23549,0,0,0
607997,e17b9d34-790c-4b0c-341b-b19fcf058acf,64,582087,602973,607997,616880,5024,25910,20886,0,0,0
608379,2c4fcd96-32d2-b0b5-2a23-177b140a7ebb,64,586402,605470,608379,617867,2909,21977,19068,0,0,0
610294,0522f4d9-5da2-ada2-af78-6404586775c9,64,586441,591561,610294,606573,18733,23853,5120,0,0,0
610847,df0abb84-a6c3-eb3b-433e-bdfc7f362725,64,583641,607930,610847,618517,2917,27206,24289,0,0,0
611297,8441f018-8c2f-ba67-2e3d-b4c2624345c4,64,585661,602008,611297,615434,9289,25636,16347,0,0,0
611538,8295a3f9-e20b-0960-2404-2095ec28d528,32,611333,611357,611538,612483,181,205,24,0,0,0
611872,392286df-213f-fc6b-8430-dd7f162da9f8,64,611639,611692,611829,612784,137,190,53,0,0,0
611932,87eaac14-fc75-ca79-493a-03d869f7ef46,64,611333,611357,611917,612454,560,584,24,0,0,0
612273,0175cddb-2c88-534c-cb1e-29fb40a4a767,64,612000,612000,612273,612875,273,273,0,0,0,0
612465,74de9f37-b818-f50e-7d7a-df0f2bf9c894,64,585089,603033,612451,617311,9418,27362,17944,0,0,0
612525,bd79248e-070e-aad9-182f-9cf4f65a13d4,64,612174,612174,612490,613356,316,316,0,0,0,0
612769,541f41bc-a100-6bc4-549b-9997350ca4f8,64,574901,602238,612769,615721,10531,37868,27337,0,0,0
613760,f8f64583-0620-e3fb-7588-83fe16bbc618,64,574508,574526,613760,617614,39234,39252,18,0,0,0
614968,f0838d5e-207c-83f1-ac4a-72dfadf60c48,64,614848,614848,614929,615544,81,81,0,0,0,0
615122,74fe855a-342c-5b1e-9fdf-884b9a8b4f3d,64,614851,614908,615122,615755,214,271,57,0,0,0
615182,90ebc873-9fde-3e0c-807b-afefe50fc082,64,614980,615028,615147,615988,119,167,48,0,0,0
615242,b90f90b0-301a-f54e-7f4f-ffd76d9f9dac,64,581561,610294,615190,618880,4896,33629,28733,0,0,0
615467,ab89db15-91a7-9182-f73d-2471f7436d31,32,611816,611932,615424,619210,3492,3608,116,0,0,0
615587,25418a18-f0fc-cc08-8431-cfe3ede4415e,64,586929,606164,615538,617996,9374,28609,19235,0,0,0
615907,d53c1a73-b993-e5aa-f2b9-71550a527e30,64,615642,615647,615907,616760,260,265,5,0,0,0
616066,f45a205d-5d8d-60c7-3b17-518c622091be,64,585122,606740,616061,618236,9321,30939,21618,0,0,0
616126,cfc2bbec-bd3d-6bd2-4d43-9307a7ae1391,64,616006,616006,616088,616619,82,82,0,0,0,0
616274,08331b44-19fc-1d3c-bb79-58e4aff21920,64,574661,574706,616274,612705,41568,41613,45,0,0,0
616903,fffd2ac5-8af4-f6bb-87fa-047b8c9a208a,64,616712,616764,616903,617387,139,191,52,0,0,0
618305,b5374b80-b134-ff5a-208d-534f24888cf2,64,612290,612769,618267,619871,5498,5977,479,0,0,0
618460,d5a47906-cb4f-3702-08c9-c3c50b014be2,64,618136,618185,618407,618611,222,271,49,0,0,0
618520,317831ab-d3d1-6188-20ce-45334481832d,64,585036,612525,618467,619322,5942,33431,27489,0,0,0
618520,e6621652-913e-555a-8f3f-5b7c0c88d887,64,581095,607839,618498,618251,10659,37403,26744,0,0,0
618970,1f98ddab-44b6-08af-b305-add3a46eb763,64,586059,608379,618921,618841,10542,32862,22320,0,0,0
619183,6799213a-0cec-4783-9df8-9bee99507864,64,585721,615587,619183,620981,3596,33462,29866,0,0,0
619332,ff313ed1-dfdf-86b4-1384-cf909bcdafca,64,577040,601770,619332,613874,17562,42292,24730,0,0,0
619808,245522c7-dff6-65a1-5cca-f8bdce48ccd4,64,581396,616274,619808,621184,3534,38412,34878,0,0,0
620343,299766a3-090c-8c45-e31b-a07f267b26c8,64,612594,613760,620343,620769,6583,7749,1166,0,0,0
620487,71683f44-8a32-bf44-0f06-6572e783895d,64,586587,610847,620487,619040,9640,33900,24260,0,0,0
620595,4aa37dd9-1caa-94b3-0131-64933ee0f09e,64,612691,619183,620595,623580,1412,7904,6492,0,0,0
621038,a3c6e768-b465-2081-2c97-fb2625d98a02,64,612574,618520,621038,622596,2518,8464,5946,0,0,0
621376,e2cd0034-36ee-b4fd-2c31-3fdc00d4fbb4,64,584154,618460,621376,621744,2916,37222,34306,0,0,0
621466,192246aa-3e1c-4e22-e8e6-20835b2ec3db,32,612592,618460,621466,621617,3006,8874,5868,0,0,0
621657,aa3c3bf0-394e-7ea2-8b6e-e51dfae7ff5b,64,612533,616126,621657,621067,5531,9124,3593,0,0,0
622238,411bb7d3-cdb8-5986-86b0-e3b2868644cc,64,612590,618520,622197,622600,3677,9607,5930,0,0,0
622302,bfcd071e-50dc-6070-92fe-d25800067ea3,64,587795,607997,622302,618617,14305,34507,20202,0,0,0
622531,41d63bfc-2354-bad2-e326-f53f2870eb99,64,615644,621038,622531,623991,1493,6887,5394,0,0,0
622765,b5ff8724-b109-b7d8-b3b3-80812c85d161,64,586942,615242,622765,620783,7523,35823,28300,0,0,0
623495,fbf7d647-ce4d-1e0c-2ba8-32d3f77cc9b9,64,616931,622531,623444,625479,913,6513,5600,0,0,0
623638,196abcbb-7355-97c8-8cff-fb0b4d4b4625,64,584757,620343,623638,623901,3295,38881,35586,0,0,0
624320,77669f85-171e-117e-b9c1-5f33de208bc5,64,581747,619332,624320,623582,4988,42573,37585,0,0,0
624548,0fc275b2-9258-76b8-b41f-d54123ca955f,64,611779,623638,624548,626225,910,12769,11859,0,0,0
624882,4b893b2e-d380-8397-0415-a3b1d196b38f,64,585770,618970,624882,623043,5912,39112,33200,0,0,0
625184,3959a70a-df9b-58a8-0fd3-f2ab11756aba,64,613173,619808,625184,623772,5376,12011,6635,0,0,0
625405,88150afe-18d1-1790-b8fa-cea66281a8a1,64,582639,620487,625405,623909,4918,42766,37848,0,0,0
625475,f1abe2a9-cb7a-1c60-0e89-36d0f1e220c3,64,615724,624548,625475,626831,927,9751,8824,0,0,0
625535,96d3ccbd-7eb2-1e49-7147-c3d6c1e18c22,64,586083,622238,625511,624995,3273,39428,36155,0,0,0
627266,b8206176-6f8e-e701-d471-29440faeb795,64,617440,623495,627266,625746,3771,9826,6055,0,0,0
627386,931bfe7d-95ac-f16c-a8db-513906d1c3e7,64,617201,624882,627352,626911,2470,10151,7681,0,0,0
627604,40089334-00b4-0563-2196-27524fcef9da,64,585815,624320,627604,626771,3284,41789,38505,0,0,0
627798,bc7320b4-3199-f36a-427f-86d26c3b6a14,64,627099,627604,627798,627989,194,699,505,0,0,0
627858,830c4bc3-647e-d10b-f549-5cfbf95abdad,64,627276,627798,627841,628198,43,565,522,0,0,0
627966,a75f363b-1bf4-21a7-cff2-59ded373acb7,64,616406,625475,627966,627171,2491,11560,9069,0,0,0
628194,cfd04327-b492-7dc5-b1c7-457d706f045d,64,610649,621376,628194,624585,6818,17545,10727,0,0,0
628834,9d0c3c68-6516-e07b-f743-cd9c5a5551f5,64,618068,627386,628834,627691,1448,10766,9318,0,0,0
628921,19d026f8-a2dd-b7a5-e92e-3e8902cef4af,64,616084,627266,628921,627272,1655,12837,11182,0,0,0
629128,3d44c372-fc01-d1ab-8ab3-a32cb69346e1,64,616427,622765,629128,625523,6363,12701,6338,0,0,0
630494,b1c34af0-6b90-ac16-9fc0-b881904c26a1,64,617207,625184,630494,626936,5310,13287,7977,0,0,0
630871,be30dff1-6384-f4a0-ff9a-e4b32ba90d27,64,617249,625405,630871,627051,5466,13622,8156,0,0,0
630939,7b8ad1d9-b343-4e99-becb-69d80aead7fc,64,581041,611297,630939,619248,19642,49898,30256,0,0,0
631685,4a2b8fe2-7b84-499f-188d-1364dfe3fbbb,64,582579,622302,631685,625147,9383,49106,39723,0,0,0
631826,6207087f-7003-04e3-ad41-c31b0581c56d,64,616486,625535,631826,627256,6291,15340,9049,0,0,0
632341,505b1a83-8eea-ebbe-151f-3dc4343cbb7e,64,622118,630939,632341,631019,1402,10223,8821,0,0,0
632667,b9dfcf5b-2c80-817a-d105-a4cc217e9edd,64,612686,628921,632667,629883,3746,19981,16235,0,0,0
633230,f7c2f2d0-111b-fb4d-90df-23c29ac9c377,64,612641,627858,633230,628350,5372,20589,15217,0,0,0
633467,0c78f4dc-259e-41aa-c434-a90e43b78860,64,616492,628194,633467,629235,5273,16975,11702,0,0,0
633527,2c61cf24-61c1-7882-a9b8-6fa7e23b5cfb,64,617465,631826,633477,631739,1651,16012,14361,0,0,0
634074,1beba2c3-ecd5-61c6-d67c-e7def32cf8e9,64,619454,632667,634074,632100,1407,14620,13213,0,0,0
634271,ccbc340d-9874-d34f-619b-1f1602af5168,64,581943,621657,634271,624955,12614,52328,39714,0,0,0
635939,5cf98e21-8623-548b-381c-7140ef346a20,64,615498,630494,635939,630976,5445,20441,14996,0,0,0
637380,1aaf6801-d209-0a32-1e3d-574a8b4ce278,64,612591,627966,637380,628489,9414,24789,15375,0,0,0
638199,3f9f682c-cb85-e8f6-c613-08c855ebb445,64,612592,633527,638199,632523,4672,25607,20935,0,0,0
638259,d91df99f-8f7e-3421-bf3c-9626aceeb077,64,612580,628834,638224,629814,9390,25644,16254,0,0,0
638601,4bcdb674-9535-c5d8-ca26-0b02ff9fbe21,64,612547,633230,638601,632195,5371,26054,20683,0,0,0
639445,f3b9d1c9-2ba2-834a-1612-6fa00c61b6d6,64,617495,633467,639445,632348,5978,21950,15972,0,0,0
639525,fa95d2d5-4fef-5e6e-fe46-c20c070826d8,64,633860,639445,639525,634499,80,5665,5585,0,0,0
639598,c9622110-3207-a6df-3d85-4bafc6f52b24,64,617118,638199,639598,634052,1399,22480,21081,0,0,0
639666,0ba27f34-67a5-7dd8-0a18-fa2d25272424,64,633821,639598,639666,634765,68,5845,5777,0,0,0
640294,e31d9214-4de7-223f-00c4-45dddd7781e6,64,622120,630871,640294,630984,9423,18174,8751,0,0,0
640879,45e6b44c-b471-560a-ce58-75f675a4777c,64,577447,620595,640879,623928,20284,63432,43148,0,0,0
641312,212b321b-20a7-8373-0e33-06995e254e54,64,622364,639666,641312,634972,1646,18948,17302,0,0,0
641655,ae1e0ed5-d10a-8928-75b1-bd7424a765b6,64,615407,638601,641655,634232,3054,26248,23194,0,0,0
641773,7c69bb24-c60e-2e46-6711-9f8dd7ba2c03,64,617507,634271,641773,632717,7502,24266,16764,0,0,0
641833,86a8923d-4fd6-579c-0052-640776fda471,64,617437,632341,641781,631758,9440,24344,14904,0,0,0
642294,e099f479-1210-a753-ff79-a9838766da9a,64,616145,631685,642294,631121,10609,26149,15540,0,0,0
642354,7b448fac-b8c1-e083-165c-7c975a95f248,64,612586,635939,642301,633409,6362,29715,23353,0,0,0
642843,ca739254-bdb1-edc0-6c96-118c47a0fa08,64,617490,637380,642843,633964,5463,25353,19890,0,0,0
643729,5ae630d1-652e-74d7-cee4-99c64b5f72f6,64,577406,640294,643729,635130,3435,66323,62888,0,0,0
645064,d95e515b-522b-f15b-fc5a-48b49f381f55,64,587672,641833,645064,636303,3231,57392,54161,0,0,0
645503,4f8e4c1f-79d8-b8f5-af7f-dc360deea7a1,64,616989,639525,645503,634675,5978,28514,22536,0,0,0
645806,7c44c1e0-8795-53f7-43bd-056dbd323b3b,64,615647,638259,645806,634101,7547,30159,22612,0,0,0
646549,17931297-689c-66b4-803b-b95c8708a037,64,619599,641655,646549,636188,4894,26950,22056,0,0,0
647094,ed60a647-827b-5cbb-5d37-4dcbc5b28916,64,616644,641773,647094,636249,5321,30450,25129,0,0,0
647247,059bd656-b085-7c36-ee73-e9e0fdafc237,64,617584,642354,647247,637298,4893,29663,24770,0,0,0
647673,7014bbbb-7dc9-75f3-1163-77b2d8e2f93f,32,615725,641655,647673,636159,6018,31948,25930,0,0,0
648377,ecc0c6b1-2589-d4d0-c6a2-e65e5df4ec25,64,612635,646549,648377,639022,1828,35742,33914,0,0,0
649503,ba2cfef0-657d-1ac8-e85f-f701b1f305d7,64,577088,629128,649503,630138,20375,72415,52040,0,0,0
649563,1413b7fb-6b89-1757-0bfb-e3c4adcfad85,32,618400,645503,649531,638535,4028,31131,27103,0,0,0
649952,78dd8f9d-9f08-6ae6-2838-61cbdc363940,64,616294,645064,649952,638464,4888,33658,28770,0,0,0
650255,a38195b9-44d0-b583-7aae-9327637931e0,64,617375,640879,650255,635708,9376,32880,23504,0,0,0
650513,96da17f9-e0fd-ed5e-aa4b-cb7e7f28d817,64,617505,647673,650513,640873,2840,33008,30168,0,0,0
650573,8761c0b6-e595-bbe9-d393-d8065dcbd55d,64,617378,645806,650529,638976,4723,33151,28428,0,0,0
650984,46c50a9b-78a7-a9a4-e9ff-122f123c6fa7,64,616649,643729,650984,637563,7255,34335,27080,0,0,0
651609,56500249-4023-2b30-8013-da01952eda14,64,622027,649952,651609,641601,1657,29582,27925,0,0,0
651684,db5f22de-ac6f-1e3c-7e90-aa4d88e9627c,64,617287,642294,651684,636745,9390,34397,25007,0,0,0
652565,ccc8b0a9-8998-fd48-2886-347070eab219,64,621978,647094,652565,639264,5471,30587,25116,0,0,0
652795,9c66a4da-0381-4339-33b3-1ec8a99944c7,64,617958,650984,652795,643118,1811,34837,33026,0,0,0
653703,31ecc68d-4382-33d3-558b-1f030a29b0fa,64,618475,641312,653703,635756,12391,35228,22837,0,0,0
654425,335e7d8e-e756-935b-2fe3-1c6f41a24d61,64,615436,651609,654425,643360,2816,38989,36173,0,0,0
655137,dbf4fd8c-f8c9-37ba-29b5-0193f6790567,64,621859,650513,655137,642354,4624,33278,28654,0,0,0
655245,19bedaef-e36f-3c2b-33ea-cc339c7fbe9c,32,647594,655137,655245,648295,108,7651,7543,0,0,0
655432,eeef0939-f212-c152-8542-4d37e7546d05,64,621553,642843,655432,637355,12589,33879,21290,0,0,0
655512,93168988-6395-38da-1f05-0d4a1a80f442,64,618244,648377,655512,641371,7135,37268,30133,0,0,0
656432,b8cdb599-13ce-1ee9-d01e-40a6dcb4d1bc,64,615343,654425,656417,647905,1992,41074,39082,0,0,0
657695,f03f2338-ea44-49a0-6c85-4af839d883a2,32,618065,651684,657666,644568,5982,39601,33619,0,0,0
657815,762e38d0-266a-52ec-c199-9adb61198514,64,611743,650255,657809,641995,7554,46066,38512,0,0,0
658125,17845ba6-edaa-024e-3769-d4ec5c46e407,64,616128,650573,658082,642440,7509,41954,34445,0,0,0
659659,eca4befa-6b63-0b7e-3e6e-5a2160d9dd26,64,617791,653703,659621,646041,5918,41830,35912,0,0,0
659869,0347402e-9239-9852-fe17-c58ae1663045,64,612405,656432,659869,650978,3437,47464,44027,0,0,0
660726,9addd3c0-4d7f-0cdb-641c-91e7e163c536,64,617193,657815,660726,651632,2911,43533,40622,0,0,0
661717,a678bb83-8130-3d00-e8f1-ad15854f766e,64,621154,659869,661690,652051,1821,40536,38715,0,0,0
662417,38136f05-40de-615a-2cee-10fa07014530,64,611632,651684,662417,644847,10733,50785,40052,0,0,0
663869,1c0909ff-f438-77a5-41bc-ae4e0bd76a2b,64,623400,647247,663869,640379,16622,40469,23847,0,0,0
664797,ce4737c5-193d-66e7-ca02-669e5a21050f,64,617036,655512,664797,649968,9285,47761,38476,0,0,0
665291,8a7cd673-df71-49e3-28d5-7f2f931aacc1,64,654101,664797,665291,654483,494,11190,10696,0,0,0
666167,6dc21e6b-27f3-fcee-220f-8a87eb197e9d,64,619379,662417,666167,653728,3750,46788,43038,0,0,0
666672,c9c7a10d-32ac-f9ca-6ef6-bc5861abcbde,64,617495,663869,666672,654143,2803,49177,46374,0,0,0
669157,e3ed0d4c-6ed1-b40e-09b2-aa913bf75895,64,536642,560421,669157,648981,108736,132515,23779,0,0,0
669302,853a3b47-ad6e-aa23-367e-7f39c5e9f546,32,656372,669157,669302,656982,145,12930,12785,0,0,0
669900,8bf409fe-add8-edc8-c9ad-e55c36f63a74,64,576911,649503,669900,641549,20397,92989,72592,0,0,0
670164,cd31fe80-6ca9-5345-66e9-3857ff5c0a23,64,577293,652565,670117,645389,17552,92824,75272,0,0,0
670251,d389ac49-27b4-9987-3307-c2a3c7334080,64,656733,669900,670251,657500,351,13518,13167,0,0,0
670251,e25423c2-f0cf-5221-f805-ad5c8c9cfbe4,32,657232,670164,670251,657995,87,13019,12932,0,0,0
671627,fd258d15-f25d-7a5e-6964-22e1b7c37e07,64,531742,556558,671627,605414,115069,139885,24816,0,0,0
673733,34c6ea28-cbe6-8756-0546-0adae6447e08,64,615573,666167,673733,654931,7566,58160,50594,0,0,0
675189,7ce0fcdb-2d00-dabd-5a36-5abfe64f7499,32,622186,669157,675189,656059,6032,53003,46971,0,0,0
675249,9f915a97-f5ed-4f13-5a45-9dc838ca32d6,64,617009,669302,675230,657476,5928,58221,52293,0,0,0
675349,58bab27f-a324-ac9d-d1bb-7e9b885b00ec,32,658284,675249,675349,659382,100,17065,16965,0,0,0
675423,0b9321a3-90d3-a602-898f-53f7e15347f8,32,658740,675349,675423,659645,74,16683,16609,0,0,0
675680,f678d534-768c-70a3-7e58-3b67d3a997d7,32,658556,675423,675680,659677,257,17124,16867,0,0,0
676238,48420fbf-a777-0b32-8bf5-f7cea6c0e3e0,64,616308,670251,676238,658426,5987,59930,53943,0,0,0
676531,14a3d926-7b22-777e-6c0b-3e8ad25940e2,64,617190,673733,676531,658997,2798,59341,56543,0,0,0
676591,b1de3284-78a3-54fe-7053-5bd3d8f6f576,32,661901,676531,676586,662474,55,14685,14630,0,0,0
676651,29935647-21e4-bb25-dc54-43d7ddb8f134,64,617673,671627,676597,658807,4970,58924,53954,0,0,0
676651,5361be6b-a248-c28d-1716-b7229a27905a,32,662832,676591,676642,663442,51,13810,13759,0,0,0
676731,ac071929-63c4-9c7b-f770-2dfe7ce1bed4,32,663258,676651,676731,663868,80,13473,13393,0,0,0
677290,c3e2c322-43e7-156c-4090-d5abe1b5409f,64,616436,666672,677274,655991,10602,60838,50236,0,0,0
677350,f3cf9e5b-1c95-03e3-796f-b2256d65693e,64,664257,677290,677331,665121,41,13074,13033,0,0,0
677629,1c9c05a8-73b2-bd7a-fb74-d2af70af0e90,64,665104,677350,677582,665571,232,12478,12246,0,0,0
678076,8f7358c5-8bbd-6421-562c-395413128bda,32,665575,677629,678076,666919,447,12501,12054,0,0,0
678136,2236af81-e1e2-0e81-3bb0-382c7c1bffd4,64,620403,675189,678112,659143,2923,57709,54786,0,0,0
678256,7ae5d3ff-420b-3406-86c7-89434315b7bf,32,668040,678136,678200,668862,64,10160,10096,0,0,0
678394,25a1fe15-dd29-2e07-c647-82cf74fad72b,32,668753,678256,678394,669343,138,9641,9503,0,0,0
678454,8170a185-249f-6efc-9f15-70196b0e928f,64,615571,659659,678397,651769,18738,62826,44088,0,0,0
678514,b850909f-3d7a-1c3c-78ea-35dd1867153c,64,668510,678394,678512,669392,118,10002,9884,0,0,0
678596,c4fc5326-9798-ba50-e901-5c78151ba86f,64,668781,678454,678596,669468,142,9815,9673,0,0,0
681549,aea2ab4f-2233-82f8-5287-0f3fdccc2755,32,585407,670251,681531,658687,11280,96124,84844,0,0,0
681645,615d8830-b9e7-0acc-ef58-7f23dc53c80b,64,622022,676651,681645,663587,4994,59623,54629,0,0,0
682061,a0a3156c-5a10-8982-4725-3833b1a63001,64,672627,681645,682060,673434,415,9433,9018,0,0,0
683040,3d70e409-34ea-4fe7-b93c-2b9b1874779b,64,623420,655245,683019,648673,27774,59599,31825,0,0,0
683451,46f50940-d237-f89d-fe45-f3d85dc559c1,64,657585,678514,683451,672173,4937,25866,20929,0,0,0
683967,210b4f9e-2cf6-bdc2-f2df-018c071b9169,64,599538,661717,683967,653715,22250,84429,62179,0,0,0
684852,d4640993-6d86-a553-3fe0-c9417fd7b8fe,64,623403,665291,684852,654763,19561,61449,41888,0,0,0
685054,4ee13613-2350-f70f-6771-6c153cc36fd3,64,618910,675680,685054,660695,9374,66144,56770,0,0,0
686881,3acc27b5-19ed-3cdd-86e0-4a7816d68c98,64,657845,683967,686881,674863,2914,29036,26122,0,0,0
687660,48f3d4b0-b4cb-c36a-6d1e-2ef90b6f9270,64,669539,684852,687660,674904,2808,18121,15313,0,0,0
687779,49ac0b40-7b96-d3e9-871f-aae69a8d7c40,64,577149,652795,687779,645980,34984,110630,75646,0,0,0
687954,a85ceda6-e9c9-1afb-c89f-a735f8629d4d,64,658113,683040,687954,674395,4914,29841,24927,0,0,0
688762,481fe2f9-2218-04be-14d3-96a8a3596e85,64,621923,676238,688762,661748,12524,66839,54315,0,0,0
689062,1d2c4367-4888-cc21-2ca8-1387afcf49bd,64,657846,678596,689062,672899,10466,31216,20750,0,0,0
689806,9e70529b-4b58-ad4c-47ff-c9430e97cda3,64,661763,687954,689795,676907,1841,28032,26191,0,0,0
690061,7ad63ff7-cc80-b7bc-0ea7-a9eeada31c58,64,677212,689806,690061,677564,255,12849,12594,0,0,0
690618,e85dbc94-aea7-e773-8118-2c9639302ae6,64,662203,688762,690590,676969,1828,28387,26559,0,0,0
690765,1b603f6f-0eb9-22b5-8f46-15c0ab1370d7,64,677170,690618,690765,677932,147,13595,13448,0,0,0
691327,fb358162-899b-f882-87d6-70bbc1866b07,32,677248,690765,691327,678588,562,14079,13517,0,0,0
691754,3ad361e9-a5b7-21c9-31f0-991713ffd03a,64,531751,564074,691754,653076,127680,160003,32323,0,0,0
692102,2d15734b-417b-2767-becb-99b2e8262e32,32,623375,676731,692102,664696,15371,68727,53356,0,0,0
693018,b3cbd599-b7b9-0fe1-912d-f65addd688c7,64,671474,691327,693018,678780,1691,21544,19853,0,0,0
693453,35f54835-820d-bde4-d9d6-7973b9ca3229,32,629047,677629,693453,666002,15824,64406,48582,0,0,0
693649,03469c1d-9319-7351-c748-411e3d81f3b6,64,631353,683451,693649,674779,10198,62296,52098,0,0,0
694971,d0bc1f10-0461-f1a3-b11d-0081bc48e86e,64,662449,690061,694971,677908,4910,32522,27612,0,0,0
695207,54ccaa01-5394-cd80-312d-9d9e9cd9cfb8,64,661831,687660,695207,676500,7547,33376,25829,0,0,0
695306,8f81f0a3-4b21-cfca-634a-2694d4e588af,64,657656,687779,695306,676873,7527,37650,30123,0,0,0
695366,76d286d3-d7e0-d50f-362c-4d9306fdd515,64,662355,693453,695312,679457,1859,32957,31098,0,0,0
695940,839d5496-dd18-b0cc-e862-4cf7c10ede6e,64,661206,685054,695940,675649,10886,34734,23848,0,0,0
696806,bee97eb8-c5d1-f32a-5ba8-568c8717fae9,32,662772,690765,696756,677998,5991,33984,27993,0,0,0
697073,20ff2bf4-052e-0d85-881c-d30befbf1fd6,64,660912,693649,697073,679932,3424,36161,32737,0,0,0
697206,f16b2fd3-65a2-ec1c-5fb8-51d09723a878,32,681489,697073,697206,682130,133,15717,15584,0,0,0
697282,93b8c9b0-6a9f-86be-119a-d6743ddb9532,32,681881,697206,697282,682279,76,15401,15325,0,0,0
697676,0764a7ec-2e48-ec6d-22cb-e41fae268dae,64,459265,482012,697676,632639,215664,238411,22747,0,0,0
697736,5e2a33d3-7d9c-f811-df74-9a3ac097f1b5,64,658785,691754,697692,678992,5938,38907,32969,0,0,0
697796,d90c4f01-9db1-5951-b235-70b080b61959,64,681955,697676,697780,682618,104,15825,15721,0,0,0
697796,7fb07167-4bf4-1a19-2e3a-67efe1111e71,64,660233,694971,697793,680174,2822,37560,34738,0,0,0
697902,f7949cd9-d1d8-72ce-b717-8ef12969c2da,64,681981,697796,697902,682803,106,15921,15815,0,0,0
698985,7e36b695-464a-ecef-d220-4d45025f32ef,64,663066,693018,698985,679007,5967,35919,29952,0,0,0
699478,e6bdf9df-2de6-6c2c-6852-6eb9c52107a4,64,660344,686881,699478,676090,12597,39134,26537,0,0,0
699667,8274158c-d0c0-24b1-7053-bcd68f905faa,64,662707,689062,699667,677115,10605,36960,26355,0,0,0
700217,33fd8391-f4ea-1975-df19-929b9b13cd69,64,658869,695306,700217,680398,4911,41348,36437,0,0,0
701383,4424d6df-4217-45c5-80f5-b55e2a39375d,32,658606,695366,701383,680624,6017,42777,36760,0,0,0
701490,39dc11ad-eccb-798d-4c15-80dc05888d6b,64,531731,559785,701490,612224,141705,169759,28054,0,0,0
701805,ea651374-2f8f-7638-7f28-267aceea9636,64,160524,227524,701805,521035,474281,541281,67000,0,0,0
701865,81201873-6d8c-76db-1bd6-66e01cc04ea9,64,657730,696806,701819,682063,5013,44089,39076,0,0,0
701925,fff0a2e9-696d-cfcb-3e40-c266dab667ec,64,660976,695940,701906,681763,5966,40930,34964,0,0,0
702301,6f985199-a54d-babd-d03c-c7a781227e99,64,657732,698985,702301,683200,3316,44569,41253,0,0,0
702691,92d47823-a119-f47d-bf85-0dac55f6a29f,64,661051,695207,702691,680190,7484,41640,34156,0,0,0
702754,a18b6360-730d-9e83-ccd6-73b9188e0715,64,661205,699478,702754,683451,3276,41549,38273,0,0,0
703297,5ce43665-d2e3-be0f-06af-2045e36b0333,32,657552,697282,703297,682575,6015,45745,39730,0,0,0
704215,6ba2d2e7-bb93-6bcf-9a3c-d24fa3103baf,64,674206,697902,704215,683196,6313,30009,23696,0,0,0
704661,6e513534-0a92-adb7-ae2f-4599c0c38f1c,64,658186,699667,704661,683535,4994,46475,41481,0,0,0
704721,f048cfcb-9a15-9606-b66e-9fe5329f183b,64,657677,701383,704684,683694,3301,47007,43706,0,0,0
705275,712a8c91-23e0-6afb-5c2e-520f7d6d57a4,64,669348,702301,705275,684353,2974,35927,32953,0,0,0
705587,d9f58d24-a5cc-7107-0276-36c1577f0a46,64,673278,701805,705587,684109,3782,32309,28527,0,0,0
706756,c3ca298f-2af3-7b81-bac7-3c71239a211b,64,660082,701865,706756,684143,4891,46674,41783,0,0,0
707419,f9fe909b-d523-51a5-0ef4-4d289dd86b30,64,660904,701490,707419,683832,5929,46515,40586,0,0,0
708628,483ef688-4d6b-869a-93c9-d1238f63ba56,64,658330,697736,708628,682716,10892,50298,39406,0,0,0
709583,f0a5b12b-ce34-83b0-1a69-ab00786c5ee8,64,674740,700217,709583,683684,9366,34843,25477,0,0,0
709643,8078a72f-4f69-66d1-d430-d0ed534176e8,64,660268,704661,709638,684641,4977,49370,44393,0,0,0
709886,2a12fc3e-e106-e3d5-b65c-02a1688d1c10,64,684517,709643,709886,686148,243,25369,25126,0,0,0
710371,7482fdb7-d56c-2bb3-dde5-e942133daf90,64,663374,697796,710371,683133,12575,46997,34422,0,0,0
710577,c0df7577-7c0c-93aa-6c7f-3ecfa152c49c,64,658005,705587,710577,685342,4990,52572,47582,0,0,0
711299,73d8123f-6c47-a580-1b07-90a837baea62,64,672218,709886,711299,686848,1413,39081,37668,0,0,0
712165,81242236-d835-f361-7be8-8dbe5111587c,64,673864,702691,712165,684471,9474,38301,28827,0,0,0
712441,88f4e7a8-b4dc-d0e6-39e3-a470e4eadddf,64,687395,712165,712441,687751,276,25046,24770,0,0,0
712760,2948a60d-2a9c-1cca-e81c-d50a20afab7d,64,657650,701925,712760,684166,10835,55110,44275,0,0,0
712830,8b4ee0da-a4b4-754f-e613-6a33dc5493ba,64,687139,712760,712830,687959,70,25691,25621,0,0,0
714096,f642410f-5e6f-977f-1bda-f2cc24e2c150,64,675790,704721,714096,684733,9375,38306,28931,0,0,0
714287,43544d75-662d-a018-de14-004c51dd12a5,64,673160,711299,714287,687730,2988,41127,38139,0,0,0
714592,240c6a50-b5cc-f6ae-b3fb-f4e52453fe8d,64,687838,714287,714592,688281,305,26754,26449,0,0,0
715121,745797fe-9747-0f04-1511-cb6dfb1ac82a,64,658641,704215,715121,684543,10906,56480,45574,0,0,0
715895,cad3f420-700f-079d-9333-108b8e9e9d6b,64,680099,710577,715895,687676,5318,35796,30478,0,0,0
715959,9eb43948-53e4-1eb9-63c6-88fd4693189b,64,688507,715895,715959,689207,64,27452,27388,0,0,0
716134,425b173e-75aa-337d-bf3f-3b005320e26d,64,662989,705275,716134,685001,10859,53145,42286,0,0,0
717348,b46f6f85-250f-d3ef-00e4-5ad8e2489870,64,657584,706756,717348,685525,10592,59764,49172,0,0,0
717408,2c49bcba-c46f-8217-ff77-3a47ff34b7b8,64,657548,712441,717368,687770,4927,59820,54893,0,0,0
717527,2c291e1c-86e5-7443-ebf1-26b7c1ad8827,64,660483,714592,717527,688572,2935,57044,54109,0,0,0
718313,a7215434-e7c2-6409-7444-c73d46b4baf1,64,661822,707419,718313,685568,10894,56491,45597,0,0,0
718811,b0f11d31-bb56-ff90-132b-323f57876e8f,64,658020,712830,718811,688039,5981,60791,54810,0,0,0
719258,230f3e80-b6aa-a8df-6ba7-a105fe3ad0bd,64,659365,708628,719258,685691,10630,59893,49263,0,0,0
719438,36968c49-8d00-cebb-d6e1-f12f68a721b7,64,689746,719258,719402,690279,144,29656,29512,0,0,0
719558,2eee3fb1-8840-30a8-bf51-2cc5a082f659,64,671230,714096,719502,688243,5406,48272,42866,0,0,0
719731,03911744-83c3-c41b-10cf-b0b8ef643c6d,64,658007,710371,719731,687384,9360,61724,52364,0,0,0
719869,6452be10-2b0d-59ed-eb49-2818f2c75df0,32,690558,719731,719869,691077,138,29311,29173,0,0,0
720457,1b2094d0-789b-00f9-e1a4-a3c7c0e107b8,64,658614,717527,720457,689790,2930,61843,58913,0,0,0
720947,96c10198-fb95-377f-2d6a-de5c69932783,64,660161,715959,720947,689210,4988,60786,55798,0,0,0
721243,2b9eb4e4-626b-cb34-5ee7-001bbb6f024a,64,663169,718313,721232,690030,2919,58063,55144,0,0,0
721384,81b14515-2b32-3f27-59c6-181a0b70c293,64,658022,702754,721384,684482,18630,63362,44732,0,0,0
721615,994c3063-6f70-9af5-1601-1936ac0d4d64,64,658255,719731,721615,691282,1884,63360,61476,0,0,0
721675,842b87d9-a656-a677-5b70-96cf94b6761e,64,659539,718811,721656,690119,2845,62117,59272,0,0,0
722346,2e3cebb7-1a13-3980-ea7a-d73f4a22a389,64,658861,717408,722346,689648,4938,63485,58547,0,0,0
722530,8de67265-f2f7-c74a-26b4-6516749bf0e2,64,679565,721615,722530,691610,915,42965,42050,0,0,0
722590,8d73b6ce-95fd-eac0-064b-b4ff7b991a6d,64,678216,719558,722547,691068,2989,44331,41342,0,0,0
724006,05bb0e90-6713-dffb-0a9a-49a016743bf0,64,681941,722346,724006,692090,1660,42065,40405,0,0,0
724126,60297f7d-9b00-dace-7e3a-7042ac922030,64,680295,719438,724126,690979,4688,43831,39143,0,0,0
725339,251ebfb3-a8d4-202b-dd24-0b977e9138a3,64,658677,722530,725339,692281,2809,66662,63853,0,0,0
726369,0e97838b-8bc9-f41d-f16b-ebca6ff151f8,64,657760,721384,726369,691561,4985,68609,63624,0,0,0
726498,4c459981-c2e9-cf48-ff49-339f2b5a2179,64,692150,726369,726498,692983,129,34348,34219,0,0,0
726558,46c6f762-be53-c063-e381-5ec4da33e21d,64,678665,724006,726519,692918,2513,47854,45341,0,0,0
726702,63abe581-dc24-a7ad-0b3c-bc3808ed2525,64,659635,717348,726702,689504,9354,67067,57713,0,0,0
726762,27fe433c-d0b6-9d61-348b-c9e16d4f37a0,64,673317,721243,726712,691447,5469,53395,47926,0,0,0
726762,5527096b-4c13-777b-550a-d1ec7735cd82,64,663323,716134,726746,689454,10612,63423,52811,0,0,0
726997,97717d4c-76d7-bde2-823b-629276b66996,64,671474,725339,726997,692964,1658,55523,53865,0,0,0
727107,e93f7e4e-3cd9-3777-fabd-9bd21b3cdf2b,64,675790,721675,727107,691959,5432,51317,45885,0,0,0
727290,6470f9c0-35e4-eada-fb49-ef53b36d4cea,64,677569,722590,727290,692613,4700,49721,45021,0,0,0
727464,52324ea7-9999-15fd-9098-493a697f7095,64,683082,726558,727464,693127,906,44382,43476,0,0,0
727742,6d2623d1-3e69-2512-46c6-6bb0c62a0ba4,64,613766,720947,727739,691314,6792,113973,107181,0,0,0
727886,b95f8755-c9e4-c9b9-10df-1855bbca3e59,64,674067,724126,727874,692921,3748,53807,50059,0,0,0
727960,b154f0fa-986f-c750-c2f5-e72e03e86c62,64,694164,727886,727960,694936,74,33796,33722,0,0,0
728020,25d5f437-8518-ac8b-4396-0bd41ccc7eeb,64,659217,720457,728016,691310,7559,68799,61240,0,0,0
728221,68d113f3-262b-bdd3-eb29-66fd5fdf0f07,64,676141,726762,728221,693503,1459,52080,50621,0,0,0
728281,66b12448-7f05-8655-e4bf-f5c58edb694d,64,659634,709583,728231,685996,18648,68597,49949,0,0,0
728354,e5113918-6456-98b0-3dfa-d162d85eb937,64,673331,726702,728354,693339,1652,55023,53371,0,0,0
729417,62835d4f-5941-b790-a496-a5c52281be23,64,662717,726498,729417,693125,2919,66700,63781,0,0,0
729588,829b72ca-456e-242d-9960-ecf1ab563673,64,674438,727107,729588,694313,2481,55150,52669,0,0,0
729965,caae73b9-354e-de15-64d4-6d48ecda807e,64,680188,727464,729965,694609,2501,49777,47276,0,0,0
730196,f6057b3a-00b2-0063-d966-2a96080679e4,64,658205,728354,730196,695959,1842,71991,70149,0,0,0
731305,cb9178a0-0c1c-22a8-db44-55318c2071ce,64,662937,728020,731305,695532,3285,68368,65083,0,0,0
731610,44dbfea8-cbd6-a743-2868-9f3437d7cc08,64,678975,729965,731610,696284,1645,52635,50990,0,0,0
731998,8b352d2b-9f04-30fc-4ba7-28aa124d456f,64,679437,727290,731998,694527,4708,52561,47853,0,0,0
732058,e626d551-519a-73ae-13dc-c8c8f4d0f2d5,64,661657,730196,732018,696527,1822,70361,68539,0,0,0
732223,dcbd351c-bf9e-d0bf-8b9c-a6299999489d,64,678175,731305,732223,696547,918,54048,53130,0,0,0
732378,c63490be-3883-4e83-58ca-d298621e81e6,64,536632,560481,732378,651699,171897,195746,23849,0,0,0
732627,a4802cf8-c0e0-1671-5e2d-8e4e77748ed4,64,676460,727960,732627,695249,4667,56167,51500,0,0,0
732706,6acbbba0-eeb4-b3df-64be-e3bd1b44c8bb,64,660080,726762,732706,693488,5944,72626,66682,0,0,0
732766,cfb27b70-41a0-6e4d-1e76-5ec32c9a25f9,64,657557,727742,732734,694786,4992,75177,70185,0,0,0
733028,a4d93272-d5e2-5efc-043a-41148d9da2cf,64,677053,728281,733028,695834,4747,55975,51228,0,0,0
733662,c5018710-d480-49ae-67b4-9746319d19e0,64,682980,732223,733662,697462,1439,50682,49243,0,0,0
733822,d926f60f-2ade-d819-d95a-f18136e5a55c,64,660353,715121,733822,689102,18701,73469,54768,0,0,0
734456,65586f40-344d-2a9b-4d45-ab0e520043c4,64,681336,731998,734456,697111,2458,53120,50662,0,0,0
736352,57ee7c4d-25d0-2716-d0ad-6daeeacd80e3,64,682754,726997,736352,693876,9355,53598,44243,0,0,0
736447,ad460712-3f10-3616-94ed-6f1a37cd39d4,64,692416,734456,736447,698790,1991,44031,42040,0,0,0
736700,9815a38d-1e18-765c-9e60-89b583d02737,64,698083,736447,736700,699185,253,38617,38364,0,0,0
736946,34f29dab-9707-d1e7-68a3-dea9a4119153,64,683098,731610,736946,696870,5336,53848,48512,0,0,0
737946,83e23e85-b6ea-4139-22ed-368014a34cec,64,696746,736352,737946,698882,1594,41200,39606,0,0,0
738056,b5599761-f380-3200-2f29-feb47f80f428,32,657515,732058,738056,697195,5998,80541,74543,0,0,0
738710,1c6f4f45-88cc-fec4-dd82-015ec7c0b55f,64,658276,732766,738710,697978,5944,80434,74490,0,0,0
738770,7d67b1e1-6e16-87e6-9f20-33ed2622e067,64,659594,729417,738763,695978,9346,79169,69823,0,0,0
738830,bd3c24d2-43e1-c00c-2d09-1315de145448,64,661252,728221,738820,695700,10599,77568,66969,0,0,0
738976,e8a630ce-f7d1-b864-024d-b92fa7595c3e,64,661444,729588,738976,696069,9388,77532,68144,0,0,0
739815,0dad6c2d-1c80-5ef4-fde5-288cd01a64ec,32,670411,733822,739815,698505,5993,69404,63411,0,0,0
739994,e082a7cd-f424-3dc8-f2c2-1aa12e6485eb,64,680621,733662,739994,698280,6332,59373,53041,0,0,0
740054,3ad683eb-ec0b-beb7-ec77-0599eaddd5b6,64,702022,739815,740004,702463,189,37982,37793,0,0,0
740141,d8607014-3c6e-0a94-3b61-abc186858a26,64,667063,732627,740141,697779,7514,73078,65564,0,0,0
740201,df53d8a2-b32d-62d2-1e10-0fdfb7f722fa,64,702050,740054,740144,702815,90,38094,38004,0,0,0
740289,681bc2d7-8e60-2fa0-48ce-bdedbf42f489,64,623401,678076,740289,668732,62213,116888,54675,0,0,0
741322,a7b0e7fd-3e62-3242-2041-9a99529eea77,64,681160,738830,741322,701740,2492,60162,57670,0,0,0
741402,ed93dcfd-710a-8135-6938-14bbaac41eb2,64,667023,732058,741402,697342,9344,74379,65035,0,0,0
741562,3dc0b1aa-d55e-dd96-e6ce-159684989946,32,703043,741402,741562,703955,160,38519,38359,0,0,0
741632,b2555c9e-354f-3b4e-ecb6-ec8a0a12b81c,32,703579,741562,741632,704469,70,38053,37983,0,0,0
742631,56fae2de-8a69-213c-3f49-76fbc9f4394f,64,661582,736700,742631,699303,5931,81049,75118,0,0,0
742819,b89d32c3-1943-2f42-d32f-0a8243cd4d39,32,703734,742631,742819,704957,188,39085,38897,0,0,0
743085,0025c667-59e4-cd4c-fee0-b59915244da9,32,703931,742819,743085,704982,266,39154,38888,0,0,0
743311,381fb565-ed13-d814-61c2-6d70eb2d7a81,64,660816,732706,743311,697845,10605,82495,71890,0,0,0
743694,c37e0639-a31c-74f4-47d9-686d612cc547,64,670585,738710,743694,700925,4984,73109,68125,0,0,0
744894,9534f26d-963f-bb9e-0856-04dda8d6d7a3,64,662912,732378,744894,697501,12516,81982,69466,0,0,0
746332,8a7aea1e-3e01-42af-e854-e42478951c78,64,679553,736946,746332,699675,9386,66779,57393,0,0,0
747628,53035cb0-acc3-9111-d4ac-a264bb92441c,64,667879,740141,747628,702883,7487,79749,72262,0,0,0
748322,809e0692-a931-428b-4f70-1850b2443af8,64,668841,743311,748322,705368,5011,79481,74470,0,0,0
748813,301bc998-7ab7-832d-7fc6-f12109dc0028,64,662198,738056,748813,700837,10757,86615,75858,0,0,0
749344,3631e054-0a63-8dea-4d90-f0f4fe87e101,64,662966,739994,749344,702605,9350,86378,77028,0,0,0
749503,216f28a8-681c-ae12-c391-b5fc1a5c9370,64,682540,740201,749503,703521,9302,66963,57661,0,0,0
749575,83017c87-7d95-1acc-bf91-5ce38d43f20d,64,668053,743694,749575,705648,5881,81522,75641,0,0,0
750538,aec08520-001d-8c28-e40b-ffbf8d73bcc7,64,670000,737946,750538,700000,12592,80538,67946,0,0,0
750693,4317849c-8e84-16f3-ff16-1bdcedff12a6,64,660966,741322,750693,703785,9371,89727,80356,0,0,0
751643,d98a3df6-6b6f-a7b5-b6d6-66b0bdcbc535,64,683630,741632,751643,704784,10011,68013,58002,0,0,0
751725,ed0eaf5a-ae8e-3a21-a614-aa39090ecfda,64,667566,733028,751725,698079,18697,84159,65462,0,0,0
755375,cd4e858d-92c1-9844-9f0f-b282ea279c99,64,667609,744894,755375,706135,10481,87766,77285,0,0,0
755436,db96961c-c637-e516-2495-15b6ea23db9b,64,669605,749503,755436,709442,5933,85831,79898,0,0,0
755701,d0a8b259-a4aa-fb0d-8eed-96243c7506fc,64,662790,743085,755701,705353,12616,92911,80295,0,0,0
758165,b53538b3-10a8-3d35-7a20-6b802e774528,64,670104,747628,758165,707189,10537,88061,77524,0,0,0
758225,b8d4d87a-0116-77f5-6d1e-001addb035c6,64,718338,758165,758221,718864,56,39883,39827,0,0,0
758405,b79fe735-16f5-328a-fd67-5f4e2a6732bb,64,719271,758225,758405,719859,180,39134,38954,0,0,0
758603,68db91ed-bcaa-3270-2376-b8b07e61cb31,64,719438,758405,758603,720334,198,39165,38967,0,0,0
759130,9be1cd62-40ab-07e8-4ff0-ad296542919c,64,719915,758603,759130,720599,527,39215,38688,0,0,0
759285,6776736f-5927-093b-0ec8-7c27962743bf,32,719884,759130,759285,720766,155,39401,39246,0,0,0
759345,3f10a2c9-012b-ab93-eddc-2a2193d5dd22,64,721165,759130,759345,721921,215,38180,37965,0,0,0
759547,15bf20fd-19ac-401c-e913-9968601dfe6c,64,721147,759345,759547,721981,202,38400,38198,0,0,0
759787,724279ab-101e-a129-9ce2-d18f719a4a9b,64,613607,749344,759787,708539,10443,146180,135737,0,0,0
760002,a39a0c5e-e584-727e-2289-da9ca61ef776,64,683646,749575,760002,710367,10427,76356,65929,0,0,0
760107,ad91fc7f-5afd-b449-4ce9-0702724c4244,64,721176,759787,760107,722120,320,38931,38611,0,0,0
760167,e4d0b7eb-21b6-554d-c1fc-c354c8cde51f,64,721176,759547,760150,722101,603,38974,38371,0,0,0
760318,dc8f2d98-d70c-a8ad-b1b0-acb234c23bf3,64,721165,760002,760318,722124,316,39153,38837,0,0,0
760598,a0a05a11-e3d3-c593-da39-45ff64cb31d2,64,721164,760107,760598,722151,491,39434,38943,0,0,0
760701,a61b4fd6-0d3a-d93f-9adb-5711a2fc679c,32,721161,760318,760701,722237,383,39540,39157,0,0,0
760761,b5a4d145-bce6-8f10-4132-eb24da58a2a9,32,721140,760318,760709,722223,391,39569,39178,0,0,0
760761,8492bcd4-fa57-7432-0884-6d27fa00cb20,64,721133,760167,760747,722193,580,39614,39034,0,0,0
760825,b82d6dab-c75c-a76c-1180-edb3064530d1,64,613507,738770,760825,701156,22055,147318,125263,0,0,0
761242,6e1b22f4-28ba-8316-0db1-ea96b4bb29eb,32,613674,738976,761242,702273,22266,147568,125302,0,0,0
761302,e5fcb6be-9a14-5498-82dd-a8b7eefa91fa,64,721145,760598,761276,722270,678,40131,39453,0,0,0
761491,5b06d3a7-d68a-b292-6245-be0fbaa77559,32,721186,761302,761491,722407,189,40305,40116,0,0,0
761600,69602397-3ca2-17d9-4dff-1c55b20f025b,64,721173,760761,761600,722331,839,40427,39588,0,0,0
761824,b6eea44e-0c1b-321b-b53d-fefe28d3b988,64,721181,761491,761824,722414,333,40643,40310,0,0,0
761884,0ac1b90a-f099-9ae2-7339-000c3f6689d5,64,721161,760701,761836,722320,1135,40675,39540,0,0,0
761944,8e0e1c05-2f3b-5ded-721b-c2868ac82965,64,721152,761600,761907,722419,307,40755,40448,0,0,0
761944,7b4ae14c-4074-09b0-16fb-8700cf108358,64,721163,761242,761910,722378,668,40747,40079,0,0,0
762004,04c846d0-4564-59dd-42d3-9a4a4df38d6e,64,721166,760825,761981,722368,1156,40815,39659,0,0,0
762064,7f106824-003b-fd9d-2442-97442a3df764,64,721131,761824,762010,722448,186,40879,40693,0,0,0
762064,a0c1a4a0-cabc-20c9-657a-03835090f738,64,721166,761884,762010,722518,126,40844,40718,0,0,0
762200,90fc8da9-d581-a1af-18b3-c2f849286be5,64,721141,762064,762200,722652,136,41059,40923,0,0,0
762408,f8e3e97b-858d-994c-a35a-35584b894b6b,32,721137,762004,762408,722590,404,41271,40867,0,0,0
762512,757a3e24-dc51-4db5-df17-84cec2954026,64,721187,762200,762512,722684,312,41325,41013,0,0,0
762621,70793064-777f-30fb-3dd9-af4c7ac32cfb,64,721185,761944,762621,722553,677,41436,40759,0,0,0
762681,e6cb403c-a482-c040-63f0-d798d40a6bf2,64,721165,761944,762624,722579,680,41459,40779,0,0,0
762681,8083d4d2-964e-9b3f-9b69-f4415abdea75,64,678733,751725,762652,713167,10927,83919,72992,0,0,0
762741,7b2da9e0-46b1-d92c-2434-08a69ac132f7,64,721290,762064,762683,722661,619,41393,40774,0,0,0
762741,f2fe81fc-52a5-2b0a-1d79-de3cd4000c40,64,721132,762512,762702,722697,190,41570,41380,0,0,0
762809,4381c23d-3a4f-a67c-8dd4-d3a907465dd6,64,721126,762681,762809,722787,128,41683,41555,0,0,0
762869,23c83b26-258b-decb-0978-1496112cc7ad,64,721142,762681,762832,722830,151,41690,41539,0,0,0
762933,288f72ad-491a-c1b8-336a-bc335f81dd18,64,721186,762741,762933,722889,192,41747,41555,0,0,0
763000,6f949d59-051f-dd3a-52db-6b300c5b8188,64,721152,762408,763000,722691,592,41848,41256,0,0,0
763097,a6f09d30-f93a-b96b-541f-14addb036113,64,721124,762621,763097,722730,476,41973,41497,0,0,0
763260,623d8e1a-f9bf-bd72-7431-a965c7517bdd,64,721131,762933,763260,722952,327,42129,41802,0,0,0
763320,e96eafa6-1bb6-85e2-5576-1d1525180b12,64,721129,763097,763292,723008,195,42163,41968,0,0,0
763411,47171f58-a838-51b6-d2d7-9bd95c4ba0ca,64,721128,762741,763411,722832,670,42283,41613,0,0,0
763493,602a5fe6-3ef6-5a74-3a7e-1f40a74e4b9a,64,721158,762809,763493,722920,684,42335,41651,0,0,0
763581,a101af47-1327-c029-bfd5-e2862dcd7fa0,64,721142,763000,763581,722963,581,42439,41858,0,0,0
763641,55261906-cfe8-c16d-28f9-6fc9f82ff486,64,721153,763411,763599,723081,188,42446,42258,0,0,0
763641,50c0d0d8-9479-47f0-8f49-363ba5252f3e,32,721145,763260,763634,723053,374,42489,42115,0,0,0
763858,d86a88d3-7dcc-c3d5-196a-8b8a13fd9005,64,721128,763320,763858,723066,538,42730,42192,0,0,0
764012,e430bb89-fffd-f44b-5d02-b0349a1f9c0a,32,721167,763641,764012,723190,371,42845,42474,0,0,0
764075,e3e7ca04-b416-0d9d-b045-b25556af0c46,64,721129,762869,764075,722933,1206,42946,41740,0,0,0
764168,47d10e56-6b4a-636d-ade1-b64666ece996,64,721157,763493,764168,723114,675,43011,42336,0,0,0
764232,71158d26-b4b7-67be-bf78-bbec6a27ded7,64,721124,764012,764232,723251,220,43108,42888,0,0,0
764356,fe24eeb2-572b-8bd9-9b40-96df1258fde5,64,721176,764168,764356,723337,188,43180,42992,0,0,0
764416,c7ead9a9-3328-4be4-7375-b7aff2f44e68,64,721142,764232,764373,723363,141,43231,43090,0,0,0
764552,aaf1ce63-e90b-85c6-7bc7-51d7dac5e8bf,64,721179,763858,764552,723237,694,43373,42679,0,0,0
764785,4395c0d1-38ec-f484-6bc2-e78917bbac8d,64,721162,763641,764785,723178,1144,43623,42479,0,0,0
764845,681e94ad-6ecb-b370-2e6e-df0cbb22d683,64,721184,763581,764819,723176,1238,43635,42397,0,0,0
764905,4e4fe4f5-d04c-7bf1-d3f7-a15a89744e30,64,721155,764075,764872,723325,797,43717,42920,0,0,0
765063,8107321c-4d6b-c177-a493-c6010859427d,64,721172,764356,765063,723410,707,43891,43184,0,0,0
765123,b1641d52-487a-a47e-0edf-07e1661bde19,64,721123,764845,765065,723504,220,43942,43722,0,0,0
765123,bf539a64-2727-f262-9dfc-765595359336,64,721155,764416,765095,723451,679,43940,43261,0,0,0
765301,242b9505-3a04-cf28-4a03-93f0c8968c7f,64,721291,764905,765301,723514,396,44010,43614,0,0,0
765496,9734f9d8-2f5c-e83c-52c2-7691fbbcc54f,32,721135,765123,765496,723640,373,44361,43988,0,0,0
765559,0423e339-806c-33c8-3d24-218fcf334f70,64,721134,764785,765559,723499,774,44425,43651,0,0,0
765626,7c1ebfdd-f798-e128-33f8-6dd5027b63b5,64,721140,765301,765626,723678,325,44486,44161,0,0,0
765686,6c01243a-8a44-89b2-4d2e-11cab42796aa,64,721179,765063,765660,723564,597,44481,43884,0,0,0
765686,e6c86da6-a931-68dc-67a0-6d8fc73c64e4,64,721170,764552,765675,723485,1123,44505,43382,0,0,0
765746,a5a29064-0787-b802-e54b-7a3a8fd62121,64,721149,765626,765743,723728,117,44594,44477,0,0,0
765823,5f61868b-74b0-8685-df72-cb03d40cb2e9,64,721179,765123,765823,723628,700,44644,43944,0,0,0
765943,0aafb191-4d06-b453-de03-365f49506abb,32,721151,765559,765943,723698,384,44792,44408,0,0,0
766072,82173968-24b8-5639-fd71-f1c06fa86dec,32,721174,765686,766072,723820,386,44898,44512,0,0,0
766132,ae553876-1fa9-28a1-7d00-b2df4529ea2d,64,721125,765686,766103,723852,417,44978,44561,0,0,0
766132,2ddae26f-b04d-f885-d52e-b3c311d031d5,64,721287,765496,766106,723688,610,44819,44209,0,0,0
766212,3375a851-082b-91a0-fad1-3e2839811601,32,724852,766132,766212,725973,80,41360,41280,0,0,0
766272,4e6792a6-e39e-fdcf-8de1-4304742efb99,64,613453,755375,766244,713809,10869,152791,141922,0,0,0
766332,d60baa2f-acc7-7892-2fdc-757d537b7bd5,64,721684,765823,766322,724600,499,44638,44139,0,0,0
766392,5b8ea20e-b66f-4e65-b0f9-68714cb49da9,64,721173,765746,766367,723990,621,45194,44573,0,0,0
766392,e30a51fb-a21b-d861-2c5d-410c87ce11b4,64,721137,765686,766386,723865,700,45249,44549,0,0,0
766464,3235b12b-3be5-bdb7-c312-31a1f6c8b88c,64,725212,766132,766464,725940,332,41252,40920,0,0,0
766524,773fa5be-1c60-358d-2fb5-904206296005,64,725641,766272,766468,726447,196,40827,40631,0,0,0
766524,5a443d2e-6a20-ede3-05af-68fc9cd548cf,64,727578,766332,766479,728096,147,38901,38754,0,0,0
766584,53d3ca18-2718-366c-cb22-a17a20f762b6,64,683631,755436,766569,717855,11133,82938,71805,0,0,0
766584,138f995c-f917-01ef-aa46-0e67867bbad4,64,727682,766464,766582,729106,118,38900,38782,0,0,0
766644,156e636a-f655-34df-f3ee-5aaaf86dc035,64,725736,766212,766588,726444,376,40852,40476,0,0,0
766704,232b2baf-49db-4c8c-d7fe-91b75c69536b,64,727826,766392,766669,728365,277,38843,38566,0,0,0
766764,320c5974-b5f7-6dc3-0e92-83c15f158d44,64,727685,766392,766746,728756,354,39061,38707,0,0,0
766824,a4613246-34aa-67ad-bc9b-0f448468631c,64,721147,766072,766796,724912,724,45649,44925,0,0,0
767649,97022edb-2280-95f5-cce1-99f30282734d,32,683595,751643,767649,712928,16006,84054,68048,0,0,0
767750,c4ab55dd-290f-fcc5-2e03-071124c18882,64,727482,766524,767750,729425,1226,40268,39042,0,0,0
768078,caa91073-22b0-2e33-822b-e03d09b06e33,64,613605,740289,768078,703526,27789,154473,126684,0,0,0
768263,490eefee-1900-4783-9beb-92fa47218be4,32,729299,766524,768263,733349,1739,38964,37225,0,0,0
769413,37ebfb00-d219-63c1-c3c6-e99d27a160f9,64,719300,766584,769404,740527,2820,50104,47284,0,0,0
769908,58376f86-722b-e64a-6960-bff0cae6d712,64,719533,768078,769895,754324,1817,50362,48545,0,0,0
769968,e54037ca-1cd8-4fac-6289-b4f707271984,64,719346,766644,769943,740587,3299,50597,47298,0,0,0
772603,ac78e289-ac05-200f-722b-50ee89f51b7d,32,719568,766584,772585,737484,6001,53017,47016,0,0,0
772678,fc534677-9cd6-e073-b4b6-d380004e79d5,64,719084,766704,772678,741775,5974,53594,47620,0,0,0
773357,bae72596-54a8-23d4-1102-f671001470a5,64,718849,768263,773299,755450,5036,54450,49414,0,0,0
773861,83627d08-27e0-4fde-ea48-7b0a7424f3ba,64,613519,766824,773850,752283,7026,160331,153305,0,0,0
774102,06a73b7b-0c65-d53d-e3d1-4ae2ab3cf1e6,64,613553,755701,774098,718239,18397,160545,142148,0,0,0
775604,cfe01c44-bd8e-597b-f12e-a3ad8c893288,64,770286,772678,775604,784684,2926,5318,2392,0,0,0
776976,266e8e16-5f68-e7c9-73bb-54250ca6ca8e,64,772120,774102,776925,786702,2823,4805,1982,0,0,0
777419,94974d98-b3aa-b223-15d2-6f228dbcadbd,64,719430,769908,777419,758458,7511,57989,50478,0,0,0
778161,034e7748-44fd-f471-73b6-eee75cf14c7a,64,777867,777867,778161,778486,294,294,0,0,0,0
778435,283b2309-dd5a-906d-45a1-9bc9db0580c8,64,719408,767750,778391,752376,10641,58983,48342,0,0,0
778933,11451c9d-2d1f-b0da-8203-b80eac71e940,64,773046,775604,778882,788027,3278,5836,2558,0,0,0
779188,10a072cd-3b08-298f-f741-7c1f5a54bbf0,64,719533,769968,779142,760287,9174,59609,50435,0,0,0
779321,96258368-6287-c3a1-b98c-ce823a1ab6c6,64,769353,773357,779321,784836,5964,9968,4004,0,0,0
779860,efd88d64-aab3-181e-b0a5-5981b36e21ec,64,770117,773861,779848,786403,5987,9731,3744,0,0,0
780751,b6148761-8b6a-1357-b470-69436af406e4,64,780691,780691,780740,781075,49,49,0,0,0,0
780910,4d4b535f-a7ca-fc96-ee95-bd6691da07f6,64,613498,746332,780910,706325,34578,167412,132834,0,0,0
781239,7b4581cf-8441-65fd-2411-be0f830b48c8,64,780991,780991,781239,781571,248,248,0,0,0,0
781315,8428731c-872e-05e5-4b69-e9cb59efc176,64,781088,781111,781315,781977,204,227,23,0,0,0
781375,8065d647-6f3e-2601-d239-b58e8df08c15,64,770348,778435,781341,788764,2906,10993,8087,0,0,0
781435,f5e99f5f-17b3-50f9-e482-2d49d445e6ba,64,781079,781111,781407,782132,296,328,32,0,0,0
781435,f1d7684e-9c04-24d1-2f5f-73ecbb541cb7,64,780993,781051,781410,781578,359,417,58,0,0,0
781576,84f13c41-f97e-9df1-ab56-babbaaa197a2,64,781471,781495,781576,782301,81,105,24,0,0,0
781636,8fc9efc1-e695-e4fe-9146-d27644e1c943,64,781460,781495,781587,781871,92,127,35,0,0,0
781839,5fc49cfd-0ac9-4016-4d51-184b4b5c9368,64,781681,781696,781839,782323,143,158,15,0,0,0
781899,5bf1567c-50a8-644d-5e4a-412d843be228,32,781657,781696,781849,782297,153,192,39,0,0,0
781970,a21b71b0-761a-d3ab-5061-989b8f118371,64,719490,769413,781970,756080,12557,62480,49923,0,0,0
782275,dc5b02eb-f6ef-ae93-39b4-84668da80303,64,769440,779188,782275,789221,3087,12835,9748,0,0,0
782335,3ba98dc2-52c2-9d3c-cdae-ea400b754274,64,781707,781756,782312,782232,556,605,49,0,0,0
784167,fe13a22a-d36c-d3c7-1e34-666502f66ea8,64,773955,782335,784167,790355,1832,10212,8380,0,0,0
784368,63beae04-3f70-e62c-d370-d9eddd2e0de4,64,784248,784248,784323,784987,75,75,0,0,0,0
784571,55450fe0-613b-c9e5-caab-79b5050c93b2,64,773584,779321,784563,789294,5242,10979,5737,0,0,0
784691,ddaa559f-5f72-5c0e-790b-0ad93e22b58c,64,784511,784511,784673,785606,162,162,0,0,0,0
784691,1b1782c5-6009-a906-5685-4874f32938d3,64,784404,784428,784681,785460,253,277,24,0,0,0
784847,068b8a54-7623-6301-58ce-f1a832a9ad87,64,784254,784308,784835,784954,527,581,54,0,0,0
784907,aea9c509-5cf9-506f-03e7-fad079136326,64,774421,778933,784894,789021,5961,10473,4512,0,0,0
784985,a752d7ed-1c01-9ae3-67dd-463c31fba98c,64,784601,784631,784985,785558,354,384,30,0,0,0
785201,25c3f0ff-b9d7-5d9b-befc-b9f6ad85276c,64,770030,779860,785201,789965,5341,15171,9830,0,0,0
785261,8e0021ff-642b-d1bf-ea29-f0f7fce0b894,64,773037,777419,785227,788593,7808,12190,4382,0,0,0
785321,447282b2-73d6-1a2b-8f34-2cf339a5d82e,32,773801,779188,785319,789086,6131,11518,5387,0,0,0
785504,4b70adc3-8a14-6a0b-858b-faeb20055102,64,718837,766764,785504,748144,18740,66667,47927,0,0,0
786396,91ba3979-a836-53a0-8a06-3dd7058a0517,64,771829,776976,786396,788590,9420,14567,5147,0,0,0
787684,bb657e68-5059-b20d-1af5-4420160d8b2d,32,769470,780910,787645,790108,6735,18175,11440,0,0,0
788507,30bbaeca-3ab8-9dd8-3ad3-463df782997d,64,772440,785201,788475,791948,3274,16035,12761,0,0,0
788567,19c4cc7e-c9d9-e2e3-6631-881845cc0188,64,788366,788387,788523,789491,136,157,21,0,0,0
788567,0355823e-e934-2c65-a161-c0510e725f69,64,774160,782275,788531,790198,6256,14371,8115,0,0,0
788567,b371d27b-3578-f946-80d1-135b15c12199,64,776260,785261,788541,792208,3280,12281,9001,0,0,0
788660,c6c0626a-e975-e2bc-0fd2-bcdf301168da,64,788340,788387,788660,788943,273,320,47,0,0,0
789790,fb54636e-051b-12fb-b4f9-3ce540df58f5,32,784787,784847,789738,790576,4891,4951,60,0,0,0
789925,4f241c2f-3b80-4010-2dbc-aab0c641f073,64,770405,784985,789890,791275,4905,19485,14580,0,0,0
789925,19a7363e-987d-c6b0-0eb6-15185ea3682d,64,613606,750693,789902,711926,39209,176296,137087,0,0,0
790720,e7b10d06-900b-d257-c8fe-9687f94cbf86,64,770140,784167,790720,790674,6553,20580,14027,0,0,0
790923,0547fdbd-654e-2a2a-8e83-d80cc285856e,32,776343,784907,790908,791077,6001,14565,8564,0,0,0
791187,93214ef3-b334-7c73-ccdc-e4e02d2ee93e,64,536597,568950,791187,711401,222237,254590,32353,0,0,0
791759,242d679f-7c67-797c-9d87-3d76a6cb1c70,64,791639,791639,791714,791998,75,75,0,0,0,0
792221,817c31f1-ad07-0206-d91d-6d370b6da677,64,790735,790780,792221,792352,1441,1486,45,0,0,0
792628,c6734a9c-e263-2a99-2b5e-96d5b07dd09a,64,772591,789790,792628,794417,2838,20037,17199,0,0,0
792819,138e8072-b418-97ff-d21c-0aa1cb4bf652,64,771773,785321,792819,792283,7498,21046,13548,0,0,0
794486,22f7596b-2a44-209c-978f-ef0ed2b8931c,64,779329,792628,794486,796386,1858,15157,13299,0,0,0
795895,15371501-9bed-cf22-51e5-a7b9a0fa4133,64,772528,792819,795895,796507,3076,23367,20291,0,0,0
795979,dbcec284-7e18-be40-f5f0-1e22bd62510a,32,771809,789925,795979,794770,6054,24170,18116,0,0,0
796149,ea9b9965-c07f-51bb-6a3b-a8f0628be36b,64,773543,785504,796149,792880,10645,22606,11961,0,0,0
796209,4d290a43-952f-0188-c01e-e7191e6bebbf,64,771743,788660,796190,794401,7530,24447,16917,0,0,0
797331,20a4464a-a268-ec3c-6480-4f64c6afdd10,32,771835,791187,797331,795501,6144,25496,19352,0,0,0
797515,1184a4c6-a04f-ed4f-5193-814144f39fd5,64,778999,794486,797515,796788,3029,18516,15487,0,0,0
798154,7d57d3dd-611c-8e4c-99d2-ae1ce285116b,64,769742,792221,798154,796203,5933,28412,22479,0,0,0
798218,b331fe9c-c7db-ae07-533f-b4a3352320e7,32,772349,792221,798218,795978,5997,25869,19872,0,0,0
799008,46838bed-11bf-06d3-d725-fbe137b77ca2,64,775775,786396,799008,793700,12612,23233,10621,0,0,0
799197,b6c9334f-08a7-71c7-6a2b-a40916d35423,64,772517,788567,799197,794371,10630,26680,16050,0,0,0
799295,4a874ce3-9a7e-c89f-76d3-b57f2936354a,64,777752,789925,799295,794490,9370,21543,12173,0,0,0
799448,6e01eb1b-f931-0c55-ca24-4708dbf6023e,64,778697,796149,799448,797138,3299,20751,17452,0,0,0
799508,e23657e5-f19c-216e-b6c6-c24b803ea091,64,770390,797515,799475,797283,1960,29085,27125,0,0,0
800061,ac5c43ff-b91c-1533-ea91-8c62daab40aa,64,796534,799008,800061,798027,1053,3527,2474,0,0,0
800617,64edcbba-1f65-69d7-3f06-fe52c6fd98a3,64,773138,781435,800617,790177,19182,27479,8297,0,0,0
800677,12f2f2a4-1e48-9b3a-5ea5-d2fd0a207e84,64,771737,797331,800643,797273,3312,28906,25594,0,0,0
801152,c4148527-f99f-a6ac-4dfd-ec9728bb65eb,64,768987,788567,801152,794194,12585,32165,19580,0,0,0
802001,6f565f2e-69e3-8e6f-7267-2b7731156761,64,769471,799197,802001,798755,2804,32530,29726,0,0,0
802154,cd669fc0-2cb1-fd18-310b-b4c0cf582b47,64,776232,796209,802154,797241,5945,25922,19977,0,0,0
803448,39f2621a-41b8-ed41-d458-2e0df3e025fd,64,770162,800617,803448,800495,2831,33286,30455,0,0,0
803667,1df8c821-31a7-fd82-a6ad-33c7932761c8,64,777423,800677,803667,800846,2990,26244,23254,0,0,0
804155,e79a8c01-ce46-b0fc-a8e2-2e7e66a98311,32,774852,798154,804155,797299,6001,29303,23302,0,0,0
804469,54b0bec1-a6f7-ee85-8dcb-c2347a76bb26,64,769817,799448,804469,799632,5021,34652,29631,0,0,0
804529,e4805b0e-ba2d-ac51-0419-8f10c7e8bccd,64,775987,799508,804508,800428,5000,28521,23521,0,0,0
804947,826c0c0e-a7b6-d5fe-18ce-5bba288b967e,64,777261,800061,804947,800491,4886,27686,22800,0,0,0
805541,667f2564-6e7a-7033-b226-343ec4070765,64,780468,798218,805541,797452,7323,25073,17750,0,0,0
807003,826ff927-2bee-5f0c-3e85-4bef8c35ee95,64,776162,802154,807003,801854,4849,30841,25992,0,0,0
808370,8b162094-aeb7-0cfc-de37-552a1aed50bd,64,778250,803448,808333,802255,4885,30083,25198,0,0,0
808500,3c09cd87-5e54-6eac-c4ab-4ff8d2a518c6,64,774918,795895,808500,797008,12605,33582,20977,0,0,0
808560,0476e714-cfd9-b833-79a6-fc5a385791d0,64,770282,801152,808530,800856,7378,38248,30870,0,0,0
808666,eedba515-bdcd-1223-e864-71708ca46355,64,773297,803667,808666,802351,4999,35369,30370,0,0,0
809631,acd59a74-d9f5-8c7e-3322-260e3caac717,64,771852,790720,809631,794872,18911,37779,18868,0,0,0
809798,66ce406a-801f-3670-e250-2cc12b8676da,64,776026,807003,809798,803743,2795,33772,30977,0,0,0
809944,219fb253-c8b6-c31b-647e-b818777eef5c,64,769748,799295,809909,798762,10614,40161,29547,0,0,0
810018,82ec7882-b421-3ee5-ebb0-336c70cf950f,64,805994,809798,810018,806644,220,4024,3804,0,0,0
810501,5874a014-b802-0233-55be-eb49f45a1f32,64,774453,804529,810501,803196,5972,36048,30076,0,0,0
810766,9938f43e-b4c9-c2af-ce56-cb69f9aca6ad,32,805908,810501,810766,806882,265,4858,4593,0,0,0
811508,6b172a43-7e38-e1ef-2ccd-6c9a84e0cebb,64,772460,805541,811508,803626,5967,39048,33081,0,0,0
811654,eaa9c0c1-be12-f373-ed55-4fe102b94df8,32,805990,811508,811654,806892,146,5664,5518,0,0,0
812809,3d64a035-b608-51aa-f340-507656836586,64,779562,802001,812809,801740,10808,33247,22439,0,0,0
812944,2b601109-cd3a-51f7-4a18-7afe1b4b8126,32,806005,812809,812944,807084,135,6939,6804,0,0,0
813393,bebcacbb-8d0a-15c9-15b6-e48e4930ea88,64,775607,808500,813393,804997,4893,37786,32893,0,0,0
814391,f93a530a-fbae-1833-c3a5-05ae71b703a9,32,788207,808370,814334,803900,5964,26127,20163,0,0,0
814529,a4e88c80-62c4-f7ec-5334-882457ccf6bf,64,773509,809631,814529,806095,4898,41020,36122,0,0,0
815034,61eb8875-f7b5-3d83-e15c-05a2569a33eb,64,776928,810018,815034,806830,5016,38106,33090,0,0,0
815299,1824bdba-e411-43a8-f4df-ce2c73ef2b8c,64,806910,815034,815299,807512,265,8389,8124,0,0,0
815440,35062600-81f2-a914-ec06-b18ef0b1cb78,64,769810,813393,815440,807200,2047,45630,43583,0,0,0
815669,8149dfa1-4295-2417-fc13-91d323f69970,64,790204,810766,815669,806892,4903,25465,20562,0,0,0
815922,43173cdf-322e-386e-53cf-194e9fd8b773,64,791658,809944,815922,806724,5978,24264,18286,0,0,0
816007,9bfaeee6-870f-d145-a611-92ba4e9c0abe,64,807665,815922,816007,808131,85,8342,8257,0,0,0
816217,2c90cca6-7b7a-f4b1-0427-73795c994dfb,64,807741,816007,816217,808273,210,8476,8266,0,0,0
816277,40785745-f61d-4d68-0b5d-c60d8c260466,64,779736,812944,816267,807172,3323,36531,33208,0,0,0
816427,a4dc50bc-8d46-ac88-1922-d632e1324233,64,531729,566723,816427,707340,249704,284698,34994,0,0,0
816562,c93ccd6b-66f9-51d1-2bca-a3660378d984,64,807914,816427,816562,808486,135,8648,8513,0,0,0
816682,d2c5f2c2-163a-c983-40b4-0ae4b0362f09,64,807832,816562,816669,808582,107,8837,8730,0,0,0
816953,5ea4e256-7c37-abfd-5522-ce132d359c05,64,807833,816682,816953,808625,271,9120,8849,0,0,0
817177,1aec718d-323c-d207-24bf-6915884083b8,64,773608,815299,817129,808022,1830,43521,41691,0,0,0
817804,407e010a-7c9d-d4cd-6247-19b77a4c0a46,64,775397,814529,817804,807398,3275,42407,39132,0,0,0
818090,99fdd406-4d77-45e1-32c1-aa83d03961f3,64,774901,816217,818040,808437,1823,43139,41316,0,0,0
818371,5e8347df-d5ac-292c-f1f6-99bae79d3568,64,775363,815440,818371,808068,2931,43008,40077,0,0,0
818995,fa48bba7-0496-27c5-d52c-216a015583b9,64,784877,817177,818995,808697,1818,34118,32300,0,0,0
819082,6cf498f2-6f9a-aaf6-c34d-d6bc93443385,64,769787,816277,819082,808464,2805,49295,46490,0,0,0
819171,7b75ab47-3f7a-f116-5141-886dd585f1d2,64,808846,819082,819171,809312,89,10325,10236,0,0,0
819231,0ca59876-c840-888a-2bcb-205741c3dd5f,64,779771,808370,819202,804006,10832,39431,28599,0,0,0
819291,7bd2f3d6-7c38-590e-a404-f2efd6d4b0e7,64,808310,818995,819232,809299,237,10922,10685,0,0,0
819431,b6e35985-987f-3546-a698-27703da7e910,64,787341,808560,819431,805670,10871,32090,21219,0,0,0
819625,de2f6695-7422-d187-a076-84adff346240,32,808851,819431,819625,809518,194,10774,10580,0,0,0
819897,725a3ad6-6056-09fa-4283-f4a84936ac52,64,808729,819291,819897,809510,606,11168,10562,0,0,0
820658,740dd662-6d68-67bd-654c-0527a80f342f,64,790618,815669,820653,808120,4984,30035,25051,0,0,0
822197,5329d1d6-28c2-d521-0a4a-c7d27fd056d1,64,772074,811654,822174,807002,10520,50100,39580,0,0,0
822511,a19d0e1d-cd75-ebdd-6789-4ac0a0c4e447,32,809541,822197,822511,810000,314,12970,12656,0,0,0
822659,16bc8190-257d-8459-15ba-2da547c619db,32,808983,822511,822659,810001,148,13676,13528,0,0,0
823246,914f7fcc-7aad-059c-1930-96c8e65f0f10,64,772509,804469,823246,802786,18777,50737,31960,0,0,0
823846,d79b82bf-dafe-2c7e-5f70-2d0f3fb50281,64,774566,804947,823846,803550,18899,49280,30381,0,0,0
824329,9b1a8d94-9035-70c4-f655-1ace9eff19a9,64,772075,818371,824329,809233,5958,52254,46296,0,0,0
824564,43b84e73-3cf3-5cbc-1c49-b69346f39072,64,809884,824329,824564,810838,235,14680,14445,0,0,0
824816,f17be4a5-c985-c191-c177-c1d531a88444,64,774042,819897,824816,809764,4919,50774,45855,0,0,0
824891,1d0d54d4-6766-37ba-25aa-80dac380658f,64,810805,824816,824891,811414,75,14086,14011,0,0,0
825249,d1ee68b3-2fa9-ddab-b33a-16591723fb7a,32,769728,819231,825249,809383,6018,55521,49503,0,0,0
826371,ad9a503e-ca05-474f-f836-71f6bd682db3,64,774740,816953,826371,808646,9418,51631,42213,0,0,0
826586,94a716cb-60cf-daa3-df18-ca4ced53333d,64,770395,820658,826586,809776,5928,56191,50263,0,0,0
826646,5d63e0c1-bc72-90dc-e305-1f0a5cb20bc5,64,683604,766584,826596,735132,60012,142992,82980,0,0,0
826706,c6fc9f28-23e7-6e2c-86ce-04c2d9daa288,64,774283,819171,826698,809357,7527,52415,44888,0,0,0
826927,0ad6e358-06c2-59de-9c45-42f24044578d,32,811850,826706,826927,812366,221,15077,14856,0,0,0
827256,9b3f5c51-9254-609e-e3c9-7b63e0cdd3ee,64,779666,808666,827256,805799,18590,47590,29000,0,0,0
828617,ca1dac40-109e-9720-2068-596c8632cc40,64,789865,822659,828617,810231,5958,38752,32794,0,0,0
828734,35e0581c-d169-3699-1d32-cf191456956d,64,778269,817804,828734,808820,10930,50465,39535,0,0,0
828883,a0be1298-c3c7-6591-5b45-1ea397063a10,32,811833,828734,828883,813038,149,17050,16901,0,0,0
828943,ba33dd5c-c2fa-d0af-2722-727b32a74bbb,64,776243,818090,828943,808982,10853,52700,41847,0,0,0
829841,651fa5eb-03c1-df61-1419-67708bdc225c,32,773359,823846,829841,810258,5995,56482,50487,0,0,0
829955,58baf6e5-621b-51a5-4332-1d2b92193274,64,779560,826646,829955,812309,3309,50395,47086,0,0,0
830145,5fb3582a-d00a-3a22-756d-ae3edfbda94e,64,788689,827256,830145,812600,2889,41456,38567,0,0,0
830460,02a2ed04-dd7a-4c2e-0294-f53ab2972dec,64,776916,819625,830460,809656,10835,53544,42709,0,0,0
830522,cfcdeda9-225a-102e-e8c4-3a8b361ad058,64,771797,824564,830522,811310,5958,58725,52767,0,0,0
831268,3e93b295-e1cc-d62e-fc04-09c7f532f65a,64,788266,826371,831268,812216,4897,43002,38105,0,0,0
831547,84607459-7df8-d1d4-5f4d-096a38958b4e,64,787688,826586,831547,812236,4961,43859,38898,0,0,0
831772,813d5e18-4ff0-beff-e404-5f9eab3872b4,64,788423,819231,831772,809508,12541,43349,30808,0,0,0
831832,c97ec68a-b423-b67b-a465-4b9ef455548f,64,770160,828883,831813,813134,2930,61653,58723,0,0,0
832021,0827a3d0-b1d2-a153-683f-f624c825c3e7,64,813897,831832,832021,814963,189,18124,17935,0,0,0
832293,aa90af1a-cc60-fd05-5dfe-6f4f596e638f,64,773412,830460,832293,813749,1833,58881,57048,0,0,0
832456,4a4f932b-ab29-ccc0-1f67-6be6e2724d38,64,814331,832293,832456,815033,163,18125,17962,0,0,0
833431,01e73b60-7e8f-8d26-ea01-e9467fbe6e1a,64,773134,830145,833431,813705,3286,60297,57011,0,0,0
833849,e768aa36-1f6f-7c17-18b8-e6c5cef81de1,64,776304,832021,833849,814972,1828,57545,55717,0,0,0
833950,210f7618-f0b5-508c-afa7-93c612a1d078,64,793633,828943,833950,813172,5007,40317,35310,0,0,0
834044,9634aa6f-7ff6-3301-adbc-4dbb1c3eca35,32,814561,833849,834044,815645,195,19483,19288,0,0,0
834185,847489f1-919a-8ef0-c96e-ea2442a46482,64,787420,831268,834185,814044,2917,46765,43848,0,0,0
834386,b149e455-90bf-ca62-7f55-a5fabb499716,64,784646,826927,834386,812436,7459,49740,42281,0,0,0
834478,74e025fe-e2ee-35f5-2cb7-fcc10d59857b,64,814749,834185,834478,815803,293,19729,19436,0,0,0
834591,05588951-8611-e934-f01f-bd6c0e64ddeb,64,778584,828617,834591,812894,5974,56007,50033,0,0,0
834651,78ea5c99-5162-f86f-18c0-4a4fd5ba05c1,64,772423,831772,834592,814674,2820,62169,59349,0,0,0
834724,e539aad0-2334-97d9-e71a-b4b948c4f571,64,815812,834591,834724,816868,133,18912,18779,0,0,0
834864,a7304336-7733-0494-cd5a-ae45d844dfeb,64,774245,829955,834864,813300,4909,60619,55710,0,0,0
835037,dd348ae3-9668-29ec-eb0e-5811fca00de6,64,816584,834651,835037,817192,386,18453,18067,0,0,0
835162,1cc79c2a-ebca-cb7f-9e6e-1f78192d7178,64,817117,834864,835162,818024,298,18045,17747,0,0,0
835250,dae25c57-947b-535c-1416-21333374d708,64,817445,835162,835250,818407,88,17805,17717,0,0,0
835348,564a0468-edc1-8d1a-4365-b8931b6176f5,32,817557,835250,835348,818462,98,17791,17693,0,0,0
835501,e08763af-eee3-8571-f8ad-2217901abe92,32,817580,835348,835501,818630,153,17921,17768,0,0,0
835760,4fa0ee60-957a-5c41-a925-99c2f7b1611d,64,787484,823246,835760,810235,12514,48276,35762,0,0,0
835846,32fc63e5-d801-378e-5f0f-63299628994a,32,818249,835760,835846,819267,86,17597,17511,0,0,0
835998,0f3606dc-977e-4a0f-670a-1d0334c2665d,64,818030,835501,835998,818915,497,17968,17471,0,0,0
836549,c63e8809-0c0d-8381-12a6-a792fd6f2082,64,776068,834724,836549,817667,1825,60481,58656,0,0,0
836700,63672213-4d21-c801-2537-4f1376f45d98,32,818704,836549,836700,819809,151,17996,17845,0,0,0
836765,152a07ad-7844-fb05-3c56-c92ba0644e36,64,789342,833849,836765,815674,2916,47423,44507,0,0,0
836927,0d146c32-bb6d-6877-8287-04656e9d2417,32,819333,836765,836927,820378,162,17594,17432,0,0,0
837190,4e4c25c2-f258-5b1b-b9dc-f9bd3d7a492a,64,819336,836700,837190,819839,490,17854,17364,0,0,0
837271,1a788703-236b-c44e-6656-522f0603585c,32,820095,837190,837271,820494,81,17176,17095,0,0,0
837427,dc7e5424-a88c-f6ce-0854-4c2a2ccea4b7,64,819750,836927,837427,820428,500,17677,17177,0,0,0
837487,2fcff1c2-2f2d-df40-4e72-ce89b86a1ea6,64,820598,837271,837458,821271,187,16860,16673,0,0,0
837550,688b8166-7966-fc1f-2fd5-86198de55065,64,772092,824891,837550,811779,12659,65458,52799,0,0,0
837656,0cafc7e1-1e2a-d6ff-016c-9018cff83506,32,821155,837550,837656,821870,106,16501,16395,0,0,0
837800,8a575167-29d8-18c4-460b-51736bde702e,32,821098,837656,837800,821878,144,16702,16558,0,0,0
837890,ee89289b-97f6-c354-a2a2-280075fe41ce,32,821485,837800,837890,822016,90,16405,16315,0,0,0
838123,11943c4b-91bf-40d5-d073-7728b5793784,32,821374,837890,838123,822078,233,16749,16516,0,0,0
838409,a73b189f-9bc6-2ed1-0818-0a2ef9483602,32,821426,838123,838409,822141,286,16983,16697,0,0,0
838473,0fe9b787-46d1-07aa-d90f-ff4029655739,32,821612,838409,838473,822186,64,16861,16797,0,0,0
839374,dc3751fc-2ad9-23b7-be06-9efe234e50d3,64,794035,833431,839374,815186,5943,45339,39396,0,0,0
839903,822a5934-0b8c-a7bf-c85f-7fcfc1d4c414,64,784639,830522,839903,813954,9381,55264,45883,0,0,0
840210,21531468-9570-c354-99ec-2ebe55243ff1,32,821970,839903,840210,822529,307,18240,17933,0,0,0
840713,0f9f7d5e-f267-e294-0c04-e9ce8725637b,64,778873,837427,840713,821366,3286,61840,58554,0,0,0
840797,45f8ac21-1f0f-4e25-744a-da6fcf5ccc0d,32,822137,840713,840797,822722,84,18660,18576,0,0,0
840857,ae415165-113b-478b-97d2-8f955c0f66f9,64,790940,837487,840799,821546,3312,49859,46547,0,0,0
840978,1ba67825-edd9-ca5c-d5f8-c8bde04e1a42,32,822231,840857,840960,823176,103,18729,18626,0,0,0
841213,32adbdb9-4aa7-ea18-045a-cfeb335fe956,32,787689,835250,841213,818409,5963,53524,47561,0,0,0
841310,836bab7d-2338-727c-4f96-d6780eb5714d,64,822790,840978,841310,823386,332,18520,18188,0,0,0
841370,35963da3-fc80-8f45-a998-279baa6bceab,64,822234,840797,841332,822979,535,19098,18563,0,0,0
841515,03bd0fcd-c066-47a8-1d0e-d0c5a3d0b477,64,822823,841310,841515,823655,205,18692,18487,0,0,0
841808,b96eea23-8b21-929a-3667-0e2440b0d860,64,822842,841515,841808,823861,293,18966,18673,0,0,0
841868,d8f93d54-a2e4-97f8-d0c1-dbf32ea6f6d7,64,824235,841808,841861,824887,53,17626,17573,0,0,0
842140,4a2b6e13-373e-c4dd-8229-87ba5455ac9a,64,775495,831547,842140,814603,10593,66645,56052,0,0,0
842303,6ff0c328-c050-f84c-cdb3-04864bebd930,64,825396,842140,842303,825815,163,16907,16744,0,0,0
842516,2041e2cc-3c2b-dd89-306d-b49372ae845f,64,790863,835037,842516,818189,7479,51653,44174,0,0,0
843687,ed24ccec-8f9b-e8b7-3566-07fe929e15d9,64,787624,841868,843687,825029,1819,56063,54244,0,0,0
843867,b3fd66c6-7f5e-14aa-d0d0-b8acc9d15c1d,64,779128,825249,843855,811830,18606,64727,46121,0,0,0
843927,eea6c6c7-a54d-1e8e-fd5a-7ee32c6765df,64,777651,834478,843881,816834,9403,66230,56827,0,0,0
844744,489dc101-4456-f4d3-b3cb-beab566d3b12,64,789654,841370,844685,823726,3315,55031,51716,0,0,0
844864,0ef4d66f-0753-06ab-a615-5694ea4b0561,64,778206,833950,844813,815774,10863,66607,55744,0,0,0
845005,1f2c355b-85ae-8157-731f-688d99def8be,64,776026,834386,844953,816818,10567,68927,58360,0,0,0
845751,db3b9b18-6f37-7c25-ff85-f33e1b7796c9,64,788136,843927,845751,828613,1824,57615,55791,0,0,0
846616,98c4349d-d693-03ef-6e4e-d02ae0f2f5b0,64,778375,835998,846616,819800,10618,68241,57623,0,0,0
846691,a7a11670-a8bd-7090-cea3-aca44c81343d,64,790943,844864,846691,829052,1827,55748,53921,0,0,0
846751,49810d1f-46ae-7bd4-89f1-e7c73e8c502a,64,792223,835846,846704,819415,10858,54481,43623,0,0,0
846851,0e85d962-c6ef-1b22-e011-df111efe9c2e,32,840918,846751,846851,841226,100,5933,5833,0,0,0
846989,57d886bd-a5a8-6287-ebd6-18cfb588d68a,32,842722,846851,846989,843729,138,4267,4129,0,0,0
847090,f62ad63b-1c2b-42f5-4291-7b26cdb244ed,32,843301,846989,847090,844326,101,3789,3688,0,0,0
847238,24d7db36-85be-d0ff-ada8-12b38953eb87,32,844048,847090,847238,844895,148,3190,3042,0,0,0
847326,8ccb22d2-1b05-d89f-03eb-09a9abc6054a,32,844467,847238,847326,844951,88,2859,2771,0,0,0
847535,0eab3b99-0209-eb2f-db44-ec5478121415,32,844548,847326,847487,844995,161,2939,2778,0,0,0
847695,bd7658a6-68a5-b38d-df16-964f892c04c9,32,844436,847535,847695,845015,160,3259,3099,0,0,0
847755,2a5a1827-a924-31a0-b70d-01ae1066f8e6,64,791010,838473,847711,822256,9238,56701,47463,0,0,0
847755,7edbdccf-1385-d4c6-f526-f3b53e3deb8e,64,536633,566783,847748,707732,280965,311115,30150,0,0,0
847815,8bff3f00-bb30-fe9d-961a-adc8c0bfa0ad,64,844574,847695,847788,845299,93,3214,3121,0,0,0
848064,10ab01c2-96cc-7d90-8724-afbe2dba6d27,64,846063,847755,848064,847222,309,2001,1692,0,0,0
848124,082e68db-b53c-71e1-0b2c-9e7295f6130c,64,845094,847755,848101,846089,346,3007,2661,0,0,0
848811,49019e00-1c14-3f81-349d-eda59b4e3931,64,847475,848064,848811,849009,747,1336,589,0,0,0
849465,da3e56b0-2f2a-f8cd-6087-1abf92b06846,64,849295,849345,849458,850203,113,163,50,0,0,0
849936,81d291dc-fac9-dfee-9a56-c9b9a3de194a,64,784688,839374,849903,822269,10529,65215,54686,0,0,0
850056,289b86a0-69ed-0d74-6a9d-f9852e2551c7,64,788294,842516,850020,826621,7504,61726,54222,0,0,0
850175,752acdf5-6a9a-f071-cc6e-d20fc3a758ff,64,849936,849936,850175,850893,239,239,0,0,0,0
850250,7cfe392a-3c96-2bc0-4650-377a03076ce1,64,850003,850056,850250,850598,194,247,53,0,0,0
850310,9e1757fe-c4d4-5cbd-9214-6768bd5f1933,64,849934,849936,850275,851015,339,341,2,0,0,0
850892,aa2b39cf-7bdc-58b0-b17c-d63a40b3752d,64,850756,850756,850834,851368,78,78,0,0,0,0
851012,87d1bf0b-f7b9-10b8-99c6-8c789b37ed72,64,850832,850832,850973,851965,141,141,0,0,0,0
851258,73d7512d-66a9-447d-1794-ac514eaa015b,64,777654,832456,851209,815132,18753,73555,54802,0,0,0
851258,5467dcd3-d92b-1775-9e04-386bc21bbc99,64,850916,850952,851215,851499,263,299,36,0,0,0
851318,10ccfdf2-77bf-1f96-9521-8999d9337bd4,64,851198,851198,851270,851620,72,72,0,0,0,0
851438,04cdd277-ede5-4a1c-fb14-04ca045495e7,64,851295,851318,851418,851803,100,123,23,0,0,0
851498,93377c58-0a1f-1ea2-9bec-39473e124f07,64,851127,851132,851440,851693,308,313,5,0,0,0
