time,job_id,num_gpu,submit_time,start_time,end_time,ddl,executed_time,JCT,pending_time,preempt,promote,best_effort_job
5371,4bb42dcf-d655-0689-6a5f-1b7f5562a1cb,1,2816,2816,5371,4324,2555,2555,0,0,0,0
5403,e1556165-9535-4a4d-64ea-20fca52b6098,1,2817,2876,5403,5525,2527,2586,59,0,0,0
10606,e1f5ecf7-3d12-b624-2510-0c72e8a5031f,1,7900,7952,10606,11347,2654,2706,52,0,0,0
10661,964399d5-12c6-ad0d-e513-28b5937617df,1,7900,7952,10661,9725,2709,2761,52,0,0,0
15897,7343d6cd-0bbd-adfa-4ed2-2b1201e7349c,1,7899,7952,15897,18381,7945,7998,53,0,0,0
15898,0e6acfaa-5926-f128-9c9f-f82e87e3f85b,1,7892,7892,15898,14978,8006,8006,0,0,0,0
15927,355d3e0c-c631-1191-eb51-ac472ccbad70,1,7899,7952,15927,16620,7975,8028,53,0,0,0
15903,30b78ee1-7cae-46f5-02f7-ea05d05658b2,1,7899,7952,15903,15355,7951,8004,53,0,0,0
15958,c9e896e3-0c4e-b5e5-9433-1bc0bc5af34e,1,7899,7952,15958,19654,8006,8059,53,0,0,0
16062,49c636ae-fe72-166b-703e-6cdc1a205315,1,7893,7952,16062,17439,8110,8169,59,0,0,0
16054,719b21ae-4e91-5866-2cac-236dc98ef3d0,1,7893,7952,16054,13646,8102,8161,59,0,0,0
16027,9efc5443-952c-390a-ad26-6ccd6aaa34ec,1,7899,7952,16027,16613,8075,8128,53,0,0,0
16050,7f51b999-e03c-a958-8736-4aa2e4a9b97a,1,7900,7952,16050,15552,8098,8150,52,0,0,0
16078,0f440d77-09b4-0e73-a7d0-298c819526ca,1,7893,7952,16078,12627,8126,8185,59,0,0,0
16106,bb72819f-04db-f94d-e4c1-2cb8ae0d0908,1,7893,7952,16106,14310,8154,8213,59,0,0,0
16091,bff23645-08c8-2cc9-2378-e00f27612a07,1,7893,7952,16091,13759,8139,8198,59,0,0,0
16102,9e234573-8166-b84b-7c62-c0307741cf44,1,7900,7952,16102,15244,8150,8202,52,0,0,0
16185,808fe9cf-d428-5b58-7089-79ccebbe8617,1,7892,7892,16185,13080,8293,8293,0,0,0,0
16148,141c62a5-cc9e-577c-d9e0-c360a8cf4c38,1,7900,7952,16148,15479,8196,8248,52,0,0,0
16206,71975d62-a203-aa39-4339-7cd8c741ecf3,1,7893,7952,16206,15672,8254,8313,59,0,0,0
16394,68205818-267c-63e6-7e1b-21b8863529e0,1,7893,7952,16394,19612,8442,8501,59,0,0,0
31342,aa409475-91e9-95e5-5f61-0405f7f39cf5,1,5350,5350,31342,41241,25992,25992,0,0,0,0
31374,84757257-b378-ad7a-e59f-939202800850,1,5411,5470,31374,19310,25904,25963,59,0,0,0
31421,b718bbe7-6be0-36df-3c0f-231c12c50f7f,1,5369,5410,31421,22755,26011,26052,41,0,0,0
31430,f7d9ff4d-3008-372c-3bd4-a9dc621399da,1,5521,5530,31430,21664,25900,25909,9,0,0,0
31518,fbd776a7-78c8-41f0-49f4-bed99a5dfef4,1,5388,5410,31518,27270,26108,26130,22,0,0,0
31467,32d7e6c1-e178-3f77-cf92-8bc87ff59234,1,5457,5470,31467,36203,25997,26010,13,0,0,0
31481,21dc0fb0-33c5-eb3c-8aa4-34805ad11fa0,1,5486,5530,31481,39506,25951,25995,44,0,0,0
31504,b6dd4de3-47a6-55f8-b961-28c2e0812dfd,1,5558,5590,31504,30011,25914,25946,32,0,0,0
31585,fe037c8a-ff09-73f0-e089-da179fe6a2f1,1,5681,5681,31585,41036,25904,25904,0,0,0,0
31659,0bf8124e-3379-a03a-a3be-ad0c5a68a7c4,1,5486,5530,31659,21403,26129,26173,44,0,0,0
31675,b0bf5454-deac-f1f2-e5f4-baa9e701f1ad,1,5736,5741,31675,31921,25934,25939,5,0,0,0
31789,65dee1fc-5ad9-e39c-5751-bf72427cd2bb,1,5860,5860,31789,32269,25929,25929,0,0,0,0
31897,08ca3799-e8cb-fbfc-dd42-693de1075042,1,5860,5860,31897,28693,26037,26037,0,0,0,0
31900,4acb0f7f-52ae-db52-528f-2d1f6718a1ad,1,5991,5991,31900,27527,25909,25909,0,0,0,0
32200,c2576b32-813f-0995-8d1c-cfef812db6a6,1,6210,6210,32200,38916,25990,25990,0,0,0,0
32294,00f1e786-fb85-8805-3fce-0317cfdbb79b,1,6238,6270,32294,26275,26024,26056,32,0,0,0
32300,f0dfd1ca-9a1c-0f02-d6a2-65905802391f,1,6284,6330,32300,35491,25970,26016,46,0,0,0
32297,3ee551a4-8b5b-6381-2bbf-daa92cf39934,1,6285,6330,32297,30701,25967,26012,45,0,0,0
32315,da0e16c0-f5fb-9c24-3b07-21e8f14c7265,1,6389,6390,32315,22174,25925,25926,1,0,0,0
32478,7cf37b74-5707-c3fe-e09f-c719c57f0f69,1,6450,6450,32478,25421,26028,26028,0,0,0,0
32616,f56d3c1e-16bd-927b-a5f2-fbbb3a931897,1,6716,6716,32616,28107,25900,25900,0,0,0,0
32749,2dfd5322-e38b-3ce3-bf77-9bd26c076999,1,31998,32017,32749,33068,732,751,19,0,0,0
32767,e8ad9302-5842-4418-79d3-4ac5c5425acd,1,31976,32017,32767,32925,750,791,41,0,0,0
32763,28f336f2-b17d-0ebc-4d34-838a689eaea9,1,31999,32017,32763,32484,746,764,18,0,0,0
32762,7858235a-92a2-2860-c3ff-cd1fdd595b0b,1,31999,32017,32762,32956,745,763,18,0,0,0
33681,be95eaab-c621-5baf-18ab-a6b82fd5449b,1,7756,7756,33681,40339,25925,25925,0,0,0,0
33730,49302e73-ad5a-e260-1bd6-b589728d1b46,1,7794,7816,33730,43899,25914,25936,22,0,0,0
33818,da221281-a7e3-4310-0047-4526147dc2f1,1,7794,7816,33818,24966,26002,26024,22,0,0,0
34191,f7da52ee-9f58-48cf-039c-437142b90576,1,7774,7816,34191,43765,26375,26417,42,0,0,0
34326,564e5c18-ea90-516c-5de5-54859ba434b7,1,8101,8101,34326,28577,26225,26225,0,0,0,0
34341,cb039ead-a836-2305-23b9-8cb49bd8501a,1,8325,8325,34341,34304,26016,26016,0,0,0,0
34453,6ef7765c-bbb4-1b62-93d9-2099d3c2b287,1,8150,8161,34453,27796,26292,26303,11,0,0,0
34668,9b4f65cb-1441-60b8-bc81-f8dafaee13f8,1,8555,8555,34668,44444,26113,26113,0,0,0,0
44766,4bad763e-399f-a504-470b-dbe0211a5ed8,1,35248,35288,44766,41294,9478,9518,40,0,0,0
44821,4ef887be-0a7c-768f-db1b-bbe969095bd3,1,35228,35228,44821,40905,9593,9593,0,0,0,0
44895,22ab6661-b851-c2a5-a832-1268950eec6d,1,35228,35228,44895,43563,9667,9667,0,0,0,0
44938,8d69a53f-82e8-36a7-59e1-8c5e44469740,1,35244,35288,44938,48229,9650,9694,44,0,0,0
45001,57fbf2e0-8485-ede4-ef00-41023012c1e3,1,35250,35288,45001,40598,9713,9751,38,0,0,0
45048,376c05ad-581b-3151-883f-b047247e62ca,1,35245,35288,45048,41339,9760,9803,43,0,0,0
45027,2bdfdc8c-e0fc-c348-c29c-decea372de1c,1,35247,35288,45027,42378,9739,9780,41,0,0,0
45064,1d32a9b2-961f-230d-8907-1128b96524a0,1,35249,35288,45064,41045,9776,9815,39,0,0,0
45046,cc735f42-0c12-684a-68c9-5ca0ec185e57,1,35250,35288,45046,49247,9758,9796,38,0,0,0
45127,8931cb9b-365b-8426-6fca-743fd83894d1,1,35228,35228,45127,45964,9899,9899,0,0,0,0
45135,d81865c3-ae51-dd9c-1fce-71de3cf8cf93,1,35229,35288,45135,44812,9847,9906,59,0,0,0
45122,036ce5db-f823-db9c-50e1-955111857cf7,1,35232,35288,45122,42131,9834,9890,56,0,0,0
45088,dfb8c37c-bca5-611b-805a-903164743c52,1,35251,35288,45088,48458,9800,9837,37,0,0,0
45133,09895c3f-9a95-cbe2-ea6d-7d38f73c37ea,1,35253,35288,45133,41151,9845,9880,35,0,0,0
45177,09e048ba-8fea-12e7-c517-7c688c8a0933,1,35229,35288,45177,41419,9889,9948,59,0,0,0
45190,17761250-6691-8258-f87b-2151542199e5,1,35229,35288,45190,46335,9902,9961,59,0,0,0
45151,916ef72a-4edd-23a9-50b0-a9ea1fce96eb,1,35244,35288,45151,47793,9863,9907,44,0,0,0
45187,58dd1aea-e879-aea8-5355-9cd42f07af46,1,35246,35288,45187,46154,9899,9941,42,0,0,0
45195,19a23ca1-849b-a889-7668-95e7c0364302,1,35247,35288,45195,47410,9907,9948,41,0,0,0
45148,e4fb50bb-dd64-6a9d-0006-e58f1f8886ba,1,35253,35288,45148,47078,9860,9895,35,0,0,0
45191,2f270564-15bf-245b-ba37-93e000e8609d,1,35253,35288,45191,48451,9903,9938,35,0,0,0
45236,05fc098c-dc2a-7f6d-c46e-c71baf6d008f,1,35243,35288,45236,47701,9948,9993,45,0,0,0
45228,ccac1c4b-6f4a-866a-f37a-33e21aaa626a,1,35249,35288,45228,45099,9940,9979,39,0,0,0
45223,69c57efd-e4a8-8be2-677f-ee4c361a516e,1,35253,35288,45223,46348,9935,9970,35,0,0,0
45278,12f66e8d-09da-9bc9-b25b-3097bac142d6,1,35228,35228,45278,49645,10050,10050,0,0,0,0
45287,483ad594-418e-6742-8ff2-6636de6fe2ee,1,35236,35288,45287,46937,9999,10051,52,0,0,0
45314,fc71f069-1c52-ea68-aed7-46947e8edcc1,1,35249,35288,45314,41838,10026,10065,39,0,0,0
45350,95426fe6-22dd-5339-be87-817f65f1c37f,1,35231,35288,45350,48812,10062,10119,57,0,0,0
45356,c42ef839-c50c-9360-e39a-ec5bcd07b08c,1,35232,35288,45356,46158,10068,10124,56,0,0,0
45365,ba3bd7f1-cac0-f1c3-5da7-1c0b1b7fb2d9,1,35235,35288,45365,44164,10077,10130,53,0,0,0
45318,8a5d6b12-1c18-932f-071d-f105bf989f60,1,35236,35288,45318,49534,10030,10082,52,0,0,0
45334,61cd2999-1c72-aa86-3a09-4bd51d5fe68f,1,35237,35288,45334,45093,10046,10097,51,0,0,0
45362,72bc796b-3329-8b1c-4ed8-8716bd73d39b,1,35245,35288,45362,49529,10074,10117,43,0,0,0
45351,e51ad123-1231-6657-1eb4-0a8dfab1667b,1,35250,35288,45351,49754,10063,10101,38,0,0,0
45343,d1b9ded8-a782-8ae4-7d2c-96aaedf48091,1,35251,35288,45343,42339,10055,10092,37,0,0,0
45354,bcf581ac-d68c-cf4e-3ecf-c2d13a905fea,1,35254,35288,45354,49681,10066,10100,34,0,0,0
45429,3ca8748a-ce39-7d68-9f33-81a275b98f5e,1,35228,35228,45429,46529,10201,10201,0,0,0,0
45431,37b1fac3-5997-36a5-6f36-4773035dfa90,1,35232,35288,45431,44497,10143,10199,56,0,0,0
45435,d0fc4893-40a6-6aa1-b9a0-47630b43e448,1,35232,35288,45435,42907,10147,10203,56,0,0,0
45415,2967b1d2-d990-5d03-f55b-632d97e80293,1,35240,35288,45415,45976,10127,10175,48,0,0,0
45381,bae57189-bb92-cd6f-a00b-acbcaf59efc4,1,35245,35288,45381,45896,10093,10136,43,0,0,0
45436,bf60032e-d48a-fe61-87c0-3f9cf0e332f4,1,35231,35288,45436,49121,10148,10205,57,0,0,0
45481,603a9c0f-c318-3758-eee1-2082a35cde7d,1,35232,35288,45481,41081,10193,10249,56,0,0,0
45475,c6133d47-ba33-1908-9241-e466d8c7b465,1,35232,35288,45475,43421,10187,10243,56,0,0,0
45487,a9ec62c6-98dc-5475-85fb-df230efab78a,1,35237,35288,45487,50200,10199,10250,51,0,0,0
45459,ebe1e0d5-ea68-54be-b966-6872dc5084af,1,35240,35288,45459,46361,10171,10219,48,0,0,0
45437,69d8d5e4-50fa-0146-36c6-9cb8b723bd30,1,35241,35288,45437,44415,10149,10196,47,0,0,0
45483,2c81693c-c4ac-ded2-b690-07696ab95abb,1,35245,35288,45483,47474,10195,10238,43,0,0,0
45501,93468620-4fce-7d45-c543-425fe71670a0,1,35228,35228,45501,41758,10273,10273,0,0,0,0
45500,6658591e-83f2-fd01-3650-f8f31f1ea858,1,35230,35288,45500,43264,10212,10270,58,0,0,0
45509,a3e59054-e2b1-4ab5-ffeb-7d36e479cc2f,1,35236,35288,45509,46974,10221,10273,52,0,0,0
45513,441d9173-fb5b-8f47-dda6-0b1afda78c8c,1,35241,35288,45513,47853,10225,10272,47,0,0,0
45595,bd635c1a-68b4-f771-91fb-71f301fadbaa,1,35230,35288,45595,47526,10307,10365,58,0,0,0
45584,a6a37a3b-c1f3-4cc6-5bff-622ae608f79a,1,35236,35288,45584,44454,10296,10348,52,0,0,0
45571,ef03e3d0-5117-b6a6-6c49-0f33a23c3e80,1,35241,35288,45571,44837,10283,10330,47,0,0,0
45625,18baf70c-206e-0281-b969-98efa09ace37,1,35236,35288,45625,49761,10337,10389,52,0,0,0
45639,f0a32841-ae22-15d9-2247-3986321294bd,1,35240,35288,45639,49864,10351,10399,48,0,0,0
45663,6773d4c2-f52b-a5ba-a778-eb33238a1925,1,35240,35288,45663,43867,10375,10423,48,0,0,0
45668,56abbf7a-b105-6129-8acd-b5e1c12db5d0,1,35240,35288,45668,50491,10380,10428,48,0,0,0
45631,70190af8-b2a7-fd6c-2464-cf3e1c23c511,1,35241,35288,45631,43978,10343,10390,47,0,0,0
45687,351fe339-3bca-ab10-9f87-ee093c862d8a,1,35236,35288,45687,40717,10399,10451,52,0,0,0
45708,f87fd2c6-cd4a-d062-043b-48f7a603949f,1,35253,35288,45708,47091,10420,10455,35,0,0,0
45804,b10b737d-2069-5dd6-b970-c876b32e0a6a,1,35234,35288,45804,47166,10516,10570,54,0,0,0
45863,0aeb5016-9e6f-b8b6-f07d-467a1d17528b,1,35232,35288,45863,46828,10575,10631,56,0,0,0
45817,13305707-6605-b350-7b93-0f96154eb8cd,1,35242,35288,45817,47532,10529,10575,46,0,0,0
45864,9110dc27-6b7a-7611-ec6e-fcf17d5560b3,1,35245,35288,45864,46513,10576,10619,43,0,0,0
46310,967e60e6-0087-4358-6dd8-e21b37be4970,1,38702,38745,46310,45153,7565,7608,43,0,0,0
46371,f67d7589-3cc9-0a1e-5954-bcae3ed19cc5,1,38697,38745,46371,44583,7626,7674,48,0,0,0
46421,6188b0e0-e873-f9fb-ade0-a9b26bf19596,1,38700,38745,46421,48928,7676,7721,45,0,0,0
46398,96d63983-86a8-67a7-6a98-da02306570a3,1,38700,38745,46398,49049,7653,7698,45,0,0,0
46399,cf2b9c4d-01d3-1ef1-205c-57e5cf2a4658,1,38701,38745,46399,42725,7654,7698,44,0,0,0
46392,3b8830ea-1d72-3ade-27c7-9507abd6a46d,1,38702,38745,46392,46718,7647,7690,43,0,0,0
46455,c8473aca-5fb6-6ffe-308a-77e41532d942,1,38701,38745,46455,49677,7710,7754,44,0,0,0
46542,902e97b0-fe31-338f-29de-b1c00bdb8660,1,38698,38745,46542,44340,7797,7844,47,0,0,0
46541,0aeea207-eb03-6591-4972-dc86afcd6edf,1,38705,38745,46541,46643,7796,7836,40,0,0,0
46573,77d5831c-750d-a6eb-7e92-ecf4b06d7fdc,1,38685,38685,46573,45153,7888,7888,0,0,0,0
46582,1bca3d58-d214-49d9-1bfd-68b8c1724fa4,1,38686,38745,46582,48886,7837,7896,59,0,0,0
46561,cd83eeac-a187-77e3-8c68-3ca3e95dab0f,1,38686,38745,46561,48631,7816,7875,59,0,0,0
46584,6cbe69b4-bc54-64c7-f11f-d00d25a87944,1,38686,38745,46584,49013,7839,7898,59,0,0,0
46561,9e352fd6-67a0-5048-7d5f-8ae41a466e48,1,38689,38745,46561,43026,7816,7872,56,0,0,0
46609,c1100895-d334-58db-a7f7-be4b95093e90,1,38694,38745,46609,45375,7864,7915,51,0,0,0
46553,35c5f871-0f83-661c-ee3c-43a925307638,1,38694,38745,46553,49179,7808,7859,51,0,0,0
46589,cafe4054-8801-cc2f-3fe4-2fc69cc1aec0,1,38705,38745,46589,46231,7844,7884,40,0,0,0
46602,0c312a3d-7efd-92aa-1470-eb2c73b7a54c,1,38705,38745,46602,46783,7857,7897,40,0,0,0
46610,731da814-30cd-e3ea-cbcc-60e5f0df3695,1,38706,38745,46610,43361,7865,7904,39,0,0,0
46628,df34b3c5-4dbd-485b-d19f-c2a6b1be6507,1,38685,38685,46628,43131,7943,7943,0,0,0,0
46626,9571298b-466d-9b4a-5de7-8c86689cc1ad,1,38690,38745,46626,43550,7881,7936,55,0,0,0
46646,09ab5237-6055-cde1-b3cf-2f81dea93d7b,1,38698,38745,46646,48558,7901,7948,47,0,0,0
46614,d770f789-06ad-cab4-8528-eda10aaa1d5b,1,38699,38745,46614,49888,7869,7915,46,0,0,0
46629,e697354b-6a6e-0076-c804-f6e9b266859b,1,38701,38745,46629,46764,7884,7928,44,0,0,0
46634,0836127c-a9e4-18f3-b8c7-55dd37a2d1aa,1,38705,38745,46634,45002,7889,7929,40,0,0,0
46729,bf71b0a0-d2f8-7c2d-7d64-9f3e502afb6b,1,38686,38745,46729,43670,7984,8043,59,0,0,0
46721,9d4f58be-2475-6e2c-7f5e-d98829f16d3c,1,38697,38745,46721,43943,7976,8024,48,0,0,0
46697,12890eb2-14fe-713e-ac5a-c39f8470cbd8,1,38698,38745,46697,44073,7952,7999,47,0,0,0
46683,2cc5d4db-14db-ec9d-34a5-0d282f6d72e3,1,38701,38745,46683,45494,7938,7982,44,0,0,0
46769,c2436814-ff28-3781-5b77-4db1f6765be8,1,38689,38745,46769,50091,8024,8080,56,0,0,0
46750,2b3330c8-46aa-ae46-579b-0c542360eebb,1,38703,38745,46750,46465,8005,8047,42,0,0,0
46814,85f68f89-ac9d-6fb8-45fe-9700789b3cf3,1,38686,38745,46814,44889,8069,8128,59,0,0,0
46837,45e9f315-b92d-8bc5-fc6e-e730252bfb3e,1,38686,38745,46837,44126,8092,8151,59,0,0,0
46800,87c22a9a-77d1-8b01-b8e8-c672be7fb66e,1,38690,38745,46800,48815,8055,8110,55,0,0,0
46843,7f1943e5-c2d7-0138-64c5-b651e2aed498,1,38690,38745,46843,49065,8098,8153,55,0,0,0
46810,4917e9ba-c91f-0f86-6e5b-875f2d4258d8,1,38694,38745,46810,47971,8065,8116,51,0,0,0
46802,948d8465-ecbb-743a-c9ba-d575a913e969,1,38701,38745,46802,43845,8057,8101,44,0,0,0
46893,5f99ecbd-d23b-525e-4442-3d06996b2fff,1,38690,38745,46893,50500,8148,8203,55,0,0,0
46887,fc3138ab-dc73-cba3-58ef-ee9f3b76869b,1,38693,38745,46887,48741,8142,8194,52,0,0,0
46902,f66749fe-f47c-5c02-9566-5032210817ba,1,38705,38745,46902,50174,8157,8197,40,0,0,0
46921,e4565770-eed3-1bd1-65e2-ca3643cc32ac,1,38689,38745,46921,45216,8176,8232,56,0,0,0
47032,9a62d78c-3511-7dcb-142c-cedb671d0f5a,1,38691,38745,47032,42988,8287,8341,54,0,0,0
47078,846d8c0c-2082-92b7-1b73-0410baf6f412,1,38686,38745,47078,49519,8333,8392,59,0,0,0
47103,c87af26d-5ae2-7936-2f87-031a166ee552,1,38698,38745,47103,45640,8358,8405,47,0,0,0
47187,aba511ce-b140-7ac2-671c-65534ea97d34,1,38692,38745,47187,47166,8442,8495,53,0,0,0
47221,0fdee23e-8fef-ea06-c19f-674e62258054,1,38686,38745,47221,49987,8476,8535,59,0,0,0
47254,abd06c5b-cc94-6b8c-fd2f-297dd6965ed1,1,38690,38745,47254,45055,8509,8564,55,0,0,0
82219,dad56c30-217e-b7de-0811-dbfd636aa135,1,56207,56207,82219,92874,26012,26012,0,0,0,0
82413,3afef5b8-5194-fc02-e740-d684709aefb7,1,55884,55884,82413,79829,26529,26529,0,0,0,0
82468,7e348e6f-d479-5b21-946d-f881c1889dc5,1,56474,56474,82468,90150,25994,25994,0,0,0,0
82484,dd802334-ff5d-3f22-ac01-a5610dfb1823,1,56474,56474,82484,81052,26010,26010,0,0,0,0
82681,78a43f9b-7e2e-7fb8-7d22-ca3cfbc01240,1,56474,56474,82681,85008,26207,26207,0,0,0,0
82772,c5f9dc62-7321-5cbb-320a-dbb94ce620d7,1,56679,56679,82772,86374,26093,26093,0,0,0,0
82811,b2582cb6-3700-c7e6-31bb-c8b2db82419a,1,56762,56762,82811,85576,26049,26049,0,0,0,0
82957,d874654f-ee58-bd90-05ce-021b30e3c45e,1,57004,57036,82957,82987,25921,25953,32,0,0,0
82989,429642a1-8a76-a7ee-252c-9e1ae1df9383,1,56998,57036,82989,80415,25953,25991,38,0,0,0
83052,eb57e9b2-9b65-9a05-1000-38eb52acf5d5,1,56976,56976,83052,93038,26076,26076,0,0,0,0
83071,73ee7e3c-045f-12ae-5ad8-8291ca22adcd,1,57004,57036,83071,79277,26035,26067,32,0,0,0
83106,a59df59f-c32d-7a49-3be3-edbe51ea97b2,1,57057,57096,83106,81936,26010,26049,39,0,0,0
83082,6239a01d-dd48-7f19-015a-9eee21d628c4,1,57134,57156,83082,87182,25926,25948,22,0,0,0
83140,6b1eb106-5d5f-1174-dfbd-05289c931ca0,1,57150,57156,83140,73444,25984,25990,6,0,0,0
83152,4da65d91-78e6-c0b1-8e9f-a2dc03c88563,1,57181,57216,83152,89258,25936,25971,35,0,0,0
83233,d88f90d9-5199-7d88-5fdb-2134380a016c,1,57172,57216,83233,94802,26017,26061,44,0,0,0
83307,7dfc0016-5724-9829-c950-1f0d007a78ad,1,57190,57216,83307,89758,26091,26117,26,0,0,0
83475,b1550d10-7885-c862-fe07-46d9e295dc8c,1,57343,57343,83475,82373,26132,26132,0,0,0,0
83582,030117ff-af3f-6f3b-aac0-8e9558efe1af,1,57593,57593,83582,70944,25989,25989,0,0,0,0
83728,314ae079-5e6e-c662-788b-1b19c736c148,1,57688,57727,83728,70727,26001,26040,39,0,0,0
83808,407896e9-df2d-5502-264a-5cb72e072eca,1,57667,57667,83808,91810,26141,26141,0,0,0,0
83893,97473324-2e77-51a8-0c41-b882c6792220,1,57900,57937,83893,73769,25956,25993,37,0,0,0
83908,832cd3e5-7231-6190-fd6f-501937d376b9,1,57945,57997,83908,91391,25911,25963,52,0,0,0
83983,64036ee6-0216-a502-3ecb-9fc1079276d3,1,57940,57997,83983,88457,25986,26043,57,0,0,0
84004,931589d9-b275-0cee-b2ae-16ebe19ee584,1,58084,58084,84004,77379,25920,25920,0,0,0,0
84175,75518597-2722-43f1-69e0-23047e54d133,1,58163,58163,84175,81672,26012,26012,0,0,0,0
84285,65cef31c-a62a-9b17-baf9-f119d5259eec,1,58286,58286,84285,90185,25999,25999,0,0,0,0
84378,fd1d6a50-ccd2-8ff4-4c24-fe6cffac0501,1,58288,58346,84378,89686,26032,26090,58,0,0,0
84597,f57ef1ad-e842-b308-029e-d8dd9ebb672a,1,58473,58473,84597,80384,26124,26124,0,0,0,0
84778,d39b4a86-8b3a-3cef-bf42-af24915408cb,1,57868,57877,84778,90630,26901,26910,9,0,0,0
84788,39a8ab5a-bf9c-61e7-ea47-8c843f67ed89,1,57817,57817,84788,94490,26971,26971,0,0,0,0
92284,909fc614-4e9c-f119-9c06-57e57aacd83e,1,31999,32017,92284,109003,60267,60285,18,0,0,0
105575,054c5200-a12b-40ff-4d5a-3dc449d7e8c5,1,100153,100172,105575,103123,5403,5422,19,0,0,0
107220,51c3aaa9-f5f7-b994-6c8a-efa190fc11bf,1,100156,100172,107220,106554,7048,7064,16,0,0,0
107277,a828304e-1267-a6f0-1402-ab19d51b6741,1,100158,100172,107277,110136,7105,7119,14,0,0,0
107340,fe9b780c-a9ed-fac2-b3bf-9f7f9569c9cd,1,100156,100172,107340,103781,7168,7184,16,0,0,0
107302,58e9e197-ead4-a782-5e7b-ed8550ecda55,1,100157,100172,107302,107549,7130,7145,15,0,0,0
107291,70bd380a-208a-081e-7f15-bb21b92ac99e,1,100161,100172,107291,106274,7119,7130,11,0,0,0
107294,ae890d71-3593-6623-4fb0-ef847ff8dc1b,1,100167,100172,107294,105060,7122,7127,5,0,0,0
107388,5b1ac2e2-3919-5b9d-f987-1d3c02d9a928,1,100174,100232,107388,108583,7156,7214,58,0,0,0
107434,07a53b36-d086-de68-2b1c-db30730b7c4a,1,100154,100172,107434,105284,7262,7280,18,0,0,0
107499,f880d021-a5c8-5263-47a8-cd4bc4b8fb73,1,100112,100112,107499,108258,7387,7387,0,0,0,0
107516,8eb2e484-bdc9-cf24-4c65-bb71ebacbe77,1,100160,100172,107516,110530,7344,7356,12,0,0,0
107473,85ca1dad-5468-2881-72e1-47aeeadfd279,1,100165,100172,107473,109032,7301,7308,7,0,0,0
107569,673d1e66-5c91-b07b-692e-5bd7e6fe130a,1,100118,100172,107569,109937,7397,7451,54,0,0,0
107617,6a4b34ad-a875-502b-7dd1-c8f403f175a5,1,100113,100172,107617,105057,7445,7504,59,0,0,0
107590,29b4263b-bc59-c5df-51cf-1a403e85724b,1,100160,100172,107590,106401,7418,7430,12,0,0,0
107665,e3f302d0-5f21-fba2-d016-f08b913df498,1,100114,100172,107665,108250,7493,7551,58,0,0,0
107695,bc6b8cfd-19a3-bb0e-52c1-868a563edd1a,1,100169,100172,107695,110948,7523,7526,3,0,0,0
107684,1ff36a6f-2001-e126-3fcb-dcfcd4d53aad,1,100169,100172,107684,110150,7512,7515,3,0,0,0
107748,d6f8e1cf-17c7-8927-c363-1b34f02864b8,1,100120,100172,107748,109634,7576,7628,52,0,0,0
107712,15f6eb66-4ab1-5193-9957-4b91e15eb0b5,1,100122,100172,107712,110341,7540,7590,50,0,0,0
107708,a29eaa64-7fa2-f52f-2ad2-79b69089e827,1,100125,100172,107708,108021,7536,7583,47,0,0,0
107730,1521829a-72b3-3670-9944-6b2202018450,1,100125,100172,107730,110747,7558,7605,47,0,0,0
107731,a376b10b-69ca-9b7a-6eb1-52517b05b7ef,1,100128,100172,107731,106114,7559,7603,44,0,0,0
107708,4fc68e9c-ab44-247f-5d9a-ffd34cf44571,1,100129,100172,107708,110452,7536,7579,43,0,0,0
107753,11117be3-c89a-46cd-0035-9bb2288dead6,1,100131,100172,107753,109101,7581,7622,41,0,0,0
107789,91c8ce95-814a-e0b4-e853-333d7bbdecb1,1,100125,100172,107789,109923,7617,7664,47,0,0,0
107777,c5c4467c-544e-ae0e-2abb-7000974a2c88,1,100128,100172,107777,108913,7605,7649,44,0,0,0
107794,2a422de1-33eb-ecd4-af8a-4fdb79b912ee,1,100132,100172,107794,106692,7622,7662,40,0,0,0
107780,bd886452-c707-614d-cff0-87859355c553,1,100141,100172,107780,105553,7608,7639,31,0,0,0
107806,743035b8-a4b8-d5ae-ac68-b945516e4c9b,1,100147,100172,107806,107304,7634,7659,25,0,0,0
107787,b9e7b560-6c77-cd36-b71f-acd0f99212c5,1,100148,100172,107787,110593,7615,7639,24,0,0,0
107794,cc42bcd1-1a1a-158c-ea0f-48f96ff7424d,1,100163,100172,107794,107759,7622,7631,9,0,0,0
107777,ffa10a56-7704-0968-07df-26fa1f8695f5,1,100165,100172,107777,107222,7605,7612,7,0,0,0
107769,c6077a34-c1ce-a286-c15d-1a09b22123b6,1,100169,100172,107769,104104,7597,7600,3,0,0,0
107832,ae22c8d4-7489-dbed-1783-959b83deef4d,1,100113,100172,107832,106011,7660,7719,59,0,0,0
107860,83993bbb-3ab7-83e4-1dbe-6606948f7082,1,100118,100172,107860,106711,7688,7742,54,0,0,0
107833,3b7dacd2-1c50-7562-bf9e-6561a026978d,1,100131,100172,107833,106264,7661,7702,41,0,0,0
107854,9f737e48-dd51-0b3f-a488-6cb0e63b9383,1,100135,100172,107854,109816,7682,7719,37,0,0,0
107822,10d28255-1e8c-40a0-5d5d-44f32005dce6,1,100140,100172,107822,110184,7650,7682,32,0,0,0
107869,5d1071b8-9c18-711c-34e5-52d8619691fe,1,100141,100172,107869,109559,7697,7728,31,0,0,0
107878,a991e2ae-d7a0-ce6b-a300-3c5597ac153a,1,100146,100172,107878,108057,7706,7732,26,0,0,0
107877,970f24de-409b-ae92-a320-7634886ded0d,1,100148,100172,107877,107537,7705,7729,24,0,0,0
107840,8a81dc7c-5682-ab8d-7260-f94b893d531d,1,100161,100172,107840,104161,7668,7679,11,0,0,0
107913,dbf19a2c-e10a-c374-ce4c-e64225b1f820,1,100113,100172,107913,109458,7741,7800,59,0,0,0
107928,cd6c7041-8c9b-e6ef-a9d6-338bf778d31f,1,100164,100172,107928,105064,7756,7764,8,0,0,0
107930,9661f345-e8e0-45fc-5a04-0b83237b42f3,1,100171,100172,107930,111193,7758,7759,1,0,0,0
107960,9638c694-b30a-949c-eca4-c1f877afacf7,1,100112,100112,107960,111455,7848,7848,0,0,0,0
107990,24cd3f0c-1387-9e4b-3378-4438f7fb3812,1,100116,100172,107990,111601,7818,7874,56,0,0,0
107966,3f65fbc7-69e9-d14f-d275-202c5fa8637b,1,100121,100172,107966,105850,7794,7845,51,0,0,0
107960,9c335245-34b2-a317-3353-dfedf3856948,1,100138,100172,107960,109251,7788,7822,34,0,0,0
108014,8840a662-bdda-d999-5827-a791e2abc67b,1,100113,100172,108014,105450,7842,7901,59,0,0,0
108019,29d0120f-94a9-5a7d-c15e-5000ff99d2ac,1,100115,100172,108019,106285,7847,7904,57,0,0,0
108027,5808b962-2673-023a-d4e8-4b41af017211,1,100121,100172,108027,105340,7855,7906,51,0,0,0
108028,88d2ba17-5b1f-e7b9-3006-7e9d42ecf39e,1,100143,100172,108028,106541,7856,7885,29,0,0,0
108027,414a8bdc-9154-aa53-7fff-a7522d213d1f,1,100143,100172,108027,104881,7855,7884,29,0,0,0
108003,c11d3f0d-a988-e291-db03-a033e48c79e7,1,100144,100172,108003,106499,7831,7859,28,0,0,0
108109,b3f13340-c79d-fff2-4400-d880cfe81127,1,100114,100172,108109,107138,7937,7995,58,0,0,0
108101,a2b021d3-71f9-74f8-ab7f-428b1e06f727,1,100124,100172,108101,107135,7929,7977,48,0,0,0
108078,3eb4f363-456c-791f-726f-f0855962198d,1,100136,100172,108078,109183,7906,7942,36,0,0,0
108078,608b9004-6f24-b6bf-bc78-22b9c67f3362,1,100142,100172,108078,108851,7906,7936,30,0,0,0
108165,a8534019-03db-cf26-10e2-7ffc781acc67,1,100133,100172,108165,110209,7993,8032,39,0,0,0
108167,c184b8ee-5c12-842a-165c-170df078954a,1,100150,100172,108167,110048,7995,8017,22,0,0,0
108202,b86e23a5-1b25-4524-cf67-4e848a8f6186,1,100139,100172,108202,111134,8030,8063,33,0,0,0
108233,52e3d320-7fc6-dbca-bd11-e85ad41d64a1,1,100150,100172,108233,107474,8061,8083,22,0,0,0
120357,7f78a63a-f311-c8cf-934b-c1e858bd3fd9,1,100152,100172,120357,126143,20185,20205,20,0,0,0
123750,50f0ffc4-451c-cbf1-4a0e-2a852e90f6a8,1,121611,121611,123750,124248,2139,2139,0,0,0,0
127355,ddecc7e5-0d95-430d-2c83-b6758c820fa4,1,116049,116049,127355,122024,11306,11306,0,0,0,0
127628,d6408d37-e92c-3c0f-acda-4dceebe2712d,1,116504,116504,127628,125709,11124,11124,0,0,0,0
128445,87cc1b60-1e27-918f-3953-f231f62e2314,1,117250,117250,128445,124080,11195,11195,0,0,0,0
128489,54613dc9-1604-99a5-fc8c-608ab54ba43b,1,116979,116979,128489,132440,11510,11510,0,0,0,0
128581,7e48624e-74fe-8e76-f9d2-da8c31eb5f8c,1,127359,127415,128581,128058,1166,1222,56,0,0,0
128642,beef7159-5e10-43f4-004c-f3afa67227fa,1,116651,116651,128642,123884,11991,11991,0,0,0,0
158592,8cb2fa61-cc3f-a18f-0ac1-83f005cc45e6,1,132641,132641,158592,168050,25951,25951,0,0,0,0
161268,4240fca0-6783-0e79-9294-72b0ce783cfe,1,135196,135196,161268,151013,26072,26072,0,0,0,0
161441,d7bc40fc-6b6e-134d-d25f-ededf74fed1c,1,135379,135379,161441,154756,26062,26062,0,0,0,0
161458,1fa13985-2bc8-eb0d-e3a3-977a17f3baac,1,135300,135300,161458,161120,26158,26158,0,0,0,0
161604,05849aa3-0da2-ae47-e5b6-fef7797693e2,1,135463,135463,161604,155748,26141,26141,0,0,0,0
161643,602f13de-4741-315c-80de-a73e6db3a7fc,1,135559,135583,161643,168881,26060,26084,24,0,0,0
161715,a52244d7-b4be-568c-ee0a-acd5b1366d68,1,135511,135523,161715,172098,26192,26204,12,0,0,0
161706,7d891ecf-9f42-73f5-4d40-fa78ed201a6b,1,135559,135583,161706,161040,26123,26147,24,0,0,0
161828,7afbb3e6-8674-fad2-4343-3f1b1e5aaf93,1,135737,135737,161828,162793,26091,26091,0,0,0,0
161832,3d5699b6-97c4-3e54-a894-3ca455300eb5,1,135567,135583,161832,165229,26249,26265,16,0,0,0
161833,7f681bd6-7a94-380b-9ade-72121d2b415a,1,135631,135643,161833,152646,26190,26202,12,0,0,0
161907,bea1c3fa-49a3-e7ca-5578-6527af7b6e16,1,135778,135797,161907,155636,26110,26129,19,0,0,0
161896,bf12c5c1-c420-af00-2fb4-e12e4e504b1c,1,135801,135857,161896,170149,26039,26095,56,0,0,0
161985,05c4a7c2-922d-87e0-4766-843e1a3ec3b0,1,135832,135857,161985,165977,26128,26153,25,0,0,0
161981,1d87de0e-65e0-e067-0dd8-03c937ed5a98,1,135867,135917,161981,161124,26064,26114,50,0,0,0
162052,0cb553a6-4d81-78bc-a639-d7e5ea842bf6,1,135901,135917,162052,152709,26135,26151,16,0,0,0
162010,fdbadd52-1c2c-ffcd-2567-eabd04374832,1,135911,135917,162010,152304,26093,26099,6,0,0,0
162066,c28cdf3e-f2df-c452-43ff-5dd4f8742e05,1,135936,135977,162066,161800,26089,26130,41,0,0,0
162050,79370adc-09a7-d941-609a-626819620750,1,135964,135977,162050,171261,26073,26086,13,0,0,0
162204,387c1d69-7b71-12e1-1215-57a9c1b4e578,1,136096,136096,162204,159371,26108,26108,0,0,0,0
162225,84a01954-d9c9-1ec3-61b5-c8a3da4d7550,1,136104,136156,162225,160094,26069,26121,52,0,0,0
162244,e385f845-c1b9-0bdb-3b17-7a6794dfd39b,1,136124,136156,162244,149718,26088,26120,32,0,0,0
162283,67dac19b-c18e-cb42-2f1d-86b113f2427a,1,136249,136249,162283,158266,26034,26034,0,0,0,0
162362,4a8846df-0b02-3b69-36cd-c3064ebb3992,1,136287,136309,162362,156688,26053,26075,22,0,0,0
162428,884b809e-e0b8-ecc4-42d9-cf701e151994,1,136307,136309,162428,172514,26119,26121,2,0,0,0
162437,cde26b2b-4d74-795a-018e-c588554f1ae8,1,136308,136309,162437,157775,26128,26129,1,0,0,0
162532,5dfbab22-f0de-23dd-782d-b9ec1ed9f47b,1,136453,136503,162532,165908,26029,26079,50,0,0,0
162567,d9a41586-40ef-e1df-4368-a8782ee8770b,1,136443,136443,162567,153759,26124,26124,0,0,0,0
162555,54bb279e-5a60-9abd-cca5-b9a48711bf3c,1,136501,136503,162555,165255,26052,26054,2,0,0,0
162639,3cde9fc6-7f2c-7ba9-1e3a-f3cc86f94fc4,1,136550,136563,162639,168262,26076,26089,13,0,0,0
162819,d93ff1ac-b98a-fa1c-0d91-05dcb6117924,1,136645,136683,162819,153418,26136,26174,38,0,0,0
162822,3088fbf5-57d6-e7a4-ede0-5194c3327e3b,1,136556,136563,162822,150851,26259,26266,7,0,0,0
162905,04515944-701f-5366-d37b-f358b0ba2274,1,136885,136885,162905,167221,26020,26020,0,0,0,0
163021,f9dd42ef-2aa5-44ed-e1cf-03015ce22155,1,136907,136945,163021,170092,26076,26114,38,0,0,0
163164,2eda16b7-cfc0-b2a2-2394-7a9e9234b0af,1,137069,137069,163164,160804,26095,26095,0,0,0,0
163256,cd1d923e-c5a8-8c70-d2d6-cddd722570bd,1,137084,137129,163256,163085,26127,26172,45,0,0,0
163343,d59ba4a6-6c71-a94c-c61a-dd147be73bc7,1,137326,137326,163343,153421,26017,26017,0,0,0,0
163463,0e7df4e7-f35f-5311-0708-3dcfdfa9f4f0,1,137406,137406,163463,167841,26057,26057,0,0,0,0
163631,1c086e9e-a4c4-a95c-6ac1-5852d07d528c,1,137408,137466,163631,163133,26165,26223,58,0,0,0
163668,d612f776-6859-a12c-6dab-456eadd509fb,1,137593,137593,163668,167430,26075,26075,0,0,0,0
163722,34e83f89-e59b-a3f8-2581-52c86a7b68f3,1,137687,137687,163722,172882,26035,26035,0,0,0,0
163957,94139f08-f185-8a2c-5ad2-c225f0d4db08,1,137841,137900,163957,165713,26057,26116,59,0,0,0
163968,36399dc1-d28d-88b9-5b94-484aabc142d8,1,137840,137840,163968,173207,26128,26128,0,0,0,0
164205,b7a2d445-5f8b-5278-88bd-2a5918bb6d91,1,138124,138124,164205,175906,26081,26081,0,0,0,0
164244,8b5e3471-8a96-1c4d-da8a-18bd5a9f94dc,1,138190,138190,164244,151263,26054,26054,0,0,0,0
164305,5839d0f0-1f59-4014-785e-bceda69f1fc5,1,138244,138250,164305,163426,26055,26061,6,0,0,0
164744,118120f4-659c-1978-a67a-c6237316375f,1,138662,138698,164744,159270,26046,26082,36,0,0,0
164785,cd654d40-a2c0-3ebc-5db2-d06c9d773f71,1,136741,136743,164785,172440,28042,28044,2,0,0,0
164866,5e6f401b-27d9-ee5b-c6a9-00ff0dbacc8e,1,138764,138818,164866,161852,26048,26102,54,0,0,0
164886,2de7216c-90ff-88d7-4168-3d86c2361110,1,136567,136623,164886,165083,28263,28319,56,0,0,0
164883,3b382050-73c1-91bc-a03a-942183b3716a,1,138684,138698,164883,169235,26185,26199,14,0,0,0
164936,c55010a5-3ee9-b54d-ca0a-0e7cb13b50d6,1,136683,136683,164936,152167,28253,28253,0,0,0,0
164953,e44f063c-9a1a-b218-b343-9e7d6c2775e8,1,138783,138818,164953,168127,26135,26170,35,0,0,0
164972,b6e59365-dc6f-ac01-72fb-ca887cd85ad7,1,138790,138818,164972,158243,26154,26182,28,0,0,0
165250,ca7eebc0-2a94-f22b-cd17-1b14ace1425d,1,139038,139058,165250,159619,26192,26212,20,0,0,0
165362,421c192b-eb49-6708-709a-26d84e63d5f8,1,139317,139317,165362,160464,26045,26045,0,0,0,0
165591,37460c0e-497f-b51e-baa9-09e892da483e,1,139500,139500,165591,153192,26091,26091,0,0,0,0
165697,c576faba-e468-9c51-55a0-4a402fd8edf9,1,139632,139680,165697,160918,26017,26065,48,0,0,0
166863,926698bb-748c-a855-bc55-a7ee9a27f79e,1,140783,140841,166863,177967,26022,26080,58,0,0,0
167203,d388ee11-e57b-d0ec-589c-e323cb731f8e,1,141105,141105,167203,160452,26098,26098,0,0,0,0
167658,41c89865-ee9f-3c95-fdaa-6c404302f07a,1,141552,141565,167658,156588,26093,26106,13,0,0,0
169700,6875fa7f-fbdd-4184-ba7b-6053b0c6c925,1,143609,143634,169700,179323,26066,26091,25,0,0,0
169846,1974e45e-2968-4276-458b-3e5864c5fff6,1,143667,143694,169846,176711,26152,26179,27,0,0,0
177257,c1723dd1-0062-a4bd-5a9d-a25ae7d09d0f,1,151253,151264,177257,164354,25993,26004,11,0,0,0
177290,52f219a8-7dfc-b22b-3fe5-fcf7a1068ad4,1,151272,151324,177290,175782,25966,26018,52,0,0,0
177342,21949453-3f19-21bd-704c-7fae2d5c29ea,1,151208,151264,177342,171965,26078,26134,56,0,0,0
177334,7365bb78-4d31-4160-c42e-1cd70f48efde,1,151212,151264,177334,176225,26070,26122,52,0,0,0
177318,67340cb5-11c1-6e0b-bde6-80edf9f0cee6,1,151246,151264,177318,165200,26054,26072,18,0,0,0
177355,397aff0a-e003-700c-97eb-da48d7e6af1b,1,151274,151324,177355,176519,26031,26081,50,0,0,0
177377,0d0c03a6-590f-f3f2-92b9-92ca98c0ea85,1,151289,151324,177377,180259,26053,26088,35,0,0,0
177394,75ea60c8-35b7-a45a-6228-c87664a7505e,1,151204,151204,177394,165639,26190,26190,0,0,0,0
177417,465d9ab2-8551-2195-74e6-9d74c9dfc75a,1,151284,151324,177417,184198,26093,26133,40,0,0,0
177632,0980d2cc-3659-b2ce-5feb-08de906c7eb3,1,151624,151626,177632,167920,26006,26008,2,0,0,0
177664,6e2729fe-a059-db11-15a3-8b8f802b2b41,1,151566,151566,177664,185689,26098,26098,0,0,0,0
177643,257df858-dea6-fd1e-3784-a0ba05be74d3,1,151591,151626,177643,188656,26017,26052,35,0,0,0
177760,30cf7c21-8d16-4b98-83e1-edc8da101408,1,151697,151697,177760,184535,26063,26063,0,0,0,0
177872,41aedc98-a12d-7351-6b12-433172a21353,1,151898,151898,177872,183279,25974,25974,0,0,0,0
177990,9b5a62a3-013d-62ff-8645-2c0104c80dbd,1,151910,151958,177990,188807,26032,26080,48,0,0,0
178094,9374e58c-70c6-1330-7d14-6c8139c3f8b8,1,151931,151958,178094,189563,26136,26163,27,0,0,0
178182,e79e0515-87c3-0868-69f2-45c1be9f8afd,1,151987,152018,178182,175110,26164,26195,31,0,0,0
178191,f98802a1-180a-df51-f821-0fa734f42bcc,1,152072,152078,178191,181167,26113,26119,6,0,0,0
178247,b2f5930e-f561-3515-9515-9146f6722c83,1,152235,152235,178247,165387,26012,26012,0,0,0,0
178461,ec5cc6a6-c4dc-0dc5-e8a3-2fd9d11a75e5,1,152254,152295,178461,185122,26166,26207,41,0,0,0
178502,823b1b83-d6e3-ec54-3d35-eda4219ca79c,1,152488,152528,178502,186051,25974,26014,40,0,0,0
178570,b8c1d8a1-12f1-f84d-ce97-0ccc54d9e908,1,152468,152468,178570,174756,26102,26102,0,0,0,0
178549,deb72c0e-f090-aa89-03a9-86f774bf0402,1,152495,152528,178549,174106,26021,26054,33,0,0,0
178543,13773960-561f-56f4-c0c6-994be45a4a9e,1,152513,152528,178543,178656,26015,26030,15,0,0,0
178950,c44f1306-055e-d1e3-83e5-123ef593d27f,1,152943,152943,178950,173844,26007,26007,0,0,0,0
179044,f52667bf-e384-c6fa-c0ca-22c79a40564a,1,153019,153019,179044,180528,26025,26025,0,0,0,0
179089,022c2c5f-2264-737a-5a32-b1b3efe60d13,1,153042,153079,179089,169538,26010,26047,37,0,0,0
213198,18994c66-254d-3ffd-6670-f83dde3a1376,1,198368,198400,213198,220442,14798,14830,32,0,0,0
214659,12408a66-f66b-58c1-2876-117ba0081370,1,198402,198460,214659,210093,16199,16257,58,0,0,0
214753,99a37b40-72ab-a412-b03b-479b5d536767,1,198347,198400,214753,218418,16353,16406,53,0,0,0
215096,beddd933-4369-e262-daa8-a1ee9bc158b5,1,198381,198400,215096,222011,16696,16715,19,0,0,0
216667,6c56dc90-ef03-c5d3-98ae-9f821625ae5c,1,198387,198400,216667,221186,18267,18280,13,0,0,0
217406,658c85f1-7057-78a9-4872-0ec7e0456a23,1,198353,198400,217406,209225,19006,19053,47,0,0,0
217445,74cd4e65-f2c9-a411-bc7b-104aa6d51f82,1,198389,198400,217445,209291,19045,19056,11,0,0,0
217493,d9e86b32-2624-251f-df10-d7c6cfa1b595,1,198401,198460,217493,210619,19033,19092,59,0,0,0
217965,f39b8ce7-eb8d-e247-9a49-4fea8ca8646e,1,198397,198400,217965,225833,19565,19568,3,0,0,0
218205,319569ab-0081-ed1c-4ceb-0c24a719ccd6,1,198357,198400,218205,221876,19805,19848,43,0,0,0
218871,7775dc58-805e-8764-d3d6-6149947e8ba6,1,198389,198400,218871,216295,20471,20482,11,0,0,0
218975,d28cdfa6-315a-717a-36d9-a61c097661ba,1,198382,198400,218975,223491,20575,20593,18,0,0,0
219002,984eff92-f4fd-c535-8ae3-92324e8ff0e9,1,198404,198460,219002,218777,20542,20598,56,0,0,0
219083,562ba2e0-6779-0b8d-053a-fa4c77e20aa2,1,198389,198400,219083,225465,20683,20694,11,0,0,0
219332,e6132268-7c2d-358f-9626-a5472ceded3d,1,198340,198340,219332,227236,20992,20992,0,0,0,0
219569,06466619-77a6-1193-7c19-2a26f08c26be,1,198399,198400,219569,214148,21169,21170,1,0,0,0
219801,26baeba7-c4d7-3c76-8db9-4542c2388317,1,198353,198400,219801,225646,21401,21448,47,0,0,0
220112,39d9cdfc-e857-c170-7418-be13d9ead82f,1,198397,198400,220112,222776,21712,21715,3,0,0,0
220227,86e599be-2dac-1607-3d5a-d89312d77b33,1,198366,198400,220227,221087,21827,21861,34,0,0,0
220857,c4aef437-8611-168b-b912-e9e17f18758d,1,198353,198400,220857,216585,22457,22504,47,0,0,0
220873,50d29969-2b91-6fa4-259f-1b605338e58e,1,198345,198400,220873,222206,22473,22528,55,0,0,0
221703,d9e0de8e-8b24-4ed5-a22c-0814ec2de291,1,198341,198400,221703,222786,23303,23362,59,0,0,0
221788,3201e995-6ea4-4575-15cc-7a5ae05c3edd,1,198378,198400,221788,216687,23388,23410,22,0,0,0
221895,ed83adaf-d888-5743-d089-85f141e793c0,1,198390,198400,221895,217495,23495,23505,10,0,0,0
222040,bad3954f-9bc7-65c2-a49b-c0058ac94890,1,198341,198400,222040,223054,23640,23699,59,0,0,0
222244,32edc198-8e1e-35ab-92cf-efabba60260e,1,198340,198340,222244,216806,23904,23904,0,0,0,0
222245,e3e038fe-246e-0610-4a9b-d6b60c580da8,1,198349,198400,222245,211674,23845,23896,51,0,0,0
222292,4f90b258-d939-8a9c-b083-e44ca369d0e0,1,198354,198400,222292,217752,23892,23938,46,0,0,0
222513,6343993e-ede4-b208-52de-5574a567643d,1,198392,198400,222513,218434,24113,24121,8,0,0,0
222637,30992d4a-0883-87e7-ce7f-a2073dcbf0d7,1,198340,198340,222637,234617,24297,24297,0,0,0,0
222842,92c363af-1c01-bff0-e45d-035c61c69e30,1,198358,198400,222842,213061,24442,24484,42,0,0,0
223538,d7a1d554-4197-c5eb-d063-ae8b83637cfd,1,198343,198400,223538,230444,25138,25195,57,0,0,0
223721,8cd324f7-f98a-b120-6a46-d2169488e479,1,198379,198400,223721,216171,25321,25342,21,0,0,0
224078,48b2ffb5-77e2-689d-351d-4de8f02e7152,1,198389,198400,224078,214408,25678,25689,11,0,0,0
224109,66e2bf74-7692-63cb-6082-46197e4bca7f,1,198340,198340,224109,211651,25769,25769,0,0,0,0
224091,17047d61-69bc-7a3a-0478-7a63967c565b,1,198395,198400,224091,213684,25691,25696,5,0,0,0
224283,2977c169-31b6-f3e4-190f-2c57f74b0ed7,1,198375,198400,224283,231122,25883,25908,25,0,0,0
224353,270baee0-18da-b2e9-c060-3c43780cd373,1,198398,198400,224353,233682,25953,25955,2,0,0,0
224509,34fa8331-ce1e-9845-e319-3217b574f8b6,1,198340,198340,224509,223268,26169,26169,0,0,0,0
224956,f090a072-ed6e-ad7d-9ac8-cad6c79e5f5d,1,198362,198400,224956,230275,26556,26594,38,0,0,0
225338,91c2267b-988b-b3af-4a8e-62dd15161fbe,1,198395,198400,225338,232600,26938,26943,5,0,0,0
225356,3d7ccbda-6c74-c571-e4a5-4b568d749525,1,198369,198400,225356,233550,26956,26987,31,0,0,0
225377,2440e340-6351-a8e8-1ef7-883ff49968de,1,198387,198400,225377,235630,26977,26990,13,0,0,0
225738,fbf0e66d-872c-c11d-aaf2-56d08998632f,1,198376,198400,225738,222657,27338,27362,24,0,0,0
226492,3829892d-2432-ae26-f582-88bb1ba96b1f,1,198360,198400,226492,228142,28092,28132,40,0,0,0
227194,1dd0543b-d0e9-6afd-661e-a751888bc015,1,198370,198400,227194,225750,28794,28824,30,0,0,0
227269,d65e6d20-4de6-c9d6-a0b1-ebb60b5d12d5,1,198358,198400,227269,232356,28869,28911,42,0,0,0
227350,3df06c0c-8793-b2ae-f5c6-96395870253d,1,198341,198400,227350,235397,28950,29009,59,0,0,0
227788,20c26090-c7f4-409f-d091-969a76a588f1,1,198368,198400,227788,231046,29388,29420,32,0,0,0
228379,ec69a9a2-2b4d-5590-01b9-4ed81abb423a,1,198362,198400,228379,233191,29979,30017,38,0,0,0
229205,03d1923a-022b-5e5e-b60e-a9df174a5ee8,1,198347,198400,229205,219812,30805,30858,53,0,0,0
229675,2efe9140-b8e1-a180-df7a-fe018f9758d5,1,198401,198460,229675,214939,31215,31274,59,0,0,0
229845,fea70062-a2cf-98e0-8658-8adb6885a933,1,198373,198400,229845,238555,31445,31472,27,0,0,0
230001,c5abf054-7a7d-94af-3b68-30b8f91ad558,1,198351,198400,230001,240376,31601,31650,49,0,0,0
230074,7b493b91-de35-259f-fd2b-8fd07232ec08,1,198393,198400,230074,237443,31674,31681,7,0,0,0
231107,9910874b-6dcb-96a3-0385-15667cbb5902,1,198355,198400,231107,240922,32707,32752,45,0,0,0
231271,6bb5338b-3525-3fb6-e5f6-7059885b5a4d,1,198350,198400,231271,238522,32871,32921,50,0,0,0
231898,3c5d8c5a-ddaa-abbe-71af-850b4cec6a6e,1,198363,198400,231898,230843,33498,33535,37,0,0,0
231993,1f8b806a-7c90-6408-5983-9ded6a662ee8,1,198378,198400,231993,219235,33593,33615,22,0,0,0
232397,f942a058-e022-8af2-196a-e970a7d10cbd,1,198374,198400,232397,246925,33997,34023,26,0,0,0
232645,aa7f9308-bc46-0db5-6c98-31cd839bd358,1,198340,198340,232645,247536,34305,34305,0,0,0,0
232793,0713f2e5-94e1-46ac-a561-c4e20e7d08b6,1,198402,198460,232793,216963,34333,34391,58,0,0,0
233924,0e7169f6-552d-a4bc-3f9d-2c3d01b93b8b,1,198355,198400,233924,216126,35524,35569,45,0,0,0
234147,1bdd3154-4799-bcbd-dcae-d3f23ddbe287,1,198370,198400,234147,225547,35747,35777,30,0,0,0
235968,a051b101-3079-387b-2797-29e2c68fb72e,1,198383,198400,235968,248557,37568,37585,17,0,0,0
238299,299076a7-ad46-07ee-c8aa-8587139282c8,1,198372,198400,238299,252463,39899,39927,28,0,0,0
238369,e4a7d5d0-ebba-8ef4-3427-85a6f07b0e4d,1,198379,198400,238369,251307,39969,39990,21,0,0,0
239173,b033c9ba-72aa-704e-fa3f-81bf1e90e1f1,1,198361,198400,239173,255571,40773,40812,39,0,0,0
244108,f6fee124-ec92-2690-3f48-8d3921614034,1,198385,198400,244108,261873,45708,45723,15,0,0,0
245864,f23038dc-f861-1513-5962-a3f5d7fc1e4c,1,198349,198400,245864,246835,47464,47515,51,0,0,0
269834,b7d63143-ea6b-79b0-fb45-8d1a617ddf4d,1,243569,243569,269834,266332,26265,26265,0,0,0,0
269982,2fa354aa-7449-c9e2-a6b2-c2a3e49ee1a9,1,243770,243770,269982,259106,26212,26212,0,0,0,0
270292,d2f8160c-644f-b19e-dac1-6243ba89e4c0,1,244072,244094,270292,268680,26198,26220,22,0,0,0
270388,ba1a4201-e568-804b-76ae-b2d2cf092ca6,1,244034,244034,270388,264826,26354,26354,0,0,0,0
270391,9a89e30e-49e5-66f9-f68b-cfe403d59fb5,1,244083,244094,270391,258474,26297,26308,11,0,0,0
270443,dcce8f2b-a06d-133e-0da4-e6d6ef5ea51e,1,244091,244094,270443,259999,26349,26352,3,0,0,0
270409,ac11e4e3-a5c1-9092-3f5a-f542c7159640,1,244178,244214,270409,279384,26195,26231,36,0,0,0
270486,0da6e6cc-dfc6-7f74-5ba7-bcafdb492c2a,1,244126,244154,270486,281574,26332,26360,28,0,0,0
270502,57dd9db7-c52c-0a1d-f598-35d6cb91b139,1,244151,244154,270502,262331,26348,26351,3,0,0,0
270466,c2ca2384-1109-443b-aa27-b40713cc068c,1,244367,244399,270466,272897,26067,26099,32,0,0,0
270519,4a7ba815-44c0-be44-b392-328a69681a30,1,244375,244399,270519,271299,26120,26144,24,0,0,0
270537,bcb396a5-e5fe-76d5-db82-4ff9f432874e,1,244438,244459,270537,283338,26078,26099,21,0,0,0
270581,5ceb409b-05f0-f350-4ae9-9d31286df303,1,244181,244214,270581,264601,26367,26400,33,0,0,0
270598,97d6d50c-a1b5-d40d-8b79-3866f6599b89,1,244371,244399,270598,270400,26199,26227,28,0,0,0
270574,11b1148d-12d3-bbf8-8f7b-bc8972527736,1,244457,244459,270574,282701,26115,26117,2,0,0,0
270592,69cbc7c8-9ab2-dbaa-8663-371242537e65,1,244510,244519,270592,269024,26073,26082,9,0,0,0
270590,daeb2b2b-1aa5-ca3b-5b78-f1c8157e952f,1,244566,244579,270590,274954,26011,26024,13,0,0,0
270629,163d08b3-e224-d1d3-80cf-587dbcda51d6,1,244497,244519,270629,270135,26110,26132,22,0,0,0
270664,210e2de6-387a-50d2-c832-0f74de79d507,1,244578,244579,270664,262550,26085,26086,1,0,0,0
270709,31ecfcae-6a3a-56f1-12e8-9eaa51c8efaa,1,244413,244459,270709,277929,26250,26296,46,0,0,0
270708,ee9801e5-4786-873c-e6ff-ffa336921eeb,1,244680,244703,270708,263994,26005,26028,23,0,0,0
270746,29e6a0b0-96fc-41e6-5132-50c2121673f6,1,244759,244763,270746,263126,25983,25987,4,0,0,0
270755,369f5850-8e72-c7c8-243e-072a74166d05,1,244660,244703,270755,269404,26052,26095,43,0,0,0
270861,d3d0ea9d-f0c9-e307-3d41-b6bac48bdd9d,1,244643,244643,270861,265792,26218,26218,0,0,0,0
270826,c263f18b-f75c-b173-285d-cbecfcf5cdf2,1,244659,244703,270826,279445,26123,26167,44,0,0,0
270860,895b19a3-4771-6cb8-1084-039aa2200ff9,1,244698,244703,270860,258014,26157,26162,5,0,0,0
270829,779c5b27-a100-5532-e9b7-760cd059db96,1,244810,244823,270829,265750,26006,26019,13,0,0,0
270867,4e544c0b-1d88-e434-ff34-46477991fb2b,1,244815,244823,270867,277915,26044,26052,8,0,0,0
270829,4e72aa52-83be-9cd9-c7d4-e1ff8b6a5839,1,244876,244883,270829,262661,25946,25953,7,0,0,0
270891,3437b0f6-abed-1a58-914b-297ee8598996,1,244684,244703,270891,268545,26188,26207,19,0,0,0
270921,b58db26c-e536-49a5-8471-1c301686f97e,1,244699,244703,270921,264633,26218,26222,4,0,0,0
270931,8bbe5be0-f03e-4e22-3724-712b7b9080d9,1,244498,244519,270931,259424,26412,26433,21,0,0,0
270988,ab3ba952-6f12-f3db-fc6b-6e55e6a52753,1,244978,245003,270988,270143,25985,26010,25,0,0,0
271025,eaafedb6-4e64-9028-7a38-087b5c0b7dfb,1,244843,244883,271025,258937,26142,26182,40,0,0,0
271021,6e5211c0-29ff-266e-68de-26c4c2d2ef82,1,245042,245063,271021,281798,25958,25979,21,0,0,0
271088,31e60480-cec5-6c59-eaa8-389500d1845d,1,244339,244339,271088,276258,26749,26749,0,0,0,0
271054,16ed5c3e-61ed-003d-5980-d8f9b4c6d51d,1,244959,245003,271054,276935,26051,26095,44,0,0,0
271060,3d73826d-f3a9-490e-71de-c2196abd3d20,1,245040,245063,271060,269632,25997,26020,23,0,0,0
271095,e6a6e425-3f64-3e10-846d-b8d6ee60aaab,1,245063,245063,271095,281629,26032,26032,0,0,0,0
271081,ba9349d6-20c0-c6f1-ef83-f991ed051066,1,245076,245123,271081,260423,25958,26005,47,0,0,0
271076,04a63c46-c138-3803-895a-e15d33a247f1,1,245143,245183,271076,274451,25893,25933,40,0,0,0
271124,5a7900ed-a06d-e812-33ea-6dabf266d905,1,244145,244154,271124,269562,26970,26979,9,0,0,0
271123,4b61a861-e963-f946-6888-afec58b213b3,1,245007,245063,271123,265970,26060,26116,56,0,0,0
271142,bdcb5454-8709-c4db-414e-202eb9dfaf2f,1,245070,245123,271142,274792,26019,26072,53,0,0,0
271164,f6bff4f5-8f4f-2476-fb22-12dc26623c24,1,245084,245123,271164,271788,26041,26080,39,0,0,0
271122,4e7fd83a-ac2d-e08c-df26-1d9c878f33c1,1,245114,245123,271122,263013,25999,26008,9,0,0,0
271110,351b4350-0f08-82c2-eb7c-24de70dcac34,1,245119,245123,271110,277309,25987,25991,4,0,0,0
271153,27af1a41-3437-62fc-d278-6261d4b4048d,1,245175,245183,271153,276358,25970,25978,8,0,0,0
271169,5c1d831c-35bb-0496-d30a-53a9fe99ae23,1,245223,245243,271169,268576,25926,25946,20,0,0,0
271268,416602d5-a866-112d-9b02-7699a87ad2dc,1,245128,245183,271268,258911,26085,26140,55,0,0,0
271254,f7dc9484-40aa-b6b7-8295-cd1d956be76e,1,245190,245243,271254,258579,26011,26064,53,0,0,0
271250,58da3742-e6f1-4a28-a3b3-f771493fbd1d,1,245190,245243,271250,264824,26007,26060,53,0,0,0
271305,2613a79b-5802-04f6-b132-d4b35d2e5a2d,1,244886,244943,271305,282545,26362,26419,57,0,0,0
271394,baccdc5f-e2fb-faa2-f3c8-cddb4c8973c1,1,245165,245183,271394,267802,26211,26229,18,0,0,0
271353,9de71099-0471-c230-d977-cd87b0617e07,1,245363,245363,271353,271202,25990,25990,0,0,0,0
271451,7122c132-454f-3eff-a62c-db557bbe17dc,1,244684,244703,271451,282479,26748,26767,19,0,0,0
271437,a23ff5e7-7546-7280-8f49-f6ed2a04aaf8,1,245405,245423,271437,282745,26014,26032,18,0,0,0
271452,66878f72-04a4-1fd3-d98e-5b5c7866c2ec,1,245434,245483,271452,265386,25969,26018,49,0,0,0
271461,94ffab48-b0bf-bf49-175d-675a5e808791,1,245444,245483,271461,263837,25978,26017,39,0,0,0
271448,b1e2c4e1-06e9-e960-9f95-dd0d2ae7c00c,1,245492,245543,271448,281773,25905,25956,51,0,0,0
271494,6c46ea38-d111-86fa-5734-48c5562aeb86,1,245389,245423,271494,269061,26071,26105,34,0,0,0
271511,6519cb1e-42a6-b678-eadf-5802eb62b652,1,245484,245543,271511,271353,25968,26027,59,0,0,0
271527,8ca45a57-ba9e-137c-5416-d3c3b5fae194,1,245516,245543,271527,262427,25984,26011,27,0,0,0
271498,207f3ae7-6390-3d08-1d41-2f3595a675d5,1,245520,245543,271498,284162,25955,25978,23,0,0,0
271570,3c49d63d-c43c-1466-12b0-c36c0c871ea8,1,245571,245603,271570,262167,25967,25999,32,0,0,0
271573,d7e90130-41c6-9219-5884-a1782efc5ab6,1,245624,245663,271573,282989,25910,25949,39,0,0,0
271643,24dafcb7-e689-16da-c773-df816dc696af,1,245638,245663,271643,269271,25980,26005,25,0,0,0
271619,74e5297b-3a70-6166-ee25-ad81716f73b6,1,245639,245663,271619,276535,25956,25980,24,0,0,0
271599,b50ecb25-3d95-bc44-c194-0502c645a7ef,1,245648,245663,271599,282770,25936,25951,15,0,0,0
271630,ec6bbce6-52a3-13c4-0f97-9c5d9de57aba,1,245656,245663,271630,262946,25967,25974,7,0,0,0
271700,7841e3b7-e31c-9458-5751-9277e39c8874,1,245553,245603,271700,276108,26097,26147,50,0,0,0
271707,b1bb593f-af75-f9de-1458-571e9ed995f2,1,245640,245663,271707,261992,26044,26067,23,0,0,0
271680,fc1cd985-9f26-133f-7d91-f42d6bd320da,1,245646,245663,271680,272685,26017,26034,17,0,0,0
271745,7d5c28cf-bb59-a141-dc19-efef53a20ad0,1,245670,245723,271745,271420,26022,26075,53,0,0,0
380882,d47f2c4a-92cd-9832-ec55-06b48c137f12,1,354968,354968,380882,385367,25914,25914,0,0,0,0
381189,4b179070-d188-c513-a783-f80d71a742af,1,355242,355242,381189,383022,25947,25947,0,0,0,0
381269,98e0771d-3fd8-b185-49fa-dcf7f66270b9,1,355400,355400,381269,383028,25869,25869,0,0,0,0
381616,d54d6dfc-3e9c-52fd-b0af-8be846dfc6c6,1,372549,372549,381616,382352,9067,9067,0,0,0,0
381968,202124ae-fd24-d2ca-a54e-34fd41d57749,1,355882,355882,381968,388046,26086,26086,0,0,0,0
382658,5eeb05c0-b1ae-1f92-f52f-269b2f6fc2f8,1,356662,356662,382658,390496,25996,25996,0,0,0,0
383375,e024863a-a20e-b15c-65f0-da3c7abb9f9c,1,357412,357412,383375,380423,25963,25963,0,0,0,0
383431,b8b6f3a9-e2b8-9226-ab71-4fe8d75a6ae3,1,357421,357472,383431,392296,25959,26010,51,0,0,0
383532,dcf86096-91fc-c7b1-f1b3-c34fc6334f82,1,357412,357412,383532,381502,26120,26120,0,0,0,0
383545,981ca058-1d0c-4010-1bec-d56fcb106f06,1,357589,357589,383545,373489,25956,25956,0,0,0,0
383563,6aa2597e-2da1-c2c6-53fa-90a2a6e450c6,1,357655,357655,383563,377056,25908,25908,0,0,0,0
384250,e2b1dd7d-f6f8-71c7-1598-34276f5e5eb1,1,358292,358292,384250,378136,25958,25958,0,0,0,0
384282,e26022de-2405-a5ad-488a-6b4a5ba732bc,1,358394,358394,384282,395738,25888,25888,0,0,0,0
384543,cc2ff5ce-35b7-e755-6734-e95bf905224c,1,358571,358571,384543,375929,25972,25972,0,0,0,0
384927,c083ee00-e3d9-342f-59e9-2f04623af4d3,1,358859,358859,384927,397129,26068,26068,0,0,0,0
385101,f63862db-f56a-e168-7c9c-d1c5961b47d8,1,359151,359201,385101,392272,25900,25950,50,0,0,0
385436,e0ad9182-f821-0c65-73a6-6f26931b4be4,1,359544,359544,385436,379976,25892,25892,0,0,0,0
385793,7c6b8769-eb2b-5861-283b-64b40783135d,1,359865,359865,385793,388484,25928,25928,0,0,0,0
386115,469406a5-38b3-716c-70a5-d9f3d580fb02,1,360123,360123,386115,393015,25992,25992,0,0,0,0
394712,2a2b936a-db60-124d-15ea-6ae13a03ec66,1,387465,387508,394712,392727,7204,7247,43,0,0,0
394957,40a3ce56-fae9-0049-5cba-36817e20b065,1,387388,387388,394957,398324,7569,7569,0,0,0,0
394999,827779bb-073f-b524-2151-78a55360fcdf,1,387434,387448,394999,391421,7551,7565,14,0,0,0
395042,8bbb709b-1ac0-c7be-5b8c-06c1eafd4967,1,387481,387508,395042,396245,7534,7561,27,0,0,0
395675,59ea5344-bb0d-f70f-02b9-3b43e4a295f4,1,387401,387448,395675,391842,8227,8274,47,0,0,0
423942,183e31e1-0aae-ac04-7b7e-f22aa7143a65,1,398023,398023,423942,436141,25919,25919,0,0,0,0
424135,d2c1b86e-07f5-2d19-6022-d32ac2216acd,1,398231,398231,424135,420157,25904,25904,0,0,0,0
424606,65019d99-cd2a-e746-e851-9442a2737548,1,398569,398602,424606,411750,26004,26037,33,0,0,0
424626,f935a867-88ec-fbe6-0d80-8fefa7438a19,1,398558,398602,424626,416399,26024,26068,44,0,0,0
424607,dd963b08-c0db-304b-6571-47098618d540,1,398603,398662,424607,424722,25945,26004,59,0,0,0
424696,9820ef87-e1c7-b1a0-0c16-ee78b1d339f5,1,398542,398542,424696,422742,26154,26154,0,0,0,0
424744,86a8a711-5db5-749c-02cb-a1f52721a89d,1,398775,398775,424744,417774,25969,25969,0,0,0,0
424890,614f54a1-cbfa-4da7-7131-87425293e0da,1,398852,398895,424890,418461,25995,26038,43,0,0,0
424903,b05d5545-a7e0-dd76-6fc5-e37caa4aa287,1,398784,398835,424903,419545,26068,26119,51,0,0,0
424936,b74cc7fb-f034-8e51-f464-8743aa8940a7,1,398949,398955,424936,430813,25981,25987,6,0,0,0
425012,7bfff20f-98dd-474a-75dc-f7923fc18c3f,1,399015,399015,425012,427597,25997,25997,0,0,0,0
425077,722af35f-5635-6f8f-7c4c-b74bf5532a95,1,399032,399075,425077,418695,26002,26045,43,0,0,0
425426,f1dd4ba8-e05c-c516-04b6-5a3994e50b99,1,399450,399450,425426,435453,25976,25976,0,0,0,0
425618,f4121b65-45c0-3a9b-fb22-d7d204e2615b,1,399578,399634,425618,435326,25984,26040,56,0,0,0
425633,9b895d39-2d91-96b7-4304-67708a56010c,1,399574,399574,425633,433137,26059,26059,0,0,0,0
425716,90582348-0bb8-d19a-251a-c5941d9c26b3,1,399587,399634,425716,413927,26082,26129,47,0,0,0
426000,27013d5b-b579-0c48-9d3b-03b5d90c766e,1,400060,400060,426000,415620,25940,25940,0,0,0,0
426127,96891d75-c2b1-d774-109b-8ced1f87ebda,1,400178,400178,426127,425909,25949,25949,0,0,0,0
426189,d8524bbc-950e-1ac2-2cee-936a6598271a,1,400202,400238,426189,434917,25951,25987,36,0,0,0
426243,856f082d-a6e4-2c41-8e56-c7597bda03c0,1,400202,400238,426243,418862,26005,26041,36,0,0,0
426257,07502332-e9d6-9b83-2915-15447f627945,1,400239,400298,426257,416265,25959,26018,59,0,0,0
426261,73aca360-1a3c-0802-8841-d320c802319c,1,400243,400298,426261,436655,25963,26018,55,0,0,0
426411,c7d1a9ac-ff67-bc33-56e2-bea2860c544d,1,400450,400450,426411,420810,25961,25961,0,0,0,0
426468,ecc0f247-549e-6f26-6b4b-5352c47df05f,1,400462,400510,426468,433590,25958,26006,48,0,0,0
426602,72fdd469-1428-5bfb-9e7f-e9218a1a83e5,1,400607,400630,426602,413780,25972,25995,23,0,0,0
426681,585deda6-5438-3334-af34-74bc585d5cf3,1,400552,400570,426681,420407,26111,26129,18,0,0,0
427109,e7a0f395-b79e-330f-66e2-3b111c982f50,1,401046,401046,427109,423700,26063,26063,0,0,0,0
427147,109e8be3-aa69-cf53-1399-15c63abfc58f,1,401203,401203,427147,425039,25944,25944,0,0,0,0
427248,ccda42a0-c1a2-9a6a-3f33-32488b14e5c6,1,401232,401263,427248,421314,25985,26016,31,0,0,0
427422,af644e73-9ace-aef5-b224-bd43233701e5,1,401316,401323,427422,414538,26099,26106,7,0,0,0
473762,d9e8d803-a0a0-a5de-9647-6b0b6281d134,1,447812,447812,473762,463446,25950,25950,0,0,0,0
473815,ba3f7b93-b629-3675-2c65-ed840c8690ea,1,447698,447698,473815,472756,26117,26117,0,0,0,0
473952,e2192a5f-9835-9bc5-f442-43d0e9893db7,1,447886,447886,473952,465581,26066,26066,0,0,0,0
474255,b891f393-76ec-9622-1b10-a3b376fc46c1,1,448205,448231,474255,476037,26024,26050,26,0,0,0
474297,ddff41b3-d2a9-138a-9c49-bfa3fa6d531e,1,448111,448111,474297,469028,26186,26186,0,0,0,0
474311,8d60ddca-b6ac-9b1e-b27a-bcfd3f3beae0,1,448118,448171,474311,481979,26140,26193,53,0,0,0
474273,67ca5731-f38d-5068-6cf9-8889f962d24e,1,448191,448231,474273,472125,26042,26082,40,0,0,0
474375,894be010-3edc-eb45-8f1a-ab53539d05d1,1,448144,448171,474375,485589,26204,26231,27,0,0,0
474332,f2d2763a-71d3-c221-e2fa-9be48f90081a,1,448315,448315,474332,473087,26017,26017,0,0,0,0
474393,ddc68532-1ca6-73d0-f179-6ba1c0e2bbc5,1,448330,448375,474393,472918,26018,26063,45,0,0,0
474464,75d4292a-0531-3153-758d-85ffb619f999,1,448327,448375,474464,483453,26089,26137,48,0,0,0
474550,02c35332-4f94-e812-4dbb-e7f18c26a4cb,1,448492,448531,474550,481579,26019,26058,39,0,0,0
474565,ef3f2721-a7a4-8ca8-f8bb-49bd08de6f7c,1,448471,448471,474565,481099,26094,26094,0,0,0,0
474688,87b6e5a8-22a0-b3ce-949d-235f45cda735,1,448481,448531,474688,475685,26157,26207,50,0,0,0
474699,74a82041-4caf-b845-078f-f602988e4fc9,1,448504,448531,474699,481256,26168,26195,27,0,0,0
474707,4e66dace-ffb3-d002-1ef9-6a6c475efaee,1,448682,448682,474707,467594,26025,26025,0,0,0,0
474892,2c4520ff-8aa9-6347-3e1a-7d0cd5c721ab,1,448787,448812,474892,471917,26080,26105,25,0,0,0
474957,f62af254-ca10-9911-5cd9-ff43ede8d96e,1,448752,448752,474957,462328,26205,26205,0,0,0,0
474967,21dbe322-fa2d-3ea5-7852-ad9875f94383,1,448836,448872,474967,483714,26095,26131,36,0,0,0
474994,342c18b8-a036-2af4-13de-c943035b892b,1,448949,448949,474994,468987,26045,26045,0,0,0,0
474982,d528a363-9404-8dec-1d95-c1cc2c8b880d,1,448962,449009,474982,467028,25973,26020,47,0,0,0
475032,8a3854ac-49bc-0a66-dd83-8a8f074b92e4,1,448995,449009,475032,479551,26023,26037,14,0,0,0
475249,4f253e22-6d1d-e4ea-5e7a-2760ecfd5b22,1,449195,449195,475249,474548,26054,26054,0,0,0,0
475349,61de46a7-dedd-b303-7b67-e7659b58c31b,1,449336,449375,475349,465255,25974,26013,39,0,0,0
475425,1632f37a-4436-c2c6-27cd-23959085f2f2,1,449200,449255,475425,477178,26170,26225,55,0,0,0
475575,0b8fb32e-b3a8-79c1-1982-902a1ec32371,1,449309,449315,475575,465891,26260,26266,6,0,0,0
475695,7be6f221-15b1-0e3f-78ba-ee8545652726,1,449633,449633,475695,470691,26062,26062,0,0,0,0
475756,e1891539-dd23-ac04-059e-31b45eeb2765,1,449650,449693,475756,483679,26063,26106,43,0,0,0
475790,83cb3ceb-cac9-d0d0-ea00-fa6dee86745c,1,449639,449693,475790,467158,26097,26151,54,0,0,0
475871,2f35a992-ef13-1d2b-89af-e4f532d588db,1,449655,449693,475871,481585,26178,26216,38,0,0,0
476072,bbd1438a-f334-f515-0b5e-c1eccec0e2e1,1,450070,450070,476072,486041,26002,26002,0,0,0,0
476661,ccd1b68b-19e1-f397-3f1e-f3b054751daa,1,450641,450647,476661,472786,26014,26020,6,0,0,0
476762,ab604467-0c86-c6d6-f6fc-01da219cfd54,1,450587,450587,476762,475359,26175,26175,0,0,0,0
476834,6ab93447-6fa4-3d14-7319-9276e3ea0372,1,450636,450647,476834,488803,26187,26198,11,0,0,0
477003,6a2b0e4b-d0d7-94ca-d962-f447edb3927f,1,450984,450984,477003,480834,26019,26019,0,0,0,0
477138,b2c4b4fd-27d5-cf8f-2401-3bfe64c9ba3b,1,451108,451108,477138,478281,26030,26030,0,0,0,0
477188,f75b6868-fb3c-fa2b-8b66-9b8412521a1b,1,451132,451168,477188,488268,26020,26056,36,0,0,0
477273,19cf71ad-6e36-a64f-74f6-e18a31dc2aaf,1,451135,451168,477273,488909,26105,26138,33,0,0,0
477309,db746990-5233-ff38-c0eb-32f4d026777a,1,451279,451288,477309,476564,26021,26030,9,0,0,0
477440,f9d806e6-d503-9207-936d-76808d5fb698,1,451300,451348,477440,471812,26092,26140,48,0,0,0
477554,c3dddac4-8490-da95-dab2-c158fbbcf7b7,1,451289,451348,477554,481258,26206,26265,59,0,0,0
477600,d4a5983c-b1c5-5e8b-8350-e9aa26a693f5,1,451532,451546,477600,486800,26054,26068,14,0,0,0
477692,a6b11089-e860-a8d3-e3e8-e24d122f3f2f,1,451526,451546,477692,464939,26146,26166,20,0,0,0
477770,e800ba50-3b33-e2ba-5fab-4fcd164269ba,1,451515,451546,477770,490622,26224,26255,31,0,0,0
477913,e98f5e32-076d-ab6a-c436-fee1b0dd2066,1,451760,451813,477913,472541,26100,26153,53,0,0,0
477934,3099e172-a72c-767c-9439-6e8e5a7c64f7,1,451753,451753,477934,467528,26181,26181,0,0,0,0
478000,f31feb00-149b-0e0e-7440-d6fe825cb50a,1,451880,451933,478000,476400,26067,26120,53,0,0,0
478044,b7934184-5b44-2209-50e4-02ba3e744efc,1,451863,451873,478044,479292,26171,26181,10,0,0,0
478087,9f3c25c2-39d7-01f8-b0f7-39f55e428f5c,1,452036,452057,478087,466682,26030,26051,21,0,0,0
478378,a46b4454-fd98-939a-0455-0590e547b69a,1,452381,452417,478378,474753,25961,25997,36,0,0,0
478425,2c03205a-9add-5116-58ff-0db8560a7076,1,452302,452357,478425,470309,26068,26123,55,0,0,0
478418,5a7752e2-878a-e2d0-1724-b6eea70cb6c9,1,452368,452417,478418,478223,26001,26050,49,0,0,0
478420,a39749ed-e6de-bc8d-8ac2-9fba9e00762d,1,452466,452477,478420,473604,25943,25954,11,0,0,0
478428,8ea55057-cf63-4dab-0a96-c4d479bbb192,1,452466,452477,478428,476571,25951,25962,11,0,0,0
479348,ab6f6749-3071-6811-9b78-0e89f3f21186,1,453369,453389,479348,488141,25959,25979,20,0,0,0
479936,7dd3ae2c-3d8b-8e49-dad9-7527afb343c3,1,453972,453972,479936,467012,25964,25964,0,0,0,0
480067,202ccf99-f6b8-3973-2a27-4777d1f47ee1,1,454026,454032,480067,484767,26035,26041,6,0,0,0
509838,f3581bf4-cf40-2c23-1437-a7880673dd77,1,483779,483779,509838,520775,26059,26059,0,0,0,0
509882,d1048076-f2e6-8a9b-4da1-86d5c4448dd9,1,483830,483839,509882,512040,26043,26052,9,0,0,0
510216,38d95d60-9715-bfa5-4de3-d7fbf1d288ad,1,484176,484176,510216,509962,26040,26040,0,0,0,0
510378,6d6905d1-36d3-7a87-4bbd-f3e277694093,1,484225,484236,510378,499609,26142,26153,11,0,0,0
510420,09b822d0-a202-56b0-0344-68ce40ba788a,1,484378,484378,510420,503456,26042,26042,0,0,0,0
510717,2c782cbb-d39c-edfe-ea88-d03f9f4cdbea,1,484683,484683,510717,508976,26034,26034,0,0,0,0
510735,034e02b2-a343-fda6-655b-bd963fe9f82c,1,484567,484567,510735,518404,26168,26168,0,0,0,0
510926,95102bcc-ef1d-919e-00c5-c7a31ba99d17,1,484850,484850,510926,507832,26076,26076,0,0,0,0
511163,dcfa4a20-2c76-9262-8a8b-0036f76e7394,1,485030,485030,511163,504907,26133,26133,0,0,0,0
511220,7a3c2542-6abb-850c-ca29-2a3920b5a8d1,1,485038,485090,511220,507832,26130,26182,52,0,0,0
511590,d824f591-916f-248a-ecde-724ca36538d1,1,485501,485501,511590,501108,26089,26089,0,0,0,0
511789,a28f4833-e599-1f0d-5635-73eb5f6f6b68,1,485680,485680,511789,502695,26109,26109,0,0,0,0
512135,6e027dd2-1974-f574-110d-94a46eee03dc,1,486037,486037,512135,508872,26098,26098,0,0,0,0
512219,8f22f83c-a375-8680-a52e-dd067b46bbd9,1,486079,486097,512219,518847,26122,26140,18,0,0,0
512280,1a18385e-cf55-b74b-91a3-f38b2d6b2542,1,486085,486097,512280,500628,26183,26195,12,0,0,0
512357,774ac618-4f93-ea38-b92f-493221a1f354,1,486212,486212,512357,508353,26145,26145,0,0,0,0
512386,e9e7e25a-2c80-1ca9-8810-d58cde9df62a,1,486217,486272,512386,506914,26114,26169,55,0,0,0
512387,a6dfc87f-a6c3-9058-bad5-e511918d9a31,1,486245,486272,512387,508587,26115,26142,27,0,0,0
512437,c0bf3d70-f563-5dd1-62ac-34779d931c4e,1,486269,486272,512437,502415,26165,26168,3,0,0,0
512870,33334e4d-d1b9-9da6-2d20-7a722ad69eec,1,486844,486844,512870,504730,26026,26026,0,0,0,0
513219,6b94e5ca-a798-f297-579b-4899cebc6821,1,487190,487190,513219,500620,26029,26029,0,0,0,0
513349,a86399fd-e2c5-421c-741b-937824f220da,1,487256,487256,513349,500607,26093,26093,0,0,0,0
513559,cf981bc6-a145-f2bd-26f0-3b86f77a1424,1,487348,487348,513559,506807,26211,26211,0,0,0,0
515100,457d4e94-96d1-ccce-0f40-1ec28852161b,1,488997,488999,515100,505179,26101,26103,2,0,0,0
515222,12df9afd-148c-48af-fb70-e8d41a1bdb5c,1,489156,489201,515222,503458,26021,26066,45,0,0,0
515251,f2b71968-b8a6-63e2-f81a-3cdf878e0acf,1,489141,489141,515251,505799,26110,26110,0,0,0,0
515298,c5274fed-8e33-9a17-e8fb-606ff8b119d7,1,489183,489201,515298,514748,26097,26115,18,0,0,0
515718,c9110eef-a3e5-4646-2c09-130558d092f8,1,489652,489652,515718,517317,26066,26066,0,0,0,0
515862,85000b7a-53e9-d696-547b-1eaefe4d4f25,1,489834,489834,515862,507361,26028,26028,0,0,0,0
515928,6860df84-7a66-28e9-3617-f5180f5224f1,1,489867,489894,515928,526258,26034,26061,27,0,0,0
516005,1d2528ed-b85f-3c45-123a-de45c6661a47,1,489893,489894,516005,508662,26111,26112,1,0,0,0
516029,d9b810dc-5509-ee3a-3f06-1f64515c1b2b,1,489922,489954,516029,519321,26075,26107,32,0,0,0
516307,66659348-c780-1733-d5ad-0860b8c159a7,1,490196,490219,516307,508466,26088,26111,23,0,0,0
516358,3cf1b6e7-f1c8-c4ec-1486-293e0d2530da,1,490312,490312,516358,520010,26046,26046,0,0,0,0
516426,07d073c1-cec7-9c2c-33d6-99fac23e5ca9,1,490356,490372,516426,508192,26054,26070,16,0,0,0
517332,754d4e32-2b84-348b-f7ed-218869b37304,1,504930,504957,517332,516214,12375,12402,27,0,0,0
517416,34f2b9fc-9800-8f42-f8fe-96ec164ec7fd,1,504972,505017,517416,511999,12399,12444,45,0,0,0
520144,6fdb005b-1cfc-d5f1-f20a-261df5767129,1,490706,490723,520144,506531,29421,29438,17,0,0,0
523383,864d4f4b-c50e-9239-7513-54d049b30a3e,1,497382,497382,523383,522319,26001,26001,0,0,0,0
523587,fa31c4f1-5377-167b-de16-95aa6f634704,1,497618,497641,523587,513353,25946,25969,23,0,0,0
523745,dde5972d-c9a1-9ef9-8aa4-47ea77dd8600,1,497544,497581,523745,528214,26164,26201,37,0,0,0
523761,8e942b6b-5875-bcfc-472f-4c780557bef3,1,497788,497788,523761,524199,25973,25973,0,0,0,0
523861,ce2f3a9a-5229-e3b0-0d68-26f73ff37741,1,497839,497848,523861,517157,26013,26022,9,0,0,0
523878,bdd45e53-e354-409a-8c86-4a97d76c40b7,1,497918,497918,523878,520248,25960,25960,0,0,0,0
524081,51a0b1f7-d74b-18fc-3fb6-f4043bc9284f,1,497949,497978,524081,525201,26103,26132,29,0,0,0
524109,a19e44fe-0217-c954-0875-b7c36108f9d7,1,498081,498098,524109,520388,26011,26028,17,0,0,0
524134,a55da67f-cefd-3e0e-04ba-8d63b970769c,1,498092,498098,524134,529531,26036,26042,6,0,0,0
524106,c0f03fa6-2043-28ca-b7f4-6c5e25a54fc3,1,498099,498158,524106,511367,25948,26007,59,0,0,0
524419,8e659e67-ef4d-64bd-55b4-037bfe49b09b,1,498422,498422,524419,524963,25997,25997,0,0,0,0
524479,91fcb327-767c-60c1-a764-e6996c65c8c9,1,498506,498542,524479,532198,25937,25973,36,0,0,0
524568,bc34a403-e124-2c05-7af4-a8a418576b8c,1,498431,498482,524568,524765,26086,26137,51,0,0,0
524622,e33cd384-5ac7-dbf6-eadb-576687d8c006,1,498628,498628,524622,533166,25994,25994,0,0,0,0
524683,9f2af0ff-e57b-0f1c-8871-97ec57a918fd,1,498668,498688,524683,529761,25995,26015,20,0,0,0
524668,36d54197-5796-54b4-f2f8-efba7e32c4fb,1,498670,498688,524668,524741,25980,25998,18,0,0,0
524694,c5f0479b-04da-23e8-81dd-da149caa40dc,1,498675,498688,524694,534955,26006,26019,13,0,0,0
524966,65c87dc4-2abd-e0c0-725b-e315101693ae,1,498955,498955,524966,534834,26011,26011,0,0,0,0
525326,33879a82-9ab4-4c1d-46de-84a67e81df3a,1,499319,499319,525326,529829,26007,26007,0,0,0,0
525844,bcfdccca-51af-27bb-f8eb-83593e534051,1,499864,499864,525844,521628,25980,25980,0,0,0,0
525912,97c20d36-e2fc-1067-c7f1-646934c349c4,1,499871,499924,525912,518344,25988,26041,53,0,0,0
526172,6bef6d83-ebf7-4f6b-8ead-59cf617bedda,1,500053,500053,526172,523289,26119,26119,0,0,0,0
526782,ea0275ca-6a9c-3df6-5361-dd260789ae9b,1,500769,500769,526782,539605,26013,26013,0,0,0,0
527017,61483331-d21e-625b-1c0c-eded25608169,1,500984,501007,527017,515225,26010,26033,23,0,0,0
527843,df255750-d423-f6e8-277f-3140f8acf04f,1,501857,501861,527843,518640,25982,25986,4,0,0,0
527846,e1c0d1a1-8891-4338-7176-5618c9635a8f,1,501905,501921,527846,531336,25925,25941,16,0,0,0
527957,7a1f1b7e-4515-0f7b-d78b-f349ffadec14,1,501893,501921,527957,521343,26036,26064,28,0,0,0
528124,e7fdeff1-88da-b80f-f25f-e11e32d0e50b,1,502191,502191,528124,539895,25933,25933,0,0,0,0
528930,5c010b36-c2ba-515a-db8a-c8fa21f87cef,1,502836,502836,528930,525881,26094,26094,0,0,0,0
529025,d01a092e-b00a-37af-9134-6227cf5ac26c,1,502931,502931,529025,525308,26094,26094,0,0,0,0
539886,83e9f45e-b05d-6ea7-6222-eee7e0b1df76,1,527232,527232,539886,537668,12654,12654,0,0,0,0
540037,5baa9078-3c18-c539-962a-7a0fa444f583,1,527288,527292,540037,544855,12745,12749,4,0,0,0
540032,6756f5d2-ee1e-1201-a4f9-49407149548d,1,527423,527423,540032,541735,12609,12609,0,0,0,0
539991,0b719fce-4457-dc37-9958-b5d9bee20b3c,1,527507,527507,539991,539455,12484,12484,0,0,0,0
540210,a8c8bb1c-12af-8b37-0e5d-19e66dd5095f,1,527532,527567,540210,544370,12643,12678,35,0,0,0
540221,0f052021-7be3-d3da-4f19-de7bad0d91b7,1,527670,527670,540221,535682,12551,12551,0,0,0,0
540337,6d8f21cb-7688-40cf-4208-4d86f6a478d7,1,527684,527730,540337,537355,12607,12653,46,0,0,0
540463,79b190be-9061-1935-8e05-68f5dff6ed66,1,527689,527730,540463,546408,12733,12774,41,0,0,0
540645,22d5a407-0571-c52f-8529-9e8c590f30c7,1,528105,528160,540645,541132,12485,12540,55,0,0,0
540690,8a7913b3-d7b2-facc-bebf-82f409cdc8c3,1,528116,528160,540690,536849,12530,12574,44,0,0,0
540788,3a1938c0-62f4-e0cb-f640-468fc5d89194,1,528279,528279,540788,542959,12509,12509,0,0,0,0
540838,2fe26b71-cdeb-290b-bf49-106df51383e4,1,528100,528100,540838,538452,12738,12738,0,0,0,0
540906,16608380-5169-7823-169e-ad19cd1624ed,1,528105,528160,540906,540033,12746,12801,55,0,0,0
540885,77a86732-1bae-c799-6ad9-c676da09f4db,1,528301,528339,540885,541911,12546,12584,38,0,0,0
540933,16f9acdb-3f57-3d3c-16be-318221d135e8,1,528105,528160,540933,545541,12773,12828,55,0,0,0
541088,0f453fb4-8bd4-5e85-19a8-fde2d233054b,1,528450,528471,541088,534724,12617,12638,21,0,0,0
541070,82929dd1-fd18-c76a-b565-9ebe18688d14,1,528522,528531,541070,541624,12539,12548,9,0,0,0
541068,aa9277d3-bbb2-dacf-c25f-681111bd3e05,1,528530,528531,541068,547043,12537,12538,1,0,0,0
541157,415dbe79-2a95-810d-6c2c-3cf124487adc,1,528599,528599,541157,543330,12558,12558,0,0,0,0
541232,4cf25908-84b1-f74a-ea76-818f7d56ef82,1,528690,528690,541232,534883,12542,12542,0,0,0,0
541430,549cb49a-7682-b8e0-adbd-26933cdae024,1,528825,528825,541430,542209,12605,12605,0,0,0,0
541474,882a2c77-73da-5d0d-0501-60f6bfa044f6,1,528411,528411,541474,541388,13063,13063,0,0,0,0
541497,2d9ea4c9-edc4-dacf-9cd0-a64f35d9d30d,1,528897,528945,541497,545646,12552,12600,48,0,0,0
541476,9993fa0d-773b-034d-a872-1ec22f291438,1,528938,528945,541476,546210,12531,12538,7,0,0,0
541645,99021a00-204d-3862-6332-72489b7006b1,1,528865,528885,541645,539801,12760,12780,20,0,0,0
541783,6d7510cb-849c-7276-8efe-244b2c123297,1,529169,529169,541783,542601,12614,12614,0,0,0,0
541738,5c14a0cd-4389-69d7-fcde-df340e314a68,1,529173,529229,541738,540486,12509,12565,56,0,0,0
541857,38b36b90-d546-08ec-75fc-8d616cb3c196,1,529187,529229,541857,539685,12628,12670,42,0,0,0
541917,872cdb90-17f1-da8a-dde3-35de727434b6,1,529261,529289,541917,544118,12628,12656,28,0,0,0
541889,5f128a08-d063-931e-658d-e592e763a87e,1,529321,529349,541889,543261,12540,12568,28,0,0,0
541961,2a7dbb69-6da6-eadc-883b-91dfb2da3c7e,1,529395,529409,541961,545803,12552,12566,14,0,0,0
542000,dacb75a7-31f9-f63a-5b6c-af6893c96652,1,529398,529409,542000,536745,12591,12602,11,0,0,0
542002,2c59a6d3-ada4-5655-24ab-79713bc3fe10,1,529452,529469,542002,538207,12533,12550,17,0,0,0
542080,ccaef34d-02bb-64a0-61c1-d415f0949ce2,1,529485,529529,542080,543887,12551,12595,44,0,0,0
542573,b342d154-00f0-9c73-b252-070292db8256,1,529955,529955,542573,539132,12618,12618,0,0,0,0
542612,3faee784-6510-502f-8c4a-5142795f7af1,1,530058,530058,542612,545320,12554,12554,0,0,0,0
542692,0bb45f45-e895-c032-02d9-3e9d43fb118b,1,530072,530118,542692,544955,12574,12620,46,0,0,0
542681,fbcae4bd-fab3-03b2-d324-20515f259ac8,1,530145,530178,542681,544971,12503,12536,33,0,0,0
542708,2233cd3a-407d-698c-429d-ef92b5ae7dd7,1,530155,530178,542708,542507,12530,12553,23,0,0,0
542778,f4e7b21f-1d65-0b22-f919-410ed899e84e,1,530211,530238,542778,537746,12540,12567,27,0,0,0
542850,78b56e25-c276-b600-4ca6-51e314b898a6,1,530122,530178,542850,547757,12672,12728,56,0,0,0
542831,f85ab15f-6d4d-246b-c86c-c009b540d465,1,530201,530238,542831,544402,12593,12630,37,0,0,0
542859,b91a0973-bed5-8614-8190-7f48b893f355,1,530219,530238,542859,546074,12621,12640,19,0,0,0
542935,f991f9b0-d20d-329e-536d-afabd3eb64de,1,530222,530238,542935,541562,12697,12713,16,0,0,0
543246,25a5d495-4f40-8f48-713e-de2d82d72701,1,530691,530703,543246,546733,12543,12555,12,0,0,0
543273,0c981451-054e-528e-8e1b-b75f0d053afe,1,530621,530643,543273,541389,12630,12652,22,0,0,0
543343,15d2c156-7b50-b91c-ee84-820e3ce798b4,1,530767,530826,543343,545881,12517,12576,59,0,0,0
543798,d247c7f4-e3d6-b60f-5019-e4e16845d2ea,1,531276,531276,543798,541045,12522,12522,0,0,0,0
544165,d2ea6f62-a938-be4d-4132-9c17af76a7dc,1,531611,531655,544165,545495,12510,12554,44,0,0,0
544334,4210e060-7f87-00d0-3c6b-2aa8ba2d7b7f,1,531803,531846,544334,545471,12488,12531,43,0,0,0
544437,63a35c55-727c-3787-2e7c-b5c6afa3a25d,1,531917,531974,544437,549342,12463,12520,57,0,0,0
544508,d421af64-7c67-1780-53df-9c5af62c8e93,1,532015,532034,544508,543396,12474,12493,19,0,0,0
544685,cf3b1fb7-fb1d-800f-7029-bb3da517c8bd,1,532163,532200,544685,548984,12485,12522,37,0,0,0
544686,c3fec06f-30b1-f6dc-e4d4-6ccac5cae640,1,532185,532200,544686,548117,12486,12501,15,0,0,0
544949,399b4377-11d8-4aba-9b6f-b92692c6c387,1,532419,532419,544949,541061,12530,12530,0,0,0,0
545295,2f7ba79a-a154-3e75-541c-f8666815b921,1,532752,532779,545295,540669,12516,12543,27,0,0,0
545622,71b09fb0-e41e-7802-432c-b24e64dc75ab,1,530463,530463,545622,548803,15159,15159,0,0,0,0
545627,0b2414b5-8848-da41-b0f8-8f247da441d9,1,533132,533132,545627,542522,12495,12495,0,0,0,0
545778,f0558a1e-e05a-1f90-319f-1e9db4410ad2,1,533349,533349,545778,551354,12429,12429,0,0,0,0
555477,0159b0af-c087-46ff-e2bf-2e1b68d89a8e,1,529402,529409,555477,548051,26068,26075,7,0,0,0
556934,0789afa9-8782-34e2-06e9-b9c9a1a4da1f,1,530903,530903,556934,545851,26031,26031,0,0,0,0
557468,0ba8d057-b04d-449c-23b1-d6e3c95605c1,1,531048,531083,557468,548962,26385,26420,35,0,0,0
557761,9b0ba03f-b257-7364-e024-22df68e55a64,1,531508,531535,557761,556097,26226,26253,27,0,0,0
557974,7065c1c9-1088-f81c-8f46-e5a4d585c06b,1,531946,531974,557974,554120,26000,26028,28,0,0,0
558017,350e4e2b-41f9-b2f4-2902-a8c0a87f52f8,1,531967,531974,558017,570279,26043,26050,7,0,0,0
558179,6c580330-bec9-7afe-9eb2-839646e94d1d,1,531958,531974,558179,562180,26205,26221,16,0,0,0
558743,92c44a1d-a6c6-f207-9e95-2a360428030b,1,532727,532779,558743,550743,25964,26016,52,0,0,0
558808,664e7cc0-55f4-02fc-510d-27ab68760a5e,1,532453,532479,558808,560972,26329,26355,26,0,0,0
558813,c5d5a790-5312-b9fc-bc91-1754b6f93a89,1,532703,532719,558813,554217,26094,26110,16,0,0,0
558928,fc436a08-5d48-44c2-462d-ec02435b259e,1,532832,532839,558928,562977,26089,26096,7,0,0,0
558947,74fedd1d-f8f1-154e-c1f3-7e6912391330,1,532786,532839,558947,548403,26108,26161,53,0,0,0
558992,cfc38f24-dcfe-d4a2-6dae-7ac6481eb6e2,1,532884,532899,558992,561686,26093,26108,15,0,0,0
559266,3c1f10f6-5f31-5fb1-ac7c-ae18b22bfe2d,1,533139,533192,559266,546968,26074,26127,53,0,0,0
559279,ea1c3946-4afe-4484-11ca-cd0e03767699,1,533157,533192,559279,571199,26087,26122,35,0,0,0
559745,20ac8aa0-728f-6939-1559-e5702d08e83f,1,533610,533649,559745,560266,26096,26135,39,0,0,0
559773,a1ea2803-35a6-2d33-2494-1c4a19b06d38,1,533672,533709,559773,552598,26064,26101,37,0,0,0
559862,215c6b11-4f16-ce3c-924c-28f3e777f8c9,1,533763,533769,559862,552660,26093,26099,6,0,0,0
559917,5bda4050-0813-704f-0644-755aaff0b02c,1,533787,533829,559917,571752,26088,26130,42,0,0,0
559977,beea1f17-fee9-5e31-304b-1326f0f74717,1,533733,533769,559977,571256,26208,26244,36,0,0,0
559951,e855e04e-e1e9-f6e0-9705-bf286f36d95f,1,533891,533891,559951,564751,26060,26060,0,0,0,0
560196,67974aba-d1bf-f88a-70fd-7d6c1a7c05de,1,534020,534078,560196,559154,26118,26176,58,0,0,0
560439,e78cd3ef-242f-23d9-fdb0-1a3075cbae63,1,534392,534402,560439,556873,26037,26047,10,0,0,0
561631,51bc4460-6f21-690b-e683-360cc8c2f3ff,1,535486,535545,561631,567713,26086,26145,59,0,0,0
561783,03fc603f-fb96-6c76-3db0-3811e7749e01,1,535786,535792,561783,558632,25991,25997,6,0,0,0
562173,9210b4ed-a3f1-d37e-e27a-f56b036f9dd5,1,536145,536191,562173,571546,25982,26028,46,0,0,0
563124,4260d30d-84f6-f046-a8b3-83a1ef614640,1,537030,537084,563124,555974,26040,26094,54,0,0,0
563818,074a1822-880d-99f0-fe21-d20dc5a6e6fa,1,537787,537844,563818,566680,25974,26031,57,0,0,0
564464,ff36037f-d4f7-7b62-c673-a2012eb54750,1,538369,538408,564464,557196,26056,26095,39,0,0,0
565582,38e6337b-5c62-c6ba-4d1e-8ebc3aa7c546,1,539561,539570,565582,577805,26012,26021,9,0,0,0
592665,762d16f7-c583-1198-40ed-7f06779f1a3f,1,566589,566589,592665,586147,26076,26076,0,0,0,0
592707,e391501b-f74d-4785-327a-bab53eb2e711,1,566696,566728,592707,591924,25979,26011,32,0,0,0
592745,89ec5c63-0411-318a-e6ea-6688d490c48f,1,566668,566668,592745,588524,26077,26077,0,0,0,0
592743,1bf780a2-6fb7-0b9a-301b-f82b2c7a059f,1,566725,566728,592743,589176,26015,26018,3,0,0,0
606172,03e3c726-ddab-fdc5-f353-b84111d8c28e,1,580191,580217,606172,612717,25955,25981,26,0,0,0
606281,da7db048-d0b4-4603-868e-d6f5e5bf00e2,1,580033,580033,606281,613829,26248,26248,0,0,0,0
606295,ad415cd1-9310-3db4-a1da-c864c69e7392,1,580069,580093,606295,601980,26202,26226,24,0,0,0
606294,7ef5ea21-e417-7ad2-9f1a-c758fbf024e5,1,580265,580277,606294,608575,26017,26029,12,0,0,0
606311,d04bab10-320a-9342-ffda-02b7382d0fd1,1,580272,580277,606311,610657,26034,26039,5,0,0,0
606362,a4b0ef52-00db-321d-5af2-01cab36e38c1,1,580262,580277,606362,596152,26085,26100,15,0,0,0
606373,558c1ce4-e1fe-429a-93a2-cd4592e30e43,1,580265,580277,606373,612046,26096,26108,12,0,0,0
606428,1a94a8f6-8cc4-65aa-dbc6-a5c1bf51fa28,1,580310,580337,606428,615190,26091,26118,27,0,0,0
606426,c2db4463-b1df-f5dd-85cc-9a69204c382c,1,580437,580437,606426,616128,25989,25989,0,0,0,0
606520,a727f16c-7c92-4d74-9b5a-ea0502e68afc,1,580157,580157,606520,617972,26363,26363,0,0,0,0
606571,77d27b4e-d8df-1c40-7a00-36cd3b8818dd,1,580439,580497,606571,608043,26074,26132,58,0,0,0
606597,d27ad3ae-3060-66ec-134d-d92616cbb5fb,1,580289,580337,606597,598956,26260,26308,48,0,0,0
606594,81321d3c-bbc2-2ac9-c894-1f4b90595b1f,1,580591,580591,606594,606794,26003,26003,0,0,0,0
606810,c62d7197-5013-f060-fe0a-ec635db05831,1,580759,580759,606810,601019,26051,26051,0,0,0,0
606973,3dddb482-fbe4-fc4f-0eeb-eb2df2253989,1,580886,580886,606973,613645,26087,26087,0,0,0,0
607110,1a51b097-0423-fd5c-934d-2e98a07c547d,1,580963,581008,607110,619707,26102,26147,45,0,0,0
607142,bfbf6e07-b62d-e7d2-5cfe-4e77577118f8,1,580948,580948,607142,594926,26194,26194,0,0,0,0
607165,6100438f-5711-ee8a-17e6-3b5dca15a859,1,581022,581068,607165,611390,26097,26143,46,0,0,0
607171,012bd319-5f3e-0b3b-1e38-8e96e27696f2,1,581068,581068,607171,601735,26103,26103,0,0,0,0
607262,32ab5afb-d127-d69a-d04f-892144fa6821,1,581078,581128,607262,611700,26134,26184,50,0,0,0
607251,b0791844-50a7-c10d-b844-4aa797965645,1,581095,581128,607251,612830,26123,26156,33,0,0,0
607260,a114e18c-f8bb-9fdc-57fc-aa4ce9ee6a82,1,581147,581188,607260,602174,26072,26113,41,0,0,0
607343,07088480-f5a0-f4aa-dbed-65bb5e49c43c,1,581062,581068,607343,609434,26275,26281,6,0,0,0
607410,2f8ec86d-8fd3-9d4b-a653-42d74697fcec,1,581161,581188,607410,603236,26222,26249,27,0,0,0
607606,b8e3bf8f-ed8e-a1d5-e933-1d67406b3729,1,581505,581505,607606,617245,26101,26101,0,0,0,0
607649,e3578a19-5c4d-5632-4021-4b18c1fd61b1,1,581563,581565,607649,609948,26084,26086,2,0,0,0
607752,a6c05b61-15b4-d3d9-0734-9168d8128727,1,581622,581625,607752,605746,26127,26130,3,0,0,0
607856,c8224504-e5b3-f52d-d6c0-d9a497d6768a,1,581703,581703,607856,596619,26153,26153,0,0,0,0
608377,07003242-9ec1-32bf-cc71-82ad092eeacf,1,582272,582272,608377,601552,26105,26105,0,0,0,0
608479,e9150f11-389c-4502-b305-506eeee253de,1,582371,582371,608479,604432,26108,26108,0,0,0,0
608566,b530f2ce-a39e-8de6-32d5-6c47ca58f853,1,582473,582473,608566,602060,26093,26093,0,0,0,0
608736,e5aa9e92-e5f0-a580-51b5-e134f3af12cb,1,582659,582659,608736,601239,26077,26077,0,0,0,0
609128,daeb2f8c-df5b-a827-9d97-ec6017c5b05e,1,583019,583019,609128,599887,26109,26109,0,0,0,0
609190,a70dddd4-d4bc-909b-2efe-6e00d7d92589,1,583059,583079,609190,617657,26111,26131,20,0,0,0
609248,a1b24cbf-2ee0-c24f-98dd-a8759e371178,1,583097,583139,609248,612829,26109,26151,42,0,0,0
609226,87782f52-c231-dd0c-25f2-0be3809a8815,1,583119,583139,609226,610397,26087,26107,20,0,0,0
609475,6d2c0242-1dac-a37f-58c0-99b3e201f732,1,583375,583412,609475,608528,26063,26100,37,0,0,0
609714,b5c40b3a-950c-43cc-32ec-a9ce90cc4544,1,583697,583712,609714,599374,26002,26017,15,0,0,0
609780,2c404c35-e45c-f92c-8095-2890d0af9ab8,1,583758,583772,609780,616506,26008,26022,14,0,0,0
609979,beb8948b-b721-ad07-70ae-ad920d2d7b44,1,583855,583892,609979,606679,26087,26124,37,0,0,0
610630,f9730031-45b6-fb0c-8b6e-bee067677791,1,584424,584443,610630,613820,26187,26206,19,0,0,0
610631,b4d9783f-934a-8668-f29e-c9f7367afe18,1,584415,584443,610631,603712,26188,26216,28,0,0,0
610710,67945bb6-2c20-c92f-27f9-31d0c85942bf,1,584524,584563,610710,610085,26147,26186,39,0,0,0
610716,ff45e8d6-cf60-bf33-b74a-475baf134fa4,1,584551,584563,610716,610164,26153,26165,12,0,0,0
610894,75463b4f-5d36-f436-e4f6-ec3afecab16f,1,584867,584880,610894,620670,26014,26027,13,0,0,0
610935,b95e9013-e458-6475-9135-f5a34815071f,1,584838,584880,610935,598691,26055,26097,42,0,0,0
610954,8b827558-79bf-2209-cc06-3202ff3235f4,1,584894,584940,610954,609803,26014,26060,46,0,0,0
610975,ef847ba2-5f76-1b36-47ec-1803f06310a5,1,584926,584940,610975,612126,26035,26049,14,0,0,0
611296,74848ddb-3d89-af7c-52f6-97e167ce71f2,1,585288,585326,611296,621655,25970,26008,38,0,0,0
611377,f9cbe017-16d5-b95a-43ae-c82315cae230,1,585266,585266,611377,606177,26111,26111,0,0,0,0
611364,991f45ce-6d84-226c-9f19-44b573598fa1,1,585385,585386,611364,621329,25978,25979,1,0,0,0
611410,7b4f61fe-8c5d-a44e-4001-d48627a12cf6,1,585392,585446,611410,598503,25964,26018,54,0,0,0
611716,9acd427e-8a06-9837-8223-b53f3eb507dc,1,585666,585666,611716,615245,26050,26050,0,0,0,0
611938,6fbe2e28-3be7-ff97-a301-becf5390001a,1,585794,585848,611938,616624,26090,26144,54,0,0,0
612118,d90aa8a8-1e94-ac04-ce12-f63da7523cda,1,585992,586034,612118,601671,26084,26126,42,0,0,0
612303,9422b76f-159d-87c1-d46b-4ded8da01716,1,586142,586142,612303,609120,26161,26161,0,0,0,0
612443,8c660e9e-c531-f613-c9b5-225cdb811b42,1,586294,586294,612443,617896,26149,26149,0,0,0,0
612635,89b06591-baab-2277-901b-1fe63636beb6,1,586533,586534,612635,614299,26101,26102,1,0,0,0
612794,5a623db5-d96a-9d11-dd3a-59e624db200e,1,586536,586594,612794,608269,26200,26258,58,0,0,0
612917,aa6df127-ca39-18fc-efbc-eeb70352c299,1,586816,586816,612917,617706,26101,26101,0,0,0,0
613432,36392df8-a757-0204-ab99-6cd1fda091e1,1,587443,587482,613432,616218,25950,25989,39,0,0,0
613615,74156df5-c6f1-072d-1c44-cc69f79247d5,1,587610,587662,613615,606164,25953,26005,52,0,0,0
621009,35c30540-bcdd-ec1a-dbe4-9763b29b5a68,1,608450,608450,621009,620465,12559,12559,0,0,0,0
621096,d9e58b4e-46d7-d803-db7b-c77a28d59f7e,1,608451,608510,621096,624025,12586,12645,59,0,0,0
621202,9a910a88-453c-20a5-e05a-afc8fb50f1ca,1,608799,608799,621202,620724,12403,12403,0,0,0,0
621302,e9de7ebc-b7f8-b09f-8039-a8dc627e4d70,1,608852,608859,621302,619856,12443,12450,7,0,0,0
621481,9a2a6d77-6521-7e2a-8afc-7724cf4c1bca,1,608861,608919,621481,618839,12562,12620,58,0,0,0
621485,bc78b83e-213d-a461-723a-40aa2ee7ed5e,1,608944,608979,621485,616340,12506,12541,35,0,0,0
622713,492f40b0-51fa-5eee-acfa-668c09195da7,1,610246,610246,622713,621267,12467,12467,0,0,0,0
622952,54e4dac4-2552-f0b7-1187-1bb1033f7db7,1,610400,610400,622952,619940,12552,12552,0,0,0,0
623060,73129783-eb81-81b0-23ba-12d83920d788,1,610467,610467,623060,625865,12593,12593,0,0,0,0
623143,64f2bee2-3d9a-64aa-f4eb-274d97cbd435,1,610498,610527,623143,626509,12616,12645,29,0,0,0
623606,70462f10-0d0d-70c8-bffe-02676e457639,1,611034,611074,623606,625852,12532,12572,40,0,0,0
623800,eee5fb2f-f48b-b919-23a3-063dc5700d0a,1,611077,611134,623800,618100,12666,12723,57,0,0,0
623775,7dd06143-9310-0ed7-4284-a8f068712952,1,611284,611284,623775,618975,12491,12491,0,0,0,0
623851,25fe1206-1ba3-d808-fd01-85abad519f3b,1,611179,611194,623851,628591,12657,12672,15,0,0,0
623925,bbd3779d-e641-cac4-3249-d58bff44ff0c,1,611453,611464,623925,629601,12461,12472,11,0,0,0
624208,8b8080a8-8446-5d0a-8855-a88dadec0061,1,611663,611720,624208,619333,12488,12545,57,0,0,0
624204,34117a83-3297-a040-85a5-caf6ced63da4,1,611673,611720,624204,621299,12484,12531,47,0,0,0
624246,8bb7bce6-65e1-e026-7115-c40be76b4f6b,1,611660,611660,624246,625381,12586,12586,0,0,0,0
624301,7201fdab-7277-c253-567c-45cd6d1dd453,1,611663,611720,624301,623772,12581,12638,57,0,0,0
624369,68386d90-c2fb-8cec-a687-64e2f9b8bed5,1,611724,611780,624369,626504,12589,12645,56,0,0,0
624631,a4e97a0a-3753-5b34-fbdf-51e81a267c82,1,612038,612038,624631,625734,12593,12593,0,0,0,0
624693,eebbd54d-e78d-1007-7e88-e2af2f970fe2,1,612040,612098,624693,623742,12595,12653,58,0,0,0
624670,b498b950-5ab7-28c7-05ca-6795a7bfe5f0,1,612087,612098,624670,621939,12572,12583,11,0,0,0
624726,4d600c27-91e9-c5f4-c13b-50469b9bdcee,1,612046,612098,624726,630197,12628,12680,52,0,0,0
624727,b47fcfc0-9501-8009-a114-3babc573feae,1,612207,612218,624727,625164,12509,12520,11,0,0,0
624868,9812e06b-a1d5-c786-78c4-5eabf2d3ad3f,1,612232,612278,624868,619032,12590,12636,46,0,0,0
624903,9a28619a-0cea-f06a-545f-a09fd750d637,1,612334,612338,624903,629985,12565,12569,4,0,0,0
625065,1a438363-b7fb-0125-4b51-2960d47a2ce6,1,612626,612641,625065,627717,12424,12439,15,0,0,0
625121,79a53420-faf2-3bde-72fc-1f070458dabc,1,612581,612581,625121,625881,12540,12540,0,0,0,0
628020,dd1e072c-b7c8-1f98-8584-4230a878c90f,1,615504,615533,628020,629381,12487,12516,29,0,0,0
628527,7987fac9-9a32-f3b6-eda5-00ffa93efdc8,1,615982,616013,628527,622193,12514,12545,31,0,0,0
629311,f735f353-3e62-8996-30e2-f20a28a550f4,1,616789,616799,629311,626257,12512,12522,10,0,0,0
629837,9a6b8688-3f69-1743-d114-8a1a3fe0986c,1,617284,617284,629837,628096,12553,12553,0,0,0,0
629837,14c4bb3f-871c-6300-18c8-76e0419bba75,1,617293,617344,629837,625516,12493,12544,51,0,0,0
630557,bcfc0df7-17ad-3daf-05ea-b96dc58b7bde,1,618106,618143,630557,629594,12414,12451,37,0,0,0
630955,eb15b5e3-4888-bb3c-0205-553fcb5f0dc4,1,618521,618575,630955,632456,12380,12434,54,0,0,0
630982,b7f78427-213b-17d7-c035-1a77a8fe9f40,1,618553,618575,630982,631490,12407,12429,22,0,0,0
631089,59bc0f55-e34c-65fb-ff3b-7254a0b7d9ca,1,618624,618635,631089,628940,12454,12465,11,0,0,0
631238,ed181e87-fe66-cec3-0f07-46fc06d2c0e6,1,618748,618788,631238,634507,12450,12490,40,0,0,0
632009,8a0c8aad-f454-c94f-48b9-d1729abe5c7f,1,619633,619650,632009,630859,12359,12376,17,0,0,0
633552,266846b6-712a-bb95-dc8b-6f3540a1a087,1,620983,620983,633552,638038,12569,12569,0,0,0,0
635471,ad74135b-60c8-bf8d-da04-17d9fe78109c,1,609280,609310,635471,627123,26161,26191,30,0,0,0
635526,ee04ab56-a30e-e5ea-6939-4d15c03510b0,1,609375,609375,635526,643998,26151,26151,0,0,0,0
635633,661ccedc-ce08-678a-12fa-22f6378c2ef7,1,609391,609435,635633,644701,26198,26242,44,0,0,0
637154,820151e6-9c3f-d1c4-51c6-5e2778527019,1,610779,610810,637154,626581,26344,26375,31,0,0,0
637570,7b3826d6-ac21-d2a4-3b18-39b133da3a2c,1,636118,636118,637570,637287,1452,1452,0,0,0,0
637571,06f310e4-9e67-b132-859c-ee23ec56f591,1,636118,636118,637571,637606,1453,1453,0,0,0,0
637591,0d337b3d-0fa5-d604-f15d-7f63e92d69cc,1,636118,636118,637591,637003,1473,1473,0,0,0,0
637591,efff8e7d-7c03-0c5c-aad2-7fdf3e7de11e,1,636125,636178,637591,637800,1413,1466,53,0,0,0
637697,9bf52479-2fab-3ec3-a1b1-4844a02ea041,1,636120,636178,637697,638116,1519,1577,58,0,0,0
637837,deab8c66-99b7-e001-7558-45fc18107c54,1,636120,636178,637837,637747,1659,1717,58,0,0,0
637858,b990ef4b-7866-87a1-e298-72df0260a4fb,1,611581,611581,637858,624809,26277,26277,0,0,0,0
637889,217412f4-68bf-bbd1-d70b-84e1769a8d01,1,636119,636178,637889,637959,1711,1770,59,0,0,0
637863,f8708da5-e6c6-38f7-60aa-39a42996e866,1,636120,636178,637863,638627,1685,1743,58,0,0,0
637919,b9ff1d9e-e9cd-2115-0946-6957e47f763e,1,611849,611849,637919,635255,26070,26070,0,0,0,0
637950,be6d5063-0c06-49f0-eacc-2cba91f37f2d,1,636118,636118,637950,637930,1832,1832,0,0,0,0
637903,93f4be74-1e8f-0aa3-cab8-31f6fbf23f67,1,636123,636178,637903,637108,1725,1780,55,0,0,0
638011,8d244889-1029-0b3b-f3ac-adc9ed40cf1d,1,636119,636178,638011,637689,1833,1892,59,0,0,0
638063,159ec49b-f221-e6a0-f447-9e31d7f27ae8,1,611860,611909,638063,648627,26154,26203,49,0,0,0
638154,3e4bbc48-61c4-e193-a342-ce849701504f,1,636119,636178,638154,638223,1976,2035,59,0,0,0
638183,b77909d9-b4fe-62a3-58be-e7af3cadbcb2,1,611948,611969,638183,635345,26214,26235,21,0,0,0
638258,e9147286-9569-c33e-4667-4772974efecc,1,612125,612158,638258,633473,26100,26133,33,0,0,0
638300,601f41d4-5798-87dd-d7d0-87ccf3842faf,1,612197,612218,638300,626205,26082,26103,21,0,0,0
638418,d07a709a-18dd-ec6a-08ba-abc5305eeeac,1,612183,612218,638418,640481,26200,26235,35,0,0,0
638425,3c36cd6c-ab5c-effb-b68a-3f13a04ca10a,1,612422,612422,638425,629278,26003,26003,0,0,0,0
638505,a6e68db8-d9d9-bd7d-c8ea-687b5fa1c4f4,1,612255,612278,638505,638674,26227,26250,23,0,0,0
638568,3924b336-574f-661a-7ba9-6b0763dc8020,1,612187,612218,638568,644188,26350,26381,31,0,0,0
638615,be58d502-ac37-f5e4-4e35-e0d65cbc957e,1,612479,612482,638615,647391,26133,26136,3,0,0,0
640409,c5644572-bbb3-b873-35c2-1b56dfc16171,1,614330,614330,640409,652307,26079,26079,0,0,0,0
640748,d7b243c7-debd-5a4a-d139-591c943362b4,1,614689,614689,640748,641045,26059,26059,0,0,0,0
640845,5ddd0392-2d1e-b9ed-1c70-7d52273d83a3,1,614768,614768,640845,628221,26077,26077,0,0,0,0
641413,61387e34-61e4-e49c-b882-4cf62b851bf2,1,640611,640640,641413,641357,773,802,29,0,0,0
641438,2033d6d5-b256-b1b7-1d83-c0bfe277a39f,1,615401,615413,641438,639304,26025,26037,12,0,0,0
641650,b3442432-12dd-2c00-5d05-89681958b5dd,1,615504,615533,641650,633538,26117,26146,29,0,0,0
641818,85e31548-3020-68b6-e630-ea41fe6f0857,1,640580,640580,641818,641471,1238,1238,0,0,0,0
641858,05e6fc69-3240-2c0e-c14e-8648d3cbbc5a,1,640632,640640,641858,642441,1218,1226,8,0,0,0
641916,85ea8a4d-b0c3-42d4-931c-d2e23ca7b3b0,1,640656,640700,641916,642231,1216,1260,44,0,0,0
641956,939fbbfd-9b35-3efb-329a-cc81f075d9fc,1,615590,615593,641956,652677,26363,26366,3,0,0,0
641966,164657d2-59d3-4718-d165-5506558a647d,1,640580,640580,641966,641423,1386,1386,0,0,0,0
641987,2b9949dc-f109-291c-3871-e2f1064a383a,1,640627,640640,641987,642269,1347,1360,13,0,0,0
641983,760f0126-7b15-3c15-e35a-c0101d3821ce,1,640632,640640,641983,641787,1343,1351,8,0,0,0
641950,f5a8668f-ffcf-f86f-6bef-00db14a5b386,1,640648,640700,641950,642233,1250,1302,52,0,0,0
642032,14b8cb05-1da8-a47d-9d86-50992c242e0c,1,640587,640640,642032,641747,1392,1445,53,0,0,0
642034,6050be7c-8a54-766a-44a2-fbc5f8a539e9,1,640587,640640,642034,641894,1394,1447,53,0,0,0
642042,72492007-f8a1-9d7c-1049-c2bbdbda64d6,1,640637,640640,642042,641636,1402,1405,3,0,0,0
642011,111d948c-de0d-983d-0079-04d026ebf87b,1,640659,640700,642011,641642,1311,1352,41,0,0,0
642052,f0e4cab6-e0c5-0839-f066-4b7674c9388c,1,640660,640700,642052,642070,1352,1392,40,0,0,0
642072,5e7f5b8c-87c5-6046-7083-ad45f588f3a5,1,640580,640580,642072,642212,1492,1492,0,0,0,0
642066,6c8761a2-8d04-957b-2ab3-2bc82d05a556,1,640634,640640,642066,642061,1426,1432,6,0,0,0
642069,4b7d7707-2322-2a87-36f7-88960868cabe,1,640652,640700,642069,641649,1369,1417,48,0,0,0
642081,039f2eda-071a-0cdc-aecf-f3ae0b0d4aa6,1,640653,640700,642081,642089,1381,1428,47,0,0,0
642067,5840f6bf-bcb4-2628-54d8-19eb384a80e6,1,640655,640700,642067,641874,1367,1412,45,0,0,0
642106,31ed33f9-6c6a-0dc5-c813-d84b96873b6c,1,640657,640700,642106,641739,1406,1449,43,0,0,0
642128,6cf2a56d-73d0-4d8b-ee21-71db1856624e,1,640580,640580,642128,642304,1548,1548,0,0,0,0
642121,ae1d7b8b-3e13-7e15-1cbb-783d705d1f9a,1,640580,640580,642121,641656,1541,1541,0,0,0,0
642143,7498487e-b9c6-3679-2c7c-3859b9ca0b90,1,640581,640640,642143,641365,1503,1562,59,0,0,0
642175,59d176e3-8dac-1f9c-7339-ba8f032cbf16,1,640582,640640,642175,642809,1535,1593,58,0,0,0
642170,95fbccf8-91f6-355e-9efb-bba6a1d0a8ed,1,640585,640640,642170,641876,1530,1585,55,0,0,0
642122,08906b98-3602-05d9-a5e4-dc9db1a1b76a,1,640596,640640,642122,642586,1482,1526,44,0,0,0
642161,7faa4b56-9fb2-d1bd-aab2-bb155e8d226a,1,640636,640640,642161,641495,1521,1525,4,0,0,0
642161,056d755f-95e3-37be-62db-0a8664e0b1ce,1,640637,640640,642161,641762,1521,1524,3,0,0,0
642165,4a1fe12c-5a50-d13b-cbc4-6cb47414808a,1,640639,640640,642165,641501,1525,1526,1,0,0,0
642160,2fc2576a-8302-0e50-cf78-fb5bf8f4477d,1,640640,640640,642160,642488,1520,1520,0,0,0,0
642157,1834da4e-3521-9c03-2068-48ab7eaecff1,1,640642,640700,642157,641687,1457,1515,58,0,0,0
642144,5e9625c4-5ec6-9afa-b8aa-d028174eb146,1,640649,640700,642144,642753,1444,1495,51,0,0,0
642140,1d3f21a2-3fc4-4e3c-a2ca-0642f3a6a3e2,1,640661,640700,642140,641943,1440,1479,39,0,0,0
642217,8bedc652-853d-9926-3852-c96ba1a84f12,1,616126,616133,642217,647747,26084,26091,7,0,0,0
642196,e72395f6-50c6-038a-08c2-14806b07fc0a,1,640594,640640,642196,642590,1556,1602,46,0,0,0
642190,a22d93b3-cfff-8bf7-db6f-4b324379f7b9,1,640600,640640,642190,641543,1550,1590,40,0,0,0
642222,d24bfa0f-980f-8133-a7e0-b08d81fdfb7d,1,640628,640640,642222,641634,1582,1594,12,0,0,0
642193,c369ddc3-e77c-25cc-83ed-7f3f9e57dd31,1,640630,640640,642193,642930,1553,1563,10,0,0,0
642223,d4f647ad-ee64-ac54-851d-9f4515fc88fd,1,640632,640640,642223,641875,1583,1591,8,0,0,0
642207,83754888-490a-9bba-8b45-4f39bfbfb195,1,640633,640640,642207,642951,1567,1574,7,0,0,0
642227,95db569b-15ee-3520-058c-08353573bf80,1,640647,640700,642227,642712,1527,1580,53,0,0,0
642222,9cd4a50a-ae58-766c-6572-528856b9ee81,1,640654,640700,642222,642786,1522,1568,46,0,0,0
642297,d29b3bdb-8d69-8436-ee44-50fbe1ba3cc0,1,640580,640580,642297,642947,1717,1717,0,0,0,0
642272,19d71caa-65fb-d277-88d9-7ed0c6788b3d,1,640601,640640,642272,642534,1632,1671,39,0,0,0
642266,3b268c45-e37f-5315-52aa-ca04fd09f34b,1,640605,640640,642266,641733,1626,1661,35,0,0,0
642282,2331bfb6-2001-8ad6-4128-7ec9688ed7f5,1,640628,640640,642282,642094,1642,1654,12,0,0,0
642245,0c5b43b8-29f5-3986-ca3f-b0f32c1ff90e,1,640636,640640,642245,642179,1605,1609,4,0,0,0
642294,e5f9a82d-6aba-7fbf-3f8d-a07ec95ccbb1,1,640644,640700,642294,642018,1594,1650,56,0,0,0
642273,cfc26f5e-2d6f-0a8a-5f0d-3ae3e98004bc,1,640662,640700,642273,642863,1573,1611,38,0,0,0
642309,de5de044-27b4-ae4a-ad1c-d063459b44e6,1,640588,640640,642309,641620,1669,1721,52,0,0,0
642352,5498d53e-9dd5-0915-7a7d-709ce10d1a7c,1,640590,640640,642352,641518,1712,1762,50,0,0,0
642302,f9b7606d-46f1-cd62-ed80-b27ae9fd4c69,1,640591,640640,642302,642601,1662,1711,49,0,0,0
642352,8ea364b7-e1f4-67ed-e2b0-b8a8e1601967,1,640599,640640,642352,642514,1712,1753,41,0,0,0
642319,7e1e81a3-f80b-0da2-f147-fb93f6fab97c,1,640604,640640,642319,642490,1679,1715,36,0,0,0
642324,84f1aa02-0571-9f33-53e2-81a71db86833,1,640614,640640,642324,642195,1684,1710,26,0,0,0
642330,a210ee03-643e-47d1-1807-27aa03b66a3b,1,640619,640640,642330,641614,1690,1711,21,0,0,0
642355,55d8bc3d-534c-04d6-7f6e-396e0524bf5d,1,640643,640700,642355,642753,1655,1712,57,0,0,0
642350,f39fecc0-3fd1-297a-076d-b3910e02dde1,1,640644,640700,642350,642484,1650,1706,56,0,0,0
642340,1d0580c3-e977-f3ed-be5d-6031277511a2,1,640658,640700,642340,641813,1640,1682,42,0,0,0
642372,50c91ffa-3269-0ae1-464f-a06f073b38ce,1,640592,640640,642372,642855,1732,1780,48,0,0,0
642374,24048c3c-48c6-c145-d176-753e3ec0871b,1,640593,640640,642374,642018,1734,1781,47,0,0,0
642404,2191e470-a53f-843a-c95d-a2fb22abc9c4,1,640598,640640,642404,642568,1764,1806,42,0,0,0
642365,ff3f33e3-7896-06fa-a8a7-b754a35dee92,1,640611,640640,642365,641956,1725,1754,29,0,0,0
642396,ffd6325e-bb73-1b28-f0a5-2efbee12d465,1,640615,640640,642396,643125,1756,1781,25,0,0,0
642371,6be4f9a8-40c4-2417-b3e1-2e5d0339261d,1,640642,640700,642371,642273,1671,1729,58,0,0,0
642395,efa1412e-a479-fae1-e8ee-679bd244f2b2,1,640646,640700,642395,643107,1695,1749,54,0,0,0
642363,8da3969e-c808-d52d-4242-0b46e9fcf345,1,640651,640700,642363,642253,1663,1712,49,0,0,0
642426,f283504a-841a-652d-7d13-b658cd6fca41,1,640580,640580,642426,643202,1846,1846,0,0,0,0
642443,19726394-28fa-36e4-0880-c11821289352,1,640591,640640,642443,642392,1803,1852,49,0,0,0
642455,42d76a04-3376-9503-9449-c9f15da1de82,1,640597,640640,642455,643168,1815,1858,43,0,0,0
642430,f3aedee4-3963-8381-5adc-bd4e6f918834,1,640612,640640,642430,642759,1790,1818,28,0,0,0
642446,d875df0d-cf8e-399f-b018-97181171abaa,1,640613,640640,642446,641882,1806,1833,27,0,0,0
642494,3cf81c05-791e-6208-45c7-3d72846dbb17,1,640581,640640,642494,641784,1854,1913,59,0,0,0
642515,01c54193-2208-72bb-9799-c37043672bb1,1,640602,640640,642515,643343,1875,1913,38,0,0,0
642530,1807e232-8736-de5f-9b80-f537872a72bb,1,640609,640640,642530,642492,1890,1921,31,0,0,0
642528,eada4a2a-6ca6-ec29-9cfd-b012190604e9,1,640612,640640,642528,642500,1888,1916,28,0,0,0
642498,5cfc6bec-51fd-f942-dcb5-bba11a1881f7,1,640650,640700,642498,642804,1798,1848,50,0,0,0
642590,9438030c-23aa-7127-65d4-0cbdb452eb2b,1,640609,640640,642590,643020,1950,1981,31,0,0,0
642603,7d57d44c-dee0-25d4-1fa0-6d549ceb14bf,1,640603,640640,642603,643343,1963,2000,37,0,0,0
642628,1e79c42c-d7ff-6ae4-d9c2-24b0ac580761,1,640620,640640,642628,642570,1988,2008,20,0,0,0
642641,098ca18e-2636-9d50-f8dc-d5088aef73e2,1,640621,640640,642641,642132,2001,2020,19,0,0,0
642655,53948e33-f1bc-e743-2028-8297cd428cf4,1,640622,640640,642655,642670,2015,2033,18,0,0,0
642702,ac759d95-5e43-1a00-d896-13e7541e754c,1,640597,640640,642702,642792,2062,2105,43,0,0,0
642663,13cc3529-2cad-a294-a28d-56b277579b1f,1,640623,640640,642663,641735,2023,2040,17,0,0,0
642714,d16c34ee-4d69-d25a-8425-5b740193aace,1,640623,640640,642714,642078,2074,2091,17,0,0,0
642699,aa8ec016-33b2-183f-5c73-4092e30f9070,1,640624,640640,642699,641665,2059,2075,16,0,0,0
642692,17b5b75a-348f-8d30-789f-515d66b594fc,1,640627,640640,642692,643454,2052,2065,13,0,0,0
642742,28c63e84-fc64-6e22-fcae-7266378ef4ec,1,616559,616559,642742,638373,26183,26183,0,0,0,0
642773,d557c694-3340-25a4-5677-2d375bdfcd2d,1,616674,616679,642773,640563,26094,26099,5,0,0,0
642804,bf89ea23-3ea9-c808-1767-eeb78252f2b8,1,640619,640640,642804,642110,2164,2185,21,0,0,0
642879,f64b05ff-744d-8a55-bb76-e11bed570211,1,616798,616799,642879,633820,26080,26081,1,0,0,0
642882,1c075790-408a-18b4-01f0-a95d30c3c452,1,640606,640640,642882,643307,2242,2276,34,0,0,0
642864,49b1dae7-3159-ec9e-8e42-f7a2cac3e451,1,640608,640640,642864,643596,2224,2256,32,0,0,0
642883,1a37d635-59ae-c057-9c60-72037d37bbf6,1,640618,640640,642883,642951,2243,2265,22,0,0,0
642910,0fcb5b52-1da8-075e-6666-63a04ecad402,1,616760,616799,642910,641026,26111,26150,39,0,0,0
642929,47c30a24-4461-bd94-6348-2cf075d041a4,1,616836,616859,642929,647180,26070,26093,23,0,0,0
643016,f2e36af1-7073-2a8c-b924-6a246e0985ac,1,616772,616799,643016,633207,26217,26244,27,0,0,0
643135,827dbc19-39f7-ce55-6969-2de09af2be57,1,616851,616859,643135,646718,26276,26284,8,0,0,0
643859,427fc0fc-f838-6064-fbd3-e659d3408911,1,617829,617852,643859,649829,26007,26030,23,0,0,0
643959,72004593-8abd-9bb4-19e9-da0b6182b6c2,1,617850,617852,643959,655009,26107,26109,2,0,0,0
644821,ac8180f3-8412-16d6-78f0-8676758bc206,1,618848,618848,644821,650680,25973,25973,0,0,0,0
644901,623088b1-ffbb-aac8-ea3d-9a351d03b82e,1,618791,618848,644901,647607,26053,26110,57,0,0,0
645514,e5426cc3-227a-92ea-a506-eb5d7e63b27a,1,619302,619350,645514,636714,26164,26212,48,0,0,0
645653,ff594078-7fbf-b878-e4c2-07a680ca9dfb,1,619589,619590,645653,653083,26063,26064,1,0,0,0
645672,93ee41c4-e291-1ca3-3e20-575c0e3b54a8,1,619589,619590,645672,652669,26082,26083,1,0,0,0
645882,bf7e5bd4-68ce-acdf-1082-26b80104a086,1,619844,619844,645882,643038,26038,26038,0,0,0,0
646303,4f59e29b-56fc-cd73-1a75-7fd0cf052a0e,1,620165,620174,646303,655777,26129,26138,9,0,0,0
646325,b361c3b8-9e4d-7d9e-aeaf-a2b78f0f04cb,1,620231,620234,646325,634037,26091,26094,3,0,0,0
646542,097a4e0b-54df-39a9-3136-a86560f34f17,1,620439,620439,646542,643192,26103,26103,0,0,0,0
646663,ad26a378-9ae1-f323-dca2-25a4050e5021,1,620589,620589,646663,644820,26074,26074,0,0,0,0
646682,b06407aa-d843-136e-a292-2844180814d2,1,620589,620589,646682,643929,26093,26093,0,0,0,0
646879,80aba730-c164-2f75-2fa7-6e13e4b782c5,1,620794,620794,646879,633849,26085,26085,0,0,0,0
646925,0f918f7c-450c-e9af-16b9-c96c096949b1,1,620827,620854,646925,643854,26071,26098,27,0,0,0
647408,70ba8622-b535-1685-0448-3e20318eeb02,1,621229,621283,647408,643499,26125,26179,54,0,0,0
647644,4e65d58b-de68-edaa-8273-1999e62a01a4,1,621545,621601,647644,647245,26043,26099,56,0,0,0
679092,9694b1c7-0a18-82ab-112e-513c68ee2553,1,653030,653040,679092,679281,26052,26062,10,0,0,0
679120,2eaec8b5-fac6-37e0-0e0b-d67cb941539f,1,653097,653100,679120,677032,26020,26023,3,0,0,0
679194,dba6895c-4b12-c9e6-fcdf-96b1b245af82,1,652995,653040,679194,684993,26154,26199,45,0,0,0
679269,f1ed7faf-b739-6677-e431-cf252b1497d0,1,652920,652920,679269,673947,26349,26349,0,0,0,0
679218,e794bc72-4662-cb68-c2d5-1bfd83dbe2a4,1,652993,653040,679218,682542,26178,26225,47,0,0,0
679223,29be48be-ce8f-4680-d6f1-671b7f5b5ee9,1,653090,653100,679223,677171,26123,26133,10,0,0,0
679279,9f63e5ba-45d3-2d46-8f06-ce065fa83cad,1,653209,653247,679279,690440,26032,26070,38,0,0,0
679288,57259d1c-61cc-66e1-af67-3bbb73432d14,1,653220,653247,679288,685528,26041,26068,27,0,0,0
679387,6ef03b93-f2d9-753b-2962-4d3352dc2715,1,653197,653247,679387,679714,26140,26190,50,0,0,0
679409,6754573a-832b-6b61-af38-72ce0f34f7b9,1,652923,652980,679409,676264,26429,26486,57,0,0,0
679417,912c9d4e-d1ca-b2f2-cd81-31c044132856,1,653187,653187,679417,690249,26230,26230,0,0,0,0
679458,94aefff1-045d-83aa-e556-cc9311ff7a07,1,652925,652980,679458,672304,26478,26533,55,0,0,0
679473,31ebddc2-0547-ac29-dda5-a602ab36708a,1,653206,653247,679473,690962,26226,26267,41,0,0,0
679498,21bb79a7-ee4b-de84-2d1a-2934b39ec396,1,653311,653311,679498,691922,26187,26187,0,0,0,0
682728,7785db99-a428-3aa3-f28e-3a31608c821f,1,656600,656630,682728,670100,26098,26128,30,0,0,0
683325,851733b3-16d4-394e-c5e1-43ab310b314b,1,657127,657127,683325,676327,26198,26198,0,0,0,0
683363,c36d873d-e1b8-0ab7-06c6-5548a423d375,1,657271,657271,683363,679974,26092,26092,0,0,0,0
683338,2e2a8a79-ea3b-881e-cf0f-dd83063610d6,1,657332,657332,683338,692734,26006,26006,0,0,0,0
683572,4f816d11-3441-711e-1c69-ac49769784f1,1,657430,657485,683572,672167,26087,26142,55,0,0,0
683590,93d63c97-9df5-a53f-2fd7-ace0ef5513b1,1,657425,657425,683590,672039,26165,26165,0,0,0,0
683705,e70bdb98-078f-549e-44db-ff151a302c13,1,657429,657485,683705,673719,26220,26276,56,0,0,0
683723,da7a0320-a116-e406-7fdc-0aa1743e0aee,1,657615,657615,683723,690899,26108,26108,0,0,0,0
684078,85b72b4e-4808-26d1-4cbb-3f1928004b64,1,657901,657901,684078,673364,26177,26177,0,0,0,0
684155,76a4d79d-84a2-4656-694f-d06c3b66efc4,1,657973,657973,684155,681312,26182,26182,0,0,0,0
684255,399710fb-8381-a163-9d21-286c577e84d0,1,658010,658033,684255,681497,26222,26245,23,0,0,0
684275,2b05ab7f-67bd-470d-d213-deb7d8de22b1,1,657979,658033,684275,676500,26242,26296,54,0,0,0
684700,cd94b58d-8df4-5b65-007a-ed22753a3f79,1,658506,658506,684700,696008,26194,26194,0,0,0,0
684791,5d5f5f72-a19a-e0af-3b52-455102ff42fb,1,658659,658659,684791,691783,26132,26132,0,0,0,0
684847,72028f03-c5df-a60a-01ae-f3e3cda7be29,1,658744,658794,684847,689999,26053,26103,50,0,0,0
685176,c2ba75da-28b8-37a8-a486-6b6313e1454b,1,658872,658872,685176,676112,26304,26304,0,0,0,0
685208,e9b9253b-6214-8a40-192a-49a68ca616cf,1,659067,659067,685208,679709,26141,26141,0,0,0,0
685210,c77d7b73-6d01-2d07-7876-6a8c1a7eea48,1,672684,672736,685210,680444,12474,12526,52,0,0,0
685292,6f2d5369-4eb3-9ec5-4d7c-8734ba85586c,1,659108,659127,685292,689155,26165,26184,19,0,0,0
685306,138677d8-f6a4-2702-4c26-5358d8212aeb,1,659082,659127,685306,672985,26179,26224,45,0,0,0
685379,c5f0c10c-151e-903c-dd9f-1c3aff2409a1,1,659155,659187,685379,687431,26192,26224,32,0,0,0
685367,6d418556-5687-87d6-4715-bc6fdb245fa5,1,659208,659247,685367,674426,26120,26159,39,0,0,0
685540,30d1b5a7-d39b-4369-f758-34b0c5d69586,1,659399,659399,685540,674528,26141,26141,0,0,0,0
685622,54cf7554-1115-021e-1315-919515b34d10,1,659456,659459,685622,693495,26163,26166,3,0,0,0
685638,a1ffb79a-91a3-a29e-a56f-022bd29a64b8,1,659473,659519,685638,674523,26119,26165,46,0,0,0
685680,c8c89fcc-65d8-e93f-3e9a-c8c31e2cd90b,1,659468,659519,685680,672937,26161,26212,51,0,0,0
685688,763723e2-9bfd-f851-190a-4b0128b2c1f3,1,659561,659579,685688,691792,26109,26127,18,0,0,0
686513,895ed74b-0c94-4452-7c2d-1046c59a8f0b,1,660310,660369,686513,681432,26144,26203,59,0,0,0
686551,2ae1e1e3-18ea-04af-e7fa-a7c14424a336,1,660284,660309,686551,674851,26242,26267,25,0,0,0
686689,88947229-1bc5-f7db-7654-64fbc87fcfaf,1,660543,660549,686689,694283,26140,26146,6,0,0,0
686802,3727944b-f290-c161-9eba-51eef6ebc68a,1,658734,658734,686802,679951,28068,28068,0,0,0,0
686806,9b5fc735-df04-2fbd-8a07-656dcf7e66af,1,660660,660669,686806,688162,26137,26146,9,0,0,0
686963,21659911-3d65-3a17-adbc-858531e0d8e6,1,660837,660849,686963,698909,26114,26126,12,0,0,0
687150,123e7675-8685-9f80-8ee6-ca6f7ac3c8fe,1,660937,660990,687150,677339,26160,26213,53,0,0,0
687826,7e361b3b-038c-d088-b3e4-676eeee28b34,1,661735,661735,687826,680279,26091,26091,0,0,0,0
690174,b3a17b0f-4ff3-52d6-af6b-815227e63605,1,677731,677742,690174,692634,12432,12443,11,0,0,0
690174,d2f4f840-1795-ff57-7919-6fb7b18b580a,1,677773,677802,690174,691056,12372,12401,29,0,0,0
691625,4d2a33c7-ad79-783f-7594-dff841fee075,1,665411,665411,691625,682101,26214,26214,0,0,0,0
691699,dfcff1bb-185b-b945-612d-f3ad308c8ae1,1,665575,665575,691699,694680,26124,26124,0,0,0,0
692108,2f798e0f-d7e7-ae91-2469-e0b27238553c,1,679652,679652,692108,695703,12456,12456,0,0,0,0
692186,3d2a7c8a-6695-dca5-b34b-88b70cc28d42,1,679659,679712,692186,693877,12474,12527,53,0,0,0
692219,1f783bf5-d449-a6ba-fd33-9daef14bea5a,1,679801,679801,692219,687632,12418,12418,0,0,0,0
692315,d2d6156a-ebf2-5857-ea4e-af3096ff5d80,1,666240,666240,692315,679524,26075,26075,0,0,0,0
692356,e04e8e51-331e-5317-6796-b4fb518c4545,1,666283,666300,692356,687675,26056,26073,17,0,0,0
692779,9f553a11-bcd0-d407-6b80-25b7226d9f8e,1,666618,666618,692779,702194,26161,26161,0,0,0,0
692938,f8d4e537-b99c-0fc6-1162-19649b2264ad,1,666845,666858,692938,694902,26080,26093,13,0,0,0
693020,1fd5d819-5b11-2239-71d3-32a81eab4a5d,1,666982,666982,693020,697865,26038,26038,0,0,0,0
693057,6724d94a-0697-de3e-c83d-9ac8184e06a5,1,666987,667042,693057,693916,26015,26070,55,0,0,0
693073,f1a90e96-8eac-5fd8-e579-6c0f8f6e2217,1,680570,680604,693073,697442,12469,12503,34,0,0,0
693115,ace45a6b-76fe-1479-d364-204ed11e16e8,1,667031,667042,693115,689749,26073,26084,11,0,0,0
693191,f6624fda-33f6-21b2-b244-b54da9e74ece,1,667068,667102,693191,683869,26089,26123,34,0,0,0
693479,7094e456-4f82-f304-66db-ceadbb0160db,1,667410,667410,693479,692256,26069,26069,0,0,0,0
693522,1c674547-086f-c363-d23d-c47056ada583,1,667493,667530,693522,697833,25992,26029,37,0,0,0
693502,c4a5ea54-c12a-1e40-9e43-fdef37b2066c,1,681106,681121,693502,688877,12381,12396,15,0,0,0
693542,d5e2e854-b935-76d8-6fb2-de39ff72b56b,1,667420,667470,693542,680927,26072,26122,50,0,0,0
693578,fd4f0818-a49b-0cf3-d0c9-dd9d0a40fa2f,1,667485,667530,693578,694001,26048,26093,45,0,0,0
693724,133b0e50-fa31-1bc9-54db-9a7277a27098,1,667760,667760,693724,683566,25964,25964,0,0,0,0
693785,ba16619c-887f-ef8c-d9d2-0a3ef5539e9f,1,681394,681394,693785,696821,12391,12391,0,0,0,0
693950,8195c6e7-b1cb-ebdf-e1bd-1a1fed635e09,1,667775,667820,693950,683721,26130,26175,45,0,0,0
694042,fe7ddb2a-1e29-1455-5fa5-90d8fc9977d5,1,668101,668101,694042,690038,25941,25941,0,0,0,0
694102,9993d8a6-416e-2994-4feb-667057a64200,1,681583,681636,694102,693203,12466,12519,53,0,0,0
694321,a55ad7d6-e2d4-d69a-edc8-87d88e5444af,1,668151,668161,694321,702722,26160,26170,10,0,0,0
694346,6c6adf83-36a9-ee41-1cbe-60a8c9ffba92,1,668315,668315,694346,682997,26031,26031,0,0,0,0
694596,f843b65d-d49f-d90b-94cf-591780a4704e,1,668550,668550,694596,687740,26046,26046,0,0,0,0
694661,d44511aa-2009-7648-69ee-e8d193c21645,1,682232,682232,694661,695925,12429,12429,0,0,0,0
694871,c1b215eb-8bc2-c970-36da-f7f68095a056,1,668813,668857,694871,691643,26014,26058,44,0,0,0
694921,f7f16010-b4a8-f036-56ab-676da24859a6,1,668797,668797,694921,693992,26124,26124,0,0,0,0
694972,7a0e4324-93c8-72a5-2344-cae07a43c7fe,1,682586,682586,694972,693292,12386,12386,0,0,0,0
695003,09ed3440-1045-18d0-6e91-ab9c3cd8b739,1,668997,668997,695003,682599,26006,26006,0,0,0,0
696334,90b51c2a-6fd6-05aa-fce8-023923095876,1,670399,670417,696334,708726,25917,25935,18,0,0,0
697266,2a912f0e-7b0a-60a1-a4b0-a1b63cf1dbf9,1,671226,671226,697266,705593,26040,26040,0,0,0,0
698123,0fff731d-eea9-3e6f-5cd3-8419783f3d47,1,672024,672024,698123,710011,26099,26099,0,0,0,0
703802,fb3c5bd0-3b27-80f4-5de9-ad0d769f9954,1,677771,677802,703802,703618,26000,26031,31,0,0,0
703823,87036af4-37e7-1bc9-8949-7f6ef53764f5,1,677788,677802,703823,712188,26021,26035,14,0,0,0
706550,764b1eaf-4602-f765-1a3a-da5620c47a53,1,680544,680544,706550,700456,26006,26006,0,0,0,0
706716,0f4572a3-3035-2480-8246-385a25039c4b,1,680700,680700,706716,694190,26016,26016,0,0,0,0
707651,63f98cda-8110-c4c8-209e-26433e3940f1,1,681576,681576,707651,717278,26075,26075,0,0,0,0
746576,bce88f20-b0ab-08aa-adb8-4d562f464cf3,1,720242,720271,746576,750777,26305,26334,29,0,0,0
746636,c727a3aa-25e5-e275-2858-7b1ebd0b5b3b,1,720211,720211,746636,748424,26425,26425,0,0,0,0
746799,689226a7-2f36-3f41-537f-0fc04f6327b1,1,720488,720488,746799,746015,26311,26311,0,0,0,0
747022,928aa627-2042-df22-fd21-8fb862c02376,1,720878,720878,747022,744041,26144,26144,0,0,0,0
747030,8320c0e1-133d-aad7-59a3-660ae865c323,1,720914,720938,747030,751389,26092,26116,24,0,0,0
747058,ae6e610a-8d8b-a2d3-7ee6-543510a7c96f,1,720921,720938,747058,741865,26120,26137,17,0,0,0
747119,c8f54756-95b8-4b27-f5b1-f521e7a3c7e8,1,720882,720938,747119,747448,26181,26237,56,0,0,0
747100,b29f21ea-8fb7-e838-61fe-5b05bd3a4ffa,1,720893,720938,747100,759830,26162,26207,45,0,0,0
747095,70febf4b-fd4c-4f63-fb88-549df44823e0,1,720894,720938,747095,748104,26157,26201,44,0,0,0
747244,8ec8a3bf-113a-f363-6a3b-52fb69e6d967,1,721130,721130,747244,749308,26114,26114,0,0,0,0
747433,6cc0492b-7072-6fca-4882-09929a82018a,1,721408,721408,747433,742312,26025,26025,0,0,0,0
747481,97972f02-96f3-122a-828a-f444f05d1436,1,721439,721468,747481,754835,26013,26042,29,0,0,0
747521,8722cc70-1d5d-5b63-a245-5fe48bbd4023,1,721432,721468,747521,741364,26053,26089,36,0,0,0
747694,4c8e35c8-e2c0-03cf-6125-e7a32023457b,1,721677,721677,747694,757465,26017,26017,0,0,0,0
747706,5f7501ab-19e6-f980-0c20-ee0d8c020b4d,1,721444,721468,747706,739310,26238,26262,24,0,0,0
747705,470c421b-44a1-099e-278f-e7e8c1c4eaf3,1,721469,721528,747705,735309,26177,26236,59,0,0,0
747855,87b66854-e18e-67a1-8e7f-034049de1db6,1,721721,721737,747855,753654,26118,26134,16,0,0,0
747887,d9db8c35-34d3-78f0-dee8-e6d458bdd458,1,721747,721797,747887,757703,26090,26140,50,0,0,0
747867,d0e14603-9fdd-3d52-d00e-750c51dda157,1,721768,721797,747867,739783,26070,26099,29,0,0,0
748008,8f8d8f82-cd4f-309a-2409-6fb5f5b01e86,1,721876,721876,748008,740970,26132,26132,0,0,0,0
748077,70830c84-a32c-d8cb-2bf7-91a336a663e9,1,722056,722056,748077,738771,26021,26021,0,0,0,0
748293,27906362-a83f-d06e-cc59-5800f04b9d14,1,722234,722236,748293,750984,26057,26059,2,0,0,0
748334,97d13e79-af3d-c20e-eb79-956b09c32d5c,1,722079,722116,748334,742659,26218,26255,37,0,0,0
748357,d8df4b74-87bb-d646-46b0-1a9cee78d9b6,1,722132,722176,748357,740830,26181,26225,44,0,0,0
748428,08ba8f7a-e7dd-b971-1a33-96b008cf8148,1,722360,722360,748428,748723,26068,26068,0,0,0,0
748429,3373912c-65c3-ffc3-4ec5-8f0bc8e5fad5,1,722447,722447,748429,747229,25982,25982,0,0,0,0
748489,65ceb128-b64e-fb54-ab16-89ce96864062,1,722222,722236,748489,747994,26253,26267,14,0,0,0
748483,ee05c1dd-f078-1f75-c378-d0c31c4d0cf0,1,722261,722296,748483,753905,26187,26222,35,0,0,0
748514,acd019cb-3175-be26-0249-46d92c7d7ced,1,722500,722507,748514,741486,26007,26014,7,0,0,0
748552,b332082f-72e9-7486-61c0-fae74cb2e9ce,1,722241,722296,748552,755414,26256,26311,55,0,0,0
748727,d50c6747-d9bf-fae2-d0a7-fe50cea68cc8,1,722633,722633,748727,737866,26094,26094,0,0,0,0
748748,8812f0f6-98a5-fa62-8570-3932cb79c872,1,722688,722693,748748,759232,26055,26060,5,0,0,0
748794,e1ae4748-8070-ef5b-0714-8891a10b0cfd,1,722658,722693,748794,749872,26101,26136,35,0,0,0
748800,a4853c0b-2457-fd64-fb65-21e25419fab8,1,722689,722693,748800,751271,26107,26111,4,0,0,0
748860,cc121e49-2f92-bafc-98bf-860d6a12c2a4,1,722698,722753,748860,758897,26107,26162,55,0,0,0
748893,206543da-e363-8171-4d4f-cad49bfa40e2,1,722808,722813,748893,751216,26080,26085,5,0,0,0
748945,406df0db-c6e5-7bb9-1175-bb5a7f852634,1,722889,722889,748945,745515,26056,26056,0,0,0,0
748982,11a13200-fc5f-494a-a461-278ef6222b59,1,722638,722693,748982,759687,26289,26344,55,0,0,0
749137,7e8c2311-7e41-fd3d-dcb6-268601c0121c,1,723066,723066,749137,740273,26071,26071,0,0,0,0
749164,e3fa09b2-8625-44c9-f390-91c706dbcbe0,1,723140,723140,749164,752957,26024,26024,0,0,0,0
749422,f0382e87-c1a2-0068-978f-2f5f79895a97,1,723160,723200,749422,739795,26222,26262,40,0,0,0
749430,726df4af-023a-7c87-8360-08d4450649b3,1,723236,723260,749430,738461,26170,26194,24,0,0,0
749616,2819ecd7-4c28-4a7e-87cf-44ff2fac76da,1,723704,723704,749616,743947,25912,25912,0,0,0,0
749801,1e85caf7-3778-d72c-0940-e803eff9cf95,1,723729,723764,749801,750307,26037,26072,35,0,0,0
749851,25d82b45-34c1-48a8-5db8-a419e4c2a6d0,1,723719,723764,749851,739340,26087,26132,45,0,0,0
749829,073c2a57-4bb9-9842-bce4-5ab0541570fd,1,723749,723764,749829,762306,26065,26080,15,0,0,0
749884,cfefc588-6327-3e3c-c231-25d9c8032ef2,1,723707,723764,749884,759181,26120,26177,57,0,0,0
749899,3aab3e68-2251-8f8f-d280-85ab43a3f4c6,1,723833,723833,749899,745731,26066,26066,0,0,0,0
750021,2b17a985-692f-6cdd-62bd-6cf36b2cd21c,1,723869,723893,750021,738485,26128,26152,24,0,0,0
750165,3cf44a95-5abe-e9de-77a3-9803739d180d,1,723950,723953,750165,754155,26212,26215,3,0,0,0
750170,ec1304a1-a4a8-c280-b981-f5fa74b5685b,1,723969,724013,750170,757354,26157,26201,44,0,0,0
750877,6b3e1a74-3b14-7676-f19a-51912183e263,1,724814,724847,750877,754606,26030,26063,33,0,0,0
750884,13f668e3-d9d0-e3d8-0838-c26dc8e2ac45,1,724826,724847,750884,738249,26037,26058,21,0,0,0
750985,7ac845a0-444b-fe3a-7e22-5dd603de98c5,1,724792,724847,750985,745657,26138,26193,55,0,0,0
751022,fccf9a32-1402-5a40-c49f-9de37331e83a,1,724809,724847,751022,748688,26175,26213,38,0,0,0
751306,638151f1-f5ee-118a-00f0-d199c6b63e70,1,725194,725195,751306,751565,26111,26112,1,0,0,0
751379,ca10e38f-278d-8a10-5963-5d2b2c8ab416,1,725218,725255,751379,749439,26124,26161,37,0,0,0
751500,734cf9e5-6418-bd4e-5898-e9f4a0b9340d,1,725316,725375,751500,747480,26125,26184,59,0,0,0
751516,74b887df-d88a-b5a2-2ded-fd48a06950fc,1,725228,725255,751516,754982,26261,26288,27,0,0,0
752109,b34d0873-1449-c759-c5c9-fffc452bf2e0,1,726067,726068,752109,748491,26041,26042,1,0,0,0
752157,b28d00c1-8b27-ff97-02d1-bceec042191d,1,726035,726068,752157,758185,26089,26122,33,0,0,0
752235,57c629ef-4ee3-9440-362b-b5fd66714c7c,1,726068,726068,752235,760529,26167,26167,0,0,0,0
752340,b18ca6d6-1a3e-24b1-dee4-beb73b48e29a,1,726053,726068,752340,752775,26272,26287,15,0,0,0
752512,4ecaac58-849f-8084-0172-62a616defbb0,1,726455,726455,752512,740091,26057,26057,0,0,0,0
752605,6b412fd0-7eaf-be2c-5e5a-3a4e3aba872f,1,726541,726575,752605,764126,26030,26064,34,0,0,0
752711,c3a72773-c36e-8852-a871-e0fe7372b3af,1,726519,726575,752711,750890,26136,26192,56,0,0,0
752801,4f07b2fc-462b-f582-5fda-045ab92deacb,1,726529,726575,752801,764775,26226,26272,46,0,0,0
753683,f563bc5a-e935-050f-ba1f-b7a1b74768be,1,727600,727600,753683,743966,26083,26083,0,0,0,0
753898,c52ea6ab-2bf1-d7ce-3804-c797eaf02936,1,727744,727744,753898,748373,26154,26154,0,0,0,0
753978,c9e891e2-efe4-a16b-b240-5094cdefe4f3,1,727829,727864,753978,741376,26114,26149,35,0,0,0
754003,843f9271-3714-32e2-b5a8-7107777c32a2,1,727871,727924,754003,757062,26079,26132,53,0,0,0
798083,f6b0753c-b122-4323-70dc-5fb0dbfade6b,1,771914,771945,798083,787925,26138,26169,31,0,0,0
798088,584e8b2d-e02e-81b6-19fa-4011106fec0a,1,771885,771885,798088,805043,26203,26203,0,0,0,0
798166,471b168a-e36d-921a-0671-0a04b96657c0,1,771900,771945,798166,800802,26221,26266,45,0,0,0
798311,a9ef2397-a604-8874-f621-bc1e75ff9050,1,772200,772202,798311,790870,26109,26111,2,0,0,0
798384,148649b4-1074-db5f-504c-4229febbfcfa,1,772273,772273,798384,808093,26111,26111,0,0,0,0
798428,b3469eba-f99d-7cb4-daa0-20f6a5fbdaa4,1,772142,772142,798428,787458,26286,26286,0,0,0,0
798682,da89622f-9eb4-8f12-4251-cfaaf9edbe61,1,772521,772521,798682,809155,26161,26161,0,0,0,0
798721,aec4a738-436b-1738-2227-b8de59a9e6bd,1,772548,772581,798721,791391,26140,26173,33,0,0,0
798767,4aaa6e62-0c18-4fec-cf82-0ab6de3d474e,1,772548,772581,798767,801428,26186,26219,33,0,0,0
799084,bc4a15ae-8907-2faa-d598-f4101e4e3bc5,1,772783,772783,799084,799966,26301,26301,0,0,0,0
799137,87904407-826d-bd63-66fc-5ee11edb624e,1,772880,772880,799137,808697,26257,26257,0,0,0,0
799224,1685c144-6984-03dd-18c8-f112b765826e,1,772880,772880,799224,804554,26344,26344,0,0,0,0
799446,7554ded9-d6dd-8048-baf3-b0d22d5f64a6,1,773261,773261,799446,809071,26185,26185,0,0,0,0
799566,68e2378d-4980-5d4e-79c3-013e39e16a36,1,773438,773438,799566,787995,26128,26128,0,0,0,0
799789,2d7cdf60-b44d-16ad-2764-aac110051c5a,1,773601,773601,799789,798155,26188,26188,0,0,0,0
799832,2ab7be8d-444a-48bb-1041-0c888eff8e10,1,773615,773661,799832,807736,26171,26217,46,0,0,0
799845,b8a63af8-f2e5-6d66-3b05-88570975f1e1,1,773749,773749,799845,799850,26096,26096,0,0,0,0
799988,4244e357-e0ed-4d41-6792-3f8a2971b7d7,1,773872,773872,799988,789949,26116,26116,0,0,0,0
800144,380eb464-00a7-69e5-609a-6d80395a8278,1,773999,773999,800144,805314,26145,26145,0,0,0,0
800197,3bd3c51a-7844-4003-1eab-95fa00d7f036,1,774068,774068,800197,793977,26129,26129,0,0,0,0
800349,3150b0d2-6237-7e6e-d948-4dfca12ff1e8,1,774090,774128,800349,792274,26221,26259,38,0,0,0
800581,19790227-e515-038d-e840-1a91cf701cc4,1,774390,774390,800581,809558,26191,26191,0,0,0,0
800694,5dd07abc-8364-310d-dcf8-2a9efe7a2928,1,774620,774644,800694,797829,26050,26074,24,0,0,0
800718,be90057b-cc4c-5d5c-00d1-f523aed70da6,1,774584,774584,800718,791444,26134,26134,0,0,0,0
800837,8848941f-ff89-0b0d-dd00-3654c4fa81ab,1,774685,774704,800837,808900,26133,26152,19,0,0,0
801170,3cf2870b-5928-bc80-2412-8b885e6690a8,1,774822,774822,801170,791810,26348,26348,0,0,0,0
801216,18cbbf9c-eaba-048b-9c6a-802eeae76008,1,775046,775099,801216,792928,26117,26170,53,0,0,0
801288,697e71dc-c683-4ef9-5192-194431bd8d46,1,775059,775099,801288,794740,26189,26229,40,0,0,0
801328,2b722bdb-dc37-b844-e65a-e7ad27f759f0,1,775039,775039,801328,799363,26289,26289,0,0,0,0
801465,fe0d138e-18fe-5d54-123d-5742331e5173,1,775241,775279,801465,799901,26186,26224,38,0,0,0
801475,57d04bd6-4e3b-8453-9c3c-e20c190ef2dd,1,775346,775346,801475,808868,26129,26129,0,0,0,0
801586,fc573b72-d938-399c-10bb-0fa54cfbe334,1,775176,775219,801586,813841,26367,26410,43,0,0,0
801591,b85b5737-354e-1ca5-0d08-be916e80ab0b,1,775415,775466,801591,793353,26125,26176,51,0,0,0
801621,c6cbe354-2bec-6f35-1a36-29b36e5da5ff,1,775442,775466,801621,793491,26155,26179,24,0,0,0
801822,6efaf5d8-670e-ae2e-4a5b-7a2bd77095dd,1,775686,775732,801822,809064,26090,26136,46,0,0,0
801912,2a6a4fee-a82d-cc81-b7a4-a30dd5ab8522,1,775672,775672,801912,795753,26240,26240,0,0,0,0
802222,bbd5cc2e-cd16-fbc0-4352-66dcb7a1ad9d,1,776137,776137,802222,806345,26085,26085,0,0,0,0
802818,97a005c5-4255-2aee-3831-fd5830cd3dcb,1,776637,776637,802818,812626,26181,26181,0,0,0,0
802888,9de76d9e-e044-c543-e3c9-b275600795ab,1,776654,776697,802888,809132,26191,26234,43,0,0,0
802957,c4378a22-38f5-0cf2-2559-fa56dd0a88d4,1,776784,776784,802957,796804,26173,26173,0,0,0,0
802993,9bcc2ba7-54fb-f0f2-a1a5-2df28f8cec3d,1,776830,776844,802993,793330,26149,26163,14,0,0,0
803333,7ab46bb1-3df5-3212-a8fb-7f2d4379eab8,1,777252,777252,803333,810167,26081,26081,0,0,0,0
803473,d0b693b8-3d58-e046-2ac5-389cfd864100,1,777257,777312,803473,803256,26161,26216,55,0,0,0
803487,b6d2b775-8057-fcd6-7e8c-8d6d98642107,1,777343,777372,803487,797406,26115,26144,29,0,0,0
803506,dc3cd753-679b-180a-782b-2e6d4f95db47,1,777391,777432,803506,810587,26074,26115,41,0,0,0
803679,68b4b79b-1360-fffc-b2fc-be429d4a334e,1,777498,777552,803679,810446,26127,26181,54,0,0,0
803807,f18a6a4b-188a-7900-315a-4a15da940410,1,777754,777765,803807,803347,26042,26053,11,0,0,0
804169,f4239ff7-2744-7785-1115-d81cabceff7c,1,777856,777856,804169,803556,26313,26313,0,0,0,0
804504,78d3a58e-d5e7-962f-4d3c-7a1f4714c96b,1,778446,778474,804504,804969,26030,26058,28,0,0,0
804613,04bf7c91-7dc2-255e-9101-f70dc74f0947,1,778517,778534,804613,803214,26079,26096,17,0,0,0
804619,f7bcadeb-c536-e8f0-b33a-a5faaef9ccf1,1,778477,778534,804619,792576,26085,26142,57,0,0,0
804745,7e175cdb-2448-f75f-5ec4-3df3aad312a3,1,778417,778474,804745,806626,26271,26328,57,0,0,0
804803,fde395a0-11c0-882a-daa0-e36c5b0d22a3,1,778420,778474,804803,817164,26329,26383,54,0,0,0
804908,75e478e6-69ba-cf2f-1483-b6c22e5c8e06,1,778713,778721,804908,807225,26187,26195,8,0,0,0
814912,caa65ccc-a442-3c95-c469-b097aa414973,1,788906,788921,814912,806679,25991,26006,15,0,0,0
815426,85cf049f-7d64-56bc-ab98-58fd1d0f8c0e,1,789426,789426,815426,803859,26000,26000,0,0,0,0
815474,4c93cb6e-4cda-a868-3ae3-25621693463f,1,789520,789520,815474,807508,25954,25954,0,0,0,0
815918,493582db-c3b9-9eb4-0b09-57bd5307569f,1,789990,789990,815918,807826,25928,25928,0,0,0,0
815993,81862266-db96-7418-d58b-c8bff9fbbb4a,1,790067,790067,815993,825478,25926,25926,0,0,0,0
816288,984ff547-5df8-64c7-cd7f-2a16b249b71f,1,790428,790428,816288,817184,25860,25860,0,0,0,0
816670,43221de3-379a-caf9-700d-9cd5dc6952a0,1,790693,790693,816670,804699,25977,25977,0,0,0,0
816788,4cfbc356-8316-2c6e-29a3-6ac77a87610a,1,790707,790753,816788,826464,26035,26081,46,0,0,0
817056,3421b022-1dae-f6c6-48fd-e3e1365a48ff,1,791019,791019,817056,821042,26037,26037,0,0,0,0
817152,b39e34fc-5efc-4cfe-f920-7c8b9dbf89f8,1,791180,791180,817152,807991,25972,25972,0,0,0,0
817311,577247d0-babc-e79c-2fc1-d009413c4c37,1,791182,791240,817311,806310,26071,26129,58,0,0,0
818651,3cd6a2ed-d37a-e570-ad25-d105f71e6ee2,1,792681,792681,818651,814373,25970,25970,0,0,0,0
819207,9e14253d-91d1-9271-a765-86c2dafd1697,1,793241,793241,819207,809973,25966,25966,0,0,0,0
819624,2af95850-e6f6-3d52-1546-83a5d8005837,1,793649,793649,819624,826869,25975,25975,0,0,0,0
820468,b6b54915-58f3-b1ec-3d93-3142bb859b33,1,794344,794344,820468,808216,26124,26124,0,0,0,0
820631,4946cd9d-58d4-4587-2dc0-069ee1c49d0e,1,794448,794499,820631,829378,26132,26183,51,0,0,0
820740,59f99568-2f5a-e7b1-0592-1575966e96c6,1,794722,794722,820740,809869,26018,26018,0,0,0,0
875554,1bcc091d-0041-1108-911f-61d2fabdabbe,1,849509,849509,875554,876254,26045,26045,0,0,0,0
875619,1d354a74-6a15-82ce-9ec4-3f4002b12668,1,849409,849409,875619,877570,26210,26210,0,0,0,0
876044,7f4b65d6-962f-0352-9811-c8a94c2deda9,1,850040,850040,876044,870521,26004,26004,0,0,0,0
876862,e2880ee0-7f5a-7c2d-6d92-dc3142e5896c,1,850816,850816,876862,874261,26046,26046,0,0,0,0
876949,ead0282f-3349-de0b-c09b-aad7065bbec4,1,850908,850908,876949,876818,26041,26041,0,0,0,0
877022,471b2839-190a-7fe6-95e8-d04628286bc7,1,850966,850968,877022,879294,26054,26056,2,0,0,0
877065,64d2a7f4-3520-7237-6fec-f8734c6b547d,1,850922,850968,877065,885831,26097,26143,46,0,0,0
877044,5b544da2-0111-d20c-49ba-416ce602d3f6,1,851000,851028,877044,880060,26016,26044,28,0,0,0
877272,413cda92-193c-1ad6-4262-65131cfe9e24,1,851168,851168,877272,871014,26104,26104,0,0,0,0
877314,8d3d9b14-4450-0a98-2053-621b733252de,1,851169,851228,877314,887981,26086,26145,59,0,0,0
877436,19fc05eb-0967-576c-553f-36d65daa5c71,1,851241,851288,877436,872244,26148,26195,47,0,0,0
877463,95d7514f-3f77-2a4e-e35f-760325d943da,1,851299,851348,877463,867616,26115,26164,49,0,0,0
877472,d5943712-7c6d-931c-e1fc-a01bd97c50c0,1,851353,851408,877472,875283,26064,26119,55,0,0,0
877496,034b8f18-7102-3013-9ad1-01b1d1ff6208,1,851354,851408,877496,879871,26088,26142,54,0,0,0
877491,a8653e07-e2ac-bd0a-0a64-cde794709eab,1,851363,851408,877491,881922,26083,26128,45,0,0,0
877524,183944d8-2136-b848-958e-9b5969a6b8ca,1,851382,851408,877524,888325,26116,26142,26,0,0,0
877533,78551007-0939-d8c8-b62a-8af66d9e0b39,1,851414,851468,877533,886863,26065,26119,54,0,0,0
877569,a524a769-8484-312a-a2ab-97ffe1af3215,1,851425,851468,877569,885557,26101,26144,43,0,0,0
877611,117babd6-1106-6702-ed6c-fd7734c051d2,1,851414,851468,877611,876857,26143,26197,54,0,0,0
877682,d3a36feb-5113-05dc-9843-138c51a9f5b0,1,851365,851408,877682,876684,26274,26317,43,0,0,0
877644,c3cf3a48-a614-2232-4786-49891542288d,1,851476,851528,877644,877791,26116,26168,52,0,0,0
877776,7923e58e-f47a-1f9a-d7af-1b53ba34e69f,1,851474,851528,877776,872735,26248,26302,54,0,0,0
877916,ab433357-009b-d6e9-d1ab-a295c2bed367,1,851828,851828,877916,865965,26088,26088,0,0,0,0
877979,b4fc9228-3e5c-4796-a9e1-be00674aee26,1,851889,851889,877979,871705,26090,26090,0,0,0,0
878121,8eb0af91-73b7-852c-ddf5-8bbda9120652,1,851984,851984,878121,886685,26137,26137,0,0,0,0
878269,d2329de0-7969-e3af-d650-c9dba029210b,1,852188,852188,878269,873679,26081,26081,0,0,0,0
878513,547eeb01-6769-8cc9-eecb-496240c90686,1,852455,852455,878513,877239,26058,26058,0,0,0,0
879145,09f2bd97-8948-1fd6-e1e9-6fdaca72b1e0,1,853033,853033,879145,890777,26112,26112,0,0,0,0
879368,f5dfc682-51d6-04db-66f7-8fbfa111b51c,1,853154,853154,879368,886712,26214,26214,0,0,0,0
879958,de4cf808-7161-04a5-d755-bdd71fc0d8ca,1,853817,853817,879958,882083,26141,26141,0,0,0,0
880018,47964805-6f81-cedb-8d60-8c4bb7f52d23,1,853884,853937,880018,882514,26081,26134,53,0,0,0
880105,2defaed8-9664-a3af-a2b3-ba0c82291a65,1,853912,853937,880105,870475,26168,26193,25,0,0,0
880142,14762b21-9719-1f70-56c4-986fb6f1b3cb,1,853861,853877,880142,877186,26265,26281,16,0,0,0
880207,0482faeb-210a-f34f-13fc-28b7da3f8f60,1,854010,854057,880207,887775,26150,26197,47,0,0,0
880226,0269e915-2008-42c8-8997-69d612ff41ae,1,853986,853997,880226,870913,26229,26240,11,0,0,0
880321,5ef87e6b-437c-65ba-0482-a79e681a11e1,1,854066,854117,880321,867728,26204,26255,51,0,0,0
880299,bc1b0ba7-2eb8-54c0-7a71-780ea1b276c9,1,854221,854237,880299,888301,26062,26078,16,0,0,0
880531,7d101990-50ac-b48a-353e-5de4a9cb52c4,1,854372,854372,880531,879468,26159,26159,0,0,0,0
880548,9d3b0e93-d3cb-55e4-6c10-7ac563d742d7,1,854395,854432,880548,880865,26116,26153,37,0,0,0
880721,da695b09-69f8-e6e9-35ab-963c2c5ec803,1,854602,854612,880721,882065,26109,26119,10,0,0,0
880750,02c244b0-153a-7304-9113-a902ea2d6046,1,854642,854672,880750,870278,26078,26108,30,0,0,0
880838,9160adbf-a90e-8d48-d43d-25072ecc7ed5,1,854725,854732,880838,883384,26106,26113,7,0,0,0
880803,4f24d74a-f2ff-a797-d6b5-c3d740652405,1,854742,854792,880803,884868,26011,26061,50,0,0,0
880990,c1c9ee7d-aeb7-5709-6783-799c6aeea7e7,1,854743,854792,880990,875295,26198,26247,49,0,0,0
881467,3f4c0d5e-6f86-5bfe-6b4c-ade871576d32,1,855418,855418,881467,892946,26049,26049,0,0,0,0
882341,54895d64-f8b5-a4f6-620d-53f23b12e490,1,879741,879741,882341,883069,2600,2600,0,0,0,0
882378,05197ea4-b1b5-7216-dff9-4216e6a83e11,1,879743,879801,882378,882933,2577,2635,58,0,0,0
885636,d5e155b9-9e20-ef16-a246-4b1012592fa3,1,873115,873115,885636,888115,12521,12521,0,0,0,0
886344,4d8eaa6f-83fa-d24c-8051-ce735ab75004,1,873919,873946,886344,888700,12398,12425,27,0,0,0
886394,862dc970-4cf7-68d1-4601-2183b22ad044,1,873951,874006,886394,885989,12388,12443,55,0,0,0
886412,706d85d6-00d0-7402-43e7-65c8323b9b21,1,873886,873886,886412,888429,12526,12526,0,0,0,0
886410,dc0ab88e-9ebf-d4fb-955c-fee69e9e9444,1,873982,874006,886410,890586,12404,12428,24,0,0,0
886470,b72f2c3a-23d6-26cb-37cf-be947b3cc676,1,874086,874086,886470,888973,12384,12384,0,0,0,0
886677,10750ca2-0d21-4f17-f026-62310a8e820d,1,781545,781545,886677,909686,105132,105132,0,0,0,0
886752,d2136226-8b53-6dd0-55a4-4e5e41618656,1,874330,874374,886752,880606,12378,12422,44,0,0,0
887413,58bf3df2-c021-6984-d28e-787f64d0bc50,1,780732,780788,887413,924472,106625,106681,56,0,0,0
887557,1fbbc2c6-d663-ab0b-935d-d7f10f868fe2,1,783530,783578,887557,882732,103979,104027,48,0,0,0
887620,45e38d54-513c-e21b-a4a3-2338f5f4bfc5,1,783460,783518,887620,836388,104102,104160,58,0,0,0
888165,053aff9a-1cae-99b6-1bbb-58ec91a4db0f,1,782468,782480,888165,889881,105685,105697,12,0,0,0
888371,38b7a783-1a55-a1c1-e614-a78ba8efe664,1,862350,862350,888371,883545,26021,26021,0,0,0,0
888442,f367f1af-f3a7-fdd2-bb27-5e971e7e38af,1,862372,862410,888442,897960,26032,26070,38,0,0,0
888514,ab10d0a5-b4f9-8296-54bb-164a8265f93d,1,862354,862410,888514,888940,26104,26160,56,0,0,0
888640,f39551c8-8cb3-7764-635d-617accf4686a,1,862372,862410,888640,885121,26230,26268,38,0,0,0
889893,e4dc377f-8e3d-912b-4662-0e538c9710fa,1,863878,863878,889893,889926,26015,26015,0,0,0,0
890003,20cb514e-1b16-6ae5-6e98-7e556f6a1ebf,1,863970,863970,890003,891758,26033,26033,0,0,0,0
890012,6e8db18c-0461-6e86-0f2c-da12ed516e61,1,863970,863970,890012,882201,26042,26042,0,0,0,0
890044,b4b50460-c92b-da68-e0b1-8b290ff49237,1,863979,864030,890044,878396,26014,26065,51,0,0,0
890455,dba25893-e321-13cd-f15a-b10cb0bb85f4,1,864309,864309,890455,886673,26146,26146,0,0,0,0
890643,c8a35f1c-9a0a-2b9d-2fb9-259f565aa1e9,1,864546,864546,890643,882666,26097,26097,0,0,0,0
890716,32402d5e-1a17-6fd0-a082-c02672b56c69,1,864605,864606,890716,889966,26110,26111,1,0,0,0
890739,9bfbe83d-f0ad-1bb1-69fb-c052234de2de,1,864681,864681,890739,898999,26058,26058,0,0,0,0
891051,cb709ec5-1d58-77fe-2dc2-c2d9212a9224,1,781407,781420,891051,927197,109631,109644,13,0,0,0
891569,59e5f59d-135d-3cf8-0689-6bdd8e7a68c5,1,865318,865318,891569,896348,26251,26251,0,0,0,0
891842,e94211bd-c164-8110-e50e-fdeded0cda43,1,865350,865378,891842,887037,26464,26492,28,0,0,0
891920,ce798090-5d6b-ae28-02b4-a0e861080dcc,1,865721,865729,891920,901680,26191,26199,8,0,0,0
892106,9eefe50d-2ed8-7dd4-cc91-03bbc518d5f0,1,866116,866116,892106,879318,25990,25990,0,0,0,0
892160,1c393ff3-afa3-041e-bbcc-48bc8b662cb7,1,866134,866176,892160,889307,25984,26026,42,0,0,0
892143,e25cf514-f90a-c201-8d53-2e88ff37c5a4,1,866167,866176,892143,897613,25967,25976,9,0,0,0
892199,f9dc2131-5b57-e7f2-e879-d48dce0333f7,1,781322,781360,892199,874383,110839,110877,38,0,0,0
892498,3c6a7b99-a7d0-93ad-3b8e-d1d2a08ef2b2,1,866473,866473,892498,885413,26025,26025,0,0,0,0
893066,03ba4c5d-fe3b-8711-2244-e4909038b60b,1,867045,867045,893066,880337,26021,26021,0,0,0,0
893125,e01f2d89-fdb8-fe48-87df-cc39293aa0cc,1,867063,867105,893125,902096,26020,26062,42,0,0,0
893496,6d8107a6-7eb6-f4c6-4c47-703e647195b9,1,867501,867501,893496,895863,25995,25995,0,0,0,0
893700,416d3703-62e6-7326-62b9-f967de0663a5,1,867627,867684,893700,899757,26016,26073,57,0,0,0
893916,00f5f5a6-0310-8efe-dfba-142fe75583f5,1,867908,867921,893916,883137,25995,26008,13,0,0,0
894238,f732ca13-96f6-17c6-e4e3-d8399547a997,1,781240,781240,894238,874192,112998,112998,0,0,0,0
894790,847c6342-f919-3577-277e-82757c2fac6f,1,781013,781028,894790,895113,113762,113777,15,0,0,0
895686,4782d4f4-82a7-f23d-0838-f55341f6ddd0,1,781162,781175,895686,912217,114511,114524,13,0,0,0
896045,eb61650a-9e47-e421-9017-916cc7eed6b9,1,783603,783638,896045,901682,112407,112442,35,0,0,0
896881,60755ac2-d3d3-aa6d-ac67-e94559ec7109,1,780790,780848,896881,932766,116033,116091,58,0,0,0
897830,60b4fc7e-2dc4-e848-b318-7e8f6afe39bf,1,780944,780968,897830,905043,116862,116886,24,0,0,0
905636,5fe5fa3c-637d-0cad-85c7-3b5481ed1a76,1,780356,780356,905636,936706,125280,125280,0,0,0,0
908347,71035981-5287-ee94-b7a5-265b3e8c1428,1,780641,780668,908347,942736,127679,127706,27,0,0,0
908438,6666cfca-699a-7823-ea5a-a52ed75b2c4e,1,780423,780423,908438,896863,128015,128015,0,0,0,0
908534,d4401756-efba-6e8a-6a0a-ef9514406079,1,780561,780608,908534,866511,127926,127973,47,0,0,0
909295,dbb157c2-ecd6-438c-1756-eb9f3df4539b,1,781475,781480,909295,848415,127815,127820,5,0,0,0
909842,8f493cb1-568d-d8c8-2d34-0a5cc2038132,1,781693,781715,909842,955074,128127,128149,22,0,0,0
910874,32be4d13-5814-eff5-fd40-5110c72d7e4b,1,780488,780488,910874,884003,130386,130386,0,0,0,0
914813,0966fe79-adab-049a-3cf2-a2b3ad169a70,1,781778,781778,914813,951931,133035,133035,0,0,0,0
917084,c2a97701-039d-cb78-929c-3ea0c27013e6,1,780879,780908,917084,967886,136176,136205,29,0,0,0
932235,a8aa1e64-bf68-90e5-3d1d-7f4418225cb0,1,919619,919619,932235,929279,12616,12616,0,0,0,0
932250,80c424cc-3a7e-4e41-e96f-dc58c3943892,1,919622,919679,932250,928024,12571,12628,57,0,0,0
932291,07136255-7e20-d665-a97a-8e487161449d,1,919738,919739,932291,929438,12552,12553,1,0,0,0
932260,b6c831d9-5230-5072-cd32-069ff05bf388,1,919801,919801,932260,934332,12459,12459,0,0,0,0
932301,7a304b51-fc59-4def-8959-23a0ec321bcc,1,919721,919739,932301,934303,12562,12580,18,0,0,0
932432,742ccfe1-88ba-c03d-3ff3-94a3b508b618,1,919943,919943,932432,936240,12489,12489,0,0,0,0
932551,75394265-9a1a-8606-c28d-0956a8fddea8,1,920020,920020,932551,929547,12531,12531,0,0,0,0
932659,23adb501-0271-5b1b-b828-835505231c22,1,920114,920114,932659,936544,12545,12545,0,0,0,0
932866,6c222fb2-0437-be61-a4ea-39bfdb52fe76,1,920307,920307,932866,935486,12559,12559,0,0,0,0
932906,6fa52f0b-4e73-541a-4e40-4542ca9c5a34,1,920332,920367,932906,935783,12539,12574,35,0,0,0
933330,fd791eee-bbd2-0beb-02c9-e36033bd0d99,1,920766,920766,933330,936072,12564,12564,0,0,0,0
933429,51a847c1-5a42-ca2c-678d-f17786be136d,1,920920,920920,933429,928376,12509,12509,0,0,0,0
933535,1efef6b9-1a42-1c38-ae10-fb4ebf04367c,1,921016,921016,933535,938580,12519,12519,0,0,0,0
933696,3f0266d2-a163-9056-b946-10850c11bb35,1,921157,921157,933696,935510,12539,12539,0,0,0,0
933753,a9969d43-5db3-41de-1430-44c08af7fddb,1,921279,921279,933753,931316,12474,12474,0,0,0,0
933844,18a34488-54b4-2628-ab79-7db420d998a5,1,921341,921399,933844,933332,12445,12503,58,0,0,0
933847,2c77a882-e3b0-f7be-19ef-22770a0b2d32,1,921318,921339,933847,929377,12508,12529,21,0,0,0
934008,9396d037-d9e4-448b-cdb7-7a861e9421ce,1,921452,921459,934008,936373,12549,12556,7,0,0,0
934094,675a3dc3-f9d0-03ba-9781-9ba81a32b9fb,1,921458,921459,934094,940030,12635,12636,1,0,0,0
934177,c4d5921d-89da-f414-c79b-43e02baa8ff9,1,921650,921650,934177,928091,12527,12527,0,0,0,0
934193,3f7fe9ac-2581-2896-24c2-fe1490fb1840,1,921653,921710,934193,938860,12483,12540,57,0,0,0
934218,ee0db022-cac7-2216-560b-d2e303c53711,1,921676,921710,934218,939944,12508,12542,34,0,0,0
934369,fec2e065-7f10-4698-7f39-777b3e9cd3bf,1,921862,921862,934369,935760,12507,12507,0,0,0,0
934799,e2ea5e58-5d61-a87c-ee81-1ee6dc4410f8,1,922250,922250,934799,933524,12549,12549,0,0,0,0
934889,175dc68c-35f6-1987-f535-e1d3ad53ba64,1,922392,922392,934889,933447,12497,12497,0,0,0,0
934986,aad9cb14-c506-f5b6-939a-f154574acd7a,1,922406,922452,934986,933795,12534,12580,46,0,0,0
935000,fb3075ee-e114-ae0a-7475-64f4e79e8571,1,922423,922452,935000,941014,12548,12577,29,0,0,0
935464,b2091fca-1161-8dc5-8fea-e0b7bf2fc159,1,922866,922866,935464,937664,12598,12598,0,0,0,0
935471,49ee3695-f83f-d55e-112e-51a3209e1719,1,922873,922926,935471,929326,12545,12598,53,0,0,0
935526,ed04d8fa-5c87-7622-214d-f0e74fc7a006,1,922972,922986,935526,929912,12540,12554,14,0,0,0
935548,e5057071-932f-8d84-1318-85081ad7587c,1,922868,922926,935548,930498,12622,12680,58,0,0,0
935569,bee51373-4560-6a76-08df-2ceb6c7af7d0,1,922968,922986,935569,939795,12583,12601,18,0,0,0
935647,2d9c7a96-2a28-2ce9-f7be-4d9383bf4b9f,1,922968,922986,935647,934629,12661,12679,18,0,0,0
935615,e952fb1b-d2bd-4b46-7ff2-4d200898dbeb,1,922997,923046,935615,936360,12569,12618,49,0,0,0
935611,672f21e7-476e-7e41-e91f-5f834d06ff71,1,923127,923166,935611,936327,12445,12484,39,0,0,0
935641,b7084472-319f-7e04-107d-d2a242445cdc,1,923148,923166,935641,930494,12475,12493,18,0,0,0
935657,b03bd57e-1d27-d2a4-e739-5f217af26627,1,923157,923166,935657,936385,12491,12500,9,0,0,0
935692,68e557c1-7f58-fbdc-c2ca-0e310b4fced7,1,923086,923106,935692,934807,12586,12606,20,0,0,0
935666,c47c93f4-7067-0800-5302-de9e3fbd58c8,1,923160,923166,935666,934183,12500,12506,6,0,0,0
935810,551b950e-1264-f7b5-56dc-ac3ab6f104c0,1,923313,923318,935810,932021,12492,12497,5,0,0,0
935851,6bc6f5e3-b0e6-2b69-f725-2a1a5d1de162,1,923312,923318,935851,933967,12533,12539,6,0,0,0
936024,c4cf92b8-a016-86f3-822d-e6f07526ee87,1,923543,923543,936024,938653,12481,12481,0,0,0,0
936071,67abfda5-3d22-4398-c33f-15db7afd4dae,1,923596,923603,936071,938703,12468,12475,7,0,0,0
936237,d89044ef-8877-32dd-9b74-037402fc8511,1,923773,923783,936237,941894,12454,12464,10,0,0,0
936329,85f08afb-17a5-ba75-853c-0b6e45333050,1,923822,923843,936329,931022,12486,12507,21,0,0,0
936408,a0751034-6daf-42d8-201a-16193441b3dc,1,923887,923903,936408,934224,12505,12521,16,0,0,0
936426,3a0f32de-4ded-8ca5-e126-f058fae9567b,1,923952,923963,936426,937212,12463,12474,11,0,0,0
936469,df769ac4-d718-f6d0-342a-216f2bcc5c89,1,923913,923963,936469,932458,12506,12556,50,0,0,0
936517,523872bf-2cff-3f4f-0ab9-c1ae01211b37,1,924037,924037,936517,938374,12480,12480,0,0,0,0
936669,a5296766-fdc9-b52d-df4b-08ffb7d5d0cc,1,924161,924217,936669,942024,12452,12508,56,0,0,0
936699,ad63fab3-0a88-c529-986c-dc7424137215,1,924132,924157,936699,936526,12542,12567,25,0,0,0
936736,24bcd67f-8ce9-edb0-7b93-aa3baed563b9,1,924134,924157,936736,930824,12579,12602,23,0,0,0
936828,646ce69e-7d1e-61c1-12f0-132c229182fd,1,924311,924337,936828,941887,12491,12517,26,0,0,0
937024,fbda4bbe-da7f-24b3-ea69-6785fbd7870f,1,924510,924532,937024,935083,12492,12514,22,0,0,0
937096,e8b632ce-3176-7815-8435-69980c412c2d,1,924533,924592,937096,942081,12504,12563,59,0,0,0
946568,39f930ee-572e-f7e0-bfdf-8c1e9dd85ab2,1,934051,934068,946568,948467,12500,12517,17,0,0,0
946666,b8b249cf-e50d-ecaf-076f-df62186cab5b,1,934069,934128,946666,951825,12538,12597,59,0,0,0
946975,d873eb47-08c0-fc15-dec6-f21284fbd51f,1,934371,934429,946975,951812,12546,12604,58,0,0,0
947021,95180d43-af2a-5cb9-2f8d-2e1d9c99747f,1,934519,934519,947021,948850,12502,12502,0,0,0,0
947203,e2f8daa3-cdd6-397e-06c3-8f8fa1e1fb39,1,934686,934686,947203,946456,12517,12517,0,0,0,0
947257,a1914369-91dd-eecd-7d11-38f7084ba929,1,934788,934788,947257,951016,12469,12469,0,0,0,0
947635,3ea659e5-1a07-24c4-e6ce-d70fc3f6565e,1,935161,935161,947635,943035,12474,12474,0,0,0,0
947734,c7bb022e-5241-30a2-815b-078c9dea04ee,1,935419,935419,947734,946622,12315,12315,0,0,0,0
947777,d46b82d7-d1b5-73b3-6d85-a04f8bbbc89e,1,935326,935326,947777,947572,12451,12451,0,0,0,0
948114,3ca02be0-d001-3028-de0c-fae8aac83c13,1,935688,935719,948114,943991,12395,12426,31,0,0,0
948132,f0e78683-309a-5325-6104-4e236c816e7e,1,935576,935599,948132,942580,12533,12556,23,0,0,0
948127,e2f06e75-a075-8677-4ad8-74e81192f37c,1,935759,935779,948127,947114,12348,12368,20,0,0,0
948197,ce29e599-ac03-0767-2bfd-5e1d7b76df98,1,935676,935719,948197,948461,12478,12521,43,0,0,0
948548,168be813-0524-be7a-aeaa-b199a18cd021,1,936087,936144,948548,949993,12404,12461,57,0,0,0
948758,dcf42d50-4da0-5de1-ea90-a0c1328b94d0,1,936386,936389,948758,943997,12369,12372,3,0,0,0
949018,b0aa9be6-8eed-530f-7b21-4e6a2c93a5d3,1,936539,936569,949018,953414,12449,12479,30,0,0,0
949386,fb9efe73-4e62-0fa9-05f0-8ac668af5ea7,1,936886,936909,949386,946371,12477,12500,23,0,0,0
949485,79883039-6a73-158e-843d-bd5842d87905,1,936886,936909,949485,946842,12576,12599,23,0,0,0
949558,7ad65f33-ed3a-5de6-0ddc-b123815cc6a5,1,937040,937084,949558,954936,12474,12518,44,0,0,0
949570,f9805a3d-c453-a8c9-78c5-5ed1ebcf1583,1,937128,937144,949570,949188,12426,12442,16,0,0,0
949623,c65a85b5-bd4d-3eef-5c6f-19d87d648655,1,937108,937144,949623,954186,12479,12515,36,0,0,0
949682,b9f1f11a-a8df-8093-77d9-057667903bff,1,937151,937204,949682,945294,12478,12531,53,0,0,0
949714,ccdfb802-9ce5-b8ae-e9a4-f9c147708b8a,1,937171,937204,949714,954585,12510,12543,33,0,0,0
949684,bac22ea7-35e9-0ae4-8062-e1a4466292ba,1,937233,937264,949684,943759,12420,12451,31,0,0,0
949693,8724059f-1284-d5f9-2dbc-68db807d213a,1,937261,937264,949693,951431,12429,12432,3,0,0,0
950096,fc627496-2f9b-e915-c75f-7dbcf3f62a36,1,937589,937589,950096,949950,12507,12507,0,0,0,0
950275,2ebc130f-aad9-452e-b8c7-08affb392edc,1,937811,937811,950275,951450,12464,12464,0,0,0,0
950361,3fd2c5d6-0238-3577-ad22-f080192e0039,1,937978,937978,950361,951538,12383,12383,0,0,0,0
950505,d50cad0a-e404-4b33-98fe-060dc33b23ca,1,938062,938098,950505,949885,12407,12443,36,0,0,0
950524,94752f21-9f2c-199a-1fba-fb0d37b2d9f2,1,938106,938158,950524,956282,12366,12418,52,0,0,0
950577,1d39b0bf-e49a-654d-71c4-5794cd7264bb,1,938127,938158,950577,954679,12419,12450,31,0,0,0
958341,fc8e724e-418d-96ee-1e5c-4e127f56918d,1,957061,957090,958341,958752,1251,1280,29,0,0,0
958386,b5fbd304-44d3-a938-78d9-95cc899a4135,1,956645,956645,958386,958877,1741,1741,0,0,0,0
958432,062f4025-7f2a-5b65-3125-8cc1b90a28cf,1,957293,957330,958432,957828,1102,1139,37,0,0,0
958542,96fd9a95-ef41-c8e1-1129-3bb2f4ea721f,1,957381,957390,958542,958454,1152,1161,9,0,0,0
958552,f5f423eb-5e45-338e-843e-32f3f9a31315,1,957430,957450,958552,958866,1102,1122,20,0,0,0
958672,8fbb8e3d-3741-2376-79a0-d4fe488e0d76,1,957577,957630,958672,958229,1042,1095,53,0,0,0
958726,acea0ac2-3145-818e-1682-486f3deffc54,1,957481,957510,958726,958616,1216,1245,29,0,0,0
959010,67adffd3-502e-b394-6352-66fb697414c1,1,957944,957944,959010,958567,1066,1066,0,0,0,0
959206,9cb37962-5f6f-bdc1-a531-1698f17a4577,1,957360,957390,959206,958660,1816,1846,30,0,0,0
959245,9c83c74f-eeba-fb57-4698-80a87590596a,1,957787,957787,959245,959745,1458,1458,0,0,0,0
959450,4f8ba5a8-fb8e-9f47-4137-ef500252a741,1,957392,957450,959450,959445,2000,2058,58,0,0,0
959471,8bfc5f16-92eb-0c8b-e5ed-63d0a0aea2fc,1,958222,958222,959471,959652,1249,1249,0,0,0,0
959593,6be91c79-e7e7-b58c-34bb-5d9dcedb780f,1,957298,957330,959593,959105,2263,2295,32,0,0,0
959605,0e6aee1c-1eb1-7b70-588d-6c4be31c393a,1,958425,958462,959605,959425,1143,1180,37,0,0,0
959705,39ac9064-f4d3-40a4-a07a-4354bc5d543f,1,958615,958642,959705,959417,1063,1090,27,0,0,0
959765,737f7d07-bac2-f91d-37ca-0f3b0b50c4bb,1,957392,957450,959765,960550,2315,2373,58,0,0,0
959803,152e632f-d84b-11b6-acab-20f823cda311,1,958314,958342,959803,960081,1461,1489,28,0,0,0
959852,33c02855-e572-41c2-31a1-6da4f1c7db44,1,957550,957570,959852,960205,2282,2302,20,0,0,0
959866,eb24a407-41f9-e30e-61e9-da38f213671c,1,958788,958822,959866,960079,1044,1078,34,0,0,0
959893,f89d5bbc-4730-f5aa-e614-3d439c960733,1,957586,957630,959893,959747,2263,2307,44,0,0,0
960062,7bc97562-5cae-7736-db72-3291c5c984f4,1,957819,957847,960062,959595,2215,2243,28,0,0,0
960164,6d76a5b7-8003-4081-b151-3aa95de751d8,1,957793,957847,960164,960937,2317,2371,54,0,0,0
960146,59ac169c-5bf9-aa86-1bdf-6dc7529483e6,1,958975,958975,960146,959670,1171,1171,0,0,0,0
960277,045c0c15-6b8a-816d-f955-0144fe640051,1,958470,958522,960277,960302,1755,1807,52,0,0,0
960384,e37a4771-a1ef-134e-f594-b373a122fc19,1,958227,958282,960384,960613,2102,2157,55,0,0,0
960710,626ed105-86ec-205c-bccb-bdf5ccd5d1d1,1,958707,958762,960710,959816,1948,2003,55,0,0,0
960857,de953118-8e56-221d-542b-50e8cedec18f,1,958475,958522,960857,960861,2335,2382,47,0,0,0
960925,8f21cc04-ceb7-9f5c-5961-53d807af536e,1,958693,958702,960925,961391,2223,2232,9,0,0,0
961279,36a49f01-0ecf-ea9c-2ff0-7b5fcbed2099,1,958775,958822,961279,960995,2457,2504,47,0,0,0
961246,eb9c39ce-8a9d-3948-594f-f8c9b191f781,1,960061,960061,961246,961521,1185,1185,0,0,0,0
961658,016ae6c5-30a4-4dd4-06bf-4d93deae7937,1,960221,960241,961658,961982,1417,1437,20,0,0,0
961730,48ef90a3-3e42-89ce-2ad7-637807370d10,1,959853,959870,961730,962513,1860,1877,17,0,0,0
962339,8696465d-aa80-e0b8-9d8d-ac2801d2df83,1,960128,960181,962339,962246,2158,2211,53,0,0,0
962557,062e2f6b-5ba7-97f1-826d-efc82d5c5a12,1,960236,960241,962557,962566,2316,2321,5,0,0,0
962937,2ed0dbcc-4868-188d-ff99-d4350cfba1b0,1,960223,960241,962937,961967,2696,2714,18,0,0,0
969718,870d537f-6033-6970-548f-9cc9492aa483,1,957076,957090,969718,972224,12628,12642,14,0,0,0
969792,c9f39a50-44b8-d1f4-fda3-0c670f5f80fe,1,957148,957150,969792,967573,12642,12644,2,0,0,0
969843,3738c219-91e0-feed-764b-63d9a48c6675,1,956909,956909,969843,968310,12934,12934,0,0,0,0
969826,16a9363a-2e2a-8fe9-e004-bc971b21deb7,1,957030,957030,969826,971607,12796,12796,0,0,0,0
969851,28437701-e8d9-ddde-be51-7fc09aecca90,1,957149,957150,969851,968575,12701,12702,1,0,0,0
969863,8734beb2-4489-6845-f83b-f59c93105e39,1,957168,957210,969863,972077,12653,12695,42,0,0,0
969882,d4a6fdc0-ebb0-a11e-127f-0e570916bf8f,1,957155,957210,969882,972542,12672,12727,55,0,0,0
969974,2860c0db-38aa-e51b-48a2-8366791fb174,1,957251,957270,969974,966392,12704,12723,19,0,0,0
969968,b510a159-073c-972b-7c5a-dcd92162fa1f,1,957423,957450,969968,971840,12518,12545,27,0,0,0
970022,58d1ba69-72cf-2736-ce82-7a50862528a1,1,957488,957510,970022,966244,12512,12534,22,0,0,0
970059,853d30f0-59bc-535e-6026-07c9ae61a622,1,957395,957450,970059,967398,12609,12664,55,0,0,0
970092,b2009fac-6701-ba45-928e-63426de1feb5,1,957429,957450,970092,970488,12642,12663,21,0,0,0
970065,b73c3d8c-49c4-b723-b879-3aa135d04be1,1,957468,957510,970065,976047,12555,12597,42,0,0,0
970078,476f9d95-1891-02ee-ae12-2118a93ab2f8,1,957521,957570,970078,973330,12508,12557,49,0,0,0
970061,1bf8593e-9a45-d692-25d5-7a77accfadff,1,957623,957630,970061,969416,12431,12438,7,0,0,0
970446,6d4435dc-eb3f-fae6-211a-4e347c40f68c,1,957799,957847,970446,974557,12599,12647,48,0,0,0
970989,d4d3ac9b-7103-17f7-0a50-dec4d5af56e6,1,958511,958522,970989,970946,12467,12478,11,0,0,0
971054,3cb82ec8-1cdf-cb3c-9236-ede077efe507,1,958508,958522,971054,969631,12532,12546,14,0,0,0
971056,37fdca4c-4972-628d-d245-75493fec2135,1,958481,958522,971056,969585,12534,12575,41,0,0,0
971097,ace1345a-ae20-0363-4d77-b32c41d6f9f2,1,958497,958522,971097,967732,12575,12600,25,0,0,0
971085,64500e9f-8070-9dc2-c18f-2986deda4502,1,958510,958522,971085,967921,12563,12575,12,0,0,0
971109,8cd8bca1-bbb5-d2de-2341-5fd03f9cda5b,1,958635,958642,971109,975550,12467,12474,7,0,0,0
971288,6c0bd8a0-7003-90b9-30f9-b3ba2f87d372,1,958792,958822,971288,970219,12466,12496,30,0,0,0
971652,7aaf8af6-9bab-b2e7-fd83-f6e5938040cd,1,959132,959132,971652,977086,12520,12520,0,0,0,0
971763,9257c4b2-740b-241a-8e6f-0f84f2c60aa1,1,959310,959326,971763,970501,12437,12453,16,0,0,0
972015,5200f6c1-a3d8-0c1e-0e36-b22f8b2d68a3,1,959592,959630,972015,970089,12385,12423,38,0,0,0
972016,e4352aed-c088-3a89-0a1e-fdbc52d261e0,1,959471,959510,972016,973715,12506,12545,39,0,0,0
972041,3da10147-53b5-cc62-fd92-445137790df2,1,959515,959570,972041,968936,12471,12526,55,0,0,0
972135,637d4926-2a48-6534-a094-fae9bb913dc0,1,959553,959570,972135,967250,12565,12582,17,0,0,0
972217,90014d65-6b3d-3122-64a9-a8e85f1a4839,1,959662,959690,972217,975949,12527,12555,28,0,0,0
972434,cfe236cc-d0e5-6fb5-5abc-66440ebaeaa6,1,959889,959930,972434,970260,12504,12545,41,0,0,0
972668,60320a7b-7ea6-87b2-484d-722d8a20e9d8,1,960205,960241,972668,968168,12427,12463,36,0,0,0
972728,359e2500-4d6c-8b33-82d5-4b3f9594e474,1,960246,960301,972728,970194,12427,12482,55,0,0,0
973010,cc6d0f8c-a37d-9504-7f21-8649f54edf30,1,960509,960541,973010,978340,12469,12501,32,0,0,0
973080,3527e689-af22-e95f-dd51-4a5f73d2ff67,1,960596,960601,973080,966894,12479,12484,5,0,0,0
973240,5756a13c-abfd-d5ad-eef1-7071c03bd66a,1,960785,960830,973240,978995,12410,12455,45,0,0,0
973604,047a2df6-567e-4584-d805-766362016354,1,961082,961082,973604,973333,12522,12522,0,0,0,0
973675,a58cd59f-fbc9-576b-e1ad-dd6f29dad05b,1,961224,961224,973675,977949,12451,12451,0,0,0,0
973733,938b97a5-a3c1-6319-66d3-eb4c7f39f020,1,961224,961224,973733,973967,12509,12509,0,0,0,0
973753,01bda526-85c1-b8a6-894e-41952605b6d7,1,961239,961284,973753,969775,12469,12514,45,0,0,0
974086,25688e7e-02c4-c1e2-15f0-5f69b1fd533b,1,961538,961538,974086,973341,12548,12548,0,0,0,0
974123,8e260426-a3e1-d66e-1149-50150c134bbf,1,961659,961685,974123,971004,12438,12464,26,0,0,0
974194,81eb38d0-37cf-2afc-0634-c607842f1233,1,961625,961625,974194,975730,12569,12569,0,0,0,0
974172,41beab03-c44e-1f8e-ca9e-9181de1b4310,1,961667,961685,974172,978372,12487,12505,18,0,0,0
974500,dfd43470-a41a-160f-e36b-02921027be54,1,961901,961901,974500,978873,12599,12599,0,0,0,0
974532,175236da-989f-f1d4-b97a-a38d8054905d,1,962010,962010,974532,977769,12522,12522,0,0,0,0
974596,623f718a-7c15-b84a-893f-6d24af0ea5a9,1,962208,962261,974596,979555,12335,12388,53,0,0,0
974666,0db89201-3236-a6af-ed04-da35fbf0aae8,1,962100,962141,974666,969841,12525,12566,41,0,0,0
974678,943b08bd-5bdf-1660-5350-bd0171d8593c,1,962134,962141,974678,980323,12537,12544,7,0,0,0
974659,4a87739f-f228-acb4-8627-34592b74a182,1,962147,962201,974659,970726,12458,12512,54,0,0,0
974738,1f44994c-ae86-176d-2c72-4c6fc3facde2,1,962155,962201,974738,973441,12537,12583,46,0,0,0
974736,f32d5478-afd9-fca8-c6da-9c40a67015ac,1,962235,962261,974736,969782,12475,12501,26,0,0,0
974805,27409337-97d7-d3e2-766c-9df52859209d,1,962301,962321,974805,974064,12484,12504,20,0,0,0
974836,f7c52327-6b97-4588-52f7-3e48a9affd40,1,962346,962381,974836,978703,12455,12490,35,0,0,0
975135,ae27dec2-f236-16d0-1400-e717f93911c9,1,962652,962701,975135,973867,12434,12483,49,0,0,0
975330,ff5e78c9-5416-6d62-274f-4fa4daf20003,1,962881,962885,975330,974903,12445,12449,4,0,0,0
975471,2b324241-f317-a036-5102-3684c7577490,1,963011,963065,975471,979384,12406,12460,54,0,0,0
975495,fe916ff7-954b-3c2e-862e-af44605eae18,1,963008,963065,975495,976376,12430,12487,57,0,0,0
975666,3f78f967-ff1b-a428-8547-6ee68c885633,1,963167,963167,975666,978002,12499,12499,0,0,0,0
975745,35d007c7-b75a-a791-bdfb-9962019f6d75,1,963178,963227,975745,980130,12518,12567,49,0,0,0
1010121,6083ed9a-9962-b9d5-6155-3e93282527ed,1,997588,997588,1010121,1011625,12533,12533,0,0,0,0
1010546,abd1c401-4217-aaf2-d596-2bad374eb4f8,1,997931,997931,1010546,1014389,12615,12615,0,0,0,0
1010587,76df1885-f7c9-c46a-92a0-cc1012e122cb,1,997961,997991,1010587,1015943,12596,12626,30,0,0,0
1010579,7d7a56bc-4b9f-5527-7be4-06bfa2704809,1,997983,997991,1010579,1006993,12588,12596,8,0,0,0
1010673,12d89fff-310d-d789-f97c-e69270d46eab,1,998012,998051,1010673,1015461,12622,12661,39,0,0,0
1010769,978ecc83-e493-c7c3-0926-a919b7309782,1,998329,998329,1010769,1008111,12440,12440,0,0,0,0
1010863,82fb420e-d167-8665-ebc7-0bd5c011b0de,1,998349,998389,1010863,1009708,12474,12514,40,0,0,0
1011048,cd4500ae-d7c3-85fc-2b52-035a695da9a1,1,998536,998536,1011048,1015664,12512,12512,0,0,0,0
1011336,1c1f4996-1e59-daa8-0c93-d7863b759543,1,998871,998871,1011336,1012478,12465,12465,0,0,0,0
1011419,f1f165ca-0d53-af42-1e42-563530ede685,1,998958,998958,1011419,1013353,12461,12461,0,0,0,0
1011494,22ad9c78-ddb8-781b-10de-32162d43c250,1,998965,999018,1011494,1011376,12476,12529,53,0,0,0
1011502,ea75da93-daee-6756-dd8d-4c2d6bd77e36,1,998977,999018,1011502,1007256,12484,12525,41,0,0,0
1011541,3fe4043f-6f30-2303-e949-cf690c28c102,1,999008,999018,1011541,1008442,12523,12533,10,0,0,0
1011554,5d81679a-99e1-6195-cd22-645f5a1caad5,1,999024,999078,1011554,1016906,12476,12530,54,0,0,0
1011523,36a52ce8-70b8-188e-ced9-475f07de2ba0,1,999050,999078,1011523,1007886,12445,12473,28,0,0,0
1011632,53bafd3f-47c1-551f-038a-325a0732cde9,1,999134,999138,1011632,1009827,12494,12498,4,0,0,0
1011644,40ee17e5-b4c0-ea24-c54e-98f091358788,1,999203,999203,1011644,1005580,12441,12441,0,0,0,0
1011700,6e9cbf43-b7e1-3394-ab96-5df24ff77ec2,1,999261,999263,1011700,1016027,12437,12439,2,0,0,0
1011783,2297e926-730a-5a6e-2e62-2db4ee225bce,1,999348,999348,1011783,1006420,12435,12435,0,0,0,0
1011867,e4a7c100-84d7-4eb8-06d8-c3ce5f3e9f9d,1,999359,999408,1011867,1006466,12459,12508,49,0,0,0
1011857,c3aeee90-1c5a-8d21-8a90-53823d73aa2b,1,999413,999468,1011857,1013381,12389,12444,55,0,0,0
1011909,189a5b8c-8577-b68e-0d13-38e6d00948d1,1,999578,999588,1011909,1008455,12321,12331,10,0,0,0
1011971,cfde92ad-da44-89dc-1a21-45512c29d8f5,1,999440,999468,1011971,1008393,12503,12531,28,0,0,0
1012040,a75d2b53-f34c-db3a-664d-744b8ed872ea,1,999556,999588,1012040,1016654,12452,12484,32,0,0,0
1012074,a8d93cb5-be9d-595c-afb0-3433e1ef527e,1,999501,999528,1012074,1017622,12546,12573,27,0,0,0
1044169,25d626e9-2dc7-ae99-3001-5457730dac60,1,1031628,1031628,1044169,1039358,12541,12541,0,0,0,0
1044244,744f8e33-098b-2563-bf35-2dcf11a90904,1,1031706,1031706,1044244,1044170,12538,12538,0,0,0,0
1044776,a64da63c-d631-5b39-53f5-a51cc53c75e2,1,1032174,1032174,1044776,1042393,12602,12602,0,0,0,0
1044994,32766bb5-c3d9-2ca1-1bbf-69551cb3521d,1,1032600,1032630,1044994,1041312,12364,12394,30,0,0,0
1045098,176358f3-47f1-90dd-0442-debc6e174db8,1,1032570,1032570,1045098,1041734,12528,12528,0,0,0,0
1045102,30beca83-d27d-3fba-f140-ca4ace823aab,1,1032574,1032630,1045102,1042243,12472,12528,56,0,0,0
1045563,926cdd8c-9d9b-663f-af3c-26c3c32a3bed,1,1033085,1033085,1045563,1042022,12478,12478,0,0,0,0
1046532,7bd88724-8195-effa-5cdc-dae87f8ca891,1,1034018,1034018,1046532,1051639,12514,12514,0,0,0,0
1046597,7738d433-00a0-803b-e71f-58dface7c09d,1,1034062,1034078,1046597,1047498,12519,12535,16,0,0,0
1046688,4ba17e37-07b3-9558-8f02-47642e8b94a1,1,1034204,1034204,1046688,1045822,12484,12484,0,0,0,0
1046801,70b77175-ed32-94d3-0fbc-df6668aa5082,1,1034249,1034264,1046801,1051616,12537,12552,15,0,0,0
1047149,6bd34ace-d800-9722-38bc-8d5623f86afa,1,1034711,1034711,1047149,1049947,12438,12438,0,0,0,0
1051419,8099d94b-e433-9515-9339-2ec04140cc02,1,1040263,1040282,1051419,1053253,11137,11156,19,0,0,0
1051449,76233726-683f-ac50-f425-bc75684fd8af,1,1040222,1040222,1051449,1050841,11227,11227,0,0,0,0
1051532,0855e406-51a8-e1da-8f25-a873278a5707,1,1040342,1040342,1051532,1047703,11190,11190,0,0,0,0
1051796,8bb5810a-f177-d89d-b214-357a330d576a,1,1040651,1040651,1051796,1052019,11145,11145,0,0,0,0
1052099,3f242b32-2e6c-2c34-2a51-bcf8535b23c1,1,1040829,1040829,1052099,1049553,11270,11270,0,0,0,0
1052093,0d6ce8d1-7652-03a5-f353-e5f0afb5cfdc,1,1040889,1040889,1052093,1049264,11204,11204,0,0,0,0
1052150,092c814b-56ec-8332-1183-4823a655159b,1,1040902,1040949,1052150,1056210,11201,11248,47,0,0,0
1052202,c805ff54-ca47-4b83-8a37-8f24852d42f5,1,1040910,1040949,1052202,1056972,11253,11292,39,0,0,0
1052171,ed6bc0e5-a3f1-0a42-7b24-7e558ad65b9c,1,1041079,1041079,1052171,1049681,11092,11092,0,0,0,0
1052310,e8bccb89-5359-bf07-8b2e-4b22f17f795e,1,1041094,1041139,1052310,1057711,11171,11216,45,0,0,0
1052332,d622a257-a9ea-84bc-83b4-a0ac06d32c13,1,1041092,1041139,1052332,1053078,11193,11240,47,0,0,0
1052389,0db1856e-57ea-a50c-4447-002900868987,1,1041093,1041139,1052389,1056843,11250,11296,46,0,0,0
1052378,0585c177-2690-d18f-022c-d65fb1ec95db,1,1041136,1041139,1052378,1047727,11239,11242,3,0,0,0
1052565,02448585-5096-9908-f532-7f9ea9ac63a8,1,1041401,1041403,1052565,1053680,11162,11164,2,0,0,0
1052620,1e5ffab9-2492-5f7b-a5a6-ed8344d1b4c5,1,1041455,1041463,1052620,1057181,11157,11165,8,0,0,0
1052672,eddeba60-35ee-9f85-945b-21ed11ce734c,1,1041466,1041523,1052672,1056850,11149,11206,57,0,0,0
1052794,82745942-52bf-de19-2999-0d0291d45509,1,1041633,1041643,1052794,1050307,11151,11161,10,0,0,0
1053704,4fa8764a-2880-1efd-f497-c2377681b2bc,1,1042558,1042558,1053704,1054521,11146,11146,0,0,0,0
1058892,40f53760-5a2b-3310-734f-2558fd4782fa,1,1032676,1032690,1058892,1051326,26202,26216,14,0,0,0
1059041,e5a0c381-168a-90f1-aaa0-64fc80b5c4e4,1,1032917,1032917,1059041,1059718,26124,26124,0,0,0,0
1059976,38d28a1b-80fa-a76d-4246-92977007921a,1,1048729,1048732,1059976,1064781,11244,11247,3,0,0,0
1060272,f30f86d5-8aad-60aa-c40e-0d8f46c1edc4,1,1049195,1049195,1060272,1061796,11077,11077,0,0,0,0
1060465,9cfb4814-ef95-744c-5594-90687dcadc94,1,1049335,1049335,1060465,1057462,11130,11130,0,0,0,0
1060533,cc596e88-112c-8f5c-227e-7f469af501a2,1,1049345,1049395,1060533,1056597,11138,11188,50,0,0,0
1060569,ade33065-a9fb-70f7-5106-b5d23b8bf535,1,1049360,1049395,1060569,1057805,11174,11209,35,0,0,0
1060611,b62880a1-04bc-bd23-b7f0-336c4239ad7a,1,1034518,1034518,1060611,1071656,26093,26093,0,0,0,0
1060645,fbea2dd8-60a3-4e22-5068-dbafdb835660,1,1049528,1049528,1060645,1059525,11117,11117,0,0,0,0
1060985,37a7fd66-f78c-dff2-1eff-4c1f3ef26f48,1,1049899,1049899,1060985,1055970,11086,11086,0,0,0,0
1061023,14a403b5-932a-f275-e624-44ad033a3b22,1,1034890,1034947,1061023,1070963,26076,26133,57,0,0,0
1061147,88941e68-657a-f375-2516-1211fde34380,1,1035140,1035140,1061147,1048063,26007,26007,0,0,0,0
1061488,03042524-98c4-e6e7-e0d2-02857cd1c31a,1,1050332,1050332,1061488,1060935,11156,11156,0,0,0,0
1061691,d5a38079-51bd-68af-f732-064605073daf,1,1050466,1050466,1061691,1063449,11225,11225,0,0,0,0
1061750,368117cc-5c6d-cbdb-a246-9398385a6e24,1,1050530,1050530,1061750,1057436,11220,11220,0,0,0,0
1062538,9f2246ae-8aa2-f865-0841-950bd59764f2,1,1051321,1051321,1062538,1058064,11217,11217,0,0,0,0
1062562,000b6374-11f0-8515-8f42-500d4d94f1ee,1,1036347,1036404,1062562,1075129,26158,26215,57,0,0,0
1062601,199ab284-f69a-ecfe-f192-6c3d9d89de8a,1,1051348,1051381,1062601,1065935,11220,11253,33,0,0,0
1062644,c4eafbcb-0832-19ff-1522-f844a81d49f0,1,1051430,1051441,1062644,1059229,11203,11214,11,0,0,0
1062635,4165bf63-44a1-486c-5b75-659ac9bdf37d,1,1051479,1051501,1062635,1063840,11134,11156,22,0,0,0
1062703,ee767c12-eca1-1ecc-d04e-5faa9790585e,1,1051391,1051441,1062703,1067844,11262,11312,50,0,0,0
1063268,7986cbfc-2686-4ebf-9b71-69ac0d20f880,1,1052026,1052026,1063268,1067169,11242,11242,0,0,0,0
1063353,30df5791-f20d-95e9-6a24-d3602a4d9e02,1,1052068,1052086,1063353,1065433,11267,11285,18,0,0,0
1063455,b1a1e261-61a2-70ea-5cd2-31b7ee35b0bf,1,1052134,1052146,1063455,1066981,11309,11321,12,0,0,0
1063607,b8edf155-01ac-d135-14ad-dc2031a8fdb1,1,1052419,1052430,1063607,1063964,11177,11188,11,0,0,0
1063643,5b69c697-df07-76e2-e67f-34279227a7e0,1,1052368,1052370,1063643,1069040,11273,11275,2,0,0,0
1063900,f7b1951d-850b-f4ee-b203-c877432e435c,1,1052634,1052685,1063900,1069184,11215,11266,51,0,0,0
1063999,201a2192-f782-e147-c80e-69167d6c4a39,1,1052715,1052745,1063999,1067386,11254,11284,30,0,0,0
1064084,94eaf573-428b-6fb9-262a-a9e38f4cb976,1,1052840,1052865,1064084,1066373,11219,11244,25,0,0,0
1064156,b6e9aadc-e891-e063-974a-7583b31e9ccf,1,1052868,1052925,1064156,1063101,11231,11288,57,0,0,0
1064197,d08ba0af-c8b4-ac38-7b0b-87ce1198e411,1,1052975,1052985,1064197,1066902,11212,11222,10,0,0,0
1064252,d46af3b8-dedc-65f7-a56c-482a75fdf90d,1,1052984,1052985,1064252,1064378,11267,11268,1,0,0,0
1064279,0abe77f1-8991-3440-c54c-70b02bccc70d,1,1053040,1053045,1064279,1067638,11234,11239,5,0,0,0
1064411,d15edf62-d405-3aa1-ac44-e271437b2cf7,1,1053283,1053283,1064411,1063339,11128,11128,0,0,0,0
1064857,04dc38d4-45a3-8cc5-055e-a1b442bba2b4,1,1053640,1053651,1064857,1065183,11206,11217,11,0,0,0
1065023,c5efdacc-0298-2437-e811-01059745f58e,1,1053815,1053831,1065023,1060837,11192,11208,16,0,0,0
1065080,fca954b1-4bce-5e5a-1599-bb5010e08c0a,1,1053857,1053891,1065080,1063555,11189,11223,34,0,0,0
1065305,06192f3e-21e2-895b-4d6f-85cfa2a3429c,1,1054139,1054139,1065305,1060216,11166,11166,0,0,0,0
1065309,69005ce5-de68-cb5d-c283-739938bad6a7,1,1054078,1054078,1065309,1069900,11231,11231,0,0,0,0
1065391,12ca8940-8abb-f071-c95c-cde13829e56b,1,1054147,1054199,1065391,1063686,11192,11244,52,0,0,0
1065436,dc489579-6f10-1568-d194-cdf3414345b0,1,1054191,1054199,1065436,1063027,11237,11245,8,0,0,0
1065498,b86c2558-655d-f7de-bc79-0e847f84eddd,1,1054239,1054259,1065498,1064867,11239,11259,20,0,0,0
1065503,f37f62fb-1759-85e5-f84e-2f9ee83a8441,1,1054260,1054319,1065503,1060354,11184,11243,59,0,0,0
1065630,412c575d-df9e-03b2-d256-bb9db80a4b37,1,1054435,1054435,1065630,1068682,11195,11195,0,0,0,0
1066410,c671feff-3f2e-268c-46fc-1c691df939cf,1,1059614,1059661,1066410,1063030,6749,6796,47,0,0,0
1066519,316d171e-be94-b4cc-8d45-76d689fa004f,1,1055328,1055345,1066519,1070038,11174,11191,17,0,0,0
1066602,24b252ea-55b2-855f-2735-c9e2ef438151,1,1055369,1055405,1066602,1061518,11197,11233,36,0,0,0
1066684,2ee5c5cb-9a51-3434-5656-75448e740d12,1,1055475,1055475,1066684,1065065,11209,11209,0,0,0,0
1066726,b263c33b-cd89-1d24-b6a6-d37711ab78d7,1,1055477,1055535,1066726,1067223,11191,11249,58,0,0,0
1066686,77746f4e-d8a1-5005-b888-89c631d5bf7e,1,1055493,1055535,1066686,1071626,11151,11193,42,0,0,0
1066768,8081baab-c96f-d09a-d6f0-3088bb13623e,1,1055491,1055535,1066768,1067939,11233,11277,44,0,0,0
1066909,8194903e-bb5e-745c-e59c-fc859eb46b7f,1,1055721,1055749,1066909,1066498,11160,11188,28,0,0,0
1067106,def4cd93-a343-6548-3d51-3e1bcc2507bf,1,1055899,1055899,1067106,1068499,11207,11207,0,0,0,0
1067273,ca75cf03-b528-321c-e43c-99bcc51c3a37,1,1056043,1056079,1067273,1070134,11194,11230,36,0,0,0
1067346,b3163196-b745-ceb5-6253-569ee54e3372,1,1056162,1056162,1067346,1069113,11184,11184,0,0,0,0
1067495,807274e5-4e17-f415-07ca-9e663588d500,1,1056326,1056342,1067495,1071422,11153,11169,16,0,0,0
1067567,fe47e139-b29c-8457-28b0-f9821a11c607,1,1056396,1056402,1067567,1071668,11165,11171,6,0,0,0
1067667,df792d40-5587-9c51-a275-640c94b8976e,1,1056468,1056522,1067667,1072962,11145,11199,54,0,0,0
1067692,d7704ff4-cada-87ec-f6fd-1005aa3266c6,1,1056457,1056462,1067692,1064173,11230,11235,5,0,0,0
1067779,bbf71876-2aa2-fb79-aba3-5fcdbed7171b,1,1056528,1056582,1067779,1070924,11197,11251,54,0,0,0
1067745,74f4181a-3664-8d95-785e-3eedcc18c831,1,1056558,1056582,1067745,1065120,11163,11187,24,0,0,0
1067804,383449f1-15d5-f588-a498-d43a47dcfa0b,1,1056564,1056582,1067804,1072418,11222,11240,18,0,0,0
1067789,72c92783-78a4-75e2-ba6b-ec114f2f6f3e,1,1056574,1056582,1067789,1063418,11207,11215,8,0,0,0
1067826,7807183d-7f23-7010-cd2a-bbe98207d639,1,1056736,1056762,1067826,1063700,11064,11090,26,0,0,0
1097240,faac21f1-e0eb-bebb-7a69-65358b654937,1,1086067,1086067,1097240,1102439,11173,11173,0,0,0,0
1097650,e7f612ec-7785-a940-5b41-47ebba173c9b,1,1086404,1086404,1097650,1097049,11246,11246,0,0,0,0
1097688,fc5d88ed-85e8-c7d5-a881-8cce4a81b661,1,1086420,1086464,1097688,1096896,11224,11268,44,0,0,0
1098970,008df369-5774-f0f8-07cb-1c5e38984f74,1,1087784,1087784,1098970,1103469,11186,11186,0,0,0,0
1099100,97b69904-810c-427e-2bf7-02227acb389b,1,1087885,1087885,1099100,1094764,11215,11215,0,0,0,0
1099122,3f9f7783-83e8-a97d-400d-36666d0d0cd2,1,1087930,1087945,1099122,1099118,11177,11192,15,0,0,0
1099255,185c00b7-bf28-d861-cb4c-f224fe85e483,1,1087981,1088005,1099255,1097433,11250,11274,24,0,0,0
1099417,dfc06491-9432-4c3a-5f5a-d10524dbb888,1,1088227,1088227,1099417,1103902,11190,11190,0,0,0,0
1099436,0f2e7d79-b19a-04b2-5e9e-cbf56a85961a,1,1088228,1088287,1099436,1102755,11149,11208,59,0,0,0
1099611,c8fbccd1-2889-6016-cb25-e85de3aaa645,1,1088435,1088435,1099611,1094741,11176,11176,0,0,0,0
1100077,95604b1c-ff0c-62a0-1c0a-7cc4f7790f43,1,1088914,1088914,1100077,1105010,11163,11163,0,0,0,0
1100098,1c2cffc1-8375-5197-ae25-e17521e481a0,1,1088916,1088974,1100098,1098547,11124,11182,58,0,0,0
1100284,55d0cda5-b88a-66f5-11ef-00be92b1493f,1,1089096,1089096,1100284,1096086,11188,11188,0,0,0,0
1100328,148a4cd3-c2f0-c639-72e7-411a3a0a0594,1,1089164,1089164,1100328,1102488,11164,11164,0,0,0,0
1100664,666c9a26-8c86-dea5-6c8e-6ce98733c8ee,1,1088048,1088065,1100664,1100192,12599,12616,17,0,0,0
1100699,3a6aa9dc-df3e-730c-6dd8-f4d8cd6e1ea0,1,1089453,1089453,1100699,1097771,11246,11246,0,0,0,0
1100760,b8d74803-5497-ed37-9ffb-f213c8309c4e,1,1089506,1089513,1100760,1102706,11247,11254,7,0,0,0
1100779,8ad10a70-c636-642d-8939-fc59cca5839f,1,1089512,1089513,1100779,1100218,11266,11267,1,0,0,0
1100807,c614b534-816a-dcbd-14d1-c756cc2bd89e,1,1089515,1089573,1100807,1098692,11234,11292,58,0,0,0
1101094,4eaec66f-4319-931e-670c-13e7820915d2,1,1089773,1089783,1101094,1100534,11311,11321,10,0,0,0
1101144,eb46c2ab-3867-0594-ea16-885326f4e97e,1,1089800,1089843,1101144,1095912,11301,11344,43,0,0,0
1101199,e821ca37-7f8f-c5d8-2438-536f91e49d0a,1,1089862,1089903,1101199,1104852,11296,11337,41,0,0,0
1101201,c80b3eda-2e2a-f3f7-250b-893794c70b49,1,1089934,1089963,1101201,1095565,11238,11267,29,0,0,0
1102554,2f8b826e-735e-d66c-1d3a-7d2be5661be2,1,1091267,1091324,1102554,1104199,11230,11287,57,0,0,0
1102552,6d381261-ffd5-a3b4-2a40-4dbcd8d068ea,1,1091320,1091324,1102552,1100365,11228,11232,4,0,0,0
1102592,9aa7f546-5626-f565-0657-3a507c1e2e0e,1,1091302,1091324,1102592,1102719,11268,11290,22,0,0,0
1103529,99b1482a-e7cd-3246-b92d-780ce994f6ce,1,1092270,1092293,1103529,1103583,11236,11259,23,0,0,0
1103520,3a3b594c-ca8a-bff7-8af4-0b32a8b1632d,1,1092319,1092353,1103520,1107922,11167,11201,34,0,0,0
1103519,d43a08c8-6aea-f877-29d7-267c48d12a79,1,1092343,1092353,1103519,1106636,11166,11176,10,0,0,0
1103713,90c856cc-a8e1-231d-9343-297883bd82ac,1,1092527,1092533,1103713,1104213,11180,11186,6,0,0,0
1103842,dd062ec2-0726-2d2f-4777-917cad5014ab,1,1091269,1091324,1103842,1102889,12518,12573,55,0,0,0
1103973,7859ead7-ce5e-8279-cd36-f469db2ed713,1,1092763,1092772,1103973,1099000,11201,11210,9,0,0,0
1103993,02d45aad-ef4e-31fe-b93b-406115bd125e,1,1092772,1092772,1103993,1106412,11221,11221,0,0,0,0
1104034,27be5d0e-243e-c6df-5c3e-c31327df3c74,1,1092778,1092832,1104034,1108598,11202,11256,54,0,0,0
1104056,69e79b9d-c8eb-9981-b76d-187efd22f229,1,1092799,1092832,1104056,1099746,11224,11257,33,0,0,0
1104572,2fbc2975-d929-b2e9-0457-3fa3ed17467c,1,1093362,1093362,1104572,1100854,11210,11210,0,0,0,0
1104676,ec7775b5-73dd-8b43-2f38-ea1a373ad0e7,1,1093376,1093422,1104676,1101596,11254,11300,46,0,0,0
1104687,29742d62-f302-3d9f-418e-fe8db9d03a75,1,1093367,1093422,1104687,1108329,11265,11320,55,0,0,0
1104677,83864713-2f31-8ce6-4553-fd2ded89c9e4,1,1093376,1093422,1104677,1106309,11255,11301,46,0,0,0
1105022,ec7381b1-c9fe-f3c7-d26c-a2d0e32ca153,1,1093752,1093752,1105022,1106801,11270,11270,0,0,0,0
1105075,26ef5112-9ccb-6ffe-19f6-34a419978f23,1,1093800,1093812,1105075,1109789,11263,11275,12,0,0,0
1105107,d641d013-aff9-3ae4-2dcd-e11a9dc0565e,1,1093823,1093872,1105107,1101771,11235,11284,49,0,0,0
1105296,9edbea4c-a25b-f103-2d0b-86026d35cc46,1,1094036,1094036,1105296,1107968,11260,11260,0,0,0,0
1105316,abb17f97-fac3-5483-b2dd-8e86e40e845e,1,1094056,1094096,1105316,1105251,11220,11260,40,0,0,0
1105345,c3cff4a3-42f9-0c3c-451c-71fa6bcb0f88,1,1094046,1094096,1105345,1107466,11249,11299,50,0,0,0
1105363,1384756b-8082-87a3-0865-09586f1d6412,1,1094104,1094156,1105363,1104030,11207,11259,52,0,0,0
1105428,2bcab994-fe5d-8722-ffba-021f1335b6c4,1,1094128,1094156,1105428,1108334,11272,11300,28,0,0,0
1106205,35ee8e4d-108a-ffe9-79a3-9497f445b1a3,1,1095059,1095059,1106205,1102184,11146,11146,0,0,0,0
1106588,7291ba0f-405d-9a96-5249-f2e5600a3beb,1,1095270,1095270,1106588,1103533,11318,11318,0,0,0,0
1106664,1f811d74-26e6-5e82-fd7a-1945ecf69119,1,1095423,1095423,1106664,1109757,11241,11241,0,0,0,0
1106731,7b0f607c-a8e5-df5f-cf2f-588bbdcba1c2,1,1095430,1095483,1106731,1104828,11248,11301,53,0,0,0
1106864,1bda84b7-1596-aaaa-aba8-166a5e9e2395,1,1095629,1095663,1106864,1111789,11201,11235,34,0,0,0
1107047,04e16efe-84a7-b2bb-577c-d79709ff222a,1,1095801,1095801,1107047,1112391,11246,11246,0,0,0,0
1107077,0492d614-f6b7-a4a6-4e1b-ae46b222da4f,1,1095840,1095861,1107077,1110529,11216,11237,21,0,0,0
1107054,d5daa879-3860-2ba7-45b1-bf2f7125419e,1,1095854,1095861,1107054,1107883,11193,11200,7,0,0,0
1108447,504d73d5-2177-f54e-96d9-6a8b55bd7483,1,1097274,1097288,1108447,1106810,11159,11173,14,0,0,0
1109534,a7852abd-30bb-472d-97fd-431cede8d181,1,1098356,1098378,1109534,1110160,11156,11178,22,0,0,0
1109622,a6443d45-766f-4f45-a042-31e4efee599c,1,1098437,1098438,1109622,1109843,11184,11185,1,0,0,0
1110156,b026b206-459c-4adf-caf4-9344f41486a2,1,1098908,1098908,1110156,1112411,11248,11248,0,0,0,0
1110545,0234f458-7436-fbcf-a6a9-ca955e432f32,1,1099283,1099315,1110545,1113720,11230,11262,32,0,0,0
1110711,cc987814-da6f-6c84-7f92-ead79e675f63,1,1099453,1099477,1110711,1113036,11234,11258,24,0,0,0
1111093,390db63d-5f96-8b7c-49ac-f397dae97b56,1,1099904,1099904,1111093,1115688,11189,11189,0,0,0,0
1111418,3dcae2ac-5968-4ea4-b088-6dbe6e5314b4,1,1100189,1100217,1111418,1109489,11201,11229,28,0,0,0
1111499,47bad27f-dc41-04b7-9d69-cf94f4e30d04,1,1100256,1100277,1111499,1114506,11222,11243,21,0,0,0
1111584,2503adfe-502d-df2e-2ef6-5ca726c985ef,1,1100278,1100337,1111584,1108051,11247,11306,59,0,0,0
1111573,f1ec2333-f603-3b66-4436-03a30084596f,1,1100393,1100397,1111573,1112759,11176,11180,4,0,0,0
1111655,178782b5-d7c4-1ecd-6918-191430e4ad1b,1,1100367,1100397,1111655,1108019,11258,11288,30,0,0,0
1111691,4b22d8bf-5752-d3e1-b7cd-18016fd7e5d1,1,1100358,1100397,1111691,1110429,11294,11333,39,0,0,0
1111982,80cb0154-c923-d605-dfda-c0131396d194,1,1100683,1100727,1111982,1115767,11255,11299,44,0,0,0
1112068,f52ca4dd-eaaf-e4c1-216e-9dbb1cd90bb0,1,1100842,1100847,1112068,1106400,11221,11226,5,0,0,0
1112198,d213424a-838b-0134-215f-10ee6c91501c,1,1100860,1100907,1112198,1115301,11291,11338,47,0,0,0
1112248,fe8dada9-2bb5-59cd-83c3-8bb2540e3755,1,1100935,1100967,1112248,1110758,11281,11313,32,0,0,0
1112392,d342777d-9b80-70a6-45bb-f53ed8aca28e,1,1101130,1101133,1112392,1108579,11259,11262,3,0,0,0
1112542,12df4c81-0143-d7d1-bc40-b96fcfc9f653,1,1101202,1101253,1112542,1115789,11289,11340,51,0,0,0
1113643,48eba619-68b5-5acd-efc9-71a5e09d1870,1,1102455,1102455,1113643,1108134,11188,11188,0,0,0,0
1113721,cda67a3d-adb3-0954-c555-6bbe21c60b3f,1,1102480,1102515,1113721,1114288,11206,11241,35,0,0,0
1113803,60b05c58-3d31-2386-9ee5-26ba0b5eee4b,1,1102546,1102575,1113803,1109579,11228,11257,29,0,0,0
1114517,6e947184-54e5-8ea7-4e8b-ce9a14c20798,1,1103411,1103428,1114517,1119851,11089,11106,17,0,0,0
1114600,4ef4a595-4237-68aa-f6a3-f0f229e3b82f,1,1103368,1103368,1114600,1111247,11232,11232,0,0,0,0
1114720,9e91cf37-d977-a5c4-71be-4463df8722f4,1,1103470,1103488,1114720,1116212,11232,11250,18,0,0,0
1114737,58cfe901-4f7f-cc42-0a5b-77ac1c7c63e4,1,1103398,1103428,1114737,1117371,11309,11339,30,0,0,0
1114739,fba8a420-115d-9c28-e430-978179bd54e1,1,1103401,1103428,1114739,1114900,11311,11338,27,0,0,0
1114745,b5cab879-0172-3caa-44b3-94b94f340b20,1,1103592,1103608,1114745,1113771,11137,11153,16,0,0,0
1115098,7d0101c9-7028-fb5c-fff4-fa15d6ffd771,1,1103925,1103925,1115098,1110999,11173,11173,0,0,0,0
1115146,c21c4ac5-b826-500f-47fb-ba54ced7dcc2,1,1103967,1103985,1115146,1118844,11161,11179,18,0,0,0
1115896,a50c22f8-bec1-4ddb-2e4f-aaf4c1a60814,1,1104818,1104818,1115896,1111397,11078,11078,0,0,0,0
1116120,3eaf4f46-7124-2c2b-23c0-8037ebb047fe,1,1104998,1104998,1116120,1113967,11122,11122,0,0,0,0
1116374,4b5c8fe2-b62c-2650-f14a-dc11cc3c5401,1,1105258,1105258,1116374,1114871,11116,11116,0,0,0,0
1116688,d1550bac-6ecc-fcc6-5ae8-54dcc38fc450,1,1105453,1105498,1116688,1119983,11190,11235,45,0,0,0
1117729,79c32664-ffd1-3147-57e4-9d63653267bf,1,1106646,1106648,1117729,1119612,11081,11083,2,0,0,0
1118260,b45d55ae-1026-5809-cab1-4e42a5eccc99,1,1107153,1107167,1118260,1120922,11093,11107,14,0,0,0
1118308,aad13072-0c44-52c8-82d6-52dc77a17202,1,1107184,1107227,1118308,1120233,11081,11124,43,0,0,0
1118422,5b6f9269-3337-92fc-e7f2-b25070a7354a,1,1107182,1107227,1118422,1122022,11195,11240,45,0,0,0
1118436,63666927-9be9-ab14-4c9e-5dc3579ddbb9,1,1107176,1107227,1118436,1118694,11209,11260,51,0,0,0
1121069,f1632ab1-6def-b3cb-722c-c247bd44afe6,1,1109864,1109900,1121069,1126309,11169,11205,36,0,0,0
1121224,f5a04aa4-c830-220a-a6af-5484d1b5389b,1,1110036,1110036,1121224,1118336,11188,11188,0,0,0,0
1121538,3ecdcdd3-6d9e-3db0-d464-acc463078bfd,1,1110319,1110319,1121538,1121739,11219,11219,0,0,0,0
1121749,a7501778-654c-1202-2f1f-767e2b04c911,1,1110511,1110546,1121749,1121717,11203,11238,35,0,0,0
1122063,9f9bbd45-72bb-445a-06d8-8e2f4a84dd86,1,1110850,1110850,1122063,1121588,11213,11213,0,0,0,0
1122399,ec342bd8-507f-eec8-f530-bb93b40b4ce5,1,1111171,1111171,1122399,1117234,11228,11228,0,0,0,0
1122401,b477ceaf-4aba-4a82-b4d5-49b533e0216e,1,1111171,1111171,1122401,1120356,11230,11230,0,0,0,0
1122474,69f47d6b-15c3-3c00-cb09-6c66eade796f,1,1111266,1111291,1122474,1117988,11183,11208,25,0,0,0
1122678,9fea2b73-68c0-7f73-e8bf-7e1edbbaf82e,1,1111424,1111478,1122678,1121208,11200,11254,54,0,0,0
1122697,5ca56a30-dd14-b2d8-a93a-acc29873b799,1,1111433,1111478,1122697,1127077,11219,11264,45,0,0,0
1122721,fdebfb67-e0d9-c41d-70fc-db2ba59aa9eb,1,1111435,1111478,1122721,1120208,11243,11286,43,0,0,0
1122853,8338c6af-efbd-b6d2-240a-330a90bba018,1,1111662,1111718,1122853,1127220,11135,11191,56,0,0,0
1122867,890e278b-dd58-6692-4a0b-a70ab5d006e9,1,1111662,1111718,1122867,1123367,11149,11205,56,0,0,0
1122994,b50ac811-f4ce-fa21-f79b-8fb1512a0a4f,1,1111838,1111838,1122994,1120255,11156,11156,0,0,0,0
1123201,cce981ad-8863-8b10-0458-0cf1f09d8300,1,1112058,1112058,1123201,1128380,11143,11143,0,0,0,0
1123309,905845af-52b2-628c-5f87-26416dd272ee,1,1112109,1112118,1123309,1121027,11191,11200,9,0,0,0
1123604,926ab9f4-72e1-c18f-164f-dc0d5b57064d,1,1112378,1112418,1123604,1123478,11186,11226,40,0,0,0
1123625,5eccb89c-381b-7f8b-3492-ce70ea07e0d7,1,1112378,1112418,1123625,1120743,11207,11247,40,0,0,0
1123746,1476d45b-fcde-7ddc-4183-5181c92dc1f5,1,1112597,1112602,1123746,1119726,11144,11149,5,0,0,0
1125107,3fe980e1-7b86-e314-c871-7f0baa684dbd,1,1114017,1114017,1125107,1125355,11090,11090,0,0,0,0
1125309,ae9652e4-9443-cdd6-cfb5-cde7aa29ee0b,1,1114208,1114225,1125309,1126309,11084,11101,17,0,0,0
1145095,10820c7d-c214-d184-4f1b-842286025562,1,1132754,1132754,1145095,1149975,12341,12341,0,0,0,0
1156136,738b21ee-64f7-0fe6-f68a-64db36fcc9ec,1,1144930,1144930,1156136,1158915,11206,11206,0,0,0,0
1156283,421b4e8f-8106-efc8-ddc9-95fe9265375a,1,1144996,1144996,1156283,1151790,11287,11287,0,0,0,0
1156453,2fc4930c-6ee7-4eaf-0352-095a500aade8,1,1145157,1145157,1156453,1151350,11296,11296,0,0,0,0
1156587,3138e78a-fb1a-14c6-916f-236ed2baf4bb,1,1145310,1145310,1156587,1161764,11277,11277,0,0,0,0
1156742,198e5134-efde-4c2b-6c40-3dd6236270b3,1,1145320,1145370,1156742,1154925,11372,11422,50,0,0,0
1156801,384e4753-6f67-4a70-1eda-ea0740167aa2,1,1145572,1145572,1156801,1160129,11229,11229,0,0,0,0
1156970,22a46f7f-61ae-6b72-492f-731ec941b743,1,1145731,1145731,1156970,1159721,11239,11239,0,0,0,0
1157096,67b946b0-0443-a5cf-0944-436abe18edfc,1,1145734,1145791,1157096,1152312,11305,11362,57,0,0,0
1157113,8db7620d-18bb-f7ac-de73-7e8008b93846,1,1145875,1145875,1157113,1162383,11238,11238,0,0,0,0
1157156,8cc8f4c2-5cd0-330a-2065-938f868f0672,1,1145933,1145935,1157156,1159288,11221,11223,2,0,0,0
1157270,9eab7f0d-180c-c27e-d49e-16d3d9b05795,1,1146003,1146003,1157270,1160855,11267,11267,0,0,0,0
1157309,5c50ec23-8410-eb6d-298d-ad1bae773867,1,1146049,1146063,1157309,1158554,11246,11260,14,0,0,0
1157365,9b9267d9-b19e-5c4b-64b2-95226b16eaca,1,1146201,1146201,1157365,1152604,11164,11164,0,0,0,0
1157615,78f3e4e6-60e4-6d0f-a89c-436451f25911,1,1146361,1146361,1157615,1163056,11254,11254,0,0,0,0
1157657,0859befa-269b-3954-7229-b197555a1c69,1,1146416,1146421,1157657,1155523,11236,11241,5,0,0,0
1158065,6548cd0d-4a8b-061a-b11e-03fea2f8451d,1,1146819,1146819,1158065,1158417,11246,11246,0,0,0,0
1158084,3ec1def4-bf62-fe8b-3e17-e76f4b429680,1,1146829,1146879,1158084,1155531,11205,11255,50,0,0,0
1158117,9dc4f7a0-47d3-ca10-213c-15a0a2a8b6ec,1,1146828,1146879,1158117,1153729,11238,11289,51,0,0,0
1158247,75de0dfd-63c4-79a1-5d3b-647f256d36a7,1,1146978,1146978,1158247,1157551,11269,11269,0,0,0,0
1158971,2519ef2f-fe90-a7fc-7f46-2d69d872741d,1,1147822,1147822,1158971,1163953,11149,11149,0,0,0,0
1159302,0c4341aa-6bff-3bc5-7470-282c940dd488,1,1148061,1148061,1159302,1158042,11241,11241,0,0,0,0
1159512,3e588e28-8362-c317-5576-019474522eda,1,1148222,1148249,1159512,1160716,11263,11290,27,0,0,0
1159539,2e0154ee-40da-9314-252c-d8580776fde2,1,1148255,1148309,1159539,1157042,11230,11284,54,0,0,0
1159546,689b3515-fe11-229f-0a02-905e59253af5,1,1148286,1148309,1159546,1156432,11237,11260,23,0,0,0
1159605,02a44d23-7f65-5896-6fcc-e68b623dd994,1,1148297,1148309,1159605,1161583,11296,11308,12,0,0,0
1159637,f32c810b-e829-dd11-36ed-52ea97689264,1,1148319,1148369,1159637,1162135,11268,11318,50,0,0,0
1159665,e9fd51ba-1d1d-d474-5e22-642bb2dfba4e,1,1148321,1148369,1159665,1159359,11296,11344,48,0,0,0
1160172,402371b5-c6f3-7fe8-3b36-872967063070,1,1149626,1149636,1160172,1158223,10536,10546,10,0,0,0
1160200,79cc667f-251e-5bf8-b43d-3e60a10655fc,1,1149847,1149847,1160200,1164363,10353,10353,0,0,0,0
1160444,a65190e4-8b4f-7e7d-86b5-c0fbec59c3c0,1,1149132,1149170,1160444,1161740,11274,11312,38,0,0,0
1160542,d6654844-c681-5a5c-de0c-97ce074b6599,1,1149246,1149290,1160542,1162204,11252,11296,44,0,0,0
1160551,b5e068e7-e8a1-a317-8e64-8f1b63f80039,1,1149304,1149350,1160551,1157525,11201,11247,46,0,0,0
1160815,29735074-8d31-0160-7612-b04d384dce53,1,1149528,1149576,1160815,1164322,11239,11287,48,0,0,0
1161036,54930ff5-8fd2-b5a0-b89f-7f9b52301745,1,1149722,1149756,1161036,1159476,11280,11314,34,0,0,0
1161171,c089e624-98a3-81f5-c1f3-8254121562c7,1,1149952,1149952,1161171,1156099,11219,11219,0,0,0,0
1162286,acd4e162-cad6-c86e-80bc-4621e1ac3b61,1,1151054,1151090,1162286,1166187,11196,11232,36,0,0,0
1162360,1c70d3b0-b653-5a4e-9290-b125cd96374b,1,1151116,1151150,1162360,1165728,11210,11244,34,0,0,0
1162919,50787155-b1ca-b0e7-d6c3-4bf29df49345,1,1151745,1151745,1162919,1165892,11174,11174,0,0,0,0
1163018,918c6f42-8612-6b4c-1ebb-0e39c39d8e04,1,1151764,1151805,1163018,1163200,11213,11254,41,0,0,0
1163324,3bafafde-5fd0-ece6-075c-6f4740ebdca4,1,1152079,1152079,1163324,1158873,11245,11245,0,0,0,0
1163391,4f9c094e-cf95-c34b-d6fb-cb7e17b32522,1,1152094,1152139,1163391,1161652,11252,11297,45,0,0,0
1163696,6913edf8-8dd9-a9c9-0dc2-ea27e4c4dd50,1,1152426,1152482,1163696,1161611,11214,11270,56,0,0,0
1165749,909b918b-b438-2a1d-c79f-22fbad9c88e6,1,1154563,1154563,1165749,1169585,11186,11186,0,0,0,0
1165855,579807df-dd7f-4d9a-849d-0692c8d9bc36,1,1154662,1154662,1165855,1170593,11193,11193,0,0,0,0
1165891,89b18134-0d9d-f7c0-3feb-e76486d61e2a,1,1154662,1154662,1165891,1160689,11229,11229,0,0,0,0
1166119,ef437de3-1f7a-1c85-a9d7-f5c3794993da,1,1154891,1154891,1166119,1161350,11228,11228,0,0,0,0
1167062,10c99a48-a654-a17d-6ba2-565052694fee,1,1155919,1155919,1167062,1166904,11143,11143,0,0,0,0
1167297,2aa6151f-2d74-58fe-7040-94465a4d0b5a,1,1156184,1156196,1167297,1164579,11101,11113,12,0,0,0
1167341,ebc5ecaf-8f56-b641-9993-9c4aefb76da2,1,1156189,1156196,1167341,1172369,11145,11152,7,0,0,0
1167759,d226b0ce-c7fc-4eb2-af77-9f19a6874d05,1,1156579,1156615,1167759,1167842,11144,11180,36,0,0,0
1167855,01abb0ad-bd37-bd22-27f3-60fcd169f2d4,1,1156586,1156615,1167855,1165888,11240,11269,29,0,0,0
1168030,82bae1da-88fe-485f-50c0-3ab63147caff,1,1156862,1156862,1168030,1170074,11168,11168,0,0,0,0
1168087,aacf8fa7-0dfb-5aa2-e2a2-cb8da2c90879,1,1156874,1156922,1168087,1173072,11165,11213,48,0,0,0
1168052,35620738-1101-036b-c8e1-c1ef483fe885,1,1156905,1156922,1168052,1162493,11130,11147,17,0,0,0
1168105,efc67b3e-ff71-c10b-bcd5-91396e22df3b,1,1156869,1156922,1168105,1171404,11183,11236,53,0,0,0
1168465,d76884ce-750d-f84e-c483-68a32ae467ce,1,1157319,1157342,1168465,1170308,11123,11146,23,0,0,0
1168818,f4bbb13b-f6e3-e1cd-d0ff-6770c50038d0,1,1157646,1157675,1168818,1171766,11143,11172,29,0,0,0
1168930,fa5fee08-4ab0-3498-9ed9-5069d04fb393,1,1157805,1157805,1168930,1164407,11125,11125,0,0,0,0
1169020,c035bc8a-5f2a-1cbe-f71e-dcf035d2b23d,1,1157973,1157973,1169020,1173239,11047,11047,0,0,0,0
1184842,0d19955e-e696-ac67-e786-de64f92ec2bc,1,1151030,1151030,1184842,1190059,33812,33812,0,0,0,0
1187046,9db5d7d6-4558-e148-8a83-c300525d2dc4,1,1175901,1175901,1187046,1187923,11145,11145,0,0,0,0
1187096,14dc58ab-65a7-7b62-4885-517f014ea35c,1,1175923,1175961,1187096,1182068,11135,11173,38,0,0,0
1187388,e5abdf6b-2937-f28d-802b-0e6b68c1e272,1,1176187,1176187,1187388,1186282,11201,11201,0,0,0,0
1187442,85fc6db5-2cd6-8011-2bed-50ea2c16b2c8,1,1176253,1176253,1187442,1182316,11189,11189,0,0,0,0
1187530,af8da205-be99-cacf-e332-b95b7e12af5a,1,1176403,1176403,1187530,1190390,11127,11127,0,0,0,0
1187956,63046fb9-e254-f1a3-b8e2-801747cf0362,1,1176690,1176690,1187956,1189189,11266,11266,0,0,0,0
1187977,71480cec-9e2b-51ff-677b-f7d464c60d28,1,1176858,1176858,1187977,1190383,11119,11119,0,0,0,0
1188042,66e9a251-ae96-3429-cedb-4451ed83e2f2,1,1176858,1176858,1188042,1186150,11184,11184,0,0,0,0
1188439,1861e622-e53c-4894-cf72-cd676c247145,1,1177229,1177229,1188439,1182814,11210,11210,0,0,0,0
1189187,183a56d8-e484-c2e7-c4ac-8d8673db3b17,1,1178024,1178024,1189187,1192936,11163,11163,0,0,0,0
1189698,9cddceff-2a8b-7755-ac7a-7b3f0039772a,1,1178483,1178483,1189698,1194458,11215,11215,0,0,0,0
1189789,39bcbb92-c7c8-bf2a-1076-e5df31b3affa,1,1178487,1178543,1189789,1184144,11246,11302,56,0,0,0
1189955,125e1789-e838-1904-6449-f9c7936480ba,1,1178664,1178664,1189955,1189313,11291,11291,0,0,0,0
1189996,9ecee699-2cee-96c3-8f40-54201f6426ec,1,1178665,1178724,1189996,1192399,11272,11331,59,0,0,0
1189988,bc53e2fa-291c-9c04-5b73-99396c74e071,1,1178681,1178724,1189988,1189478,11264,11307,43,0,0,0
1190094,266cd7dd-6c5c-c90e-e107-c813aaf54ba0,1,1178869,1178869,1190094,1187556,11225,11225,0,0,0,0
1190201,9b8a3415-baa4-64a4-08da-72667bef51e6,1,1178921,1178929,1190201,1187570,11272,11280,8,0,0,0
1190203,d1b95a9c-0770-f2fe-0130-fd79b86efbaa,1,1178883,1178929,1190203,1192659,11274,11320,46,0,0,0
1190770,2dc307c9-4f73-7f32-af73-8a86623bb95e,1,1179568,1179572,1190770,1191793,11198,11202,4,0,0,0
1190797,81f93b59-8598-36ab-01e5-02834dc5177d,1,1179545,1179572,1190797,1186748,11225,11252,27,0,0,0
1190821,32d96b65-dacc-b639-db6d-8a3c48bdf320,1,1179579,1179632,1190821,1185792,11189,11242,53,0,0,0
1190971,09edae8c-f4f7-9566-5b02-9f443e663788,1,1179761,1179778,1190971,1194803,11193,11210,17,0,0,0
1191986,c3495743-7833-5922-cc8b-25aeb3629b95,1,1180835,1180835,1191986,1192248,11151,11151,0,0,0,0
1192030,0dc377da-3a5c-2b4d-b625-46328966a216,1,1180860,1180895,1192030,1196976,11135,11170,35,0,0,0
1192157,fda59835-d280-1137-b2dc-738a7a83fe11,1,1180920,1180955,1192157,1186741,11202,11237,35,0,0,0
1192237,5f65a6ab-9c6d-e1f7-2abf-e3d868f9e081,1,1181090,1181090,1192237,1194376,11147,11147,0,0,0,0
1193039,a9aec628-719d-52ab-c947-cef977124ad1,1,1181856,1181858,1193039,1196415,11181,11183,2,0,0,0
1193272,513685ff-e482-c58b-88fe-7c1c7d255a04,1,1182092,1182099,1193272,1193776,11173,11180,7,0,0,0
1193323,121ad00f-4880-1a69-b6ca-eb438e0ba093,1,1182170,1182170,1193323,1195637,11153,11153,0,0,0,0
1193362,5e4827a2-b1d7-cd98-aa93-9d30fb67128c,1,1182187,1182230,1193362,1193141,11132,11175,43,0,0,0
1218541,efa1ad6a-8fdb-4557-cd38-2b1dc323eb05,1,1209737,1209737,1218541,1218466,8804,8804,0,0,0,0
1219093,82d5ebec-ef1d-4a47-e517-4aa41eaebe01,1,1210262,1210262,1219093,1220008,8831,8831,0,0,0,0
1221493,c65267bb-739a-db8f-153d-f34c73ceaef9,1,1212575,1212575,1221493,1217871,8918,8918,0,0,0,0
1222206,4f42b2a2-1b91-b3fd-cea0-4814276a81c4,1,1213254,1213254,1222206,1218544,8952,8952,0,0,0,0
1222295,2b58496e-b503-9a2e-4ddc-095dfbe47f5e,1,1213334,1213334,1222295,1221535,8961,8961,0,0,0,0
1222569,bdc5ddf1-ec4f-d668-0c1e-c18a9a7dc7c5,1,1213463,1213463,1222569,1218280,9106,9106,0,0,0,0
1223001,a403b4ba-f215-243a-80ee-5f131f88a890,1,1214092,1214092,1223001,1219153,8909,8909,0,0,0,0
1223468,a9828e9e-07c7-11d9-ad67-58e8614ef037,1,1214594,1214594,1223468,1224597,8874,8874,0,0,0,0
1223821,3d46f965-04d3-4bba-e708-6b7843f2dc81,1,1214881,1214881,1223821,1227366,8940,8940,0,0,0,0
1224296,62712073-b660-c144-a37c-b590cf364ea9,1,1215351,1215351,1224296,1223573,8945,8945,0,0,0,0
1224431,125cc200-2fcf-74d0-3ac1-e723ec0f1416,1,1215494,1215494,1224431,1226390,8937,8937,0,0,0,0
1224525,cd7a1042-91fd-35e0-9830-2ee18ed0b642,1,1215532,1215554,1224525,1222655,8971,8993,22,0,0,0
1225025,8abd1510-e6a3-b374-4512-a4a53eaa1da5,1,1216103,1216103,1225025,1224972,8922,8922,0,0,0,0
1225098,9b9cc0b8-a905-d919-57dd-ab10b00bdd01,1,1216123,1216163,1225098,1225662,8935,8975,40,0,0,0
1225193,5384e501-3183-5649-e309-60111ccb4691,1,1216228,1216228,1225193,1228543,8965,8965,0,0,0,0
1226744,e410dc4f-c935-53ca-749d-5628d7c5dee9,1,1217762,1217762,1226744,1226109,8982,8982,0,0,0,0
1226776,d12bc8a3-43a1-8170-e0d9-318d6babef07,1,1217800,1217822,1226776,1224470,8954,8976,22,0,0,0
1226856,22a58f6a-6670-1926-b658-a5b7a5940275,1,1217778,1217822,1226856,1230530,9034,9078,44,0,0,0
1226848,a610bb80-81dc-c68a-cfcc-0dc87625135f,1,1217830,1217882,1226848,1224376,8966,9018,52,0,0,0
1227379,0dd14fc8-59fb-6fc4-6047-c569dc34d3c9,1,1218403,1218403,1227379,1228760,8976,8976,0,0,0,0
1227936,abde0b9a-ec61-1ae4-e654-dd4a71c36222,1,1218990,1218990,1227936,1231412,8946,8946,0,0,0,0
1227992,ddc1f12e-81e3-73b0-db22-5a86291cadb0,1,1218998,1219050,1227992,1227376,8942,8994,52,0,0,0
1228385,82696cbb-b2ff-d23d-8e69-83850988862b,1,1219426,1219482,1228385,1229209,8903,8959,56,0,0,0
1228594,7cf2df86-62de-5cb8-9421-13981f137c02,1,1219732,1219732,1228594,1230331,8862,8862,0,0,0,0
1229142,c4f1bbd1-6075-319a-5a1b-1b7cee33602f,1,1220251,1220251,1229142,1233372,8891,8891,0,0,0,0
1229179,c5b6fc92-c064-f875-151d-f522f18678e4,1,1220266,1220311,1229179,1232261,8868,8913,45,0,0,0
1229173,d1146541-c824-b582-309f-f73b60ffaded,1,1220302,1220311,1229173,1229222,8862,8871,9,0,0,0
1229234,66a9280e-54b5-8440-d20d-81c01a87496e,1,1220328,1220371,1229234,1228915,8863,8906,43,0,0,0
1229732,3e5271e8-44bf-2ea3-fea3-ada7244b8ece,1,1220777,1220788,1229732,1231437,8944,8955,11,0,0,0
1229785,b7174c62-b2e5-29b5-1ca4-a9cc711ebcb7,1,1220814,1220848,1229785,1230865,8937,8971,34,0,0,0
1229805,46037f4a-091c-9af3-702e-ddecc3ba7904,1,1220794,1220848,1229805,1228206,8957,9011,54,0,0,0
1229811,474af94f-b14e-771e-44a1-07ec811b2d90,1,1220822,1220848,1229811,1229908,8963,8989,26,0,0,0
1230229,a947925c-501d-7030-6928-caa4ad88d02a,1,1218999,1219050,1230229,1234840,11179,11230,51,0,0,0
1230506,17c381e2-5044-054f-378b-44d8af84f87e,1,1221620,1221620,1230506,1233060,8886,8886,0,0,0,0
1230978,20ac853c-7300-2849-73e3-8f3aa5b382cd,1,1222084,1222084,1230978,1230710,8894,8894,0,0,0,0
1231335,d36013e2-2768-4ff5-b3ba-cf910816dd28,1,1222356,1222415,1231335,1227791,8920,8979,59,0,0,0
1231444,b9b2d34a-3996-d153-ed94-6d902d3d532d,1,1222529,1222529,1231444,1234701,8915,8915,0,0,0,0
1231797,815a1703-c2ec-e0a5-dd9c-7e423d945ba0,1,1222945,1222945,1231797,1233779,8852,8852,0,0,0,0
1232578,3e98a76d-597d-36aa-da12-0cb435b413b2,1,1223661,1223668,1232578,1229837,8910,8917,7,0,0,0
1232606,ee34409a-61f0-7629-c975-5fb9871a48bb,1,1223681,1223728,1232606,1236506,8878,8925,47,0,0,0
1233028,e90c0e32-5f19-30b1-7b9f-35c9616d3315,1,1224166,1224167,1233028,1231668,8861,8862,1,0,0,0
1233365,7760a889-7b24-3e08-bcb7-4f6345e753c9,1,1224440,1224491,1233365,1234539,8874,8925,51,0,0,0
1233860,e53a619b-52bb-a9b0-0a76-d3247b800ec0,1,1224891,1224939,1233860,1230055,8921,8969,48,0,0,0
1233948,8325835b-ca90-c782-2df9-9be2fe652f19,1,1225003,1225003,1233948,1235834,8945,8945,0,0,0,0
1234218,a077aa11-dbb6-1a96-8da3-5919c97fb090,1,1225191,1225243,1234218,1237848,8975,9027,52,0,0,0
1235046,d8ad8a84-d791-5d72-7572-d60fb9422156,1,1226111,1226111,1235046,1232376,8935,8935,0,0,0,0
1235128,77840f6e-d373-0c21-3a4b-c20e0080b1ed,1,1226191,1226191,1235128,1231414,8937,8937,0,0,0,0
1235162,8636d371-6143-4e74-bee8-3ac55c845452,1,1226222,1226251,1235162,1237625,8911,8940,29,0,0,0
1235164,7b1f46e0-2b63-c79f-fcd8-414e6848cf69,1,1226223,1226251,1235164,1235043,8913,8941,28,0,0,0
1235919,c00c271a-6fbe-7b04-699c-f6b0033d74ad,1,1224698,1224698,1235919,1230885,11221,11221,0,0,0,0
1298994,f66043cc-2ecc-2beb-02cf-5515af6d8ede,1,1290148,1290148,1298994,1297309,8846,8846,0,0,0,0
1300613,88b0dff6-f95c-7dc3-4499-87bc49bcdb9d,1,1291555,1291555,1300613,1302556,9058,9058,0,0,0,0
1300834,9d817e3f-ecee-f93f-761c-b26b81b7bc0f,1,1291788,1291788,1300834,1301202,9046,9046,0,0,0,0
1300855,dac066c4-b0f3-a366-6604-a50edcc42a9c,1,1291864,1291908,1300855,1300331,8947,8991,44,0,0,0
1300888,14b7c23c-8f83-407c-fbf5-f80bace71d92,1,1291877,1291908,1300888,1304383,8980,9011,31,0,0,0
1300897,d9a35e4e-2dc5-66c2-2fa4-9ad5a90bcd5a,1,1291818,1291848,1300897,1297725,9049,9079,30,0,0,0
1301078,e58500a5-d139-95bc-019e-275733db9864,1,1292090,1292090,1301078,1301755,8988,8988,0,0,0,0
1301181,628b79f3-294d-7303-6d90-97156e04a225,1,1292209,1292209,1301181,1305425,8972,8972,0,0,0,0
1301231,aa9eab53-6309-1f60-4545-461d69a1090e,1,1292375,1292375,1301231,1303374,8856,8856,0,0,0,0
1301339,2ef7104a-8be3-97ec-c5b6-8120525d924b,1,1292465,1292465,1301339,1302170,8874,8874,0,0,0,0
1301951,83816186-47c7-46ee-9f49-ba8034146e80,1,1293064,1293064,1301951,1304525,8887,8887,0,0,0,0
1302686,9d443522-0ef0-8ce9-accf-548d5a4a9b62,1,1293833,1293833,1302686,1305854,8853,8853,0,0,0,0
1302895,4f0fa652-97bb-e20b-f5d9-51dfa6020c58,1,1294057,1294057,1302895,1305392,8838,8838,0,0,0,0
1303523,346d82cd-2913-5c61-c8b1-8b6370224fc2,1,1294666,1294666,1303523,1307836,8857,8857,0,0,0,0
1304036,4bdf8fbe-9dfd-dee2-fb4d-b35f06c7853d,1,1295111,1295167,1304036,1302907,8869,8925,56,0,0,0
1304078,c94b832b-03f6-e606-7257-52e4e0d9c43d,1,1295201,1295227,1304078,1300295,8851,8877,26,0,0,0
1304378,9a2b48c8-cf13-faaa-f64b-91170541ac02,1,1295380,1295409,1304378,1301558,8969,8998,29,0,0,0
1304404,8a64092d-b2f4-8a7d-f858-39064e47c4e1,1,1295435,1295469,1304404,1300215,8935,8969,34,0,0,0
1304452,12e4bb2a-d7bd-37d6-ef33-67864c418f30,1,1295513,1295529,1304452,1305280,8923,8939,16,0,0,0
1304642,4cd1b793-1368-8cc6-7e48-5a621e75b3f4,1,1295843,1295844,1304642,1305941,8798,8799,1,0,0,0
1304694,34092602-9a37-d369-926b-7f70a196e2a0,1,1295742,1295784,1304694,1304972,8910,8952,42,0,0,0
1304849,97f36525-9667-6669-2034-a739664e6f38,1,1295982,1295982,1304849,1302400,8867,8867,0,0,0,0
1305399,3718bf8f-a4f8-1c31-2070-98797d549614,1,1296553,1296553,1305399,1303306,8846,8846,0,0,0,0
1305494,7c4a6f10-b7c2-a1fe-e221-47b241d0489f,1,1296557,1296613,1305494,1303999,8881,8937,56,0,0,0
1306149,43e9db4b-026b-ca59-dd12-4552247c5f63,1,1297147,1297152,1306149,1308827,8997,9002,5,0,0,0
1306228,9152fdaf-ade5-4308-3b41-230e7f83b319,1,1297252,1297252,1306228,1307727,8976,8976,0,0,0,0
1306800,c7aa3e29-70f5-f15f-8ada-3b71d9bb6d76,1,1297841,1297841,1306800,1303917,8959,8959,0,0,0,0
1307233,44d85d4d-12b1-ea49-6e4b-7f0cbf711f61,1,1298333,1298333,1307233,1304328,8900,8900,0,0,0,0
1307739,051b54c7-5d85-1999-e22b-69192698a08c,1,1298697,1298728,1307739,1307404,9011,9042,31,0,0,0
1307724,64619be5-4a47-fd45-cdae-d7f2d0fb2c70,1,1298750,1298788,1307724,1303442,8936,8974,38,0,0,0
1307828,3731ed5c-8453-9a74-3366-f47f964d269c,1,1298742,1298788,1307828,1311693,9040,9086,46,0,0,0
1308703,0618e063-a48b-c2f1-1f84-803eff043347,1,1299843,1299843,1308703,1312534,8860,8860,0,0,0,0
1309236,f6bcaafe-4c96-b264-2d18-e78b14ba480c,1,1300330,1300389,1309236,1306987,8847,8906,59,0,0,0
1309540,9219a6ff-10b6-543d-e5ce-5cc3ab6ce2d9,1,1300671,1300687,1309540,1307733,8853,8869,16,0,0,0
1309740,3084a123-3300-aa0a-5140-63dcef3cfee9,1,1300865,1300894,1309740,1313866,8846,8875,29,0,0,0
1310945,934172ca-d9a5-f0cd-077e-0b6e6a25d5f0,1,1302052,1302111,1310945,1308988,8834,8893,59,0,0,0
1313102,6e452dd8-fc46-1190-4a73-4225e2e4f74d,1,1304203,1304216,1313102,1311961,8886,8899,13,0,0,0
1313401,259c0ce0-cddf-f6ac-0bad-cb88c06f2f35,1,1304550,1304558,1313401,1317268,8843,8851,8,0,0,0
1313515,8624b8eb-f33d-d549-033b-ca83a1ddce38,1,1304627,1304627,1313515,1313085,8888,8888,0,0,0,0
1313925,55d8ebbc-56f0-2c4b-19e7-7b40234e77f9,1,1305005,1305005,1313925,1315702,8920,8920,0,0,0,0
1314283,8bc538dc-45c8-435d-b69f-189441e48f0b,1,1305350,1305350,1314283,1310859,8933,8933,0,0,0,0
1314333,1a42af17-8f63-0ed2-0abb-bc60239ad066,1,1305408,1305410,1314333,1318159,8923,8925,2,0,0,0
1314385,8f9dfbbd-f489-59da-35af-2feae630e14a,1,1305384,1305410,1314385,1313750,8975,9001,26,0,0,0
1314375,a5edad38-7bf9-9a3b-c780-f8f57939dfee,1,1305398,1305410,1314375,1311393,8965,8977,12,0,0,0
1314610,8cb7c456-ac24-106d-1782-31bed43bfab9,1,1305702,1305702,1314610,1313001,8908,8908,0,0,0,0
1314641,5af8573e-4538-3e06-c966-74bd94508ea6,1,1305711,1305762,1314641,1312611,8879,8930,51,0,0,0
1315409,85577b54-c2c1-e423-eb10-76f54e67bd10,1,1306523,1306523,1315409,1318830,8886,8886,0,0,0,0
1316004,aec95ee1-31a7-e3f0-3a1d-1e22e6254451,1,1307133,1307168,1316004,1320271,8836,8871,35,0,0,0
1316200,7df5a971-af3d-ea5e-abfa-a511bb57cf4e,1,1307144,1307168,1316200,1317576,9032,9056,24,0,0,0
1316527,d7fe52bd-8e68-b94e-4c73-b5815a854002,1,1307640,1307640,1316527,1317151,8887,8887,0,0,0,0
1316820,d04228ad-b884-ba09-bdcc-79fc0e9cd25a,1,1307947,1307948,1316820,1314077,8872,8873,1,0,0,0
1316965,901bef93-53ae-23be-92cd-00eab94c2176,1,1308065,1308068,1316965,1313034,8897,8900,3,0,0,0
1317152,6be91222-23d7-147c-1031-a3ee7532ed24,1,1308033,1308068,1317152,1314943,9084,9119,35,0,0,0
1317320,9b398290-6dd2-56d3-4cd5-8b38234aa409,1,1308445,1308445,1317320,1315194,8875,8875,0,0,0,0
1317331,e930f348-e5bb-f1db-222a-e9778151354b,1,1308452,1308505,1317331,1317485,8826,8879,53,0,0,0
1319422,60fe85f7-699c-cfcf-e4dd-92d5f3ce2cd1,1,1310580,1310580,1319422,1317505,8842,8842,0,0,0,0
1319969,9f74e19a-1b5f-8260-ede3-cc9e82696673,1,1311072,1311079,1319969,1316395,8890,8897,7,0,0,0
1320145,94e47c00-7192-8f37-e441-07a5b3fe590b,1,1310992,1311019,1320145,1320714,9126,9153,27,0,0,0
1321086,a0308e4a-7825-97e7-1f7c-87cef3a4ee04,1,1312224,1312224,1321086,1324712,8862,8862,0,0,0,0
1321301,21c873ee-2ae8-5748-39a5-14165c3f02e8,1,1312445,1312445,1321301,1325195,8856,8856,0,0,0,0
1321827,b1e055e4-b472-6cae-8904-23572d91a4d7,1,1313010,1313018,1321827,1317457,8809,8817,8,0,0,0
1322047,7081c4d9-b5ee-4e8f-1d0d-f4f6fbe6bf14,1,1313163,1313163,1322047,1322806,8884,8884,0,0,0,0
1322331,87737d2c-fb30-9729-a4c5-fe76b6b1fe2c,1,1313457,1313461,1322331,1323391,8870,8874,4,0,0,0
1322413,09d1ed6b-d383-0a5e-ccc8-f751c63fceeb,1,1313531,1313581,1322413,1325153,8832,8882,50,0,0,0
1322716,82df02c3-a930-c876-7598-c9e7c70381f9,1,1313889,1313899,1322716,1323779,8817,8827,10,0,0,0
1322932,1bd13af9-bdbd-c08f-b38d-5204c6b6ef47,1,1314120,1314120,1322932,1320672,8812,8812,0,0,0,0
1322983,b9673f5d-5382-f722-2719-e231b5b50d60,1,1314137,1314180,1322983,1322509,8803,8846,43,0,0,0
1323092,c8e7caae-c5a2-8d39-d56d-f176d6b3a06d,1,1314253,1314253,1323092,1324108,8839,8839,0,0,0,0
1414520,d93d5c97-0608-a8f3-5e99-ef2c8f5bf143,1,1397853,1397853,1414520,1408535,16667,16667,0,0,0,0
1414698,f53b56bd-f133-7b8c-abe0-054b02af8985,1,1398034,1398069,1414698,1421940,16629,16664,35,0,0,0
1414765,c4a6358a-5c22-bc7d-492f-0d9ce726a4f5,1,1398182,1398182,1414765,1415136,16583,16583,0,0,0,0
1414912,43b3d221-7167-9fa0-78f8-817f0bdffed7,1,1397882,1397913,1414912,1414354,16999,17030,31,0,0,0
1414924,ae8120e7-ae7c-8fc4-7612-1caaca66e6e0,1,1398009,1398009,1414924,1414617,16915,16915,0,0,0,0
1414947,ca6eb404-ce8f-4cb3-3606-89e5e1d01d2f,1,1398018,1398069,1414947,1416072,16878,16929,51,0,0,0
1415006,d1195513-4e25-c35b-1a30-962773c04e30,1,1398385,1398411,1415006,1407697,16595,16621,26,0,0,0
1415072,71ed9b3c-ea8c-300b-39a2-bd013d73745d,1,1398351,1398351,1415072,1422471,16721,16721,0,0,0,0
1415067,130e93a0-0851-d87c-74f2-0c2e13b233c6,1,1398398,1398411,1415067,1410557,16656,16669,13,0,0,0
1415095,abf876f5-c26f-80a0-fa26-0ff87e4136ca,1,1398407,1398411,1415095,1406759,16684,16688,4,0,0,0
1415145,e905c981-cfa2-9801-7687-9b4f1d28650d,1,1398412,1398471,1415145,1411001,16674,16733,59,0,0,0
1415145,7e495a70-08fd-6f23-07ff-0a3afcd3f5eb,1,1398564,1398564,1415145,1421238,16581,16581,0,0,0,0
1415271,02465a1c-377e-b73c-30b3-79fb8a9dc373,1,1398865,1398865,1415271,1412446,16406,16406,0,0,0,0
1415338,663654db-c3ac-69b6-1892-a4a97a7ea41e,1,1398748,1398748,1415338,1422737,16590,16590,0,0,0,0
1415479,327ccecd-e973-12b4-01e3-439024f1d991,1,1398935,1398935,1415479,1409942,16544,16544,0,0,0,0
1415490,64c4ab92-c561-9763-f727-2f2585ed0389,1,1398947,1398995,1415490,1421881,16495,16543,48,0,0,0
1415529,bcf277de-a97f-e754-3bd1-eb891c79304b,1,1398984,1398995,1415529,1408870,16534,16545,11,0,0,0
1415758,69ec2340-3d3f-45fc-d859-16998b935be5,1,1399209,1399224,1415758,1411987,16534,16549,15,0,0,0
1415839,f7fa11d9-a9fa-b3a8-f85e-eabc31d6dfd8,1,1399164,1399164,1415839,1417408,16675,16675,0,0,0,0
1415924,350b7a76-9906-5cbd-0649-366ee71d558f,1,1399266,1399284,1415924,1417632,16640,16658,18,0,0,0
1415956,094b49b4-a10c-e86a-7224-98c668e8a7c1,1,1399173,1399224,1415956,1413174,16732,16783,51,0,0,0
1415989,751e07ea-ea88-1d1f-9ea8-9fac1f9a33b3,1,1399352,1399352,1415989,1415848,16637,16637,0,0,0,0
1415988,0358bbf9-af39-6eae-c225-fc722d73cb54,1,1399412,1399412,1415988,1413591,16576,16576,0,0,0,0
1416113,52c8ce65-17fa-a693-ce07-c7fa04593fa3,1,1399527,1399527,1416113,1418609,16586,16586,0,0,0,0
1416185,df8f2538-cd7e-5244-6aad-869f60fafcd1,1,1399595,1399595,1416185,1411482,16590,16590,0,0,0,0
1416274,559a434b-ad4f-d1e7-ac1d-2219a5e796f6,1,1399688,1399688,1416274,1408902,16586,16586,0,0,0,0
1416458,9f58819e-eff7-0498-592d-be191f44bb3d,1,1399999,1400053,1416458,1423249,16405,16459,54,0,0,0
1416469,1fbfbaab-6bb0-8ec2-9420-1cdd5164d20d,1,1399933,1399933,1416469,1420707,16536,16536,0,0,0,0
1416543,2233df49-385f-b12e-2c41-012b231466db,1,1399941,1399993,1416543,1412771,16550,16602,52,0,0,0
1416611,ab65c027-6ed3-f886-2d78-c53c1f8737cd,1,1399948,1399993,1416611,1421672,16618,16663,45,0,0,0
1416679,569cbbd7-6634-b14f-e73e-80e29afd9322,1,1400142,1400142,1416679,1411761,16537,16537,0,0,0,0
1416662,49b23401-3155-ae1a-b8f5-466a57434114,1,1400173,1400202,1416662,1416188,16460,16489,29,0,0,0
1416954,db32ed20-b331-fc83-aed6-056f56adbbc8,1,1400464,1400464,1416954,1420025,16490,16490,0,0,0,0
1417956,a0d6181b-cdc3-9d8d-fb33-35f4436b976d,1,1401416,1401416,1417956,1412634,16540,16540,0,0,0,0
1417984,ba942c2f-ea29-0646-ba03-9ff34bae5ead,1,1401465,1401476,1417984,1412823,16508,16519,11,0,0,0
1417986,a7f0dd3f-dd8d-dc24-1e91-3504ea19c387,1,1401469,1401476,1417986,1415324,16510,16517,7,0,0,0
1418180,c7e9bd6c-ca82-99fc-1d01-4f859cb08acd,1,1401663,1401670,1418180,1424623,16510,16517,7,0,0,0
1418238,c0d4f348-1ae8-13d6-837a-85f835b91e50,1,1401681,1401730,1418238,1424885,16508,16557,49,0,0,0
1418400,f5d8c67c-e6ef-bbe7-c184-4d46e31889d7,1,1401831,1401883,1418400,1424732,16517,16569,52,0,0,0
1418438,b64d5532-40bf-48ee-cc92-a8fa1a929ba8,1,1401842,1401883,1418438,1411760,16555,16596,41,0,0,0
1418417,e7df3b36-a72d-216f-981e-2a5d8424a141,1,1402066,1402067,1418417,1422396,16350,16351,1,0,0,0
1418508,cdce4e59-66ee-f1ca-00ca-6933ff269b29,1,1401872,1401883,1418508,1411518,16625,16636,11,0,0,0
1418628,e1559cbe-05b9-5c7d-bdec-75922d13c209,1,1402154,1402187,1418628,1424525,16441,16474,33,0,0,0
1418644,9f5cadfe-c7be-2192-38b8-7f1a01fd01e1,1,1402062,1402067,1418644,1416980,16577,16582,5,0,0,0
1418691,339a0de4-c97e-6b41-5f0b-1048a717744c,1,1402017,1402067,1418691,1414485,16624,16674,50,0,0,0
1420729,4b76a151-2c9a-95fc-720e-3d4054d9a61b,1,1404295,1404295,1420729,1422036,16434,16434,0,0,0,0
1420779,dd73558e-0763-3c8b-aab6-f61e7847950d,1,1404304,1404355,1420779,1420461,16424,16475,51,0,0,0
1420875,f32cd9e1-a099-b3d1-7176-3ad04f2d2c2b,1,1404330,1404355,1420875,1420982,16520,16545,25,0,0,0
1421093,7e260331-ff41-f4b0-49c1-464b2bc65e6c,1,1404594,1404594,1421093,1424923,16499,16499,0,0,0,0
1450202,1d315c6b-995f-5a9a-30e7-425a476838d1,1,1433586,1433586,1450202,1447981,16616,16616,0,0,0,0
1450712,8d670c83-6983-2b73-d6d8-dfdfacbab235,1,1433950,1433950,1450712,1444832,16762,16762,0,0,0,0
1450740,674ee276-c240-ac45-21d2-e0e4af76bd01,1,1433954,1434010,1450740,1451759,16730,16786,56,0,0,0
1450817,54eaf232-434b-47d3-84e6-98c8fc7f80f9,1,1434032,1434070,1450817,1448615,16747,16785,38,0,0,0
1450841,2beb4b9b-860c-93bd-d8ce-e688c04dfb6d,1,1433969,1434010,1450841,1455885,16831,16872,41,0,0,0
1450848,2175b824-f7b8-bbce-1531-2466224dee35,1,1434136,1434136,1450848,1457926,16712,16712,0,0,0,0
1450938,92b50103-a0e7-f9d2-98c7-491f4e55d7ae,1,1434211,1434211,1450938,1457276,16727,16727,0,0,0,0
1450999,bebe168c-fb84-fe19-e8f5-29045ae60174,1,1434425,1434425,1450999,1445287,16574,16574,0,0,0,0
1451017,d8c0458a-d929-2927-1751-b6f348a79876,1,1434303,1434331,1451017,1445292,16686,16714,28,0,0,0
1451104,31a19501-bc3b-0b21-9a3a-f0de2d4b16ab,1,1434226,1434271,1451104,1442979,16833,16878,45,0,0,0
1451175,112743c9-85dc-c4ba-fa7a-31d36e136b2d,1,1434544,1434545,1451175,1446889,16630,16631,1,0,0,0
1451214,284b9133-aca8-438b-c6cf-0c6389be8e6c,1,1434491,1434545,1451214,1456416,16669,16723,54,0,0,0
1451198,586fd16c-7d7e-36e0-ccad-595a014b246a,1,1434588,1434605,1451198,1446737,16593,16610,17,0,0,0
1451200,eebd2d65-5fd1-c48a-0105-ab87a8604414,1,1434599,1434605,1451200,1456680,16595,16601,6,0,0,0
1451420,c67d3af5-3df6-13ad-9f50-651d3014d441,1,1434721,1434721,1451420,1459093,16699,16699,0,0,0,0
1451447,7e4531d3-e0cd-19fe-0c20-1367812c5ef8,1,1434429,1434485,1451447,1448437,16962,17018,56,0,0,0
1451539,5327257c-ae22-4823-9871-7ab5e2d859ec,1,1434947,1434947,1451539,1451188,16592,16592,0,0,0,0
1451697,0ad652b1-a43b-c032-5ac0-4d8df88e8c19,1,1435028,1435028,1451697,1448264,16669,16669,0,0,0,0
1451741,410b1d17-0b82-7d60-1e88-93dcf865a214,1,1435084,1435088,1451741,1445232,16653,16657,4,0,0,0
1451761,23cf20fe-3301-4ddb-8c5c-0556ddc6dea3,1,1435141,1435148,1451761,1445289,16613,16620,7,0,0,0
1451832,c2674c02-b25a-3946-8c78-e5b452da8e10,1,1435108,1435148,1451832,1444500,16684,16724,40,0,0,0
1451877,c97f4d07-ae8b-6ad0-3f5b-72c98be8034c,1,1435168,1435208,1451877,1449007,16669,16709,40,0,0,0
1452005,e5011668-96fa-a56d-63de-bd098ab86b6c,1,1435470,1435509,1452005,1450627,16496,16535,39,0,0,0
1452056,e82fb1a6-da9c-5a8e-3b52-3f5343e838a0,1,1435329,1435329,1452056,1450893,16727,16727,0,0,0,0
1452064,b57462cd-50dc-de75-ba58-e67787d37e27,1,1435341,1435389,1452064,1457704,16675,16723,48,0,0,0
1452110,02afc554-a5b3-b9ec-72a6-e806bdffa878,1,1435531,1435569,1452110,1450729,16541,16579,38,0,0,0
1452151,82b152bd-6fed-ffbf-d02a-9256af3a1b3c,1,1435417,1435449,1452151,1444727,16702,16734,32,0,0,0
1452138,4aa57154-bcad-17d8-821c-8119fdcbf9f0,1,1435497,1435509,1452138,1454666,16629,16641,12,0,0,0
1452192,0fef0c07-6663-19cb-b8f8-b08a56296285,1,1435550,1435569,1452192,1459824,16623,16642,19,0,0,0
1452230,eada92ae-f94b-d74b-7e03-1136a2e9fa0a,1,1435741,1435741,1452230,1453244,16489,16489,0,0,0,0
1452471,363fcdff-4f14-9002-bff4-ca9d7ea292a4,1,1435823,1435823,1452471,1450475,16648,16648,0,0,0,0
1452560,394b364a-d288-ec4e-addc-12b7898eedf0,1,1435523,1435569,1452560,1448674,16991,17037,46,0,0,0
1452570,0a74b40d-1eec-7487-cc9a-05b1ac052bbb,1,1435931,1435931,1452570,1455550,16639,16639,0,0,0,0
1452605,e9c1c104-6f3e-5503-039f-2e99c39d85af,1,1435941,1435991,1452605,1453624,16614,16664,50,0,0,0
1452691,53f6d5be-2267-da8e-e928-875df45d601d,1,1435989,1435991,1452691,1454378,16700,16702,2,0,0,0
1452718,06c6c650-5813-a58c-1f75-e653b3e22ef9,1,1436022,1436051,1452718,1460486,16667,16696,29,0,0,0
