time,job_id,num_gpu,submit_time,start_time,end_time,ddl,executed_time,JCT,pending_time,preempt,promote,best_effort_job
4985,d36ea58c-460e-000c-6306-d8ab27964133,1,3793,3793,4985,4573,1192,1192,0,0,0,0
5039,531fc7e7-ce5c-cce7-26dc-27e23b730749,1,3795,3853,5039,5164,1186,1244,58,0,0,0
5077,3d84456b-6929-14f2-9dd5-7793b7d82a86,1,3794,3853,5077,5346,1224,1283,59,0,0,0
5066,bc55dba0-58c8-f7e4-b81e-494dab1230cb,1,3799,3853,5066,4871,1213,1267,54,0,0,0
5102,40a87869-bd1a-51ad-d029-1cd0a70a2229,1,3799,3853,5102,4840,1249,1303,54,0,0,0
5072,488be9a1-81e5-7112-da79-b9dc90bf5f7f,1,3799,3853,5072,5249,1219,1273,54,0,0,0
5102,4cd7a84e-5e88-6e1c-d5a9-192ee5190e9a,1,3802,3853,5102,4510,1249,1300,51,0,0,0
5097,10f377f9-92a4-0698-729e-5d522b6c6636,1,3812,3853,5097,4595,1244,1285,41,0,0,0
5098,e12a6642-0250-c97d-8cb1-b6771a395572,1,3816,3853,5098,4781,1245,1282,37,0,0,0
5199,7b658187-c302-20f6-4ccf-d47bab78655c,1,3979,3979,5199,5677,1220,1220,0,0,0,0
6468,411bf458-4230-28a3-ca2d-1d1aa3913b9b,1,5858,5858,6468,6255,610,610,0,0,0,0
6704,d037c5e3-3183-1b8a-98b9-562608ab8a4b,1,6080,6080,6704,6833,624,624,0,0,0,0
6792,63999898-8f8e-95de-7871-d97e2a6c4063,1,6102,6140,6792,6989,652,690,38,0,0,0
6840,c442a9c7-8e50-917c-b38e-5c3b5f42695c,1,6160,6200,6840,6944,640,680,40,0,0,0
7648,c3943229-9193-4764-3a43-ab38650e1236,1,4178,4178,7648,5917,3470,3470,0,0,0,0
7648,24785248-c0b5-770f-4b6d-35a0c7268b74,1,4178,4178,7648,7315,3470,3470,0,0,0,0
7696,47b3c7f8-5cc9-c11b-5252-2ad9c063c05f,1,4181,4238,7696,6928,3458,3515,57,0,0,0
7752,a709ea60-037a-77a6-97d6-e4557008abd1,1,4183,4238,7752,8937,3514,3569,55,0,0,0
12378,0ad77bbb-e545-a90d-1f30-3c94aa172ba3,1,11213,11262,12378,11768,1116,1165,49,0,0,0
12414,17a3653f-2ebc-eb22-89be-54eca392c682,1,11258,11262,12414,12548,1152,1156,4,0,0,0
12669,f19e1d46-d354-808a-5df8-d7b13c4bcd29,1,11463,11502,12669,12834,1167,1206,39,0,0,0
13363,a03e2e89-a71b-1159-e9b0-46e22490cfe5,1,11476,11502,13363,13683,1861,1887,26,0,0,0
24969,d7fba2e4-685d-9bcb-8d7d-8149e2c9ea14,2,22394,22451,24969,26127,2518,2575,57,0,0,0
35202,2f3cb4af-e860-673e-611e-1ac690e32a8a,1,34489,34489,35202,35519,713,713,0,0,0,0
35232,5deca35c-ab92-da93-ed00-7cda429233eb,1,6203,6260,35232,34859,28972,29029,57,0,0,0
35251,52ac4f24-2058-7901-2e7a-962d766e08fe,1,6312,6320,35251,46188,28931,28939,8,0,0,0
35277,6ff27dbf-2e3a-1a0f-75b0-512cff1b2e20,1,6348,6380,35277,33273,28897,28929,32,0,0,0
35322,6e55a932-ed98-e4cf-15f6-b34b8d03fa0a,1,6417,6440,35322,28060,28882,28905,23,0,0,0
35351,18745d8d-749e-4d5a-bb3b-87263d9c123a,1,34166,34166,35351,35715,1185,1185,0,0,0,0
35401,c794ed53-9ee9-929c-d274-e1f5435585ad,1,6460,6500,35401,40705,28901,28941,40,0,0,0
35444,d8a8834a-d703-2680-70e8-0bb73f8d0239,1,6410,6440,35444,35351,29004,29034,30,0,0,0
35461,376265e0-da00-681a-ab2a-13cec8f3b709,1,6459,6500,35461,32976,28961,29002,41,0,0,0
35562,785e4b79-7a18-9047-ea9f-43a9a750470e,1,6470,6500,35562,49437,29062,29092,30,0,0,0
35539,ea434875-2386-649b-92bf-06e739e5a921,1,6639,6639,35539,46495,28900,28900,0,0,0,0
35587,52ce38d3-489a-1456-1a18-1622dd5530ac,1,6641,6699,35587,46965,28888,28946,58,0,0,0
35637,d8ac924f-7eda-2377-866c-38ae88451d69,1,6465,6500,35637,25158,29137,29172,35,0,0,0
35650,267f7b8c-6f56-9e06-5d31-0895d30a69a9,1,6900,6939,35650,34353,28711,28750,39,0,0,0
35785,12c28897-9b66-50c7-0619-d8b02f4b8ba4,1,10438,10482,35785,25236,25303,25347,44,0,0,0
35939,f15f1d41-8ec0-1abc-e837-a6b181e5e5d3,1,6898,6939,35939,27138,29000,29041,41,0,0,0
35944,68e28ac8-1f21-ee82-7e4e-7c552ec7f4be,1,6956,6999,35944,46724,28945,28988,43,0,0,0
35994,3306cef2-1339-47fc-d0c7-eebf266e0bf8,1,7149,7167,35994,34397,28827,28845,18,0,0,0
35996,b66a26c3-caf2-b6c4-f0d3-8708dd0717e1,1,7154,7167,35996,30413,28829,28842,13,0,0,0
36007,179ea254-7a34-2899-36bc-667e44782b10,1,6959,6999,36007,28414,29008,29048,40,0,0,0
36006,c8cd2866-274e-02b5-6411-e0c066ff2eca,1,6959,6999,36006,29249,29007,29047,40,0,0,0
36050,ef45c6ef-686d-64da-1af1-e92c025e9ed9,1,7107,7107,36050,30766,28943,28943,0,0,0,0
36146,00b4df16-b231-77b2-07d3-36903d7c623b,1,7189,7227,36146,50051,28919,28957,38,0,0,0
36151,a3ba9450-73eb-2b40-8697-eb6d303b209d,1,6893,6939,36151,36866,29212,29258,46,0,0,0
36306,8878f572-cf1b-1759-8f19-d44e421a4a99,1,7503,7527,36306,23717,28779,28803,24,0,0,0
36347,e8561d00-a0c9-4ca3-56f1-9a49a6e9ece0,1,7489,7527,36347,45974,28820,28858,38,0,0,0
36394,766396c5-7161-2d0d-3bc3-63292f1f1959,1,7252,7287,36394,27336,29107,29142,35,0,0,0
36383,632bf153-0460-a3f2-218c-ec4f2888c584,1,7267,7287,36383,41513,29096,29116,20,0,0,0
36419,91978e7a-1b56-051e-c0a6-fdda1a83b9a3,1,7338,7347,36419,40728,29072,29081,9,0,0,0
36411,486caed1-c32f-a80f-f50f-26e02c8fdd04,1,7349,7407,36411,33460,29004,29062,58,0,0,0
36393,658caa94-c9c6-ed75-cd41-f75fc6d0c37c,1,7438,7467,36393,28762,28926,28955,29,0,0,0
36393,30f3da08-383a-d6f3-7c12-e89b0211af24,1,7491,7527,36393,26577,28866,28902,36,0,0,0
36451,e6fd9f5a-134e-782b-875d-7c40c1568235,1,7589,7647,36451,41714,28804,28862,58,0,0,0
36543,91d35151-9da8-fdce-3fb2-36592d623927,1,7605,7647,36543,49066,28896,28938,42,0,0,0
36589,eabc4276-a836-b345-a23b-7b34c1b3cc7d,1,7549,7587,36589,31131,29002,29040,38,0,0,0
36761,68c8a81e-3470-ab92-a1fc-72376877c029,1,7693,7707,36761,36268,29054,29068,14,0,0,0
36937,a03e235b-6c41-51b7-1d2d-e8daf1ec53e1,1,8049,8051,36937,39029,28886,28888,2,0,0,0
37037,92be2952-192c-a464-34b9-084db1e6e2f9,1,8004,8051,37037,43110,28986,29033,47,0,0,0
37075,95a31563-952f-f3ab-d23b-8bc50487bf8f,1,7807,7827,37075,37433,29248,29268,20,0,0,0
37053,64dff775-2266-4824-8f85-39db651aa96d,1,7991,7991,37053,50646,29062,29062,0,0,0,0
37118,b9e1cc33-ad88-9b64-8309-3f9d36079e8f,1,8045,8051,37118,25922,29067,29073,6,0,0,0
37109,7381c43d-174e-4cb7-f8a3-9f3afd5c4fe5,1,8054,8111,37109,27427,28998,29055,57,0,0,0
37256,5adccbba-2fb3-bfaf-fcac-b8e5fa209bde,1,8144,8171,37256,40410,29085,29112,27,0,0,0
37286,8181f50b-08bd-c7a7-29e3-ff1fd938b3db,1,8158,8171,37286,41473,29115,29128,13,0,0,0
37281,7e7b8cda-1408-dc45-acd0-2809368e81fe,1,8263,8263,37281,26177,29018,29018,0,0,0,0
37772,2df49e3a-1107-dccd-93da-23268fbe7497,1,8808,8808,37772,39954,28964,28964,0,0,0,0
37782,91c5a281-5819-99ce-2116-ff527db85fd3,1,8658,8658,37782,36686,29124,29124,0,0,0,0
37785,6c37efac-8767-4a6f-6941-64b6bdac02a8,1,8941,8941,37785,27605,28844,28844,0,0,0,0
37927,50241ac8-7472-91d6-92c9-60b9441a40ac,1,9028,9061,37927,31686,28866,28899,33,0,0,0
37947,81e6f0e6-5a54-80a4-5dd5-d272158bfbe9,1,8739,8739,37947,33943,29208,29208,0,0,0,0
37943,cca7d3a9-c329-6d09-92b7-b7d93d9e3149,1,8871,8871,37943,37143,29072,29072,0,0,0,0
37952,da3c9966-3987-0bbe-e8f9-8e80a5749d6f,1,9125,9125,37952,45914,28827,28827,0,0,0,0
37992,33b11856-2cef-52a9-b89c-682785e319d6,1,9022,9061,37992,46313,28931,28970,39,0,0,0
38096,7990c768-a994-e415-6385-b2b75e27da31,1,9026,9061,38096,40350,29035,29070,35,0,0,0
38161,eb60820b-b0f9-5bec-f72e-45e4818e4059,1,9129,9185,38161,26579,28976,29032,56,0,0,0
38192,947780e4-bbd3-0feb-3081-60c7da9251c8,1,9213,9245,38192,48161,28947,28979,32,0,0,0
38309,66144d23-4d11-814e-b25a-acbf12d69bbb,1,9363,9365,38309,46331,28944,28946,2,0,0,0
38382,592b7881-37e5-bdd2-1a74-39259380c585,1,9295,9305,38382,47738,29077,29087,10,0,0,0
38457,be178c73-e92b-928d-dc53-09bcd4b88aa9,1,9449,9449,38457,38302,29008,29008,0,0,0,0
38503,bbcd356e-8ad4-e760-887a-130a3388b3b2,1,9588,9629,38503,32795,28874,28915,41,0,0,0
38483,05437bdb-ee3d-109d-9eb2-42eb87f70035,1,9677,9689,38483,42528,28794,28806,12,0,0,0
38526,e16a3a50-d952-efaa-d7c6-0d4d26f82533,1,9502,9509,38526,52272,29017,29024,7,0,0,0
38543,f7edb168-7082-0a3b-66b5-4f88331868a1,1,9558,9569,38543,50855,28974,28985,11,0,0,0
38577,1fa3dc79-954d-8809-1639-0c251ff9c803,1,9621,9629,38577,39435,28948,28956,8,0,0,0
38542,f2a16438-0513-f9a8-4ad5-c29734312acb,1,9675,9689,38542,31128,28853,28867,14,0,0,0
38606,4e1ce3ad-6af4-8d79-55cb-c70d22745305,1,9591,9629,38606,29980,28977,29015,38,0,0,0
38605,e9a097de-a98c-d4fe-8112-5fa639bc266a,1,9687,9689,38605,47991,28916,28918,2,0,0,0
38604,d33a8a10-de11-5b7f-2301-e886d1a36a15,1,9692,9749,38604,41572,28855,28912,57,0,0,0
38659,5150a51e-cf0d-82d8-64e2-287f08b6f9ba,1,9583,9629,38659,46449,29030,29076,46,0,0,0
38688,98b2a04f-2f45-17cd-0b39-e31dfd9f3db7,1,9671,9689,38688,45867,28999,29017,18,0,0,0
38694,d1c19a55-1ae3-ca72-a027-3af0da3a84b3,1,9757,9809,38694,50443,28885,28937,52,0,0,0
38753,95345484-a694-9e6d-1fde-64dcc80db26c,1,9761,9809,38753,26265,28944,28992,48,0,0,0
38777,25c16121-22d1-4004-7def-f287505cad7a,1,9585,9629,38777,41227,29148,29192,44,0,0,0
38765,ac19ba05-9df6-ceeb-c021-8ccc3df7926f,1,9722,9749,38765,35964,29016,29043,27,0,0,0
38762,5e19c478-4143-8597-1ea7-5453f2506a88,1,9845,9869,38762,30128,28893,28917,24,0,0,0
38786,08654c2c-c2b5-cec1-4636-0b7b363a13d8,1,10011,10049,38786,32142,28737,28775,38,0,0,0
38843,5c85beaa-995a-0fd7-3f0d-688be49785b0,1,9919,9929,38843,52949,28914,28924,10,0,0,0
38897,07470b82-6709-2fda-2491-1ebf0dd0880d,1,9910,9929,38897,36452,28968,28987,19,0,0,0
38929,0d33eccc-7bf4-de92-26d5-e062c96f08b6,1,9936,9989,38929,36640,28940,28993,53,0,0,0
39093,26967c7d-8e87-e56f-d479-c50e4e338444,1,10162,10169,39093,40034,28924,28931,7,0,0,0
39120,2af05b56-27b7-97e7-269e-4d3e865c9159,1,9839,9869,39120,52708,29251,29281,30,0,0,0
39114,507e5991-4d08-8992-53b2-10567d68cae2,1,10079,10109,39114,50029,29005,29035,30,0,0,0
39188,d0e8c42c-7cc3-e1ae-aedf-c887cc1bcbb0,1,38088,38107,39188,38879,1081,1100,19,0,0,0
39268,936a63ef-2c40-1ce3-8a51-06c57851a0bd,1,10155,10169,39268,51569,29099,29113,14,0,0,0
39273,d58b5e5d-cc69-5c5a-6eee-702f3ee57e91,1,10216,10229,39273,40321,29044,29057,13,0,0,0
39324,9cf08998-c7d9-4e88-6e83-bb202835cda5,1,10460,10482,39324,38720,28842,28864,22,0,0,0
39287,a99e7c86-c14d-737e-f377-306244d64071,1,10519,10542,39287,38814,28745,28768,23,0,0,0
39408,c5de2e13-432c-5d80-7ce6-f817df0e6769,1,10553,10602,39408,32067,28806,28855,49,0,0,0
39419,38e6a191-c0cb-ca07-b2a4-4108eb0897fc,1,10502,10542,39419,29881,28877,28917,40,0,0,0
39535,f1d81861-d530-bbcc-d76f-4d826bdd4e82,1,10446,10482,39535,29795,29053,29089,36,0,0,0
39582,100b3f7f-cb69-cf0f-882f-6b5d31f64c72,1,10659,10662,39582,48571,28920,28923,3,0,0,0
39597,8fd76783-06f5-7140-a821-04fc9cc24dd2,1,10439,10482,39597,38983,29115,29158,43,0,0,0
39658,fd71adb8-ff27-a545-35ba-e312bf4ea064,1,10725,10782,39658,42525,28876,28933,57,0,0,0
39893,3ab819ad-2880-516c-c5ae-2304b502fbeb,1,11029,11082,39893,33012,28811,28864,53,0,0,0
40138,873ddac1-87da-1a8c-0699-38c07d748db9,1,11162,11202,40138,42694,28936,28976,40,0,0,0
40594,224fc40e-cdb6-e5b5-c085-ac158c90bb4d,1,11663,11663,40594,30235,28931,28931,0,0,0,0
40688,83871834-78ea-9537-dca1-a37246ac943c,1,11822,11822,40688,30922,28866,28866,0,0,0,0
40854,7f46cd53-2476-1201-c930-cd18ed1dac21,1,11946,11946,40854,49230,28908,28908,0,0,0,0
40934,941aac53-1f25-c55a-a2ab-6e3dd76249d9,1,12104,12126,40934,38023,28808,28830,22,0,0,0
40970,f14ba25a-e36b-f636-7a2e-4d22d34f8378,1,12093,12126,40970,34969,28844,28877,33,0,0,0
41055,e28ae0fc-797e-f304-c7a3-94bc5b36a424,1,12219,12246,41055,37777,28809,28836,27,0,0,0
41283,1c5db765-ba44-9323-4356-c0d41afa07f7,1,12288,12306,41283,30196,28977,28995,18,0,0,0
41413,8fe75b24-ffd2-d7bc-eac8-da7686235962,1,12495,12546,41413,31660,28867,28918,51,0,0,0
41477,07cbc99f-855f-5f6c-1f49-a1fb93ad27a5,1,12589,12606,41477,39370,28871,28888,17,0,0,0
41477,578f025a-e082-ca8f-ef8a-b94ed6bae8ac,1,12669,12726,41477,40358,28751,28808,57,0,0,0
41711,37689ea1-7cc4-b6d2-df59-2f47b1eb354f,1,12841,12846,41711,36238,28865,28870,5,0,0,0
41760,9bc658f4-c889-0ded-9d7c-df740a4edca2,1,12818,12846,41760,28475,28914,28942,28,0,0,0
41717,20076828-11a0-c91d-77fa-d53417ade7fb,1,12834,12846,41717,34970,28871,28883,12,0,0,0
41792,7c15c3df-bc66-9c7b-bf10-32e989b641f8,1,12815,12846,41792,43812,28946,28977,31,0,0,0
41824,06771443-2cd9-6043-04ff-3ee2a41fef7a,1,12817,12846,41824,55557,28978,29007,29,0,0,0
41891,64417590-9793-3c9d-ffc0-6a5dbf810bac,1,13041,13086,41891,40544,28805,28850,45,0,0,0
42061,ec7926af-620e-4c5f-c5e2-30d646edb947,1,13255,13266,42061,30875,28795,28806,11,0,0,0
42121,4156e924-61b6-5453-80cd-df962e09ea91,1,13173,13206,42121,30503,28915,28948,33,0,0,0
42169,bdc178e3-3cb7-1b78-f767-0c02792da21e,1,13063,13086,42169,40713,29083,29106,23,0,0,0
42232,ee3e8758-a64b-7148-78a6-56e530955c95,1,13315,13326,42232,30574,28906,28917,11,0,0,0
42308,013b4ebb-70d8-62fb-638d-c3280dcc4aed,1,13386,13386,42308,27825,28922,28922,0,0,0,0
42651,4ccaaf09-9ecc-5013-a6ff-21c196dd639c,1,13728,13746,42651,52894,28905,28923,18,0,0,0
42978,21107185-e69e-54b9-908b-e6411e007943,1,14164,14166,42978,30471,28812,28814,2,0,0,0
43099,15281768-c1e4-2a06-a420-bddb8bc61623,1,14156,14166,43099,49299,28933,28943,10,0,0,0
43133,b83666a7-61c7-7968-c1a1-48b474bfaf72,1,14170,14226,43133,41164,28907,28963,56,0,0,0
43183,8a6f28ab-2e25-ea6d-3139-246ee1c69ebb,1,14173,14226,43183,40077,28957,29010,53,0,0,0
43549,03537324-ed11-bb9a-39ed-a082acdb15a6,1,14654,14706,43549,36819,28843,28895,52,0,0,0
43708,af3d7557-9ca0-6549-bd06-74641d5d9660,1,14685,14706,43708,35725,29002,29023,21,0,0,0
43711,4e52221e-14c0-f184-357b-ddc994d4b154,1,14785,14826,43711,48966,28885,28926,41,0,0,0
43842,d9f213c1-f3af-3ae3-3eff-5ad82c70fed0,1,15091,15126,43842,55345,28716,28751,35,0,0,0
44176,8ff9d1dc-0a58-68a3-0cbb-a4792c5992a0,1,15182,15186,44176,50237,28990,28994,4,0,0,0
48353,082f48a6-bdab-101b-b423-adf369aa68e1,1,47093,47093,48353,48634,1260,1260,0,0,0,0
48396,541c76d4-f0c5-76a7-5d1e-8911fd2b91a3,1,47210,47210,48396,48022,1186,1186,0,0,0,0
48446,cd811bf0-2331-6797-27bf-c76ed2317a2a,1,47277,47277,48446,47857,1169,1169,0,0,0,0
48537,58e6da46-8550-e83a-1712-21bdd0e28a8d,1,47282,47337,48537,48366,1200,1255,55,0,0,0
50384,93860aa4-dcff-6e31-cfd8-4ce43961110c,1,49664,49664,50384,50435,720,720,0,0,0,0
50486,cfe34dd5-ea18-db31-caa4-867ed75fce18,1,49862,49862,50486,50623,624,624,0,0,0,0
50670,70db98a5-70d1-a9ca-abec-8d480dfb8c14,1,49959,49959,50670,50683,711,711,0,0,0,0
51978,b1ca16c0-be44-2d41-0ff1-e0650cfc053b,1,8974,9001,51978,49511,42977,43004,27,0,0,0
55881,76014369-a6f2-cf17-8825-b360a5982507,2,50364,50364,55881,55592,5517,5517,0,0,0,0
55984,87ccae05-f018-714a-bc7c-8ec7e237c96b,2,50432,50484,55984,55806,5500,5552,52,0,0,0
56214,15266cf6-b860-3bd4-e9be-7b912744abc6,2,50651,50651,56214,54867,5563,5563,0,0,0,0
56251,9df046fe-8ec4-8fae-ee20-2262c09599c1,2,50662,50711,56251,58176,5540,5589,49,0,0,0
56561,bf8be7c6-74c9-9c68-ab68-392e12fc97c9,2,51059,51059,56561,57276,5502,5502,0,0,0,0
57778,b610ee6f-e2e1-3d7e-0951-17d325de5788,1,10447,10482,57778,70448,47296,47331,35,0,0,0
58329,d4f5df54-78ea-d184-5543-aeb789a30bb7,1,57651,57674,58329,58187,655,678,23,0,0,0
58330,2adfcf59-6129-5d89-287f-74e08ed45f0d,1,57651,57674,58330,58181,656,679,23,0,0,0
58480,21e385d8-5180-7f6c-04e1-0865713e61a5,1,57635,57674,58480,58787,806,845,39,0,0,0
59716,c037ec02-85ec-4786-db84-6af644afa389,1,9774,9809,59716,44112,49907,49942,35,0,0,0
59735,ddd1d6ac-c719-26b0-0434-57c5a57f7a2b,1,9922,9929,59735,75758,49806,49813,7,0,0,0
59795,d0d4d2be-9a43-d19b-3371-25417cee065b,1,9766,9809,59795,76488,49986,50029,43,0,0,0
63948,4f2057ae-9b7b-bcaa-0b39-253e2a6d9373,1,63295,63321,63948,63843,627,653,26,0,0,0
65224,7a653f42-1088-ecd7-7d15-dae99f5aa434,1,61631,61631,65224,66864,3593,3593,0,0,0,0
65284,98a051b5-dbd8-370c-7b7a-9b775555bafb,1,61802,61811,65284,66299,3473,3482,9,0,0,0
65346,adfee7c3-fb39-00df-2a26-1d9ff524ae45,1,61695,61751,65346,64035,3595,3651,56,0,0,0
65348,708af036-3e17-842c-1c29-6683b159ea64,1,61708,61751,65348,63608,3597,3640,43,0,0,0
65351,28c8dd22-2a53-d1f5-0259-c0e978e827e6,1,61740,61751,65351,66793,3600,3611,11,0,0,0
65337,8fd02f1d-e022-80b2-4dc1-9989d5084715,1,61745,61751,65337,65402,3586,3592,6,0,0,0
65335,30e75784-62f1-2090-a643-e9b2a1883883,1,61787,61811,65335,63812,3524,3548,24,0,0,0
65328,1aa0854f-a26b-d54d-ea97-df640582be09,1,61832,61871,65328,66747,3457,3496,39,0,0,0
65401,b0bf8165-9d47-63ac-90eb-f0216da4c517,1,61796,61811,65401,64021,3590,3605,15,0,0,0
65382,7dd1deb4-9456-c0de-de5c-f8641a44ca3d,1,61812,61871,65382,64496,3511,3570,59,0,0,0
65446,3b482467-4812-8b09-2c59-ef077b15219d,1,61829,61871,65446,64590,3575,3617,42,0,0,0
65463,0d6acaa5-800d-f6bd-341b-869565108643,1,61843,61871,65463,64591,3592,3620,28,0,0,0
65482,34980371-3658-2ba0-a9ba-07a3e8a1ab7b,1,61889,61931,65482,64604,3551,3593,42,0,0,0
65484,aa3ce6cd-fa36-4d02-7305-a71d9dba6734,1,61897,61931,65484,64121,3553,3587,34,0,0,0
65442,ababb2e6-7b46-8e81-f119-9e4a8bffeece,1,61902,61931,65442,66287,3511,3540,29,0,0,0
65501,e783b8c9-ae40-5f7b-3733-3b63ecc49e76,1,61902,61931,65501,66476,3570,3599,29,0,0,0
65494,f998e4f4-8b1c-7625-0249-9e17b03de67a,1,62027,62051,65494,67049,3443,3467,24,0,0,0
65561,96d39133-68b4-5a29-0c84-ff5020ed79d8,1,61934,61991,65561,66392,3570,3627,57,0,0,0
65606,19844d68-920b-577b-0168-d6edc5c509a0,1,62013,62051,65606,64936,3555,3593,38,0,0,0
65660,eb8a9234-25b6-bc7b-d082-9d96fbe2e03e,1,62103,62111,65660,66783,3549,3557,8,0,0,0
72183,f6c7dc57-a6a9-367d-e989-5177d9fcb396,1,16417,16461,72183,90705,55722,55766,44,0,0,0
72361,12ed2fcf-46ae-7f4d-7e72-762e0aa68596,1,69835,69835,72361,71607,2526,2526,0,0,0,0
80293,22b1a621-37e3-a123-bdb7-29aa44d4b186,1,51477,51482,80293,90607,28811,28816,5,0,0,0
80295,457cb7cb-b5f3-e149-4292-89355b8bcabb,1,51422,51422,80295,83099,28873,28873,0,0,0,0
80302,63799dda-83ae-3e8d-8ab5-7fc40a69a678,1,51484,51542,80302,90675,28760,28818,58,0,0,0
80508,99887c0b-1462-2397-fc80-8a98a188d09c,1,51562,51602,80508,91734,28906,28946,40,0,0,0
80518,84a73e7c-67db-f9c9-6c0a-a3a886b2fb02,1,51766,51766,80518,75291,28752,28752,0,0,0,0
80554,7a967769-d15d-72e8-fdd2-5f442ce0972d,1,51864,51900,80554,82038,28654,28690,36,0,0,0
80663,1d116c8e-e631-b379-64ae-db0e9e68967d,1,51840,51840,80663,86116,28823,28823,0,0,0,0
80795,a4a174ff-1d49-2bf8-55fe-19ed04dc3b8a,1,52031,52038,80795,86756,28757,28764,7,0,0,0
80843,59f4e435-d32f-16b2-747e-6b314d2527b1,1,52042,52098,80843,93487,28745,28801,56,0,0,0
80888,84ba9cc5-1a29-057b-2201-31751b89a1af,1,52039,52098,80888,92520,28790,28849,59,0,0,0
80959,95cf19d7-fe60-c154-b831-ac064a146851,1,52174,52218,80959,74774,28741,28785,44,0,0,0
81036,23a4f4c4-9f93-fe98-f26e-86678226d639,1,52100,52158,81036,88565,28878,28936,58,0,0,0
81062,e13f8d50-890d-325c-1ac6-65d6b82459e9,1,52003,52038,81062,84082,29024,29059,35,0,0,0
81092,81a1ccaa-79e5-5dfd-8ae4-891b34bf5044,1,52192,52218,81092,70124,28874,28900,26,0,0,0
81142,d7a6df1a-c2f4-c379-b3f1-0cf933dd424f,1,52182,52218,81142,84314,28924,28960,36,0,0,0
81145,f2fc7fec-98ab-daf7-57ca-25246c4fde20,1,52252,52278,81145,88619,28867,28893,26,0,0,0
81158,e35796e7-23c8-081c-5649-bfaa2cd86796,1,52245,52278,81158,68630,28880,28913,33,0,0,0
81295,ec269a93-f4c1-ba0f-6fab-18d7f247e010,1,52335,52338,81295,73136,28957,28960,3,0,0,0
82273,e98ddef6-498e-bec7-cc59-b69f72ee8571,1,53300,53300,82273,87198,28973,28973,0,0,0,0
82368,fc02e774-383a-34dc-a25a-e6d6e70ac560,1,53499,53499,82368,90241,28869,28869,0,0,0,0
82388,236ef9de-83ce-9bb4-1cd7-1b98c7c0d385,1,53516,53559,82388,83766,28829,28872,43,0,0,0
82422,1d8c20a0-d2b0-5819-e04a-2c00fcfe3684,1,53521,53559,82422,83650,28863,28901,38,0,0,0
82432,b47ab8a3-2a09-9ade-9b1c-aa4bc1fb768f,1,53565,53619,82432,75839,28813,28867,54,0,0,0
83036,a9e14d68-a40b-5b38-64c7-6597cd26b6c8,1,54132,54132,83036,96565,28904,28904,0,0,0,0
83396,247bac8b-5e48-6564-7a72-c169e202d6ec,2,81696,81696,83396,83851,1700,1700,0,0,0,0
83709,ceb74ca2-e01e-2afe-e3c9-0104055405bb,1,54897,54921,83709,92496,28788,28812,24,0,0,0
83824,25ed62ff-f0c7-8884-95be-704b63ca3334,1,83056,83096,83824,83924,728,768,40,0,0,0
83890,fb5c3eb2-5bdb-c6aa-8d76-593e33f47aa3,1,83108,83156,83890,83715,734,782,48,0,0,0
83917,f1f5a477-1474-c4cd-3c47-3155dc2fa969,1,83139,83156,83917,83979,761,778,17,0,0,0
83896,9f562ec5-2c3d-c53f-19c1-816a6e2bb8d6,1,83142,83156,83896,83676,740,754,14,0,0,0
83978,57620c15-642f-1a13-b08b-68ec0892c404,1,83185,83216,83978,84272,762,793,31,0,0,0
83988,d36aa53d-cd8e-5d77-f241-b0e8a08196d2,1,55035,55035,83988,70108,28953,28953,0,0,0,0
83997,20674287-6ed5-5e39-98ce-59755d811159,1,83230,83276,83997,83630,721,767,46,0,0,0
84039,6ef6fc21-e6d7-7203-647a-9512cef7c9e7,1,83239,83276,84039,84357,763,800,37,0,0,0
84093,86cd8ca2-5b30-1c07-0cb5-6a72c87d60d4,1,83299,83336,84093,84393,757,794,37,0,0,0
84116,f52d6fcc-78a9-55b1-009f-f8e5ca924f68,1,83283,83336,84116,84295,780,833,53,0,0,0
84110,dc744b9f-04cc-ae40-19ef-f603bd458fa7,1,83290,83336,84110,83717,774,820,46,0,0,0
84185,49ad095b-c7ee-ffbe-707a-9af2ae6aaee8,1,83433,83456,84185,83955,729,752,23,0,0,0
84186,2139a236-12ca-1242-32ac-82dff4e00751,1,83436,83456,84186,84172,730,750,20,0,0,0
84187,7cf049de-2aa0-9c08-283f-cf3a698c84d7,1,83436,83456,84187,83914,731,751,20,0,0,0
84263,24ce5166-a1eb-dd05-14e4-d21bd726ffc3,1,83425,83456,84263,84360,807,838,31,0,0,0
84270,ba65d44c-843a-061d-efb7-65c9c5ab6a69,1,83483,83516,84270,84241,754,787,33,0,0,0
84317,c24f8323-1918-2b9f-5860-efbecb2f2f3f,1,83538,83576,84317,84000,741,779,38,0,0,0
84438,f03d672c-fe8e-b0e1-1345-8a623ff75bab,1,83681,83681,84438,84643,757,757,0,0,0,0
84504,9a7cf983-06bb-07b5-315c-d7334333d4bc,1,83727,83741,84504,84467,763,777,14,0,0,0
84565,788e8dc0-dc92-028d-891d-033a999e07d7,1,83781,83801,84565,84721,764,784,20,0,0,0
84554,84b03dbe-c750-9f0c-d053-d39a598eb58b,1,83793,83801,84554,84828,753,761,8,0,0,0
84694,cccd5cd3-2365-976a-06e7-b82a5a2d4103,1,83891,83921,84694,84709,773,803,30,0,0,0
84827,d3d1d43b-d831-4d5a-d224-5db61c401e76,1,83936,83981,84827,84741,846,891,45,0,0,0
84806,b792d57c-48ba-a77c-6d08-f1372606b574,1,83942,83981,84806,84832,825,864,39,0,0,0
84808,3a88455d-3afa-3840-1034-132420637e8e,1,83951,83981,84808,84648,827,857,30,0,0,0
84784,e247d614-b95e-298b-3043-df06f7ac0626,1,83963,83981,84784,84941,803,821,18,0,0,0
84819,9296348c-f22a-f58d-bf07-2e0506ae092c,1,83999,84041,84819,84903,778,820,42,0,0,0
84807,3ab40115-123e-79b8-2931-38020d39c7db,1,84062,84101,84807,84858,706,745,39,0,0,0
84863,1d9eff2f-d235-7ef7-9e06-36b574acc141,1,84010,84041,84863,85135,822,853,31,0,0,0
84922,8b2550f0-8ab3-d527-1189-87308ec35b02,1,84057,84101,84922,84833,821,865,44,0,0,0
84979,8abd42e4-7de5-bf3f-0b83-1978eafead65,1,84115,84161,84979,85093,818,864,46,0,0,0
84949,b151ddc4-4265-c969-e2c2-b2feeed74232,1,84155,84161,84949,84755,788,794,6,0,0,0
85034,e05a234e-5f06-735a-0ef5-5c39e2424dd1,1,84310,84341,85034,84850,693,724,31,0,0,0
85098,2da3db08-f187-c03c-105f-ca31fa79bc08,1,84236,84281,85098,84793,817,862,45,0,0,0
85093,ded2b00e-3991-2ebc-1ac3-63640bdd166e,1,84237,84281,85093,84741,812,856,44,0,0,0
85120,3cf46991-e8c4-0ab7-481b-4c4e6cfdaf23,1,84329,84341,85120,85253,779,791,12,0,0,0
85186,eeda7e20-ffae-3725-a749-067883267936,1,84372,84401,85186,85115,785,814,29,0,0,0
85181,e8a44331-b984-6c96-e0d1-f51a10ada839,1,84378,84401,85181,85000,780,803,23,0,0,0
85172,904d2a7b-d9cd-9fc6-dbf7-6ca7ced34bcc,1,84453,84461,85172,85344,711,719,8,0,0,0
85210,9ef1a031-e632-fcc3-bc93-cc0c227b7c71,1,84521,84521,85210,85061,689,689,0,0,0,0
85294,a4b42e4f-f0c1-03c6-2661-ba1ec0a170b1,1,84494,84521,85294,85278,773,800,27,0,0,0
85388,2a9552cc-4fef-e415-0458-30a2507bfc2a,1,84545,84581,85388,85137,807,843,36,0,0,0
85411,a1ff9e7c-b1e9-6f76-10cb-7b4167b31092,1,84766,84767,85411,85567,644,645,1,0,0,0
85458,ac29187a-5000-f730-fa5c-687db2fba555,1,84647,84647,85458,85660,811,811,0,0,0,0
85934,4a1d2c5b-069a-f4c8-e715-715319491123,1,85152,85187,85934,85541,747,782,35,0,0,0
86486,54d24efd-6e9f-e1db-6eef-e1b138618edf,1,57614,57614,86486,82329,28872,28872,0,0,0,0
86714,0d0d7316-6c27-0a84-ad44-f4743e49aa4a,1,57869,57869,86714,72750,28845,28845,0,0,0,0
86936,9ce93b9e-d83d-9776-169e-dd32b7f25719,1,58160,58198,86936,82737,28738,28776,38,0,0,0
86940,19c5539d-8f76-ff76-af34-36fd61080710,1,58078,58078,86940,82733,28862,28862,0,0,0,0
86979,b4c367c4-69e5-ef5f-dab8-6178aa796c35,1,58134,58138,86979,87527,28841,28845,4,0,0,0
87246,0bbca37a-67f6-2f88-6ed0-37ed0e0b09a0,1,58482,58488,87246,94725,28758,28764,6,0,0,0
87271,e540fc24-521a-4803-44ee-0d8012541762,1,58344,58354,87271,79626,28917,28927,10,0,0,0
87297,40ab9c65-6634-a5d4-34a1-000e3bd32c00,1,58429,58488,87297,96837,28809,28868,59,0,0,0
87318,b84ec599-496b-2033-83e9-9abd68f8da62,1,58513,58548,87318,78717,28770,28805,35,0,0,0
87426,4c385b8f-3758-5009-b53d-0abe20acec7c,1,58428,58428,87426,81576,28998,28998,0,0,0,0
87463,d0ec3b7d-ce17-61e2-7fc5-8f451dc52704,1,58544,58548,87463,79706,28915,28919,4,0,0,0
87492,d61bfbd6-84e5-c804-0210-133c45dc58b0,1,58618,58618,87492,96626,28874,28874,0,0,0,0
87595,dc3d7f6c-1a19-9077-3534-2b4177edaa38,1,58783,58807,87595,91410,28788,28812,24,0,0,0
87581,7501bddf-e208-b65a-1d4a-4c0ed77878d3,1,58965,58965,87581,78135,28616,28616,0,0,0,0
87658,b5bc7b4a-044c-c11c-ebac-ed156f8192ef,1,58697,58747,87658,79544,28911,28961,50,0,0,0
87731,f31a2760-5852-76bf-124d-52126896d05d,1,58818,58867,87731,93760,28864,28913,49,0,0,0
88082,252d9cee-cefb-6400-9701-e3f8a3f177b7,1,59409,59423,88082,96313,28659,28673,14,0,0,0
88083,418d6df7-3de3-77dc-8b6b-033990272ce3,1,59415,59423,88083,88429,28660,28668,8,0,0,0
88192,0a5c099e-ba95-980b-1c3f-b5aef9d13adf,1,59385,59423,88192,84663,28769,28807,38,0,0,0
88184,f2ac0d88-426c-e91c-1833-f78238882d0b,1,59423,59423,88184,77600,28761,28761,0,0,0,0
88244,52e4b835-dd86-cad6-fc4b-4256e29dd894,1,59419,59423,88244,93297,28821,28825,4,0,0,0
88294,37b3c2ac-a245-6c92-d9e4-30764b90770f,1,59419,59423,88294,78445,28871,28875,4,0,0,0
88455,1a6e4960-df41-68f5-5af2-82e62b1ffab9,1,59656,59663,88455,96233,28792,28799,7,0,0,0
88476,dddef55c-f28e-aab5-0a32-b7be9ded8674,1,59657,59663,88476,78331,28813,28819,6,0,0,0
88635,c9c0ea42-8cec-d0a7-f341-bb8dc9393a54,1,59834,59843,88635,99925,28792,28801,9,0,0,0
88686,ce345f03-56d1-207f-d157-0d774b71a1df,1,59824,59843,88686,101360,28843,28862,19,0,0,0
88713,9ee61423-5504-8237-92c8-55254e92f12a,1,59946,59946,88713,83054,28767,28767,0,0,0,0
88736,c4a8c7ad-5ae4-9280-c5c3-4bf637c851da,1,59950,60006,88736,82793,28730,28786,56,0,0,0
88804,0367f6f2-a5fd-6df6-f31e-84f7712d3410,1,59958,60006,88804,74823,28798,28846,48,0,0,0
88833,12e2d1e6-be92-c656-fb0e-f1639fca81df,1,59950,60006,88833,100335,28827,28883,56,0,0,0
88842,2733fb8b-aa17-a049-1c3a-1617df1ae418,1,59973,60006,88842,93424,28836,28869,33,0,0,0
88864,2e66e63d-52ef-8357-eb34-bc45ee242d1f,1,60011,60066,88864,97883,28798,28853,55,0,0,0
88858,4da0a204-f85a-c7bc-b2a4-6019f4973e4d,1,60021,60066,88858,101146,28792,28837,45,0,0,0
88986,4f9e422d-b76b-f625-1494-935c4b75dbae,1,60074,60126,88986,101690,28860,28912,52,0,0,0
89074,129fa325-187e-03a4-64ab-1d5cf32bc02a,1,60310,60310,89074,76916,28764,28764,0,0,0,0
89118,4d6dda24-6537-2a94-1563-bc2e775f5252,1,60355,60370,89118,85518,28748,28763,15,0,0,0
89383,53c510d5-710f-ccfb-8b6f-31cb2a6aa709,2,67618,67635,89383,96488,21748,21765,17,0,0,0
94405,2032e362-de61-b80d-8acf-b1a031b592b7,1,93227,93257,94405,93951,1148,1178,30,0,0,0
94713,be39b315-297b-54e5-6ce0-7c53ff008329,1,93197,93197,94713,94322,1516,1516,0,0,0,0
94769,1f18a35f-95ba-1711-48bd-7c986c0de724,1,93336,93336,94769,95377,1433,1433,0,0,0,0
95951,aaf90ed7-0c57-8ee6-2f53-9fa9ecef4751,1,95220,95220,95951,96297,731,731,0,0,0,0
100766,cf9b7439-bd07-4d8b-0476-9f89a09219ad,1,99874,99874,100766,100571,892,892,0,0,0,0
100833,860bfbf9-f3cc-d6f7-e43f-ea3fbbbb91be,1,76865,76865,100833,90978,23968,23968,0,0,0,0
101439,935e2b4e-4a93-4430-8f73-ce9ad971958e,1,100161,100161,101439,101053,1278,1278,0,0,0,0
101435,015a1d4d-aef7-41f5-4278-22a6e586c725,1,100169,100221,101435,101653,1214,1266,52,0,0,0
101467,aded061d-a506-22f8-28ae-d43e9a8827fd,1,100197,100221,101467,101329,1246,1270,24,0,0,0
101713,6f600c3f-d4b9-3bf9-9dc2-6bdc069775b3,1,100338,100341,101713,101780,1372,1375,3,0,0,0
101899,0e6c1295-fe49-0a16-0144-d550ce62eaf7,1,100474,100521,101899,101192,1378,1425,47,0,0,0
103709,81b002e5-92eb-46a8-9ab9-b046d39146e6,1,102766,102813,103709,103647,896,943,47,0,0,0
106272,4aae749c-9b5d-f014-4a98-7febee985b8a,1,84047,84101,106272,116211,22171,22225,54,0,0,0
107716,7ddef9e1-34c0-c4f7-a329-adb555752266,2,105788,105797,107716,108628,1919,1928,9,0,0,0
109433,1045b84d-e9d9-040f-bc86-918620926390,2,106699,106755,109433,109184,2678,2734,56,0,0,0
110480,4d88bca8-6123-762a-07e6-01cd1e7451e7,2,108998,109038,110480,109708,1442,1482,40,0,0,0
110571,bf524eff-13dd-9844-74d3-01f70a50a6aa,2,109153,109158,110571,110964,1413,1418,5,0,0,0
110841,b3ce89cb-2640-12ee-f263-87c9bcbd36ea,2,109399,109446,110841,110743,1395,1442,47,0,0,0
110919,cbfbcbc3-d242-1e88-ad5e-b7399e98cb78,2,109452,109506,110919,110834,1413,1467,54,0,0,0
110947,1dfb9f20-74e9-6d07-4e25-bce973d2ea90,2,109514,109566,110947,110386,1381,1433,52,0,0,0
120535,e66f5cee-ec0d-ad31-9add-c8faced9bb4e,1,80552,80568,120535,131658,39967,39983,16,0,0,0
122898,7a1a1786-cc1b-3d86-8085-b76021627936,1,79590,79590,122898,121840,43308,43308,0,0,0,0
126478,21feaa32-4c28-399d-9765-ee09d0fba467,1,125857,125857,126478,126260,621,621,0,0,0,0
126609,e0e32e7c-3072-ac8d-66e6-f46335b6637d,1,125877,125917,126609,126301,692,732,40,0,0,0
126799,9a2b7647-5ac0-2dee-f8ff-1f9afcc008c9,1,126116,126116,126799,126998,683,683,0,0,0,0
129124,45929fd6-0a72-d651-ac47-2cf5ebdc5413,1,100205,100221,129124,137424,28903,28919,16,0,0,0
129235,d658f370-598d-5fa8-a79e-6d497f1366a4,1,100278,100281,129235,115661,28954,28957,3,0,0,0
129261,505d3daf-1b67-600d-bc25-5bca63d64a85,1,100245,100281,129261,119315,28980,29016,36,0,0,0
129351,2439d67d-72b3-ee53-6ed0-7c53473932bb,1,100322,100341,129351,132167,29010,29029,19,0,0,0
129376,71e0e57a-7d95-22ec-69e4-8504dcc82668,1,100366,100401,129376,131521,28975,29010,35,0,0,0
129469,73744f48-21dd-6cf7-142b-d322c242b13a,1,100565,100581,129469,129433,28888,28904,16,0,0,0
129562,1477e4ac-26ac-fcb7-f6da-c3010ae94306,1,100507,100521,129562,115182,29041,29055,14,0,0,0
129572,206d908c-0f65-223e-cb84-5d3bf622af73,1,100430,100461,129572,124465,29111,29142,31,0,0,0
129593,c00939f2-4819-1b72-e071-572df59251e9,1,100613,100641,129593,120825,28952,28980,28,0,0,0
129609,41d62050-d8d7-13c4-6669-9c4cd8597f2a,1,100667,100701,129609,127410,28908,28942,34,0,0,0
129632,50ab15fb-f143-cf03-4224-ce32909aaa51,1,100462,100521,129632,119577,29111,29170,59,0,0,0
129655,6d43b7f5-f72e-89b4-d3c1-0b7b29dfe324,1,100666,100701,129655,128187,28954,28989,35,0,0,0
129716,81dce43b-535e-2e3c-d4e7-d3cc671818fd,1,100612,100641,129716,134037,29075,29104,29,0,0,0
129711,af2091a1-021d-daec-b15b-0f255889feef,1,100757,100761,129711,125560,28950,28954,4,0,0,0
129943,6597c37f-7759-0078-b482-838f52d67797,1,100996,101001,129943,126540,28942,28947,5,0,0,0
129978,c9587310-dd4f-d06c-1bf6-9dde81255dab,1,100903,100941,129978,143175,29037,29075,38,0,0,0
129980,aaa53af6-984f-7759-c4de-15af93629685,1,101017,101061,129980,132158,28919,28963,44,0,0,0
129982,00ed5d1f-1b4c-a69c-4537-e92b1ab92a54,1,101131,101131,129982,134989,28851,28851,0,0,0,0
130058,d078a482-7695-9baa-3c9e-cf8085ec22a6,1,101216,101216,130058,124192,28842,28842,0,0,0,0
130119,5ef2a4f6-b645-b409-487b-07bc6ac696cc,1,101219,101276,130119,131218,28843,28900,57,0,0,0
130169,7b925c30-be63-43cb-debe-19daf9649313,1,101227,101276,130169,116281,28893,28942,49,0,0,0
130124,c33171a7-e45f-7bef-f46c-02a610bb3de9,1,101274,101276,130124,136974,28848,28850,2,0,0,0
130213,bb2196bd-3acc-17cc-ba92-45fc7a7c643c,1,101228,101276,130213,142829,28937,28985,48,0,0,0
130240,af11b6c2-457c-4146-1a5e-230b8d1f2d26,1,101277,101336,130240,122395,28904,28963,59,0,0,0
130204,32bfd77b-6aad-058d-c71a-ab29f8f03984,1,101325,101336,130204,142144,28868,28879,11,0,0,0
130363,bba25643-1d18-8b7a-f2a2-408a42d437f2,1,101553,101576,130363,135885,28787,28810,23,0,0,0
130409,10f6082b-6319-57af-bf8b-bd6c3ae392fb,1,101533,101576,130409,141025,28833,28876,43,0,0,0
130377,b1409a26-babc-2780-7498-87fd439b86ab,1,101551,101576,130377,131258,28801,28826,25,0,0,0
130427,f727ee16-2b51-2c81-dc36-5df9998fa559,1,101511,101516,130427,116375,28911,28916,5,0,0,0
130455,8e840b4f-8e94-2867-d768-96aaf5c2aaa1,1,101548,101576,130455,123472,28879,28907,28,0,0,0
130506,6aac0b98-23bc-041a-c0e3-a1127d644acc,1,101548,101576,130506,137398,28930,28958,28,0,0,0
130521,631207e4-8872-9135-9438-77905210a192,1,101602,101636,130521,133425,28885,28919,34,0,0,0
130638,eaebf8b1-9d0d-6df6-9c32-f43d3e8c5773,1,101825,101833,130638,127476,28805,28813,8,0,0,0
130659,981a7688-57e3-37cd-b6dc-08c99778389a,1,101716,101773,130659,144076,28886,28943,57,0,0,0
130653,c1b35432-ead7-27cb-a44e-222332d71811,1,101777,101833,130653,116528,28820,28876,56,0,0,0
130648,83f26deb-aa1d-3df2-f637-06c5048ec5f6,1,101831,101833,130648,124320,28815,28817,2,0,0,0
130734,7417f416-747c-24ab-73d4-3d3a217bb6d1,1,101360,101396,130734,122111,29338,29374,36,0,0,0
130764,5fb72c99-2cc4-ddf1-cc46-76e4863584a0,1,101904,101953,130764,142560,28811,28860,49,0,0,0
130880,31b0ea0c-2254-1ce1-7e29-2b9e308bf43e,1,101713,101713,130880,140080,29167,29167,0,0,0,0
130883,4c549718-14fa-9f9d-724c-b3a7ea83cc3e,1,101824,101833,130883,131691,29050,29059,9,0,0,0
130911,689e4534-2e0e-1d6c-df06-b25efc80ecb1,1,101867,101893,130911,116981,29018,29044,26,0,0,0
130990,2f596b75-65ea-e049-8b13-598af5d2efae,1,102065,102065,130990,117765,28925,28925,0,0,0,0
131008,55138624-1b24-bea2-9120-e4f26f4e6bd3,1,102257,102266,131008,118833,28742,28751,9,0,0,0
131044,13063fa1-1c56-5ba7-f7a2-e9460364d0a5,1,102258,102266,131044,133415,28778,28786,8,0,0,0
131070,b8abd05d-7039-b8c8-8e68-3801a9871c5f,1,102257,102266,131070,130685,28804,28813,9,0,0,0
131159,023ddafa-8704-7ca2-f3c0-25e60a8ec4d3,1,102206,102206,131159,126948,28953,28953,0,0,0,0
131343,1063556b-ea68-3a94-bbca-bce15393eb21,1,102362,102362,131343,140542,28981,28981,0,0,0,0
131446,f9406323-69f0-b8a7-91b0-09e6c5aa69e9,1,102365,102422,131446,138890,29024,29081,57,0,0,0
131646,bc542b4d-28f9-0f8b-d8a2-7cccfd0de7f4,1,102753,102753,131646,120816,28893,28893,0,0,0,0
131779,9cf3748b-c7c9-9a59-1f4b-e7bff40e3d66,1,102774,102813,131779,118577,28966,29005,39,0,0,0
131949,52e70d13-4334-0a3f-7af5-8066cfd11755,1,103047,103050,131949,136652,28899,28902,3,0,0,0
132018,31a3c535-eb57-54cb-dcf4-6b6bbe5671b3,1,103029,103050,132018,131923,28968,28989,21,0,0,0
132051,61b12695-f5cc-cd9f-c988-1789fe0bf493,1,103039,103050,132051,121895,29001,29012,11,0,0,0
132131,727bf220-94e8-2405-569b-ad3721526434,1,102990,102990,132131,123607,29141,29141,0,0,0,0
132192,a3182323-c336-b9e7-cd67-7c08cb9f62d8,1,103256,103256,132192,129295,28936,28936,0,0,0,0
132232,56306656-381d-8002-6079-9bed35a78eda,1,103320,103320,132232,132567,28912,28912,0,0,0,0
132273,8dc10c91-86d1-888d-bfe9-af785b7266bc,1,103341,103380,132273,130345,28893,28932,39,0,0,0
132321,fe07da47-9e85-cd26-812b-37bb4db27c70,1,103414,103440,132321,139338,28881,28907,26,0,0,0
132327,8c5f5a3e-5dc3-6728-e81a-2420fab2454f,1,103498,103500,132327,126310,28827,28829,2,0,0,0
132384,b3e3bbbf-a02b-2cc9-adf7-6279db273653,1,103377,103380,132384,118891,29004,29007,3,0,0,0
132414,a13d1af6-c273-650f-7812-40210aa8f2ce,1,103592,103620,132414,126888,28794,28822,28,0,0,0
132401,5f4c4f0d-74e1-4c7b-8359-58d326c735a2,1,103605,103620,132401,131237,28781,28796,15,0,0,0
132501,c7eddb2e-4800-72ba-2785-fafea959f6f8,1,103571,103620,132501,136836,28881,28930,49,0,0,0
132538,edf2b696-7454-9eec-031c-73b387bacd74,1,103628,103680,132538,126091,28858,28910,52,0,0,0
132587,8f5cf75e-6284-0246-1b29-bc58c5cc4275,1,103546,103560,132587,133547,29027,29041,14,0,0,0
132601,f1e324f8-9cae-5213-dcb1-722a80eb3240,1,103665,103680,132601,143222,28921,28936,15,0,0,0
132727,ced7ab01-ad00-5ddf-af8c-faa60527529f,1,103772,103800,132727,143727,28927,28955,28,0,0,0
132745,48716680-f586-0c01-1ce9-8027f388ac89,1,103784,103800,132745,130835,28945,28961,16,0,0,0
132794,f77c55f7-aa53-f87f-372e-3914f47d3778,1,103777,103800,132794,124459,28994,29017,23,0,0,0
133026,78f7a45a-d139-11cd-6003-d9df8a1e96cc,1,104015,104040,133026,142050,28986,29011,25,0,0,0
133082,cb5d1e24-113c-42a0-0d05-ce7418ec3a9c,1,103832,103860,133082,131549,29222,29250,28,0,0,0
133098,298d35e9-5b41-5366-984a-60f468373848,1,103973,103980,133098,142209,29118,29125,7,0,0,0
133140,97effb13-64b8-6222-dd90-476bb588cebb,1,104250,104252,133140,126825,28888,28890,2,0,0,0
133177,349b1394-a70d-91b4-bcfc-0311e44dac48,1,104103,104103,133177,130645,29074,29074,0,0,0,0
133190,1f401b5f-8429-e17d-c216-2cb320fbc912,1,104192,104192,133190,134244,28998,28998,0,0,0,0
133190,791bdbba-0b26-cdde-2efb-de9327c89fec,1,104204,104252,133190,134367,28938,28986,48,0,0,0
133256,de9f8661-8ce1-109c-97e2-2b5525b04c4a,1,104272,104312,133256,125874,28944,28984,40,0,0,0
133282,3c5a42e2-665e-173a-1db8-305ade3170e0,1,104259,104312,133282,145481,28970,29023,53,0,0,0
133396,88c0a6d1-959e-4b6d-213f-fa686362c2c9,1,104284,104312,133396,130886,29084,29112,28,0,0,0
133444,d10a7cb2-4107-aa9f-4f18-fb7eb73b7f69,1,104524,104552,133444,144968,28892,28920,28,0,0,0
133502,feb52089-b91b-cf99-1788-9a3fcf4ef8c7,1,104491,104492,133502,127372,29010,29011,1,0,0,0
133550,784c7c51-cc49-aea5-36af-afd66cc098bc,1,104711,104732,133550,137129,28818,28839,21,0,0,0
133638,72d585fe-1fba-1098-7524-9d77c4af6913,1,104556,104612,133638,125422,29026,29082,56,0,0,0
133690,45d8b5e8-cc23-1f30-09cc-4bcb023a31a8,1,104683,104732,133690,126025,28958,29007,49,0,0,0
133780,06e32344-97bf-1f27-f1bd-9007eb1213c9,1,104995,105032,133780,144989,28748,28785,37,0,0,0
134002,5c611158-deca-bb42-7ce1-5172a26db61c,1,105054,105092,134002,140826,28910,28948,38,0,0,0
134010,4b0a1634-326b-0c9b-be35-4cf4f8fe9fbf,1,105059,105092,134010,139093,28918,28951,33,0,0,0
134056,b42eea4b-5783-4ea9-69d2-a25d4641b888,1,105371,105392,134056,130304,28664,28685,21,0,0,0
134067,4d3ff66e-22ed-8f6c-1927-4c4558f26a9b,1,105050,105092,134067,130642,28975,29017,42,0,0,0
134271,1a7ca3b9-7d6d-c918-018c-276582e7631a,1,105321,105332,134271,131519,28939,28950,11,0,0,0
134698,48966972-6c63-e2ee-e397-b0511594227f,1,105707,105737,134698,140920,28961,28991,30,0,0,0
134711,1d4c48c0-b4db-c133-83dd-af13aed27532,1,105777,105797,134711,146233,28914,28934,20,0,0,0
134962,1558ea5d-4704-e547-80fd-77e24beb1189,1,106135,106188,134962,132574,28774,28827,53,0,0,0
136114,2b65957e-a758-df85-a8f0-acc7ff69405e,1,107340,107355,136114,123392,28759,28774,15,0,0,0
136397,1c971c89-45b4-a505-cb7d-b94bfba65d30,1,107407,107415,136397,150059,28982,28990,8,0,0,0
136818,14310fbf-9989-5abd-7492-c0950aed4d68,1,107814,107835,136818,143813,28983,29004,21,0,0,0
136915,9837c6d0-1e4a-0a1a-88d7-516d57819dd5,1,108059,108075,136915,135173,28840,28856,16,0,0,0
137129,42ce2d13-bf07-85c6-6513-4f62fd00b545,1,108214,108266,137129,137575,28863,28915,52,0,0,0
137611,e9a29f3a-3494-3a49-3d46-e6f1b76c1a04,1,108638,108686,137611,148282,28925,28973,48,0,0,0
137650,c854427a-9eee-0880-01aa-d39aab399e3d,1,108636,108686,137650,125446,28964,29014,50,0,0,0
137993,9b2cf4f3-88e3-ecf8-df6b-0db90b08b4f7,1,109095,109098,137993,139777,28895,28898,3,0,0,0
138008,705888cc-8b3a-d9c7-9018-9ad47b686aa6,1,109098,109098,138008,142296,28910,28910,0,0,0,0
138023,99a38707-6379-61c0-5647-66bb9229d88a,1,109117,109158,138023,140580,28865,28906,41,0,0,0
138129,49070a51-9261-9a9a-961f-37cc1bda672e,1,109238,109278,138129,142618,28851,28891,40,0,0,0
138538,a538bfa0-207d-b35f-fd03-c1ad3c0d7d07,1,109490,109506,138538,140687,29032,29048,16,0,0,0
138690,41fe9c03-1c52-e47b-640a-8b725b236f54,1,109776,109806,138690,152554,28884,28914,30,0,0,0
138770,b88f3934-67b6-8a6a-8898-eccf7798f5be,1,109813,109866,138770,143280,28904,28957,53,0,0,0
138763,bf07fa4b-1df4-8d4e-51a6-077ca2e84e49,1,109822,109866,138763,134430,28897,28941,44,0,0,0
138858,e30d7dbf-10d2-9724-76b4-a0048d8d9ab3,1,109682,109686,138858,134485,29172,29176,4,0,0,0
138878,e50e95ae-768f-c5f3-417e-049fb173b886,1,109979,109979,138878,141994,28899,28899,0,0,0,0
148778,faab06c2-015f-864c-465c-c61d76b63cdd,4,27520,27520,148778,127215,121258,121258,0,0,0,0
148954,1cfde2fa-9871-4d6a-7375-80a7af53f388,4,27613,27640,148954,103821,121314,121341,27,0,0,0
149030,6943b26d-2e12-272c-38b8-5331fc8e063c,4,27532,27580,149030,135899,121450,121498,48,0,0,0
149962,5993871c-411f-2f1c-42b8-abd90dc33ac4,4,27534,27580,149962,162454,122382,122428,46,0,0,0
150302,3b7800c4-83d7-e909-60a8-36b1f387850d,1,149658,149658,150302,150426,644,644,0,0,0,0
155713,55e0dbba-d663-e862-7b08-c6c729373771,1,155060,155060,155713,155631,653,653,0,0,0,0
156776,40d66724-75b2-8ace-31dd-505b6b49ca58,1,156055,156055,156776,156796,721,721,0,0,0,0
156787,9c782fd7-6719-7622-77a3-daaac17609df,1,156094,156115,156787,156913,672,693,21,0,0,0
156926,5cf08954-d555-ace9-e432-216442eedafe,1,156210,156210,156926,156943,716,716,0,0,0,0
160791,457adee6-296e-d56d-ced2-2fb4ce9469b1,4,158713,158713,160791,159946,2078,2078,0,0,0,0
165158,ca25cfe7-1920-08d8-60a2-cd5b8bb9c5bc,1,136022,136022,165158,168263,29136,29136,0,0,0,0
165158,80c8e978-729e-b7e5-9519-943b767c240c,1,136082,136082,165158,160970,29076,29076,0,0,0,0
165171,5f5b2435-655a-47ea-40a8-17b5b9796eee,1,158085,158104,165171,168023,7067,7086,19,0,0,0
165238,e6f59078-4531-a27b-da19-5788ef6bcea6,1,136187,136202,165238,177851,29036,29051,15,0,0,0
165278,1345a2f6-3c24-6d02-dcef-764f13643ebb,1,136213,136262,165278,168865,29016,29065,49,0,0,0
165342,b67fd81f-e5b9-e676-ceae-2764cf1243c7,1,136152,136202,165342,166402,29140,29190,50,0,0,0
165468,a43a1d9e-1d6f-2f0c-1b3d-9eb152ea0288,1,136372,136372,165468,164798,29096,29096,0,0,0,0
165535,b6c9ba45-dfa7-afae-61e9-eae139b96519,1,136414,136432,165535,172777,29103,29121,18,0,0,0
165588,287e3e71-c5ad-e3d2-6d52-e6b6c4f811fe,1,136532,136532,165588,174092,29056,29056,0,0,0,0
165553,7b2f7f5e-a648-2066-891c-779050e4a509,1,136709,136729,165553,170085,28824,28844,20,0,0,0
165602,a1e731cd-cb03-626d-f746-372668614054,1,136720,136729,165602,171257,28873,28882,9,0,0,0
165589,6658fa59-46b8-9c3c-8add-ac8173ee8627,1,136729,136729,165589,175534,28860,28860,0,0,0,0
165686,5ad05760-9600-7c46-4ad1-19be5b834ec8,1,136772,136789,165686,175607,28897,28914,17,0,0,0
165740,19675668-8f94-1126-80cc-511575004fbf,1,136774,136789,165740,167734,28951,28966,15,0,0,0
165779,67d6c9c2-4c9e-ca8c-37cb-0796a3d2deea,1,136538,136592,165779,176323,29187,29241,54,0,0,0
165828,8e998eba-2d51-5988-4348-64905b5f7a8e,1,136786,136789,165828,165341,29039,29042,3,0,0,0
165889,2b420847-b8d2-d838-27d8-5b95461b0271,1,136860,136909,165889,174792,28980,29029,49,0,0,0
165920,aa252006-a7a5-4bc2-ad85-d032c48d88b6,1,136557,136592,165920,172617,29328,29363,35,0,0,0
165894,4d094e13-786a-3447-0d12-00c5b0b423e9,1,136669,136669,165894,158577,29225,29225,0,0,0,0
165917,c8ea3495-3936-3dbe-d46d-f2b16dc53536,1,136901,136909,165917,173145,29008,29016,8,0,0,0
165976,f1e1b463-694d-e835-e68c-67cbd1a81807,1,136775,136789,165976,159788,29187,29201,14,0,0,0
165971,c88695ef-b8bf-1939-44fe-3b5bf4048b51,1,136778,136789,165971,163323,29182,29193,11,0,0,0
165989,61dbb692-9c9d-4bab-b3cf-803467e980a0,1,136899,136909,165989,160150,29080,29090,10,0,0,0
165992,4278abed-9c15-d5f4-84a1-bddcd56a9afd,1,136961,136969,165992,177815,29023,29031,8,0,0,0
166057,ac7c7c04-e253-6b10-f23f-c776a4fd39b9,1,137024,137029,166057,154222,29028,29033,5,0,0,0
166027,cf3603eb-9491-907c-6840-696003035493,1,137028,137029,166027,154390,28998,28999,1,0,0,0
166095,14e46cab-c110-268e-6afc-c7946345b455,1,136858,136909,166095,166804,29186,29237,51,0,0,0
166089,d5f53d2e-e13f-fdb8-ecb0-0308561474b0,1,137031,137089,166089,167449,29000,29058,58,0,0,0
166131,890a65d7-ebec-caf3-1309-10e30ad6131f,1,136849,136849,166131,161087,29282,29282,0,0,0,0
166180,5242f3c8-b510-ba9b-43a1-57be1537102c,1,137164,137209,166180,153363,28971,29016,45,0,0,0
166217,11426f6e-5d5d-3676-cdef-03924815f03d,1,137240,137269,166217,168802,28948,28977,29,0,0,0
166290,62c79a6a-4710-0ef8-daa3-46655479b8f2,1,137240,137269,166290,158801,29021,29050,29,0,0,0
166308,a49ea299-2b2e-560c-c894-a642d8730ec6,1,137289,137329,166308,160378,28979,29019,40,0,0,0
166331,2ce3d5c6-9969-a13a-22fd-14a12ad0a1c8,1,137313,137329,166331,171430,29002,29018,16,0,0,0
166409,7138ea9e-218d-31a8-e160-5344d6288d75,1,137295,137329,166409,164391,29080,29114,34,0,0,0
166479,c9e79879-51fc-d401-5449-79fc78a820e6,1,137299,137329,166479,176743,29150,29180,30,0,0,0
166473,37534f49-3189-9496-cc19-c3350019f581,1,137320,137329,166473,157009,29144,29153,9,0,0,0
166497,f5a17d3f-55b1-49cf-050d-d145e1419716,1,137303,137329,166497,168101,29168,29194,26,0,0,0
166493,0c665aa6-9fdc-0be4-2de0-f7c43e21aefd,1,137513,137513,166493,167279,28980,28980,0,0,0,0
166600,f013611d-994e-e634-977c-969cf436d813,1,137282,137329,166600,162416,29271,29318,47,0,0,0
166608,e5353804-0080-3575-8a5d-cd27dba11aee,1,137292,137329,166608,173936,29279,29316,37,0,0,0
166560,f6d6166f-a457-a328-0fd6-517d6b7c7ffa,1,137438,137438,166560,157047,29122,29122,0,0,0,0
166592,52d512f1-6841-16b8-785d-19ee01730229,1,137719,137753,166592,153943,28839,28873,34,0,0,0
166621,93a358e1-b171-9006-f9e8-2f719994ff8e,1,137520,137573,166621,155503,29048,29101,53,0,0,0
166632,e46cb470-831b-673e-d62f-5b393fb5404d,1,137636,137693,166632,155852,28939,28996,57,0,0,0
166780,1d122f63-40be-1d5c-7acf-01a5b6b5cf4f,1,137574,137633,166780,171902,29147,29206,59,0,0,0
166769,8a82563b-5b7e-d101-4d7f-d65419ec5de7,1,137651,137693,166769,166861,29076,29118,42,0,0,0
166744,c64d8f5b-644d-f69b-1d33-285a502fbca1,1,137782,137813,166744,171920,28931,28962,31,0,0,0
166846,35af83cf-e1d1-aca6-2b49-e86ea3873bfb,1,137767,137813,166846,176758,29033,29079,46,0,0,0
166813,fdd2bb8e-42ba-de23-4f0b-2289ad0e0abf,1,137854,137873,166813,178099,28940,28959,19,0,0,0
166790,12f447f4-c99b-b2b4-16d6-7b54f6dd9315,1,137860,137873,166790,165298,28917,28930,13,0,0,0
166800,724a52a9-f056-e048-2308-407ea5ecaed8,1,137866,137873,166800,171843,28927,28934,7,0,0,0
167081,79be472f-aaf0-5340-12c8-6f159fdac2b1,1,137986,137986,167081,169141,29095,29095,0,0,0,0
167142,c238e626-a6f6-430b-9789-9eda88a2307a,1,137992,138046,167142,177476,29096,29150,54,0,0,0
167269,94ab37e2-8417-d50b-3d26-5ca3efc03518,1,138368,138368,167269,178504,28901,28901,0,0,0,0
167273,b186a67f-81d3-0add-b355-4a1754345483,1,138377,138428,167273,180648,28845,28896,51,0,0,0
167303,74590a80-b387-fed4-386b-a73a665c0c17,1,138248,138248,167303,179741,29055,29055,0,0,0,0
167348,7e837c3f-dc44-2bc1-b2f2-84473439119d,1,138249,138308,167348,155824,29040,29099,59,0,0,0
167300,8f05202a-469b-b7f3-b51a-164ffade1ae1,1,138512,138512,167300,158233,28788,28788,0,0,0,0
167377,d362978d-ca7a-fdcb-9fc0-2a49730f2e6f,1,138310,138368,167377,169465,29009,29067,58,0,0,0
167365,362fcf90-3679-5fb6-8e4d-8cadfc3be1c5,1,138379,138428,167365,163389,28937,28986,49,0,0,0
167472,ebfb1609-0fdc-bf1e-f693-a32d9dc3348e,1,138253,138308,167472,163176,29164,29219,55,0,0,0
167522,dcb17ca6-442a-cda0-2443-06c5f1ffb7d6,1,138372,138428,167522,160920,29094,29150,56,0,0,0
167521,b1441eb8-38f2-0c5c-3ab7-bb3b585af8eb,1,138514,138572,167521,177229,28949,29007,58,0,0,0
167597,e86fb9f2-2e38-9e8b-56e4-2803ec2ab335,1,138513,138572,167597,179163,29025,29084,59,0,0,0
167608,f4a3bd13-4b9d-4431-e36c-f28d5bed6aab,1,138728,138752,167608,178357,28856,28880,24,0,0,0
167671,97d35395-f894-7513-917f-8853ac990819,1,138570,138572,167671,180789,29099,29101,2,0,0,0
167667,0e659032-6ab1-b7ad-8575-7d4cab0cef6b,1,138574,138632,167667,175199,29035,29093,58,0,0,0
167667,ad91ecd6-d6df-f067-5517-6e64131bb9d7,1,138641,138692,167667,178628,28975,29026,51,0,0,0
167718,99d7922c-3c21-451a-39a9-f780807b8cf6,1,138707,138752,167718,155879,28966,29011,45,0,0,0
167726,29645f95-c142-1157-7771-ba075b44e34a,1,138708,138752,167726,171115,28974,29018,44,0,0,0
167783,b1f14f3e-6991-1b5f-84d7-a496a27127dc,1,138844,138872,167783,181391,28911,28939,28,0,0,0
168411,dbf75df2-a363-f156-c63e-7ee6b0fb2c58,1,139394,139397,168411,157075,29014,29017,3,0,0,0
168414,552ea2ca-f2a4-3428-f4f9-1c9eaca015c4,1,139511,139511,168414,161382,28903,28903,0,0,0,0
169017,d6064e08-62bb-d168-f9c3-3d934722c69e,1,139945,139967,169017,177769,29050,29072,22,0,0,0
169838,e161a7b5-c918-aa1f-df6e-d8fadbb6a534,1,140849,140878,169838,164555,28960,28989,29,0,0,0
169905,96900593-a335-11c7-497f-150c2df9cc50,1,141051,141058,169905,170089,28847,28854,7,0,0,0
169946,165ba324-6088-ac0f-ab8a-d6721980472c,1,140779,140818,169946,170835,29128,29167,39,0,0,0
169911,dcf9600b-6221-30b1-1c97-2b90e1f3655d,1,140928,140938,169911,180608,28973,28983,10,0,0,0
170054,f08e90b6-9869-aac2-917d-e1e1e1df6ec8,1,141064,141118,170054,170297,28936,28990,54,0,0,0
170107,928b5579-8fef-097c-3cd2-526d6eeda34a,1,141294,141298,170107,169595,28809,28813,4,0,0,0
170222,2b00b4d6-e187-ddd9-32e1-cdef5d388139,1,141418,141418,170222,174803,28804,28804,0,0,0,0
170244,9b4a5c95-021e-770d-bcf0-de45ba7bfea2,1,141054,141058,170244,158965,29186,29190,4,0,0,0
170925,6b095674-6625-7c1a-5d61-4877ad189414,1,142027,142043,170925,177675,28882,28898,16,0,0,0
171115,c9bfebf4-1d2f-3a5a-ff38-ca383d38905f,1,141994,142043,171115,163934,29072,29121,49,0,0,0
171130,8c4090c8-7836-e9d7-2a97-d11732e43a01,1,142071,142103,171130,175069,29027,29059,32,0,0,0
171191,0cfd6a59-6608-9a00-c6ac-c7d010326596,1,142143,142163,171191,157692,29028,29048,20,0,0,0
171580,7a62320f-5190-fec4-4e20-71f66ff84f4b,1,142617,142617,171580,184701,28963,28963,0,0,0,0
172147,da65e7fe-8389-4e67-94aa-384f29c88ba5,1,143156,143156,172147,170146,28991,28991,0,0,0,0
172219,091e469e-788e-b946-85d9-7aa084e421dc,1,143388,143403,172219,161139,28816,28831,15,0,0,0
172599,35750c90-c023-eca3-6afb-7ebd5dddf483,1,143628,143643,172599,182855,28956,28971,15,0,0,0
172643,d80cc70f-5eee-2718-a3e8-d4015237e5de,1,143591,143643,172643,186361,29000,29052,52,0,0,0
172773,c0cab2d2-001e-d800-597f-0b70e4192c66,1,139633,139691,172773,187934,33082,33140,58,0,0,0
172812,3a4ec975-1969-1039-a5de-b4e86c6c468c,1,143886,143943,172812,184927,28869,28926,57,0,0,0
172786,69137d61-d9be-a916-3ce5-33ef3c12ff06,1,143969,144003,172786,176828,28783,28817,34,0,0,0
172875,8a7ce818-bca9-8339-e8eb-cee580b03165,1,143794,143823,172875,182403,29052,29081,29,0,0,0
172880,a815d91c-6fae-f68f-370d-300a4e9454f4,1,143987,144003,172880,164921,28877,28893,16,0,0,0
172935,d14b87d4-865f-194a-dd23-ef2bf0cf8dbc,1,143852,143883,172935,161500,29052,29083,31,0,0,0
173097,9b39f791-cd50-030a-d663-1899dccf5d53,1,144259,144303,173097,178611,28794,28838,44,0,0,0
173157,f61725df-25d8-9cfa-8a3c-5b3b21b43cdf,1,140123,140147,173157,158672,33010,33034,24,0,0,0
173117,cc77e08c-f9f2-1a41-48d2-796dbc226d6b,1,144262,144303,173117,158577,28814,28855,41,0,0,0
173230,b23d393e-2181-216b-9b83-d973af29b64a,1,140258,140267,173230,185825,32963,32972,9,0,0,0
173286,f2efa1cb-a81b-1977-d0ed-5e1b77da7c54,1,140518,140518,173286,164206,32768,32768,0,0,0,0
173287,2daf3bb4-a74c-135c-1137-fd2183b8e204,1,144262,144303,173287,169447,28984,29025,41,0,0,0
180444,4018397b-81b7-f062-d441-b3b75624f483,1,138940,138992,180444,179062,41452,41504,52,0,0,0
180565,50a6db07-2798-8393-f04a-d86d1f485052,1,139159,139159,180565,165820,41406,41406,0,0,0,0
180580,d87990a1-93f6-a8a9-df75-bfd2224bb00f,1,139225,139225,180580,172719,41355,41355,0,0,0,0
181627,7289b518-f288-adcc-c554-6e82e9dfec9c,1,152592,152592,181627,181163,29035,29035,0,0,0,0
181630,d821eb24-827b-e568-8f60-5e1d975b92ba,1,152643,152652,181630,181119,28978,28987,9,0,0,0
181700,883bec7d-bc46-5a18-4946-72b5b5f96c40,1,152707,152712,181700,190004,28988,28993,5,0,0,0
182304,8486994b-00c1-b778-8082-e5f3ebceacd6,1,153321,153321,182304,175524,28983,28983,0,0,0,0
182414,dd86bbe5-d4d3-f219-b1ed-0e5582a41dd8,2,180643,180685,182414,181887,1729,1771,42,0,0,0
182729,c847915a-a85a-80b6-900a-3a47ef710d5a,1,153810,153810,182729,193326,28919,28919,0,0,0,0
183063,e5e11ff0-c41e-2b5e-75e6-a7395b6ca687,1,154132,154132,183063,172589,28931,28931,0,0,0,0
183122,ec271b11-1fc0-964b-ee83-631756cea97d,1,154324,154324,183122,195529,28798,28798,0,0,0,0
183566,343c4d5d-3156-031b-f6c1-9578ecd43a8a,1,154641,154641,183566,188265,28925,28925,0,0,0,0
183864,5ed42695-4467-6555-dd73-3d3bd43357da,1,154841,154841,183864,181430,29023,29023,0,0,0,0
184454,a057a387-db1c-0b5b-a129-51381efb92f0,1,155505,155545,184454,175205,28909,28949,40,0,0,0
184463,0e980c75-4cda-0167-6d91-9bd9d4754ae7,1,155429,155485,184463,171999,28978,29034,56,0,0,0
184518,196a0dc8-aac5-d9b0-b9f5-3a39a4f18f43,1,155425,155425,184518,177263,29093,29093,0,0,0,0
184539,d77a2477-e8de-1fd9-e8a7-c50b997f94f2,1,155630,155630,184539,182831,28909,28909,0,0,0,0
184982,28732945-271f-7759-dd23-408c7ac6d3f0,1,155899,155911,184982,177640,29071,29083,12,0,0,0
185083,25655ee4-3add-3ab1-52cd-2595733930d2,1,155922,155971,185083,194062,29112,29161,49,0,0,0
185266,04fec31c-38f9-b11c-0ada-aada130a4da1,1,156428,156428,185266,194574,28838,28838,0,0,0,0
185267,77d8881e-6bd4-eb07-14b5-0c19b4b854a0,1,156332,156332,185267,192212,28935,28935,0,0,0,0
185708,5f8ca0a1-80c4-8c13-a68e-90fa9593316e,1,156986,157021,185708,197939,28687,28722,35,0,0,0
185803,1dc656d1-3001-c248-e1ef-67293613da8d,1,156901,156901,185803,189080,28902,28902,0,0,0,0
186004,68ced90f-80b8-6fbd-2c83-64eeefeb4770,1,157126,157141,186004,172187,28863,28878,15,0,0,0
186018,384f3d21-ba2a-b873-2280-c7eed70dddd3,1,157058,157081,186018,176031,28937,28960,23,0,0,0
186186,a23b5c43-304a-feea-6494-debc84955f07,1,157400,157400,186186,189390,28786,28786,0,0,0,0
186672,6bd44e6c-4441-6492-f5d3-43a9ff0a0611,1,157779,157827,186672,200213,28845,28893,48,0,0,0
186738,993f8aaa-f23f-6f29-74c1-8cc9e6b2ebf1,1,157772,157827,186738,197874,28911,28966,55,0,0,0
186772,a2f60d2a-cb4e-bc6b-3d5f-01f22ed4f5f0,1,157762,157767,186772,199197,29005,29010,5,0,0,0
186899,3a63c6ff-3a1d-644b-eed4-551cd04f4672,1,157854,157887,186899,187335,29012,29045,33,0,0,0
186915,ef3da040-6f27-80fe-7f66-d9b3ccf1ee68,1,158044,158044,186915,198669,28871,28871,0,0,0,0
186993,0bcf0e60-46e7-23ca-d478-ab5f21401cc9,1,158165,158224,186993,200558,28769,28828,59,0,0,0
187021,4e8cbadd-3898-9a47-cc8e-a90483a3440f,1,158046,158104,187021,193716,28917,28975,58,0,0,0
187430,941ef283-6f8b-baf0-7224-0e241e760a79,1,158453,158453,187430,179201,28977,28977,0,0,0,0
187817,2b4c7062-0a52-cb21-741f-33dbe2825431,1,158867,158893,187817,190790,28924,28950,26,0,0,0
187901,38c44fe1-a36e-1de5-4862-b8d4a7816a0d,1,158982,159013,187901,199018,28888,28919,31,0,0,0
188243,ce7a289e-1972-cbb8-c8eb-7a183357f4e5,1,159290,159346,188243,194428,28897,28953,56,0,0,0
188299,e8eda98a-9cb3-769b-2061-65e039e3f957,1,159322,159346,188299,185237,28953,28977,24,0,0,0
188386,c4cfea73-8435-bda8-5ac9-e5a4988c4e05,1,159582,159582,188386,189525,28804,28804,0,0,0,0
188586,50d397fc-90e2-6f97-655c-e5f50323390b,1,159358,159406,188586,175203,29180,29228,48,0,0,0
188647,fb14a42b-3f0d-66c4-4db6-7ab30e952724,1,159887,159917,188647,198176,28730,28760,30,0,0,0
189125,25894a0e-9b40-b16c-14bd-19fad948d6ac,1,160224,160224,189125,176663,28901,28901,0,0,0,0
189757,2e6f8f1d-cedc-40f9-07f7-14582e93e98b,1,160856,160856,189757,176138,28901,28901,0,0,0,0
189837,272789f2-46e0-6b2a-5be3-94349fe56238,1,160916,160916,189837,182822,28921,28921,0,0,0,0
190429,72666e64-6ccf-1417-a37e-6e57aa35ad3d,1,160232,160284,190429,193530,30145,30197,52,0,0,0
191261,ef46b9e0-cece-a8d9-0ade-4c023879ec72,1,162365,162388,191261,203452,28873,28896,23,0,0,0
191818,d5210125-614c-9c30-e081-a4bc086ca3f4,1,162855,162901,191818,197150,28917,28963,46,0,0,0
191984,76bc5d35-6daf-d4bd-9159-3d094c141110,1,163189,163189,191984,182195,28795,28795,0,0,0,0
192128,891d1366-5b37-4ced-521d-0d566f284595,1,163247,163249,192128,183334,28879,28881,2,0,0,0
192897,a08bbb65-47f2-ce28-650a-69f563e0ca48,1,164200,164226,192897,194344,28671,28697,26,0,0,0
192922,4379bc4b-bdae-c4ad-3929-4cee4a1b4ed4,1,164025,164025,192922,182847,28897,28897,0,0,0,0
192933,2e7fa45a-4e15-a0c5-3b4c-d64f387a6fe6,1,164177,164226,192933,178628,28707,28756,49,0,0,0
192996,218d9580-95c8-5ffb-7a85-ade7fd942546,1,164214,164226,192996,190326,28770,28782,12,0,0,0
193153,e96e37ac-6092-c79b-52fb-765a794061f9,1,164330,164346,193153,182720,28807,28823,16,0,0,0
193275,3987f6b7-01ff-51cd-abf9-8b47e590f34f,1,164560,164560,193275,207221,28715,28715,0,0,0,0
193564,e66271c5-6484-f929-6d8d-e3e08583822a,1,164730,164785,193564,205946,28779,28834,55,0,0,0
193572,c22acb06-2fd7-30ea-3262-e0725b937001,1,164717,164725,193572,188047,28847,28855,8,0,0,0
193652,7e799205-7ac6-9cdd-3766-263c0cc51c44,1,164787,164845,193652,202918,28807,28865,58,0,0,0
200202,dec789ca-8e81-8ce0-15ef-43cbcee44ebb,2,197544,197544,200202,199062,2658,2658,0,0,0,0
201336,bf8f19b5-94f8-1833-a57f-6cffcd3c7667,1,199620,199620,201336,201305,1716,1716,0,0,0,0
201445,30ede7bf-53f4-1ff4-312f-be05536e685e,1,199654,199680,201445,200779,1765,1791,26,0,0,0
201611,3a4d556d-2075-626f-6654-022ad704f057,1,199870,199870,201611,202037,1741,1741,0,0,0,0
201598,a6bb4327-10db-2a01-622c-b7233ddcae8f,1,199904,199930,201598,201433,1668,1694,26,0,0,0
201625,fd4946d8-42ba-3965-03a8-abef570e3fcd,1,199923,199930,201625,202246,1695,1702,7,0,0,0
201636,2dae315e-4c65-6d76-49ac-9b2efc7f8743,1,199972,199990,201636,201994,1646,1664,18,0,0,0
201654,a9b2a9b7-df64-4366-cafc-9c2c78cdd51d,1,199956,199990,201654,201441,1664,1698,34,0,0,0
201723,4edeca85-d482-946d-629d-8ca5aca85703,1,199995,200050,201723,201158,1673,1728,55,0,0,0
201731,0b7b94dd-b305-d157-364b-2eaac69f00d2,1,200035,200050,201731,201792,1681,1696,15,0,0,0
201762,00c61c36-ee5e-d0e6-9064-5262c3b504d1,1,200041,200050,201762,200908,1712,1721,9,0,0,0
201815,70df0924-d943-98eb-f5a7-dba93ae50719,1,200106,200110,201815,201484,1705,1709,4,0,0,0
201811,6636815f-1471-c159-aa90-38aadfb09ebf,1,200110,200110,201811,202188,1701,1701,0,0,0,0
201935,c8bb6f29-8325-d769-ff9c-00fcada559b0,1,200217,200262,201935,202633,1673,1718,45,0,0,0
201935,4c3eaf8b-dd05-7045-1af0-bf2591f7ebf4,1,200217,200262,201935,201342,1673,1718,45,0,0,0
201937,2e75929a-8700-25e1-cb48-9b5b6f53ced6,1,200221,200262,201937,201967,1675,1716,41,0,0,0
201987,bc943ce8-088a-5a4e-5f6b-683d9abb15ae,1,200278,200322,201987,201452,1665,1709,44,0,0,0
202008,56a361dc-0d97-6ec4-087c-c703536db834,1,200264,200322,202008,201402,1686,1744,58,0,0,0
202074,bf0a02c1-53b2-1e8c-669b-f4dd34f11f91,1,200350,200382,202074,201252,1692,1724,32,0,0,0
202082,76b2d0ae-1260-6cdf-15fa-c581dbb2b5e4,1,200378,200382,202082,201309,1700,1704,4,0,0,0
202083,392c2941-0033-1667-3770-4a7886887f6b,1,200380,200382,202083,202198,1701,1703,2,0,0,0
202088,2cf9f2d2-83ac-54f1-9042-e8b264c40b60,1,200386,200442,202088,202621,1646,1702,56,0,0,0
202148,f3d5f858-88a4-2745-e155-467b806eed0e,1,200470,200502,202148,201357,1646,1678,32,0,0,0
202228,28ef5aa9-6628-6ab0-b9a8-3910fbb63a5c,1,200559,200562,202228,202114,1666,1669,3,0,0,0
202239,2821396f-1d94-b65c-a475-cb49330d4248,1,200519,200562,202239,201595,1677,1720,43,0,0,0
202283,579edb1b-4712-383e-995d-46252517c582,1,200568,200622,202283,202023,1661,1715,54,0,0,0
202319,c03feac9-3c79-5206-6aa6-95d5ede02869,1,200591,200622,202319,202084,1697,1728,31,0,0,0
202332,d76f8ae0-cefd-d250-1c76-5c1fa91b8147,1,200644,200682,202332,203085,1650,1688,38,0,0,0
202325,3812a641-91a8-fc5d-cacf-185ef29a1e8b,1,200650,200682,202325,202053,1643,1675,32,0,0,0
202327,555c56b4-fb4f-105a-d73a-346817e3add9,1,200653,200682,202327,202790,1645,1674,29,0,0,0
202393,7dd910b5-d421-90ab-1ca3-2463d523d170,1,200734,200742,202393,202809,1651,1659,8,0,0,0
202481,72763cdb-e667-9459-f45b-0c0e6ec94d2a,1,200744,200802,202481,201627,1679,1737,58,0,0,0
202539,add2124b-400a-32ce-e638-6d0348f9320c,1,200839,200862,202539,202963,1677,1700,23,0,0,0
202546,38037cbc-1bb7-ee60-00aa-fe610fcd3d53,1,200838,200862,202546,203012,1684,1708,24,0,0,0
202583,f853677f-cdb7-f8d3-450f-c2d23cc0c689,1,200907,200922,202583,202273,1661,1676,15,0,0,0
202634,18c3d6cf-f1bf-379d-d498-898d8ae1337b,1,200976,200982,202634,202530,1652,1658,6,0,0,0
202677,f1fa02e6-6945-4cdb-8371-8bb334f9d275,1,200926,200982,202677,202897,1695,1751,56,0,0,0
202672,5c6eb1fe-65ff-ce57-601f-44de670263c4,1,200930,200982,202672,202228,1690,1742,52,0,0,0
202665,5d9894de-63c7-f13c-efef-749eb7dec442,1,200981,200982,202665,202954,1683,1684,1,0,0,0
202719,98c7bd80-a224-ed14-9a03-6fcd0b47168b,1,200985,201042,202719,203422,1677,1734,57,0,0,0
202721,2a1a68d8-5e56-e020-85b0-6c7270c60bdf,1,201027,201042,202721,202571,1679,1694,15,0,0,0
202716,b8f39d49-bbbb-4cb9-3f0d-c7882ecdf1e8,1,201031,201042,202716,202502,1674,1685,11,0,0,0
202721,9ea0e174-2dd4-3b9e-891d-b7e47ede954b,1,201031,201042,202721,203386,1679,1690,11,0,0,0
202666,39770ab3-38bc-949e-627a-153a50605412,1,201039,201042,202666,202272,1624,1627,3,0,0,0
202734,e88c116f-8519-0032-06d0-e8a68444bb34,1,201021,201042,202734,201891,1692,1713,21,0,0,0
202722,33072949-24aa-16b1-2fd6-99684d52ff39,1,201112,201112,202722,202648,1610,1610,0,0,0,0
202866,42d4b4b2-32dc-96b5-e942-14b4ba43067f,1,201123,201172,202866,203489,1694,1743,49,0,0,0
202866,b812d330-f896-5498-8053-9d06a3b81677,1,201126,201172,202866,202075,1694,1740,46,0,0,0
202890,d8b9842e-9033-9190-9fea-cd69f7bbeefa,1,201132,201172,202890,203658,1718,1758,40,0,0,0
202913,fa346b02-efd7-0275-b154-dd6915e364a0,1,201175,201232,202913,203367,1681,1738,57,0,0,0
202868,fb3c320b-509b-451f-d08c-e6f532c7cdac,1,201177,201232,202868,202638,1636,1691,55,0,0,0
202904,3fa74d24-5dca-be9e-fa59-918ee6b89a37,1,201229,201232,202904,202174,1672,1675,3,0,0,0
202913,b8841cd9-fb5e-9615-a4dc-0ab0a608d7de,1,201230,201232,202913,203666,1681,1683,2,0,0,0
202899,3d1cf258-df0d-b187-195d-5254c5950dcf,1,201230,201232,202899,203689,1667,1669,2,0,0,0
202907,c4ba96ee-c568-a776-07f5-ba58d291b53e,1,201232,201232,202907,203525,1675,1675,0,0,0,0
202962,54654df8-1cfc-0ea9-eb76-b8b761ab60a2,1,201233,201292,202962,202803,1670,1729,59,0,0,0
202949,3cba6422-fc4d-3d2e-bf85-c3ea135ca9f9,1,201236,201292,202949,202934,1657,1713,56,0,0,0
202949,174ddf85-379c-7b7d-0e3f-a37c76361853,1,201242,201292,202949,203408,1657,1707,50,0,0,0
202969,6ba105dd-581d-cce1-fdad-001c5d88e497,1,201282,201292,202969,203054,1677,1687,10,0,0,0
202962,8fe07948-cd85-4d61-5f1a-4f490b7c68df,1,201284,201292,202962,202357,1670,1678,8,0,0,0
202958,41eb0fc5-af80-5d38-1c46-80a105d28431,1,201288,201292,202958,202257,1666,1670,4,0,0,0
203007,777949c3-c626-81e5-7855-38ec08d98959,1,201233,201292,203007,203048,1715,1774,59,0,0,0
202987,28ded23e-7420-44c5-54f6-002b96f7d6e5,1,201236,201292,202987,203043,1695,1751,56,0,0,0
202988,025d78db-2026-60d8-c84e-3b6177594e4b,1,201332,201352,202988,202157,1636,1656,20,0,0,0
203026,d383d63c-5781-9e7c-5885-40f66fc7542a,1,201335,201352,203026,203219,1674,1691,17,0,0,0
203049,2b4b17ae-5c36-a280-16db-604c5b10fd20,1,201315,201352,203049,203691,1697,1734,37,0,0,0
203088,2cdae505-1484-7587-972d-bf5323cc1801,1,201377,201412,203088,203655,1676,1711,35,0,0,0
203083,5d97670f-55be-c52b-3346-c16aab3bc2d0,1,201377,201412,203083,203244,1671,1706,35,0,0,0
203152,af7323c2-fed4-1f45-43c5-ae9ebbb6e2dc,1,201422,201472,203152,203185,1680,1730,50,0,0,0
203201,02b7b4e2-1b1b-1b23-4fbd-d2721c24586b,1,201460,201472,203201,203503,1729,1741,12,0,0,0
203212,67241878-0946-b9d5-5d4d-b750415df4c6,1,201478,201532,203212,203676,1680,1734,54,0,0,0
203195,b13c2b8c-22b3-1428-195a-b95d4e500d68,1,201528,201532,203195,202995,1663,1667,4,0,0,0
203262,3823eb5c-4b71-6ac2-4778-83710f71e4b0,1,201575,201592,203262,203162,1670,1687,17,0,0,0
203435,dc0d7a97-23c8-5f11-4d58-e9e9c601c55e,1,201716,201772,203435,203241,1663,1719,56,0,0,0
206472,992d402b-de11-c77c-1ac5-2530ac895ef5,2,204541,204541,206472,206682,1931,1931,0,0,0,0
210436,4022bad9-7e9c-d175-12f9-a8fb8746f2ad,1,102366,102422,210436,238181,108014,108070,56,0,0,0
213203,ef4bdb87-1614-bbd4-a6e0-9db1d54bf12a,1,211475,211475,213203,212838,1728,1728,0,0,0,0
213371,521f09f3-3e25-33e3-f468-ddbaa6dd1dd8,1,211599,211599,213371,213906,1772,1772,0,0,0,0
213847,7b9755d8-249b-58f9-cce1-8841fa350c7c,1,211515,211535,213847,212805,2312,2332,20,0,0,0
213909,75a95439-8248-3538-fdd1-37762aecce72,1,211716,211716,213909,214037,2193,2193,0,0,0,0
214948,9f586c05-717f-1510-6294-ca75e8d4b718,1,212755,212755,214948,215180,2193,2193,0,0,0,0
215036,2d4cb196-9aab-699e-a5fa-9074623275a6,1,213758,213758,215036,214489,1278,1278,0,0,0,0
215222,c9194a78-9e81-9327-2f10-cb8be12e3c58,1,213818,213818,215222,215278,1404,1404,0,0,0,0
215248,c56405e1-3551-84a1-7eb9-d7bf875371ac,1,214029,214029,215248,215587,1219,1219,0,0,0,0
221114,aae977d5-752f-c0fe-e2c3-231589c380d9,1,220338,220338,221114,221425,776,776,0,0,0,0
221215,64422db4-825a-b6a7-412f-670138db73e7,1,220373,220398,221215,220910,817,842,25,0,0,0
221223,ab9e58ec-5988-7c66-232f-5d586911038d,1,220415,220458,221223,220932,765,808,43,0,0,0
221442,ec1b739e-d628-0527-6f56-b0e2f6ba93d5,1,220613,220613,221442,221280,829,829,0,0,0,0
236609,99e46bc6-ec90-f2f6-6e29-93271e47a844,1,236009,236009,236609,236687,600,600,0,0,0,0
241011,3e595f54-7892-a07f-a45a-c95564f1f2c7,1,153073,153073,241011,272134,87938,87938,0,0,0,0
241696,9a456f5e-41bb-191a-4dc3-e3a9f9b3ac62,1,154392,154392,241696,213086,87304,87304,0,0,0,0
244369,a14d0f5a-130e-ed62-4f81-71d13c79ecf1,1,243503,243538,244369,244195,831,866,35,0,0,0
244354,5d4aa337-f0b3-5ce9-c643-3760900a0672,1,243600,243658,244354,244463,696,754,58,0,0,0
244451,26f407ae-86f8-780e-1cc0-7c8452e863d6,2,242615,242629,244451,245007,1822,1836,14,0,0,0
244460,301b7f3e-a6d6-3255-2435-555d54fcfdd1,1,243568,243598,244460,244503,862,892,30,0,0,0
245127,af11f1e0-0c23-0aac-770d-8b18afd69ab5,1,244356,244380,245127,245454,747,771,24,0,0,0
245317,08ffa9dc-c04d-9c05-f074-c2eaaa46a1ca,1,244595,244630,245317,244945,687,722,35,0,0,0
245630,cbf13a7c-2c03-ae74-896d-b5f48785c2ce,4,78713,78713,245630,306310,166917,166917,0,0,0,0
246525,5c80db31-b72c-af16-30b7-8ae742f2185e,1,242145,242149,246525,246491,4376,4380,4,0,0,0
252573,7ac48e74-b6f3-c428-a7dd-31392b69023d,2,250684,250686,252573,252644,1887,1889,2,0,0,0
270288,fc752475-ea4c-eb95-ff88-e4b0541089c2,1,269632,269632,270288,270565,656,656,0,0,0,0
270705,d3a2158a-e2dd-5414-0e9d-911ef6775bc9,2,268080,268080,270705,269976,2625,2625,0,0,0,0
270753,af53cd5f-d618-3750-04ea-87adbcab96c1,1,242074,242089,270753,282049,28664,28679,15,0,0,0
270947,15e8c163-e7fd-d1a6-5005-5d9680095c57,1,241976,242029,270947,266097,28918,28971,53,0,0,0
271004,1b220d77-778a-f875-827c-0b2e83619744,1,242034,242089,271004,279901,28915,28970,55,0,0,0
270991,8b243568-4742-a7e5-e5ff-c535601e53d2,1,242165,242209,270991,276242,28782,28826,44,0,0,0
271060,666e9816-7eb1-54c3-2a6a-f10aaa7d06fb,1,241969,241969,271060,266259,29091,29091,0,0,0,0
271048,50239625-f7f1-418b-7807-9cbae3c0f2f0,1,241977,242029,271048,277802,29019,29071,52,0,0,0
271016,e7c82a4c-3ecf-656c-6514-8ccbebc2b0e7,1,242012,242029,271016,272366,28987,29004,17,0,0,0
271020,123addc1-0b67-983a-8e81-18ad7b8faa4c,1,242070,242089,271020,257153,28931,28950,19,0,0,0
271110,998eb9f8-fd96-d43d-e18f-027d11ad9d01,1,242256,242269,271110,279301,28841,28854,13,0,0,0
271118,8347a03c-7ae0-c506-d912-86a8e0bfffc7,1,242311,242329,271118,282038,28789,28807,18,0,0,0
271220,c5f53062-3d24-220b-2e52-ca9f7be60275,1,242260,242269,271220,263173,28951,28960,9,0,0,0
271223,e888f3bf-40fe-51e9-f6df-0676559f4e1d,1,242173,242209,271223,281516,29014,29050,36,0,0,0
271261,4da16971-9e27-a795-6162-d60d01716ea1,1,242262,242269,271261,283574,28992,28999,7,0,0,0
271312,40a489f0-baad-e3cd-a164-c0898fa6c4c4,1,242151,242209,271312,276018,29103,29161,58,0,0,0
271289,97b0263c-4c3a-01e0-4485-a3868bbff31a,1,242312,242329,271289,274882,28960,28977,17,0,0,0
271290,ecbc108a-dd35-5477-adae-383414961f14,1,242314,242329,271290,259979,28961,28976,15,0,0,0
271321,14820180-41b0-cde9-ed88-ed5a829d53c9,1,242398,242449,271321,256791,28872,28923,51,0,0,0
271331,edcd04b4-7ca0-c9e9-42d3-ee7f706827ef,1,242503,242509,271331,267261,28822,28828,6,0,0,0
271344,255ba9da-05ea-9f10-fdf9-5c33949ce309,1,242433,242449,271344,276727,28895,28911,16,0,0,0
271399,0d51cb93-ef5f-0ce9-99ea-76e2782e208d,1,242490,242509,271399,281494,28890,28909,19,0,0,0
271384,21a88346-cf3c-9f88-dea4-6f40a83b3d55,1,242495,242509,271384,273007,28875,28889,14,0,0,0
271386,8293e769-3639-4339-c373-9056fa372993,1,242501,242509,271386,264525,28877,28885,8,0,0,0
271467,a1c40c4e-0d12-6a65-085a-cf4e78b13cc9,1,242361,242389,271467,272864,29078,29106,28,0,0,0
271589,cccb2f25-0bfe-30c1-905c-133ee0b82d17,1,242503,242509,271589,258301,29080,29086,6,0,0,0
271601,9d430bbc-ef1c-3d70-7872-dea04b1454fc,1,242606,242629,271601,263768,28972,28995,23,0,0,0
271622,ecbba73a-7dcb-d8a8-966a-3a40b7433922,1,242701,242749,271622,257173,28873,28921,48,0,0,0
271689,799e8892-1021-d3fe-8afa-cfa074aa0135,1,242510,242569,271689,264703,29120,29179,59,0,0,0
271659,e3d88a75-031e-d83a-aa54-d753890a8041,1,242734,242749,271659,257954,28910,28925,15,0,0,0
271714,d0487caa-15c6-fdfd-dd3b-e59a1dd71f12,1,242686,242689,271714,278926,29025,29028,3,0,0,0
271748,86c76db0-de31-064f-b6a3-eb084b60ade6,1,242973,242973,271748,273648,28775,28775,0,0,0,0
271955,005af162-1c9b-2a67-d5c6-d637a0886d9f,1,243065,243065,271955,259204,28890,28890,0,0,0,0
272010,33a71918-31bc-63e6-b4a1-1f462a08fa8d,1,243095,243125,272010,280372,28885,28915,30,0,0,0
272039,dd4d902f-01e6-0019-5e09-6321cc9a6a2e,1,243082,243125,272039,258947,28914,28957,43,0,0,0
272114,3a5672d1-2569-d5dc-c862-a89c333b8ad0,1,243068,243125,272114,279152,28989,29046,57,0,0,0
272086,c8482c26-20fa-4fd2-c652-74d1e8d29b72,1,243168,243185,272086,277879,28901,28918,17,0,0,0
272087,0f15d575-da71-0d84-f1f2-723cd9ded091,1,243226,243245,272087,270605,28842,28861,19,0,0,0
272153,f486f56f-0ae8-ccdd-36ba-ebbc0f030f5d,1,243281,243305,272153,268221,28848,28872,24,0,0,0
272169,8a7cbd8a-c5d5-7a79-cee2-d950e40bb8c6,1,243286,243305,272169,264521,28864,28883,19,0,0,0
272202,a4d13047-a6df-1652-7695-304e6688be95,1,243085,243125,272202,270715,29077,29117,40,0,0,0
272227,09c3d394-12da-ec92-1a8c-fe7c7dc683d4,1,243220,243245,272227,267297,28982,29007,25,0,0,0
272202,4f576e9c-2af1-8639-2bb1-fac95ba992cb,1,243284,243305,272202,268901,28897,28918,21,0,0,0
272233,2f5cebba-5fa8-8ade-c01b-d1a0ae909a97,1,243288,243305,272233,270222,28928,28945,17,0,0,0
272219,886a0229-88fb-3ed2-e23e-244995f99c44,1,243478,243478,272219,261329,28741,28741,0,0,0,0
272292,e9cadc2e-04bb-665f-7409-2555567eab20,1,243154,243185,272292,271578,29107,29138,31,0,0,0
272295,d0e30d66-f3d6-8586-4358-225f3e612755,1,243218,243245,272295,280982,29050,29077,27,0,0,0
272304,47f3549b-213c-6d7e-8572-39d66ffeb5a9,1,243296,243305,272304,259063,28999,29008,9,0,0,0
272296,48597b32-249b-a4d7-1123-408f298bb2a9,1,243491,243538,272296,271431,28758,28805,47,0,0,0
272412,a64c787c-01e8-05bb-3b0e-7e13bc6786a8,1,243496,243538,272412,269559,28874,28916,42,0,0,0
272426,05c41073-680c-6836-6378-eee8a8b0c5ed,1,243491,243538,272426,265341,28888,28935,47,0,0,0
272427,10edc0d4-e909-5cb9-367d-ae31a780baed,1,243492,243538,272427,261730,28889,28935,46,0,0,0
272532,b970d950-b5e1-45b2-1e20-11d054c710be,1,243484,243538,272532,266271,28994,29048,54,0,0,0
272477,bbbe28c1-eaf4-700f-5182-d30fe9915e17,1,243489,243538,272477,268921,28939,28988,49,0,0,0
272497,14887d65-1e89-3c1e-9f9f-2b8d3781e6d9,1,243583,243598,272497,259696,28899,28914,15,0,0,0
272661,43f8d5d0-d599-4654-7fa7-a0bc845cf871,1,243750,243750,272661,261136,28911,28911,0,0,0,0
272699,6e5f8d0c-2c63-566a-9c81-4720c08fedff,1,243770,243810,272699,258789,28889,28929,40,0,0,0
272774,bff599b3-f668-ea48-3288-12d94ddd76f7,1,243901,243930,272774,281297,28844,28873,29,0,0,0
272807,cc347ffa-c57f-ed79-e143-07c0b2086ae9,1,243904,243930,272807,284539,28877,28903,26,0,0,0
272809,559ab377-fcc0-8fd7-7976-173d058601a3,1,244004,244050,272809,261037,28759,28805,46,0,0,0
272880,1dde8531-17bb-e437-a8c1-e53c3bec0256,1,243825,243870,272880,280048,29010,29055,45,0,0,0
272844,c068d778-e09f-397f-8a44-daac26a58ba1,1,243907,243930,272844,278281,28914,28937,23,0,0,0
272848,b303b4d4-33ca-d49c-f426-6abcf5d78ff2,1,243990,243990,272848,272850,28858,28858,0,0,0,0
272943,5972902c-2429-d923-1e57-7d6a7ee56495,1,243984,243990,272943,261336,28953,28959,6,0,0,0
272904,cf92db2e-aeb3-2b31-4618-f43312007d74,1,244043,244050,272904,272090,28854,28861,7,0,0,0
272988,34084546-96ca-458e-7f9a-846d2b1bc0b8,1,244004,244050,272988,266934,28938,28984,46,0,0,0
272963,c0322b22-d52a-ae90-2535-d1f9bb151c76,1,244140,244140,272963,259599,28823,28823,0,0,0,0
273009,34d01c53-8197-8570-2da2-5b63fdef06c3,1,244152,244200,273009,267095,28809,28857,48,0,0,0
273002,d446d155-7fa4-9064-a3f5-5f10bf76f18e,1,244161,244200,273002,274504,28802,28841,39,0,0,0
273073,8a18ed0e-1ce6-c775-a189-635aba989249,1,243992,244050,273073,270636,29023,29081,58,0,0,0
273139,dabf6609-c484-fc19-9b7e-8cebdc5069b3,1,244157,244200,273139,265598,28939,28982,43,0,0,0
273165,46b746ff-3fe6-e88e-9c8f-a03719fce77b,1,244210,244260,273165,259341,28905,28955,50,0,0,0
273141,f343232a-0208-4a21-59ef-9939cd35fcac,1,244286,244320,273141,285230,28821,28855,34,0,0,0
273201,1555897b-8cf4-9e22-72af-c71ba32e3194,1,244352,244380,273201,267553,28821,28849,28,0,0,0
273405,3fd03c9b-544f-a58d-70dc-52c0957fbd2d,1,244570,244570,273405,265488,28835,28835,0,0,0,0
273435,12a8a6c8-35c7-0197-fc48-70b3e08b7e78,1,244392,244440,273435,285326,28995,29043,48,0,0,0
273443,fd38f0fe-5f47-b736-5ee5-0f3d10e75b7e,1,244851,244851,273443,269647,28592,28592,0,0,0,0
273624,3abf6040-11fb-37d0-5056-179017762a51,1,244971,244971,273624,284570,28653,28653,0,0,0,0
273917,d223f639-6e29-0327-5ade-9c1f5d3ed997,1,245194,245207,273917,272934,28710,28723,13,0,0,0
273926,fd728fa4-22b8-3bb4-cbcc-84bde10b735f,1,245087,245087,273926,265375,28839,28839,0,0,0,0
274011,ee258840-94ac-da67-8838-2a571baba783,1,245096,245147,274011,280289,28864,28915,51,0,0,0
274113,3e2668d3-19dd-4627-1dfa-e7e0348d4862,1,245303,245344,274113,287571,28769,28810,41,0,0,0
275056,3aef0dda-907b-fd22-f261-e3976c48e0f5,1,246244,246244,275056,264114,28812,28812,0,0,0,0
292757,c92735aa-65b1-6501-2ba9-ce0169a68eec,1,291520,291520,292757,293085,1237,1237,0,0,0,0
292836,a4ded8e1-2fa9-2eec-190e-80ce6ca0b9a9,1,291569,291580,292836,292933,1256,1267,11,0,0,0
293023,8b1c7121-0633-625b-540d-eeb45ba2debc,1,291789,291789,293023,292643,1234,1234,0,0,0,0
293159,292d5a7f-31b5-707d-8f2d-4bafd610d91d,1,291627,291640,293159,292401,1519,1532,13,0,0,0
293438,793f381e-d5a7-7c13-7d11-22e769697898,1,292207,292207,293438,293712,1231,1231,0,0,0,0
293543,cb8374b2-3299-9f25-50d0-2c81badc8109,1,292248,292267,293543,293260,1276,1295,19,0,0,0
293549,0b59d8ce-165a-6a56-de1f-ce33acbf93bd,1,291979,291979,293549,293734,1570,1570,0,0,0,0
293615,91bc743a-a6f3-21e4-33f1-53eb77aa0e05,1,292337,292337,293615,293378,1278,1278,0,0,0,0
299949,7eaefaf1-3046-5d8d-4e90-bb21072b8427,1,246021,246064,299949,296400,53885,53928,43,0,0,0
300011,1650005d-b4d0-a23b-7351-5b0805558138,1,245161,245207,300011,304311,54804,54850,46,0,0,0
300037,c05a2d09-482d-ec5f-11ca-864890c749b7,1,244288,244320,300037,310941,55717,55749,32,0,0,0
300129,54492364-d84a-3b91-d2a9-04866965050c,1,245134,245147,300129,316351,54982,54995,13,0,0,0
300102,6d352427-d08e-63f5-d347-f7b5d2d58671,1,245206,245207,300102,304187,54895,54896,1,0,0,0
300188,b6511f9c-df45-e9db-e8b0-a2fa85de8672,1,244292,244320,300188,307935,55868,55896,28,0,0,0
319860,1747aaed-c0c5-fb48-f045-7813f8c2279e,1,319220,319220,319860,320178,640,640,0,0,0,0
330784,cc43f13a-34a4-8d1e-583e-9b53f578163b,2,329083,329083,330784,331385,1701,1701,0,0,0,0
331720,af120ba3-3dd0-a9f7-877d-70cbcfc821f5,1,269316,269342,331720,302732,62378,62404,26,0,0,0
334874,5b1ef9a2-f45f-e2ad-fec4-4e196b962c3a,1,334242,334242,334874,334692,632,632,0,0,0,0
335015,8d9a3d17-5ecf-d9c0-2053-87152ae05381,1,334248,334302,335015,334679,713,767,54,0,0,0
335059,f5af53bb-1876-4290-33f4-c685f63e44b4,1,334321,334362,335059,334872,697,738,41,0,0,0
338089,03b5b171-4d79-179a-4ab1-3d5f4a1747c1,2,336220,336220,338089,338657,1869,1869,0,0,0,0
354673,9b011a2e-e436-b579-1a9f-ed3191cfde22,1,353885,353885,354673,354287,788,788,0,0,0,0
355742,0949daab-329b-448b-691f-e9b349ea892c,2,353171,353171,355742,356647,2571,2571,0,0,0,0
360564,5e956654-7cbb-2ecf-8b1b-7e98fee8ca21,1,331986,331986,360564,364141,28578,28578,0,0,0,0
363819,5e905326-5ed7-58b4-eee5-17d0d5d52460,2,183428,183428,363819,411507,180391,180391,0,0,0,0
364777,e0847351-2e27-2af8-e4b1-1ba8de256879,1,363978,363986,364777,365134,791,799,8,0,0,0
376550,f80cfa43-fff5-71d8-3c9e-987db6f7fe7d,1,373711,373711,376550,376858,2839,2839,0,0,0,0
384215,e6eab9d7-8cdb-2dd2-c885-1510cc4e5b10,1,355355,355375,384215,381027,28840,28860,20,0,0,0
384270,e87c90eb-2ab8-3abf-f3d9-33986989f9e8,1,355315,355315,384270,374759,28955,28955,0,0,0,0
384220,680d127a-811c-e7e2-06fa-b09f6882b578,1,355404,355435,384220,395051,28785,28816,31,0,0,0
384358,f79debd7-535d-2b75-8920-d68f3a197623,1,355548,355555,384358,380380,28803,28810,7,0,0,0
384401,adf16c12-652c-66f9-adaa-04616edc8a22,1,355379,355435,384401,378512,28966,29022,56,0,0,0
384368,52306838-56e1-97fe-ffbf-19da4a2360bc,1,355471,355495,384368,380179,28873,28897,24,0,0,0
384532,f97a5902-02c9-427a-ab5b-9ae787a5aaeb,1,355521,355555,384532,370543,28977,29011,34,0,0,0
384534,90227b59-a335-2aec-530a-696002f02a79,1,355524,355555,384534,390067,28979,29010,31,0,0,0
384555,a7cc0a6b-6a54-0ba6-10dc-575b52adb61c,1,355705,355751,384555,385389,28804,28850,46,0,0,0
384611,d20e584a-d811-0e96-ce29-af86fc4dd729,1,355624,355624,384611,394958,28987,28987,0,0,0,0
384645,ebf4471a-d071-5701-b9d7-64f20333272a,1,355736,355751,384645,396192,28894,28909,15,0,0,0
384773,30239008-45bf-dc42-76be-3728d99b9011,1,355691,355691,384773,377966,29082,29082,0,0,0,0
384785,e34ff5cf-0e18-6ac0-7e9f-36a6a0fa86d0,1,355983,355983,384785,385238,28802,28802,0,0,0,0
384876,4693866e-705c-721e-3c48-de400858bdf6,1,355840,355840,384876,373079,29036,29036,0,0,0,0
385004,8634fb97-5ef6-f0dd-7f88-966d59739e81,1,355998,356043,385004,374982,28961,29006,45,0,0,0
385028,726fed6d-105b-e4d4-d79e-5352651b6f2e,1,375169,375169,385028,383708,9859,9859,0,0,0,0
385106,b075ffd9-7bd8-84e0-15ef-0770c9f49767,1,356232,356232,385106,388018,28874,28874,0,0,0,0
385265,7f4ad79e-464f-fde1-91c4-7d8ee972fbef,1,356449,356485,385265,385068,28780,28816,36,0,0,0
385388,6fa2400c-f872-144d-35f5-c15839d39fcd,1,356599,356599,385388,379843,28789,28789,0,0,0,0
385394,92dfac62-85a8-a147-0d2e-cfb6bc6852b1,1,356425,356425,385394,380496,28969,28969,0,0,0,0
385607,b5ddaf31-f485-48d8-e161-e8166357bce6,1,356823,356823,385607,395705,28784,28784,0,0,0,0
385721,d984573d-97a7-a8f4-d1ec-5b64c8319eed,1,356872,356883,385721,386050,28838,28849,11,0,0,0
385855,59b44240-fa93-9a1d-515b-26321d455611,1,357034,357034,385855,398965,28821,28821,0,0,0,0
385962,88f60e66-5027-05fd-4f11-b00f6b6f119a,1,357089,357094,385962,386657,28868,28873,5,0,0,0
386346,f51cde32-89e8-fb90-aaf1-f3f03e70892a,1,357586,357626,386346,378496,28720,28760,40,0,0,0
386442,81591576-a1f4-6d76-4900-23eea86b8b68,1,357566,357566,386442,393804,28876,28876,0,0,0,0
386498,9247ce7c-a7fa-fa15-dfe2-a1778959939d,1,357727,357727,386498,380723,28771,28771,0,0,0,0
386703,23872161-4cea-8e22-35b9-0c1e6db7d973,1,357955,357955,386703,388895,28748,28748,0,0,0,0
386856,2274ea7e-080b-0475-acce-7c0f70081abc,1,357999,358015,386856,387839,28841,28857,16,0,0,0
386930,d94fb070-a1a7-b929-27d1-c9ea2d39f96b,1,358004,358015,386930,380245,28915,28926,11,0,0,0
386969,66c9504e-3d10-7fe5-c322-efb8bbbefdde,1,357965,358015,386969,374395,28954,29004,50,0,0,0
386983,6bf3eee0-132b-6a44-aedd-e93c09361202,1,358016,358075,386983,382946,28908,28967,59,0,0,0
387047,29d1d6b0-094a-e54f-58b7-b0517796449b,1,358001,358015,387047,398026,29032,29046,14,0,0,0
387079,34052070-4a64-e082-d088-bfa918c14175,1,357976,358015,387079,399369,29064,29103,39,0,0,0
387093,cbdda019-9253-8dd6-b28a-9472619221a1,1,358017,358075,387093,377640,29018,29076,58,0,0,0
387079,c10a0336-14bd-6af7-a88b-3442bdc9a04e,1,358019,358075,387079,374991,29004,29060,56,0,0,0
387212,53f6f10b-6ebe-a6dc-c7e3-00748bdee90c,1,358027,358075,387212,379309,29137,29185,48,0,0,0
387243,7ab719fe-f804-a887-4848-06b88a5cecbc,1,358408,358408,387243,373689,28835,28835,0,0,0,0
387531,c0129ef2-fca0-9b60-8056-b3a64f073901,1,358784,358814,387531,385293,28717,28747,30,0,0,0
387567,1588ff80-5461-173b-2a6f-71ee783f6d4d,1,358804,358814,387567,398091,28753,28763,10,0,0,0
387610,d708ee7b-d9db-8a89-d648-0826bdbaaa17,1,358702,358754,387610,374703,28856,28908,52,0,0,0
387613,2588620a-6da6-3f88-96c2-61071a3d3e45,1,358755,358814,387613,376125,28799,28858,59,0,0,0
387712,5a158ae5-46ba-e162-26a1-96e6ecd3f776,1,358896,358934,387712,401871,28778,28816,38,0,0,0
387744,e5e639e2-328a-7066-298d-03907e097cc2,1,358707,358754,387744,375690,28990,29037,47,0,0,0
387822,d31c37b4-e138-3732-0c01-0de14b3b2dbe,1,358718,358754,387822,400221,29068,29104,36,0,0,0
387864,0818f839-5c39-3014-6c3b-fbb07ccb2c56,1,359091,359114,387864,378904,28750,28773,23,0,0,0
387912,c64b04d3-9e34-4fcb-8387-df2b23baa8eb,1,358905,358934,387912,377432,28978,29007,29,0,0,0
387903,d625e1ec-40ab-fc44-1a32-3113738f97a9,1,358981,358994,387903,399894,28909,28922,13,0,0,0
388039,eec29ad4-9e70-736f-7446-411be1b65ed2,1,359205,359234,388039,374485,28805,28834,29,0,0,0
388051,6bd0d0e5-b47c-bc46-bf5c-924ddd11279d,1,358985,358994,388051,398337,29057,29066,9,0,0,0
388098,fe97436d-59e5-f207-3999-4b2d5bb677f7,1,359195,359234,388098,393267,28864,28903,39,0,0,0
388110,516611ac-7563-5f6f-09d7-94198c91af9b,1,358940,358994,388110,377321,29116,29170,54,0,0,0
388104,df52f707-1a4a-5f2d-7047-81b4a94abd66,1,359229,359234,388104,374969,28870,28875,5,0,0,0
388132,558f5e17-ea5c-8b8a-09e1-abff44e9674b,1,359300,359358,388132,387123,28774,28832,58,0,0,0
388276,3df562e2-8c41-5e1a-fd68-6480264ba1a6,1,359378,359418,388276,391187,28858,28898,40,0,0,0
388310,540a7de7-55d3-9adf-f86e-170944b254ba,1,359302,359358,388310,391948,28952,29008,56,0,0,0
388291,1e177178-8eec-cbf2-3ade-297e1fd81ffc,1,359309,359358,388291,392397,28933,28982,49,0,0,0
388299,9281fe44-5a88-cfd4-f1e7-c89b7f38b68f,1,359478,359478,388299,376879,28821,28821,0,0,0,0
388366,aff053bd-3cdf-1d04-e3fc-a538759fa6b5,1,359458,359478,388366,375156,28888,28908,20,0,0,0
388478,dc74a207-3cbf-2998-4e15-98ecc9541d91,1,359576,359607,388478,393441,28871,28902,31,0,0,0
388528,89c5b31b-eeeb-9ea1-f6d3-57ac93db2dc8,1,359799,359800,388528,388684,28728,28729,1,0,0,0
388579,b4185967-86b4-7efb-d9df-09b64dd8d7a0,1,359742,359800,388579,396948,28779,28837,58,0,0,0
388582,0bb3b382-553f-1cc1-0373-5f9d8b819fa7,1,359807,359860,388582,384912,28722,28775,53,0,0,0
388617,0c4b65c0-3c38-2474-0126-cbdd48f08de7,1,359585,359607,388617,396627,29010,29032,22,0,0,0
388661,d9ea4434-cd77-f0df-df7f-83a831df4fcf,1,359883,359920,388661,394282,28741,28778,37,0,0,0
388726,b228271a-fc84-9adc-958d-e6940fcec776,1,359639,359667,388726,380568,29059,29087,28,0,0,0
388731,88d3b911-b6e8-d3e7-5693-179a9879fc6a,1,359754,359800,388731,398164,28931,28977,46,0,0,0
388739,9ab6a863-a43e-10a8-285c-13ee19a2032f,1,359792,359800,388739,388358,28939,28947,8,0,0,0
388826,1955d94c-e4c3-9213-3f9d-beb7aa887b06,1,359855,359860,388826,377331,28966,28971,5,0,0,0
388836,d7720faa-0d0a-2c51-17d4-4ae779374598,1,359861,359920,388836,402363,28916,28975,59,0,0,0
388997,b34943be-aa88-409d-02a5-fc7eb756b0a6,1,360199,360258,388997,392218,28739,28798,59,0,0,0
389042,cbe75a08-1c14-3790-42f7-cddffdef51b4,1,360178,360198,389042,386140,28844,28864,20,0,0,0
389078,96bd0057-0269-9c39-322a-0e0e9aa221bf,1,360199,360258,389078,391181,28820,28879,59,0,0,0
389125,d6968b08-fe1f-f920-121b-10df6dbfb898,1,360315,360318,389125,401932,28807,28810,3,0,0,0
389297,0ec0ff46-14fe-1999-233f-e1a8231ae2fd,1,360474,360498,389297,397275,28799,28823,24,0,0,0
389378,59d96d25-9233-d0aa-6fe4-91a66ec97080,1,360555,360558,389378,389605,28820,28823,3,0,0,0
389726,eb46444e-3c5d-7734-231d-64a05c371bec,1,360926,360969,389726,396007,28757,28800,43,0,0,0
389766,213b0006-3344-b237-0954-9d08f44b483f,1,360849,360849,389766,387907,28917,28917,0,0,0,0
389948,ee8fc6f9-3538-8124-debf-d8566cb94f3f,1,360853,360909,389948,397880,29039,29095,56,0,0,0
389949,097c713c-cafc-40d2-2e02-e3d40fa900bd,1,361096,361102,389949,377373,28847,28853,6,0,0,0
389975,119f2525-295e-963a-a646-feea2884cf60,1,361222,361222,389975,397910,28753,28753,0,0,0,0
390096,3a86da7c-9941-8986-d4c8-95e9b73e6117,1,361148,361162,390096,381471,28934,28948,14,0,0,0
390123,ffaf6a1a-f4d2-8972-f181-fd0b639c6296,1,361211,361222,390123,394755,28901,28912,11,0,0,0
390156,2b925348-dc34-0118-9b9a-270d3becf1ea,1,361332,361342,390156,383005,28814,28824,10,0,0,0
390255,c7ae1ba8-13de-e2e8-4cbe-1fa906cfb4a7,1,361243,361282,390255,393911,28973,29012,39,0,0,0
390328,6363f288-2c66-4630-3466-6cc62ddb5b02,1,361585,361585,390328,399685,28743,28743,0,0,0,0
390471,d08aba95-52b7-d5f6-2695-66490744add6,1,361716,361765,390471,384776,28706,28755,49,0,0,0
390537,d2509b75-d982-60c4-117e-c5ab5537cc69,1,361733,361765,390537,377618,28772,28804,32,0,0,0
390579,452830ae-1402-e3a9-2189-c15bad3977a4,1,361614,361645,390579,376844,28934,28965,31,0,0,0
390547,895c12ad-c05f-49cf-e11c-7fc3cf86eaf6,1,361662,361705,390547,399305,28842,28885,43,0,0,0
390584,4c1df382-260d-a600-1dfc-2e7eacebd5c7,1,361680,361705,390584,389778,28879,28904,25,0,0,0
390542,cb97b872-70ce-ece5-8e0d-3818dc4c8a52,1,361685,361705,390542,386993,28837,28857,20,0,0,0
390582,8ca2c709-25ff-ad3c-3108-c8a0df733bab,1,361716,361765,390582,379350,28817,28866,49,0,0,0
390602,9e77b980-433b-07bd-c11c-1193601b6944,1,361670,361705,390602,387178,28897,28932,35,0,0,0
390601,8d9bf848-389f-0b7e-98e2-efaec3658f56,1,361671,361705,390601,379579,28896,28930,34,0,0,0
390643,730049c1-ad76-3b87-bfbd-6874915f20a6,1,361738,361765,390643,404284,28878,28905,27,0,0,0
390622,a60da194-7834-87c6-a9e0-c4bdff70d553,1,361773,361825,390622,376434,28797,28849,52,0,0,0
390668,054d8368-a22c-cef4-298d-880911af4d44,1,361835,361885,390668,382132,28783,28833,50,0,0,0
390734,f2eecc8a-e9cc-5fe5-7512-4dc416fcfb05,1,361661,361705,390734,380790,29029,29073,44,0,0,0
390906,19f4ec87-8a67-0fd6-ac38-fc7afd493f55,1,361924,361945,390906,395216,28961,28982,21,0,0,0
394643,88f75221-1c34-9aef-f927-7b5dfcf6e548,1,393520,393520,394643,394748,1123,1123,0,0,0,0
395066,c5fb174b-d3a6-69a2-1093-1ea9106cd088,1,392793,392793,395066,394780,2273,2273,0,0,0,0
395959,8e606073-f0dd-6e52-827b-9bbe9f4d2a60,1,257021,257021,395959,424549,138938,138938,0,0,0,0
396316,ad823fa2-12a8-9e5b-03c4-8b318aa07436,1,392826,392853,396316,397799,3463,3490,27,0,0,0
399472,1767e021-84c2-6eb2-9e89-3443b81e0e97,1,395848,395848,399472,397911,3624,3624,0,0,0,0
400953,690d1deb-5c9b-38cd-1f60-69687d5bab17,1,346239,346239,400953,403639,54714,54714,0,0,0,0
402770,e74714f2-4d26-ea73-a9be-7e99442f9b04,1,269227,269282,402770,343298,133488,133543,55,0,0,0
404414,f7b8d2bb-6427-c70b-24c3-61a304479c7b,1,403745,403745,404414,404711,669,669,0,0,0,0
406167,b837b2b9-f8d3-1119-7440-63b764f7fccc,1,405431,405431,406167,406357,736,736,0,0,0,0
406245,83b9b7bd-b88d-9db7-c1f1-ac0164d4d72c,1,405497,405551,406245,405874,694,748,54,0,0,0
406460,becebd19-183e-a26b-0bfb-f113c7c3fa76,1,405690,405720,406460,406064,740,770,30,0,0,0
406650,10f77636-b4b2-a71d-89d2-66d25c4cafa1,1,405879,405919,406650,406250,731,771,40,0,0,0
406693,49e68b36-c5a8-ac9f-3323-7a4220dadc38,1,405879,405919,406693,406980,774,814,40,0,0,0
406762,ff4ca041-f2fa-f31f-3440-a1f2ab4f2b72,1,405993,405993,406762,406695,769,769,0,0,0,0
406885,3de56087-a2bb-17c8-8a89-234b4fe771d0,1,406073,406115,406885,406581,770,812,42,0,0,0
406897,1d4b3910-4781-2a5e-b4ee-b9bebe76726c,1,406055,406055,406897,406808,842,842,0,0,0,0
408318,fc28771a-0db9-76ed-8c34-fa28b6f81642,1,407528,407528,408318,408370,790,790,0,0,0,0
408680,2fad0eca-9b4d-74b4-5a20-b760ddfabe0d,1,407969,407997,408680,408752,683,711,28,0,0,0
408817,28c1b77e-cf2d-a607-567b-88ecff4eff0d,1,407970,407997,408817,408754,820,847,27,0,0,0
408823,8c628109-5621-bc31-d769-22cc9f907754,1,407968,407997,408823,409085,826,855,29,0,0,0
412255,c445ba51-681b-0885-3a03-5fcb7513218c,1,411489,411489,412255,412296,766,766,0,0,0,0
417232,225a31e1-ce9e-7797-012c-565febc0771b,2,415438,415438,417232,416540,1794,1794,0,0,0,0
419564,3385f029-e98a-3387-e8a5-3443949a02aa,4,30772,30772,419564,412762,388792,388792,0,0,0,0
425756,84144980-37cb-680a-5b5a-ad65857355c7,2,423807,423836,425756,426285,1920,1949,29,0,0,0
426172,beba986e-18de-8172-2cf1-d4d4b842d1da,1,425474,425474,426172,426053,698,698,0,0,0,0
426220,d45f4e88-a2ad-8001-e5d6-6e0c82d2c86f,1,425478,425534,426220,426251,686,742,56,0,0,0
426217,d9a1ff9c-b27c-0980-9c09-f5d3eb2cbaa7,1,425511,425534,426217,425897,683,706,23,0,0,0
426232,4e060eb6-9478-f4e7-6e74-8cb2ecb41a66,1,425515,425534,426232,426484,698,717,19,0,0,0
426249,0365e037-9c12-8c8c-e69e-dcecf33a7ca0,1,425488,425534,426249,426412,715,761,46,0,0,0
426434,77305b09-e9bb-4124-9ed5-208d0dfd3028,1,423646,423656,426434,427303,2778,2788,10,0,0,0
426464,93d90874-ba9b-caf4-6d1f-e16c47ced8dc,1,423615,423656,426464,425136,2808,2849,41,0,0,0
426504,7916978b-f743-e21d-69c4-419b70b660d1,1,423596,423596,426504,425133,2908,2908,0,0,0,0
426547,c94f7fab-f1dc-29b6-5bbf-162bf99b28b4,1,423624,423656,426547,426246,2891,2923,32,0,0,0
426539,001e03bb-fda3-6b20-c1b9-9bbf30672abe,1,423685,423716,426539,425391,2823,2854,31,0,0,0
426540,7a2843cd-0149-f801-1ca3-4ac35e572795,1,423690,423716,426540,427613,2824,2850,26,0,0,0
426580,66336acc-42f1-b080-032c-29131cb81c54,1,423688,423716,426580,427836,2864,2892,28,0,0,0
426605,e4b39d3b-98da-b3d5-81af-a603da0808ab,1,423691,423716,426605,427440,2889,2914,25,0,0,0
426644,7987733e-813c-bec7-a1f0-d77408304756,1,423723,423776,426644,427972,2868,2921,53,0,0,0
426625,9e1fe00d-b53f-6bcf-998b-e20eae1ab3e8,1,423757,423776,426625,425507,2849,2868,19,0,0,0
426668,a64b6e7c-788e-305d-73c4-c05fea1f123c,1,423809,423836,426668,425866,2832,2859,27,0,0,0
426784,250e849b-e51d-1f8e-66ee-16efec28afe4,1,423843,423896,426784,426038,2888,2941,53,0,0,0
426897,5bea5049-91c1-5334-3c2b-e5f2c8e7ad37,1,424011,424011,426897,426377,2886,2886,0,0,0,0
427007,57be34cd-0097-119f-dabf-235693f12416,1,424195,424195,427007,426679,2812,2812,0,0,0,0
427180,86917c5e-13ff-d95b-2fd6-cde09986fa50,1,398395,398395,427180,415308,28785,28785,0,0,0,0
427453,414964d9-ee6a-98c9-4c4c-5eb29c52ddc5,1,398594,398594,427453,416895,28859,28859,0,0,0,0
427491,8aabf7fa-d527-feca-dd89-bea2cb2505c2,1,426875,426875,427491,427504,616,616,0,0,0,0
427550,38b46b98-065f-119c-9c2e-499ea46c9d33,1,398600,398654,427550,417534,28896,28950,54,0,0,0
427649,ab3b6585-080a-85a9-7ee4-80e8c4e39570,1,398633,398654,427649,432539,28995,29016,21,0,0,0
428016,06af9d77-608f-bc52-7787-3d6e80b1405e,1,398952,398952,428016,440490,29064,29064,0,0,0,0
428076,c6482fd2-19b1-fbb6-133f-afca2eccad55,1,398955,399012,428076,414391,29064,29121,57,0,0,0
428034,92834002-8302-c0fc-3c23-868a281fa4f9,1,399089,399089,428034,416683,28945,28945,0,0,0,0
428101,36296041-a9d6-c207-1760-7619e911daa0,1,399147,399149,428101,432472,28952,28954,2,0,0,0
428116,af55e652-8347-fef5-09dd-b899b9312ae5,1,399190,399209,428116,425475,28907,28926,19,0,0,0
428143,e0ca5d97-0274-13fc-383d-820375ac7a11,1,399302,399302,428143,417180,28841,28841,0,0,0,0
428156,132d22cf-31b0-1ffe-5d5a-040cd2bf098d,1,399343,399362,428156,421682,28794,28813,19,0,0,0
428198,49c56b0f-010d-c78a-fe5e-fc6dbb45bfb7,1,399305,399362,428198,422374,28836,28893,57,0,0,0
429299,91bc3793-f762-bb5b-c9be-7891e971cf7b,1,400473,400473,429299,429504,28826,28826,0,0,0,0
429311,a126535e-01f2-9d56-e982-fb2cf7bbf7bb,1,400473,400473,429311,419689,28838,28838,0,0,0,0
429409,f94980e9-a370-27f2-98dc-74ad1dbc6b37,1,400527,400533,429409,422283,28876,28882,6,0,0,0
429407,782b1962-f76d-bcc1-2aab-ab98c7822698,1,400616,400616,429407,434659,28791,28791,0,0,0,0
429515,492c72fd-e17c-de66-2e6a-5cd179ad8f2d,1,400637,400676,429515,419734,28839,28878,39,0,0,0
429630,de7d07c3-fb74-9863-15b5-e989bb079286,1,400789,400789,429630,433657,28841,28841,0,0,0,0
429942,4c3455fd-47cf-b9fc-6bf0-c93267face53,1,401058,401058,429942,426095,28884,28884,0,0,0,0
429971,b3e86bbd-0cbf-719b-4004-aa514405cf57,1,401151,401151,429971,437224,28820,28820,0,0,0,0
430223,bec811b8-f6d7-5418-07f6-650b18639aa8,1,401407,401407,430223,419063,28816,28816,0,0,0,0
430471,985197cc-19b0-4c5a-c1c1-c91b762285f4,1,401682,401705,430471,418136,28766,28789,23,0,0,0
430556,050cc5c9-43aa-c481-dd53-78b550144e6d,1,401645,401645,430556,426146,28911,28911,0,0,0,0
430680,65e19760-e316-a19e-0fdc-095a4eed9176,1,401895,401903,430680,422347,28777,28785,8,0,0,0
430703,183f0c30-a719-6edb-6b03-e18e90fd34c6,1,401843,401843,430703,422247,28860,28860,0,0,0,0
430739,f18637f8-2537-cec1-6709-e31d31c4f30f,1,401884,401903,430739,434815,28836,28855,19,0,0,0
430772,3ffbbd51-b790-3ffb-c6ae-cd8b82b61a75,1,402000,402023,430772,443667,28749,28772,23,0,0,0
430907,dc6a9182-3039-3552-803e-b22f2dfd6fcb,1,402020,402023,430907,418895,28884,28887,3,0,0,0
430995,cb88c57f-7024-5411-9035-d1fb41676924,1,402033,402083,430995,420766,28912,28962,50,0,0,0
431049,723f4b14-4a9a-33af-54f1-edf3da3dd3d2,1,402187,402187,431049,430730,28862,28862,0,0,0,0
431098,e8dbfa7e-f92d-fb22-3f0e-f7c85d88cdde,1,402202,402247,431098,443013,28851,28896,45,0,0,0
431064,864cf1e5-fe84-98a1-e981-98a8d653da94,1,402205,402247,431064,429921,28817,28859,42,0,0,0
431148,a34ac53f-aecc-9e95-1cde-72017c4adfac,1,402204,402247,431148,417437,28901,28944,43,0,0,0
438401,aa12a76a-4841-855f-5c56-294ac6b6bbd5,4,274008,274037,438401,504672,164364,164393,29,0,0,0
439748,b82aee84-fd09-2af0-2c30-3e4cda6b623d,4,274128,274173,439748,405217,165575,165620,45,0,0,0
440088,d5b556cc-a5d3-baeb-3652-2d519858fe0c,4,274247,274247,440088,365975,165841,165841,0,0,0,0
440662,d709299a-8ba2-3642-764c-9c4ee1123876,1,437894,437894,440662,441850,2768,2768,0,0,0,0
440719,072dfa7c-ffa1-ccb7-2990-df16e0b68a32,1,437894,437894,440719,441668,2825,2825,0,0,0,0
440737,500644a6-e4db-c0af-0983-5528ac09287e,1,437945,437954,440737,440888,2783,2792,9,0,0,0
440800,05e48da5-611d-2121-e6c3-b25c56dec5d4,1,437935,437954,440800,441613,2846,2865,19,0,0,0
440823,bb6bb2e1-da37-202b-56b1-8d1ddd8d03d9,1,437975,438014,440823,439478,2809,2848,39,0,0,0
440894,75878690-c098-ccb8-e606-689a2866865e,1,438035,438074,440894,440389,2820,2859,39,0,0,0
440955,2da3afef-6738-0aff-6693-75829a24f4cc,1,438049,438074,440955,439558,2881,2906,25,0,0,0
440914,ff7971c1-8bde-01f3-df51-1def077227e7,1,438057,438074,440914,440294,2840,2857,17,0,0,0
441054,0c4f8074-99ee-bc17-55ed-a3643a8cefa3,1,438186,438186,441054,441402,2868,2868,0,0,0,0
441215,da5ee1e5-70c5-08a2-7ff5-f4e5bb3ec0f8,1,438295,438295,441215,441785,2920,2920,0,0,0,0
442637,1ffd2fa3-e983-5ce8-5d41-e38995fcc828,4,274014,274037,442637,361052,168600,168623,23,0,0,0
446369,86c819ee-1393-b110-4568-31e0fe403806,1,269222,269222,446369,362396,177147,177147,0,0,0,0
449053,5d28e764-87ca-04e2-35e0-f23c50c1fa83,1,448204,448204,449053,448655,849,849,0,0,0,0
449870,5d37faa2-af44-de7d-b213-1be7e5bb5502,1,443915,443915,449870,448747,5955,5955,0,0,0,0
449914,5f8c4058-53ed-a689-6efe-c901cc4110a5,1,443918,443975,449914,451548,5939,5996,57,0,0,0
449969,6e771bb4-c8de-6d9a-b4dc-f40a226282c1,1,449050,449071,449969,449949,898,919,21,0,0,0
449996,023c5873-2335-1bbd-298d-32803c4bf52a,1,443982,444035,449996,449735,5961,6014,53,0,0,0
450089,3c72a175-b976-fe55-bdce-14c2701bed94,1,444184,444184,450089,449509,5905,5905,0,0,0,0
450225,cf58f794-efb8-912a-f7b6-f1bd8bdab294,1,444265,444265,450225,452218,5960,5960,0,0,0,0
450243,4f87d2f0-a244-0b31-e95e-61132d597965,1,444302,444325,450243,452793,5918,5941,23,0,0,0
450567,1b3846d2-4dbe-6166-ef4f-36542c0a34f0,1,444592,444592,450567,452078,5975,5975,0,0,0,0
450872,58e18877-1cb8-210a-4a68-20e96ba33654,1,444969,444969,450872,448689,5903,5903,0,0,0,0
451114,b14c2bff-f49a-2bc0-5974-62eeff2bc91f,1,445165,445165,451114,450860,5949,5949,0,0,0,0
451132,e6ef508f-1a05-ea1d-92df-661afb12cd53,1,445200,445225,451132,452260,5907,5932,25,0,0,0
451691,ac0dec49-56f6-bd6f-ef70-fd73d7b6146a,1,450875,450932,451691,451563,759,816,57,0,0,0
451930,d8877704-2241-c62e-b947-c4b1ee205c11,1,451231,451232,451930,451893,698,699,1,0,0,0
452428,a40122ea-0d7a-460d-889d-eda9e97781ba,1,451735,451740,452428,452205,688,693,5,0,0,0
452531,125fb3c7-949e-44c5-6f86-d40b3274ac64,2,449928,449930,452531,451276,2601,2603,2,0,0,0
452498,11cb125c-0a83-aff7-dfdd-d17290eac62b,1,451785,451800,452498,452527,698,713,15,0,0,0
467180,87df931e-b103-3d84-854a-c3ad4d67473d,4,396555,396555,467180,461616,70625,70625,0,0,0,0
477186,00f08670-627b-d890-01bd-530ba64768e7,1,448402,448402,477186,463584,28784,28784,0,0,0,0
477453,e1f9c456-de70-64b1-0193-bdee2fbd641d,1,448565,448600,477453,488503,28853,28888,35,0,0,0
477486,8dca6314-bd9c-7428-f21e-62f096ecc779,1,448753,448777,477486,466082,28709,28733,24,0,0,0
477542,ae689ae4-0da0-c757-df4b-414309363d9c,1,448717,448717,477542,489639,28825,28825,0,0,0,0
477538,fd65bfb2-f0b0-aef9-e746-3259ec4ff3b0,1,448850,448850,477538,482362,28688,28688,0,0,0,0
477625,ef4a284b-e713-898a-7d01-bc2a176d2d9d,1,448987,449011,477625,491604,28614,28638,24,0,0,0
477720,7369aa75-a58f-a359-f6e0-cd976ca2b374,1,448963,449011,477720,466668,28709,28757,48,0,0,0
477728,d0c86a07-4a97-563b-6d1d-cd3b4e5a2bdf,1,448951,448951,477728,491836,28777,28777,0,0,0,0
477964,dd50a4d5-3e1c-6199-1dae-4558e4d34c3a,1,449183,449183,477964,481121,28781,28781,0,0,0,0
478167,2a18d913-cf64-20b9-01a3-a94aa0c6f602,1,449518,449549,478167,488263,28618,28649,31,0,0,0
478204,5ad261f0-859c-e03a-decf-c3e6e7be6255,1,449429,449429,478204,473837,28775,28775,0,0,0,0
478258,76e55e86-a371-384a-7e59-b713ddaed6da,1,449470,449489,478258,483598,28769,28788,19,0,0,0
478408,19b278ef-a627-9d68-130f-5f37a9c1c22a,1,449696,449696,478408,468833,28712,28712,0,0,0,0
478454,88e8bc61-d98c-f8ef-35dc-c71d7893251f,1,449468,449489,478454,465914,28965,28986,21,0,0,0
478505,d40aad00-19c5-d8f4-a172-0048995a2ffe,1,449511,449549,478505,491771,28956,28994,38,0,0,0
478475,9c7c8a30-f910-2661-2fdb-5d9ab8ee5143,1,449541,449549,478475,477168,28926,28934,8,0,0,0
478494,9205c1a8-e8f2-847b-c812-eca83d56dcf9,1,449609,449609,478494,487213,28885,28885,0,0,0,0
478841,ba35f14a-3b83-c004-f8b5-2c4f689527ce,1,449895,449930,478841,481666,28911,28946,35,0,0,0
478862,cdf1c517-7973-f3c2-b807-1c7cb7417bd0,1,450113,450170,478862,471686,28692,28749,57,0,0,0
478971,4fdc9955-738c-5574-0df8-65ef4b43faa0,1,450073,450110,478971,488694,28861,28898,37,0,0,0
479046,13a20dc8-c649-5fd2-e708-4af7ff600d29,1,450073,450110,479046,491915,28936,28973,37,0,0,0
479079,7d2eb0e7-f683-29a9-9c6d-b523cc5314d1,1,450216,450230,479079,465324,28849,28863,14,0,0,0
479154,272c3302-5b8e-d82d-75db-62beaaa56741,1,478462,478468,479154,479350,686,692,6,0,0,0
479195,244c0e75-2370-bde5-b460-33bc118c405f,1,450365,450410,479195,468972,28785,28830,45,0,0,0
479235,38319165-084e-ca09-d06b-4b96ce25d914,1,450373,450410,479235,488884,28825,28862,37,0,0,0
479298,588f4d62-f179-f085-31c4-551890806b36,1,450320,450350,479298,468780,28948,28978,30,0,0,0
479304,46c4b25e-f177-5616-1888-35a6af1e06b8,1,450378,450410,479304,482603,28894,28926,32,0,0,0
479331,60c9cd86-0298-8d58-4b23-4b856c34cde3,1,450418,450470,479331,466150,28861,28913,52,0,0,0
479432,556a705c-05eb-2b2b-e8de-eaef46b6b6f8,1,450465,450470,479432,472390,28962,28967,5,0,0,0
479800,7f5c9d70-26a1-7c2e-6145-cec278893f47,1,451037,451052,479800,479539,28748,28763,15,0,0,0
479899,6d895c61-2740-5cef-f629-26d6aaa0f12d,1,451083,451112,479899,484085,28787,28816,29,0,0,0
479996,b6caf8ec-19c8-cfb2-c641-df762cf60dfb,1,450656,450656,479996,483965,29340,29340,0,0,0,0
480050,d28d3a3c-46ac-3cc7-7b4f-e86feb9a9719,1,450880,450932,480050,484871,29118,29170,52,0,0,0
480039,7ac6fd98-1cd7-6161-7506-faea0e076c42,1,450926,450932,480039,490210,29107,29113,6,0,0,0
480016,fe8c3408-d86b-1fc3-cc9d-593a89992d38,1,450971,450992,480016,476705,29024,29045,21,0,0,0
480005,eb45c968-0e4b-a9c1-e23a-8d84370cc3b0,1,451007,451052,480005,473194,28953,28998,45,0,0,0
480188,80393171-aba7-ab09-12ab-88b59cea2e50,1,451316,451352,480188,478672,28836,28872,36,0,0,0
480250,6b532d56-e9a7-0b90-aec7-67874a8e8401,1,451261,451292,480250,477891,28958,28989,31,0,0,0
480478,cf311c4e-5fe3-1175-e683-09e44bb9b27c,1,451373,451412,480478,487018,29066,29105,39,0,0,0
480642,b27dc823-a7e1-4b7e-2871-a2c183357e03,1,451745,451800,480642,470661,28842,28897,55,0,0,0
480669,d86b9cc2-491b-0939-49f3-8e075bc8a387,1,451620,451620,480669,472277,29049,29049,0,0,0,0
480793,02b039eb-61e1-fd6a-8d33-01092c517190,1,451959,451990,480793,485781,28803,28834,31,0,0,0
480835,b148dc35-d3ee-fdd0-7a9d-6a6378e34025,1,451850,451860,480835,482085,28975,28985,10,0,0,0
480950,289dfa8d-1c6f-f259-0077-edf0f3ab3760,1,451730,451740,480950,475485,29210,29220,10,0,0,0
481102,b22cf85e-c515-6bb7-7b3d-d62d291091a1,1,452314,452330,481102,477982,28772,28788,16,0,0,0
481287,9841d8fd-cc14-b1d3-cc47-73fe7583912a,1,452471,452488,481287,474249,28799,28816,17,0,0,0
481396,50befcdc-dedc-4d7d-8908-caec98021a68,1,452460,452488,481396,481899,28908,28936,28,0,0,0
481477,058c984b-08d9-3dba-11a2-b599f42d59ad,1,452509,452548,481477,473669,28929,28968,39,0,0,0
481517,d2dab21f-73fd-be79-c4b1-9c44357b8f41,1,452537,452548,481517,481994,28969,28980,11,0,0,0
481572,d6353786-5b05-17ac-08a9-9adace742da2,1,452688,452728,481572,483850,28844,28884,40,0,0,0
481592,1eace99a-ca4e-4c31-264c-36cce50ebfd3,1,452880,452908,481592,483561,28684,28712,28,0,0,0
481616,78e4bae7-eb33-050a-3e3b-e536929ab0ea,1,452572,452608,481616,486956,29008,29044,36,0,0,0
481610,66fab1a9-b632-5c97-05c2-e25b52b251e2,1,452627,452668,481610,490406,28942,28983,41,0,0,0
481640,2be927d1-a120-5558-b113-761699dcd353,1,453017,453028,481640,487047,28612,28623,11,0,0,0
481659,35b0f587-31c5-33f0-8b3c-b58a4dc1ba0d,1,452823,452848,481659,476646,28811,28836,25,0,0,0
482119,bd1f389c-c9d7-5e9c-d02c-2afb03f378e2,1,453244,453244,482119,476611,28875,28875,0,0,0,0
482195,76552c72-acd6-3eea-4347-35d5413c4d71,1,453451,453451,482195,476176,28744,28744,0,0,0,0
482282,58031054-c42d-58bd-f9cb-c1a9cb35e974,1,453391,453391,482282,487671,28891,28891,0,0,0,0
482297,93a55031-bbb4-007c-c5a3-522c6ecac687,1,453553,453571,482297,481000,28726,28744,18,0,0,0
482678,8ddde85e-1ab0-76b4-bc11-0b9ab61963b3,1,453830,453845,482678,470255,28833,28848,15,0,0,0
482782,59da8977-2dcc-0f8a-8dd6-7bedd9e4ea7d,1,453991,454014,482782,489757,28768,28791,23,0,0,0
482955,13d58a7b-f6d4-d1cc-9dc6-f5a72249ef9f,1,453954,453954,482955,491069,29001,29001,0,0,0,0
483016,7e81c016-8dfe-da12-3126-78ccd19eea0a,1,454174,454174,483016,496570,28842,28842,0,0,0,0
483231,77311621-1112-1d17-42e9-ed7e6b20ae34,1,454467,454487,483231,469180,28744,28764,20,0,0,0
483236,40870bbc-a578-af2a-2e34-b40ae73289af,1,454345,454367,483236,485804,28869,28891,22,0,0,0
483396,a3c72b7b-c900-5c2a-2bb7-33763b38644e,1,454551,454551,483396,475705,28845,28845,0,0,0,0
483443,72eafbd5-5011-ede9-0fc6-82aaee13abc2,1,454485,454487,483443,473829,28956,28958,2,0,0,0
483558,efe0b6fa-ca22-f4ce-7e00-4f6c457e6115,1,454636,454671,483558,489871,28887,28922,35,0,0,0
483562,d432cf0f-f841-67f4-019c-b1ef217624c1,1,454783,454791,483562,483232,28771,28779,8,0,0,0
483576,554150d9-7d7a-52de-c319-1825d04a3eed,1,454847,454851,483576,484190,28725,28729,4,0,0,0
483627,47aa133f-0d41-79c6-3175-3b345fb5a42c,1,454760,454791,483627,469229,28836,28867,31,0,0,0
483621,b90518f5-0c3d-9d51-8a73-9cbdf5e5efe4,1,454782,454791,483621,488605,28830,28839,9,0,0,0
483744,62c5a437-049a-efb3-0e60-5f777bb82eb6,1,454981,454995,483744,470609,28749,28763,14,0,0,0
483814,978ae488-ba33-b520-34f7-bdc7af801060,1,454996,455055,483814,484423,28759,28818,59,0,0,0
485974,76ad75a0-d3d4-16ee-9e4a-03f5638ac8bc,1,485253,485310,485974,485863,664,721,57,0,0,0
486351,44d2eb69-4a16-8f10-4545-93844669967b,1,485468,485468,486351,486578,883,883,0,0,0,0
487752,e3593376-34c5-058f-b161-c41fa5e7a5ab,1,483551,483551,487752,488850,4201,4201,0,0,0,0
488990,5224ded2-c9b7-d63a-a7dd-82fe530f2e61,4,437173,437173,488990,487019,51817,51817,0,0,0,0
489122,f9231889-a42e-9ab6-1c69-9235737e5670,4,437218,437233,489122,471697,51889,51904,15,0,0,0
489717,a4565c28-b0a1-e1f2-1d28-8158cfef3645,4,437211,437233,489717,506521,52484,52506,22,0,0,0
489840,d33623c7-8795-f716-65c4-250f58e6c4d8,4,437180,437233,489840,507941,52607,52660,53,0,0,0
493108,9b7855ee-b372-4c4f-7121-22e088a596dd,1,492232,492271,493108,493379,837,876,39,0,0,0
493327,c0eda35d-fbbe-fb9b-0eb4-bfa8fe3636be,1,492445,492473,493327,493108,854,882,28,0,0,0
498778,935dbdee-5b77-e403-f56a-829141a5ce3e,1,497932,497932,498778,498585,846,846,0,0,0,0
500775,bd9b71bc-c4a9-d4fe-f0b3-66c77395fea8,1,500045,500045,500775,500882,730,730,0,0,0,0
500830,557e1dda-0559-4f53-4928-17335ce04e6d,1,413328,413346,500830,526987,87484,87502,18,0,0,0
507877,766715c5-5b81-c9c0-da5c-49333bac037d,2,506114,506114,507877,507417,1763,1763,0,0,0,0
508486,b36f988b-af46-4e02-7597-433fa2fd43d7,1,505572,505572,508486,509514,2914,2914,0,0,0,0
513574,22e4bb94-b361-15aa-9269-d50b38942dba,1,484521,484521,513574,508459,29053,29053,0,0,0,0
513727,8949527c-e85b-48da-4b21-42dd6cbe1954,1,484669,484669,513727,521810,29058,29058,0,0,0,0
513853,604fc756-b125-fac5-35ae-79502e2d90c2,1,484830,484830,513853,525306,29023,29023,0,0,0,0
513870,6240d7eb-8e15-b80f-07a6-d638c63e48d3,1,484867,484890,513870,523711,28980,29003,23,0,0,0
513861,700b8d62-cb7a-43cb-f7cd-0ea22c67bfea,1,484932,484950,513861,521832,28911,28929,18,0,0,0
513995,6e5e9e9b-c7f0-29f1-159f-fb6b07125fac,1,485250,485250,513995,502511,28745,28745,0,0,0,0
514003,015c3432-083a-29aa-e181-2c7123835790,1,485002,485010,514003,505538,28993,29001,8,0,0,0
514046,74a8b3d9-fd19-aef3-266c-c7283e2ae9f3,1,485148,485148,514046,504707,28898,28898,0,0,0,0
514256,f21cdb73-f9f6-9945-5ff5-32eb244a773e,1,485547,485547,514256,502509,28709,28709,0,0,0,0
514603,6b63b859-fd47-f92f-8cd6-faa7f96b9125,1,485793,485819,514603,511353,28784,28810,26,0,0,0
514637,f70a9ef9-0158-d3a7-6715-0d5d761b2fc6,1,485759,485759,514637,525618,28878,28878,0,0,0,0
514744,4c5d95ab-67f8-4194-7693-42a65a9cccef,1,485822,485879,514744,528120,28865,28922,57,0,0,0
514744,85665f5e-3f13-6180-7a39-460239a194c5,1,485923,485939,514744,517051,28805,28821,16,0,0,0
514779,1a6d35e8-09bb-158d-9f9b-01eebe2dc5f8,1,485830,485879,514779,526536,28900,28949,49,0,0,0
514816,b9953d87-0a33-52b9-dae9-361f8f77902d,1,485919,485939,514816,504927,28877,28897,20,0,0,0
514846,e3d89c0e-df64-6d45-581b-455afc6295ad,1,485935,485939,514846,526079,28907,28911,4,0,0,0
514831,2ea87cb3-cff2-7502-e4ed-20930efe9557,1,485962,485999,514831,509499,28832,28869,37,0,0,0
514841,e69ac57a-fc42-af3e-bf87-ae9ff9895a3c,1,486059,486059,514841,509698,28782,28782,0,0,0,0
514934,7d0dea42-ee38-c187-fe09-a14966c81777,1,486063,486119,514934,525986,28815,28871,56,0,0,0
515284,a59dc0d2-d371-37b0-6e02-b4b3eb5bbc12,1,486308,486308,515284,525564,28976,28976,0,0,0,0
515286,896557fe-cb66-71e0-9811-30761656b872,1,486308,486308,515286,511986,28978,28978,0,0,0,0
515435,5f60e454-2021-e894-ff19-3412e12d0486,1,486549,486582,515435,502229,28853,28886,33,0,0,0
515447,5c2c5da9-4a3d-7f9b-e65d-4fc61e2c9740,1,486532,486582,515447,527829,28865,28915,50,0,0,0
515542,8a48d80d-9f85-aa93-58d0-0ff06905893d,1,486522,486522,515542,529633,29020,29020,0,0,0,0
515521,7f8f9d42-4158-1c46-1e85-0f37dbc78abf,1,486569,486582,515521,510554,28939,28952,13,0,0,0
515632,c2e3cf69-714f-0b35-8633-f7b6b1f1b0e9,1,486728,486728,515632,519004,28904,28904,0,0,0,0
515684,b6a84ff8-0aa0-2b9d-406e-0bbc7cbf7376,1,486803,486803,515684,511819,28881,28881,0,0,0,0
515888,d8721d37-c8b6-e321-4059-6fb9361ac154,1,487007,487007,515888,506688,28881,28881,0,0,0,0
515947,bb818185-9d73-126f-78bf-4627e71f5533,1,487061,487067,515947,529594,28880,28886,6,0,0,0
516122,4ee69bf6-4e58-a8ec-2a92-33eff1e6e9c7,1,487021,487067,516122,505876,29055,29101,46,0,0,0
516186,b1668917-e63d-7056-f8ba-814e53eac153,1,487139,487139,516186,503236,29047,29047,0,0,0,0
516242,4072444b-2768-73b0-1ae0-a4f76f6e68d0,1,487423,487423,516242,506627,28819,28819,0,0,0,0
516455,5ad4a6f7-b34c-2686-dfc5-08fa2018d413,1,487445,487483,516455,521490,28972,29010,38,0,0,0
516466,eb3ffd6b-0290-178c-6c84-815a34c3171b,1,487428,487483,516466,528332,28983,29038,55,0,0,0
516466,41999908-1cb5-c5c3-d1f6-3c2801b652a9,1,487429,487483,516466,522589,28983,29037,54,0,0,0
516810,4c233b2a-ceff-5378-9763-7103a5e542e5,1,487909,487909,516810,503454,28901,28901,0,0,0,0
516964,b8ad68ae-9498-70ec-ba9c-077180600e32,1,487964,487969,516964,518064,28995,29000,5,0,0,0
517086,28db7e41-d833-2d09-c312-5ed9b93bb3ac,1,515968,516008,517086,516804,1078,1118,40,0,0,0
517154,6dedabb1-262b-f79e-8605-7a6059bc3b00,1,488317,488325,517154,525986,28829,28837,8,0,0,0
517219,f41881a5-995b-3474-85f1-36f5bd34739b,1,488303,488325,517219,521933,28894,28916,22,0,0,0
517277,f260f5e1-c37a-8214-c4f1-c39a5d55e3c2,1,515928,515948,517277,517254,1329,1349,20,0,0,0
517427,baf3796a-3a80-bf4e-7fdb-ba6520a5e161,1,488602,488602,517427,504850,28825,28825,0,0,0,0
517611,f2c729ae-0fc9-1e7d-d556-5226a16beccc,1,488773,488773,517611,525025,28838,28838,0,0,0,0
518364,175e6704-ae32-057f-afce-592b0f58731b,1,489377,489410,518364,505900,28954,28987,33,0,0,0
518805,73555926-ee2b-57c0-4761-476834abf867,1,489790,489841,518805,531245,28964,29015,51,0,0,0
518936,89417c21-0bc8-5cdd-ca24-18bc3645e46f,1,489913,489961,518936,526736,28975,29023,48,0,0,0
518957,c90c407f-b686-321f-0f43-66b309a61cbe,1,489842,489901,518957,527163,29056,29115,59,0,0,0
519069,cb8b2d29-e52c-d765-78c4-cfcf6f4140da,1,490313,490326,519069,532308,28743,28756,13,0,0,0
519185,ced8a6f3-1a81-27cd-7a73-e14c8a1e7f45,1,490020,490021,519185,531259,29164,29165,1,0,0,0
519227,5b5c3f1b-4211-c342-b317-9b6d4ed6780f,1,490297,490326,519227,529559,28901,28930,29,0,0,0
519302,3e312214-46b4-1607-316c-7f7821a11d02,1,490325,490326,519302,507184,28976,28977,1,0,0,0
519385,4ebd5375-382a-6372-1d8e-90a154d39c23,1,490393,490446,519385,504822,28939,28992,53,0,0,0
519390,a3b9f636-711e-464e-5602-4e3c173d8e9c,1,490371,490386,519390,509732,29004,29019,15,0,0,0
519444,f0c973d0-d66f-a9b5-fb62-ed22b949fb5a,1,490427,490446,519444,518747,28998,29017,19,0,0,0
519425,c4bdccad-9405-3a65-9d4c-838bf776a177,1,490519,490519,519425,527404,28906,28906,0,0,0,0
519604,2703a4dd-c981-dd1e-21f2-4536afe7231a,1,490933,490972,519604,509017,28632,28671,39,0,0,0
519761,4d1a9c22-0138-927a-0d3a-19b45d372281,1,491087,491087,519761,516255,28674,28674,0,0,0,0
519799,dbd51971-2425-2dff-bd10-1d5844ec890c,1,490912,490912,519799,512657,28887,28887,0,0,0,0
519860,ebd2a60e-b7e0-8c29-6555-3d490a8021c8,1,490722,490742,519860,524027,29118,29138,20,0,0,0
520070,5de64d36-6e64-8059-cb49-0bd549669ad8,1,491199,491199,520070,507296,28871,28871,0,0,0,0
520177,ded5c14d-eb32-680d-1dd0-646d9272227a,1,491308,491319,520177,518477,28858,28869,11,0,0,0
520270,3b6c7322-6a42-40ec-012b-75c397693e17,1,491425,491451,520270,528002,28819,28845,26,0,0,0
520362,d83550d4-7da0-24bc-5de7-39d1613bf82d,1,491391,491391,520362,525328,28971,28971,0,0,0,0
520411,356ba5af-2d78-c99c-228a-6b5cc53c8e17,1,491616,491616,520411,507719,28795,28795,0,0,0,0
520448,34e28f22-4765-6f30-409b-bdcfed152f68,1,491407,491451,520448,529585,28997,29041,44,0,0,0
520518,6b7bd311-6b29-8265-95bf-5ee424a361cd,1,491713,491736,520518,511720,28782,28805,23,0,0,0
522850,dc57066b-b148-af78-298b-09eb21c1505d,1,520551,520602,522850,522803,2248,2299,51,0,0,0
523071,c831ceec-3d49-b491-fb68-7cfabde4a79e,1,520760,520810,523071,523847,2261,2311,50,0,0,0
523109,cecd89c6-7f2f-73e9-9f8b-85c1e3f54d08,1,520690,520690,523109,522533,2419,2419,0,0,0,0
523079,d92bf054-6142-a878-3b81-f50122699844,1,520700,520750,523079,523324,2329,2379,50,0,0,0
523120,0a28ea72-1144-50ff-610f-9fd260c4fcb5,1,520746,520750,523120,523001,2370,2374,4,0,0,0
523211,4bd7d8cc-c677-762f-b599-00be8582de42,1,520882,520882,523211,523461,2329,2329,0,0,0,0
523333,f43780ca-56c6-b2fd-5a78-7de5000ee577,1,520999,520999,523333,523638,2334,2334,0,0,0,0
523505,840a5883-6954-c1dd-e256-13edc4e4db93,1,521171,521171,523505,522883,2334,2334,0,0,0,0
523642,459471a9-9919-04d7-024f-e41117e3f93c,1,521389,521389,523642,524007,2253,2253,0,0,0,0
524376,70457af6-6f90-2bac-db57-c26e1a91e035,1,522028,522028,524376,524595,2348,2348,0,0,0,0
525849,f99c1f77-a863-8035-daad-bff8e0de1041,1,525090,525090,525849,526081,759,759,0,0,0,0
525958,1d2751ba-cae0-e82c-7b6e-3a5369cbbb9b,1,525138,525150,525958,525982,808,820,12,0,0,0
526116,036fb2d6-9910-1fd2-7bd5-b2ca3a2d489b,1,525357,525357,526116,525827,759,759,0,0,0,0
526669,5fb7d2ad-2d81-cd61-03ed-35f4ad28eef9,1,525867,525909,526669,526940,760,802,42,0,0,0
526995,ca673b20-a805-f316-b5a3-cb9e43968303,1,526129,526176,526995,526823,819,866,47,0,0,0
527043,f14f3513-a7fb-0bb1-4b79-246dbe08f34c,1,526188,526236,527043,527144,807,855,48,0,0,0
527244,ae818c48-6670-a982-c169-b2f6d52f180b,1,498370,498412,527244,530541,28832,28874,42,0,0,0
527269,d53d815a-9164-3cee-2f09-5e542e40aa31,1,526508,526508,527269,527043,761,761,0,0,0,0
527385,da151a1c-6ac6-81d5-aabc-26cf21730fb8,1,498372,498412,527385,526893,28973,29013,40,0,0,0
527499,3b7b9acf-b222-1cdc-a457-5d9cdf0b12bc,1,498639,498644,527499,526413,28855,28860,5,0,0,0
527513,1c0a7229-946f-4889-f426-5aec942e462c,1,526682,526729,527513,527638,784,831,47,0,0,0
527928,7be2db95-7dd5-9615-f825-0f9cd6b5302a,1,499242,499247,527928,527067,28681,28686,5,0,0,0
527930,e5288299-3d00-d342-9427-b907be0c4329,1,499020,499064,527930,522307,28866,28910,44,0,0,0
528140,55a0b73a-bd3a-15d1-300d-26256f4aa936,1,498952,499004,528140,541790,29136,29188,52,0,0,0
528255,82ed1c1f-864a-8c7c-ae30-fc1996f62b22,1,499068,499124,528255,524577,29131,29187,56,0,0,0
528276,6ae2ea5b-7b8a-50aa-ecb5-9e77079bcb89,1,499187,499187,528276,527126,29089,29089,0,0,0,0
528394,32884a0d-0f83-c871-aaf3-72878ff95ca2,1,499477,499477,528394,542181,28917,28917,0,0,0,0
528584,32f2697c-4c37-c7d3-beed-10d5bf084d94,1,499817,499817,528584,539496,28767,28767,0,0,0,0
528594,81e5d6d2-0423-cede-601f-ade2fb83ad89,1,499730,499730,528594,521421,28864,28864,0,0,0,0
528591,b2c2e6e8-6f71-3831-2c3a-c8639367d643,1,499825,499877,528591,529579,28714,28766,52,0,0,0
528924,515e6ba5-94e2-43e6-ba74-b0c41f65ef7f,1,500152,500152,528924,514776,28772,28772,0,0,0,0
529257,6221520c-17ca-2bba-e19d-5c26383a6364,1,528419,528454,529257,528935,803,838,35,0,0,0
530105,53817689-11a3-ce27-bf7f-d74b41f84ff4,1,501441,501441,530105,542042,28664,28664,0,0,0,0
530170,ea343c80-124b-f578-65f5-cd592e32b721,1,529399,529399,530170,530042,771,771,0,0,0,0
530403,9f248a66-b0cd-648a-d330-7342e8afd491,1,501556,501556,530403,529359,28847,28847,0,0,0,0
530422,357e49f3-2d61-0f83-9f91-3753dd104fdc,1,501673,501731,530422,543484,28691,28749,58,0,0,0
530646,255ab433-b25a-d18d-f3b1-8217a7d31a27,1,529856,529856,530646,531019,790,790,0,0,0,0
530765,661fd98a-cffc-8012-7f6a-78bcf2a5d823,1,501963,501963,530765,542099,28802,28802,0,0,0,0
530783,4330dfe0-e317-11eb-6331-c5db1705d8e7,1,501958,501963,530783,517991,28820,28825,5,0,0,0
531216,18c24459-fe6f-e7bf-20a2-b8dac2a8b72a,1,502332,502383,531216,530545,28833,28884,51,0,0,0
531430,34d9dc10-f178-a50b-676c-23dde8196329,1,502393,502443,531430,532798,28987,29037,50,0,0,0
531405,9849f0af-3fd5-ec02-673f-ccb34c58f9d3,1,502509,502563,531405,535788,28842,28896,54,0,0,0
531412,4f4ff73a-e510-6903-c2bd-4fe437ccf027,1,502514,502563,531412,519622,28849,28898,49,0,0,0
531471,06cf5048-8286-ea1d-d392-504056c36272,1,502731,502731,531471,522687,28740,28740,0,0,0,0
531773,720c9b8b-266d-3a1a-b1d9-f69eead38da1,1,502828,502851,531773,543215,28922,28945,23,0,0,0
531880,b3786340-0c92-695d-86c4-a0d1972944a6,1,503049,503049,531880,527100,28831,28831,0,0,0,0
532042,08e2aeb5-f154-a41a-8083-ee007ed46135,1,503115,503169,532042,520967,28873,28927,54,0,0,0
533320,3d248cfc-df3a-9f1e-7b13-b4ca64589e55,1,504357,504357,533320,532060,28963,28963,0,0,0,0
534508,1e0071c1-afcf-b30f-a70a-d5c0d17a322f,1,533550,533605,534508,534043,903,958,55,0,0,0
534797,7eb60d01-e87b-c035-f17c-81796d6af693,1,505905,505938,534797,538566,28859,28892,33,0,0,0
536042,588b7dcb-3992-f707-e277-38a38408b703,4,496404,496404,536042,530119,39638,39638,0,0,0,0
536603,73d7ddbd-7abd-cdfc-97dc-03e5a489517d,1,535602,535649,536603,536261,954,1001,47,0,0,0
537279,ea651374-2f8f-7638-7f28-267aceea9636,4,160524,160524,537279,521035,376755,376755,0,0,0,0
538009,27864a50-709c-4807-7b8f-787790939880,1,536869,536869,538009,538144,1140,1140,0,0,0,0
538272,b7a8e7ab-35ec-6e9b-15f2-645ba19fbf96,1,537074,537105,538272,538330,1167,1198,31,0,0,0
538383,fed45978-c9ce-72b2-e9ba-3f8c465e4f14,1,537252,537252,538383,537921,1131,1131,0,0,0,0
538582,636ce444-76b0-305a-4cac-ae5265d68bf4,1,537080,537105,538582,538568,1477,1502,25,0,0,0
538991,58581f87-2721-97ef-2fc6-861beed82482,1,537045,537045,538991,539036,1946,1946,0,0,0,0
539565,07ccd8a1-a708-e874-cb24-3856d00bc2a4,1,534863,534870,539565,540890,4695,4702,7,0,0,0
540918,2d489bc3-c882-f2fa-0147-3570a9496d4d,1,498904,498944,540918,556267,41974,42014,40,0,0,0
540947,825beb4c-3a51-5135-2b14-88393fab73b7,1,498943,498944,540947,556906,42003,42004,1,0,0,0
540952,5b373841-e0c5-e629-5416-378103200515,1,499053,499064,540952,534141,41888,41899,11,0,0,0
541046,bd7a7629-a808-7893-ed50-531a6e72ec47,1,499052,499064,541046,537639,41982,41994,12,0,0,0
541992,1602d26e-8c6d-9e0c-9ac1-b39302820ac4,4,508711,508766,541992,538130,33226,33281,55,0,0,0
544890,51fb8d1c-65e8-6cc3-454b-735676bb8f94,1,530202,530230,544890,541923,14660,14688,28,0,0,0
544970,d8c32aaa-ce56-96e2-1d66-357981c13c38,1,530602,530658,544970,546043,14312,14368,56,0,0,0
545256,6bf5e27d-84c6-cb58-21f5-ddb3901940da,1,530782,530825,545256,542794,14431,14474,43,0,0,0
545278,51d72357-4de7-c9a7-0c85-f2e5b67046a5,1,530867,530885,545278,538509,14393,14411,18,0,0,0
545334,9961fd4d-4470-b91c-6418-0948d04ed2e1,1,530598,530598,545334,540955,14736,14736,0,0,0,0
545435,1d4be658-bf33-f21d-54c9-d67682395419,1,531018,531073,545435,549254,14362,14417,55,0,0,0
545476,0063f1b1-aaca-638e-a822-d585cd5eb63c,1,530885,530885,545476,552373,14591,14591,0,0,0,0
545479,7ea4f21d-e3f2-94df-7702-b97521adcd23,1,531013,531013,545479,552000,14466,14466,0,0,0,0
545504,278e2213-ccbd-d6bf-7ddb-b3f15452768e,1,530912,530945,545504,545038,14559,14592,33,0,0,0
545539,105d8877-2d48-3148-f17a-873ab1af1e6e,1,531070,531073,545539,546063,14466,14469,3,0,0,0
545552,bca50b74-93d5-d6d3-ce18-4b8d91d0feda,1,531114,531133,545552,538772,14419,14438,19,0,0,0
545570,f3e3520f-53ad-d3c8-e76b-5ab0697b8b3a,1,530908,530945,545570,539218,14625,14662,37,0,0,0
545599,4fc994e3-511e-f842-4954-07651e3156f4,1,531078,531133,545599,550983,14466,14521,55,0,0,0
545661,fb10c215-5036-1209-c19d-8b9d0e7c9e99,1,531152,531193,545661,540277,14468,14509,41,0,0,0
545619,f698d7e3-71c2-b4e3-f1f8-a6572bda327a,1,531187,531193,545619,540938,14426,14432,6,0,0,0
545910,d332250e-b9e6-3e32-57b3-42d62e0bb1ac,1,531315,531315,545910,541146,14595,14595,0,0,0,0
546048,619f55a3-e51a-4d6e-ec18-6db65c51b7ab,1,531367,531375,546048,551222,14673,14681,8,0,0,0
546134,98dd37fb-f9de-6088-a2ce-5845ecf60d17,1,531435,531435,546134,545969,14699,14699,0,0,0,0
546388,a99aee60-510c-8075-c0c2-fd1f03589f49,1,531796,531849,546388,546178,14539,14592,53,0,0,0
546430,615ee346-ef2f-e49a-934e-a906f39b130b,1,531795,531849,546430,546184,14581,14635,54,0,0,0
546510,039f6544-dd9e-7872-1e4d-4d69564b86ba,1,531966,531969,546510,551822,14541,14544,3,0,0,0
546592,66b5ec34-ff1e-66f1-e8ab-5d67e766f1df,1,531945,531969,546592,543214,14623,14647,24,0,0,0
546799,c4b9c738-195f-a35b-4ec1-2d3050d88a1e,1,532330,532330,546799,551516,14469,14469,0,0,0,0
546912,765ce9a8-a48f-b312-4038-59c9610aa8ca,1,532358,532390,546912,544420,14522,14554,32,0,0,0
547073,ddaf322d-2479-08f5-a520-aed326749bd9,1,532527,532527,547073,553899,14546,14546,0,0,0,0
547332,903478f6-31b2-a8fd-b5cf-af92bb91a08c,1,532786,532786,547332,541020,14546,14546,0,0,0,0
547584,491a6d7b-2f76-0d88-5bc8-5343204a9a76,1,533037,533041,547584,543783,14543,14547,4,0,0,0
547634,d17240a1-7aba-0c79-79b0-a2faa64a60f0,1,533085,533101,547634,545164,14533,14549,16,0,0,0
547754,7d12066d-da0a-317f-dbc2-4fedef147354,1,533102,533161,547754,545421,14593,14652,59,0,0,0
547802,2586fdeb-3c30-e141-13c0-9e38e0146d1e,1,533156,533161,547802,553632,14641,14646,5,0,0,0
548521,f45d0e45-fe8b-16ea-b774-f20dce65ea6e,1,534075,534075,548521,554930,14446,14446,0,0,0,0
548676,af59464d-9ac1-9bc3-5e22-bbf581dbdd7f,1,534094,534135,548676,547923,14541,14582,41,0,0,0
549147,2b1f5740-7546-3944-b58d-fd77597c2fdd,1,534641,534690,549147,551883,14457,14506,49,0,0,0
549387,337c790f-d849-b039-e1e5-8d6a90f0ece1,1,548582,548582,549387,549691,805,805,0,0,0,0
549401,123aa78f-7b87-eafd-01b7-b12583ce1aa7,1,534862,534870,549401,546592,14531,14539,8,0,0,0
549600,7e278243-3562-e1d4-68fc-f0b90fd79677,1,548715,548736,549600,549625,864,885,21,0,0,0
550580,67ef2f36-5cab-593f-d1e0-280d9fb241e5,1,549749,549749,550580,550510,831,831,0,0,0,0
551051,92556c5b-c5f5-4b97-76d2-8c78ba7af9dc,1,536480,536534,551051,547988,14517,14571,54,0,0,0
551148,470d3c42-ca75-5094-88a0-755a74a9d143,1,550401,550401,551148,551203,747,747,0,0,0,0
551305,6ab7520d-2545-62e1-68e4-1ff60f0e6459,1,550458,550461,551305,551622,844,847,3,0,0,0
551413,d532cdf5-8e80-ea62-1037-9dc6dc521514,1,550618,550640,551413,551682,773,795,22,0,0,0
552339,58d6fa60-1314-3ae8-6759-3446ed4d687f,1,551445,551485,552339,551898,854,894,40,0,0,0
552357,37f0a0c2-1955-3818-1d24-c5df92f50f76,1,534790,534810,552357,558803,17547,17567,20,0,0,0
552660,a2fd7121-2856-27b0-207e-0952d2a76027,1,551796,551796,552660,552516,864,864,0,0,0,0
552967,293070ff-cefc-0ef3-2997-e344eab686a1,1,547639,547648,552967,552747,5319,5328,9,0,0,0
553422,2bb2c617-248c-18c9-4e67-c8595cc6fc87,1,552655,552655,553422,553289,767,767,0,0,0,0
553439,7060a51b-2871-167f-8e30-55f70cf96aa6,1,552574,552574,553439,553483,865,865,0,0,0,0
554040,8a004f22-4825-8f14-e826-9c334b80f31b,1,553296,553296,554040,553777,744,744,0,0,0,0
554801,d800e8b4-f088-1acb-27a3-8cac124212bd,1,413286,413286,554801,560645,141515,141515,0,0,0,0
556340,34cbe0a8-eb81-06d6-ffde-9bf2d1ee0565,1,544149,544149,556340,560940,12191,12191,0,0,0,0
556412,5b93e752-769c-b766-da23-d747a1e376d1,1,544155,544209,556412,560434,12203,12257,54,0,0,0
556414,612f17ab-1355-0d40-2865-cb3ac12ef23d,1,544158,544209,556414,562177,12205,12256,51,0,0,0
560423,a4393a31-727b-78e1-1e66-41880b5ae2c6,1,531365,531375,560423,552164,29048,29058,10,0,0,0
560648,2b2d27c5-be25-da06-c0d5-387cba4e9bfb,1,558160,558160,560648,561135,2488,2488,0,0,0,0
561384,2b195f4d-f752-60c3-89ec-c7889c236e91,1,532558,532587,561384,555931,28797,28826,29,0,0,0
561842,65f95645-f649-957d-1c88-3c0d0ce7321e,1,532981,532981,561842,556423,28861,28861,0,0,0,0
562098,2022efbf-fe56-7f72-eaa1-27fa36df84e3,1,533153,533161,562098,564625,28937,28945,8,0,0,0
562632,15618866-a648-30f3-465d-a65d6b560ff2,1,533797,533797,562632,567174,28835,28835,0,0,0,0
562913,5e4f73ea-5dcd-e927-3b0d-f321e1eaeee9,1,558981,558981,562913,564614,3932,3932,0,0,0,0
563247,b1bfdb64-c2d9-d964-cf35-3fc9d5a7f162,4,512204,512204,563247,579752,51043,51043,0,0,0,0
563578,85d2cb1a-2642-9a41-6b09-b04dc85ad259,1,534677,534690,563578,555259,28888,28901,13,0,0,0
563606,4e6c5844-a321-960d-478b-74afa0934f1c,1,534652,534690,563606,565637,28916,28954,38,0,0,0
563765,772ce32b-7a4c-13fd-701e-ef9a13470ecd,1,534785,534810,563765,571213,28955,28980,25,0,0,0
563779,f2d769c0-2c2e-9876-5d7a-975a9c1df32a,4,511924,511924,563779,582303,51855,51855,0,0,0,0
563795,4018a5e7-b070-4cfc-bd0c-ba9e6641f620,4,511945,511984,563795,584672,51811,51850,39,0,0,0
563803,6f9957c6-4e03-16b2-6d9e-b33bfe2ef8b7,4,511970,511984,563803,580724,51819,51833,14,0,0,0
563974,18a3bd3e-8a8c-e043-c58d-a4f0d783689e,1,535150,535150,563974,567450,28824,28824,0,0,0,0
564309,0c75a9bc-f415-25f7-41dc-93c2a6a78536,1,563237,563237,564309,564486,1072,1072,0,0,0,0
564466,c2eb9a6b-8c97-2159-aabf-65b473114cbb,1,563420,563420,564466,564285,1046,1046,0,0,0,0
564526,6ece57ec-f679-67a9-ac69-b08dbe89d541,1,534122,534135,564526,576953,30391,30404,13,0,0,0
565057,e7421df5-ae21-d937-36a3-60d356db860e,1,536234,536234,565057,560283,28823,28823,0,0,0,0
565195,7954d8bd-6598-3376-2d05-997453ff8436,1,564535,564572,565195,565039,623,660,37,0,0,0
565208,7c068dc1-1219-8705-a68c-e07cde51ad61,1,536425,536474,565208,578825,28734,28783,49,0,0,0
565372,f701ba01-74cb-3b74-c352-be68b01e707f,1,564761,564761,565372,565171,611,611,0,0,0,0
565431,c76cd97c-70dd-303d-1717-12ba14fa948a,1,564369,564369,565431,565683,1062,1062,0,0,0,0
565503,79100b7f-630c-2141-3887-784c9a3fa40e,1,564452,564452,565503,564989,1051,1051,0,0,0,0
565529,39348db5-fa33-61c4-9501-358824b3bff9,1,564501,564512,565529,565812,1017,1028,11,0,0,0
565564,c466bbb6-0fb5-1e76-f462-4e6202829985,1,564456,564512,565564,565906,1052,1108,56,0,0,0
565592,1f73b8f5-e1ff-2f6e-6d30-801ff0df3279,1,564526,564572,565592,565633,1020,1066,46,0,0,0
565608,95799c5e-adba-ab83-d689-aa0d44461ca9,1,564544,564572,565608,565444,1036,1064,28,0,0,0
565608,6c952821-1d17-b6f7-6c4a-af6d9e1ca89a,1,564544,564572,565608,565487,1036,1064,28,0,0,0
565589,2b27c6c0-d534-4b0e-d91d-d4b6b89255de,1,564554,564572,565589,565907,1017,1035,18,0,0,0
565675,d364d351-6242-57ba-4f0c-4e622ecf8661,1,564594,564632,565675,565420,1043,1081,38,0,0,0
565648,0a194cae-59e9-3c0b-88f8-3d6f1c6e26ba,1,564610,564632,565648,565332,1016,1038,22,0,0,0
565708,4983123d-92bb-afdc-744f-d71ee62014a0,1,564605,564632,565708,565401,1076,1103,27,0,0,0
565726,dbb8cc84-c1cf-0675-b5eb-72c89a1baf76,1,564678,564692,565726,565757,1034,1048,14,0,0,0
565857,65983dbc-6416-10ae-17eb-17f0522abf30,1,564798,564821,565857,565978,1036,1059,23,0,0,0
566243,73079edb-5efe-4e1a-4f44-4f17c260f4a1,1,565195,565195,566243,566002,1048,1048,0,0,0,0
566311,f6ef4024-7c0a-fedd-210d-27cee94e6295,1,565659,565683,566311,566279,628,652,24,0,0,0
566373,99be9ece-ef83-64c3-12c0-baf38fbfc54b,1,565724,565743,566373,566038,630,649,19,0,0,0
566428,7052e022-f3b9-3c45-d418-ec32c4b1d2bb,1,537453,537492,566428,577425,28936,28975,39,0,0,0
566404,b50b4883-b42b-e4f0-89aa-7b7207731cc6,1,537465,537492,566404,577077,28912,28939,27,0,0,0
566495,7b046a2b-02c2-2ef7-9063-ef0620767290,1,565775,565803,566495,566613,692,720,28,0,0,0
566553,56241012-6ebc-3ccf-fb0c-34b90c0b6a20,1,537526,537552,566553,572354,29001,29027,26,0,0,0
566675,266a9b30-d8d7-c190-9227-d1c7f6113d67,1,565973,565973,566675,566762,702,702,0,0,0,0
567232,c3a834cf-61df-b58b-4d6f-29b12c2f968e,1,538464,538485,567232,565923,28747,28768,21,0,0,0
567441,a9a9c95d-12b4-14ea-c2df-8df2f1c4e99d,1,566805,566805,567441,567302,636,636,0,0,0,0
567494,881484fd-0c97-0473-7c23-e3702c42f76f,1,566872,566872,567494,567369,622,622,0,0,0,0
567566,281986b1-59a4-95a2-c779-65523be5efee,1,566927,566932,567566,567720,634,639,5,0,0,0
567614,c9602a5d-8aa8-e085-bfa1-d293dd29f0f8,1,538516,538545,567614,567958,29069,29098,29,0,0,0
567950,9113d6d9-0ff3-a4c6-2d7d-ac84968227fa,1,539043,539051,567950,557190,28899,28907,8,0,0,0
567989,afa7f7e9-6cf3-6d11-c289-6f0e2d3960d7,1,539179,539230,567989,579626,28759,28810,51,0,0,0
568380,31c43f74-9d80-e590-e552-1ad16bce1e26,1,567733,567733,568380,568373,647,647,0,0,0,0
568442,a6348f11-f146-49c7-2447-37e77e6d869c,1,539418,539418,568442,563816,29024,29024,0,0,0,0
568631,1853cdc9-5388-3623-910c-5a3e7128c08e,1,567985,568010,568631,568307,621,646,25,0,0,0
568741,b2e9962c-d80d-08e9-caa5-780293282185,1,539900,539909,568741,566870,28832,28841,9,0,0,0
568891,a0ecd866-c369-0b01-1717-eba1c3933cd4,1,539658,539669,568891,581542,29222,29233,11,0,0,0
568954,bbcf1dc6-bf53-b71a-2729-c9d1eab95695,1,568318,568318,568954,569062,636,636,0,0,0,0
568970,eb27abce-4816-049a-db60-7b61c2229e1b,1,534223,534255,568970,583816,34715,34747,32,0,0,0
569051,05844919-e187-f817-4c05-b27b369d906e,1,540215,540215,569051,563628,28836,28836,0,0,0,0
569351,1ba1290d-32b2-10d7-5ac0-dcd8c924b590,1,568719,568719,569351,569619,632,632,0,0,0,0
569773,989597e8-3b06-aab7-0850-8ec79fb23552,1,569076,569134,569773,569508,639,697,58,0,0,0
570161,2775fed1-30c0-9ea7-c634-34e18f2957ac,1,536116,536162,570161,558865,33999,34045,46,0,0,0
570230,0ce67c90-07f4-6346-1aa3-28bcde030ca3,1,569570,569570,570230,570160,660,660,0,0,0,0
574710,3dc88fda-3fb3-e972-88dc-9cebd90af2cc,1,573913,573913,574710,574403,797,797,0,0,0,0
574760,b9c257e1-b311-f395-a07a-8ef52b93d9db,1,573962,573973,574760,574792,787,798,11,0,0,0
581615,87510c25-c98d-c11e-3991-3106906a73bc,2,579709,579709,581615,580829,1906,1906,0,0,0,0
581660,81af9987-8996-95bf-b85e-55bacdda5456,1,580854,580854,581660,581547,806,806,0,0,0,0
583668,968ff2f9-f880-6658-0072-3cbef4254efc,1,582923,582923,583668,583533,745,745,0,0,0,0
583918,27d06536-0689-92d7-5764-40f6e5e32b5b,1,583087,583087,583918,584074,831,831,0,0,0,0
585301,0764a7ec-2e48-ec6d-22cb-e41fae268dae,1,459265,459265,585301,632639,126036,126036,0,0,0,0
588420,35573d6b-91fd-b403-616b-41023b7fb557,1,587776,587797,588420,588687,623,644,21,0,0,0
589398,acbb3b21-49fa-0d75-bcfa-a5ea12574be7,1,588476,588486,589398,589740,912,922,10,0,0,0
592593,18828244-ab29-421f-1f42-9fbf5231cbbc,2,590066,590066,592593,592435,2527,2527,0,0,0,0
595147,dfbb9324-6623-a66b-1ad5-4e08716f38d5,1,588129,588173,595147,593940,6974,7018,44,0,0,0
599514,7fe0e6fc-4b58-518b-5ac6-b700b6ef098b,1,595678,595678,599514,601285,3836,3836,0,0,0,0
601484,2d46a4ed-45db-2d3a-7162-91ab2f22b8a0,1,533882,533882,601484,610919,67602,67602,0,0,0,0
601644,989232eb-f48a-5a58-0c70-59af96c169f3,4,503788,503788,601644,568162,97856,97856,0,0,0,0
603249,4c19a7c4-daf7-d9af-e228-d38f7812f843,1,574323,574323,603249,594647,28926,28926,0,0,0,0
603263,8dad5ae2-d556-025d-d61a-9e7557287080,1,574469,574526,603263,613310,28737,28794,57,0,0,0
603411,8c6519d4-b221-a65c-4a34-d710f61a7986,1,574466,574466,603411,610249,28945,28945,0,0,0,0
603427,d464bae7-af00-6da0-b51a-f68675647f36,1,574469,574526,603427,595335,28901,28958,57,0,0,0
603502,ca1809b8-130d-c189-3cd6-3d154b60177f,1,574550,574586,603502,597802,28916,28952,36,0,0,0
603538,f8f64583-0620-e3fb-7588-83fe16bbc618,1,574508,574526,603538,617614,29012,29030,18,0,0,0
603700,08331b44-19fc-1d3c-bb79-58e4aff21920,1,574661,574706,603700,612705,28994,29039,45,0,0,0
603726,19725d8b-a14e-d634-1d30-2d4b9dc75260,1,574637,574646,603726,603883,29080,29089,9,0,0,0
603756,9e2b79d0-3378-cd50-8ee2-d7c311d2ae22,1,574668,574706,603756,610197,29050,29088,38,0,0,0
603756,3d44c9f6-256a-c9aa-ea7a-b94b991e3b0a,1,574783,574826,603756,595827,28930,28973,43,0,0,0
603750,541f41bc-a100-6bc4-549b-9997350ca4f8,1,574901,574946,603750,615721,28804,28849,45,0,0,0
603798,c9c36aa3-e539-f46a-fa65-95667a78927b,1,574795,574826,603798,591853,28972,29003,31,0,0,0
603785,3a396c89-a745-4fd8-33e7-0dbdba30c1a6,1,574801,574826,603785,595180,28959,28984,25,0,0,0
603821,923b32f4-3740-913b-c2d2-2f277371592f,1,574899,574946,603821,599781,28875,28922,47,0,0,0
603929,d6ac2414-c88f-76cc-ed2c-43ded1ee693a,1,574636,574646,603929,594497,29283,29293,10,0,0,0
603931,75a268f5-b1cf-56a6-0116-77ca4bc6a0ae,1,574886,574886,603931,589684,29045,29045,0,0,0,0
603964,e0b56998-9cb7-619b-baa9-2bb867403fb9,1,574893,574946,603964,597472,29018,29071,53,0,0,0
604236,343109bb-0197-55e0-e381-52ad5a925ed5,1,575301,575301,604236,613525,28935,28935,0,0,0,0
604303,66f32d5d-3302-366d-363d-2dd3b89aefc5,1,575341,575361,604303,590307,28942,28962,20,0,0,0
604333,b2680d21-e0f2-19b9-4773-24d02595148a,1,575305,575361,604333,600769,28972,29028,56,0,0,0
609766,7b8ad1d9-b343-4e99-becb-69d80aead7fc,1,581041,581041,609766,619248,28725,28725,0,0,0,0
610113,b39e46bf-3778-c910-d841-ff9033852198,1,581131,581161,610113,604874,28952,28982,30,0,0,0
610142,e6621652-913e-555a-8f3f-5b7c0c88d887,1,581095,581101,610142,618251,29041,29047,6,0,0,0
610173,245522c7-dff6-65a1-5cca-f8bdce48ccd4,1,581396,581396,610173,621184,28777,28777,0,0,0,0
610317,7449dee1-8773-d850-c459-ac975b3dfe3a,1,581505,581516,610317,608255,28801,28812,11,0,0,0
610352,321fd93d-8c51-bca8-2e7e-dc58997a86fd,1,581405,581456,610352,602390,28896,28947,51,0,0,0
610364,329acd54-a9be-41e8-fc60-da5327694040,1,581441,581456,610364,614231,28908,28923,15,0,0,0
610365,b90f90b0-301a-f54e-7f4f-ffd76d9f9dac,1,581561,581576,610365,618880,28789,28804,15,0,0,0
610427,fe14bf3f-6739-e99d-63ad-0b59ce28eab3,1,581576,581576,610427,617757,28851,28851,0,0,0,0
610460,6cb85294-b28a-50d5-40c1-5897741b8303,1,581430,581456,610460,596927,29004,29030,26,0,0,0
610543,2287f80c-aee0-8d7b-10af-e52caf15ef06,1,581656,581696,610543,605441,28847,28887,40,0,0,0
610617,cbe85971-7319-df71-5e63-f23847645d62,1,581705,581756,610617,601881,28861,28912,51,0,0,0
610582,77669f85-171e-117e-b9c1-5f33de208bc5,1,581747,581756,610582,623582,28826,28835,9,0,0,0
610902,ccbc340d-9874-d34f-619b-1f1602af5168,1,581943,581996,610902,624955,28906,28959,53,0,0,0
610958,1aee995e-9f08-87f4-0b61-eb7a6071615d,1,582050,582056,610958,600052,28902,28908,6,0,0,0
611034,0548bab7-ddaa-bb0a-a8d7-d9609a6c1b86,1,582084,582116,611034,602198,28918,28950,32,0,0,0
611036,2b13f243-0fdb-83dc-830c-417e14310e9b,1,582024,582056,611036,609330,28980,29012,32,0,0,0
611150,fe1720e5-e715-1b7d-4d52-a03959f6e47a,1,582185,582236,611150,599326,28914,28965,51,0,0,0
611193,24fba457-470a-3878-568c-fc4ee35360ac,1,582133,582176,611193,608721,29017,29060,43,0,0,0
611208,f6c024f7-124c-d9b6-7c38-c14be2d80479,1,582135,582176,611208,601486,29032,29073,41,0,0,0
611170,6bcff934-d1d7-98f1-96f0-2aa26b2e6945,1,582182,582236,611170,615726,28934,28988,54,0,0,0
611236,e17b9d34-790c-4b0c-341b-b19fcf058acf,1,582087,582116,611236,616880,29120,29149,29,0,0,0
611509,5c721a20-7c3f-b37a-b92c-a65b746d17b5,1,582548,582548,611509,608859,28961,28961,0,0,0,0
611535,4a2b8fe2-7b84-499f-188d-1364dfe3fbbb,1,582579,582608,611535,625147,28927,28956,29,0,0,0
611607,88150afe-18d1-1790-b8fa-cea66281a8a1,1,582639,582668,611607,623909,28939,28968,29,0,0,0
611633,4efd2338-67be-9f12-8375-b520813c198a,1,582861,582861,611633,599203,28772,28772,0,0,0,0
611777,bfaacb26-7d6c-f859-caa1-159eec519fa0,1,582958,582983,611777,600462,28794,28819,25,0,0,0
611886,6ab1a826-604a-214f-66c0-9a28ce505498,1,583129,583147,611886,601310,28739,28757,18,0,0,0
612201,87eaac14-fc75-ca79-493a-03d869f7ef46,1,611333,611334,612201,612454,867,868,1,0,0,0
612207,8295a3f9-e20b-0960-2404-2095ec28d528,1,611333,611334,612207,612483,873,874,1,0,0,0
612280,57820d09-0e3c-0f57-16f8-706bf6f49b39,1,583392,583392,612280,602240,28888,28888,0,0,0,0
612495,392286df-213f-fc6b-8430-dd7f162da9f8,1,611639,611689,612495,612784,806,856,50,0,0,0
612500,df0abb84-a6c3-eb3b-433e-bdfc7f362725,1,583641,583676,612500,618517,28824,28859,35,0,0,0
612561,66202084-4e7c-c058-88d3-8f34f75764e9,1,583616,583616,612561,598214,28945,28945,0,0,0,0
612747,0175cddb-2c88-534c-cb1e-29fb40a4a767,1,612000,612000,612747,612875,747,747,0,0,0,0
612955,e2cd0034-36ee-b4fd-2c31-3fdc00d4fbb4,1,584154,584190,612955,621744,28765,28801,36,0,0,0
612977,17b86e65-2e92-3e89-d487-412bead7b3d2,1,584171,584190,612977,610089,28787,28806,19,0,0,0
613037,bd79248e-070e-aad9-182f-9cf4f65a13d4,1,612174,612174,613037,613356,863,863,0,0,0,0
613146,b09b1e3f-fe24-4cd2-ef29-a0d3682ac7e9,1,584380,584380,613146,605466,28766,28766,0,0,0,0
613247,e81e1f25-a058-e6c0-dd7e-31631484f880,1,584130,584130,613247,600858,29117,29117,0,0,0,0
613253,9ce6ecc3-005f-d240-3e07-65e48e17be35,1,584260,584260,613253,605831,28993,28993,0,0,0,0
613454,b4187564-1d88-24c2-0240-51dc9d411038,1,584615,584618,613454,599599,28836,28839,3,0,0,0
613669,196abcbb-7355-97c8-8cff-fb0b4d4b4625,1,584757,584798,613669,623901,28871,28912,41,0,0,0
613930,f45a205d-5d8d-60c7-3b17-518c622091be,1,585122,585135,613930,618236,28795,28808,13,0,0,0
614000,317831ab-d3d1-6188-20ce-45334481832d,1,585036,585075,614000,619322,28925,28964,39,0,0,0
614137,a376d0f6-1332-466b-dd62-ab9f7b477003,1,585046,585075,614137,608398,29062,29091,29,0,0,0
614151,d2fe5876-ef27-e79b-a73a-36ba391a9446,1,585134,585135,614151,600319,29016,29017,1,0,0,0
614311,74de9f37-b818-f50e-7d7a-df0f2bf9c894,1,585089,585135,614311,617311,29176,29222,46,0,0,0
614314,87c731ad-7392-a60a-7de3-14a9a5a55880,1,585380,585435,614314,615751,28879,28934,55,0,0,0
614377,a7ef6833-cb33-70a0-0802-103ea416a935,1,585361,585375,614377,610633,29002,29016,14,0,0,0
614403,e49b1794-2e96-461d-f3d1-df1587078007,1,585616,585616,614403,607727,28787,28787,0,0,0,0
614376,8441f018-8c2f-ba67-2e3d-b4c2624345c4,1,585661,585676,614376,615434,28700,28715,15,0,0,0
614486,4b893b2e-d380-8397-0415-a3b1d196b38f,1,585770,585796,614486,623043,28690,28716,26,0,0,0
614519,6799213a-0cec-4783-9df8-9bee99507864,1,585721,585736,614519,620981,28783,28798,15,0,0,0
614671,5a246dfa-7aa8-3a5f-1f9b-d2bfe1ce4ea0,1,585810,585856,614671,612714,28815,28861,46,0,0,0
614712,40089334-00b4-0563-2196-27524fcef9da,1,585815,585856,614712,626771,28856,28897,41,0,0,0
614773,b4a46ee2-c3bb-01ad-6701-a3b109d5946b,1,585873,585916,614773,611769,28857,28900,43,0,0,0
614821,1f98ddab-44b6-08af-b305-add3a46eb763,1,586059,586096,614821,618841,28725,28762,37,0,0,0
614856,96d3ccbd-7eb2-1e49-7147-c3d6c1e18c22,1,586083,586096,614856,624995,28760,28773,13,0,0,0
615161,2c4fcd96-32d2-b0b5-2a23-177b140a7ebb,1,586402,586415,615161,617867,28746,28759,13,0,0,0
615257,e1a6150b-f8f2-a75f-fe10-c40d72e0c1ed,1,586295,586295,615257,607320,28962,28962,0,0,0,0
615372,0522f4d9-5da2-ada2-af78-6404586775c9,1,586441,586475,615372,606573,28897,28931,34,0,0,0
615496,71683f44-8a32-bf44-0f06-6572e783895d,1,586587,586587,615496,619040,28909,28909,0,0,0,0
615485,2109b614-3cf7-541e-2778-8389ecb26061,1,586596,586647,615485,602148,28838,28889,51,0,0,0
615593,c6a92230-a21d-1414-057e-3d76b91d628d,1,586609,586647,615593,603251,28946,28984,38,0,0,0
615679,f0838d5e-207c-83f1-ac4a-72dfadf60c48,1,614848,614851,615679,615544,828,831,3,0,0,0
615674,74fe855a-342c-5b1e-9fdf-884b9a8b4f3d,1,614851,614851,615674,615755,823,823,0,0,0,0
615683,90ebc873-9fde-3e0c-807b-afefe50fc082,1,614980,614980,615683,615988,703,703,0,0,0,0
615789,222bcb03-a1c8-d7a3-7ec8-9d9d3b5cb5f7,1,586738,586767,615789,610114,29022,29051,29,0,0,0
615831,25418a18-f0fc-cc08-8431-cfe3ede4415e,1,586929,586929,615831,617996,28902,28902,0,0,0,0
615873,f65e4261-0abc-2f1a-eeb8-bd84d2dd4865,1,586943,586989,615873,602261,28884,28930,46,0,0,0
616062,b5ff8724-b109-b7d8-b3b3-80812c85d161,1,586942,586989,616062,620783,29073,29120,47,0,0,0
616227,fc5b523c-ca0b-cd15-c6a7-1010db15a33c,1,587400,587437,616227,607524,28790,28827,37,0,0,0
616412,9b73939e-7770-e43b-9e36-89afd0d6da92,1,587377,587377,616412,603822,29035,29035,0,0,0,0
616442,9f6c874f-a8be-7c28-2846-31916cfd2469,1,587505,587557,616442,606507,28885,28937,52,0,0,0
616446,d53c1a73-b993-e5aa-f2b9-71550a527e30,1,615642,615643,616446,616760,803,804,1,0,0,0
616905,cfc2bbec-bd3d-6bd2-4d43-9307a7ae1391,1,616006,616063,616905,616619,842,899,57,0,0,0
617046,f3bc234a-c642-b89e-918a-dfb26d729168,1,588194,588233,617046,613035,28813,28852,39,0,0,0
617629,fffd2ac5-8af4-f6bb-87fa-047b8c9a208a,1,616712,616764,617629,617387,865,917,52,0,0,0
618991,d5a47906-cb4f-3702-08c9-c3c50b014be2,1,618136,618138,618991,618611,853,855,2,0,0,0
620609,bfcd071e-50dc-6070-92fe-d25800067ea3,1,587795,587797,620609,618617,32812,32814,2,0,0,0
620677,d95e515b-522b-f15b-fc5a-48b49f381f55,1,587672,587677,620677,636303,33000,33005,5,0,0,0
626280,0fc275b2-9258-76b8-b41f-d54123ca955f,1,611779,611809,626280,626225,14471,14501,30,0,0,0
626524,ab89db15-91a7-9182-f73d-2471f7436d31,1,611816,611869,626524,619210,14655,14708,53,0,0,0
627096,b5374b80-b134-ff5a-208d-534f24888cf2,1,612290,612294,627096,619871,14802,14806,4,0,0,0
627107,3f9f682c-cb85-e8f6-c613-08c855ebb445,1,612592,612615,627107,632523,14492,14515,23,0,0,0
627188,d91df99f-8f7e-3421-bf3c-9626aceeb077,1,612580,612615,627188,629814,14573,14608,35,0,0,0
627183,411bb7d3-cdb8-5986-86b0-e3b2868644cc,1,612590,612615,627183,622600,14568,14593,25,0,0,0
627167,192246aa-3e1c-4e22-e8e6-20835b2ec3db,1,612592,612615,627167,621617,14552,14575,23,0,0,0
627212,b9dfcf5b-2c80-817a-d105-a4cc217e9edd,1,612686,612735,627212,629883,14477,14526,49,0,0,0
627275,4bcdb674-9535-c5d8-ca26-0b02ff9fbe21,1,612547,612555,627275,632195,14720,14728,8,0,0,0
627225,1aaf6801-d209-0a32-1e3d-574a8b4ce278,1,612591,612615,627225,628489,14610,14634,24,0,0,0
627261,4aa37dd9-1caa-94b3-0131-64933ee0f09e,1,612691,612735,627261,623580,14526,14570,44,0,0,0
627303,a3c6e768-b465-2081-2c97-fb2625d98a02,1,612574,612615,627303,622596,14688,14729,41,0,0,0
627280,7b448fac-b8c1-e083-165c-7c975a95f248,1,612586,612615,627280,633409,14665,14694,29,0,0,0
627331,299766a3-090c-8c45-e31b-a07f267b26c8,1,612594,612615,627331,620769,14716,14737,21,0,0,0
627342,aa3c3bf0-394e-7ea2-8b6e-e51dfae7ff5b,1,612533,612555,627342,621067,14787,14809,22,0,0,0
627400,f7c2f2d0-111b-fb4d-90df-23c29ac9c377,1,612641,612675,627400,628350,14725,14759,34,0,0,0
627830,3959a70a-df9b-58a8-0fd3-f2ab11756aba,1,613173,613206,627830,623772,14624,14657,33,0,0,0
627961,bc7320b4-3199-f36a-427f-86d26c3b6a14,1,627099,627156,627961,627989,805,862,57,0,0,0
628017,830c4bc3-647e-d10b-f549-5cfbf95abdad,1,627276,627276,628017,628198,741,741,0,0,0,0
630083,5cf98e21-8623-548b-381c-7140ef346a20,1,615498,615523,630083,630976,14560,14585,25,0,0,0
630261,41d63bfc-2354-bad2-e326-f53f2870eb99,1,615644,615703,630261,623991,14558,14617,59,0,0,0
630345,ae1e0ed5-d10a-8928-75b1-bd7424a765b6,1,615407,615463,630345,634232,14882,14938,56,0,0,0
630512,f1abe2a9-cb7a-1c60-0e89-36d0f1e220c3,1,615724,615763,630512,626831,14749,14788,39,0,0,0
630749,19d026f8-a2dd-b7a5-e92e-3e8902cef4af,1,616084,616123,630749,627272,14626,14665,39,0,0,0
630999,0c78f4dc-259e-41aa-c434-a90e43b78860,1,616492,616543,630999,629235,14456,14507,51,0,0,0
631048,6207087f-7003-04e3-ad41-c31b0581c56d,1,616486,616543,631048,627256,14505,14562,57,0,0,0
631151,3d44c372-fc01-d1ab-8ab3-a32cb69346e1,1,616427,616483,631151,625523,14668,14724,56,0,0,0
631157,a75f363b-1bf4-21a7-cff2-59ded373acb7,1,616406,616423,631157,627171,14734,14751,17,0,0,0
631238,ed60a647-827b-5cbb-5d37-4dcbc5b28916,1,616644,616644,631238,636249,14594,14594,0,0,0,0
631275,8bf409fe-add8-edc8-c9ad-e55c36f63a74,1,576911,576911,631275,641549,54364,54364,0,0,0,0
631327,ff313ed1-dfdf-86b4-1384-cf909bcdafca,1,577040,577040,631327,613874,54287,54287,0,0,0,0
631385,ba2cfef0-657d-1ac8-e85f-f701b1f305d7,1,577088,577100,631385,630138,54285,54297,12,0,0,0
631384,17e4640f-8a09-8a7f-f664-8b82f5f88796,1,577104,577160,631384,612603,54224,54280,56,0,0,0
631457,49ac0b40-7b96-d3e9-871f-aae69a8d7c40,1,577149,577160,631457,645980,54297,54308,11,0,0,0
631463,fbf7d647-ce4d-1e0c-2ba8-32d3f77cc9b9,1,616931,616944,631463,625479,14519,14532,13,0,0,0
631593,cd31fe80-6ca9-5345-66e9-3857ff5c0a23,1,577293,577293,631593,645389,54300,54300,0,0,0,0
631596,c9622110-3207-a6df-3d85-4bafc6f52b24,1,617118,617124,631596,634052,14472,14478,6,0,0,0
631667,45e6b44c-b471-560a-ce58-75f675a4777c,1,577447,577466,631667,623928,54201,54220,19,0,0,0
631807,b1c34af0-6b90-ac16-9fc0-b881904c26a1,1,617207,617250,631807,626936,14557,14600,43,0,0,0
631860,5ae630d1-652e-74d7-cee4-99c64b5f72f6,1,577406,577406,631860,635130,54454,54454,0,0,0,0
631826,cfd04327-b492-7dc5-b1c7-457d706f045d,1,610649,610677,631826,624585,21149,21177,28,0,0,0
631861,931bfe7d-95ac-f16c-a8db-513906d1c3e7,1,617201,617250,631861,626911,14611,14660,49,0,0,0
631867,be30dff1-6384-f4a0-ff9a-e4b32ba90d27,1,617249,617250,631867,627051,14617,14618,1,0,0,0
631896,db5f22de-ac6f-1e3c-7e90-aa4d88e9627c,1,617287,617310,631896,636745,14586,14609,23,0,0,0
632057,b8206176-6f8e-e701-d471-29440faeb795,1,617440,617495,632057,625746,14562,14617,55,0,0,0
632084,8761c0b6-e595-bbe9-d393-d8065dcbd55d,1,617378,617435,632084,638976,14649,14706,57,0,0,0
632080,2c61cf24-61c1-7882-a9b8-6fa7e23b5cfb,1,617465,617495,632080,631739,14585,14615,30,0,0,0
632095,ca739254-bdb1-edc0-6c96-118c47a0fa08,1,617490,617495,632095,633964,14600,14605,5,0,0,0
632135,86a8923d-4fd6-579c-0052-640776fda471,1,617437,617495,632135,631758,14640,14698,58,0,0,0
632418,9d0c3c68-6516-e07b-f743-cd9c5a5551f5,1,618068,618078,632418,627691,14340,14350,10,0,0,0
633997,1beba2c3-ecd5-61c6-d67c-e7def32cf8e9,1,619454,619499,633997,632100,14498,14543,45,0,0,0
634522,0ba27f34-67a5-7dd8-0a18-fa2d25272424,1,633821,633821,634522,634765,701,701,0,0,0,0
634583,fa95d2d5-4fef-5e6e-fe46-c20c070826d8,1,633860,633881,634583,634499,702,723,21,0,0,0
636149,dbf4fd8c-f8c9-37ba-29b5-0193f6790567,1,621859,621859,636149,642354,14290,14290,0,0,0,0
636557,ccc8b0a9-8998-fd48-2886-347070eab219,1,621978,621983,636557,639264,14574,14579,5,0,0,0
636570,505b1a83-8eea-ebbe-151f-3dc4343cbb7e,1,622118,622118,636570,631019,14452,14452,0,0,0,0
636636,56500249-4023-2b30-8013-da01952eda14,1,622027,622043,636636,641601,14593,14609,16,0,0,0
636736,e31d9214-4de7-223f-00c4-45dddd7781e6,1,622120,622178,636736,630984,14558,14616,58,0,0,0
636803,212b321b-20a7-8373-0e33-06995e254e54,1,622364,622364,636803,634972,14439,14439,0,0,0,0
637788,1413b7fb-6b89-1757-0bfb-e3c4adcfad85,1,618400,618400,637788,638535,19388,19388,0,0,0,0
637835,93168988-6395-38da-1f05-0d4a1a80f442,1,618244,618244,637835,641371,19591,19591,0,0,0,0
639736,aea2ab4f-2233-82f8-5287-0f3fdccc2755,1,585407,585435,639736,658687,54301,54329,28,0,0,0
640589,38136f05-40de-615a-2cee-10fa07014530,1,611632,611689,640589,644847,28900,28957,57,0,0,0
640821,762e38d0-266a-52ec-c199-9adb61198514,1,611743,611749,640821,641995,29072,29078,6,0,0,0
641476,0347402e-9239-9852-fe17-c58ae1663045,1,612405,612405,641476,650978,29071,29071,0,0,0,0
641639,ecc0c6b1-2589-d4d0-c6a2-e65e5df4ec25,1,612635,612675,641639,639022,28964,29004,40,0,0,0
644424,335e7d8e-e756-935b-2fe3-1c6f41a24d61,1,615436,615463,644424,643360,28961,28988,27,0,0,0
644487,8170a185-249f-6efc-9f15-70196b0e928f,1,615571,615583,644487,651769,28904,28916,12,0,0,0
644507,b8cdb599-13ce-1ee9-d01e-40a6dcb4d1bc,1,615343,615343,644507,647905,29164,29164,0,0,0,0
644647,34c6ea28-cbe6-8756-0546-0adae6447e08,1,615573,615583,644647,654931,29064,29074,10,0,0,0
644750,7c44c1e0-8795-53f7-43bd-056dbd323b3b,1,615647,615703,644750,634101,29047,29103,56,0,0,0
644782,7014bbbb-7dc9-75f3-1163-77b2d8e2f93f,1,615725,615763,644782,636159,29019,29057,38,0,0,0
645082,17845ba6-edaa-024e-3769-d4ec5c46e407,1,616128,616183,645082,642440,28899,28954,55,0,0,0
645145,e099f479-1210-a753-ff79-a9838766da9a,1,616145,616183,645145,631121,28962,29000,38,0,0,0
645189,78dd8f9d-9f08-6ae6-2838-61cbdc363940,1,616294,616303,645189,638464,28886,28895,9,0,0,0
645427,c3e2c322-43e7-156c-4090-d5abe1b5409f,1,616436,616483,645427,655991,28944,28991,47,0,0,0
645428,48420fbf-a777-0b32-8bf5-f7cea6c0e3e0,1,616308,616363,645428,658426,29065,29120,55,0,0,0
645680,46c50a9b-78a7-a9a4-e9ff-122f123c6fa7,1,616649,616704,645680,637563,28976,29031,55,0,0,0
645964,9f915a97-f5ed-4f13-5a45-9dc838ca32d6,1,617009,617064,645964,657476,28900,28955,55,0,0,0
645988,ce4737c5-193d-66e7-ca02-669e5a21050f,1,617036,617064,645988,649968,28924,28952,28,0,0,0
646018,14a3d926-7b22-777e-6c0b-3e8ad25940e2,1,617190,617190,646018,658997,28828,28828,0,0,0,0
646028,4f8e4c1f-79d8-b8f5-af7f-dc360deea7a1,1,616989,617004,646028,634675,29024,29039,15,0,0,0
646071,9addd3c0-4d7f-0cdb-641c-91e7e163c536,1,617193,617250,646071,651632,28821,28878,57,0,0,0
646337,a38195b9-44d0-b583-7aae-9327637931e0,1,617375,617375,646337,635708,28962,28962,0,0,0,0
646374,c9c7a10d-32ac-f9ca-6ef6-bc5861abcbde,1,617495,617495,646374,654143,28879,28879,0,0,0,0
646374,96da17f9-e0fd-ed5e-aa4b-cb7e7f28d817,1,617505,617555,646374,640873,28819,28869,50,0,0,0
646374,7c69bb24-c60e-2e46-6711-9f8dd7ba2c03,1,617507,617555,646374,632717,28819,28867,48,0,0,0
646484,059bd656-b085-7c36-ee73-e9e0fdafc237,1,617584,617615,646484,637298,28869,28900,31,0,0,0
646510,f3b9d1c9-2ba2-834a-1612-6fa00c61b6d6,1,617495,617495,646510,632348,29015,29015,0,0,0,0
646498,29935647-21e4-bb25-dc54-43d7ddb8f134,1,617673,617675,646498,658807,28823,28825,2,0,0,0
646609,eca4befa-6b63-0b7e-3e6e-5a2160d9dd26,1,617791,617791,646609,646041,28818,28818,0,0,0,0
646610,9c66a4da-0381-4339-33b3-1ec8a99944c7,1,617958,617958,646610,643118,28652,28652,0,0,0,0
646867,f03f2338-ea44-49a0-6c85-4af839d883a2,1,618065,618078,646867,644568,28789,28802,13,0,0,0
648004,4ee13613-2350-f70f-6771-6c153cc36fd3,1,618910,618958,648004,660695,29046,29094,48,0,0,0
648252,19bedaef-e36f-3c2b-33ea-cc339c7fbe9c,1,647594,647594,648252,648295,658,658,0,0,0,0
648400,17931297-689c-66b4-803b-b95c8708a037,1,619599,619599,648400,636188,28801,28801,0,0,0,0
649277,2236af81-e1e2-0e81-3bb0-382c7c1bffd4,1,620403,620439,649277,659143,28838,28874,36,0,0,0
649966,a678bb83-8130-3d00-e8f1-ad15854f766e,1,621154,621165,649966,652051,28801,28812,11,0,0,0
650648,eeef0939-f212-c152-8542-4d37e7546d05,1,621553,621563,650648,637355,29085,29095,10,0,0,0
650702,481fe2f9-2218-04be-14d3-96a8a3596e85,1,621923,621923,650702,661748,28779,28779,0,0,0,0
651004,615d8830-b9e7-0acc-ef58-7f23dc53c80b,1,622022,622043,651004,663587,28961,28982,21,0,0,0
651213,7ce0fcdb-2d00-dabd-5a36-5abfe64f7499,1,622186,622238,651213,656059,28975,29027,52,0,0,0
652208,31ecc68d-4382-33d3-558b-1f030a29b0fa,1,618475,618475,652208,635756,33733,33733,0,0,0,0
652305,6dc21e6b-27f3-fcee-220f-8a87eb197e9d,1,619379,619379,652305,653728,32926,32926,0,0,0,0
652356,3ad361e9-a5b7-21c9-31f0-991713ffd03a,4,531751,531789,652356,653076,120567,120605,38,0,0,0
652496,a4dc50bc-8d46-ac88-1922-d632e1324233,4,531729,531729,652496,707340,120767,120767,0,0,0,0
652724,fd258d15-f25d-7a5e-6964-22e1b7c37e07,4,531742,531789,652724,605414,120935,120982,47,0,0,0
652972,2d15734b-417b-2767-becb-99b2e8262e32,4,623375,623375,652972,664696,29597,29597,0,0,0,0
653286,39dc11ad-eccb-798d-4c15-80dc05888d6b,4,531731,531789,653286,612224,121497,121555,58,0,0,0
654501,d4640993-6d86-a553-3fe0-c9417fd7b8fe,4,623403,623435,654501,654763,31066,31098,32,0,0,0
654586,3d70e409-34ea-4fe7-b93c-2b9b1874779b,4,623420,623435,654586,648673,31151,31166,15,0,0,0
654772,1c0909ff-f438-77a5-41bc-ae4e0bd76a2b,4,623400,623435,654772,640379,31337,31372,35,0,0,0
654867,8a7cd673-df71-49e3-28d5-7f2f931aacc1,1,654101,654101,654867,654483,766,766,0,0,0,0
657255,853a3b47-ad6e-aa23-367e-7f39c5e9f546,1,656372,656372,657255,656982,883,883,0,0,0,0
657612,d389ac49-27b4-9987-3307-c2a3c7334080,1,656733,656733,657612,657500,879,879,0,0,0,0
657963,bea11a0a-e7e8-2918-4c79-ca2762b9848f,4,274701,274701,657963,840861,383262,383262,0,0,0,0
657986,93214ef3-b334-7c73-ccdc-e4e02d2ee93e,4,536597,536597,657986,711401,121389,121389,0,0,0,0
657964,c63490be-3883-4e83-58ca-d298621e81e6,4,536632,536657,657964,651699,121307,121332,25,0,0,0
658021,e25423c2-f0cf-5221-f805-ad5c8c9cfbe4,1,657232,657232,658021,657995,789,789,0,0,0,0
658852,e3ed0d4c-6ed1-b40e-09b2-aa913bf75895,4,536642,536657,658852,648981,122195,122210,15,0,0,0
659268,58bab27f-a324-ac9d-d1bb-7e9b885b00ec,1,658284,658306,659268,659382,962,984,22,0,0,0
659312,7edbdccf-1385-d4c6-f526-f3b53e3deb8e,4,536633,536657,659312,707732,122655,122679,24,0,0,0
659468,0b9321a3-90d3-a602-898f-53f7e15347f8,1,658740,658796,659468,659645,672,728,56,0,0,0
659513,35f54835-820d-bde4-d9d6-7973b9ca3229,4,629047,629047,659513,666002,30466,30466,0,0,0,0
659473,f678d534-768c-70a3-7e58-3b67d3a997d7,1,658556,658556,659473,659677,917,917,0,0,0,0
659672,a96136c7-1280-8e28-8478-c58c85cfa088,4,274793,274793,659672,605764,384879,384879,0,0,0,0
662566,03469c1d-9319-7351-c748-411e3d81f3b6,4,631353,631391,662566,674779,31175,31213,38,0,0,0
662600,b1de3284-78a3-54fe-7053-5bd3d8f6f576,1,661901,661908,662600,662474,692,699,7,0,0,0
663563,5361be6b-a248-c28d-1716-b7229a27905a,1,662832,662869,663563,663442,694,731,37,0,0,0
663943,ac071929-63c4-9c7b-f770-2dfe7ce1bed4,1,663258,663258,663943,663868,685,685,0,0,0,0
664951,f3cf9e5b-1c95-03e3-796f-b2256d65693e,1,664257,664311,664951,665121,640,694,54,0,0,0
665800,1c9c05a8-73b2-bd7a-fb74-d2af70af0e90,1,665104,665163,665800,665571,637,696,59,0,0,0
667122,8f7358c5-8bbd-6421-562c-395413128bda,1,665575,665627,667122,666919,1495,1547,52,0,0,0
668716,7ae5d3ff-420b-3406-86c7-89434315b7bf,1,668040,668040,668716,668862,676,676,0,0,0,0
669184,b850909f-3d7a-1c3c-78ea-35dd1867153c,1,668510,668510,669184,669392,674,674,0,0,0,0
669420,25a1fe15-dd29-2e07-c647-82cf74fad72b,1,668753,668776,669420,669343,644,667,23,0,0,0
669537,c4fc5326-9798-ba50-e901-5c78151ba86f,1,668781,668836,669537,669468,701,756,55,0,0,0
