time,job_id,num_gpu,submit_time,start_time,end_time,ddl,executed_time,JCT,pending_time,preempt,promote,best_effort_job
8492,69390f06-ec8c-40ab-16b6-7e6140b4362a,8,2079,2119,8492,9383,6373,6413,40,0,0,0
9616,a4337081-6f1c-2490-e09e-1447c0cbd7f1,1,2022,2059,9616,8508,7557,7594,37,0,0,0
9639,96eaab86-9c46-c60b-0f20-044fe4c2702c,1,2003,2059,9639,11289,7580,7636,56,0,0,0
9660,0018d327-4e25-49b7-3f44-71c78e8ce97c,1,2009,2059,9660,6946,7601,7651,50,0,0,0
9625,18ddb9fd-5c1a-b58b-310f-85fb09846e09,1,2030,2059,9625,11812,7566,7595,29,0,0,0
9808,71137ee0-d4e7-3c84-c236-06da176866ac,1,2002,2059,9808,6103,7749,7806,57,0,0,0
9833,c1d31857-23aa-1eee-0f63-917756e940d0,1,2003,2059,9833,13058,7774,7830,56,0,0,0
9854,0ff65d5c-3307-04f8-eb0e-a5a7be477424,1,2011,2059,9854,6426,7795,7843,48,0,0,0
9902,4e78ff92-6bcd-c784-a37f-02ea5c6c744d,1,2037,2059,9902,7887,7843,7865,22,0,0,0
10263,e16affea-109d-31cc-2513-486152b2e34a,1,2005,2059,10263,12373,8204,8258,54,0,0,0
10292,f7faf63f-5a60-c38a-439b-ada294f6ecd7,1,2008,2059,10292,12257,8233,8284,51,0,0,0
10271,ea433581-e14f-4c6c-5d4b-f5148ed933d9,1,2009,2059,10271,9966,8212,8262,50,0,0,0
10402,f2e329e1-35de-bfe2-df00-24257c536e6a,1,2004,2059,10402,13367,8343,8398,55,0,0,0
13976,a24149d2-240c-039a-8054-033146dd7903,1,2008,2059,13976,9548,11917,11968,51,0,0,0
14028,c5114965-3e22-0af5-2fb2-c31ab54c6d26,1,2008,2059,14028,19185,11969,12020,51,0,0,0
14009,f68f22d6-bc91-7e70-fe6b-c3335ae66e80,1,2009,2059,14009,13122,11950,12000,50,0,0,0
14207,fe7eb3ce-62db-ebaa-3a50-500f59aa3ea4,1,2014,2059,14207,18474,12148,12193,45,0,0,0
14485,d6fcbe84-6cbd-9525-f330-c7449cd5d050,1,1999,1999,14485,17604,12486,12486,0,0,0,0
14550,e6c92435-03cd-ec7e-7f28-abc1ecb2a8ce,1,2033,2059,14550,8741,12491,12517,26,0,0,0
14584,ec4b273b-6009-bfce-cdef-63f3beb2ebe0,1,2004,2059,14584,18347,12525,12580,55,0,0,0
14569,18ef8d67-3134-a068-bb0d-23f9470d6d80,1,2010,2059,14569,19025,12510,12559,49,0,0,0
15315,c19b97a5-b4ce-288c-7b50-6c15a4f3fb4a,1,2021,2059,15315,15550,13256,13294,38,0,0,0
15431,a11b4fc9-8f06-7093-2b93-bcb89acf0e7e,1,1999,1999,15431,13212,13432,13432,0,0,0,0
15500,4bb33180-2347-21a4-7b89-9db1674a1e0d,1,2005,2059,15500,14941,13441,13495,54,0,0,0
15540,c7b2845e-7b8e-f100-36b9-4a4fecd5c075,1,2001,2059,15540,12810,13481,13539,58,0,0,0
15961,5d49b291-9281-a983-64f8-af859a1d353d,8,13239,13239,15961,16108,2722,2722,0,0,0,0
20233,e906ac4a-d180-3845-6802-9e40ea35e3bd,1,19567,19567,20233,20404,666,666,0,0,0,0
20290,aa731dae-20b0-4741-7459-c1d045ad299f,1,19599,19627,20290,20045,663,691,28,0,0,0
21730,0d2ae4e1-d0c3-e221-26ac-f92664460667,1,20542,20542,21730,21382,1188,1188,0,0,0,0
21830,2b0478f8-dba8-ca12-9611-47a1b50c0a6b,1,20545,20602,21830,22245,1228,1285,57,0,0,0
24268,53884625-0f1a-689f-863c-37eebed121aa,1,23025,23025,24268,24790,1243,1243,0,0,0,0
24394,039538d1-b73f-a11c-ba58-8c6ccd97dbbb,1,23030,23085,24394,23997,1309,1364,55,0,0,0
24931,099c9ecb-dd2c-e655-a21b-6afd3571c406,1,24254,24254,24931,25074,677,677,0,0,0,0
25050,2062508e-4b5a-3c21-bea6-b3ffd5f43ea5,1,24304,24314,25050,25090,736,746,10,0,0,0
25527,b921967c-17a8-c270-b64e-3b443299c5a2,8,22709,22709,25527,25623,2818,2818,0,0,0,0
28996,ab8c8c18-3380-02ec-d56f-075d273a3b52,8,26656,26656,28996,29390,2340,2340,0,0,0,0
31482,f4618f55-f49d-8364-5f3e-7fe29656ae50,4,29734,29734,31482,31219,1748,1748,0,0,0,0
31841,b0827d23-ecdb-d8b9-f324-ff92fd1cdfc6,4,30190,30190,31841,32619,1651,1651,0,0,0,0
32563,17ecd119-5198-87c5-1e96-3bfcb359465e,1,24967,24991,32563,34803,7572,7596,24,0,0,0
32570,2a72b017-b508-317f-a184-230d8d7c6efd,1,24970,24991,32570,34339,7579,7600,21,0,0,0
32612,78b541ed-c824-bc15-4d95-96ddc4e26c8b,1,24983,24991,32612,32553,7621,7629,8,0,0,0
32579,8816dcc6-83ec-6bd5-5b7e-ba2b218b3288,1,24988,24991,32579,29577,7588,7591,3,0,0,0
32793,1c050631-6f63-4ef9-6633-cba57837891a,1,24970,24991,32793,36108,7802,7823,21,0,0,0
32829,88796f10-e7b0-6335-c707-f0c99c2bc85f,1,24978,24991,32829,34787,7838,7851,13,0,0,0
32866,122b4cf3-f54b-b47d-2ac6-2e1ae87c6ca9,1,24969,24991,32866,29082,7875,7897,22,0,0,0
32860,0cb6fe24-2c53-2a29-e0fd-0b54ef4405e7,1,24981,24991,32860,29086,7869,7879,10,0,0,0
33345,f67deff5-81bf-5362-9ea7-a6655f8c35eb,1,24978,24991,33345,35378,8354,8367,13,0,0,0
33423,8a3220c2-0a66-e846-dc98-adc2966eaf3d,1,24989,24991,33423,36082,8432,8434,2,0,0,0
33445,53740400-3d00-95af-a215-07ffc6cebe71,1,24973,24991,33445,34872,8454,8472,18,0,0,0
33502,6f471d59-4587-56dc-e4b0-7a2bf3a6b11c,1,24978,24991,33502,35563,8511,8524,13,0,0,0
34883,9a72a255-a614-8099-d9f5-7ccf78f75278,8,34073,34073,34883,35083,810,810,0,0,0,0
37155,3347f392-f90e-5810-6ed2-a32ed612cb63,1,24975,24991,37155,39776,12164,12180,16,0,0,0
37178,96c77e35-410c-53c6-c4f2-9f9680719434,1,24969,24991,37178,31798,12187,12209,22,0,0,0
37185,1bf5241c-c91a-954c-fa33-51d4a7c526e7,1,24970,24991,37185,39849,12194,12215,21,0,0,0
37220,bbe953b4-2982-25c2-6d20-a3b6721b2ab8,1,24967,24991,37220,42180,12229,12253,24,0,0,0
37570,1048cfa0-f259-66d6-cf89-4c26c51c2b3e,1,24974,24991,37570,35615,12579,12596,17,0,0,0
37618,750a9c79-21e6-1781-9f1d-9e6dff2985c5,1,24966,24991,37618,39042,12627,12652,25,0,0,0
37572,b2e4b144-6ec1-e445-82d6-b0271f7def7c,1,24967,24991,37572,37973,12581,12605,24,0,0,0
37578,d9a8a70b-ef42-4c37-8827-f1e8ecf86a46,1,24978,24991,37578,32032,12587,12600,13,0,0,0
38370,e2ae7041-bebf-0ad9-2e4b-f7475bcbaad1,1,24972,24991,38370,41077,13379,13398,19,0,0,0
38481,f8931f74-a3ee-1ca0-2742-d054a55d2641,1,24973,24991,38481,37782,13490,13508,18,0,0,0
38523,7b891d96-428f-5ddd-e32a-8c9d4f8c0b19,1,24974,24991,38523,35208,13532,13549,17,0,0,0
38486,4d4e6236-1b2d-9f36-02d5-30c3031d6dbd,1,24987,24991,38486,36783,13495,13499,4,0,0,0
41470,2851b6fc-bb2c-f7c0-7f51-aa17d7b48efa,1,40092,40125,41470,40831,1345,1378,33,0,0,0
41481,f6c3bc47-bd0e-c23c-2ad5-afee71ec9ddc,1,40093,40125,41481,41217,1356,1388,32,0,0,0
43618,fe15f10c-acfa-a015-f95a-f453b11ddc42,2,37367,37367,43618,43440,6251,6251,0,0,0,0
44898,3913fdba-1972-cf34-e178-2bc41f8b3428,2,38714,38714,44898,45146,6184,6184,0,0,0,0
45308,831b5be0-ac60-4c5c-ed16-7b84d90e9a63,2,38299,38299,45308,47827,7009,7009,0,0,0,0
45462,4dfcdc88-6be9-61e6-44b9-4d91479c8871,2,39223,39223,45462,47337,6239,6239,0,0,0,0
48579,a815235d-f3c4-b23c-e0fd-a7e32ae8ff1b,1,24978,24991,48579,36772,23588,23601,13,0,0,0
48606,358ad68e-b84f-e48d-c1d3-ce224ceb4858,1,24968,24991,48606,48497,23615,23638,23,0,0,0
48664,356bb0d8-546a-fa86-f8ad-b7e847aff8e1,1,24978,24991,48664,38583,23673,23686,13,0,0,0
48773,32a3bbdd-820c-9fbf-44a6-8a110998210b,1,24967,24991,48773,49523,23782,23806,24,0,0,0
49212,cd20063c-21e0-20e7-fc2c-17ff0a943503,1,24970,24991,49212,46052,24221,24242,21,0,0,0
49251,9cb7ac24-70a8-a066-2eaa-6a7bd8fe3413,1,24969,24991,49251,44608,24260,24282,22,0,0,0
49245,978449ef-742e-570c-706f-fe3c12ddaf30,1,24981,24991,49245,52106,24254,24264,10,0,0,0
49381,157dc5d7-aee1-c31c-a90d-55f7491aa0aa,1,24969,24991,49381,44312,24390,24412,22,0,0,0
50796,bfe0ebc8-b168-9df7-04fe-4baa3ab153b6,1,24973,24991,50796,58894,25805,25823,18,0,0,0
50822,ccaef9f7-6b0d-f8c4-9791-7ee40911d419,1,24981,24991,50822,41086,25831,25841,10,0,0,0
50885,e8517763-a6d0-07b4-0e6e-a62b4792e940,1,24974,24991,50885,42856,25894,25911,17,0,0,0
50868,517ba1f3-14e5-5e74-7bdc-160c6c8d33e7,1,24977,24991,50868,52180,25877,25891,14,0,0,0
68832,6d93439f-24ea-cc02-86b3-96e4fcde579b,1,25967,25967,68832,83509,42865,42865,0,0,0,0
69349,94bbc2d1-36b6-d95f-63d2-3e7eed975e3c,1,25883,25884,69349,67985,43465,43466,1,0,0,0
69410,ab8688b1-9dde-2b35-9a57-39f9dcb2641f,1,26009,26027,69410,56098,43383,43401,18,0,0,0
69778,ec4ebbd2-8133-3ad6-acb0-7785bac94e92,1,25824,25824,69778,68214,43954,43954,0,0,0,0
70253,cc0fc1a7-3b02-852c-319a-606d9b1b762e,1,27464,27464,70253,79073,42789,42789,0,0,0,0
80024,a59f83a9-f555-1f02-1ecb-a29f40e3da0e,1,78680,78680,80024,79641,1344,1344,0,0,0,0
80090,aa08a3ce-ce68-fc29-9ca8-cf303f65cf88,1,78684,78740,80090,79573,1350,1406,56,0,0,0
82545,4e7abf3e-52ba-af28-fbb9-250e6f39018c,1,59960,59960,82545,84695,22585,22585,0,0,0,0
84644,d2ed3095-eb47-09a1-8657-7c1424866375,1,83480,83480,84644,84212,1164,1164,0,0,0,0
87522,9e67d2cf-eec9-990d-9b7f-69db4bf0254c,1,86180,86180,87522,86892,1342,1342,0,0,0,0
87522,eaf3e8e5-21b7-c6d3-c807-29158c3ea4f7,1,86180,86180,87522,87058,1342,1342,0,0,0,0
95464,6c7da40d-1a32-0523-c1b9-4a408595f665,1,94086,94086,95464,95699,1378,1378,0,0,0,0
95517,416557c3-d929-290f-5dd3-4a3615693917,1,94087,94146,95517,94862,1371,1430,59,0,0,0
113430,4abe44d1-a203-cc10-3be3-98d842a85922,8,22071,22071,113430,135394,91359,91359,0,0,0,0
119313,e71e3bff-3243-37bc-ea0f-c0b54f7d3b10,8,21992,22011,119313,159464,97302,97321,19,0,0,0
120252,2b652307-3917-a559-a00e-16012edbc888,1,116217,116217,120252,120107,4035,4035,0,0,0,0
126218,06fc9487-9556-dbef-2a4b-9f96a85d084b,1,122076,122076,126218,127421,4142,4142,0,0,0,0
126276,a7f91a6d-3b69-3df0-52ce-e1cc365faf8c,1,122079,122136,126276,124604,4140,4197,57,0,0,0
126237,51199bd7-b53a-6532-cf64-b9c53130c055,1,122082,122136,126237,126488,4101,4155,54,0,0,0
126262,bdbc3428-4527-2c58-dcb7-7aa6bc3f95ac,1,122085,122136,126262,125089,4126,4177,51,0,0,0
126268,67bf31a8-3087-885a-a156-567d1fdc0976,1,122086,122136,126268,124854,4132,4182,50,0,0,0
126263,d1107c6c-7449-2629-8b9f-390d9dc7ea1d,1,122087,122136,126263,125608,4127,4176,49,0,0,0
126275,d2a54233-5916-1b4b-600a-bf0e361a7b3a,1,122089,122136,126275,125462,4139,4186,47,0,0,0
126287,58486647-1247-1666-4914-327497a8fea8,1,122077,122136,126287,127785,4151,4210,59,0,0,0
126328,f2ecd0e1-829c-08e6-bcef-7d2990ac47c0,1,122081,122136,126328,124965,4192,4247,55,0,0,0
126286,16641aef-3dc5-1fd1-88ee-346788f2003b,1,122081,122136,126286,125537,4150,4205,55,0,0,0
126290,793fcddf-50e3-45b1-c212-92d818c5df7c,1,122084,122136,126290,125394,4154,4206,52,0,0,0
126286,1b28c260-74dd-0438-2534-255494f276f0,1,122086,122136,126286,126912,4150,4200,50,0,0,0
126326,77228106-2982-4629-7510-57385d23cbd5,1,122088,122136,126326,128218,4190,4238,48,0,0,0
126343,8afe227c-3af9-b333-fd2a-4b5b245b4406,1,122080,122136,126343,125020,4207,4263,56,0,0,0
126347,d3d1410a-3b43-6f9c-a165-cbbe84940a88,1,122089,122136,126347,125310,4211,4258,47,0,0,0
126376,956ed12c-b60a-57fc-e04a-b2f3a8480e65,1,122089,122136,126376,128261,4240,4287,47,0,0,0
128352,bf124b3c-f25d-4cad-a012-cb40b221bbb3,1,122076,122076,128352,128242,6276,6276,0,0,0,0
128587,9a461b1b-6f91-60f0-8902-2ee4a627a2a4,1,122080,122136,128587,126544,6451,6507,56,0,0,0
128637,04434ffb-a6e2-40c3-9746-3d8ce493b0a0,1,122077,122136,128637,126101,6501,6560,59,0,0,0
128611,82b8e8af-a30d-c11f-bf8a-04de36a6655a,1,122083,122136,128611,129428,6475,6528,53,0,0,0
128599,7398d6de-1f76-9e06-98bd-d6412b2dd741,1,122084,122136,128599,126424,6463,6515,52,0,0,0
128590,3427fefb-8a42-df00-4578-649b474fbe41,1,122085,122136,128590,129170,6454,6505,51,0,0,0
128601,17e0d9ce-f7c2-de13-f8a7-118ab153728f,1,122088,122136,128601,126707,6465,6513,48,0,0,0
128636,ac7b6134-07ea-96d6-0d6a-7f10ed4edbe0,1,122089,122136,128636,126464,6500,6547,47,0,0,0
128695,aa202379-e859-4c9b-5bd7-60a2b548571f,1,122078,122136,128695,129317,6559,6617,58,0,0,0
128660,597fab0a-4af3-d177-1eb4-20aa5cc8fa54,1,122086,122136,128660,129203,6524,6574,50,0,0,0
128664,441bc72d-2260-bff4-441b-f0496ae97091,1,122087,122136,128664,127817,6528,6577,49,0,0,0
128651,14c37b76-b8c3-00d1-1d37-b6daa88a6800,1,122088,122136,128651,130657,6515,6563,48,0,0,0
128679,f9e2ae66-6cd0-76e4-bbba-b7dbe7850e75,1,122089,122136,128679,130761,6543,6590,47,0,0,0
128682,dcd51e40-80e7-4e70-97b5-0ca253464483,1,122089,122136,128682,128753,6546,6593,47,0,0,0
128707,ec372754-5180-b302-f455-6fcb9a9ff77e,1,122096,122136,128707,129157,6571,6611,40,0,0,0
128806,9139d231-6369-fece-e61e-01af1e016d92,1,122082,122136,128806,126227,6670,6724,54,0,0,0
133986,227cca97-5ed8-f77f-1bf8-bc893fa03155,1,122078,122136,133986,130221,11850,11908,58,0,0,0
134282,7a0a516a-dca3-b684-350b-5793267c8ece,1,122089,122136,134282,136600,12146,12193,47,0,0,0
134289,4273ddf2-ec32-d706-da00-036653f48874,1,122079,122136,134289,132539,12153,12210,57,0,0,0
134283,50a41877-02fd-85c3-45cb-3bbb363678e7,1,122082,122136,134283,132710,12147,12201,54,0,0,0
134368,e352a517-756e-5e88-5e24-49cf0773dbd3,1,122078,122136,134368,131370,12232,12290,58,0,0,0
134385,b2439afa-b63a-10a6-fd46-1abfc7539397,1,122081,122136,134385,137991,12249,12304,55,0,0,0
134355,4f365aaf-d1f2-b528-7ce1-37b2b8c4db09,1,122083,122136,134355,139140,12219,12272,53,0,0,0
134379,35cca7d6-840e-1b93-8588-f481df0c6c65,1,122093,122136,134379,129752,12243,12286,43,0,0,0
134424,f4583e89-3408-b563-48eb-ccabbbdbb72f,1,122077,122136,134424,136891,12288,12347,59,0,0,0
134416,b71e8efb-df5b-c6d7-a983-5480fe175f28,1,122082,122136,134416,129559,12280,12334,54,0,0,0
134420,3a95bfdb-964c-3463-ee42-911d8f17ca76,1,122087,122136,134420,138218,12284,12333,49,0,0,0
134447,465a885d-7603-df2f-5d91-aa7fc24faec1,1,122087,122136,134447,135661,12311,12360,49,0,0,0
134468,e34c88f9-ddae-f5c7-9cd3-a74b8f91a893,1,122083,122136,134468,140206,12332,12385,53,0,0,0
134510,c54b4863-5a0f-0ee6-b4e6-7fe8dfd36410,1,122087,122136,134510,139931,12374,12423,49,0,0,0
134603,995e874f-7291-6846-4404-1f78c16ace24,1,122088,122136,134603,132266,12467,12515,48,0,0,0
134690,4b366ddf-94a8-061c-6e2d-b5926df9afb3,1,122086,122136,134690,135731,12554,12604,50,0,0,0
140261,9208d532-f991-88c8-dd4b-d2e096e0af04,8,8745,8745,140261,122919,131516,131516,0,0,0,0
157279,51bc3dc1-8b65-7926-6af3-61acdfff0f9d,8,5997,5997,157279,117998,151282,151282,0,0,0,0
160281,59ca1f18-3bc0-e592-692d-57cfb529945f,1,158967,158967,160281,160311,1314,1314,0,0,0,0
160587,5ccce823-b15a-019a-c56e-231ab6b54f0d,8,10576,10576,160587,203935,150011,150011,0,0,0,0
163531,988bf756-b621-4b30-bb58-11c3e2a53840,1,161929,161929,163531,163689,1602,1602,0,0,0,0
165983,e7aad73a-fc65-b31f-10bb-9860901c95eb,8,81764,81774,165983,131253,84209,84219,10,0,0,0
166148,27eb0d33-f3fa-5b58-6e8c-d0ba1c244a09,8,81714,81714,166148,181402,84434,84434,0,0,0,0
166402,2051f5a9-629b-d223-d6e0-c6bcedfd8e34,8,31715,31730,166402,150010,134672,134687,15,0,0,0
166759,afc41858-d7fc-fdd7-426e-983f6938e501,8,31670,31670,166759,204791,135089,135089,0,0,0,0
168154,f595fbf5-1c3f-ea58-87df-b17689c6602d,1,166392,166392,168154,168762,1762,1762,0,0,0,0
168156,8e3af02f-8d9e-ba40-e52f-fdd804d8a962,8,18742,18742,168156,119354,149414,149414,0,0,0,0
170018,3f8204be-0d01-8774-5e06-f8c388c562f6,8,21951,21951,170018,240804,148067,148067,0,0,0,0
175926,5bad287f-59bb-4917-a2d6-2c8b95e27771,8,174510,174510,175926,176456,1416,1416,0,0,0,0
188069,48bd10a2-4440-667b-517b-0bcda03c81d9,2,184607,184607,188069,188843,3462,3462,0,0,0,0
188125,986bdc1a-b60c-7a31-a7f6-a308c76200cc,2,184664,184667,188125,186863,3458,3461,3,0,0,0
188161,d997e8e6-907d-5845-5967-354f26eb062a,2,184723,184727,188161,188568,3434,3438,4,0,0,0
188197,5ba37a49-9357-64f5-e505-2431bcb42e08,2,184784,184787,188197,189828,3410,3413,3,0,0,0
188384,3fdddf8a-7ae4-e501-7ed4-1cd93f60a866,2,184846,184847,188384,188456,3537,3538,1,0,0,0
188369,313286b6-72ab-e7da-2fcd-957777e37e9b,2,184905,184907,188369,187047,3462,3464,2,0,0,0
188423,7c3f5178-7632-5a77-ffcc-7b27228fa24d,2,184650,184667,188423,189066,3756,3773,17,0,0,0
188433,a0a75925-fb74-fa7b-bea5-35ef5bcecb84,2,184704,184727,188433,187101,3706,3729,23,0,0,0
188554,7986b96f-abcd-bf9e-4054-049dfddf383f,2,184624,184667,188554,190140,3887,3930,43,0,0,0
188596,080ad25a-3381-4eee-2fa6-abea1d780727,2,184765,184787,188596,189482,3809,3831,22,0,0,0
188641,9d9fd838-6f0a-3d9f-3d38-60051cc9721b,2,184747,184787,188641,186926,3854,3894,40,0,0,0
188641,eea34108-9917-441a-0167-c5e275469818,2,184887,184907,188641,188429,3734,3754,20,0,0,0
188686,4f7c6ca8-02c4-c2d4-2c74-02f34058d678,2,184821,184847,188686,190118,3839,3865,26,0,0,0
188713,adb1cf96-47b9-134c-fcda-2b6adf5c4886,2,184947,184967,188713,188668,3746,3766,20,0,0,0
188817,7fb358e4-ca95-ae18-bf73-fd2c4b634bd5,2,184867,184907,188817,187374,3910,3950,40,0,0,0
188910,39c694d8-7cd4-2970-5bd8-acfdc6ead979,2,184684,184727,188910,186817,4183,4226,43,0,0,0
189129,2b99d124-dcaf-fa81-8bec-22ae888a037b,2,184926,184967,189129,189976,4162,4203,41,0,0,0
189212,bed4edae-4d87-0074-9552-5187d913e4e1,2,184799,184847,189212,187476,4365,4413,48,0,0,0
203351,c2f6001d-94a9-b931-cf9f-8bfe7016b5a2,8,75447,75506,203351,253811,127845,127904,59,0,0,0
203816,e5495009-57cd-6dda-b7c4-86ea05f4b2f4,8,75449,75506,203816,202347,128310,128367,57,0,0,0
205248,75f71342-d217-6a27-a910-430b5a542589,8,75452,75506,205248,215526,129742,129796,54,0,0,0
214425,b586e247-bd6e-2a50-7ca2-168329707595,1,3895,3895,214425,253778,210530,210530,0,0,0,0
219240,08052792-50f9-534a-4742-0da3dd0f2e32,8,75446,75446,219240,218821,143794,143794,0,0,0,0
220162,49a27dda-f078-4364-a82b-b4d05272b2d0,1,212807,212849,220162,221325,7313,7355,42,0,0,0
220214,e7afb1ef-a459-3a16-7662-9b28c90360db,1,212791,212849,220214,221195,7365,7423,58,0,0,0
220173,a8f2f7c7-f3da-b18d-8ecd-11a7c94e797f,1,212800,212849,220173,219184,7324,7373,49,0,0,0
220182,a687dbd4-9f89-e810-43a6-22205b7d42f9,1,212802,212849,220182,218543,7333,7380,47,0,0,0
220253,19e11b22-3024-4cac-099b-164e5d33c915,1,212795,212849,220253,220210,7404,7458,54,0,0,0
220225,d3565194-1be9-35b8-8778-8d5c06245c29,1,212804,212849,220225,221338,7376,7421,45,0,0,0
220334,eddb1075-96d4-f1f4-533c-e405814ac398,1,212794,212849,220334,216601,7485,7540,55,0,0,0
220357,17890c9a-875a-ffb8-0101-561aa9feeddf,1,212789,212789,220357,218771,7568,7568,0,0,0,0
220685,bdbd9a66-40cf-c6e2-747a-5c9f42f78c75,1,212805,212849,220685,218592,7836,7880,44,0,0,0
220787,ad76aa21-bc22-982c-6e0a-2fb2bd5a6ebf,1,212798,212849,220787,223880,7938,7989,51,0,0,0
220795,213b220a-d6bd-6a81-8bbe-5adfee3cbee9,1,90767,90767,220795,167678,130028,130028,0,0,0,0
220824,cb3eef0d-22e3-1edc-66c0-a8c8d1abc0ca,1,212799,212849,220824,223587,7975,8025,50,0,0,0
220821,72871e1e-1e8d-0b34-0241-a1c89fe5d47e,1,212800,212849,220821,223363,7972,8021,49,0,0,0
220825,59108ac7-a2fb-2650-a9cd-b6cc273963ce,1,212803,212849,220825,221684,7976,8022,46,0,0,0
222435,f6d4d363-7828-dd3c-d682-8b5a06c15db5,1,212802,212849,222435,225696,9586,9633,47,0,0,0
222444,920fa21e-a99c-0296-7804-98b7546c95fb,1,212790,212849,222444,219956,9595,9654,59,0,0,0
222465,dd42a40a-70a0-b5a1-d145-ca4e64738f34,1,212795,212849,222465,218896,9616,9670,54,0,0,0
222540,94393bf9-b6a8-6aab-eb11-86e3c8926767,1,212793,212849,222540,218543,9691,9747,56,0,0,0
222525,d2330558-3c3f-7cd7-4528-9533f63911c3,1,212795,212849,222525,221821,9676,9730,54,0,0,0
222928,2f811d1c-acdb-9bd6-88c1-399d4361f730,1,93219,93219,222928,226084,129709,129709,0,0,0,0
224569,c5075180-c763-6111-09f5-eaf8f67ea7fe,1,212799,212849,224569,226734,11720,11770,50,0,0,0
224621,9c466017-0096-d4c7-643b-e3fac6227ca0,1,212803,212849,224621,219236,11772,11818,46,0,0,0
224685,d0ee26d0-5313-aa61-b2ba-a1d0c0258926,1,212799,212849,224685,228263,11836,11886,50,0,0,0
224737,22e3ea02-9336-c8fd-13f9-41431da9f861,1,212798,212849,224737,228694,11888,11939,51,0,0,0
224717,9ae06a76-bf1f-13ee-20f0-16e7c5f6cd64,1,212799,212849,224717,226982,11868,11918,50,0,0,0
224850,06290617-5722-b761-b44e-b507c0348cb4,1,212803,212849,224850,224026,12001,12047,46,0,0,0
225383,e4342f95-cc97-f043-37d6-a7c173de4e86,1,182913,182971,225383,221979,42412,42470,58,0,0,0
225632,a09a23c1-b0ce-74d3-323d-51648b45ac01,8,74021,74021,225632,158840,151611,151611,0,0,0,0
225687,c7414763-7348-4b47-c9fb-cfd6c6abccbd,1,212797,212849,225687,220413,12838,12890,52,0,0,0
225668,989d2f6b-5036-e29f-2a4f-5339a4c715eb,1,212797,212849,225668,231170,12819,12871,52,0,0,0
225691,5db2f7e9-f5fe-6632-5792-c8ad14858cd5,1,212804,212849,225691,219973,12842,12887,45,0,0,0
225645,ac8e8985-5a02-b94e-22a8-64cf9fe4c86a,1,212805,212849,225645,229037,12796,12840,44,0,0,0
226013,447b8d69-334a-c40b-d9ed-3607e7f66b2e,1,212803,212849,226013,230061,13164,13210,46,0,0,0
228082,6e8e9ddb-3081-d975-11f1-70a7d08ca709,1,212800,212849,228082,229294,15233,15282,49,0,0,0
228216,48be73ac-d96d-ca92-8aed-4cc419cdda2a,1,212796,212849,228216,223430,15367,15420,53,0,0,0
228272,916860ab-a9b3-fc0e-1d59-30a74df2e22d,1,212796,212849,228272,225108,15423,15476,53,0,0,0
228278,9a9b4c58-079a-a6c5-d0ae-f9284c7e1856,1,212792,212849,228278,228214,15429,15486,57,0,0,0
231282,d041efa4-6d6b-7f76-ddaa-ed35784e6efe,2,93120,93120,231282,203380,138162,138162,0,0,0,0
233020,5c1197e5-1670-24e5-47e1-98953075edd4,4,218449,218508,233020,230248,14512,14571,59,0,0,0
233406,8fe21e6b-3f4d-7dc3-3031-cbca3eff69f9,4,218449,218508,233406,227057,14898,14957,59,0,0,0
233443,377ee5b3-a0a0-2c9c-aba2-da75649a3585,4,218451,218508,233443,234998,14935,14992,57,0,0,0
233815,0cc7dd37-1f62-b44a-6290-31ae2168f5b6,4,218451,218508,233815,240042,15307,15364,57,0,0,0
234721,3b6f4a0b-21f1-0c7c-e6bc-13bfea47385a,2,97070,97070,234721,236673,137651,137651,0,0,0,0
235376,f846317e-8dde-2a2b-c69e-c79dcb1e0137,1,212791,212849,235376,230262,22527,22585,58,0,0,0
235994,20a80fe9-b42d-b174-8145-14be5da83f2c,1,212792,212849,235994,226426,23145,23202,57,0,0,0
237073,5191c78b-426a-f77c-e983-22edb8833940,1,212790,212849,237073,230336,24224,24283,59,0,0,0
237127,ac067eef-2533-92a2-8cc5-1c4fb6c45d56,1,212796,212849,237127,239294,24278,24331,53,0,0,0
237301,d162e1fc-3e9b-9b61-1643-fa81e0a4f125,1,212795,212849,237301,242994,24452,24506,54,0,0,0
237394,330739d1-7851-363b-6fb7-6a22a570a559,1,212794,212849,237394,228083,24545,24600,55,0,0,0
237531,78038f2c-11bf-0620-53f3-3b031063f709,1,212792,212849,237531,226386,24682,24739,57,0,0,0
238651,1812dd1f-65c8-ab2c-6a2f-ffb41947200b,8,84338,84383,238651,217134,154268,154313,45,0,0,0
240811,9d06489a-f441-df52-4b06-70ba7600a94f,1,102811,102811,240811,210858,138000,138000,0,0,0,0
241489,e500b84a-5547-2145-3579-6f6d087f03c4,1,212796,212849,241489,246830,28640,28693,53,0,0,0
241933,77038021-639b-a9b7-7112-10665fdbba76,1,212795,212849,241933,246930,29084,29138,54,0,0,0
242078,362ee265-12cb-3d9d-3e6b-a40c3a25f8ef,1,212795,212849,242078,242312,29229,29283,54,0,0,0
242083,ab7d601a-fa29-f5c6-1d6c-883de82955f1,1,212793,212849,242083,246328,29234,29290,56,0,0,0
246443,4e5c3d77-25e6-a9b4-10c0-f8283f13e36c,8,37821,37821,246443,185235,208622,208622,0,0,0,0
247495,78ee2d01-8702-52e1-276d-70d1c9c1bff0,1,182914,182971,247495,239909,64524,64581,57,0,0,0
247545,3ac1f765-9208-ba7d-51b7-90ceafffaf48,8,162742,162780,247545,207356,84765,84803,38,0,0,0
247534,77203e02-ba40-4375-b60b-787987601fed,1,182922,182971,247534,219835,64563,64612,49,0,0,0
247622,93baaff4-e60d-aedd-dbe0-4f826896c5ed,4,218448,218448,247622,250452,29174,29174,0,0,0,0
247702,be08c26d-2b1b-7244-e94a-dcc9bdee8f37,4,218451,218508,247702,234737,29194,29251,57,0,0,0
248984,b4825f98-b352-05fd-9b74-f6b1ea9006a1,8,42442,42442,248984,183066,206542,206542,0,0,0,0
249508,caf5fb13-e292-0320-1545-7e305391c950,8,113121,113121,249508,244522,136387,136387,0,0,0,0
251825,f9e0b84e-7284-932b-14e3-53bfa2085cb6,1,182919,182971,251825,244951,68854,68906,52,0,0,0
252187,6337aa95-e92c-5fb6-265d-985f81a02b6c,1,182913,182971,252187,243715,69216,69274,58,0,0,0
254459,da379122-061a-c16e-b5e0-25b24aed19e0,1,182912,182971,254459,266566,71488,71547,59,0,0,0
254885,bb4ff325-0d5c-ec15-8111-6fde053c99ac,1,182915,182971,254885,249034,71914,71970,56,0,0,0
255072,c7071fe9-f87a-cb62-8545-1d2399f2e459,8,112618,112618,255072,244371,142454,142454,0,0,0,0
258578,bd4fea43-c1c0-5684-cd83-455933bccc5e,1,102915,102932,258578,328434,155646,155663,17,0,0,0
258970,7df8f9f5-b4d3-319a-539e-8bdf163116f3,1,27167,27167,258970,270291,231803,231803,0,0,0,0
259157,c8d98940-2058-d194-4b42-46fde844dd85,1,102952,102992,259157,249896,156165,156205,40,0,0,0
261165,c12d3710-fc6c-6bcc-a915-be12e5334178,8,108897,108897,261165,335425,152268,152268,0,0,0,0
262311,59b96217-3a90-ee15-d7b7-cfdb5fc88f34,1,27285,27285,262311,165234,235026,235026,0,0,0,0
263024,8341b213-fa22-0cd4-d3c0-fcef6229dc26,1,182911,182911,263024,256010,80113,80113,0,0,0,0
263102,c6fe3eda-89d2-d964-3080-8a71aae117e4,8,112911,112911,263102,307511,150191,150191,0,0,0,0
265632,6e3a9093-696f-310c-8ef3-182e13d3cbb0,4,259992,260051,265632,263370,5581,5640,59,0,0,0
265692,c49ce996-7ba8-0987-d987-3eff90aa8045,1,182914,182971,265692,263847,82721,82778,57,0,0,0
266075,ac58732b-5b5c-269c-f266-edc3251a8295,4,259996,260051,266075,263730,6024,6079,55,0,0,0
267013,c30eb2c6-e6d1-c2fd-3317-f58469e1ce25,8,136739,136739,267013,225094,130274,130274,0,0,0,0
268096,689dfcb4-1ee5-9239-e1d2-eab241265b39,1,39731,39749,268096,243163,228347,228365,18,0,0,0
268825,cd6d0a68-d138-6313-f6af-ac772747f441,4,261790,261790,268825,266330,7035,7035,0,0,0,0
269023,3b5dc10e-708f-5753-2555-8f55b8b591e8,1,40294,40294,269023,352479,228729,228729,0,0,0,0
270837,ae91b348-5c82-4072-06ce-8d965ce545b3,1,39689,39689,270837,232396,231148,231148,0,0,0,0
271347,47044ab4-5a36-9481-614f-e562bd8aa97d,4,259993,260051,271347,268844,11296,11354,58,0,0,0
271667,1448dce6-30e0-7eb0-ca02-7b101ab98307,1,182920,182971,271667,276724,88696,88747,51,0,0,0
271850,1ef7ee1a-5b24-e2ff-1326-11c64891eb4b,4,259994,260051,271850,269908,11799,11856,57,0,0,0
271971,f94e7525-d971-e5db-af12-7ed7025b4029,1,40337,40354,271971,208933,231617,231634,17,0,0,0
272272,53eccd06-1177-6b2e-b23d-85d8412b2d5d,1,182911,182911,272272,280503,89361,89361,0,0,0,0
273273,876627c1-d8b0-9a78-31e9-fe090bc15d56,1,182923,182971,273273,260886,90302,90350,48,0,0,0
273473,c9d6d7f1-89e7-e312-ece3-184a253cb463,1,182922,182971,273473,232141,90502,90551,49,0,0,0
275821,be57ffed-2bd5-8558-3f03-5377b6a6695a,2,272280,272332,275821,275918,3489,3541,52,0,0,0
275829,85a417a8-1ccf-9aaa-0a28-dcda7144b3db,2,272336,272392,275829,276281,3437,3493,56,0,0,0
275851,11adb0d0-ad61-a634-0315-e733677af5c5,2,272386,272392,275851,274560,3459,3465,6,0,0,0
275908,2e6d747a-f87a-58be-fdb3-9ec6bc822252,2,272445,272452,275908,275918,3456,3463,7,0,0,0
275977,8386ef49-86a6-c115-4568-ab65ff263c84,2,272501,272512,275977,274686,3465,3476,11,0,0,0
275986,3a148d22-f5b7-722d-f41f-01422aed7b5a,2,272565,272572,275986,275210,3414,3421,7,0,0,0
276120,7d3bffe4-ca31-e88b-43c8-94e527e9ab67,2,272315,272332,276120,276489,3788,3805,17,0,0,0
276127,7eb4fbf9-31ce-56ac-eee1-ae0bc19c9a47,4,259991,259991,276127,277815,16136,16136,0,0,0,0
276135,1a0292c6-3397-2bb2-9ee0-03eebfb1b4d7,2,272368,272392,276135,277358,3743,3767,24,0,0,0
276217,6bccf875-9b66-1371-d593-efa6b7504d58,2,272427,272452,276217,277539,3765,3790,25,0,0,0
276226,c43b5b86-c6a3-b496-c116-1510aca1e064,2,272484,272512,276226,275469,3714,3742,28,0,0,0
276318,242566bb-d903-21e7-5b41-dfe60fe7a70a,2,272295,272332,276318,277628,3986,4023,37,0,0,0
276366,5332282e-30b9-8724-17f0-c989b46c89c8,2,272542,272572,276366,277712,3794,3824,30,0,0,0
276323,5c3269ec-b67b-1c03-c866-07078c0708da,2,272596,272632,276323,276573,3691,3727,36,0,0,0
276412,23f89f0b-8f83-8327-8817-42b279e75943,2,272408,272452,276412,276198,3960,4004,44,0,0,0
276476,39242dd3-6e2a-6912-6f7a-9cc72f29332d,2,272524,272572,276476,274627,3904,3952,48,0,0,0
276661,426fc7ed-cb82-8fd3-15a6-8e03daf45519,2,272353,272392,276661,274697,4269,4308,39,0,0,0
276688,c2f90c7f-8ffd-0618-f795-d826e15fbaf2,2,272494,272512,276688,278225,4176,4194,18,0,0,0
276761,b7035c2c-89b0-227e-33d2-ba6555353587,2,272578,272632,276761,278725,4129,4183,54,0,0,0
276817,01c4225e-be40-8b83-49c6-2b6b58974643,1,102872,102872,276817,286248,173945,173945,0,0,0,0
278559,9ce36ec1-da71-76ed-ab46-b44ce703bd73,1,40004,40004,278559,327085,238555,238555,0,0,0,0
279042,4f26414f-0718-27ee-3b69-429b5480f674,1,182920,182971,279042,239618,96071,96122,51,0,0,0
279057,818ffe5c-6ee5-f233-1714-9b3cd3f6584a,1,40065,40065,279057,254489,238992,238992,0,0,0,0
282237,1edee1ef-15a5-7357-b0bd-f789d305d1b3,1,182920,182971,282237,249585,99266,99317,51,0,0,0
283010,075484e9-6b82-88ff-1727-6e91092cd9d9,1,182914,182971,283010,319646,100039,100096,57,0,0,0
284490,4988e784-f13d-e936-6816-4d9a715dbf9a,1,182923,182971,284490,256957,101519,101567,48,0,0,0
286429,5fae8a16-8ad1-06c5-8f33-90bb25c1aa1b,1,182926,182971,286429,265982,103458,103503,45,0,0,0
290294,0d434750-15cb-8de0-1702-3aabdd4e7ba6,2,286822,286822,290294,290490,3472,3472,0,0,0,0
290359,28213218-121d-2e26-8459-490f33c2c5fe,2,286883,286942,290359,290775,3417,3476,59,0,0,0
290461,05ef744e-8d3e-4eb7-048f-be8d616da1f0,2,287001,287002,290461,291698,3459,3460,1,0,0,0
290528,e8754664-2a2b-d7ef-75b9-4eb143cdb30e,2,286944,287002,290528,289383,3526,3584,58,0,0,0
290524,30057f5a-b6ac-a5ea-f26f-3ff2a7e02070,2,287059,287062,290524,289107,3462,3465,3,0,0,0
290589,f0936cf9-d3e4-a99c-f65a-40272e8c47e2,2,286863,286882,290589,289461,3707,3726,19,0,0,0
290590,6f3e4c80-161d-73d5-a076-3f35b7ca739e,2,287120,287122,290590,289269,3468,3470,2,0,0,0
290678,59dfd4a9-d9ec-73eb-6614-247e31e21c01,2,286923,286942,290678,288833,3736,3755,19,0,0,0
290786,6af6cb6e-ba6b-4e73-7c16-0c8fb3a9625d,2,286981,287002,290786,289781,3784,3805,21,0,0,0
290796,ff483671-d1a5-88af-06cc-e8bf82b746ae,2,286840,286882,290796,288910,3914,3956,42,0,0,0
290906,7003052e-91ec-3b42-a02b-27296ab248dc,2,286962,287002,290906,291947,3904,3944,40,0,0,0
290868,367df64b-cc8a-8a54-4aa4-fdec89ed5946,2,287040,287062,290868,292724,3806,3828,22,0,0,0
290872,3bf42b73-6642-42ba-b7f1-3cfecd23a8a3,2,287100,287122,290872,291661,3750,3772,22,0,0,0
290868,8c013ad9-0258-0d13-d11f-f856c5e8a1a4,2,287155,287182,290868,291400,3686,3713,27,0,0,0
291068,191662ed-692a-ed5c-5a5c-8935b4a34fad,2,287079,287122,291068,290589,3946,3989,43,0,0,0
291118,51c634f3-0064-8a3a-504a-1d15edbbf1fa,2,287135,287182,291118,291112,3936,3983,47,0,0,0
291165,0e061dc3-1679-398e-a65d-737f4458adb3,2,286905,286942,291165,291682,4223,4260,37,0,0,0
291303,8ba2b870-33c6-906c-25a9-5ef281c6d68f,2,287020,287062,291303,292691,4241,4283,42,0,0,0
293907,155acae7-479b-9488-69c0-eefbf0d63940,1,182920,182971,293907,323519,110936,110987,51,0,0,0
301730,01de330d-3300-9301-796d-2780ae6587bb,1,182911,182911,301730,271668,118819,118819,0,0,0,0
304998,4b50b0b5-6b42-0a0c-5edb-de197ad15cae,2,301407,301407,304998,305500,3591,3591,0,0,0,0
305032,6affb256-86cb-8d05-06cb-40bb06e96def,2,301471,301527,305032,304676,3505,3561,56,0,0,0
305051,a94f26a6-f0e7-8110-0838-f963392c949b,2,301526,301527,305051,305131,3524,3525,1,0,0,0
305044,5257cb94-76a9-e442-5ece-bade0a60a6b6,2,301584,301587,305044,306415,3457,3460,3,0,0,0
305115,5facb6b3-2117-3a19-1e8a-c5c9f16e4738,2,301647,301647,305115,306258,3468,3468,0,0,0,0
305133,5fa410a9-e0d6-976e-239e-1bb19417588b,2,301703,301707,305133,306236,3426,3430,4,0,0,0
305255,dd3de079-e2e9-01a5-72d4-b8d81aefcd64,2,301454,301467,305255,306642,3788,3801,13,0,0,0
305271,f0adc54d-cf6b-c6fd-fd0b-a0a74687b61e,2,301507,301527,305271,305989,3744,3764,20,0,0,0
305272,203b16f7-9a9c-15b6-e18d-103c6461693d,2,301765,301767,305272,305983,3505,3507,2,0,0,0
305296,250323fc-5111-3de8-e942-c1d2faadc30a,2,301821,301827,305296,306139,3469,3475,6,0,0,0
305363,247c6b75-12c6-dceb-fc8a-3ec8c7a07101,2,301622,301647,305363,305775,3716,3741,25,0,0,0
305427,da00c8e8-5edb-9936-e4e1-76ab345b7aae,2,301431,301467,305427,304721,3960,3996,36,0,0,0
305380,e032c8db-032f-b3ff-9518-ffb505c19491,2,301876,301887,305380,304546,3493,3504,11,0,0,0
305431,2ad95f99-ee13-64d8-8531-2f2b811660f9,2,301936,301947,305431,305304,3484,3495,11,0,0,0
305465,80825d81-fa8b-a9ea-f063-963998430845,2,301563,301587,305465,305501,3878,3902,24,0,0,0
305444,d42e63d0-11ec-2389-71b8-18f909892a36,2,301736,301767,305444,306409,3677,3708,31,0,0,0
305503,01fab3cc-8f3b-4740-f341-4c2456f44cd3,2,301545,301587,305503,303703,3916,3958,42,0,0,0
305513,10dd0cb0-8ef6-1095-a90a-506cf93458f0,2,301683,301707,305513,304165,3806,3830,24,0,0,0
305523,c4a91377-751a-38d2-e124-7e6919f03307,2,301992,302007,305523,306765,3516,3531,15,0,0,0
305603,729c3d81-cebe-3ba3-534c-e352f5415562,2,301857,301887,305603,304898,3716,3746,30,0,0,0
305562,fd5d4f2f-999e-89c8-6d44-08712f8fc1c1,2,302059,302067,305562,304783,3495,3503,8,0,0,0
305646,61443d2a-0885-3ab5-639d-6b97500b27fe,2,301666,301707,305646,305544,3939,3980,41,0,0,0
305650,fa8e8e04-5f3e-710e-76cc-1cd404b9885b,2,301804,301827,305650,306751,3823,3846,23,0,0,0
305718,4dc59950-82b7-5c0c-b087-2af4121e1d14,2,301488,301527,305718,303755,4191,4230,39,0,0,0
305701,16d0ede2-7609-1355-ce67-da9171eb9eba,2,301975,302007,305701,307026,3694,3726,32,0,0,0
305765,14e55e6f-9144-0dce-4e29-60f32efbc3c9,2,301602,301647,305765,306599,4118,4163,45,0,0,0
305755,f45ddec8-545b-f479-84cc-ee627f0fe046,2,301787,301827,305755,306531,3928,3968,40,0,0,0
305743,863508e8-d630-915c-c137-46f507cea38d,2,301911,301947,305743,305716,3796,3832,36,0,0,0
305854,f8681e09-19b5-0229-8367-c4ca0cee4ead,2,302089,302127,305854,306149,3727,3765,38,0,0,0
305876,cf615333-c230-b981-8cca-5070f517de55,2,301894,301947,305876,307009,3929,3982,53,0,0,0
305885,ab5f4853-9dd4-036c-32bd-1ee7d7dff33b,2,302035,302067,305885,304204,3818,3850,32,0,0,0
306003,e5481243-2093-159f-f510-4c9818561a8a,2,301717,301767,306003,304969,4236,4286,50,0,0,0
306112,997932d9-63c9-995f-7c84-c97daabacd74,2,302017,302067,306112,306299,4045,4095,50,0,0,0
306145,bed3c3da-8b1d-3dd5-8fba-eca836fc43f4,2,301840,301887,306145,307129,4258,4305,47,0,0,0
306228,797d80f0-a190-a8da-19e8-16199c3bca26,2,301955,302007,306228,306656,4221,4273,52,0,0,0
306362,fec20c82-3bf8-d81c-9b90-60769c842f34,2,302073,302127,306362,307262,4235,4289,54,0,0,0
307339,c805613d-f0b7-1b1b-e9cc-b934edca60d8,8,222481,222495,307339,324465,84844,84858,14,0,0,0
319750,9fc245ef-5ec5-6234-7e8c-a2dddca95d74,4,302345,302402,319750,312594,17348,17405,57,0,0,0
322299,c89e5df8-c684-c346-2ed6-42e8de5763d2,4,94263,94263,322299,290288,228036,228036,0,0,0,0
329118,6ca033c0-2b53-f07d-c53b-6402d6bdd5cd,4,302345,302402,329118,337163,26716,26773,57,0,0,0
330595,1e29ca77-662e-7b01-9232-33d094681f2a,8,188361,188361,330595,266918,142234,142234,0,0,0,0
330724,4fa45b6d-28f4-42ad-987c-0e93b1491592,8,327161,327161,330724,332034,3563,3563,0,0,0,0
333275,89ce203d-a54b-be34-519a-e275050c72b2,8,265680,265692,333275,303075,67583,67595,12,0,0,0
333706,d06125e2-c842-4b10-e292-3b09db7c8d92,4,302345,302402,333706,340730,31304,31361,57,0,0,0
347941,9c811004-9369-075c-36cd-11f7c1faaa3d,1,347157,347157,347941,347835,784,784,0,0,0,0
352348,e2436a0f-2281-430f-814d-39659ae7f5c4,8,344090,344090,352348,348748,8258,8258,0,0,0,0
355080,f40dbc07-a959-74a7-f601-281a62ebd322,2,351604,351604,355080,355895,3476,3476,0,0,0,0
355201,edde2b72-4ee3-5ae4-fc31-43d83fcf2e82,2,351657,351664,355201,356107,3537,3544,7,0,0,0
355259,dd7c4ab2-2945-a80c-7db6-a5299e50dce7,2,351770,351784,355259,353640,3475,3489,14,0,0,0
355265,5650e485-9142-094e-30fe-4912baed6139,2,351718,351724,355265,356673,3541,3547,6,0,0,0
355390,e971c792-c70a-d761-924f-4729b9ba77a0,2,351833,351844,355390,353756,3546,3557,11,0,0,0
355426,ec498bc2-13cd-f1ed-baa5-ec58328f7f62,2,351890,351904,355426,356168,3522,3536,14,0,0,0
355576,39a94ca9-a362-bcea-a572-ed78236634c7,2,351695,351724,355576,354549,3852,3881,29,0,0,0
355610,046f7ef3-aedf-3a6f-9230-d0bd603c9cdb,2,351807,351844,355610,356126,3766,3803,37,0,0,0
355654,28ae700c-a204-1023-e2d3-32a256601afc,2,351622,351664,355654,355212,3990,4032,42,0,0,0
355674,29dd3267-63aa-caa1-dcf7-b7003160c28a,2,351642,351664,355674,355567,4010,4032,22,0,0,0
355695,def97158-07bb-e72d-130d-0e0712da8c52,2,351928,351964,355695,357047,3731,3767,36,0,0,0
355701,23623069-9ac9-bf47-1422-3615e19c4115,2,351735,351784,355701,357348,3917,3966,49,0,0,0
355752,4cbdb176-14d5-6504-503a-eff3d8bfa2ff,2,351754,351784,355752,354879,3968,3998,30,0,0,0
355729,ebaa725f-c94d-8235-faf0-740038e191f9,2,351869,351904,355729,354730,3825,3860,35,0,0,0
355885,3219ffb5-4976-e64f-332e-2391670008c9,2,351851,351904,355885,357528,3981,4034,53,0,0,0
355924,ff245ca5-7339-39c2-0c1b-fe598e40bd73,2,351674,351724,355924,354958,4200,4250,50,0,0,0
356102,a4bebbbb-9c77-d0df-5ba9-36d543cd1818,2,351790,351844,356102,357137,4258,4312,54,0,0,0
356197,1aa6ad56-6afe-6fef-61d5-794e749df0c6,2,351912,351964,356197,356935,4233,4285,52,0,0,0
356621,d4231c12-93a9-47fe-d258-33a4b2d106be,1,353061,353083,356621,355514,3538,3560,22,0,0,0
358575,4864d1f1-cee7-698d-03c6-77dcce5c3cc3,4,339284,339341,358575,367975,19234,19291,57,0,0,0
358644,6ec1067d-49bd-ab55-743f-ec2d69931529,4,251857,251885,358644,320089,106759,106787,28,0,0,0
359507,0161f550-9e28-f107-0999-2148bdb366cb,4,339281,339281,359507,351825,20226,20226,0,0,0,0
362354,bd80d21c-3ca7-af66-7494-f395f7ace9a1,1,361629,361653,362354,362413,701,725,24,0,0,0
367719,d8546c18-5b0b-853a-6911-c01012f87aab,2,364117,364122,367719,366640,3597,3602,5,0,0,0
367776,43bbf970-1d55-41e9-a0ae-2ad772e57e5c,2,364171,364182,367776,366064,3594,3605,11,0,0,0
367810,e03bc381-f097-fab0-3f41-131e64a3b17e,2,364226,364242,367810,367695,3568,3584,16,0,0,0
367780,ca0bcf27-a78b-2373-5285-e52e67c174f5,2,364282,364302,367780,369126,3478,3498,20,0,0,0
367887,4379980c-af46-4f4c-106f-142e70137cb0,2,364340,364362,367887,369301,3525,3547,22,0,0,0
367944,bd184de7-4dc3-188f-9b66-dc6b7e2a7343,2,364398,364422,367944,366698,3522,3546,24,0,0,0
368047,5aa8186e-0f31-ee25-fde7-08eba7f2caba,2,364208,364242,368047,367712,3805,3839,34,0,0,0
368143,4e4cd532-ffa9-3696-05bd-1336e5807900,2,364322,364362,368143,369391,3781,3821,40,0,0,0
368164,ff578aec-05bd-6037-058c-42e3622a982c,2,364154,364182,368164,369716,3982,4010,28,0,0,0
368165,271c77fb-c46e-b946-7db9-188fcc298f03,2,364262,364302,368165,367294,3863,3903,40,0,0,0
368233,5979bfa0-3e79-d6c7-3dc8-a2f52e3bc589,2,364133,364182,368233,368607,4051,4100,49,0,0,0
368254,e70fd0a9-c4fb-5e08-2fcb-f6aefcf11c29,2,364375,364422,368254,368166,3832,3879,47,0,0,0
368290,a178adee-0d1a-8ef8-363b-2e8c7bc81653,2,364435,364482,368290,368319,3808,3855,47,0,0,0
368334,26849827-788e-1f4c-76c6-5bb61568644a,2,364243,364302,368334,366941,4032,4091,59,0,0,0
368325,16994191-5a82-b7c5-aa61-9dcc12215992,2,364299,364302,368325,367997,4023,4026,3,0,0,0
368330,8a3bf756-2702-e18b-5bdd-9d47fd3fc681,2,364359,364362,368330,366939,3968,3971,3,0,0,0
368502,b31bd453-802f-57db-1e1b-378f95216b70,2,364187,364242,368502,368037,4260,4315,55,0,0,0
368698,7e1bce66-8491-badb-1bb3-ab787d2510c3,2,364413,364422,368698,367782,4276,4285,9,0,0,0
373136,a4bb4c6f-dd6b-35fd-10d7-6bb9b4d92efc,1,358420,358420,373136,379775,14716,14716,0,0,0,0
375301,7b481e28-0093-b2bc-83fe-f4984c8e4973,1,361593,361593,375301,380337,13708,13708,0,0,0,0
375382,654608e9-0a27-facf-42a4-ca175de5c829,1,361661,361713,375382,379448,13669,13721,52,0,0,0
375467,7fa3b886-6674-379b-bf3d-f1cdeee87d19,1,361898,361953,375467,371791,13514,13569,55,0,0,0
375630,3c46b492-6a5b-43f4-d775-d1f9ea4f2825,1,361823,361833,375630,379152,13797,13807,10,0,0,0
375685,1833ce4c-925e-aa40-3bc2-be92bec4a23a,1,361742,361773,375685,372354,13912,13943,31,0,0,0
375769,6ca30135-ea91-af19-d427-448f977a4f38,1,361964,362013,375769,381464,13756,13805,49,0,0,0
375806,b5920752-939c-0c0a-824c-028029670256,1,362001,362013,375806,369656,13793,13805,12,0,0,0
375871,3c3d9165-8131-c64e-02f7-3779fd725bbb,1,360743,360743,375871,377683,15128,15128,0,0,0,0
375849,0edc3a1e-cc43-8189-6dd2-5797d7e5e0d8,1,362176,362193,375849,377354,13656,13673,17,0,0,0
375917,67577a98-d3fe-5480-a0ca-bbc6f0d65ed0,1,361860,361893,375917,369557,14024,14057,33,0,0,0
375939,49e8033d-c248-6e0e-d845-1d78b82e322d,1,361932,361953,375939,382082,13986,14007,21,0,0,0
376014,111a0a9f-8b50-46c4-240d-17c7f110c485,1,362217,362253,376014,379455,13761,13797,36,0,0,0
376072,c1a9bbf7-b2d0-f4eb-f212-5e241668e5af,1,362035,362073,376072,380003,13999,14037,38,0,0,0
376099,0c31b756-8113-b25d-7502-080bb049b37c,1,362107,362133,376099,376350,13966,13992,26,0,0,0
376171,88c67179-f97f-6305-dcc0-b6a580c28d35,1,362074,362133,376171,372888,14038,14097,59,0,0,0
376173,e18da35d-9219-d814-c0ca-f1bf96246497,1,362138,362193,376173,373832,13980,14035,55,0,0,0
376220,c6514738-fecd-09a4-61ab-61e1d3056c96,1,360783,360803,376220,375299,15417,15437,20,0,0,0
376556,2f18d04f-0ea4-1071-c2eb-543c50308e8c,1,361317,361317,376556,383239,15239,15239,0,0,0,0
376749,5a5a7666-3292-671c-3143-70f9dc886c88,8,375780,375829,376749,376945,920,969,49,0,0,0
378415,d4b09e38-dedc-7f98-cd9f-047a92c1b7b4,8,274147,274147,378415,335174,104268,104268,0,0,0,0
383206,d4b5f0a4-12fe-4c0b-09fa-7e20ae2abeee,8,382226,382226,383206,383484,980,980,0,0,0,0
384182,cbbcac2d-808f-3e9a-d85a-a8a8929ddfa2,2,380604,380604,384182,384125,3578,3578,0,0,0,0
384202,588f6e35-5108-22fc-afb7-654a521560a9,2,380659,380664,384202,384852,3538,3543,5,0,0,0
384322,43f7a752-7277-795b-5b19-10e02e8b04fc,2,380712,380724,384322,383689,3598,3610,12,0,0,0
384333,1d97bbd7-4129-d49c-8dff-155233ea0283,2,380774,380784,384333,385865,3549,3559,10,0,0,0
384417,821d4dde-eb10-2e8c-1590-01784f1642f4,2,380833,380844,384417,384044,3573,3584,11,0,0,0
384432,41fdb7a0-239b-15b2-6deb-c7c0dfa1cfac,2,380889,380904,384432,383332,3528,3543,15,0,0,0
384494,08362837-f684-5a24-cf96-9b2de50f887b,2,380643,380664,384494,382592,3830,3851,21,0,0,0
384541,1324b2bd-15d8-ee77-83d0-23e260400628,2,380694,380724,384541,382926,3817,3847,30,0,0,0
384669,db6581b8-4baf-7391-40ab-80e213d62f89,2,380620,380664,384669,382803,4005,4049,44,0,0,0
384695,9cd9ad8a-21dc-d88b-45c2-3a8583cb1302,2,380754,380784,384695,383997,3911,3941,30,0,0,0
384700,b2e944ba-4d99-aab2-b399-2cb5e49506f6,2,380811,380844,384700,385813,3856,3889,33,0,0,0
384700,030f61ae-ab48-6306-36cc-bf26569a7d32,2,380927,380964,384700,386197,3736,3773,37,0,0,0
384756,45c0000b-542f-e6fd-bdf7-4d2a8efc5d3b,2,380734,380784,384756,385212,3972,4022,50,0,0,0
384783,5d68db78-6b7f-701c-54ce-0cc7a4146063,2,380873,380904,384783,386574,3879,3910,31,0,0,0
384961,97a68b1e-0814-3118-2e12-444841df0da1,2,380847,380904,384961,384507,4057,4114,57,0,0,0
384995,8b975ceb-4185-32d1-2834-d41e899e8754,2,380678,380724,384995,386925,4271,4317,46,0,0,0
385112,cee135aa-8548-9f9f-88d1-16dd620d74ea,2,380792,380844,385112,385097,4268,4320,52,0,0,0
385219,40785616-d186-dcd6-a2f9-2cd41757e1ab,2,380907,380964,385219,385669,4255,4312,57,0,0,0
386933,9312cb88-8f61-2b71-ce73-d65aba10006a,1,330783,330784,386933,372623,56149,56150,1,0,0,0
387061,f2639a50-fbd4-8a1f-1b9f-6528b65cb796,1,330759,330784,387061,359071,56277,56302,25,0,0,0
387247,77785ecf-c46f-7040-0aa4-593077625f4a,1,330864,330864,387247,406409,56383,56383,0,0,0,0
389499,ba1447c5-ce79-acff-0b98-0b5c059bc913,2,386044,386055,389499,389199,3444,3455,11,0,0,0
389518,3458cda5-7c95-6f81-8570-a421adf56e12,2,385995,385995,389518,391027,3523,3523,0,0,0,0
389655,a8abae77-d2cd-55c8-3eb6-98784679a7ca,2,386102,386115,389655,390567,3540,3553,13,0,0,0
389699,f146c7b8-0e28-5b1d-9b89-598ed4d3d4c7,2,386163,386175,389699,390243,3524,3536,12,0,0,0
389731,9798c889-b1f5-87af-9677-6752f11e2194,2,386217,386235,389731,391023,3496,3514,18,0,0,0
389794,1a44636b-289c-c58b-f622-13d0f543ed00,2,386085,386115,389794,391544,3679,3709,30,0,0,0
389781,9c78a40b-bed5-96a6-99fa-e100f5345585,2,386277,386295,389781,390856,3486,3504,18,0,0,0
389853,601eedd7-339e-8a9e-c5e0-f21db70196c2,4,255462,255462,389853,389238,134391,134391,0,0,0,0
389878,10328a49-8fe3-45b0-615c-1f731c3780e0,2,386030,386055,389878,390668,3823,3848,25,0,0,0
389936,5e19807d-adba-a177-5623-45462682baf8,2,386142,386175,389936,388954,3761,3794,33,0,0,0
389926,6bed5374-6a60-2de3-e44a-75e07e53acb0,2,386200,386235,389926,390395,3691,3726,35,0,0,0
389996,989242b7-f849-31a7-834c-cca6f7569453,2,386010,386055,389996,390422,3941,3986,45,0,0,0
390071,84c94678-25aa-09a1-2528-55eec50c3cfa,8,380176,380176,390071,385268,9895,9895,0,0,0,0
390054,06cb1453-8c72-6935-6d5f-c69ba87dc0a2,2,386255,386295,390054,389117,3759,3799,40,0,0,0
390029,9e3eaa2a-841c-ac8b-b699-35dd1ed15480,2,386309,386355,390029,390169,3674,3720,46,0,0,0
390097,c7258528-8b8a-cef6-a8a2-7e542edc6ad4,2,386155,386175,390097,391157,3922,3942,20,0,0,0
390212,5e4cd0a8-af52-da96-db8e-573bcd9732c0,2,386239,386295,390212,388612,3917,3973,56,0,0,0
390269,71e44976-7d9a-43d8-47ff-9933033ed34f,2,386062,386115,390269,392262,4154,4207,53,0,0,0
390340,c2ac97da-b5a9-96c9-e53d-72855f0679aa,8,380408,380408,390340,385722,9932,9932,0,0,0,0
390420,10885cae-f749-3d6d-e54a-892041b9bb93,2,386179,386235,390420,391168,4185,4241,56,0,0,0
390454,db929a0b-f0ad-f5d2-e7d7-c9dcbe7241b6,2,386295,386295,390454,390853,4159,4159,0,0,0,0
393654,3b6ceb07-fb56-01bd-dcd5-5f02b2a9e6ee,4,302342,302342,393654,413070,91312,91312,0,0,0,0
397223,809ba386-c657-8e5b-088d-e8097226d5c4,8,162260,162319,397223,464167,234904,234963,59,0,0,0
402494,a8bde531-10c3-b4d1-8cee-f102b267cc0c,8,273627,273627,402494,443819,128867,128867,0,0,0,0
403527,fc2a95ae-287b-bc27-ac24-1f78fa23257d,8,35952,35952,403527,533677,367575,367575,0,0,0,0
405179,71b172c3-a1e5-0ef3-b110-f25555204608,8,35825,35825,405179,538463,369354,369354,0,0,0,0
405290,cc2365d3-c7e9-9322-6223-19b123acb5d2,8,35870,35885,405290,533859,369405,369420,15,0,0,0
406633,46b16cbe-4ba6-4fdb-45c7-b0c0860c16a9,8,162259,162259,406633,369080,244374,244374,0,0,0,0
410936,2b15169e-e2db-1afd-8f20-a7a0d191560b,8,290418,290419,410936,439799,120517,120518,1,0,0,0
415108,a8c44a26-eb4a-8ddd-0d92-6923e3b443a4,8,290417,290419,415108,381394,124689,124691,2,0,0,0
416040,605568b2-1692-e67b-d10a-59d8ef596bbb,8,290419,290419,416040,447653,125621,125621,0,0,0,0
416276,75239ff4-2ce6-84b0-038b-f6318d5e8815,8,352090,352090,416276,433016,64186,64186,0,0,0,0
418404,267067ad-a6f2-1ba3-0e01-c9c0ea5df4d9,8,389550,389559,418404,430203,28845,28854,9,0,0,0
425046,5dc7be3a-f444-aeff-c239-40fc43ece745,8,424086,424116,425046,425303,930,960,30,0,0,0
433307,de8b7b8a-a305-1838-3cfe-66beebc88789,1,351860,351904,433307,462161,81403,81447,44,0,0,0
435690,b5662a0d-e0f9-14a6-8403-573de08a0c42,4,434661,434661,435690,435382,1029,1029,0,0,0,0
435734,09fb8130-6068-fbee-3c96-2a4a107a72d9,4,434670,434721,435734,436138,1013,1064,51,0,0,0
435798,3436cc72-9877-a885-e2cc-9145a08d041d,4,434664,434721,435798,436202,1077,1134,57,0,0,0
435771,9d71986c-1f22-310c-1e2e-5a03f422a50b,4,434664,434721,435771,435331,1050,1107,57,0,0,0
435804,4e34c4bd-a10d-c6bd-5bfd-895002ba6c9b,4,434666,434721,435804,435358,1083,1138,55,0,0,0
438008,928811d5-4690-fefb-3dd9-b6b4cb6d4776,1,425324,425324,438008,431706,12684,12684,0,0,0,0
444874,2a9f7c74-15cf-b2d6-ce45-a9128aed0bbb,8,165326,165326,444874,545233,279548,279548,0,0,0,0
448224,bd38d140-0c81-7199-77d7-82b2fd8124c1,1,444843,444843,448224,447338,3381,3381,0,0,0,0
448351,a08fae51-5f73-9083-4ad3-77d8e76adac1,1,445180,445180,448351,446869,3171,3171,0,0,0,0
448352,78c338e9-2ee6-a318-a6f1-7acae4f3e404,8,190532,190590,448352,480934,257762,257820,58,0,0,0
448736,3a3d161f-11c6-0eb9-8d42-82de6cf227db,1,444289,444299,448736,447127,4437,4447,10,0,0,0
448747,5818a8f8-000a-4571-2b3a-b935e6747dde,1,444239,444239,448747,450013,4508,4508,0,0,0,0
448779,848eccd1-f15e-77e5-bb0b-ac530857971c,1,444289,444299,448779,450589,4480,4490,10,0,0,0
448821,c5c0cef8-8127-19bf-69ca-a38a2eb9c72a,1,444239,444239,448821,449707,4582,4582,0,0,0,0
448856,e22c3f0c-a25e-59d4-11e5-567ee85a32d4,1,444239,444239,448856,447988,4617,4617,0,0,0,0
448817,385a567b-d8a9-c712-9810-72f2357ed01f,1,444251,444299,448817,449507,4518,4566,48,0,0,0
448814,008151cf-cca4-f67d-56c4-bd1abe217520,1,444251,444299,448814,448926,4515,4563,48,0,0,0
448815,fd329cc0-e153-d7e9-e0ee-7ffe0f8c08a7,1,444252,444299,448815,448773,4516,4563,47,0,0,0
448892,a85c6fea-7229-2f69-9df0-e5b42caf2eca,1,444245,444299,448892,446957,4593,4647,54,0,0,0
448873,47becdc4-bbf5-ad6d-41b1-6807a036a75d,1,444250,444299,448873,448774,4574,4623,49,0,0,0
448914,004f0bd4-b3e4-aee1-3702-b5c7c6a0928c,1,444250,444299,448914,450751,4615,4664,49,0,0,0
448871,3de5d3d6-4403-4cf4-1df8-5b5ec9c00887,1,444255,444299,448871,448464,4572,4616,44,0,0,0
448876,cf552ad0-85ac-3436-6e61-71368ba6229a,1,444259,444299,448876,451109,4577,4617,40,0,0,0
448877,66132323-fbbc-4b33-bdd5-168b32a26082,1,444272,444299,448877,450894,4578,4605,27,0,0,0
448896,e0ebca62-e644-df29-abcd-3bf084028dac,1,444276,444299,448896,449149,4597,4620,23,0,0,0
448883,622157d0-ca95-cd2b-0201-ef759a719624,1,444280,444299,448883,447068,4584,4603,19,0,0,0
448906,bd9cdf6c-37b5-591e-7531-0d6e2770f4b5,1,444284,444299,448906,450422,4607,4622,15,0,0,0
448871,93936dba-e732-d57a-9bc7-cef811e6fe56,1,444285,444299,448871,449900,4572,4586,14,0,0,0
448889,e5d2c337-13ba-4fa7-c206-1c27df85d8f4,1,444285,444299,448889,449786,4590,4604,14,0,0,0
448868,4722ff16-a4c6-3f8a-61ad-68a0f62deea5,1,444289,444299,448868,447058,4569,4579,10,0,0,0
448975,48a5d85b-ef69-3c13-6149-0d3330fea208,1,444260,444299,448975,449268,4676,4715,39,0,0,0
449011,d02312d9-fdcb-3956-87fc-ff29a541d05e,1,444242,444299,449011,447284,4712,4769,57,0,0,0
449011,7e8b63c7-bb97-d4cf-16dd-461497f2632e,1,444243,444299,449011,449930,4712,4768,56,0,0,0
448992,2128e419-79c8-05d0-4431-bcd99d455b0d,1,444248,444299,448992,451050,4693,4744,51,0,0,0
449028,0fe5cb38-c112-9a1c-434b-221781dbcf3d,1,444275,444299,449028,451046,4729,4753,24,0,0,0
449013,3b477415-f4df-32d4-07fb-e54fcf65c5eb,1,444294,444299,449013,449786,4714,4719,5,0,0,0
449010,a84eda7e-d6e3-fdbd-06ac-3b98b1f349b4,1,444311,444359,449010,448815,4651,4699,48,0,0,0
449057,72227e55-1290-f792-ef25-cd20226568f6,1,444249,444299,449057,447204,4758,4808,50,0,0,0
449043,b261dc7a-8bda-4904-2b79-128676d90c5d,1,444254,444299,449043,449588,4744,4789,45,0,0,0
449041,0e18d114-26ee-f7c8-8e96-6e91e07fd2cf,1,444260,444299,449041,449132,4742,4781,39,0,0,0
449064,8dbf68e6-6f4a-96db-3921-0844c9f0b01a,1,444261,444299,449064,449057,4765,4803,38,0,0,0
449080,12ace9cf-f019-f697-710a-ddd577dd1500,1,444276,444299,449080,451238,4781,4804,23,0,0,0
449038,af341416-bb5c-95ec-a913-2c5da57c7e4c,1,444285,444299,449038,450110,4739,4753,14,0,0,0
449068,2ecdb9c7-de2b-b4cd-b060-f80d363e887a,1,444290,444299,449068,449329,4769,4778,9,0,0,0
449068,02d9b8a6-8bbe-f055-6370-534c7b0a4a87,1,444293,444299,449068,446797,4769,4775,6,0,0,0
449081,9972889b-1442-d72e-9be4-dd96520e7ca2,1,444297,444299,449081,448119,4782,4784,2,0,0,0
449100,7a4d4123-6b95-775e-d056-1f858fc744f2,1,444258,444299,449100,450285,4801,4842,41,0,0,0
449120,0a44b229-af3b-4315-11f2-b01b93731894,1,444269,444299,449120,450042,4821,4851,30,0,0,0
449137,3340f3fe-86c9-8bcb-af10-d4446e931116,1,444276,444299,449137,449314,4838,4861,23,0,0,0
449167,4904133b-80ab-f561-ae82-d0de2c382794,1,444247,444299,449167,449724,4868,4920,52,0,0,0
449196,0d62753a-e651-1c00-004b-798332c9aa77,1,444256,444299,449196,450379,4897,4940,43,0,0,0
449187,3550861a-e6ea-756a-4ea8-a9f265782e57,1,444257,444299,449187,449180,4888,4930,42,0,0,0
449258,dbadc5f6-fb9a-a29b-45ba-23f9d367b85e,1,444241,444299,449258,451378,4959,5017,58,0,0,0
449272,69b11e4d-1910-ee43-339d-d42c0261d14c,1,444263,444299,449272,448436,4973,5009,36,0,0,0
449274,f577c16b-e849-d669-283d-50623541b5f2,1,444264,444299,449274,450922,4975,5010,35,0,0,0
449267,295e7968-8ca9-7308-e72b-c3d1d5289f59,1,444265,444299,449267,449640,4968,5002,34,0,0,0
449225,1419e2b6-cc7d-26e8-0e23-f0f1f9e4c802,1,444266,444299,449225,451111,4926,4959,33,0,0,0
449256,eb36e5d3-e7d2-859c-9f26-95975d385b35,1,444277,444299,449256,450027,4957,4979,22,0,0,0
449265,adbb1a57-ec6c-964e-03af-b325cf18c78e,1,444284,444299,449265,449695,4966,4981,15,0,0,0
449322,b640e7d2-6e8b-d8a9-3e6f-bbfbce29d1a3,1,444241,444299,449322,446730,5023,5081,58,0,0,0
449320,6e893264-40ae-c033-8d99-c9a4575dbdfe,1,444242,444299,449320,448666,5021,5078,57,0,0,0
449318,e521393a-3867-acd3-eafb-73276a36c062,1,444242,444299,449318,448404,5019,5076,57,0,0,0
449296,007f99fe-be89-0728-6da0-16c398f63690,1,444262,444299,449296,447140,4997,5034,37,0,0,0
449315,d4b80875-f133-c409-2f45-cd68bfb3409e,1,444265,444299,449315,450541,5016,5050,34,0,0,0
449282,80cca1b5-d940-db56-477f-a579ec804fbe,1,444270,444299,449282,451332,4983,5012,29,0,0,0
449308,01608f50-8766-cb1f-da3e-b1fd0f6503d3,1,444274,444299,449308,451544,5009,5034,25,0,0,0
449368,5e48dc83-5dd8-2c73-e591-9e95ad07fb89,1,444269,444299,449368,450745,5069,5099,30,0,0,0
449349,21a371a4-4a6c-1769-ca6c-8d0e9baee960,1,444270,444299,449349,450890,5050,5079,29,0,0,0
449375,3a67d038-8a87-fbec-30dd-7682328ad443,1,444283,444299,449375,447620,5076,5092,16,0,0,0
449426,4847746c-52d1-5ee1-533c-121b9e8132a4,1,444263,444299,449426,448569,5127,5163,36,0,0,0
449879,dbb70c2c-4397-b155-c939-fd015066eca4,8,190530,190530,449879,320203,259349,259349,0,0,0,0
453391,66d75ce8-f59c-0794-8aa2-3eeec24cb6bf,1,353028,353083,453391,454333,100308,100363,55,0,0,0
453534,886d7a41-c638-28e2-1591-df25ec2ed5ea,1,353027,353083,453534,431924,100451,100507,56,0,0,0
453905,a520acc1-fb82-6c67-2edb-ecfaf4ad0ee5,1,353023,353023,453905,431059,100882,100882,0,0,0,0
455247,b062f6dd-32b3-3da5-67ea-e2c697a4a116,8,445341,445341,455247,453687,9906,9906,0,0,0,0
457215,b9825a45-cc11-ad00-b58d-d72ce7f8acf3,8,190467,190467,457215,418309,266748,266748,0,0,0,0
457894,69d7f528-d21a-e0a6-78ef-930e06a592bb,1,454221,454224,457894,458222,3670,3673,3,0,0,0
457938,f7d28c53-b97a-a292-a7e9-94255a6f121e,1,454165,454224,457938,456689,3714,3773,59,0,0,0
457949,d4fffc41-c787-69fe-b538-2098be044ca4,1,454174,454224,457949,458499,3725,3775,50,0,0,0
457925,35221040-38ea-6895-7c15-ac8726ec5fd2,1,454181,454224,457925,458544,3701,3744,43,0,0,0
457944,42e2b268-881a-0739-d9f2-e33fcb740b48,1,454200,454224,457944,458008,3720,3744,24,0,0,0
457942,5cf33dbe-63df-c156-4642-77556c0353d8,1,454207,454224,457942,456502,3718,3735,17,0,0,0
457936,f6e044d8-f49d-0b66-a5ae-ae7a756ade9f,1,454217,454224,457936,456360,3712,3719,7,0,0,0
457923,83650d72-35ab-296a-a548-0580b5977927,1,454221,454224,457923,456600,3699,3702,3,0,0,0
457968,cd7b7c9f-bdb4-064c-4215-256005759ce6,1,454173,454224,457968,456841,3744,3795,51,0,0,0
458010,039b4d8a-6e39-efc2-4713-b5d5b236eb7a,1,454177,454224,458010,459550,3786,3833,47,0,0,0
458006,df64dd96-d692-fedb-0f4b-ebaeec7e32b7,1,454191,454224,458006,456447,3782,3815,33,0,0,0
457968,a3a38db8-4f15-5159-95fa-a1adc3086e19,1,454198,454224,457968,456882,3744,3770,26,0,0,0
457976,22dedc6e-78f0-950a-0833-438f84e731dd,1,454200,454224,457976,456081,3752,3776,24,0,0,0
458004,7bbe3f83-5c8c-9777-20dc-0af5964542c7,1,454200,454224,458004,456382,3780,3804,24,0,0,0
457987,03259756-d10a-a52e-6f11-3e4caf89c88b,1,454206,454224,457987,456420,3763,3781,18,0,0,0
458004,4f3a0984-4b34-e1dc-a45b-31e4fd69a54f,1,454206,454224,458004,458281,3780,3798,18,0,0,0
457994,20547f0b-67b0-449d-d337-ffb9a60522e5,1,454216,454224,457994,456974,3770,3778,8,0,0,0
457992,fb259a1c-c02f-72e8-57fa-1a62bc2dbee6,1,454233,454284,457992,456730,3708,3759,51,0,0,0
458027,147622ee-7829-83d2-6096-99eb7d14ea23,1,454167,454224,458027,457878,3803,3860,57,0,0,0
458032,6407833b-dab0-ca33-a4d7-fa854a91ea7c,1,454169,454224,458032,456402,3808,3863,55,0,0,0
458026,947c7ca4-76dd-1913-393f-cfdc536898d9,1,454175,454224,458026,456391,3802,3851,49,0,0,0
458019,1021a447-2062-3e09-c5e9-ac16f0a39c37,1,454176,454224,458019,456631,3795,3843,48,0,0,0
458074,ff7726a1-a0f9-895f-02db-f4aa9a1ae500,1,454181,454224,458074,458864,3850,3893,43,0,0,0
458044,6941c808-b0e0-d52f-ccf7-2f2cb69477de,1,454186,454224,458044,459072,3820,3858,38,0,0,0
458041,67dfa63d-91a8-eae5-2575-4e468e67b536,1,454196,454224,458041,456995,3817,3845,28,0,0,0
458019,3e5f105e-adbd-a356-3a8e-40429d196aa8,1,454209,454224,458019,458724,3795,3810,15,0,0,0
458047,ce470114-3d21-570f-ef6e-72b56d9d590e,1,454212,454224,458047,457519,3823,3835,12,0,0,0
458035,c2e36100-2285-0d20-f42a-2e2db890f9de,1,454222,454224,458035,456382,3811,3813,2,0,0,0
458097,db55704b-dcb5-c935-0de2-0043a114634e,1,454204,454224,458097,457623,3873,3893,20,0,0,0
458121,5d402be0-614a-ef1d-e6da-135cf11bb3a4,1,454225,454284,458121,456157,3837,3896,59,0,0,0
458122,4b29a956-d7f1-ce32-94b7-3626534f9e00,1,454232,454284,458122,458802,3838,3890,52,0,0,0
458192,7edb68a2-fc51-e1ac-9f49-e310479e50b9,1,454174,454224,458192,459864,3968,4018,50,0,0,0
458152,35a31843-23f5-6f06-91a7-32c5d268a503,1,454190,454224,458152,458910,3928,3962,34,0,0,0
458144,c372710d-1d47-a6b9-42f0-5e1e03053c1e,1,454213,454224,458144,459220,3920,3931,11,0,0,0
458169,da3ea443-efc3-8120-4166-8a540ccd98fb,1,454221,454224,458169,459237,3945,3948,3,0,0,0
458218,686079e6-0ba5-0021-62c2-50c070ec47fd,1,454217,454224,458218,458166,3994,4001,7,0,0,0
458488,da96007f-f456-e84b-b3e8-90f1769498ea,4,443547,443547,458488,460427,14941,14941,0,0,0,0
458796,dfba8ac7-5bd0-5b3e-191d-2f3f325a8f15,1,454195,454224,458796,457101,4572,4601,29,0,0,0
458853,67cfc9f5-50ae-240e-193e-a33eaa838d58,1,454166,454224,458853,457586,4629,4687,58,0,0,0
458837,2df39885-027b-e918-3c97-d495d3d5d0b3,1,454183,454224,458837,459481,4613,4654,41,0,0,0
458834,b77971a3-862f-96e8-6783-6e3a716c442a,1,454186,454224,458834,458789,4610,4648,38,0,0,0
458844,f1a30eb7-807b-16dc-0121-bbe2c2b2c5d3,1,454190,454224,458844,459668,4620,4654,34,0,0,0
458846,1f0ea331-e0fc-26a8-c282-de9462da4d2d,1,454211,454224,458846,457464,4622,4635,13,0,0,0
458893,8b8c12e4-2ff6-90cf-c303-34abea51cc41,1,454165,454224,458893,457968,4669,4728,59,0,0,0
458871,9dca9fc0-3d99-b917-fd98-074b1cf56ebb,1,454177,454224,458871,458909,4647,4694,47,0,0,0
458913,743b869c-93f3-e926-c654-6d5ab116fe43,1,454179,454224,458913,460688,4689,4734,45,0,0,0
458902,fab1c659-6613-5aba-fcb7-77077e8cdc06,1,454183,454224,458902,456528,4678,4719,41,0,0,0
458889,43a9b0f8-dc13-2bcf-5296-68f1cb963098,1,454190,454224,458889,459640,4665,4699,34,0,0,0
458888,8ab620cb-7231-5ec9-70f6-aa9e0adfa95f,1,454211,454224,458888,457794,4664,4677,13,0,0,0
458930,d6d84e3f-007c-f59a-74a8-8049e6d20d55,1,454168,454224,458930,457940,4706,4762,56,0,0,0
458959,3bad0a56-cf8c-9d7d-73aa-3511d56ea7b1,1,454170,454224,458959,460620,4735,4789,54,0,0,0
458934,a1839569-f8d3-7880-34e4-230364ea80ad,1,454192,454224,458934,460641,4710,4742,32,0,0,0
458935,e01471c8-ae1a-7a1d-8ce4-466deb3df81a,1,454194,454224,458935,460381,4711,4741,30,0,0,0
458959,57739b1a-1217-e47d-25cc-2891016062ec,1,454224,454224,458959,456697,4735,4735,0,0,0,0
459002,f5f6cef2-5345-78bf-64b4-5afab7ab6d77,1,454164,454164,459002,456589,4838,4838,0,0,0,0
459025,6c128b4b-f386-c230-3a62-8422fa5d7be9,1,454169,454224,459025,458480,4801,4856,55,0,0,0
459027,8dcbd116-ab6d-3bdf-f971-87bd7746da0d,1,454180,454224,459027,460816,4803,4847,44,0,0,0
459008,b2c72514-387b-d068-ebf1-5d392d08cc3a,1,454201,454224,459008,458554,4784,4807,23,0,0,0
459022,1d3505fa-90b3-36c5-f9e0-348373c2dafe,1,454204,454224,459022,458626,4798,4818,20,0,0,0
459015,4d926ca6-a4db-5fed-e664-3dc801eb82f1,1,454224,454224,459015,459571,4791,4791,0,0,0,0
458993,f3b092b7-3364-cf27-7b9b-04e7d490e1fd,1,454227,454284,458993,457686,4709,4766,57,0,0,0
459008,59a9e2c2-bb44-c902-552b-1c4d3fee1a11,1,454232,454284,459008,457113,4724,4776,52,0,0,0
459077,3e451808-d11d-b704-3943-56431d5cd8a1,1,454165,454224,459077,457023,4853,4912,59,0,0,0
459055,86119db0-432a-eab5-0cae-f5ff83e94ce7,1,454208,454224,459055,459677,4831,4847,16,0,0,0
459090,c56d09f4-57e7-fa67-4aa4-e8ca9347bb11,1,454210,454224,459090,459605,4866,4880,14,0,0,0
459059,e3a6ebff-e20e-0c3c-c710-3646771f9dbb,1,454213,454224,459059,461339,4835,4846,11,0,0,0
459086,73274f71-dbe6-fb2f-2767-7750c3d22d41,1,454227,454284,459086,460824,4802,4859,57,0,0,0
459084,b8a81707-157a-a2a2-c933-daec6c08c349,1,454229,454284,459084,457978,4800,4855,55,0,0,0
459089,b3ab8815-95c6-23d5-6c01-20fc3e6a8d02,1,454235,454284,459089,457672,4805,4854,49,0,0,0
459122,16b78c58-3394-3fed-735f-ccd8adff4da0,1,454165,454224,459122,458028,4898,4957,59,0,0,0
459103,5c64bcb5-1d74-d458-7004-ffe36d8bacdf,1,454202,454224,459103,460596,4879,4901,22,0,0,0
459124,7f2e4e39-b97d-20d5-ed51-e557dec71b3f,1,454217,454224,459124,459351,4900,4907,7,0,0,0
459156,0e3f7030-e0ec-8d2e-48d9-dcdb6aa1f2c1,1,454218,454224,459156,460558,4932,4938,6,0,0,0
459374,2a74889c-6f74-0c44-b1ac-96a2944b8033,8,96989,96989,459374,618027,362385,362385,0,0,0,0
460380,fff4bad5-898d-2119-bd51-3ea9677769ad,4,443547,443547,460380,463802,16833,16833,0,0,0,0
460537,5fb1a753-0c26-454f-70f2-3c9c4c3a70e9,4,443551,443607,460537,463550,16930,16986,56,0,0,0
460945,e1a4a9a2-b856-61ec-cfd3-38c213ace073,4,443550,443607,460945,455827,17338,17395,57,0,0,0
465091,15523c64-1214-8909-a1fd-53cf947f3b42,1,351863,351904,465091,516647,113187,113228,41,0,0,0
467751,64d1652c-544d-bdd3-dcfb-7a80c1813f5f,1,466971,466971,467751,467392,780,780,0,0,0,0
467844,29777b51-a579-ad49-da2a-4b21b90cdec6,1,467051,467051,467844,467665,793,793,0,0,0,0
467860,c7cca04f-2838-7072-07de-6f8f3d0c6a0c,8,83009,83009,467860,373280,384851,384851,0,0,0,0
468119,a414e26e-503a-dc05-efc9-e45363b195e3,8,458247,458254,468119,466742,9865,9872,7,0,0,0
474289,7b6f9b63-0539-7175-4085-8b60aa01e668,1,468816,468838,474289,475747,5451,5473,22,0,0,0
474395,62e1f654-f9ae-3e97-4e55-2f2c32739a06,1,468851,468898,474395,475231,5497,5544,47,0,0,0
474906,ab3e42a3-e149-af41-4fa9-93aecb738365,1,468891,468898,474906,477081,6008,6015,7,0,0,0
474919,5c4c56b1-e2b8-d51a-02bc-45e45c403990,1,469022,469022,474919,474601,5897,5897,0,0,0,0
477584,fc45b31a-fd57-eca0-f2b7-9657fec5814f,1,411893,411893,477584,507046,65691,65691,0,0,0,0
478169,356e6421-8b3c-04dd-4351-8e575e59e75d,1,348462,348462,478169,488947,129707,129707,0,0,0,0
479863,7a844b65-b80b-7861-1a10-47ec339ccdc2,2,476372,476372,479863,479729,3491,3491,0,0,0,0
480038,7ff6f395-5995-443c-c647-b6613877fb1c,2,476440,476492,480038,478518,3546,3598,52,0,0,0
480116,b894b714-677e-193a-cd21-4d806c7d0d67,2,476505,476552,480116,481505,3564,3611,47,0,0,0
480175,172e7799-bb8a-388f-121c-01bf4e1edff4,2,476628,476672,480175,479404,3503,3547,44,0,0,0
480219,b537051d-3bcf-ec44-3362-e562c903227a,2,476690,476732,480219,480808,3487,3529,42,0,0,0
480191,d54552f8-d5ec-d196-eabc-090c1c959c89,1,349643,349643,480191,482298,130548,130548,0,0,0,0
480244,7c0d4bda-2b42-6195-022e-be16475816b0,2,476417,476432,480244,479200,3812,3827,15,0,0,0
480248,c2a9461d-c47b-cecd-93a1-0485420de6dd,2,476482,476492,480248,481952,3756,3766,10,0,0,0
480253,ba697671-0601-36ab-3390-9c410f80e42c,2,476566,476612,480253,481238,3641,3687,46,0,0,0
480355,d593b0b0-b056-3d61-43ec-65e9170baaa6,2,476397,476432,480355,480673,3923,3958,35,0,0,0
480398,04ee2577-0157-9908-0e07-3f8c0e9d31bd,2,476671,476672,480398,480353,3726,3727,1,0,0,0
480417,11d9dfb5-1e8b-dbbf-36ca-ad847a03254d,2,476606,476612,480417,480779,3805,3811,6,0,0,0
480435,7e8682c7-8f0f-74ea-0423-f349e89573cb,2,476732,476732,480435,481730,3703,3703,0,0,0,0
480525,af98a02e-e861-c0f5-0775-99e348915619,8,417470,417470,480525,490783,63055,63055,0,0,0,0
480506,68c8ba02-1aaf-5093-aaf8-522b2bec0b47,2,476521,476552,480506,481304,3954,3985,31,0,0,0
480488,767bbcff-1553-fbe7-0a8c-7c51abb5318f,2,476541,476552,480488,480366,3936,3947,11,0,0,0
480644,e75058fe-d7b8-0051-86c0-e16b618d28bd,2,476650,476672,480644,482098,3972,3994,22,0,0,0
480695,1ac73a5d-a52c-e512-30d5-a25ede3b625d,2,476458,476492,480695,481178,4203,4237,34,0,0,0
480801,c3f06368-2233-9eb0-57c3-bc1131bccf04,2,476586,476612,480801,480030,4189,4215,26,0,0,0
480928,43b8c149-0cd3-ea39-44f9-5f8201e2f7d4,2,476715,476732,480928,482377,4196,4213,17,0,0,0
481006,44e5fb30-38de-634b-ac1c-0e6b5915ced5,1,349677,349703,481006,473189,131303,131329,26,0,0,0
483210,42f14a77-7127-c20f-3399-ad4c79509aa0,1,349950,349950,483210,430402,133260,133260,0,0,0,0
486136,3f7054c5-0f89-ab83-fa09-d502f67ec16e,1,485101,485101,486136,486007,1035,1035,0,0,0,0
486157,d3153a19-9bab-1777-e796-987e957222ca,1,485103,485161,486157,486094,996,1054,58,0,0,0
486352,14e6b9f1-d8b0-84f5-b262-cd67ff6fb4c8,1,353024,353083,486352,537165,133269,133328,59,0,0,0
486444,b3cbe095-029d-11bb-fe10-e8bf798f5bb7,8,422657,422698,486444,491221,63746,63787,41,0,0,0
486731,3705e14c-22da-40b0-8db1-b421379d962d,1,353026,353083,486731,513073,133648,133705,57,0,0,0
486836,7bf0092e-255e-c2cd-7df2-ad00108950bb,1,353024,353083,486836,441303,133753,133812,59,0,0,0
487939,99d6cf4b-72ab-5591-9b54-0fe72ad52396,8,420737,420753,487939,480718,67186,67202,16,0,0,0
488432,626bb7aa-7305-e2db-ff44-3b6ee1a25898,8,421124,421124,488432,489250,67308,67308,0,0,0,0
489115,c0414a54-2432-eae2-060c-ebfb660039ef,8,420946,420946,489115,518451,68169,68169,0,0,0,0
492022,a2a29feb-0293-1755-0754-9a6bcd6338ff,8,174522,174570,492022,516303,317452,317500,48,0,0,0
501006,75cca069-af58-ec8c-fc52-a01cd65027a3,4,474346,474349,501006,498496,26657,26660,3,0,0,0
501027,a087f1f7-362c-d741-adb7-20dfaedabda6,1,411698,411698,501027,501537,89329,89329,0,0,0,0
502751,5b291c18-8c2d-6a87-0ed4-4e28ac09fea9,4,474345,474349,502751,498257,28402,28406,4,0,0,0
504046,8d04b444-15ea-0ddc-7e6a-65fdf3f0c936,8,422651,422698,504046,471449,81348,81395,47,0,0,0
504392,f997125f-3998-7c56-9e99-c45558c3b2ea,4,474348,474349,504392,510414,30043,30044,1,0,0,0
504639,204d9d40-1d85-0677-7d27-b55cefb6546c,4,474346,474349,504639,502333,30290,30293,3,0,0,0
505169,ed761f92-6645-b3a6-1564-f27170426ad0,4,474343,474349,505169,493102,30820,30826,6,0,0,0
505449,82a15681-35d4-a1c4-4cec-f159b541387c,4,474343,474349,505449,507325,31100,31106,6,0,0,0
518903,b6d042a6-8e4c-1dee-38fc-f2b4f2e03e94,8,380999,381024,518903,483034,137879,137904,25,0,0,0
520289,f5e18998-d005-d18b-258a-66db6031c286,8,456777,456777,520289,498583,63512,63512,0,0,0,0
522892,695e4206-eb7f-b760-6c81-5619e9be7527,4,516806,516865,522892,521806,6027,6086,59,0,0,0
524025,9c0bf347-1ca8-11a1-af7f-09113017a771,1,519120,519171,524025,523310,4854,4905,51,0,0,0
524066,8526c172-9f32-1bd5-66ec-0a5fa9857c35,1,519135,519171,524066,524469,4895,4931,36,0,0,0
524073,169f6ef7-df14-e7e0-501e-7a8a428e9a82,1,519140,519171,524073,525385,4902,4933,31,0,0,0
524033,50c98b7e-36d1-6145-8695-3fe9ca4a8558,1,519148,519171,524033,523007,4862,4885,23,0,0,0
524068,200bf0a3-68c4-2d38-b825-06bd92d19a99,1,519193,519231,524068,524185,4837,4875,38,0,0,0
524104,ddc963e8-f155-483a-57ed-9fe2cf4f1cef,1,519155,519171,524104,521888,4933,4949,16,0,0,0
524130,65e6ba93-078a-6f9f-8e82-379c4d66a1ce,1,519187,519231,524130,522184,4899,4943,44,0,0,0
524093,fc3ad170-7159-0083-e527-32205997daad,1,519198,519231,524093,525873,4862,4895,33,0,0,0
524205,78302a2f-449a-01d1-965e-c4c80f6aca48,1,519123,519171,524205,526614,5034,5082,48,0,0,0
524189,1d9b190a-c9c7-ab94-f61b-c0a8a578bb4d,1,519172,519231,524189,526591,4958,5017,59,0,0,0
524181,8ba96f45-98ed-1fe6-398b-d872637b9d74,1,519184,519231,524181,525994,4950,4997,47,0,0,0
524174,81b45d4c-6c24-9833-2be3-2912febe4d8f,1,519193,519231,524174,525316,4943,4981,38,0,0,0
524176,a2029911-30ca-983c-7ba0-fdad28e8aa16,1,519203,519231,524176,524918,4945,4973,28,0,0,0
524224,b1f51190-fc12-82ca-517c-d0408af3d512,1,519147,519171,524224,522712,5053,5077,24,0,0,0
524286,4ffdd57b-36b4-131b-3765-8683fbfd4670,1,519150,519171,524286,524023,5115,5136,21,0,0,0
524277,9eeca9e4-f297-cbeb-d400-9e21a667257d,1,519174,519231,524277,524435,5046,5103,57,0,0,0
524552,ba8373e7-9e80-b24f-491f-0eed3c10c07c,1,519111,519111,524552,522901,5441,5441,0,0,0,0
524589,1729bf6b-cb67-1a9f-1e32-22356c700db7,1,519127,519171,524589,525845,5418,5462,44,0,0,0
524596,4d210c7a-2a6b-23ad-ec12-ae5e8b3ed190,1,519170,519171,524596,524681,5425,5426,1,0,0,0
524636,7e01e51d-6501-6e86-0515-d8d763369f49,1,519121,519171,524636,522446,5465,5515,50,0,0,0
524667,0c9150b5-930f-138c-d832-9d9743a3431d,1,519132,519171,524667,523076,5496,5535,39,0,0,0
524634,572206cd-4968-6a08-b3a4-75e4e5e00cfd,1,519145,519171,524634,523585,5463,5489,26,0,0,0
524653,448916b9-0e24-9074-9236-49ad6b643ce7,1,519157,519171,524653,524939,5482,5496,14,0,0,0
524652,249ec0fe-c7e0-782e-ebe4-be9e3ef574c2,1,519165,519171,524652,522318,5481,5487,6,0,0,0
524635,04799f66-9c61-7e7b-fdd4-4ea8fb2d3107,1,519166,519171,524635,523051,5464,5469,5,0,0,0
524633,b75e87be-5f65-57c3-9753-8a683005b62b,1,519198,519231,524633,525802,5402,5435,33,0,0,0
524675,7e246f6f-9cf6-7782-2fa1-d905f3980502,1,519112,519171,524675,526825,5504,5563,59,0,0,0
524711,0470636b-5ef9-60cb-07b8-b124f67596b1,1,519158,519171,524711,522696,5540,5553,13,0,0,0
524698,61fd06f6-1099-1b78-98dc-0001f0910c28,1,519181,519231,524698,527170,5467,5517,50,0,0,0
524681,3e2ea49e-0540-f278-741c-0e28fb09dc9a,1,519191,519231,524681,522792,5450,5490,40,0,0,0
524763,57084506-90f7-db72-83ae-511f6e07724f,1,519183,519231,524763,523095,5532,5580,48,0,0,0
524785,c534cfec-5448-58b0-2b2c-410fdd835861,1,519187,519231,524785,524217,5554,5598,44,0,0,0
526983,19311e7a-a2b4-470b-16ff-37d3a5639bdf,1,519118,519171,526983,524592,7812,7865,53,0,0,0
527020,ef296fe0-aaf3-d31f-bc8b-e7570ad017b9,1,519148,519171,527020,528924,7849,7872,23,0,0,0
527014,2e4da91d-64ff-bc36-61df-6c7732f27124,1,519164,519171,527014,525589,7843,7850,7,0,0,0
527051,a5b35337-d450-dc2f-5e5d-9e32da5f8a3e,1,519116,519171,527051,529272,7880,7935,55,0,0,0
527049,71abe02f-7302-3a38-f1aa-fdb1c7af7542,1,519117,519171,527049,529532,7878,7932,54,0,0,0
527101,9be07726-b059-8795-5e5b-2f171e1d952d,1,519152,519171,527101,529650,7930,7949,19,0,0,0
527045,7fbfc033-2db7-5698-af15-1e807fdf7d29,1,519189,519231,527045,523462,7814,7856,42,0,0,0
527044,49d4554e-89bc-314d-ac15-68ba9022ce46,1,519192,519231,527044,525685,7813,7852,39,0,0,0
527151,f5d6eb32-466b-0ec7-9aed-275025bb66fe,1,519130,519171,527151,525335,7980,8021,41,0,0,0
527150,c118ea20-e9b1-b42d-cbf8-eddc0e38fca9,1,519142,519171,527150,526398,7979,8008,29,0,0,0
527120,1fcc47d5-07fc-bc4c-af8b-d9cff3343a22,1,519166,519171,527120,525257,7949,7954,5,0,0,0
527155,38631da6-86ad-7691-be2f-42ef6a4d434f,1,519167,519171,527155,525360,7984,7988,4,0,0,0
527142,27a791b7-cb97-1041-3f13-263fbf3fbbe0,1,519176,519231,527142,529173,7911,7966,55,0,0,0
527173,6c1a0469-a7c5-a6a3-7fa9-b4196c56df66,1,519112,519171,527173,527209,8002,8061,59,0,0,0
527218,a6a879f1-df5e-fa76-e981-f3478cfbd313,1,519123,519171,527218,525021,8047,8095,48,0,0,0
527168,ec331e24-f83e-f424-2953-3e74edb07bca,1,519132,519171,527168,531009,7997,8036,39,0,0,0
527798,a8b6f6fc-e498-0378-8740-e197e7bb614e,1,519192,519231,527798,528690,8567,8606,39,0,0,0
527855,cd4409be-683c-2504-634c-f7910c9eeaf4,1,519117,519171,527855,528931,8684,8738,54,0,0,0
527835,5c1bd02a-95c0-60dc-6b26-dd12cb9418c2,1,519129,519171,527835,524175,8664,8706,42,0,0,0
527857,343bcfbc-63ba-2290-a0b9-2ef157ae6c2c,1,519174,519231,527857,524830,8626,8683,57,0,0,0
527861,c9b037e3-8b4a-06a1-ca66-3bc8180c9a8b,1,519133,519171,527861,529660,8690,8728,38,0,0,0
527893,8e13c375-551d-1764-1b59-052213741ea4,1,519154,519171,527893,526953,8722,8739,17,0,0,0
527926,e8819534-b37d-dbb2-c2c5-58698769767b,1,519116,519171,527926,527873,8755,8810,55,0,0,0
527942,cfc6f8bc-cf04-7e5a-a6cb-2b7ce09657e4,1,519203,519231,527942,527129,8711,8739,28,0,0,0
528017,d88fdad5-bb47-2d99-28dc-f21e1870e863,1,519155,519171,528017,527831,8846,8862,16,0,0,0
528023,7b0f063d-6e1b-ec24-e26d-2ae099a0473f,1,519159,519171,528023,526207,8852,8864,12,0,0,0
528006,2200ec36-ef1f-7c50-e71f-da2057d02d97,1,519178,519231,528006,530520,8775,8828,53,0,0,0
528081,f23283ea-cec3-67da-d347-f393a3e988e7,1,519176,519231,528081,528483,8850,8905,55,0,0,0
528092,eea9c6ea-555c-2e34-33c3-f4de76d74c5f,1,519191,519231,528092,528398,8861,8901,40,0,0,0
528128,4da8ba16-6d6a-3d71-2c06-86890997fcb4,1,519203,519231,528128,527224,8897,8925,28,0,0,0
528200,454caef8-696b-c7af-f780-d5bfb0cc2f6a,1,519186,519231,528200,525378,8969,9014,45,0,0,0
528247,24398af5-3141-e5b5-06b1-b9ff6036afc3,1,519140,519171,528247,526936,9076,9107,31,0,0,0
528374,a041b2ab-f40e-f914-f63f-2da234172eff,2,526772,526800,528374,527715,1574,1602,28,0,0,0
528490,527cff70-6787-4d43-cfdc-c2ad91d7f48a,2,526802,526860,528490,529076,1630,1688,58,0,0,0
528620,7ce51943-b63b-cbfc-323c-81f0052f7370,2,526757,526800,528620,527968,1820,1863,43,0,0,0
529135,5d50bf24-ceb5-fa50-ac9c-95f958e72614,2,526533,526560,529135,529230,2575,2602,27,0,0,0
529193,d1077847-dddf-37d2-d5c5-2e84c66adffb,2,526591,526620,529193,529229,2573,2602,29,0,0,0
529162,78a81688-0d0c-a44a-b17f-11257b179989,2,526646,526680,529162,529626,2482,2516,34,0,0,0
529239,cd0afbc8-da46-6591-b866-596a9f1304bc,2,526697,526740,529239,528762,2499,2542,43,0,0,0
529603,099cfc17-0c4e-2604-6664-4b63bd9d0b71,2,526681,526740,529603,529414,2863,2922,59,0,0,0
529630,57737d0a-2993-ffbc-a8f7-0927579fb5dc,2,526574,526620,529630,528266,3010,3056,46,0,0,0
529817,0bb357a7-9246-a2bd-7c3a-5f1ffd255fda,2,526552,526560,529817,528250,3257,3265,8,0,0,0
529899,d4d66058-33e0-2486-9488-f4b1c5b3df95,2,526660,526680,529899,529740,3219,3239,20,0,0,0
530046,a4defb67-6f53-6f09-b21f-75c4e0cdb028,2,526626,526680,530046,528862,3366,3420,54,0,0,0
530120,4ac58630-ba85-34f9-342f-767c41199cb6,2,526734,526740,530120,531743,3380,3386,6,0,0,0
530137,16b2d419-03ea-7005-d9a7-3120b2b7e7b5,4,518077,518077,530137,529208,12060,12060,0,0,0,0
530283,8adc14f8-7088-47bb-e7b9-21db44fa8f71,4,518079,518137,530283,530280,12146,12204,58,0,0,0
530436,67b59993-872a-2158-be0c-791d4da7c989,4,518078,518137,530436,528265,12299,12358,59,0,0,0
530468,301288d3-85a2-3167-e950-4c9a83a298d2,2,526610,526620,530468,532307,3848,3858,10,0,0,0
530889,2e32427e-7c81-b2a5-35c0-090950da32a7,4,518080,518137,530889,534667,12752,12809,57,0,0,0
530899,8b3a303e-b5a6-33bb-b3a5-4c88cd9306df,4,518077,518077,530899,534192,12822,12822,0,0,0,0
531517,a845528a-021c-603e-a819-4fe5e484e2c6,4,518077,518077,531517,533265,13440,13440,0,0,0,0
532418,0fca0f6d-fe9a-82aa-a538-152f778e38e1,4,514973,514973,532418,532802,17445,17445,0,0,0,0
533953,77f16a5e-6fc8-f401-fea4-31190303c1b6,1,519166,519171,533953,539007,14782,14787,5,0,0,0
534099,ac818e6e-3fad-c18d-276d-7ae9fe680486,1,519132,519171,534099,532678,14928,14967,39,0,0,0
534234,4a6fe544-d49a-29f4-1dfe-af55e6fc5745,1,519150,519171,534234,535088,15063,15084,21,0,0,0
534288,b698cb1d-2778-4fd9-f80a-73bbe542aa9e,1,519119,519171,534288,538178,15117,15169,52,0,0,0
534417,8eba91b6-861b-7090-9e92-5c3b78e5c929,1,519130,519171,534417,540692,15246,15287,41,0,0,0
534470,afb1c9bb-3374-6bd8-3b97-de39a3de2ec1,2,531924,531924,534470,534844,2546,2546,0,0,0,0
534468,91898f32-d0ed-4dba-c71e-4cde7ae6018a,1,519129,519171,534468,533741,15297,15339,42,0,0,0
534421,77380737-8c86-118e-1499-cffea4060636,1,519190,519231,534421,535547,15190,15231,41,0,0,0
534472,12a9d87c-d19a-4841-ad6c-635a3d79a8d3,1,519200,519231,534472,529311,15241,15272,31,0,0,0
534498,e9af9c82-a9f7-39bd-16e4-8d2bbf703e64,2,531982,531984,534498,535675,2514,2516,2,0,0,0
534536,d70cf870-453e-9679-fee9-16bfb8e86a32,1,519138,519171,534536,532582,15365,15398,33,0,0,0
534506,2365ad5e-c860-4ccf-4078-70b6fc86f489,1,519181,519231,534506,539077,15275,15325,50,0,0,0
534583,ab34c422-edce-e0f8-4404-f2cf764c0590,1,519136,519171,534583,539272,15412,15447,35,0,0,0
534595,c396d1eb-a352-73a7-f2ec-53a9884aa39e,1,519198,519231,534595,530522,15364,15397,33,0,0,0
534563,cacc2b3f-9e48-38c1-7933-6ce7568d453d,1,519206,519231,534563,537989,15332,15357,25,0,0,0
534678,fa2bf405-a66a-9854-3e2a-f5685fcdd9a0,1,519122,519171,534678,530385,15507,15556,49,0,0,0
534682,998e0850-1626-7c74-2678-9663c80040ea,2,532035,532044,534682,534302,2638,2647,9,0,0,0
534692,8f1540a2-18c9-08c2-2a08-648cf703171c,2,532090,532104,534692,535748,2588,2602,14,0,0,0
534715,117581d1-c711-e43a-2f5a-e075094c127e,1,519144,519171,534715,533926,15544,15571,27,0,0,0
534782,98d5c9e0-6cc8-017e-7014-ca8477df1f77,2,532149,532164,534782,534822,2618,2633,15,0,0,0
534799,f4516837-c0f0-df5c-bc68-c7e5fc10bbd7,2,532205,532224,534799,535606,2575,2594,19,0,0,0
534891,7328aaa4-6198-6dd5-a561-8057f9ef8ca1,1,519116,519171,534891,541338,15720,15775,55,0,0,0
535000,8be1af46-cd98-d46d-4828-cb71af886b9a,2,531960,531984,535000,534086,3016,3040,24,0,0,0
535174,17816099-1d7c-3864-b222-3847b452ae5c,2,532071,532104,535174,533850,3070,3103,33,0,0,0
535236,378c0bde-f19c-2703-7b7d-57a6cdde9ec8,2,532186,532224,535236,536010,3012,3050,38,0,0,0
535253,e238c196-00ea-7983-b57a-ed5bb3f61dce,2,531946,531984,535253,533644,3269,3307,38,0,0,0
535366,0a0a1936-84bb-d6ec-560e-97309b33c381,1,519115,519171,535366,539697,16195,16251,56,0,0,0
535388,a40b8d4c-0e82-b45f-ebab-c272e2d48ede,2,532017,532044,535388,536284,3344,3371,27,0,0,0
535469,4d1fd9aa-8232-af19-2660-0aa97929ff0b,2,532053,532104,535469,536073,3365,3416,51,0,0,0
535518,bb38a690-37d4-5a28-3e44-eb734dd15fc1,2,532129,532164,535518,535289,3354,3389,35,0,0,0
535525,cf5b5114-1b59-358a-3b93-657c62ea9b85,1,519149,519171,535525,540215,16354,16376,22,0,0,0
535566,9922e74c-0edb-038a-aa57-0c385f81989b,2,532166,532224,535566,536427,3342,3400,58,0,0,0
535657,3bec27eb-1e80-02df-aef8-27dc8f8ac229,8,242620,242620,535657,574003,293037,293037,0,0,0,0
535648,ccd31016-eb00-38f3-348a-e9161f6e64f6,2,532241,532284,535648,533932,3364,3407,43,0,0,0
535705,d37961ed-66f0-7107-1422-c81aac513071,1,519112,519171,535705,541101,16534,16593,59,0,0,0
535776,87ac59b1-34b6-68f6-6857-8f24102d7d5c,1,519181,519231,535776,532866,16545,16595,50,0,0,0
535798,2896e684-f10f-d455-762b-5278a6e2e063,1,519169,519171,535798,542685,16627,16629,2,0,0,0
535890,de148418-748f-648c-9404-3c93ec3eabcb,2,531997,532044,535890,534804,3846,3893,47,0,0,0
535889,dbc13cfa-1b3e-2c12-0ef5-c99486ee04cb,1,519140,519171,535889,539802,16718,16749,31,0,0,0
535941,290ac04f-0a39-e3a7-ce62-1c9b2dc9b66d,1,519163,519171,535941,534148,16770,16778,8,0,0,0
535998,a9003c9b-15c5-764e-dad5-3bfff21a5532,1,519126,519171,535998,540934,16827,16872,45,0,0,0
536021,5d6c174c-1f24-5cbb-695b-4e9e5d21854e,1,519168,519171,536021,535332,16850,16853,3,0,0,0
536029,e750da5e-4aa1-45fc-9edb-59b624123d63,2,532111,532164,536029,537790,3865,3918,53,0,0,0
536053,395e5bfa-c554-423e-67c7-53e121a2fe53,1,519160,519171,536053,540441,16882,16893,11,0,0,0
536034,c8be381d-2e63-01ab-8e67-2e35c95cb227,1,519185,519231,536034,530250,16803,16849,46,0,0,0
536114,62c8879b-2aa6-ca52-764a-7d06d8a7cc6c,2,532222,532224,536114,536343,3890,3892,2,0,0,0
536153,d2b0674c-ea86-071b-06b2-09f40d65af9f,1,519160,519171,536153,531153,16982,16993,11,0,0,0
536161,50ea4930-8831-2e7b-0562-ceef9c3d5c13,1,519197,519231,536161,535581,16930,16964,34,0,0,0
536159,1a68566e-1866-5fb8-bd6e-9d590d83f548,1,519201,519231,536159,537212,16928,16958,30,0,0,0
536280,e7cfc086-338f-7a03-712f-a21d67957e45,1,519146,519171,536280,528863,17109,17134,25,0,0,0
536289,fcd1f894-42a1-266e-38ec-5fe7db43bfcc,1,519133,519171,536289,536268,17118,17156,38,0,0,0
538598,c44866e1-88d8-8b87-caab-6cb0a73d3837,8,420286,420286,538598,565026,118312,118312,0,0,0,0
542515,023add21-4655-d667-2e4a-0c00dcc92a6f,2,539023,539023,542515,542191,3492,3492,0,0,0,0
542524,684aa50c-fe78-0982-aa5e-89f5c9e397f1,2,539077,539083,542524,543717,3441,3447,6,0,0,0
542598,d2c1a687-b068-fd4e-854e-3d907903b333,2,539133,539143,542598,543627,3455,3465,10,0,0,0
542738,b86aaa12-ff8c-e0b1-b639-1e1fc336a9a4,2,539249,539263,542738,541104,3475,3489,14,0,0,0
542759,d9227c05-e3f9-71de-ecef-faf8774502d6,2,539193,539203,542759,541407,3556,3566,10,0,0,0
542789,cfe5b327-1751-e8a7-34f3-e092b4caba91,2,539304,539323,542789,542797,3466,3485,19,0,0,0
542885,8000dfa7-7499-f645-04ac-d544c9ed2b44,2,539061,539083,542885,542896,3802,3824,22,0,0,0
542894,1ef028d4-91ae-d7be-3aab-712fe3ec71dc,2,539119,539143,542894,542742,3751,3775,24,0,0,0
542907,e5c49e45-464d-f2bc-613c-a456a1b2f60e,2,539230,539263,542907,541337,3644,3677,33,0,0,0
542999,cc3e78c7-4f9f-9567-6064-461f1bde6b24,2,539042,539083,542999,541908,3916,3957,41,0,0,0
542999,a4a0b72b-568a-e653-af3c-d9e9cd8f34e1,2,539172,539203,542999,541314,3796,3827,31,0,0,0
543043,be73b397-ebc7-ed95-c3bc-7c808d1c846d,2,539559,539559,543043,541783,3484,3484,0,0,0,0
543107,a02b9625-ebef-f37d-7443-89ab52d67d34,2,539151,539203,543107,541495,3904,3956,52,0,0,0
543073,1ee3c44c-23ad-a914-46f5-91d235c5e13a,2,539342,539383,543073,543670,3690,3731,41,0,0,0
543171,8be4d377-f2ee-2d3a-0f6c-dc628cd331c9,2,539287,539323,543171,543076,3848,3884,36,0,0,0
543142,b7a51566-a825-c48b-9c8c-bbe90bcfa66b,2,539612,539619,543142,542319,3523,3530,7,0,0,0
543185,04c1994b-e3f0-6d9e-330c-c047a156bb5e,2,539674,539679,543185,543466,3506,3511,5,0,0,0
543206,1a8c09c0-ee14-76a6-284e-0d363800c4ae,2,539726,539739,543206,543527,3467,3480,13,0,0,0
543280,30087906-6b14-08e1-474f-b690beef53af,2,539098,539143,543280,542287,4137,4182,45,0,0,0
543259,6ec354d6-926d-c899-82bb-6973903b8c02,2,539268,539323,543259,542660,3936,3991,55,0,0,0
543322,76d70b16-076b-f4db-ffd9-edb921ed3678,2,539777,539799,543322,543710,3523,3545,22,0,0,0
543390,1658568a-6bd1-1c45-c6ec-4c32763bf188,2,539597,539619,543390,543368,3771,3793,22,0,0,0
543377,b7f1df10-b51a-866a-bf42-10c83a8eaa54,2,539656,539679,543377,541936,3698,3721,23,0,0,0
543408,cf42a10a-af29-1d10-da43-56802eb48484,2,539834,539859,543408,544001,3549,3574,25,0,0,0
543509,1f023a8d-2552-5baa-ff03-34eadca358dd,2,539760,539799,543509,541615,3710,3749,39,0,0,0
543523,e23addf8-e001-8dd4-d592-0ff39a37749b,2,539214,539263,543523,541796,4260,4309,49,0,0,0
543604,08a9d72e-e7bf-0436-a33d-c51a223ccf0a,2,539575,539619,543604,542144,3985,4029,44,0,0,0
543614,5d63c249-9bf8-fe15-f383-b76a06b5e33b,2,539707,539739,543614,544890,3875,3907,32,0,0,0
543655,7e3179ae-5be2-e81b-a15d-cc5e36cc1aae,2,539324,539383,543655,542909,4272,4331,59,0,0,0
543707,1e26983d-4a3d-c37a-78b6-0924c02a877a,2,539690,539739,543707,544896,3968,4017,49,0,0,0
543690,900d3716-1f86-9ae3-cbb3-30832e270020,2,539819,539859,543690,545182,3831,3871,40,0,0,0
543707,2fdb2aac-744d-0171-5115-7a3f97a6f464,2,539877,539919,543707,543048,3788,3830,42,0,0,0
543795,15f9e2ac-c4d9-12cf-22c7-0fb39c222b9c,2,539795,539799,543795,544514,3996,4000,4,0,0,0
543913,a7391c75-6ecf-29e2-a4e6-ad8628d61f28,2,539639,539679,543913,543075,4234,4274,40,0,0,0
543995,2485198f-1083-fa3b-f069-254435837edb,2,539743,539799,543995,543576,4196,4252,56,0,0,0
544136,62167a83-fcdf-33a9-4668-5ceb484289cf,2,539861,539919,544136,544272,4217,4275,58,0,0,0
553866,d011c4bb-49a1-a94a-7928-04fa6572e66e,4,516805,516805,553866,545577,37061,37061,0,0,0,0
558912,81ae1185-9637-b296-1540-2872448b4c3e,2,555418,555418,558912,558861,3494,3494,0,0,0,0
559058,5361f18d-f479-0860-3d4d-2e5aae6083d2,2,555478,555478,559058,559400,3580,3580,0,0,0,0
559150,a7588253-9d32-f5b3-4b6b-a647f7c2da50,2,555548,555598,559150,558615,3552,3602,50,0,0,0
559177,1dc744c3-2538-4a11-4ba7-fcb7bb2dec92,2,555617,555658,559177,559320,3519,3560,41,0,0,0
559224,6fc6fa3d-676f-e489-a892-151ba200fd04,2,555695,555718,559224,560809,3506,3529,23,0,0,0
559244,7cdfa0ed-a2e2-ebc4-9ef9-2887e98982e9,2,555759,555778,559244,559816,3466,3485,19,0,0,0
559318,f00e60fe-ef0f-7b2e-91cd-8993d7c6c43a,2,555460,555478,559318,557767,3840,3858,18,0,0,0
559291,ba7c93fe-5d59-32d7-91ec-7d1fb9d48ff6,2,555523,555538,559291,561021,3753,3768,15,0,0,0
559390,c83531ab-800d-147d-ccc4-3de3e9e572a6,2,555437,555478,559390,559314,3912,3953,41,0,0,0
559366,68c55dd7-6f42-3a5d-66b7-989affa1a0bd,2,555592,555598,559366,558034,3768,3774,6,0,0,0
559429,54ec8e86-c931-af75-0576-e22477cb2a07,2,555672,555718,559429,561178,3711,3757,46,0,0,0
559506,daa87a69-f246-cd32-c74e-05e023500845,2,555567,555598,559506,561339,3908,3939,31,0,0,0
559565,2d94068d-3a7c-aa14-ce7e-8aa48542b378,2,555805,555838,559565,561354,3727,3760,33,0,0,0
559616,222321c3-4d0f-1027-6743-1d1e4630bd73,2,555739,555778,559616,561180,3838,3877,39,0,0,0
559696,e2932127-e21d-c7c0-33b6-067cad541304,2,555502,555538,559696,557758,4158,4194,36,0,0,0
559722,9f86e7ef-c105-5c63-ac24-da9cb231f91b,2,555721,555778,559722,559193,3944,4001,57,0,0,0
559818,fd07f0dc-bfe5-228f-018b-68133b2de727,2,555642,555658,559818,559335,4160,4176,16,0,0,0
559994,062e17cf-64f9-2f1f-8565-dd8590fc7caf,2,555780,555838,559994,560376,4156,4214,58,0,0,0
566098,a2a88135-6089-dca5-b17f-0235bf31dfa3,8,481234,481277,566098,559806,84821,84864,43,0,0,0
566251,66e34188-25d8-0fba-bba1-473efc0d55e4,8,481217,481217,566251,596374,85034,85034,0,0,0,0
571858,549308e6-b737-1dcf-3e64-427906857ec7,1,567289,567343,571858,572588,4515,4569,54,0,0,0
571918,ec7d2047-009f-8e7c-62b4-009b625974f2,1,567293,567343,571918,570022,4575,4625,50,0,0,0
571886,b87309d1-e887-8847-a84e-9d055bc3a3c3,1,567297,567343,571886,572672,4543,4589,46,0,0,0
571868,c864fff0-7f87-952d-f21c-7a2470235988,1,567297,567343,571868,571940,4525,4571,46,0,0,0
571871,a907b86d-0d77-f547-0288-566e2fa98528,1,567300,567343,571871,572251,4528,4571,43,0,0,0
571930,fdd4acec-97f0-58f1-7de2-8a347d88ffd9,1,567301,567343,571930,572239,4587,4629,42,0,0,0
571927,0c1d2d40-cd62-0329-76bc-884d6a220453,1,567306,567343,571927,573209,4584,4621,37,0,0,0
572019,7c21a12f-c1f7-2659-5ff7-bea702e347c5,1,567309,567343,572019,573651,4676,4710,34,0,0,0
572460,f3518583-db79-274d-b22b-c98ac329b2e1,1,567287,567343,572460,574362,5117,5173,56,0,0,0
572486,ff4f1524-7cec-66fd-62a7-423dd538789d,1,567284,567343,572486,573885,5143,5202,59,0,0,0
572499,5af8c85c-c7e3-13d4-f84c-10ae4d1bf4ee,1,567307,567343,572499,570482,5156,5192,36,0,0,0
572559,515c281c-3a89-8717-9006-76086ead4d07,1,567287,567343,572559,569979,5216,5272,56,0,0,0
572555,5cb4cf1e-7064-2d1c-c969-ca1e125e57f8,1,567297,567343,572555,573427,5212,5258,46,0,0,0
572567,9330e557-ae76-6710-cda7-3dfd73199486,1,567298,567343,572567,572669,5224,5269,45,0,0,0
572606,da9361ee-fac3-58df-793a-4511f0b70a10,1,567283,567283,572606,573943,5323,5323,0,0,0,0
572599,32999658-7955-38f9-56cd-ef5781af3570,1,567286,567343,572599,573398,5256,5313,57,0,0,0
574429,8f7d3977-55df-2c2c-e499-64b893fdd7b6,1,567288,567343,574429,574841,7086,7141,55,0,0,0
574483,c2b3d60d-03a9-7dd5-b8ce-9497f71d9bdd,1,567304,567343,574483,574296,7140,7179,39,0,0,0
574545,f4774b9e-fd2d-9e07-d749-2bfa0e1fb93b,1,567294,567343,574545,574742,7202,7251,49,0,0,0
574508,30555537-1a8d-2f09-9bda-7957a4913850,1,567299,567343,574508,574672,7165,7209,44,0,0,0
574542,d064aec4-7d64-c2f4-ce2b-bae977e2a853,1,567303,567343,574542,574302,7199,7239,40,0,0,0
574612,62b51691-eebf-738f-78ce-6a2e74ba0303,1,567291,567343,574612,571223,7269,7321,52,0,0,0
574666,217676f9-41f2-e43f-ff36-dae4a8efa17b,1,567298,567343,574666,576842,7323,7368,45,0,0,0
574631,0e9b7654-4964-23d7-3ae7-321d45927d7b,1,567310,567343,574631,577045,7288,7321,33,0,0,0
575502,e5ff67bd-c019-3eea-cd78-3955cbd63b76,1,567284,567343,575502,574040,8159,8218,59,0,0,0
575548,26f2dc1d-f7e4-4565-abe2-e0c32180593b,1,567285,567343,575548,578699,8205,8263,58,0,0,0
575552,4a35b351-07c2-93a3-9fb0-6de384445979,1,567287,567343,575552,577070,8209,8265,56,0,0,0
575536,db06d394-4cdb-0401-200d-c2e5bb91a8d7,1,567288,567343,575536,573131,8193,8248,55,0,0,0
575535,d51f6a79-cb86-dac6-40fd-759d24f6e2e4,1,567309,567343,575535,575212,8192,8226,34,0,0,0
575536,fcd6a254-8b60-86f7-c141-e231c6028bf2,1,567312,567343,575536,574413,8193,8224,31,0,0,0
575586,358048c8-cb2e-5e7b-8b8d-cd0928ad858b,1,567287,567343,575586,577870,8243,8299,56,0,0,0
575585,b97040b1-6f43-deb1-7076-0c8bf368a3ad,1,567307,567343,575585,574866,8242,8278,36,0,0,0
576791,b8e69ea0-d3ae-b703-f1f1-dccd8f4457d1,4,516806,516865,576791,553640,59926,59985,59,0,0,0
583608,4f605be5-1ceb-ef60-9b82-19d685a16fff,4,518874,518874,583608,555185,64734,64734,0,0,0,0
588491,7044ba30-a39e-a577-90b8-678fc7df70bf,2,454475,454475,588491,582837,134016,134016,0,0,0,0
590467,f6f7b1a6-6f2b-1f1c-b9e3-4b59492520fa,1,468778,468778,590467,569196,121689,121689,0,0,0,0
590704,0ac9ae1f-32f2-c2bd-b3ec-e1d25d9ff9b7,1,589909,589966,590704,590435,738,795,57,0,0,0
590820,2ea3cc22-5e29-0303-d5fb-d7a92eeefaa3,1,589906,589906,590820,590685,914,914,0,0,0,0
590952,013acfd5-bdae-84f7-1fa8-ad6e4dedee48,8,464400,464400,590952,615155,126552,126552,0,0,0,0
590978,4c9d800c-fee6-dfed-10dc-9f01b25d870e,1,589908,589966,590978,591030,1012,1070,58,0,0,0
596203,e2b627dd-d98a-c77a-ef14-493fa954544a,8,464403,464460,596203,641371,131743,131800,57,0,0,0
596857,529b572a-d071-1028-063b-5c888f9577ab,8,464400,464400,596857,534871,132457,132457,0,0,0,0
600902,f6e043ea-90df-a428-6893-ecc34ee8b4e1,4,506415,506415,600902,575199,94487,94487,0,0,0,0
603134,7bcffb70-eb55-2e46-155d-5d667d9cf4dc,1,599499,599499,603134,602219,3635,3635,0,0,0,0
604263,6350ad5b-0179-2925-a30f-bce80220a69b,1,602806,602818,604263,604001,1445,1457,12,0,0,0
611017,cf9283d0-62ea-916f-13f8-b8c2c4b4bde7,1,512292,512292,611017,652678,98725,98725,0,0,0,0
611592,03d27257-c2bf-d6b0-e766-e5bc3ee3dbb1,8,456861,456861,611592,665927,154731,154731,0,0,0,0
612422,6c666bde-134c-41a7-7351-c8c153ce8a6f,8,509757,509757,612422,654955,102665,102665,0,0,0,0
612728,e4866919-b415-05e0-bd93-07c69ab14ac1,8,438032,438068,612728,532738,174660,174696,36,0,0,0
613412,d535e002-c644-9da6-3c4a-9818edaafa16,8,424056,424056,613412,518885,189356,189356,0,0,0,0
613793,71a49adc-0929-9ce2-98cd-ee686c5b4949,1,610303,610303,613793,615430,3490,3490,0,0,0,0
616951,b4d187f8-6f65-ef35-01ce-71906eaab6c5,8,616207,616207,616951,616677,744,744,0,0,0,0
617337,a8933140-69d2-cfc1-006c-ee25c397a24b,8,479762,479818,617337,565939,137519,137575,56,0,0,0
624407,b028c6f7-01b2-d1ec-ab79-e17232abfe4a,1,620637,620637,624407,622620,3770,3770,0,0,0,0
624894,2d7a9eb9-3594-6c63-3f93-34b4e9cbc5f6,8,513744,513744,624894,628806,111150,111150,0,0,0,0
628544,c391b487-da79-f51f-55ec-e99bd3f74678,8,354901,354901,628544,540387,273643,273643,0,0,0,0
631117,73fab8d7-eceb-ca58-f247-6bb402b784ae,8,355094,355140,631117,563980,275977,276023,46,0,0,0
632847,5122035f-d52e-b1d7-66bd-5bbb4a084d87,2,630248,630248,632847,633512,2599,2599,0,0,0,0
632854,55395f92-913a-4e7c-bcb2-725b21579cce,2,630302,630308,632854,633079,2546,2552,6,0,0,0
632966,2f09f78e-b748-1ec8-c284-06db42a0a82a,2,630355,630368,632966,631754,2598,2611,13,0,0,0
632925,6caa2e6e-2389-f181-4dd1-9a3fc4732847,2,630412,630428,632925,631703,2497,2513,16,0,0,0
633025,95726342-5073-10ae-403a-ecab2a50a607,2,630468,630488,633025,632530,2537,2557,20,0,0,0
633060,c93f96bb-4ed4-269f-c883-c5b2e3448e67,2,630530,630548,633060,633858,2512,2530,18,0,0,0
633306,96cc9089-131b-661a-2e1e-c4ba5732af79,2,630283,630308,633306,632262,2998,3023,25,0,0,0
633414,27cc5183-ef2c-31cf-586b-f01b9c17d8bf,2,630396,630428,633414,633404,2986,3018,32,0,0,0
633465,2c199a07-f14a-d1e9-9c1e-5da5b66b85cd,2,630509,630548,633465,634263,2917,2956,39,0,0,0
633572,cc7c1df5-c125-0ee8-183d-a490d853dd9e,2,630265,630308,633572,632253,3264,3307,43,0,0,0
633720,2b8f7bed-04ec-b63c-cfc5-8193f09df7bf,2,630378,630428,633720,633123,3292,3342,50,0,0,0
633727,98178813-04f9-f266-ba78-6831fa53c737,2,630337,630368,633727,632893,3359,3390,31,0,0,0
633725,84d65539-bf27-4ecc-62a9-c746d593e402,2,630452,630488,633725,633534,3237,3273,36,0,0,0
633853,b10dc2ac-5b78-c8cc-46f3-3d79b77fc2bc,2,630487,630488,633853,632576,3365,3366,1,0,0,0
633924,f8a06572-20c8-8a4d-4392-c4022a2621c1,2,630570,630608,633924,634520,3316,3354,38,0,0,0
634235,b169b249-e792-7a73-a517-95e0cc46748b,2,630320,630368,634235,632857,3867,3915,48,0,0,0
634314,60194840-a730-79a0-4142-c2b6269d14ec,2,630431,630488,634314,635114,3826,3883,57,0,0,0
634468,78f55528-530b-ff95-67e8-bd8a309e7c75,2,630556,630608,634468,635861,3860,3912,52,0,0,0
635809,6db60b4a-2e59-5b71-0b25-15b278440f19,1,635005,635005,635809,635414,804,804,0,0,0,0
643151,a4862510-83f5-da4a-a294-7417b5251bb2,8,642406,642406,643151,642917,745,745,0,0,0,0
648789,7dd39ed5-fb2c-5668-8a48-8b220e0cee52,8,528836,528878,648789,622626,119911,119953,42,0,0,0
648809,d91269e4-d4fa-cce2-8cd3-259b139df2f3,2,646286,646286,648809,649034,2523,2523,0,0,0,0
648923,2797b40d-e115-397b-077c-b8b780bac90a,2,646364,646406,648923,649559,2517,2559,42,0,0,0
649000,f95ba2a7-5fbf-bcc0-76f1-7b644c8efee2,2,646515,646526,649000,647827,2474,2485,11,0,0,0
649033,746d4c2b-42d4-a987-d11a-7e6dbd2ab63e,2,646441,646466,649033,648186,2567,2592,25,0,0,0
649129,d981dd44-f1f5-af55-8b2b-3562a90952b9,2,646584,646586,649129,650208,2543,2545,2,0,0,0
649224,e8b6678a-e1f6-1e9f-99dc-ef9f4a76d529,2,646664,646706,649224,648962,2518,2560,42,0,0,0
649261,c955f70e-90e9-b76b-7475-08a4df5e077c,2,646342,646346,649261,650381,2915,2919,4,0,0,0
649503,e7c81a53-0b92-736a-b1b7-606a8a68746b,2,646485,646526,649503,648996,2977,3018,41,0,0,0
649641,f06ae966-1159-3db0-4582-76aaa9bf97c2,2,646312,646346,649641,650876,3295,3329,34,0,0,0
649646,a5321596-8f2e-f33e-c474-267d9e661333,2,646639,646646,649646,649565,3000,3007,7,0,0,0
649775,66cfdcdf-2da7-e205-2a07-ff85a398d38a,2,646464,646466,649775,649084,3309,3311,2,0,0,0
649816,998bf90f-7849-5abb-3ef0-6bdd5ee462a3,2,646415,646466,649816,649439,3350,3401,51,0,0,0
649903,9ab38e23-a0f8-3e6d-7fb6-4391405eb438,2,646613,646646,649903,648619,3257,3290,33,0,0,0
649976,806e0d56-0c68-c0d1-6c00-bdeb38237f60,2,646563,646586,649976,651340,3390,3413,23,0,0,0
650078,54f401aa-d654-d7ad-1eae-5acd90ce88df,1,621388,621446,650078,645396,28632,28690,58,0,0,0
650143,82877aa9-9119-095e-2ff5-cd1ecec159da,2,646711,646766,650143,650817,3377,3432,55,0,0,0
650200,67c184fe-db3e-9182-9143-02d95a19a86a,1,621389,621446,650200,644735,28754,28811,57,0,0,0
650284,71b032ac-4f62-e774-6712-0660d85e43ba,2,646391,646406,650284,650206,3878,3893,15,0,0,0
650357,1739c903-7e7c-f204-45cf-c79805dd09b6,2,646780,646826,650357,650268,3531,3577,46,0,0,0
650419,df2e9731-4712-ef99-a8d1-13884ca7b08d,2,646842,646886,650419,650677,3533,3577,44,0,0,0
650530,3d5e65e2-1ae8-edff-9a61-385264d4ec8d,2,646921,646946,650530,648948,3584,3609,25,0,0,0
650554,30b004c8-7e32-a465-e7da-cff45f5f9ee1,2,646539,646586,650554,648499,3968,4015,47,0,0,0
650533,e1d2f4ec-2304-05d2-abe9-599384354724,2,646993,647006,650533,651347,3527,3540,13,0,0,0
650613,badb8886-b178-1750-a1bf-736272881c02,2,646690,646706,650613,649706,3907,3923,16,0,0,0
650659,4544e614-675d-4ecc-8811-daa34aac260a,2,646818,646826,650659,650369,3833,3841,8,0,0,0
650662,9527c421-a5ce-da45-a148-7f11729c885b,2,647073,647126,650662,651229,3536,3589,53,0,0,0
650705,b84f38e3-f285-090c-7bea-928c0b58c283,2,647149,647186,650705,649049,3519,3556,37,0,0,0
650770,42a45f22-9dd2-1c86-c0bb-81b361793a4b,2,646893,646946,650770,650825,3824,3877,53,0,0,0
650798,fdce683f-9c40-b89c-7bb3-a0cff70af7e6,2,646800,646826,650798,652068,3972,3998,26,0,0,0
650886,9917a131-892c-7073-0773-f06bc22e9fd0,2,647045,647066,650886,649795,3820,3841,21,0,0,0
650847,94bcc25c-5a08-8d54-7fd0-8bd9ea425159,1,621387,621446,650847,645604,29401,29460,59,0,0,0
650914,e1a94b11-bddf-da79-055d-13d8410af3aa,2,646964,647006,650914,651496,3908,3950,42,0,0,0
650986,e51230da-23ed-7d5a-96e6-48c43274e945,2,647121,647126,650986,652413,3860,3865,5,0,0,0
650983,34104ad4-d525-4019-09a8-ecc0743106c5,2,647197,647246,650983,649385,3737,3786,49,0,0,0
651080,448851a4-1e74-02a7-1d49-c1e831468c86,2,646948,647006,651080,652217,4074,4132,58,0,0,0
651096,ffed587b-1d0b-e901-56c2-a9f5d277f234,2,647095,647126,651096,652851,3970,4001,31,0,0,0
651188,eee6baba-05ec-3a27-ed47-2ee66315a7a5,2,646866,646886,651188,649134,4302,4322,20,0,0,0
651312,bfb65dfb-4c5b-0d93-7353-d4f7c78e7c95,2,647019,647066,651312,649613,4246,4293,47,0,0,0
651410,9c1f9af2-b921-8281-9d4c-8aea8fb13988,2,647175,647186,651410,650931,4224,4235,11,0,0,0
652516,d07550e6-4ea8-a7e3-98b0-920bfcbc0fe7,4,609300,609300,652516,633358,43216,43216,0,0,0,0
654042,6f028312-0086-71c4-671c-56dc3ecd86e1,8,479758,479758,654042,699856,174284,174284,0,0,0,0
655398,671c75bb-149a-3cdc-16d5-f493f978e7e3,1,626648,626648,655398,648395,28750,28750,0,0,0,0
655478,070c8cbf-cc9a-2810-a0be-1e4c61b4ab1f,1,626648,626648,655478,651816,28830,28830,0,0,0,0
657339,8f3e9688-f704-91d4-7cd9-419e71223c3e,1,621389,621446,657339,658699,35893,35950,57,0,0,0
657608,d7cf1287-2b77-6766-dcec-52f75907013b,1,621386,621386,657608,640602,36222,36222,0,0,0,0
658077,777cbc71-97f7-ae69-7068-1b585da505ba,8,528818,528818,658077,653490,129259,129259,0,0,0,0
661465,a996a51f-1ebc-b7c8-6dcf-32509d5513e5,8,596753,596753,661465,684241,64712,64712,0,0,0,0
662687,d3b26d71-179e-72a1-6f7d-96fba84b313c,1,626648,626648,662687,662447,36039,36039,0,0,0,0
663255,4b5aea31-4b7d-cbf0-4e79-5bd961078683,1,626648,626648,663255,662842,36607,36607,0,0,0,0
664473,b3fc581f-1590-415a-4028-f99c96f30066,8,541179,541179,664473,624985,123294,123294,0,0,0,0
665826,097510f9-3f14-8ba8-0899-392e6499cdb0,1,633941,633973,665826,664095,31853,31885,32,0,0,0
666112,7bd2f483-a9e7-b853-dfca-89f87818ee55,1,634018,634033,666112,661876,32079,32094,15,0,0,0
666635,aa86e1e0-79d9-c41d-407d-6000e981bad2,1,633892,633913,666635,655688,32722,32743,21,0,0,0
666698,1dfc701d-2b88-46dd-59f2-3cd517450f7a,1,633976,634033,666698,662202,32665,32722,57,0,0,0
666960,a324da5e-28d1-543e-f12e-6f93ebc8619d,1,635152,635152,666960,651648,31808,31808,0,0,0,0
667228,90b81c89-1f78-73a7-c7b7-10b1edbb238c,1,635198,635212,667228,670672,32016,32030,14,0,0,0
667478,94348adc-2b41-174a-8169-097d308bf7ee,1,635310,635332,667478,661052,32146,32168,22,0,0,0
667645,3a55ef88-7903-4c49-ef6e-20d69e16e51f,1,635273,635332,667645,667904,32313,32372,59,0,0,0
668067,2f30f330-3cb8-b620-f472-ed29d9baebfb,8,479758,479758,668067,705606,188309,188309,0,0,0,0
668208,ec1e4c1e-69e4-a738-eca1-1739893e2f65,1,636862,636911,668208,668087,31297,31346,49,0,0,0
668821,195c5539-00c4-dad7-4252-becc29c8a11c,1,636936,636971,668821,674256,31850,31885,35,0,0,0
668845,c9fe5dc3-3ce4-61bb-501b-e2a25a93b70b,1,636902,636911,668845,658689,31934,31943,9,0,0,0
669211,858b08b9-02d3-e431-4984-15222ef82139,1,636755,636791,669211,668808,32420,32456,36,0,0,0
669317,366339e6-dd04-108f-e2aa-403238ed7374,1,635233,635272,669317,677403,34045,34084,39,0,0,0
669339,63e070bd-0f3b-1041-8a7e-a0bafbecd066,1,636788,636791,669339,673761,32548,32551,3,0,0,0
669390,a9cd9f7c-34ce-2128-d830-996b124c2aa5,1,637005,637031,669390,661170,32359,32385,26,0,0,0
669669,67ac15bb-6451-2b32-e821-f142ec6402f0,1,636827,636851,669669,667012,32818,32842,24,0,0,0
669747,d0090eb9-337d-186b-d7d8-908d89cc7058,1,636671,636671,669747,679473,33076,33076,0,0,0,0
669976,6e23ad9c-e117-4c6d-2745-e1471b2d79c8,1,636707,636731,669976,681092,33245,33269,24,0,0,0
674247,3637fd41-fc2a-bc54-1c00-aff1f9ea6710,1,512658,512658,674247,693717,161589,161589,0,0,0,0
675795,071f8c12-35df-6330-9122-21a3e0f94ef5,8,550736,550736,675795,718994,125059,125059,0,0,0,0
682412,930b0245-7014-1ac3-21da-1cac64d9a611,8,551420,551420,682412,668333,130992,130992,0,0,0,0
687438,f65bf65d-bb8e-b0b3-0828-4c4608edf437,4,679020,679079,687438,684800,8359,8418,59,0,0,0
688508,f2627b8e-e603-9fc6-29e2-6dbff8bd1fe0,2,684975,684975,688508,689503,3533,3533,0,0,0,0
688577,00902bcc-9b65-d988-60ae-c3799b085860,2,685037,685095,688577,688921,3482,3540,58,0,0,0
688628,69c17b26-b6f8-e6bc-fa95-7514706232cb,2,685101,685155,688628,688479,3473,3527,54,0,0,0
688620,1dd39384-ef15-ebbe-da31-ee73860d89f4,2,685154,685155,688620,687143,3465,3466,1,0,0,0
688664,326a4f3d-9e91-e290-e3c7-833243064eec,2,685080,685095,688664,690310,3569,3584,15,0,0,0
688749,80f75571-7bf3-6bc6-582c-4aebdc8924b9,2,685273,685275,688749,688207,3474,3476,2,0,0,0
688786,6f7ee990-b8f8-9faf-c135-12bfe4e5f5e6,2,685210,685215,688786,689044,3571,3576,5,0,0,0
688877,14622d53-6821-5157-42e8-57550eba6e0c,2,685019,685035,688877,689698,3842,3858,16,0,0,0
688947,14e10a5c-4418-fa9f-54aa-cbf59af85739,2,685000,685035,688947,688119,3912,3947,35,0,0,0
688964,5bb76649-a8d5-cd2f-f20a-9ada1f5f991f,2,685116,685155,688964,687470,3809,3848,39,0,0,0
688971,27375831-5272-15f1-8540-6b283b34a899,2,685136,685155,688971,687990,3816,3835,19,0,0,0
688999,6c7f31ac-1126-788f-ff97-338f98fc2b53,2,685315,685335,688999,687614,3664,3684,20,0,0,0
689048,3e74ca80-d298-eec4-20dd-38fe59bbb2d4,2,685056,685095,689048,688566,3953,3992,39,0,0,0
689043,9102305a-6e4f-d94e-3e3f-e72f4a8b2c33,2,685188,685215,689043,690166,3828,3855,27,0,0,0
689056,b560e0aa-89e8-e4ab-b506-2e58f3ca8f9e,2,685251,685275,689056,689124,3781,3805,24,0,0,0
689108,9c48a129-0d3c-5a5e-6354-d4e0fca13638,2,685233,685275,689108,687676,3833,3875,42,0,0,0
689309,aec94f77-fc41-7912-445b-2572a4585054,2,685294,685335,689309,688686,3974,4015,41,0,0,0
689437,26df8145-22d0-d514-35f2-e7813259448f,2,685170,685215,689437,687739,4222,4267,45,0,0,0
690212,db36ee59-f4ec-799b-eacb-5e086c4f8103,4,679020,679079,690212,691383,11133,11192,59,0,0,0
691869,61cdf869-9254-8bed-bf88-9eb9aa72af37,4,684804,684844,691869,694011,7025,7065,40,0,0,0
692097,c03a2e38-f3db-969e-2f44-18235788076d,4,684805,684844,692097,695548,7253,7292,39,0,0,0
692110,f35eb83d-d95e-2505-9b0c-afaa0c181b1b,4,684806,684844,692110,695395,7266,7304,38,0,0,0
692138,91bf8dfd-7603-3a07-6763-a0f27118d309,4,684808,684844,692138,689664,7294,7330,36,0,0,0
693182,2242f54b-82c9-72ad-e570-f0b534738d4b,8,542738,542738,693182,620698,150444,150444,0,0,0,0
696057,6c20736b-646f-6049-2f0c-35b1a545fad1,4,595508,595508,696057,661485,100549,100549,0,0,0,0
698810,ebe6258a-86f7-d9d6-d629-cb344355f1fd,8,697922,697922,698810,698580,888,888,0,0,0,0
699829,8701af5c-f650-f4f9-437f-554dceedf7ff,4,624057,624057,699829,727174,75772,75772,0,0,0,0
700105,b0aa7c2d-21d5-3174-9195-67ba7c2796bd,1,658311,658361,700105,704573,41744,41794,50,0,0,0
700366,c813bac5-6d52-3ef3-f270-37a0c4544193,1,658464,658481,700366,703168,41885,41902,17,0,0,0
701115,439ad870-d30a-c514-143f-55822ca4b37e,1,658313,658361,701115,698997,42754,42802,48,0,0,0
701737,d3a24770-544b-ed9c-a038-b542ca1e4c54,1,658464,658481,701737,688948,43256,43273,17,0,0,0
702334,72910d4f-5e72-b532-210d-30f41efbfdec,1,658557,658602,702334,704620,43732,43777,45,0,0,0
702496,cf804a25-db7e-e6d6-4e7d-e13ecc0f4f08,1,658313,658361,702496,714450,44135,44183,48,0,0,0
702583,344923f9-e1ff-2a14-adf7-dec39d0e56d2,2,699002,699002,702583,702766,3581,3581,0,0,0,0
702588,cb0aea27-c71d-5100-40b4-b859ae520d8b,2,699064,699122,702588,702129,3466,3524,58,0,0,0
702584,f55fbc72-0abd-7c68-8f88-07e849cc9719,2,699121,699122,702584,703472,3462,3463,1,0,0,0
702679,c7b0c359-9df3-f6e7-ab80-436f9a818e5a,2,699182,699182,702679,701434,3497,3497,0,0,0,0
702747,3e391d56-3c08-25bd-8b44-5cf19d915ba9,2,699238,699242,702747,702050,3505,3509,4,0,0,0
702797,407ae271-3093-2176-ea22-effdf5ac4d0d,2,699295,699302,702797,704478,3495,3502,7,0,0,0
702858,fb14768f-c8ab-fd43-1b79-83490843a95d,4,679021,679079,702858,710255,23779,23837,58,0,0,0
702828,30c8e42f-5c84-b102-4a56-9aa451ac74d1,2,699106,699122,702828,703438,3706,3722,16,0,0,0
702901,f7de8748-6f98-dfd5-24fe-9c8e322d4536,2,699070,699122,702901,701087,3779,3831,52,0,0,0
702980,170165eb-ccbb-4518-45b6-3363668d4653,2,699058,699062,702980,702708,3918,3922,4,0,0,0
703018,f4421c2d-487b-4a61-115c-885080f79d6b,2,699197,699242,703018,703546,3776,3821,45,0,0,0
703025,ddaa5963-8c73-a2bf-c133-c9411ea8fea0,2,699219,699242,703025,703355,3783,3806,23,0,0,0
703108,537594dc-f22b-be18-f0d8-466d841f30c1,2,699142,699182,703108,704392,3926,3966,40,0,0,0
703103,64b52752-4280-f638-8e75-7f67f60ff0e4,2,699279,699302,703103,703669,3801,3824,23,0,0,0
703114,35a53ba4-d8ed-0099-aef7-eda725cb6bc6,2,699332,699362,703114,702171,3752,3782,30,0,0,0
703218,04436133-67af-b0aa-c44a-16c3bf068a87,8,697923,697982,703218,701176,5236,5295,59,0,0,0
703289,8a00731b-b44c-6cd7-6a52-bcbb7b1a7952,2,699258,699302,703289,701933,3987,4031,44,0,0,0
703320,e399dd42-b285-890e-5d67-bb47a45344c2,2,699088,699122,703320,703621,4198,4232,34,0,0,0
703448,46d0a940-bfc8-41bd-6365-9f751b929ec0,2,699201,699242,703448,701480,4206,4247,41,0,0,0
703465,c1f5f800-d6b8-49dc-5528-5169129f8900,1,658371,658421,703465,688485,45044,45094,50,0,0,0
703484,8d81b297-05e1-2f90-f1ce-8afb19e1a526,1,658387,658421,703484,702361,45063,45097,34,0,0,0
703578,6d661971-55a8-f18d-9e03-ceaf214ba8a8,2,699322,699362,703578,702486,4216,4256,40,0,0,0
704222,b05ecdd0-c13c-5008-24d0-c685881275c7,1,658465,658481,704222,726097,45741,45757,16,0,0,0
704494,ec73fdda-8321-5120-e7df-96244285d848,1,658471,658481,704494,686211,46013,46023,10,0,0,0
704939,1b5526c6-0db6-6dc3-d9c9-73ae1cf1aaff,1,658377,658421,704939,692785,46518,46562,44,0,0,0
704958,715543d8-624d-7e33-3607-25fb3f7389c8,1,658312,658361,704958,701537,46597,46646,49,0,0,0
705009,1f477f35-29b7-f5c4-dfdc-875e1988ab02,1,658554,658602,705009,725336,46407,46455,48,0,0,0
705065,4f420357-0bf9-0f4c-780d-cb86d93c154b,1,658546,658602,705065,717106,46463,46519,56,0,0,0
705069,e089ca70-5c48-3eaf-97bf-c68426e1e946,1,658550,658602,705069,698349,46467,46519,52,0,0,0
705550,03e0cda7-56d9-77f3-625c-7850f6e6c566,1,658307,658361,705550,687143,47189,47243,54,0,0,0
705846,38cd2e39-237a-44ed-5074-536b97497ee1,1,658469,658481,705846,716514,47365,47377,12,0,0,0
706792,95c70e06-cb9b-c851-faf6-5e3e405c0062,1,658371,658421,706792,716272,48371,48421,50,0,0,0
708392,54a54e2f-856b-5cdc-c124-cb6e074dc41b,1,658544,658602,708392,689906,49790,49848,58,0,0,0
708412,1f2a65bb-8feb-7257-f0cc-cda146776b8c,8,707163,707163,708412,708555,1249,1249,0,0,0,0
708534,9ed26f3d-6399-7cfe-4815-a8e770456859,1,658470,658481,708534,695114,50053,50064,11,0,0,0
708568,11a63320-7549-c150-d76e-a50aa9c93ec2,1,658543,658602,708568,723909,49966,50025,59,0,0,0
708963,a63a716d-7701-d04e-f4ed-d8e9ab2e14d7,1,658471,658481,708963,718030,50482,50492,10,0,0,0
709422,ff9790f8-c341-1550-ec1d-26643ea02741,1,658315,658361,709422,686422,51061,51107,46,0,0,0
709860,9fdc9b45-cbe1-c681-521f-c6eb487f54bf,1,658376,658421,709860,725130,51439,51484,45,0,0,0
710053,7128df4c-012d-ec00-4f91-0d715db9451d,1,658302,658361,710053,717838,51692,51751,59,0,0,0
710198,64a21c24-121e-187f-f887-e3af954d6cfe,1,658476,658481,710198,705709,51717,51722,5,0,0,0
710352,d0eb9157-c41d-623b-6c2e-fd4d15a974c5,1,658301,658301,710352,735252,52051,52051,0,0,0,0
710449,d6dad678-da95-6391-77c5-187c6b0182ca,1,658301,658301,710449,728468,52148,52148,0,0,0,0
710648,b3f80e22-7500-655d-2aec-21cfd211fba4,1,658309,658361,710648,734133,52287,52339,52,0,0,0
710930,5a74fc99-ece3-9b7c-4a13-5a449f87d36c,1,658465,658481,710930,687136,52449,52465,16,0,0,0
710931,4a168f8c-9820-963f-d9be-45cfc880f5a2,1,658554,658602,710931,685563,52329,52377,48,0,0,0
711554,2e9bc45d-dd88-d31a-d20b-65702a878154,1,658549,658602,711554,695860,52952,53005,53,0,0,0
711791,ce5c2662-798f-942b-2119-e875d8eeb7ff,1,658306,658361,711791,733565,53430,53485,55,0,0,0
711877,97ab6582-b305-1c92-c441-7095fe2e571a,1,658542,658542,711877,698400,53335,53335,0,0,0,0
712013,b40d0f74-e9cb-5aa1-36bd-b0cd24436f1a,1,658374,658421,712013,688565,53592,53639,47,0,0,0
712077,bbd5eeab-229c-69de-023f-35d943db5044,1,658475,658481,712077,734039,53596,53602,6,0,0,0
712123,1e565b5d-7658-3a75-a236-822e2da5a8fa,1,658303,658361,712123,699702,53762,53820,58,0,0,0
712228,bb1b85cf-1212-b95a-f7e0-aa823f0ffceb,1,658478,658481,712228,706037,53747,53750,3,0,0,0
712582,4c5610ef-ac50-a314-063f-91fe1c443215,1,658374,658421,712582,696700,54161,54208,47,0,0,0
712713,d0e60b92-5240-5d4a-c41a-f80d3543252d,1,658554,658602,712713,713814,54111,54159,48,0,0,0
712775,70c6051e-43d2-5a5b-1936-37dead8ea3e9,1,658463,658481,712775,725130,54294,54312,18,0,0,0
713090,9557e65b-d0c3-ad01-0e2c-2f8349420665,1,658371,658421,713090,702087,54669,54719,50,0,0,0
713181,d15e64ed-7425-9685-744e-63f5db877cea,1,658384,658421,713181,687901,54760,54797,37,0,0,0
713773,bf877ad5-2c74-7040-0a59-ad2147a8b558,1,658399,658421,713773,688681,55352,55374,22,0,0,0
714119,3a4a63be-4a4d-7de0-1dfe-6127b4118db1,2,710655,710658,714119,714960,3461,3464,3,0,0,0
714159,6c609ed0-f988-fc28-0824-019e5f70bc92,2,710598,710598,714159,715880,3561,3561,0,0,0,0
714207,484db12a-0b78-6218-905a-ad0b83315ec6,2,710709,710718,714207,715142,3489,3498,9,0,0,0
714455,9b7e49cc-8f61-eb24-590d-d8b0e9c049e4,2,710636,710658,714455,713241,3797,3819,22,0,0,0
714398,73dbb947-23ec-3e24-308b-271970aba0b4,2,710793,710838,714398,715226,3560,3605,45,0,0,0
714455,c064facf-e007-fe7d-005f-4f30dc6b6424,2,710853,710898,714455,714428,3557,3602,45,0,0,0
714440,c01e4934-2a35-34f2-5c5d-52c685b34acb,2,710915,710958,714440,714184,3482,3525,43,0,0,0
714471,7c584834-74bf-0481-7fc7-b9a078de4d52,2,710694,710718,714471,715646,3753,3777,24,0,0,0
714582,78a01a71-eb23-9c06-dc02-bf83a266b287,2,710837,710838,714582,713785,3744,3745,1,0,0,0
714601,41c664c6-8d9f-8fbf-3d62-edc57af6b4da,2,710615,710658,714601,715546,3943,3986,43,0,0,0
714594,3fa992b5-afcf-cd27-15ad-7380cd60a22e,2,710772,710778,714594,713053,3816,3822,6,0,0,0
714655,57413822-f96d-dd30-62b4-ae1037fed84c,2,710894,710898,714655,714940,3757,3761,4,0,0,0
714728,77fc3ef3-1390-081a-9e36-333f66edabb3,2,710751,710778,714728,713404,3950,3977,27,0,0,0
714753,ad236d58-5049-405c-6f7b-99835619a140,2,710953,710958,714753,716339,3795,3800,5,0,0,0
714766,53a0188a-312e-673b-bd65-abbe3baf5a24,1,658380,658421,714766,695084,56345,56386,41,0,0,0
714872,ca5dc9bf-05a9-26d6-ea51-ec9cdfbf05af,2,710871,710898,714872,714635,3974,4001,27,0,0,0
714938,fe8045ee-386c-5fc6-69f7-9a313ea4d0b6,2,710676,710718,714938,714251,4220,4262,42,0,0,0
714944,9da08768-971d-8f8e-4567-ba0adfcfb274,1,658546,658602,714944,689016,56342,56398,56,0,0,0
715009,a0ddc00e-f134-42d6-cea7-2df02528573c,8,697923,697982,715009,713122,17027,17086,59,0,0,0
715102,9b7e1ac0-f660-9b6c-b975-c269730243f1,2,710811,710838,715102,713098,4264,4291,27,0,0,0
715138,08e49fc3-5824-7f94-065d-350b93bde575,2,710932,710958,715138,713032,4180,4206,26,0,0,0
715273,ed070336-fe50-9462-fca4-75001a7b89e6,1,658543,658602,715273,705203,56671,56730,59,0,0,0
715791,496d9ff7-436f-a113-b477-a4a6caf12ee5,1,658310,658361,715791,703819,57430,57481,51,0,0,0
715850,b690c731-0462-d857-6860-c7e4c528843a,1,658471,658481,715850,732477,57369,57379,10,0,0,0
716185,631500e8-e773-e432-3e0d-fb8fc7800e2a,1,658477,658481,716185,719024,57704,57708,4,0,0,0
716267,5f310f4d-5d0e-fc86-39f6-32d666da077b,1,658388,658421,716267,702185,57846,57879,33,0,0,0
716509,add58f1b-02aa-40df-808c-c502e8cc017e,1,658301,658301,716509,739436,58208,58208,0,0,0,0
716627,f6a3de07-8178-2515-1dcf-81eff2b8a69b,4,714395,714395,716627,717500,2232,2232,0,0,0,0
716660,714ddd9f-d604-a354-b23b-c6c838436d94,4,714397,714455,716660,716549,2205,2263,58,0,0,0
716797,40504668-c7e7-c15c-45f8-79c1c44768e5,4,714398,714455,716797,717309,2342,2399,57,0,0,0
716843,b001099f-a269-41b8-a9fb-a94e040f821e,4,714398,714455,716843,715780,2388,2445,57,0,0,0
716935,f8def7d6-81df-b8ae-0eea-e787cf7421d1,4,714397,714455,716935,717575,2480,2538,58,0,0,0
717410,5d66f450-e7e8-92dd-9b6c-685adc79b0b8,8,595837,595837,717410,761397,121573,121573,0,0,0,0
717843,8ebf247b-9980-8b93-e31f-c6250abc400a,1,658377,658421,717843,739731,59422,59466,44,0,0,0
718101,4a90637c-ff61-a0cb-2689-f199d817df99,1,658304,658361,718101,728598,59740,59797,57,0,0,0
718126,0acad2b7-7c7b-1aac-9b63-7ef3a82566aa,1,658383,658421,718126,735774,59705,59743,38,0,0,0
718673,b3a9b3c5-dfff-4477-d85d-9de281aecd32,4,629512,629512,718673,703968,89161,89161,0,0,0,0
718896,f7b471d6-df48-7923-be0b-38e546a8a0b5,1,658471,658481,718896,712229,60415,60425,10,0,0,0
718940,aa307af1-6df9-d561-0033-c34f7a560bdb,1,658551,658602,718940,692184,60338,60389,51,0,0,0
718964,8a8711c5-affd-b912-702f-fd6e5eae840a,1,658304,658361,718964,737202,60603,60660,57,0,0,0
719034,f5ec80b5-c0a4-362b-b565-d8a96aeaa2e7,1,658542,658542,719034,746512,60492,60492,0,0,0,0
719136,e091c920-c478-3252-d678-94d1100b37d4,1,658371,658421,719136,733289,60715,60765,50,0,0,0
719556,9e87204c-491c-aba9-c7e4-85eb404c3b05,1,658545,658602,719556,747725,60954,61011,57,0,0,0
719749,2c5506cb-f772-8a63-c8b4-050ae2b9791c,1,658544,658602,719749,706128,61147,61205,58,0,0,0
720273,04b9b3d3-969b-974c-a535-3c9ece20d40d,1,658371,658421,720273,721457,61852,61902,50,0,0,0
720823,f13b750a-f8c3-2203-f4f3-dfea85e3f0f8,1,658466,658481,720823,734155,62342,62357,15,0,0,0
721127,9f9b4fe6-6af5-ab8f-01e0-fa3f12a87b9d,1,658478,658481,721127,731101,62646,62649,3,0,0,0
721155,9bb068c1-071c-07fe-79ed-9db89bb833d4,8,595841,595897,721155,709928,125258,125314,56,0,0,0
721854,811b2f05-5ba9-376d-43d8-1bac377f3356,8,638214,638214,721854,744244,83640,83640,0,0,0,0
722025,c7db4d53-ff41-7150-a796-c5763f1c8371,4,720850,720883,722025,722052,1142,1175,33,0,0,0
722370,b23df93d-13c3-eea4-b273-ec0fd85dea70,1,658546,658602,722370,705911,63768,63824,56,0,0,0
722829,6dea4a41-f846-a119-a83b-8a6bb07cd1c9,1,658465,658481,722829,704174,64348,64364,16,0,0,0
723130,7e651cdb-099f-4e11-7430-131be9bb7286,1,658381,658421,723130,709194,64709,64749,40,0,0,0
723632,e2e34866-a354-7853-7c07-1ec120a6ca01,1,658301,658301,723632,713498,65331,65331,0,0,0,0
723766,af70988f-8609-91e5-950e-9c54aaf34721,1,658310,658361,723766,749629,65405,65456,51,0,0,0
724057,648165e7-a7b8-6e6b-98fb-7c964abc01bb,1,658383,658421,724057,746782,65636,65674,38,0,0,0
724730,188e8ed4-f8fc-7aa1-cd68-207e000b3ba0,1,658302,658361,724730,712627,66369,66428,59,0,0,0
724999,17b4d201-8c79-590d-4dfb-68611f28d996,1,658552,658602,724999,733800,66397,66447,50,0,0,0
725177,b62113bc-65d2-259d-7740-e56b01ffcb0a,1,658477,658481,725177,714034,66696,66700,4,0,0,0
725548,aa966a34-c274-8e38-e65a-69b9e695e61b,1,658554,658602,725548,752399,66946,66994,48,0,0,0
726338,e2a2dda2-21e0-eb31-5caf-fa0d85872dce,1,658384,658421,726338,745879,67917,67954,37,0,0,0
726397,8859ff44-0c2c-b755-a491-6c9fadb9ec3a,1,658480,658481,726397,697811,67916,67917,1,0,0,0
726421,e5b342f9-f7b7-efc6-7667-46e5b178e5aa,8,725561,725608,726421,726730,813,860,47,0,0,0
727188,2d9a32f8-a590-8a6a-f0ae-cb36fcc269e6,1,658304,658361,727188,729048,68827,68884,57,0,0,0
727546,e92b8a5c-9cad-069b-3dfb-9ac6ba8fc9c1,8,726112,726112,727546,727531,1434,1434,0,0,0,0
728516,57d70f9b-d63f-c3d3-7f70-2d809b9bfa7a,1,658548,658602,728516,718739,69914,69968,54,0,0,0
729053,b8158943-221a-0339-e851-00e85ea30fd7,1,658377,658421,729053,703620,70632,70676,44,0,0,0
731577,d53ada3a-58e0-52e1-5767-1ce37247ac8a,1,725917,725917,731577,729997,5660,5660,0,0,0,0
732796,5b29d881-3e59-9718-e35d-99c43fd6345f,4,679019,679019,732796,757592,53777,53777,0,0,0,0
734205,63f9bbca-2a80-45cd-5321-e9ed30700a49,8,600961,600962,734205,711188,133243,133244,1,0,0,0
736014,64b348b1-8f46-b295-059c-ec1e0b6af030,1,725919,725977,736014,739944,10037,10095,58,0,0,0
736254,32befa68-f6a4-9f0c-cf17-5cf9448c33db,1,690265,690272,736254,714968,45982,45989,7,0,0,0
736461,ab21df64-82f7-5092-beda-008437c166aa,1,690270,690272,736461,747041,46189,46191,2,0,0,0
736586,31f30603-6c7e-044b-8324-17eaee178088,1,690261,690272,736586,738058,46314,46325,11,0,0,0
737070,108763e0-0338-9b6c-3eca-4e6ff5f6b6ed,2,733523,733523,737070,737571,3547,3547,0,0,0,0
737125,2c8c8e08-f88c-20cb-e122-967f1b58ce16,2,733580,733583,737125,737552,3542,3545,3,0,0,0
737229,0b44d4af-b039-851a-6936-51b4e88a1754,2,733640,733643,737229,737586,3586,3589,3,0,0,0
737236,4cf48372-9cf7-32e5-0383-dbdb73258dbd,2,733699,733703,737236,737655,3533,3537,4,0,0,0
737265,387278c5-3a0d-4765-2ba3-4e1a81fba314,2,733820,733823,737265,736659,3442,3445,3,0,0,0
737348,0d9d1713-8c91-ba81-f099-de8d8f552221,2,733760,733763,737348,736741,3585,3588,3,0,0,0
737433,6018fced-54b2-805e-9f0d-444e2a6657da,2,733851,733883,737433,735920,3550,3582,32,0,0,0
737446,13f32ed4-8ed0-d150-c783-1a19c046a1d0,2,733559,733583,737446,736639,3863,3887,24,0,0,0
737485,1f48ab24-98aa-6217-457e-7b014ea0705d,2,733621,733643,737485,737426,3842,3864,22,0,0,0
737582,dbbe3ec6-ff62-1e84-e4e3-227f2d0ea3c7,2,733737,733763,737582,738485,3819,3845,26,0,0,0
737641,3bf031bd-116d-cef3-71ce-303d15c36ee3,2,733677,733703,737641,737432,3938,3964,26,0,0,0
737606,7f89ea7a-2eb9-ace2-69dd-1c31544f7199,2,733972,734003,737606,736332,3603,3634,31,0,0,0
737621,3347a4c7-87aa-f467-a646-5e611239206e,2,734030,734063,737621,737245,3558,3591,33,0,0,0
737616,b256c525-f37c-c462-3956-0828ab90ca8a,2,734093,734123,737616,738036,3493,3523,30,0,0,0
737681,15164cde-6950-535d-f144-05779bb93992,2,733542,733583,737681,737964,4098,4139,41,0,0,0
737698,d8b431c8-1a24-2e2f-5294-b846d9cb4532,2,733659,733703,737698,738924,3995,4039,44,0,0,0
737719,86ebfff8-5e6a-77a5-c664-090235e531d2,2,733894,733943,737719,736789,3776,3825,49,0,0,0
737757,1a40f8a7-760a-0015-8e2e-a7a3f5112fcb,2,734151,734183,737757,738127,3574,3606,32,0,0,0
737788,abb4302b-39a3-cf61-05ee-579504a6f26b,2,734217,734243,737788,736763,3545,3571,26,0,0,0
737791,3107e30c-d655-78ba-4759-0a4c0035464e,2,734279,734303,737791,736464,3488,3512,24,0,0,0
737857,ec8a4788-d141-ffe9-e0b7-491b715dce5e,2,733599,733643,737857,736821,4214,4258,44,0,0,0
737866,45dd7571-5595-20b9-1a9a-d02556388c97,2,733792,733823,737866,737973,4043,4074,31,0,0,0
737879,5722f62d-17f4-6222-f58f-498ba5a02dbc,2,734072,734123,737879,736455,3756,3807,51,0,0,0
737930,f267feec-b0ab-4e69-4742-b16324a2ca97,2,734009,734063,737930,739137,3867,3921,54,0,0,0
737977,cd219934-e5a2-f176-346e-760ded61a15b,2,734134,734183,737977,738230,3794,3843,49,0,0,0
737975,2d26c363-be98-9de4-bad0-3b067ac801d9,2,734194,734243,737975,736421,3732,3781,49,0,0,0
738034,52f4cb79-8535-4673-f8d7-7900edff60f1,2,733718,733763,738034,739475,4271,4316,45,0,0,0
738018,abe719d1-1b4f-0c85-311f-1043ae9156ef,2,733992,734003,738018,738349,4015,4026,11,0,0,0
738103,2cb9d27f-d2fa-13d9-bdb3-72f82768af97,2,734114,734123,738103,739724,3980,3989,9,0,0,0
738100,6566a944-d106-654b-f78c-dcd6821f4418,2,734260,734303,738100,739240,3797,3840,43,0,0,0
738116,77a449ee-c80c-3f02-ef78-ca9fa9f643e3,2,734320,734363,738116,738710,3753,3796,43,0,0,0
738157,f4ce2358-d13f-cc48-48aa-33b6b709b140,2,733873,733883,738157,738303,4274,4284,10,0,0,0
738211,8a35e947-5a1a-84b1-aa2c-f8e470bfe09d,2,734240,734243,738211,739079,3968,3971,3,0,0,0
738293,b81b2a1f-df58-2bfe-731c-9a85ed3a6bba,2,734053,734063,738293,740072,4230,4240,10,0,0,0
738414,a900aa80-4779-a85d-ed19-ce251df617fc,2,734176,734183,738414,738843,4231,4238,7,0,0,0
738538,8ef70156-ed9b-c5e9-163a-229f83b40e3b,2,734297,734303,738538,737151,4235,4241,6,0,0,0
757775,5e998e52-92a0-9cdd-fd01-cd8d479b92dc,8,636152,636152,757775,791389,121623,121623,0,0,0,0
760186,c6ef1e3d-56d7-34e7-276b-77c8066447bd,8,484167,484167,760186,790327,276019,276019,0,0,0,0
763113,10e718bc-145f-d4b1-d9d2-b7fa83ea8d64,8,695378,695378,763113,772110,67735,67735,0,0,0,0
765144,b9c9981b-bb53-2d39-33e5-b26f206ea1b5,8,636089,636089,765144,803848,129055,129055,0,0,0,0
769927,5c3d38c1-6b56-00fd-c79b-a33fe33fb7c3,1,765062,765062,769927,769246,4865,4865,0,0,0,0
779340,5cad30bb-f6ae-c4ee-3f3b-a47fe4855df5,2,775275,775275,779340,779096,4065,4065,0,0,0,0
779414,eb5ebeee-c5f0-1974-960c-c466e1ac1bcf,2,775339,775395,779414,779560,4019,4075,56,0,0,0
779483,f4b57318-af1d-08e7-534b-f17589bc854e,2,775407,775455,779483,777963,4028,4076,48,0,0,0
779573,a95fc0cd-67e2-db37-1413-7ae00c350a46,2,775298,775335,779573,780225,4238,4275,37,0,0,0
779612,0f4b416e-b942-64d6-7760-c0835562f8a3,2,775317,775335,779612,780012,4277,4295,18,0,0,0
779583,061d5212-5ec6-67c8-8475-38d169900a53,2,775445,775455,779583,780380,4128,4138,10,0,0,0
779643,838a09c2-1cdd-c011-7cf4-e47b48de3270,2,775360,775395,779643,779048,4248,4283,35,0,0,0
779675,95b94552-425a-62fc-1802-d925d7ee27ba,2,775380,775395,779675,778111,4280,4295,15,0,0,0
779788,7fd9c675-d904-fe7f-066c-d4d7c6ee9a92,2,775425,775455,779788,780250,4333,4363,30,0,0,0
781052,15d326ae-95ab-ce40-e3a0-c8730ccff865,8,707251,707251,781052,816471,73801,73801,0,0,0,0
783010,5c1e4740-31c3-c611-1359-e8c5d263dcf1,1,778546,778546,783010,780882,4464,4464,0,0,0,0
787017,5ff2d440-0847-b136-ab6f-a925fa7a4937,2,784127,784127,787017,787781,2890,2890,0,0,0,0
787062,342f2b72-0cac-dcbc-77be-cf511c1cb8f8,2,784184,784187,787062,787011,2875,2878,3,0,0,0
787131,1c041db0-458d-111f-44f6-f01c8aa2e010,2,784305,784307,787131,788366,2824,2826,2,0,0,0
787157,65399d75-47e2-8ede-e83e-b503e424e48f,2,784246,784247,787157,786699,2910,2911,1,0,0,0
787250,98ba414d-22b9-e5b5-8afa-7e0c834e4da0,2,784365,784367,787250,787254,2883,2885,2,0,0,0
787312,b9cb19e7-9bd6-8eff-07c8-b488c9182465,2,784424,784427,787312,786659,2885,2888,3,0,0,0
787439,3fca0888-7ba5-4cf5-f83e-8075e01a61c1,2,784168,784187,787439,787078,3252,3271,19,0,0,0
787482,45672b09-f7f0-d99f-0b7b-78b3a04ac82d,2,784288,784307,787482,788030,3175,3194,19,0,0,0
787609,9dc4d731-5c0c-7000-34bc-952a2eca91b2,2,784147,784187,787609,788249,3422,3462,40,0,0,0
787627,3f18e281-0d43-d095-ae53-8cc2cc1afaef,2,784403,784427,787627,787852,3200,3224,24,0,0,0
787740,53868ac3-c58e-98ee-305a-80d7c1f3c430,2,784268,784307,787740,787941,3433,3472,39,0,0,0
787745,d6686747-b399-99f5-4fb5-22cba9758d61,2,784228,784247,787745,788361,3498,3517,19,0,0,0
787842,5f451e1e-a059-0378-a8f4-606d2eb84985,2,784344,784367,787842,789511,3475,3498,23,0,0,0
787842,277868ea-d400-d78c-ee6c-98ae231663a8,2,784388,784427,787842,787050,3415,3454,39,0,0,0
787946,2ec99f9c-a013-b128-b1c1-37b534a8f459,2,784467,784487,787946,788940,3459,3479,20,0,0,0
788255,ac6c507e-35f8-4fb3-28e4-4eb4ecb0f051,2,784207,784247,788255,786464,4008,4048,40,0,0,0
788272,8ff91184-83b2-9d9d-aab8-e2c275319add,2,784326,784367,788272,788197,3905,3946,41,0,0,0
788556,ca6a54db-e9fb-c2d0-7798-21cb77e5249f,2,784445,784487,788556,790093,4069,4111,42,0,0,0
788629,546a6f3b-9259-68c4-be48-4d1feb1cd409,8,782199,782199,788629,786917,6430,6430,0,0,0,0
789611,4c8087d0-f671-c741-2982-7bda5c30db29,4,684784,684784,789611,798845,104827,104827,0,0,0,0
794464,2e328274-78ef-0f12-1c85-c39810d1097e,8,792880,792880,794464,795212,1584,1584,0,0,0,0
795106,23e3bb57-d5c9-5f20-618d-8afd398d2e55,8,782199,782199,795106,793273,12907,12907,0,0,0,0
795365,d66c27d1-9f92-f78a-ec5b-77824960caa9,8,792882,792940,795365,796166,2425,2483,58,0,0,0
795421,17b2004e-550e-9f9c-3f3c-027406e5d95f,1,791072,791072,795421,796089,4349,4349,0,0,0,0
795544,99ca8f7d-5560-9457-4cb6-6b8c6332f68a,1,791102,791132,795544,795863,4412,4442,30,0,0,0
797516,a887306d-7ee7-0329-7559-cea6afc91a20,8,792880,792880,797516,796583,4636,4636,0,0,0,0
799103,92ac4d11-4011-6b7e-34e2-b2f01c8814cd,1,794182,794182,799103,797617,4921,4921,0,0,0,0
804802,7b6df8a4-1be6-c0d2-2c96-7cc940696e09,1,800030,800074,804802,806682,4728,4772,44,0,0,0
805080,a1e2c995-69d2-e185-e8d6-196c995b1540,4,731397,731397,805080,803421,73683,73683,0,0,0,0
805463,cd9114fc-eda7-b72a-2904-5cc28217bdf7,8,707837,707837,805463,798665,97626,97626,0,0,0,0
805699,a4bb1527-0ab9-48f9-f718-14a89eef1db5,1,800756,800756,805699,807288,4943,4943,0,0,0,0
810778,2817df97-efee-96ce-ff91-58e9399612c1,1,690275,690332,810778,859117,120446,120503,57,0,0,0
811430,b485441f-e710-15d0-fd18-b2c9268b6899,8,711317,711317,811430,775505,100113,100113,0,0,0,0
814044,1afb35d4-3213-fa96-774a-b280d8b2e984,8,711128,711128,814044,823320,102916,102916,0,0,0,0
816233,0a4923f5-ef35-c84f-70a2-2c77390f45b7,8,809463,809463,816233,818730,6770,6770,0,0,0,0
822697,2c510bb5-638d-9bff-78cf-753652ca7323,8,697995,698042,822697,877027,124655,124702,47,0,0,0
825471,59771465-e3a1-55b3-c55f-d14077b70983,8,697793,697793,825471,814297,127678,127678,0,0,0,0
825676,b069960a-74cd-f258-6629-523992c8d3c9,8,821424,821448,825676,826132,4228,4252,24,0,0,0
826359,259f9c9d-2df3-1908-a456-61b3115bf784,1,819350,819350,826359,828806,7009,7009,0,0,0,0
827679,e0b8768b-f1cf-2534-169e-3ccf5a681903,4,812787,812787,827679,828581,14892,14892,0,0,0,0
828967,c81a7a10-8c4d-ef7a-aab3-2361b9ecda17,1,794792,794851,828967,830770,34116,34175,59,0,0,0
829121,ec211b0a-4cff-6f43-bdaf-5181e673cdc7,1,794791,794791,829121,842059,34330,34330,0,0,0,0
829362,449ecb44-2384-bfde-dbbd-765c1ee98540,8,614857,614857,829362,846867,214505,214505,0,0,0,0
829903,ff1bdf3c-3b91-b214-acb0-7e392250bb68,4,812787,812787,829903,835697,17116,17116,0,0,0,0
831288,bfb5e595-fd1f-7a89-7ea4-3216aebb261d,4,812788,812847,831288,823201,18441,18500,59,0,0,0
831296,c915bec8-a7bd-934e-3d8b-46ce627369b9,4,812788,812847,831296,835328,18449,18508,59,0,0,0
831362,bd19f2fb-35b5-2538-e0bc-0044c3c51dda,1,796540,796597,831362,834531,34765,34822,57,0,0,0
834175,5665c613-5ee0-9319-104d-9de2ca2fd672,8,694457,694516,834175,833831,139659,139718,59,0,0,0
839811,dba362bd-fe97-071d-0754-a6e85dc8dffa,1,796537,796537,839811,838452,43274,43274,0,0,0,0
842268,3b5cf6aa-2b1a-a61b-bf2e-c4c36151a3b1,1,810882,810882,842268,826609,31386,31386,0,0,0,0
846305,a78e37db-6edb-bd97-da33-024002138140,1,795919,795919,846305,861383,50386,50386,0,0,0,0
846345,561ba540-ed49-5cea-6574-05160bda0e48,1,795243,795243,846345,848853,51102,51102,0,0,0,0
846490,4f3ddafd-c8a2-e12a-defd-f00484fa18ce,1,795246,795303,846490,821932,51187,51244,57,0,0,0
846679,75e04081-1fef-d61c-2a37-f711618b84ad,1,795919,795919,846679,824468,50760,50760,0,0,0,0
852693,ebf702bd-a28e-3125-ae0c-33f0223fa402,8,694456,694456,852693,809792,158237,158237,0,0,0,0
855768,0b29cdf6-6406-104f-9d15-efcd3cc61718,8,622684,622739,855768,766379,233029,233084,55,0,0,0
856275,6641507f-b865-51ec-12d0-228ffca45b34,4,772195,772203,856275,885180,84072,84080,8,0,0,0
857344,d59cade1-7d01-c786-769a-9f4b30406b3f,4,772143,772143,857344,893987,85201,85201,0,0,0,0
857902,301da488-e7b6-281d-6e0d-5ccb91ca786e,1,823773,823832,857902,870257,34070,34129,59,0,0,0
858284,6e7692e2-025b-50a6-498b-144ca964d4e0,1,823774,823832,858284,867284,34452,34510,58,0,0,0
859960,450295df-83b7-9267-b0eb-31b78a2495de,8,694458,694516,859960,869043,165444,165502,58,0,0,0
865105,4fb127c0-4d28-3160-f183-d429d69bd456,8,618774,618774,865105,842540,246331,246331,0,0,0,0
866433,9806cf64-dfe3-21db-1dab-0e5547e16d1d,8,775850,775850,866433,845706,90583,90583,0,0,0,0
866861,22d2e911-6a30-60e6-d78e-0c11ee7bdbb0,8,512774,512774,866861,714619,354087,354087,0,0,0,0
868104,2d0f276e-6b5a-b2f2-b888-da158456c945,1,823774,823832,868104,870824,44272,44330,58,0,0,0
868181,7534d982-1a75-b34a-1e9a-9e6e53bb607d,8,821388,821388,868181,852228,46793,46793,0,0,0,0
868631,832d111a-4865-91ea-d01a-389004fd1b63,4,865271,865321,868631,868471,3310,3360,50,0,0,0
868767,2b8e7595-d459-e80c-bac3-59a6f89eba3e,4,865268,865321,868767,868696,3446,3499,53,0,0,0
868802,fccdae6c-82ed-de4e-1574-5e66363f03da,4,865265,865321,868802,867224,3481,3537,56,0,0,0
868795,20b21c0c-c12a-ee36-1a99-0bd4f72e3bd0,4,865265,865321,868795,867378,3474,3530,56,0,0,0
868867,4dce22a7-f50a-d710-49eb-35a4e182e822,4,865262,865321,868867,868262,3546,3605,59,0,0,0
868833,7c157753-5b3b-ae0c-5e9f-4386129980dc,4,865266,865321,868833,867670,3512,3567,55,0,0,0
868920,9992f1f5-609c-724d-cfd2-16705de5f11a,4,865261,865261,868920,867949,3659,3659,0,0,0,0
868969,62960882-15c8-f746-60ec-cdae7f0805a8,4,865262,865321,868969,868991,3648,3707,59,0,0,0
868964,8bf185be-fe68-a773-2c09-4bd0d875506e,4,865263,865321,868964,869678,3643,3701,58,0,0,0
868992,c4b9037c-eeb3-127e-c96a-3a02e8cd3c66,4,865266,865321,868992,868377,3671,3726,55,0,0,0
868999,8cd3b7e4-b076-7aa8-bdd3-d471e5176c62,1,823224,823283,868999,881549,45716,45775,59,0,0,0
869058,f6a6562c-6723-36c3-379c-5c04a37aa861,1,823223,823223,869058,871260,45835,45835,0,0,0,0
869107,780764ed-8336-6449-6992-45585dac7cae,1,823226,823283,869107,876731,45824,45881,57,0,0,0
869165,d19543de-d4bd-e603-1e5c-981018a10f52,4,865266,865321,869165,868684,3844,3899,55,0,0,0
869244,f60007ef-cd44-d392-9c0e-bc7952d0892c,8,515499,515499,869244,916675,353745,353745,0,0,0,0
869398,c93f00fe-4b17-ba32-8e03-90b3e4527b17,1,823225,823283,869398,849111,46115,46173,58,0,0,0
872085,d9efc9d1-8e04-de70-f393-9c2168d6a797,8,871315,871354,872085,871715,731,770,39,0,0,0
872300,caea5f90-1a74-1650-39cd-68bc40a5b321,8,871303,871354,872300,871979,946,997,51,0,0,0
876022,6d06fe15-c42c-0da1-c800-6ec14f0a31f9,8,622679,622679,876022,997495,253343,253343,0,0,0,0
877652,0c01eb83-1113-787f-0fc7-24d16c9b4a91,8,622683,622739,877652,938255,254913,254969,56,0,0,0
878106,316a841d-2681-1c8a-02f3-2c654c1752b4,1,869533,869533,878106,878404,8573,8573,0,0,0,0
878103,a3225877-df9b-950e-8848-551146454012,1,869553,869593,878103,879726,8510,8550,40,0,0,0
878286,a9e3b45b-cce2-ce13-fc06-0bcd983452a6,1,869897,869938,878286,879372,8348,8389,41,0,0,0
878293,8b3958d3-5aab-821b-2ac3-5a7dd4d6ad33,1,869907,869938,878293,877421,8355,8386,31,0,0,0
878362,e4339188-2495-148b-85b5-e4c44f5b0649,1,869907,869938,878362,881336,8424,8455,31,0,0,0
878419,546eff06-3f36-16b1-7012-5b8b06eb494a,1,869796,869812,878419,877554,8607,8623,16,0,0,0
878464,9075a918-8161-7df0-540a-fbbaae16cf9d,1,869880,869938,878464,878451,8526,8584,58,0,0,0
878454,313f20ad-bf6d-96c7-af5f-3f4d37a7a3ed,1,869888,869938,878454,881107,8516,8566,50,0,0,0
878490,7383c215-e8fe-2dc4-1d97-052800d34ded,1,869909,869938,878490,879270,8552,8581,29,0,0,0
878542,7395e8ad-e8dc-9257-f39f-f1a3c01cdde9,1,869878,869878,878542,878810,8664,8664,0,0,0,0
878514,ad9b87cf-9e32-1636-d15a-6ccf2be3916f,1,870004,870060,878514,878671,8454,8510,56,0,0,0
878607,0fb6840f-3520-3eed-48aa-a7876f0b18e9,1,870000,870000,878607,879776,8607,8607,0,0,0,0
878578,b527cbcb-0e3d-c1b6-0d02-a8507dcb4bc3,1,870026,870060,878578,880569,8518,8552,34,0,0,0
878567,87ab7269-32de-a131-e5df-5098c1f01550,1,870159,870180,878567,879590,8387,8408,21,0,0,0
878592,13ec5f4b-d1cc-f468-aa72-003eb95aa84a,1,870175,870180,878592,876824,8412,8417,5,0,0,0
878632,e60dbf7e-a3c0-694d-ef30-e921af474474,1,870011,870060,878632,876515,8572,8621,49,0,0,0
878671,2d84421a-755e-0c6b-534b-d0c892833da0,1,870018,870060,878671,874607,8611,8653,42,0,0,0
878637,759748b4-b249-debd-2837-7ce8f389ce2b,1,870144,870180,878637,878148,8457,8493,36,0,0,0
878681,4d3a5eaa-480f-da93-7ad8-322386dba7f9,1,870362,870387,878681,876486,8294,8319,25,0,0,0
878701,6bd7fc06-2730-4be5-b4b6-db3b3a6b7a56,1,870169,870180,878701,879041,8521,8532,11,0,0,0
878685,766004ac-547e-1c79-dfef-7a21f355a611,1,870178,870180,878685,882192,8505,8507,2,0,0,0
878724,173f5a62-bd5f-46ea-f4ce-91abbe32e386,1,870376,870387,878724,876005,8337,8348,11,0,0,0
878763,841afe8e-1d26-c752-9a30-343f734e2c2c,1,870156,870180,878763,874780,8583,8607,24,0,0,0
878785,91ce914e-4c19-9823-f104-288d97ab1b2a,1,870330,870387,878785,879162,8398,8455,57,0,0,0
878788,e29a9252-36a9-b087-6684-1f1e15812a00,1,870334,870387,878788,875002,8401,8454,53,0,0,0
878787,761cbf20-a0fc-f22c-c1b1-b1da2dd23190,1,870339,870387,878787,880987,8400,8448,48,0,0,0
878801,a4c79388-8389-6239-1531-663f1467e33b,1,870643,870643,878801,882019,8158,8158,0,0,0,0
878827,5fc3c501-75f7-e3db-4ebe-f2efed0a0062,1,870346,870387,878827,877843,8440,8481,41,0,0,0
878844,d2269f2e-fd26-482e-06dd-0d84e514aed5,1,870349,870387,878844,878991,8457,8495,38,0,0,0
878821,086b2264-a506-aa6e-e22a-3958827b04d4,1,870649,870703,878821,875599,8118,8172,54,0,0,0
878854,d68c9674-823a-71e0-99ec-16a27e2c8ec8,1,870679,870703,878854,877257,8151,8175,24,0,0,0
878904,5e2e0b9c-e787-7f0a-dc72-666a17cbfeac,1,870327,870327,878904,876397,8577,8577,0,0,0,0
878891,3fcc5282-113f-51c3-6214-a0f81219ee28,1,870337,870387,878891,877667,8504,8554,50,0,0,0
878883,b1b9381a-298b-04f8-2dcd-772d4f8de10a,1,870362,870387,878883,877988,8496,8521,25,0,0,0
879017,9062a2d6-9b4f-7059-c3b0-21e0724124c2,1,870521,870564,879017,879373,8453,8496,43,0,0,0
879028,086ff024-3027-5b55-322f-8246cd4046b8,1,870504,870504,879028,877317,8524,8524,0,0,0,0
879021,1f6cd641-7d47-afdc-9def-cc069e58cef1,1,870507,870564,879021,878686,8457,8514,57,0,0,0
879074,8bd96562-937e-4a66-f8d5-9a797ecdb03c,1,870510,870564,879074,875437,8510,8564,54,0,0,0
879041,085e4595-1761-4345-0ce8-49fa5140f143,1,870529,870564,879041,882280,8477,8512,35,0,0,0
879119,82244e67-d3c5-d369-152f-869891a04795,1,870511,870564,879119,880145,8555,8608,53,0,0,0
879134,e0981073-6bc1-bc17-121f-c3b15a0746a6,1,870539,870564,879134,875823,8570,8595,25,0,0,0
879116,da3eb4a9-a70b-cac4-faf7-09b77b2d2225,1,870747,870763,879116,879383,8353,8369,16,0,0,0
879196,69cc31db-9fa5-6c84-26cb-4c5a40d321cf,8,874915,874947,879196,880223,4249,4281,32,0,0,0
879143,38975ef0-44df-e2c9-0419-88d4d5a756a5,1,870528,870564,879143,877254,8579,8615,36,0,0,0
879142,e34200a4-8945-7b63-4df0-31914feeec66,1,870753,870763,879142,882656,8379,8389,10,0,0,0
879281,8e41ecfa-cda6-b6e0-f042-cd999d73668b,1,870787,870823,879281,880694,8458,8494,36,0,0,0
879314,595f0baf-d874-9cd9-91af-feb278110eb2,1,870718,870763,879314,875486,8551,8596,45,0,0,0
879333,66252329-715e-1067-945c-8aa48bc36e76,1,870760,870763,879333,882803,8570,8573,3,0,0,0
879283,7e6e6cb8-2bdd-2d54-d14e-0ea091c13054,1,870792,870823,879283,876565,8460,8491,31,0,0,0
879401,3227ffbf-5c53-48be-b94e-e7779a89b372,1,870739,870763,879401,880687,8638,8662,24,0,0,0
879343,a6b49f4a-8d85-bcdd-2203-806af8cf7ba1,1,870855,870883,879343,875725,8460,8488,28,0,0,0
879454,07d0ea6f-d446-69b0-9c35-d662c70ad6a8,1,870889,870943,879454,877342,8511,8565,54,0,0,0
879432,b949a1c4-96f9-ab6d-5587-76f0597fc029,1,870959,871003,879432,879636,8429,8473,44,0,0,0
879460,554ff3c4-8924-ba16-519e-aa9f33f39393,1,870974,871003,879460,877685,8457,8486,29,0,0,0
879477,df717f33-53d1-d73f-b838-7d75d9f35a9f,1,871050,871063,879477,878333,8414,8427,13,0,0,0
879488,b66dd1d7-bf08-e61b-b624-03cbfe428ae7,1,871066,871123,879488,876671,8365,8422,57,0,0,0
879539,5f616d2e-1a66-d5d0-0fe9-e5caa441dc7e,1,870924,870943,879539,880656,8596,8615,19,0,0,0
879537,f62af49e-2526-436d-974e-a3f2a92cea3a,1,870986,871003,879537,883397,8534,8551,17,0,0,0
879526,f3f137e8-da7e-b37b-0ae6-6fb45a71e4d3,1,871033,871063,879526,876774,8463,8493,30,0,0,0
879525,f27c8b9c-8e92-0ab0-64ff-c49995ec27db,1,871036,871063,879525,876421,8462,8489,27,0,0,0
879706,c2d12e1b-aad3-7224-f4e0-8d2495892404,1,871159,871183,879706,879829,8523,8547,24,0,0,0
879797,b9f00da3-2c4d-6572-db4a-6b73605bc79b,1,871328,871354,879797,882486,8443,8469,26,0,0,0
879850,d40d37a7-1649-b12c-6e65-04d243ab2c27,1,871508,871508,879850,883393,8342,8342,0,0,0,0
879886,81aa1a50-f09e-81bc-9255-dc8af97b776e,1,871525,871568,879886,875757,8318,8361,43,0,0,0
879921,3201491b-907e-6623-8654-9f04314d877f,1,871363,871414,879921,876463,8507,8558,51,0,0,0
879987,62872d3c-58dd-0bd7-0e80-58582a7a2a56,1,871362,871414,879987,883529,8573,8625,52,0,0,0
879962,273c5b2d-f2cc-21b7-0eae-97100f5ee233,1,871522,871568,879962,879424,8394,8440,46,0,0,0
880048,5f194bdc-1a72-fd70-0dbb-dff9333682f7,1,871577,871628,880048,881545,8420,8471,51,0,0,0
880321,9d7c00db-3f01-6396-587b-4c64e8adcc89,1,871782,871782,880321,876381,8539,8539,0,0,0,0
880549,4e724027-586d-dd40-ab9c-74021f839756,1,872091,872131,880549,877503,8418,8458,40,0,0,0
880825,3e6c39e3-d6fa-3df7-bc4b-7ef2c0bd6e84,1,864102,864126,880825,874872,16699,16723,24,0,0,0
880867,6b2ac771-4679-d921-266b-794d4d488d62,1,872445,872445,880867,881279,8422,8422,0,0,0,0
883364,f534753c-7756-3b60-aa1a-803e681b013b,1,866461,866493,883364,879132,16871,16903,32,0,0,0
883687,7554c639-6ebb-4ac7-96d7-681e45294afa,8,629315,629315,883687,1006822,254372,254372,0,0,0,0
883696,61523924-9de0-0898-7e37-30305bdb60fe,1,866908,866908,883696,881935,16788,16788,0,0,0,0
883750,1c0c7311-4225-b0ef-6f21-fff288ccdf97,1,867076,867076,883750,884759,16674,16674,0,0,0,0
884175,47771e09-ef52-1bc9-2998-8d9d8068f222,1,867581,867634,884175,877556,16541,16594,53,0,0,0
884196,4c8e4924-f5ab-9783-e115-a0d79ba11d14,1,866848,866848,884196,881515,17348,17348,0,0,0,0
884351,f35d9b69-10fb-08be-1518-f00115f29f76,1,867708,867708,884351,889765,16643,16643,0,0,0,0
884631,c086d1e3-0765-2e7d-309c-6c39005fc71d,1,867750,867768,884631,879046,16863,16881,18,0,0,0
884776,1a05ba29-076d-d9bf-4c1b-500ad604bf63,8,880615,880615,884776,884306,4161,4161,0,0,0,0
885174,ab22b240-c50b-73fd-549b-368297b5d537,1,868242,868279,885174,891548,16895,16932,37,0,0,0
885235,26ef0489-f731-e2d5-a9b5-42b509c0235e,1,868294,868339,885235,888184,16896,16941,45,0,0,0
885469,f96af2fa-b5d0-42dd-d34a-532cf13043f0,1,868696,868696,885469,886221,16773,16773,0,0,0,0
887330,bff20e85-047f-d6d0-4ace-0fd6b7217e57,1,870545,870564,887330,883112,16766,16785,19,0,0,0
887844,dfad20e3-e23e-b3fb-6559-3d392dbcfe34,1,871072,871123,887844,880791,16721,16772,51,0,0,0
888777,e2a74032-9d13-5461-c280-801fa90408b5,8,550580,550580,888777,891231,338197,338197,0,0,0,0
888818,9592e98c-2473-09f3-5574-5ef5952c99a6,1,864102,864126,888818,878052,24692,24716,24,0,0,0
889035,680dde1a-d5ea-3ef9-abb5-779e2a644fcc,1,872222,872222,889035,889249,16813,16813,0,0,0,0
890254,2ad1675a-f5cb-edfe-7d03-8c3959376ab7,8,886488,886488,890254,888958,3766,3766,0,0,0,0
890341,4c8b60e7-f6cd-8d10-d8cb-97020558062e,1,885487,885529,890341,888499,4812,4854,42,0,0,0
892211,7fb350e7-96d6-3fcf-5b67-8a3b40d852f5,4,882428,882486,892211,889721,9725,9783,58,0,0,0
892458,96b5a4c7-891f-a6e1-c147-29d8b1f91ceb,4,882426,882426,892458,891086,10032,10032,0,0,0,0
892618,cb7d9200-16bb-7cf9-4ad0-8799fabf7600,4,882428,882486,892618,894393,10132,10190,58,0,0,0
892632,e465c659-0727-dbad-ed4c-9daea6160c54,4,882428,882486,892632,888171,10146,10204,58,0,0,0
893350,b5f81685-3987-3e0f-1307-3303ce3faab1,8,862609,862666,893350,887044,30684,30741,57,0,0,0
894242,b0e98b45-a527-6d02-59b2-ef6114c088c2,8,862609,862666,894242,904500,31576,31633,57,0,0,0
894753,68db0794-4e80-0d74-9f39-25fcf0d4af75,8,862606,862606,894753,888920,32147,32147,0,0,0,0
897634,1ab9a3c6-192f-6bba-00ef-c826381f453e,4,896956,896956,897634,897857,678,678,0,0,0,0
900509,8186172d-49e3-f4ef-e080-3d25aa1ce64b,4,899247,899247,900509,900659,1262,1262,0,0,0,0
901129,66007334-e160-eb22-2814-e0f551c836ed,4,882299,882299,901129,894028,18830,18830,0,0,0,0
901209,063c98d8-eac6-5560-08ce-d9f48a398660,4,882301,882359,901209,910027,18850,18908,58,0,0,0
901212,8edd0fde-fc43-b386-8501-94d3aae1fd1b,4,882300,882359,901212,902171,18853,18912,59,0,0,0
901248,bee029e4-c876-f6d9-033b-7a7648159b75,4,882303,882359,901248,901004,18889,18945,56,0,0,0
901429,7ede1317-5c15-e8b7-b902-12de076b44ed,4,882299,882299,901429,892713,19130,19130,0,0,0,0
901547,9c3bdfb9-7043-1feb-8a2f-93e17c0d6a55,4,882302,882359,901547,901453,19188,19245,57,0,0,0
901599,a2885241-14ae-b8ba-9c65-8cc09862185d,4,882308,882359,901599,896600,19240,19291,51,0,0,0
901619,4307599d-a2d6-7bb8-b454-cd84f93c3ab0,4,882299,882299,901619,902994,19320,19320,0,0,0,0
902347,9b4cbd4d-02f9-bc8e-6e58-af996915534b,4,882302,882359,902347,899588,19988,20045,57,0,0,0
904946,01164e75-7519-83ce-6310-511dfd74d47f,2,457539,457543,904946,685569,447403,447407,4,0,0,0
910321,13daafd0-249a-c75e-20aa-293582656568,2,455978,455978,910321,1117772,454343,454343,0,0,0,0
911382,ec323365-1571-9151-c86d-ec75a51bc61c,1,860309,860309,911382,913552,51073,51073,0,0,0,0
911799,d4063329-8bc9-2f2f-1b44-b1bdd72a51df,1,860749,860807,911799,904257,50992,51050,58,0,0,0
912307,f345428a-f3b0-bb68-2a04-a0cc7a230eab,1,860747,860747,912307,903536,51560,51560,0,0,0,0
912464,2e4ca533-8105-c52e-052b-fe9ceb12d643,1,860564,860564,912464,899767,51900,51900,0,0,0,0
915503,f2dac7c3-3b44-b838-16b3-7a338c5f0773,8,681837,681837,915503,864597,233666,233666,0,0,0,0
918809,c7a0cb17-4111-7f28-ee06-6e9004d91b42,1,867979,867979,918809,902271,50830,50830,0,0,0,0
919545,c9388f60-17f8-5489-3b1f-74f3d8506999,1,867980,868039,919545,894125,51506,51565,59,0,0,0
924233,99be36dc-3269-170e-cbef-cf918707378a,8,859336,859336,924233,926997,64897,64897,0,0,0,0
926791,e511b197-6b5b-ec48-3965-894fd716bf56,8,863169,863169,926791,948575,63622,63622,0,0,0,0
929032,ff99154f-b8c8-8fcc-2795-3f26b1aa8c9f,8,714666,714702,929032,1026682,214330,214366,36,0,0,0
933611,9a7a6bbd-5468-179c-1116-d55488b70d49,4,828156,828156,933611,981754,105455,105455,0,0,0,0
936279,8cec9b9c-8ed7-d456-4235-8bad1950ff12,1,885193,885234,936279,913307,51045,51086,41,0,0,0
936544,e7da4871-0233-cfc6-c453-6d3fa069da8e,1,885188,885234,936544,927595,51310,51356,46,0,0,0
936671,9566a981-f45f-bc76-a095-3ac4d3455e43,1,885187,885234,936671,930925,51437,51484,47,0,0,0
937061,efd10041-ca24-1547-694e-06300269ff57,1,885190,885234,937061,942970,51827,51871,44,0,0,0
938264,428a4aea-7872-8630-ed34-d2a046080818,1,877663,877708,938264,921060,60556,60601,45,0,0,0
938762,0d3f0a6f-a354-1e98-0f37-349218f6b88a,1,877659,877708,938762,940331,61054,61103,49,0,0,0
938877,3a9ed8f9-efec-4d81-5465-fdf5cc77e3af,1,823772,823772,938877,964022,115105,115105,0,0,0,0
940597,7c48e662-8b52-f660-d379-7b95aad351f7,1,823774,823832,940597,956455,116765,116823,58,0,0,0
943484,887769a4-0fab-6439-a5b7-cd610873a9ec,8,815289,815289,943484,891156,128195,128195,0,0,0,0
943635,7ede93cd-da49-db17-d5f9-4ea74bf32f9e,1,935188,935188,943635,942924,8447,8447,0,0,0,0
943948,2e991216-0dea-97ee-4e9f-6d3f0fb9fb54,1,939710,939745,943948,942643,4203,4238,35,0,0,0
943999,0006f234-4eec-7a17-f102-df58d90e6cfa,1,935391,935391,943999,945002,8608,8608,0,0,0,0
944113,c0de0fc6-9eb7-4a13-5fcc-925fbb2de59a,1,935643,935643,944113,944020,8470,8470,0,0,0,0
944235,fa2fe2ce-fdcf-22a3-0d46-5c72f13e0011,1,935810,935810,944235,944054,8425,8425,0,0,0,0
944592,0938ccd5-0f33-5b2c-753b-de591af129dd,1,936245,936246,944592,948180,8346,8347,1,0,0,0
945181,ad7ce00b-a2f6-4970-4563-610e79b037e9,1,936805,936805,945181,948590,8376,8376,0,0,0,0
945309,8cc14b05-8021-f526-2341-d7a6dccb99ea,1,936820,936865,945309,943847,8444,8489,45,0,0,0
945465,f6cc5177-5a69-2370-11f3-3e26345b3e3e,1,884631,884690,945465,953661,60775,60834,59,0,0,0
945513,584804d9-7123-e19d-a81f-c504124bb83c,1,884631,884690,945513,915968,60823,60882,59,0,0,0
945508,37c843c2-cfce-4fed-a023-f5ca32303002,1,936921,936925,945508,948466,8583,8587,4,0,0,0
945690,ca55e73a-c6b4-ee50-d7f8-c158e029d0cf,1,884634,884690,945690,950884,61000,61056,56,0,0,0
945693,c4573986-cf32-1871-23cb-6aa0c6782322,1,912885,912885,945693,935719,32808,32808,0,0,0,0
945774,13734ade-0b4f-c268-eac3-7725d6bd8af8,1,937185,937185,945774,946307,8589,8589,0,0,0,0
945844,c7d459f5-3474-e709-98c3-bac75e764b5a,1,937447,937447,945844,949922,8397,8397,0,0,0,0
946105,0bb45f8c-0570-870a-09b1-0452d5196f14,1,937888,937926,946105,948938,8179,8217,38,0,0,0
946258,5a81116d-1cbd-c4ef-3fd2-8d210971b806,1,937806,937806,946258,943828,8452,8452,0,0,0,0
946260,3cc3018d-fa41-caa8-ddb1-fbcfef47c448,1,937815,937866,946260,947090,8394,8445,51,0,0,0
946417,890d634c-efc9-a557-5c6c-916c2f4a9cd5,1,938060,938060,946417,947458,8357,8357,0,0,0,0
946557,adffa20e-988b-0d33-ecda-5c9d7006b666,1,938277,938324,946557,945841,8233,8280,47,0,0,0
946572,8f64e47e-512c-ecfd-8a2b-0691b6b83f81,1,884630,884630,946572,951630,61942,61942,0,0,0,0
946722,97080153-547b-5fda-5299-4c9f5ebc7f2a,1,938278,938324,946722,948279,8398,8444,46,0,0,0
946813,36e49312-89e9-777b-f4a7-4d46f210657c,1,938300,938324,946813,947290,8489,8513,24,0,0,0
946823,ce0b2e76-e8e4-4214-622d-15bdfea79e2e,1,938312,938324,946823,948580,8499,8511,12,0,0,0
947378,4b046f85-6437-f578-3d5a-90cf6a428fe9,1,939901,939901,947378,945973,7477,7477,0,0,0,0
947381,337154fc-5db2-54e0-d90b-ec94b202fcfb,1,939901,939901,947381,947921,7480,7480,0,0,0,0
947424,af055648-19e9-f01f-9004-5eeadb674419,1,939903,939961,947424,944386,7463,7521,58,0,0,0
947414,8c4b0a90-3377-2016-7554-07b36d9c7b94,1,939905,939961,947414,945114,7453,7509,56,0,0,0
947407,b22ce823-2ec1-6786-aa6c-a3e2fb5ae51d,1,939905,939961,947407,945052,7446,7502,56,0,0,0
947411,2ef56679-e1d2-0ef6-2bc1-dc3e687380bb,1,939906,939961,947411,950828,7450,7505,55,0,0,0
947407,3b6f807a-7af3-1237-b3f2-4a18cb53db1f,1,939907,939961,947407,944851,7446,7500,54,0,0,0
947406,408ed5d3-655f-f876-4f00-bb0be0a8c589,1,939911,939961,947406,947711,7445,7495,50,0,0,0
947414,699a80dc-abaa-aaba-be74-fe997c60bcee,1,939914,939961,947414,943784,7453,7500,47,0,0,0
947399,8e796193-f985-3dd4-72ed-d1a5c970c2af,1,939916,939961,947399,950239,7438,7483,45,0,0,0
947421,364bf82c-12e5-a648-31ce-263cba77f397,1,939923,939961,947421,949717,7460,7498,38,0,0,0
947453,955dfbad-7c94-0086-9052-9adc6eb5a409,1,939916,939961,947453,949670,7492,7537,45,0,0,0
947480,a4cd7f49-d44e-f926-0ccc-54909caefdaa,1,939918,939961,947480,945699,7519,7562,43,0,0,0
947478,b875a387-8658-1489-cf65-51758c820c63,1,939919,939961,947478,946151,7517,7559,42,0,0,0
947547,020bce07-3249-4eb2-ede8-d63b1304d9d4,1,939917,939961,947547,949513,7586,7630,44,0,0,0
947712,44328b3e-2b27-82f2-7d52-4c80edb17c6a,1,939925,939961,947712,947768,7751,7787,36,0,0,0
947755,e60d6d02-0185-2535-88a2-dd1877841445,1,939923,939961,947755,943824,7794,7832,38,0,0,0
947759,8cb83958-ca5e-32d1-61e0-c463f01adc70,1,939928,939961,947759,947578,7798,7831,33,0,0,0
947767,1f3c2d39-1eca-45ae-a6ae-17a460938b7c,1,939929,939961,947767,950553,7806,7838,32,0,0,0
947824,4bc9a961-53b4-faaf-86e3-cc384331adab,1,939903,939961,947824,947051,7863,7921,58,0,0,0
947781,3f8ded42-638e-37a3-c9a6-c6e897c3efef,1,939903,939961,947781,947054,7820,7878,58,0,0,0
947818,ba1717e1-ecf3-c66f-86f7-341e0e7d80fd,1,939904,939961,947818,947041,7857,7914,57,0,0,0
947856,36083192-a797-7c07-cfc2-874395c6b458,1,939921,939961,947856,944147,7895,7935,40,0,0,0
947837,93507ef2-72cd-5247-e316-104190395448,1,939923,939961,947837,944350,7876,7914,38,0,0,0
947843,824e9e8b-e18a-cf87-b096-09047bf2b65a,1,939928,939961,947843,947647,7882,7915,33,0,0,0
951579,e5e03aeb-03d4-684d-7e65-b19d45801738,1,928282,928335,951579,956905,23244,23297,53,0,0,0
951890,fcf950c2-f233-9731-3c42-b99ef0d8b956,1,928275,928275,951890,962592,23615,23615,0,0,0,0
952018,125f283e-629b-e7bd-7dfa-6199d93b7175,1,928280,928335,952018,957728,23683,23738,55,0,0,0
952845,8474616c-a8f3-5e98-4826-98b88353a058,1,928276,928335,952845,945499,24510,24569,59,0,0,0
953088,50bb462e-3945-09b4-7324-cc79193f9801,1,928278,928335,953088,943366,24753,24810,57,0,0,0
954438,bcfd7663-27e1-b751-c756-78cb49a947a5,1,928277,928335,954438,959284,26103,26161,58,0,0,0
956366,7e90a55e-cfb4-a872-90fb-1d1b739d6d47,1,928275,928275,956366,967815,28091,28091,0,0,0,0
956408,fd92a515-9d9d-f912-95df-b7bedd9bc547,1,824121,824179,956408,962525,132229,132287,58,0,0,0
956927,ea4dbf28-f1b3-3570-ba35-2d98a9a24458,1,955590,955590,956927,956434,1337,1337,0,0,0,0
956933,223e56cc-0431-021f-28f7-a40aa00f7b8d,1,955590,955590,956933,957402,1343,1343,0,0,0,0
956934,e2da43f2-7538-b359-d80c-b619001cd8a3,1,955590,955590,956934,957505,1344,1344,0,0,0,0
956986,85414571-8f3a-c0f7-acdd-cd28eced4f9a,1,955591,955650,956986,957567,1336,1395,59,0,0,0
956940,187de90d-f3a9-1ed8-5990-e3a8010b063d,1,955592,955650,956940,956722,1290,1348,58,0,0,0
956934,37654d0c-bee5-8c47-7707-2cf917ba4d26,1,955592,955650,956934,957251,1284,1342,58,0,0,0
957003,92ba8b3c-4145-0bbf-2930-589924e22912,1,955592,955650,957003,956655,1353,1411,58,0,0,0
957039,4e14cae0-0647-0c8f-1dcf-892704e1a76a,1,955594,955650,957039,957279,1389,1445,56,0,0,0
957031,e9f66b89-cbe0-d21b-4145-0c9b56717057,1,955595,955650,957031,957469,1381,1436,55,0,0,0
957029,cba14ec9-f8ed-14fb-4720-7e686ae39a3d,1,955597,955650,957029,957204,1379,1432,53,0,0,0
956990,31f6ffc2-9ef2-a13c-0077-26dd4e650f63,1,955655,955710,956990,957531,1280,1335,55,0,0,0
957041,cd145704-ee20-4e36-eb60-284665b85cb3,1,955657,955710,957041,957453,1331,1384,53,0,0,0
957043,191be4de-8681-230e-0125-ddf1ce83b9f8,1,955657,955710,957043,956558,1333,1386,53,0,0,0
957030,3fb46b67-29c9-82c8-5f52-b502c4d4bd29,1,955659,955710,957030,956323,1320,1371,51,0,0,0
957047,49c651ad-8321-88f2-f760-3ca1c238641b,1,955659,955710,957047,956406,1337,1388,51,0,0,0
957029,b91e8299-3f3b-9bce-5817-4a8db087a2da,1,955659,955710,957029,957152,1319,1370,51,0,0,0
957013,865cde53-e911-5635-23e3-6a569825e592,1,955660,955710,957013,957095,1303,1353,50,0,0,0
957012,e3b14e6f-2a1c-10bc-0de9-ab1148c271f6,1,955660,955710,957012,956316,1302,1352,50,0,0,0
957038,bc97eb7b-cf8d-040d-3f58-c799a844f459,1,955664,955710,957038,956622,1328,1374,46,0,0,0
957050,a9982f03-10f5-6250-fc45-cebc434b95e2,1,955594,955650,957050,957056,1400,1456,56,0,0,0
957096,ff489f00-c46f-a88d-ea3b-f012e44dec95,1,955654,955710,957096,957496,1386,1442,56,0,0,0
957061,48d38df4-efbb-71df-3ea4-d8d4eb79a763,1,955660,955710,957061,956867,1351,1401,50,0,0,0
957059,132d50c4-408b-2267-3d79-95a3039d0e8c,1,955664,955710,957059,957618,1349,1395,46,0,0,0
957180,2f4715d9-4a50-aced-01bb-8168a23b7479,1,955594,955650,957180,956515,1530,1586,56,0,0,0
957360,8dc1b8df-9017-c9a6-7593-ea307fe22b0c,8,956494,956494,957360,956967,866,866,0,0,0,0
957412,cb43213c-bcd8-c4b2-deb8-f52930a6fa9e,8,956499,956554,957412,957292,858,913,55,0,0,0
957430,74e897f6-a874-8634-7266-1ec6504f6242,8,956496,956554,957430,957410,876,934,58,0,0,0
957634,c38295b5-8aa8-d26e-adcf-956ff26a81f1,1,955404,955405,957634,957066,2229,2230,1,0,0,0
957666,9e487819-7c64-eb71-b3c8-1b676f74e4c6,1,955345,955345,957666,958309,2321,2321,0,0,0,0
957664,d9d3111f-e840-70e9-cc96-ef2fa73bce4c,1,955345,955345,957664,958393,2319,2319,0,0,0,0
957669,154d2546-3bb8-6df5-7814-d3b3838fd733,1,955347,955405,957669,958326,2264,2322,58,0,0,0
957641,5305f1e5-2f64-720c-01a0-d806fb0b4b9c,1,955405,955405,957641,958616,2236,2236,0,0,0,0
957717,d0404aae-f58e-f49e-9226-74f614756dfe,1,955346,955405,957717,957056,2312,2371,59,0,0,0
957753,905ab3d8-d2aa-8764-7b9e-f63c44556919,1,955347,955405,957753,957376,2348,2406,58,0,0,0
957743,202c8e1d-c568-7f99-a73d-d406dfcb18fd,1,955347,955405,957743,958234,2338,2396,58,0,0,0
957752,288649d3-1c54-f3be-6d20-9bc687694750,1,955347,955405,957752,957981,2347,2405,58,0,0,0
957734,99dcc5e3-80f7-3f82-7966-a8fd79e82cae,1,955351,955405,957734,958298,2329,2383,54,0,0,0
957727,bcb5bbbb-124e-b5ae-60a1-e427a05c61ef,1,955351,955405,957727,958753,2322,2376,54,0,0,0
957733,71da5439-7e18-1ed0-acdb-2a8314652329,1,955357,955405,957733,956536,2328,2376,48,0,0,0
957702,f638d4be-4f58-78f5-1776-bca2651a8fe9,1,955402,955405,957702,957442,2297,2300,3,0,0,0
957703,c6ea3c95-28b8-1cf6-9b51-a018ccb8d188,1,955402,955405,957703,957523,2298,2301,3,0,0,0
957707,7ff5cd2e-5f19-29f9-067c-3ab9bdd71d63,1,955403,955405,957707,957886,2302,2304,2,0,0,0
957699,bddba7e5-46d4-27d6-bb9d-56a63925b538,1,955407,955465,957699,956652,2234,2292,58,0,0,0
957728,c2979860-2693-8c30-fb9f-ba982718d1f7,1,955409,955465,957728,958449,2263,2319,56,0,0,0
957705,a5cc4401-709d-b00f-6e0f-2579a0bc4f0f,1,955409,955465,957705,957846,2240,2296,56,0,0,0
957778,c0ecef5d-9600-086e-2218-73d3afe83a5d,1,955346,955405,957778,957437,2373,2432,59,0,0,0
957776,7320ac9b-8d1c-2671-70ed-28a8b92b2a75,1,955404,955405,957776,957836,2371,2372,1,0,0,0
957793,1b58ca68-9cfb-0d14-ff79-57066549fb21,1,955409,955465,957793,956849,2328,2384,56,0,0,0
957778,87af1a04-2795-8217-5b2d-a8bd52ce1d64,1,955409,955465,957778,958704,2313,2369,56,0,0,0
957846,2892f788-8503-8241-0039-e520cd52c27b,1,955347,955405,957846,958977,2441,2499,58,0,0,0
957817,bf3d211b-4f97-ba9a-ea79-63f082020343,1,955404,955405,957817,957611,2412,2413,1,0,0,0
958977,1da7bdd9-e0b9-1320-b6c4-f6b29b0db81d,1,939688,939745,958977,951894,19232,19289,57,0,0,0
959018,4d48b771-5122-0445-f54c-0d74c21c07ba,1,824119,824119,959018,1004995,134899,134899,0,0,0,0
958989,9cdee3f9-51b5-b0e6-1537-f1c38f25b6c3,1,939689,939745,958989,954061,19244,19300,56,0,0,0
958983,3c67aaf4-f11b-cc84-90e7-e07ed517f641,1,939689,939745,958983,963956,19238,19294,56,0,0,0
958995,0494284e-b96e-75af-a502-77ea55335456,1,939690,939745,958995,962816,19250,19305,55,0,0,0
959116,e438f0bf-933a-9d20-fc0f-8f5a7e6e6f22,1,939707,939745,959116,964369,19371,19409,38,0,0,0
959122,b3f892d1-6fee-bae4-e95a-d260536eff7b,1,939702,939745,959122,955614,19377,19420,43,0,0,0
959176,f410ed99-3e8a-7af1-7293-4021f9743efb,1,939705,939745,959176,954932,19431,19471,40,0,0,0
959191,43b5cf57-b3ed-316a-d939-1ac0a160cba5,1,939701,939745,959191,965191,19446,19490,44,0,0,0
959235,27d327c9-e83e-0fce-e65d-09edd05573f6,1,939704,939745,959235,967796,19490,19531,41,0,0,0
959229,0d322cba-869e-dfe4-b333-f4ddad88efd4,1,939704,939745,959229,950814,19484,19525,41,0,0,0
959181,9f9d93d3-5f15-6714-cb04-cc01510fb249,1,939708,939745,959181,952624,19436,19473,37,0,0,0
959251,735426fb-0074-6c5e-d2c8-406394ed5bb2,1,939710,939745,959251,964466,19506,19541,35,0,0,0
959458,37359887-131e-0779-886d-e84af0945d81,1,939685,939685,959458,957402,19773,19773,0,0,0,0
959554,c71abd7e-c8e2-b459-57a7-e8042713c358,1,939697,939745,959554,968061,19809,19857,48,0,0,0
959645,0124051a-ff76-39e1-5dbc-b261252e0902,1,939691,939745,959645,952243,19900,19954,54,0,0,0
959617,e1b13e00-2fd6-4e33-37cb-1be5f5cf6db2,1,939697,939745,959617,960976,19872,19920,48,0,0,0
959722,b0a14c98-82a1-483d-1223-785a85d67ab2,1,939697,939745,959722,954561,19977,20025,48,0,0,0
959774,6f2609cb-3631-e1db-cd83-87bfb1301729,1,939700,939745,959774,956398,20029,20074,45,0,0,0
959811,6e269e3f-d84d-e224-5d22-7700f9cb7ddd,1,939690,939745,959811,951626,20066,20121,55,0,0,0
959805,358c5028-d1a7-d56f-b202-d5f27aca3995,1,939690,939745,959805,957413,20060,20115,55,0,0,0
959802,489d93e2-1d83-0e2a-90de-3763caa76ad4,1,939693,939745,959802,957695,20057,20109,52,0,0,0
960253,9cb200e3-8177-951c-b8d6-e9044bf21606,1,939686,939745,960253,952311,20508,20567,59,0,0,0
960328,c31e9d6c-ba8e-ff89-4420-b7d014ae1246,1,939686,939745,960328,965724,20583,20642,59,0,0,0
961227,ba72077c-8df3-9eca-f2af-7bd1a6c633b7,1,928282,928335,961227,968604,32892,32945,53,0,0,0
962939,7c9cf8be-c74b-6ced-5089-5582f2356132,1,928275,928275,962939,954593,34664,34664,0,0,0,0
963312,be94df1f-a2eb-2a4f-1b9b-b74a7b42990e,1,939713,939745,963312,960031,23567,23599,32,0,0,0
964057,376647ee-3e0f-38f0-16f7-4302d0a5ee79,1,959420,959471,964057,963846,4586,4637,51,0,0,0
964116,a1c82c8c-d8de-0932-51b7-311c74cca8c6,1,959412,959471,964116,961951,4645,4704,59,0,0,0
964117,5be21c55-c737-941e-0777-e1b81840eb43,1,959441,959471,964117,962951,4646,4676,30,0,0,0
964132,8e6c4bf5-c115-9f0f-91cb-104a1bbe8d0a,1,959411,959411,964132,962783,4721,4721,0,0,0,0
964173,c6043c93-7b49-79cb-a4cc-c13fd552e7c9,1,959421,959471,964173,964892,4702,4752,50,0,0,0
964162,539d3c9c-032d-0781-1eb3-be6f399150ce,1,959428,959471,964162,965973,4691,4734,43,0,0,0
964149,03e4d27d-a612-3789-3df8-c79191657ada,1,959436,959471,964149,965442,4678,4713,35,0,0,0
964176,d2a32aa1-0df2-4fa0-8092-c40ac190e0e6,1,959445,959471,964176,962703,4705,4731,26,0,0,0
964165,0d67ba12-fdcd-3b0f-07b6-2573449b7a03,1,959446,959471,964165,964084,4694,4719,25,0,0,0
964148,a03cd39a-1b97-82e6-8381-575e9af8ddb3,1,959467,959471,964148,962108,4677,4681,4,0,0,0
964180,68d4948b-713f-4b63-4240-fffaddeecc75,1,959415,959471,964180,964914,4709,4765,56,0,0,0
964193,f4ce49c9-726e-5e6f-7d71-3d54092d63b9,1,959418,959471,964193,964828,4722,4775,53,0,0,0
964220,139b3cfa-7e9e-82eb-6204-2005e8155ace,1,959421,959471,964220,963350,4749,4799,50,0,0,0
964227,84d858da-03ed-fd8a-557f-a87ae184fc27,1,959426,959471,964227,964843,4756,4801,45,0,0,0
964223,9f434275-fc20-f221-5a7d-f488f571d955,1,959427,959471,964223,966009,4752,4796,44,0,0,0
964180,3cac17a1-5c74-97d6-df28-55a3232019e8,1,959432,959471,964180,963794,4709,4748,39,0,0,0
964201,7943ca78-0b96-0df2-65f8-09d1ee44e7f4,1,959432,959471,964201,962993,4730,4769,39,0,0,0
964202,82c9a811-8f4c-d8f1-1cdd-789ab60c1b54,1,959442,959471,964202,965581,4731,4760,29,0,0,0
964190,8c69d1af-063e-2884-0eff-eaacddfd1ac2,1,959444,959471,964190,962677,4719,4746,27,0,0,0
964226,3d4c2815-e552-dbd0-fa5e-f857fd69f7a9,1,959452,959471,964226,965590,4755,4774,19,0,0,0
964192,cd9ab614-dc12-be61-5f45-27f068d06d92,1,959453,959471,964192,962332,4721,4739,18,0,0,0
964219,0e2f0a2c-8ce3-05cb-4794-37db1b04b5ac,1,959455,959471,964219,962303,4748,4764,16,0,0,0
964178,ed16a9a7-bf20-8850-d1c0-0a02647696ce,1,959471,959471,964178,964998,4707,4707,0,0,0,0
964260,981cbc9d-b456-3342-dc31-706f6b1c60a6,1,959415,959471,964260,964300,4789,4845,56,0,0,0
964238,9171a13a-1f28-5ae6-a764-3d2dea4a3ac8,1,959418,959471,964238,962758,4767,4820,53,0,0,0
964252,f0d22be0-71d2-5d8a-f69a-e79ff2ab2697,1,959433,959471,964252,963273,4781,4819,38,0,0,0
964246,93175f84-203f-4c48-0be7-aa435aee93b6,1,959444,959471,964246,964150,4775,4802,27,0,0,0
964250,8bcac72b-6476-82f0-e914-cc809293ba01,1,959456,959471,964250,962779,4779,4794,15,0,0,0
964289,85b7736d-3801-bd92-fb19-59241e03bc4c,1,959473,959531,964289,963630,4758,4816,58,0,0,0
964304,a7df7c6a-becd-5197-0f6f-8c946143b892,1,959445,959471,964304,962067,4833,4859,26,0,0,0
964312,b1529667-0c65-490d-5df5-178a079cf166,1,959463,959471,964312,965727,4841,4849,8,0,0,0
964375,328d7044-e406-befc-b3e9-d15d26dfb910,1,959435,959471,964375,963643,4904,4940,36,0,0,0
964645,76711874-e093-83d6-52b9-dda996b7924d,1,928276,928335,964645,950216,36310,36369,59,0,0,0
966811,9a1fc8df-0af2-6cfb-5544-9634d8368f3f,1,959414,959471,966811,963416,7340,7397,57,0,0,0
966824,a41c4a78-f367-7863-5d63-5821611c8132,1,959429,959471,966824,968990,7353,7395,42,0,0,0
966848,9fd05630-c5fb-62b5-bde9-27bd2893343f,1,959430,959471,966848,967023,7377,7418,41,0,0,0
966813,5c610c3d-31f6-512f-fd65-5b0595d24500,1,959465,959471,966813,963579,7342,7348,6,0,0,0
966846,0fbbba00-77ac-4298-3254-53b6e86ac424,1,959469,959471,966846,967601,7375,7377,2,0,0,0
966876,61cd15ab-6769-0b03-596c-4f4339db45b9,1,959411,959411,966876,966528,7465,7465,0,0,0,0
966910,7b843c4b-4cb1-57be-dbe2-3e2048484083,1,959411,959411,966910,963734,7499,7499,0,0,0,0
966910,2811a218-42f8-d6be-0275-734bd32e6fc6,1,959414,959471,966910,963120,7439,7496,57,0,0,0
966908,4273bdfb-5286-02df-6138-91e39368b4c5,1,959420,959471,966908,965564,7437,7488,51,0,0,0
966899,ae5baccd-c5ee-4dd7-6701-df315e670668,1,959441,959471,966899,965033,7428,7458,30,0,0,0
966913,d9c5095c-86fc-3e9c-795a-87dde475c940,1,959453,959471,966913,967774,7442,7460,18,0,0,0
966928,deb16a88-ed61-ff88-5eaa-0d40203c528c,1,959462,959471,966928,967352,7457,7466,9,0,0,0
966900,32b98065-6e44-7d5d-0a1c-6349864fc725,1,959462,959471,966900,965205,7429,7438,9,0,0,0
966906,e156903e-e779-489b-ba95-2f7e40d761e7,1,959469,959471,966906,967613,7435,7437,2,0,0,0
966890,adb4c9dc-b7f2-7d69-3465-2fd714d3cb02,1,959470,959471,966890,969053,7419,7420,1,0,0,0
966964,e93df3c4-053a-561e-9257-f9f2153adbf4,1,959427,959471,966964,967239,7493,7537,44,0,0,0
966985,5dda46c2-8f33-defb-1388-046aa30a543b,1,959435,959471,966985,970507,7514,7550,36,0,0,0
966949,2f1bdff2-b573-8ab8-e49c-d07d8e722ec9,1,959437,959471,966949,965404,7478,7512,34,0,0,0
966937,3aaeac1d-e70b-59a6-4a81-e36f0e745bd0,1,959441,959471,966937,969064,7466,7496,30,0,0,0
966973,002030e8-6c79-5416-1eeb-171f1a52ab69,1,959447,959471,966973,967980,7502,7526,24,0,0,0
966965,f2e9984e-99bd-4dcb-4f78-4fb7db004526,1,959451,959471,966965,966169,7494,7514,20,0,0,0
966945,98d956c2-7c6e-d76f-11ac-39de150c0df9,1,959454,959471,966945,963196,7474,7491,17,0,0,0
966958,aa586300-edc7-03a1-b0b9-6f057cc9bc06,1,959462,959471,966958,963793,7487,7496,9,0,0,0
966938,6ae8a85c-d7c5-2dbc-7244-6ac6c2204b61,1,959465,959471,966938,965723,7467,7473,6,0,0,0
966998,f7797551-298a-bb44-b349-9a5e1cc4ec86,1,959415,959471,966998,966516,7527,7583,56,0,0,0
967022,dfd5df5b-c906-14d0-913a-1485d14deb9a,1,959423,959471,967022,968922,7551,7599,48,0,0,0
967028,d7bdb4ea-cb2c-83a4-97ee-54c105fa7270,1,959438,959471,967028,967381,7557,7590,33,0,0,0
966995,46ca1c44-d707-cc36-3b8b-cfe3605e8f9e,1,959456,959471,966995,967617,7524,7539,15,0,0,0
966996,fb4e09a5-9a5b-8dc3-fd7c-1308f6e570b9,1,959460,959471,966996,963856,7525,7536,11,0,0,0
967022,ad998c01-1e2a-896d-b1ea-2de7537205fd,1,959466,959471,967022,966734,7551,7556,5,0,0,0
967005,19bd811f-7781-9554-ff3e-713f3de6bfb3,1,959468,959471,967005,967044,7534,7537,3,0,0,0
967092,3ca7598c-a25c-8226-4f0d-f4a029af1b6a,1,959412,959471,967092,968843,7621,7680,59,0,0,0
969996,f922add6-7186-ef6b-b8b1-d6d7e1e7b715,8,872491,872505,969996,934703,97491,97505,14,0,0,0
971766,d9b94f22-686c-ddc8-0773-81762143ad90,8,824151,824179,971766,929703,147587,147615,28,0,0,0
973396,a66e336b-4ee4-f491-7d48-b242e79530aa,1,928285,928335,973396,989811,45061,45111,50,0,0,0
973416,86c6f80d-2e21-b3f7-2d76-1600ff5e269d,1,928276,928335,973416,957744,45081,45140,59,0,0,0
974134,a4662312-9f06-01f1-f73b-816bf8739ca8,1,928277,928335,974134,971997,45799,45857,58,0,0,0
974159,36b09f3a-47ab-9dec-3353-463a22715462,8,703601,703638,974159,1007750,270521,270558,37,0,0,0
974720,d3505d77-2e28-f3db-9a37-e58f1fee2d49,1,928276,928335,974720,965420,46385,46444,59,0,0,0
976369,24de83a4-cbc0-1b8d-10d1-48d605faf54f,4,975717,975717,976369,976301,652,652,0,0,0,0
976376,50f2eaaa-fb4f-22b3-8046-2efc4bcedda0,8,970929,970986,976376,974041,5390,5447,57,0,0,0
976482,ba4c6c7e-146b-3081-2edf-965e8cb0d577,8,970926,970926,976482,976742,5556,5556,0,0,0,0
976619,a32ef32e-10b3-082c-864e-9863fe4c3f18,8,970929,970986,976619,974665,5633,5690,57,0,0,0
976810,5918eb3d-c3e0-5cc4-caa1-b8586d94b9c5,1,928280,928335,976810,968111,48475,48530,55,0,0,0
978010,dc60fbae-c8d5-1ba1-b72b-22a0423d243c,1,928275,928275,978010,976423,49735,49735,0,0,0,0
978016,71add11e-da2e-d5d0-de54-014287306e88,1,928280,928335,978016,956938,49681,49736,55,0,0,0
978285,dd7c874e-2812-135c-2de1-09a105b07b6b,1,928276,928335,978285,994214,49950,50009,59,0,0,0
978555,2792893a-3114-209c-e424-d7ad83b6303a,1,928276,928335,978555,1000253,50220,50279,59,0,0,0
978750,b4da6bec-6b37-02e3-9752-5bcb7365c06c,1,928279,928335,978750,970043,50415,50471,56,0,0,0
979790,3d1158d7-aa9b-6bb1-d3aa-7f3e595aaee8,1,928278,928335,979790,973269,51455,51512,57,0,0,0
980574,d36e4385-5aa7-6bc5-03d3-4dc1f1f0feb7,8,945218,945251,980574,973021,35323,35356,33,0,0,0
985532,38c98f42-7366-2425-59bc-5b56aee4441b,1,983601,983647,985532,984859,1885,1931,46,0,0,0
985553,700c0df7-9dc2-4a72-539f-1e832f18c628,1,983589,983647,985553,986392,1906,1964,58,0,0,0
985551,4155eead-b19c-f3b7-c6a3-e9ffe4bea994,1,983592,983647,985551,985877,1904,1959,55,0,0,0
985573,ede5c016-ee79-4884-ac05-34e62e44a141,1,983613,983647,985573,986155,1926,1960,34,0,0,0
985573,6e25cad1-bb37-265e-5358-681a8ec9592c,1,983614,983647,985573,986109,1926,1959,33,0,0,0
985572,dcf8cfff-4e4a-a9dc-4c0d-d91b0c6f0834,1,983623,983647,985572,986428,1925,1949,24,0,0,0
985567,b68b55b9-53bc-649d-a77f-3a7689f8d11d,1,983626,983647,985567,985117,1920,1941,21,0,0,0
985608,04c7c344-9356-764d-32e7-6f92d4d9206d,1,983587,983587,985608,986295,2021,2021,0,0,0,0
985647,de7fd6fa-02db-6c2d-99c4-749d5b813508,1,983588,983647,985647,986519,2000,2059,59,0,0,0
985630,e2e8604b-286a-07ff-7569-726a87e2f9ef,1,983593,983647,985630,986208,1983,2037,54,0,0,0
985623,0a90652b-abae-5473-f343-12d1780ced9b,1,983601,983647,985623,985538,1976,2022,46,0,0,0
985614,58de039c-9902-ddbb-53ee-bc5b87573e7b,1,983604,983647,985614,984800,1967,2010,43,0,0,0
985612,25557ce6-fbd5-3739-ebdd-329b019ce2b5,1,983607,983647,985612,985966,1965,2005,40,0,0,0
985609,42beb8e1-e02f-f3e1-96d8-6589da925810,1,983628,983647,985609,986494,1962,1981,19,0,0,0
985594,833ed126-2f46-de78-721d-ee97fe4dfbb7,1,983628,983647,985594,986383,1947,1966,19,0,0,0
985618,4f410cd0-f00b-9e33-c389-56880fa5b80b,1,983628,983647,985618,984913,1971,1990,19,0,0,0
985852,73ec0847-bea1-4170-ada2-f6983c255b28,1,936271,936306,985852,1009069,49546,49581,35,0,0,0
985977,331882f3-4401-23b3-c7a9-f9f692814197,1,936186,936186,985977,993520,49791,49791,0,0,0,0
986453,624d1294-b46c-0adc-a93f-db80a158da4f,1,983616,983647,986453,986690,2806,2837,31,0,0,0
986477,a31bc1c7-db3c-3484-a9b8-014ccaf2d0ae,1,983590,983647,986477,987231,2830,2887,57,0,0,0
986496,cfca8aa5-49b4-22c8-b16c-8f7d19cf5d31,1,983598,983647,986496,987551,2849,2898,49,0,0,0
986505,6798516e-0b1b-e596-8c50-f201bbd387f0,1,983610,983647,986505,985677,2858,2895,37,0,0,0
986485,914edc2f-6f6e-9fd6-4173-fa36e9dba48e,1,983624,983647,986485,985630,2838,2861,23,0,0,0
986531,efffba21-574b-3c27-59db-33506f521045,1,983598,983647,986531,986103,2884,2933,49,0,0,0
986531,b99c00af-4672-7e58-bf71-67ff3e0664b9,1,983599,983647,986531,986604,2884,2932,48,0,0,0
986532,ababb6d2-f8e4-ea98-ffe0-328476906519,1,983603,983647,986532,986303,2885,2929,44,0,0,0
986562,343dfca1-1f8a-c3a7-78f7-c994814f248c,1,983607,983647,986562,985641,2915,2955,40,0,0,0
986545,90bbbc35-c4e6-ed80-697f-2b8214537d9c,1,983607,983647,986545,985141,2898,2938,40,0,0,0
986514,e32cd9e5-e2de-7e47-8d64-ac7d1df93121,1,983607,983647,986514,986621,2867,2907,40,0,0,0
986556,3f99a593-7bc7-00b9-e3f4-a88c3c15f854,1,983609,983647,986556,985555,2909,2947,38,0,0,0
986521,94ea0fc5-eed4-ce63-929e-798b53fbf38d,1,983619,983647,986521,987713,2874,2902,28,0,0,0
986571,c8cdb20a-b790-c330-bc96-1b583c22c6d0,1,983619,983647,986571,987934,2924,2952,28,0,0,0
986528,b9d49d42-cd41-dc26-ba98-ff8dec9365de,1,983621,983647,986528,985817,2881,2907,26,0,0,0
986561,7fef0825-ecae-3e9b-ead5-15f69142e536,1,983626,983647,986561,987277,2914,2935,21,0,0,0
987020,01612c06-4ebf-db31-75e8-8c9544078f44,8,851282,851282,987020,1023529,135738,135738,0,0,0,0
988224,5cfa51a4-ef70-ce93-ba93-43d0a323bb6b,8,703862,703862,988224,1102343,284362,284362,0,0,0,0
988680,206d8826-a639-e40a-c7e1-a71b264cc3e1,1,983600,983647,988680,987033,5033,5080,47,0,0,0
988691,e46f21ad-5950-97e5-ab38-2f3cb37d6a6d,1,983591,983647,988691,988171,5044,5100,56,0,0,0
988704,95df76fa-a793-9786-6274-d2e4e168dc74,1,983592,983647,988704,990238,5057,5112,55,0,0,0
988722,88cfc8d8-41f3-9007-9679-46dbb090732c,1,983619,983647,988722,990537,5075,5103,28,0,0,0
988719,e27398e4-e42f-bbce-e125-7bf5f609aeea,1,983620,983647,988719,989789,5072,5099,27,0,0,0
988754,1512c9d9-e86e-b8ce-3011-7e7525e7df60,1,983590,983647,988754,986616,5107,5164,57,0,0,0
988790,62f9235d-d89d-b636-381e-778c3353ed7e,1,983591,983647,988790,986751,5143,5199,56,0,0,0
988781,32d0e359-657b-f27f-a23e-c35e68adb173,1,983591,983647,988781,988329,5134,5190,56,0,0,0
988797,cdaa90f3-a94f-a403-7943-6bdb305f5a47,1,983601,983647,988797,987436,5150,5196,46,0,0,0
988781,54992a26-32f7-53a3-539e-42c71a0c64d4,1,983610,983647,988781,990455,5134,5171,37,0,0,0
988765,f63d3d66-16ba-37dc-0e04-533eb63f1f85,1,983620,983647,988765,990454,5118,5145,27,0,0,0
988831,f90d98ac-3905-c96d-745f-36ba6b164829,1,983602,983647,988831,986257,5184,5229,45,0,0,0
988812,279099a6-b35d-5195-5bd1-9a4361f30978,1,983611,983647,988812,989475,5165,5201,36,0,0,0
988852,e85f1169-a137-f12e-fde3-bd88a396d412,1,983615,983647,988852,986621,5205,5237,32,0,0,0
988917,ebf80c62-e582-fbe9-5096-649b7604c3dc,1,983588,983647,988917,989468,5270,5329,59,0,0,0
988921,57b9032a-e3b4-a514-1b90-13962606a163,1,983628,983647,988921,987790,5274,5293,19,0,0,0
990904,a0b48ea7-b2ae-7aa0-896f-e8bccac6b6dc,1,788109,788109,990904,969633,202795,202795,0,0,0,0
991613,c6126c8c-1022-ecec-a91a-8be1bb220c84,8,484774,484774,991613,883713,506839,506839,0,0,0,0
994254,c00962b6-1f7d-a28a-e35a-41fdf9945a48,8,945183,945191,994254,1010930,49063,49071,8,0,0,0
994412,2d52b315-0f63-4d73-28c5-80a3a90c46dd,8,940562,940562,994412,1000113,53850,53850,0,0,0,0
996644,bcec5779-c28d-ce5b-d947-6e89f7c6b0f8,1,994372,994407,996644,995585,2237,2272,35,0,0,0
997007,75a8aca0-c652-7380-dc63-bd88a436b6e0,1,994355,994407,997007,997986,2600,2652,52,0,0,0
997109,45f2d033-8e73-c4ae-cea5-58ac1049f462,1,994362,994407,997109,995941,2702,2747,45,0,0,0
997212,dbd90ecb-c6b0-a217-b8b1-166e00f4dde2,1,994352,994407,997212,996553,2805,2860,55,0,0,0
997239,453dc56c-d9c2-bee7-97fb-d9bd5fa03efc,1,994666,994701,997239,998074,2538,2573,35,0,0,0
997299,d8b16367-52de-4556-5a04-17d6fef6968e,1,994606,994641,997299,997091,2658,2693,35,0,0,0
997316,64104a0c-de94-c208-23e8-cd777a2b1078,1,994607,994641,997316,996687,2675,2709,34,0,0,0
997385,9c30676d-e38d-ce1b-a484-236016240f8b,1,994594,994641,997385,997295,2744,2791,47,0,0,0
997349,540bb488-45f3-9d26-a11a-c462ed527842,1,994643,994701,997349,997972,2648,2706,58,0,0,0
997383,6cda8b21-f7f8-5885-ee07-12216dd8a49b,1,994661,994701,997383,997997,2682,2722,40,0,0,0
997352,87755eeb-70fc-f948-9601-0017dfa5f519,1,994671,994701,997352,996772,2651,2681,30,0,0,0
997375,6db4b218-4254-71ef-3c40-d97e8468dd87,1,994676,994701,997375,997906,2674,2699,25,0,0,0
997377,77e64592-15a0-6786-ffda-7e1b9046e1b3,1,994760,994761,997377,997190,2616,2617,1,0,0,0
997397,6f019201-7649-2a5a-dc26-488fc7e4e4a1,1,994656,994701,997397,997290,2696,2741,45,0,0,0
997410,fdb3b012-23bb-d521-aebc-430d11235d03,1,994684,994701,997410,997440,2709,2726,17,0,0,0
997418,e04d1f26-5e68-4fa3-4155-d1b04e457fba,1,994775,994821,997418,997640,2597,2643,46,0,0,0
997467,67a4455d-1853-9fd8-08bd-141a34e384e9,1,994595,994641,997467,996139,2826,2872,46,0,0,0
997479,682c60e1-2c06-f5f0-6bc7-f0176036d458,1,994649,994701,997479,997134,2778,2830,52,0,0,0
997480,5351c13f-3ef7-fac6-a16e-9d621040d73a,1,994748,994761,997480,998381,2719,2732,13,0,0,0
997477,66f51f1d-add3-678c-e2c3-fd05c3f12d51,1,994771,994821,997477,998104,2656,2706,50,0,0,0
997483,6472c6d1-f9a2-43bf-cd25-a0b85950d916,1,994780,994821,997483,997869,2662,2703,41,0,0,0
997527,929c3a32-aed2-f8b2-065a-1e3a01ac6595,1,994714,994761,997527,998223,2766,2813,47,0,0,0
997553,1028eb8c-eaf8-173c-ab11-e053b74e980f,1,994725,994761,997553,996587,2792,2828,36,0,0,0
997556,c732fad8-a0d4-88b3-8c27-0b00cb09ebeb,1,994771,994821,997556,997281,2735,2785,50,0,0,0
997589,6b076a99-a605-a523-79bb-a057b53e1bdf,1,994368,994407,997589,996453,3182,3221,39,0,0,0
997835,748b6746-79c2-4680-5fcf-d9cb5e254ecb,1,994348,994407,997835,999429,3428,3487,59,0,0,0
997911,85ea9907-d76e-899c-38f2-b44147565325,1,994641,994641,997911,997455,3270,3270,0,0,0,0
997979,c4b8b825-e647-3b2a-b2a3-a44b0587ab2b,1,994351,994407,997979,998039,3572,3628,56,0,0,0
997978,a9a82028-60be-335e-1b30-d09f77720fe8,1,994657,994701,997978,999163,3277,3321,44,0,0,0
998043,a1c15161-c770-6b9f-449e-9e9a51e0dac6,1,994585,994641,998043,998357,3402,3458,56,0,0,0
998056,0a3fc92a-f3e6-e26b-fed8-b2c18d300b42,1,994632,994641,998056,999734,3415,3424,9,0,0,0
998018,62fe7a33-a435-82ff-f6d9-26c93fc95e42,1,994641,994641,998018,999296,3377,3377,0,0,0,0
998028,fe443921-21c9-c380-5b7f-234a686e3b8f,1,994647,994701,998028,996733,3327,3381,54,0,0,0
998071,44481e17-6e5d-4152-d7a9-f561fe82e7db,1,994705,994761,998071,996593,3310,3366,56,0,0,0
998119,4e939d98-45a1-ec1e-9e3c-2bee49b07892,1,994610,994641,998119,998091,3478,3509,31,0,0,0
998095,d0a67355-3902-e18f-e191-6a1b8fc15b4e,1,994629,994641,998095,997164,3454,3466,12,0,0,0
998133,976a6a0c-2b27-f5e1-f0db-5d151cdb60d5,1,994665,994701,998133,998754,3432,3468,36,0,0,0
998101,e7b035cc-edc4-11c5-7f8b-0f959f9426fa,1,994673,994701,998101,996804,3400,3428,28,0,0,0
998076,bceca94a-7a2e-f3cd-283a-c54a1a4252c0,1,994689,994701,998076,999477,3375,3387,12,0,0,0
998083,7bb36bb7-e544-701e-73eb-7d282ff1af09,1,994720,994761,998083,997415,3322,3363,41,0,0,0
998107,acf116cc-4bea-fa28-5e36-fd4e6b61673d,1,994760,994761,998107,997746,3346,3347,1,0,0,0
998129,878caff9-b1a4-78f6-e6d7-52cae5871cc6,1,994771,994821,998129,996731,3308,3358,50,0,0,0
998174,4dcc9ef7-d119-9319-2d34-3d0a4d7ff3ab,1,994642,994701,998174,997419,3473,3532,59,0,0,0
998145,5d07fe2d-18f2-b45f-cee1-4aae1405c9d4,1,994658,994701,998145,997073,3444,3487,43,0,0,0
998186,7f8a5502-9cdf-4051-a494-ea714a6ea5ec,1,994676,994701,998186,999594,3485,3510,25,0,0,0
998168,0f7a9eee-05eb-0cff-4bf8-4d76430783fc,1,994780,994821,998168,998627,3347,3388,41,0,0,0
998221,5b3f05f7-9cda-4673-cae8-fc6bd7975fc0,1,994638,994641,998221,997978,3580,3583,3,0,0,0
998202,a53ab312-603c-22aa-a3cd-5b5c1ef879f7,1,994697,994701,998202,997259,3501,3505,4,0,0,0
998227,f7285385-f830-e393-6dbe-245c562c5280,1,994701,994701,998227,999644,3526,3526,0,0,0,0
998205,8510dce4-9b6c-2ac3-e58d-b9f0d63b6459,1,994710,994761,998205,997686,3444,3495,51,0,0,0
998201,9470bfaf-c328-19e3-8ee9-269348b7cd13,1,994739,994761,998201,999487,3440,3462,22,0,0,0
998416,aa9b4221-50bf-1233-73b6-4e2a47f8fac9,1,994770,994821,998416,998577,3595,3646,51,0,0,0
998475,8db706da-8eac-de07-bf9c-e4ad6461e232,1,994360,994407,998475,997343,4068,4115,47,0,0,0
998453,c8511e32-9245-e222-48c0-0d79319a0c35,1,994370,994407,998453,998022,4046,4083,37,0,0,0
998566,1c71bd90-b721-d52e-f129-e0b5774e0e00,1,994648,994701,998566,999541,3865,3918,53,0,0,0
998609,f614fd80-d700-dcd8-9a71-7d0b16ba4c42,1,994616,994641,998609,997811,3968,3993,25,0,0,0
998699,f45708ca-1d29-0d5b-b4f3-122edff65371,1,994595,994641,998699,998971,4058,4104,46,0,0,0
998752,0e98ef71-40a9-7916-c92e-d274f8358c78,1,994594,994641,998752,997710,4111,4158,47,0,0,0
998722,52561ba8-9080-7009-584b-1741384a94e2,1,994595,994641,998722,997388,4081,4127,46,0,0,0
998753,415b6651-3a3e-3cd6-de0e-af91667924fe,1,994629,994641,998753,999355,4112,4124,12,0,0,0
998714,e91af345-78e8-af1e-a764-88bbe6d853d1,1,994634,994641,998714,997788,4073,4080,7,0,0,0
998756,da56fd5d-c64e-2a1c-b83a-b9ea4ad71979,1,994723,994761,998756,1000252,3995,4033,38,0,0,0
998707,cb56cb87-2c3e-ee43-c7a8-d80259716fba,1,994738,994761,998707,998276,3946,3969,23,0,0,0
998796,ae4f4c7a-f3a7-d442-4312-1aa9e6c88e40,1,994362,994407,998796,998174,4389,4434,45,0,0,0
998801,62a2886b-e7f1-ba43-ace5-7e3d28277d21,1,994366,994407,998801,999289,4394,4435,41,0,0,0
998784,e4947b41-7a41-2e43-11a9-1c9508cbc8bd,1,994638,994641,998784,998205,4143,4146,3,0,0,0
998815,8d97337e-44bd-fba0-9156-51e922e2dfd7,1,994655,994701,998815,999265,4114,4160,46,0,0,0
998779,a5d2f1c3-3de8-69b4-827d-d561397dbecd,1,994670,994701,998779,998062,4078,4109,31,0,0,0
998812,af582048-6c54-9fbf-e9a4-620bfca9bbcd,1,994680,994701,998812,1000538,4111,4132,21,0,0,0
998809,efcf9fdf-05a5-f3d7-ce7f-52bfb4c6d134,1,994699,994701,998809,998315,4108,4110,2,0,0,0
998762,89fb5233-409a-86d8-bc0b-0e15c517ab13,1,994727,994761,998762,1000357,4001,4035,34,0,0,0
998869,6e0434ca-7032-f15f-ec8b-1fc5b32afff4,1,994683,994701,998869,999806,4168,4186,18,0,0,0
998821,24577767-d553-af67-89b8-5f2cd6322ddf,1,994687,994701,998821,998567,4120,4134,14,0,0,0
998865,83136504-f38e-fdb2-2ecb-538ae855dc75,1,994706,994761,998865,998310,4104,4159,55,0,0,0
998840,4ae61df0-39ca-1c03-bb86-491575d929f3,1,994717,994761,998840,998995,4079,4123,44,0,0,0
998893,0d5fcb66-2180-92f1-72b8-49ccdfa16da2,1,994654,994701,998893,999023,4192,4239,47,0,0,0
998955,48af7920-10f0-7aa3-c8c1-97f05fc8fc10,1,994754,994761,998955,997934,4194,4201,7,0,0,0
999110,58f3e0c6-2814-2966-df76-085b6a1e94c6,1,994588,994641,999110,1000294,4469,4522,53,0,0,0
999174,8376fa25-f2b7-d783-3604-53913b757ed6,1,994667,994701,999174,997072,4473,4507,34,0,0,0
999207,e26202ce-cfa6-f711-257b-ba8c282ec8a2,1,994632,994641,999207,999676,4566,4575,9,0,0,0
999196,76c901af-da46-cffe-f499-524e5e2bba58,1,994715,994761,999196,997569,4435,4481,46,0,0,0
999322,7b104383-ef01-8574-197b-8c848b4177cb,1,994352,994407,999322,998829,4915,4970,55,0,0,0
999326,bbda4bda-b718-22be-a827-6f6a7c3d2297,1,994691,994701,999326,998971,4625,4635,10,0,0,0
999374,be7491d2-79bc-98eb-2bc7-3e0ec6c683df,1,994711,994761,999374,1001304,4613,4663,50,0,0,0
999436,3c6ecd74-e169-9e3a-8085-4c3c21a198d5,1,994349,994407,999436,999951,5029,5087,58,0,0,0
999567,bac39634-4095-b08f-fad8-5e23a6ec34e6,1,994674,994701,999567,1000114,4866,4893,27,0,0,0
999624,33bee8b3-c7ed-ad1d-b5d7-87223daf815c,1,994581,994581,999624,1001547,5043,5043,0,0,0,0
999611,118f79b5-1282-217e-5c1e-fd81065d45a4,1,994620,994641,999611,998100,4970,4991,21,0,0,0
999621,165ea3db-e9de-dc92-ce86-477003bbad2c,1,994646,994701,999621,997126,4920,4975,55,0,0,0
999666,d7a03351-1a08-9f08-3eb7-e8f6160c0301,1,994600,994641,999666,997841,5025,5066,41,0,0,0
999666,f0e4e47a-1d46-bb02-f089-55f98548645e,1,994606,994641,999666,999860,5025,5060,35,0,0,0
999631,c611fa92-695e-b290-bbef-78a73865275e,1,994703,994761,999631,999685,4870,4928,58,0,0,0
999730,829cd850-ecb2-8cc9-9a18-fbfd7b7b57c9,1,994355,994407,999730,1002254,5323,5375,52,0,0,0
999743,1a35b6b0-58a1-196f-27a3-8eef7a03be5a,1,994359,994407,999743,999392,5336,5384,48,0,0,0
999710,52d75563-2fb0-c5f6-4d35-dd4b5e108f8e,1,994647,994701,999710,1002094,5009,5063,54,0,0,0
999730,850f188e-3770-897f-9f99-6680d7c245ee,1,994680,994701,999730,998784,5029,5050,21,0,0,0
999744,7a376600-3dc2-5c01-be16-7dbb6155146d,1,994745,994761,999744,997420,4983,4999,16,0,0,0
999741,315247f9-e949-a1d4-c520-13b98db0e826,1,994761,994761,999741,1000556,4980,4980,0,0,0,0
999760,5529cea5-b21e-4ee8-dd0f-06f0e57a4211,1,994623,994641,999760,1002114,5119,5137,18,0,0,0
999761,f6fd010e-e207-4c2a-2b9f-bae2e22314dd,1,994778,994821,999761,998162,4940,4983,43,0,0,0
999841,5639da7c-aab6-ca8e-4c3f-1fbc7c0e1249,1,994751,994761,999841,999192,5080,5090,10,0,0,0
999831,8ca47e38-f2ae-59fe-95db-aa1fcfd6f04b,1,994767,994821,999831,997597,5010,5064,54,0,0,0
999891,cd2a35ee-3ea6-26aa-fa0b-00e5822c908b,1,994630,994641,999891,999278,5250,5261,11,0,0,0
999981,558105d4-2715-d9c4-3003-76ed064f3e6e,1,994599,994641,999981,999611,5340,5382,42,0,0,0
1000027,15559318-c7d5-c015-4d8d-fdb1b951d034,1,994629,994641,1000027,998455,5386,5398,12,0,0,0
1000035,ab37232a-af31-2a66-ee64-1357a42f4f0f,1,994660,994701,1000035,998776,5334,5375,41,0,0,0
999998,10883ee9-6540-8099-58c6-ba1c62496409,1,994737,994761,999998,999489,5237,5261,24,0,0,0
1000012,f69c87bd-7af3-7532-0dbb-411f1450c845,1,994768,994821,1000012,998713,5191,5244,53,0,0,0
1000082,f01a823d-76aa-c3ef-4560-e2e8b1734d0c,1,994722,994761,1000082,999362,5321,5360,39,0,0,0
1000088,4f588a79-2e80-30ef-d126-3547a0d72e18,1,994733,994761,1000088,1000367,5327,5355,28,0,0,0
1000146,d8529aa9-552f-8ee5-4fc3-7d484bd6ba14,1,994660,994701,1000146,1001026,5445,5486,41,0,0,0
1000146,3599bd3b-b00e-91d0-a1f1-9e0d4514c182,1,994689,994701,1000146,998640,5445,5457,12,0,0,0
1000145,178b7900-8655-d169-9cbe-77df2a330dca,1,994734,994761,1000145,1000694,5384,5411,27,0,0,0
1000204,c93b0c30-0d30-f5fe-1e11-26c04bf60100,1,994745,994761,1000204,1002566,5443,5459,16,0,0,0
1000193,739502ba-ce8e-0608-60a2-be1823d8b678,1,994768,994821,1000193,1000576,5372,5425,53,0,0,0
1000286,d6c4f317-baa4-2321-ca5a-e6cac953a1b2,1,994706,994761,1000286,1001434,5525,5580,55,0,0,0
1000578,6c698108-ef31-331e-49ed-3659c1266d71,1,994631,994641,1000578,1000002,5937,5947,10,0,0,0
1001703,e1b1b1fa-aef5-0b95-73ad-b2b9083ad540,1,994347,994347,1001703,1000958,7356,7356,0,0,0,0
1001713,43a7d28a-798c-4918-e611-51c4f45327c5,1,994350,994407,1001713,1000021,7306,7363,57,0,0,0
1001746,772ecd14-db87-294d-2a50-fb2b27afedce,1,994612,994641,1001746,1003739,7105,7134,29,0,0,0
1001807,74dd81fe-3a2d-1ea0-a482-542378fb1048,1,994673,994701,1001807,1002529,7106,7134,28,0,0,0
1001912,f9483633-a058-2784-b2f8-4702d20ca6ba,1,994650,994701,1001912,1003179,7211,7262,51,0,0,0
1001913,6226cbd9-cf95-3a96-197b-ac73939322dc,1,994720,994761,1001913,1003178,7152,7193,41,0,0,0
1002007,c2f29515-2f4d-b2ae-c74e-2aa47d902195,1,994605,994641,1002007,1004543,7366,7402,36,0,0,0
1002000,34bef63b-d395-ace0-f0a6-f31819b583df,1,994713,994761,1002000,1001539,7239,7287,48,0,0,0
1002013,dd296a34-a2d9-3c57-0673-4a079bf00dec,1,994730,994761,1002013,1000856,7252,7283,31,0,0,0
1001983,57d6ec89-6648-99bf-9462-282d81a79354,1,994759,994761,1001983,1000716,7222,7224,2,0,0,0
1002063,4318512f-3c5d-2cac-3ff6-6b2ee972846d,1,994347,994347,1002063,1003662,7716,7716,0,0,0,0
1002067,a03544b5-f38f-a29f-1f45-eee668b4dac9,1,994686,994701,1002067,1005446,7366,7381,15,0,0,0
1002075,701b86a5-dda4-b594-a3ba-3c6245aaf4ca,1,994734,994761,1002075,1005110,7314,7341,27,0,0,0
1002135,3c90566e-ff49-3786-c29d-081469a7216b,1,994730,994761,1002135,1001185,7374,7405,31,0,0,0
1002098,445c0a67-b2e3-0049-8ce0-f7b3d4f2a702,1,994732,994761,1002098,1004693,7337,7366,29,0,0,0
1002089,7ccbd907-19bf-997c-c0a3-d5c9439b6596,1,994758,994761,1002089,1004692,7328,7331,3,0,0,0
1002203,f9900256-1919-cfda-7fb1-6070817f806d,1,994640,994641,1002203,1005858,7562,7563,1,0,0,0
1002167,c58ec65c-226f-dfe2-0536-b3ab56cd6199,1,994732,994761,1002167,998652,7406,7435,29,0,0,0
1002198,e350bac8-3060-4595-f602-c9ecb5bcdabc,1,994766,994821,1002198,1005173,7377,7432,55,0,0,0
1002249,3e572559-074f-8e60-ef16-69d659a9ed98,1,994620,994641,1002249,1001334,7608,7629,21,0,0,0
1002209,8222c407-7afc-d8e8-d9ee-ea3a47124272,1,994640,994641,1002209,1003639,7568,7569,1,0,0,0
1002223,a55a8075-f3fc-f68a-c638-531d79723d6e,1,994682,994701,1002223,1003158,7522,7541,19,0,0,0
1002238,11d2c097-be58-8941-7cec-ae382c5d15df,1,994689,994701,1002238,998694,7537,7549,12,0,0,0
1002240,7bfe7c24-a3cd-41f9-aa22-835b3112d689,1,994692,994701,1002240,1004775,7539,7548,9,0,0,0
1002289,7d661dd0-e8c0-e7ea-80b6-090fa7a9fc27,1,994679,994701,1002289,1005691,7588,7610,22,0,0,0
1002287,449b806a-4321-2a65-0bb4-c7f539d30b12,1,994680,994701,1002287,1003470,7586,7607,21,0,0,0
1002314,08a979aa-c602-0231-0c7f-f4388f8d6d88,1,994737,994761,1002314,1005685,7553,7577,24,0,0,0
1002338,54b195b2-86cb-cfd5-0170-a35d863d2e50,1,994607,994641,1002338,1001537,7697,7731,34,0,0,0
1002400,eeb22b06-411b-fe24-1d6e-3277af403656,1,994695,994701,1002400,1004871,7699,7705,6,0,0,0
1002403,c148a441-ec69-f750-d71d-93349c20ac24,1,994733,994761,1002403,998744,7642,7670,28,0,0,0
1002437,b80189df-03b1-71b4-b95c-f918288105f6,1,994751,994761,1002437,1004057,7676,7686,10,0,0,0
1002393,1f7b9d6c-1040-81b0-e3fd-6fb5988c52cc,1,994753,994761,1002393,1000965,7632,7640,8,0,0,0
1002416,1a4e04ea-36ca-eae8-09e0-12d3596204cd,1,994771,994821,1002416,998729,7595,7645,50,0,0,0
1002534,2b6b9ebe-b595-9781-1888-e2ac4f50f57a,1,994596,994641,1002534,1001891,7893,7938,45,0,0,0
1002546,07a0b6a5-0e43-ea9c-df77-de197643f3af,1,994623,994641,1002546,1005720,7905,7923,18,0,0,0
1002535,3247379a-5821-b04e-e41d-1121e363ea65,1,994662,994701,1002535,1006146,7834,7873,39,0,0,0
1002590,ef115a68-998e-6ef6-7310-0bc52bd6bcf2,1,994677,994701,1002590,1001943,7889,7913,24,0,0,0
1002552,8b296d44-39ac-bccd-7bbb-8aec2964dfd0,1,994745,994761,1002552,1005837,7791,7807,16,0,0,0
1002546,b60afdb9-0f2e-0f33-1668-a17ef58f4f83,1,994760,994761,1002546,1005767,7785,7786,1,0,0,0
1002605,9cd3af17-3a7a-4608-51f9-dc17cd9b6f8a,1,994612,994641,1002605,1002388,7964,7993,29,0,0,0
1002715,618249ab-54d7-5eda-9c8f-db2589abc100,1,994745,994761,1002715,1005693,7954,7970,16,0,0,0
1002726,58323d3c-5ce4-3498-310e-3a42e14fc4a8,1,994702,994761,1002726,1005257,7965,8024,59,0,0,0
1002760,049f2eaf-cc5f-b7a3-0ac6-b49ef811ad43,1,994763,994821,1002760,1004328,7939,7997,58,0,0,0
1002799,5229a5ab-55c6-e3c0-9b8c-6dd85bdf7840,1,994602,994641,1002799,1001888,8158,8197,39,0,0,0
1002816,ec3679e4-6f65-7114-5d9a-bf9f16cebe0e,1,994722,994761,1002816,1005731,8055,8094,39,0,0,0
1002892,292bff23-0060-fd80-b750-fcfe55bbcc75,1,994658,994701,1002892,998760,8191,8234,43,0,0,0
1002836,a1dc2f28-3e0e-429f-7d9f-e0b9d7aa58b9,1,994667,994701,1002836,1003974,8135,8169,34,0,0,0
1002838,decf14fe-56a4-1daa-01fe-56ac9700aef5,1,994710,994761,1002838,999096,8077,8128,51,0,0,0
1002923,5fed0683-d506-7263-c2ca-cf32284e35c0,1,994753,994761,1002923,1001832,8162,8170,8,0,0,0
1004047,b4953ee2-0e1c-ea33-0d9e-98e465130794,1,994617,994641,1004047,1006895,9406,9430,24,0,0,0
1004119,ebfab51c-49b7-4979-20ae-030dd7414f16,1,994607,994641,1004119,1005560,9478,9512,34,0,0,0
1004189,8db18dd3-1386-b21c-829c-595766901b01,1,994727,994761,1004189,1004899,9428,9462,34,0,0,0
1004194,a3ddde01-599c-1989-4fec-e6cdc6a1976e,1,994624,994641,1004194,1004502,9553,9570,17,0,0,0
1004304,bd2f9ad4-f141-72d6-3e36-ca82bcc7e0c0,1,994671,994701,1004304,1003372,9603,9633,30,0,0,0
1004281,ceebdf33-4e1a-80d3-36e8-5013e9ceca06,1,994700,994701,1004281,1000074,9580,9581,1,0,0,0
1004268,a13bf2b2-ae2d-efe6-84c0-33b9e67e5162,1,994711,994761,1004268,1004484,9507,9557,50,0,0,0
1004472,a15056b3-7168-3cce-f7ec-141d94a4803d,1,994743,994761,1004472,1002820,9711,9729,18,0,0,0
1004514,ba6ad5f2-2939-25c2-f7dd-d5f881982acb,1,994729,994761,1004514,1007676,9753,9785,32,0,0,0
1004629,deae3015-3034-07d3-0814-b253d3d274e7,1,994382,994407,1004629,1008988,10222,10247,25,0,0,0
1004663,503d127f-de32-76aa-84fd-8b86d398b5f8,1,994588,994641,1004663,1007272,10022,10075,53,0,0,0
1004657,c5ab4ea2-5adf-2bc3-ccf9-494a27c9c32d,1,994684,994701,1004657,1006634,9956,9973,17,0,0,0
1004804,018c9339-abda-2ea5-e4a7-367e49a939ae,1,994645,994701,1004804,1006285,10103,10159,56,0,0,0
1004813,5c9adfda-d5a5-1662-d355-3244745ce974,1,994621,994641,1004813,1000865,10172,10192,20,0,0,0
1004822,d5718050-9672-3bc5-7e6e-aec1e45ee674,1,994665,994701,1004822,1001638,10121,10157,36,0,0,0
1004902,e8369e4e-34cb-91ef-5976-8f621678e5dd,1,994608,994641,1004902,1005569,10261,10294,33,0,0,0
1004910,3d2ee00b-1504-639e-5cbb-d96ee13747b2,1,994633,994641,1004910,1007370,10269,10277,8,0,0,0
1004907,4015c6e5-6c7d-9a64-5391-3d7c3a28bdd8,1,994657,994701,1004907,1005086,10206,10250,44,0,0,0
1004977,ccc28d02-dc3e-65a5-763d-2cb076f37594,1,994626,994641,1004977,1002438,10336,10351,15,0,0,0
1004929,48a1dc58-c33d-d4df-ceba-9cde6eb9c721,1,994709,994761,1004929,1002222,10168,10220,52,0,0,0
1005030,2ecf705f-62d6-9a1c-921e-43bc57f5b57c,1,994615,994641,1005030,1007836,10389,10415,26,0,0,0
1005011,52366e9a-b865-4fa6-0c02-cc5be14984f7,1,994778,994821,1005011,1007630,10190,10233,43,0,0,0
1005075,89f49226-ea20-41f6-aa0e-3f68eb87a9e5,1,994717,994761,1005075,1002182,10314,10358,44,0,0,0
1005136,e0b7e6eb-9f67-7164-b563-5b8c8888eaf8,1,994613,994641,1005136,1003912,10495,10523,28,0,0,0
1005210,0e802b28-c4bf-1d47-4e65-655746138c46,1,994706,994761,1005210,1002068,10449,10504,55,0,0,0
1007195,f647a444-4066-df2a-af64-b78874e21218,1,994377,994407,1007195,1005962,12788,12818,30,0,0,0
1008245,c7987c94-e659-aa83-415c-838666cb2a87,1,994759,994761,1008245,1003052,13484,13486,2,0,0,0
1008253,77f09cff-5690-2e61-114c-9d9b3c762c88,1,994712,994761,1008253,1009225,13492,13541,49,0,0,0
1008450,ec3ec303-951a-53f5-a67d-14de8b3d2465,1,994767,994821,1008450,1006782,13629,13683,54,0,0,0
1008487,4c4e7230-2462-1d1f-9b6e-889deecf21dc,1,994647,994701,1008487,1012770,13786,13840,54,0,0,0
1008872,6812ea07-d2a9-6df5-4cbd-e3896871df7a,1,994652,994701,1008872,1011349,14171,14220,49,0,0,0
1008914,fa3b7719-192c-c8f3-2869-70cd1f737422,1,994725,994761,1008914,1004965,14153,14189,36,0,0,0
1009312,49faff7d-fcd3-a383-a8f3-7759f3aa78ac,1,994740,994761,1009312,1002200,14551,14572,21,0,0,0
1009340,2544a65a-014a-374a-5089-00c239dd6128,1,994361,994407,1009340,1008597,14933,14979,46,0,0,0
1009390,b0e7ce7f-c85f-1fce-1aad-8d215d5d1a6d,1,994351,994407,1009390,1004644,14983,15039,56,0,0,0
1009527,7de73f01-915e-e0d5-5cc5-5eddd90ee8f6,1,994606,994641,1009527,1011874,14886,14921,35,0,0,0
1009533,6685d271-1be1-e52e-1df5-26e9ede13416,1,994749,994761,1009533,1016773,14772,14784,12,0,0,0
1009617,da28fb27-5a9d-3681-a3cb-fa1a00b8118d,1,994711,994761,1009617,1006053,14856,14906,50,0,0,0
1009627,fe2b561a-88cb-7f41-ce80-7c662cfbcebe,1,994773,994821,1009627,1003742,14806,14854,48,0,0,0
1009692,b8f520e5-cafe-1f3c-552f-e19f69df4271,1,994365,994407,1009692,1006555,15285,15327,42,0,0,0
1009870,d06d8d41-23d8-b38f-fa2b-ded45c2cbc24,1,994765,994821,1009870,1004224,15049,15105,56,0,0,0
1009874,8314f79b-148a-593c-fd05-82dfd940f141,1,994690,994701,1009874,1013675,15173,15184,11,0,0,0
1009987,ff0bcde0-ab2b-a5ea-08e9-cc0ca913c5e7,1,994623,994641,1009987,1015578,15346,15364,18,0,0,0
1009978,b34277aa-7db1-7129-a120-fe2d9752df2a,1,994629,994641,1009978,1015524,15337,15349,12,0,0,0
1010227,a08fd754-ddf9-0860-97b0-952cca4ab22b,1,994696,994701,1010227,1008862,15526,15531,5,0,0,0
1010271,6473f64b-2506-60d1-57e4-51ad59f5dd59,1,994708,994761,1010271,1002906,15510,15563,53,0,0,0
1010670,3f94ddc4-ee14-262e-291f-c31a5d23d078,8,942588,942588,1010670,1036502,68082,68082,0,0,0,0
1013612,352f5d9b-1435-7ff0-c5c0-0df610a42655,8,1012700,1012700,1013612,1013898,912,912,0,0,0,0
1013671,c433ff15-40bb-c15d-fb3c-b57d3962961d,1,792740,792749,1013671,1111486,220922,220931,9,0,0,0
1015588,e9dba94d-e5cf-f0b0-a444-0e69aa3acf32,1,792689,792689,1015588,1056755,222899,222899,0,0,0,0
1017774,67fb088c-6928-9b49-5457-cc0e0779c3dc,1,787415,787437,1017774,1104406,230337,230359,22,0,0,0
1018824,6eb0f457-f1f4-c130-8b99-4c881de7eaf8,1,1018131,1018190,1018824,1018888,634,693,59,0,0,0
1018849,a2d1d276-4b02-b12a-7b16-9925839d2ecc,1,1018130,1018130,1018849,1018671,719,719,0,0,0,0
1020266,35d636fa-04d7-51d5-06a4-2e912cf38dbd,1,1019441,1019441,1020266,1020023,825,825,0,0,0,0
1020592,4a9e3599-7e2a-b184-c030-11c8b3753d10,1,1019441,1019441,1020592,1020611,1151,1151,0,0,0,0
1022953,85c24e25-ec42-cbf3-3593-06c2fa103f5e,1,1022177,1022177,1022953,1022723,776,776,0,0,0,0
1023230,e6d7169e-8825-73b7-792d-1255f403ae41,1,1022177,1022177,1023230,1023520,1053,1053,0,0,0,0
1023279,2593b1ff-9be2-bb33-2580-aedfd4d2fa91,1,1022177,1022177,1023279,1023315,1102,1102,0,0,0,0
1024937,f477caab-c2e3-794a-dfb6-4946ae9aeae7,1,1024065,1024106,1024937,1024623,831,872,41,0,0,0
1024954,2df2b590-0604-9d11-065b-f2c2b46b5a43,1,1024062,1024106,1024954,1025115,848,892,44,0,0,0
1025021,4454f507-82bb-4ee7-419e-581e995a2af4,1,1024063,1024106,1025021,1024804,915,958,43,0,0,0
1025105,2307ef8e-c992-2d3f-b510-43a00c6c4036,1,1024054,1024106,1025105,1025270,999,1051,52,0,0,0
1025095,4ede0c74-e53c-5fa0-b9d9-0019759a7215,1,1024055,1024106,1025095,1024581,989,1040,51,0,0,0
1025101,c7d01308-bcd6-aaf0-c360-f9a43e81537c,1,1024055,1024106,1025101,1025109,995,1046,51,0,0,0
1025079,901c8a06-a2ac-b255-abbd-c44698bf9cec,1,1024056,1024106,1025079,1025423,973,1023,50,0,0,0
1025100,f721ee9e-04f0-174b-2d1d-12abc444cdfa,1,1024064,1024106,1025100,1024942,994,1036,42,0,0,0
1025168,38ed7f36-9c3d-7f3d-5c89-d4cae1e8f56c,1,1024056,1024106,1025168,1025213,1062,1112,50,0,0,0
1025154,1faa7ea9-eda2-8a9b-49e5-64325b87fd8a,1,1024066,1024106,1025154,1025449,1048,1088,40,0,0,0
1025222,c4b5d457-28d3-3d36-7ef4-f20cfc7e2f36,1,1024057,1024106,1025222,1025200,1116,1165,49,0,0,0
1025213,56d8a365-58ca-0bb6-c7f8-bfb79a8ffba0,1,1024059,1024106,1025213,1024794,1107,1154,47,0,0,0
1025185,e62ebeb8-1194-c42d-e397-0440cbc4949c,1,1024066,1024106,1025185,1025219,1079,1119,40,0,0,0
1025308,ccb54193-8843-7627-7efd-f266e2ebbe7c,1,1024056,1024106,1025308,1025636,1202,1252,50,0,0,0
1025329,fe7f98d3-d60e-d53b-1cae-4d982e77e9d3,1,1024063,1024106,1025329,1025354,1223,1266,43,0,0,0
1025454,a5c2cd9a-80fd-d798-4d64-12b55844061c,1,1024064,1024106,1025454,1024739,1348,1390,42,0,0,0
1027144,2e792807-7ddd-ee59-aa5f-5a1fb81aa5da,8,866149,866182,1027144,1088306,160962,160995,33,0,0,0
1028305,b32f7e9d-68ce-2dab-4b42-531e8c96f442,1,1027683,1027683,1028305,1028144,622,622,0,0,0,0
1028364,8288b86f-7881-e3a5-7dde-91e5047fe1f1,1,1027685,1027743,1028364,1028182,621,679,58,0,0,0
1028500,96ff6898-cc0f-1764-679d-f90abac67663,1,1027683,1027683,1028500,1028731,817,817,0,0,0,0
1031060,fd9b7abb-063b-1dcf-ba40-a0e70e7d2633,1,1030379,1030438,1031060,1030756,622,681,59,0,0,0
1031072,31b5b4f3-b7e4-d8d6-dd68-044c2b353860,1,1030379,1030438,1031072,1030783,634,693,59,0,0,0
1031172,12254594-fe0a-63d4-d33b-3d7b09f1a513,1,1030378,1030378,1031172,1030846,794,794,0,0,0,0
1031354,a6b84134-160c-26aa-573e-8f0916ca4dd2,1,1030394,1030438,1031354,1031121,916,960,44,0,0,0
1031372,7ed66a19-c1f8-0f12-fca8-be8f1258b4be,1,1030395,1030438,1031372,1030872,934,977,43,0,0,0
1031416,f37b8dcd-47d2-38c7-761d-08a221d11bc1,1,1030394,1030438,1031416,1031339,978,1022,44,0,0,0
1031515,2b1122a9-58a6-f302-46dd-93be33f6f1fa,1,1030395,1030438,1031515,1031264,1077,1120,43,0,0,0
1031565,b11fbcb1-561a-4932-a26b-5b45b8d72019,1,1030393,1030438,1031565,1031087,1127,1172,45,0,0,0
1031792,9821b639-3dbf-bef8-9850-29339b3e80d1,1,1030393,1030438,1031792,1031311,1354,1399,45,0,0,0
1033550,b5382521-ba4c-64c8-54be-606fdb3122d6,4,1024046,1024046,1033550,1036316,9504,9504,0,0,0,0
1034310,a9b36358-513c-1078-16d9-834294c5deac,4,1023882,1023882,1034310,1029112,10428,10428,0,0,0,0
1035558,51a8d3f6-7e0f-7852-5375-55f9aaf2fcf8,4,1024475,1024475,1035558,1037818,11083,11083,0,0,0,0
1040693,db84b447-1efb-0d4e-f4cc-2cbfb2a1286b,8,872034,872071,1040693,1083868,168622,168659,37,0,0,0
1042507,e32b7839-58bf-9169-b41a-00e612093299,1,787341,787377,1042507,1168822,255130,255166,36,0,0,0
1042857,2b9dd54f-a302-01a0-1a6b-e29e17330041,8,972623,972647,1042857,1025310,70210,70234,24,0,0,0
1044707,2f602875-1ad6-13fa-6bac-47f6afc077f0,8,803606,803606,1044707,987513,241101,241101,0,0,0,0
1045923,16e5c1d6-bb2f-d4a5-8527-731bf7ed1118,8,872653,872653,1045923,1114141,173270,173270,0,0,0,0
1050489,69752202-7441-43a3-b82b-f0d06e1359b1,1,1017422,1017422,1050489,1045062,33067,33067,0,0,0,0
1051011,f6238c12-0c2e-28a4-1797-5736d690e5d8,1,1017423,1017482,1051011,1057118,33529,33588,59,0,0,0
1051086,a6542f5d-211a-ab49-d133-6a794b74a50e,1,1017433,1017482,1051086,1049145,33604,33653,49,0,0,0
1051168,994a9f83-4b8f-ef3b-bfab-0351ec4f3182,1,1017431,1017482,1051168,1047713,33686,33737,51,0,0,0
1051508,beb929ec-f850-f1f5-0151-0636d9903e5e,1,1017430,1017482,1051508,1037953,34026,34078,52,0,0,0
1051882,4fb02553-2097-8946-9e80-618325f24578,1,1017425,1017482,1051882,1048014,34400,34457,57,0,0,0
1052093,28246679-2279-a0e5-dea4-5f20e00eae75,1,1017424,1017482,1052093,1049902,34611,34669,58,0,0,0
1053944,c9d2a29a-b48f-ec6b-9679-16a7cb7fa50a,8,987896,987896,1053944,1029683,66048,66048,0,0,0,0
1056244,b0e971f7-69f2-18ac-2954-e5ca4e5c138e,8,1049498,1049498,1056244,1056506,6746,6746,0,0,0,0
1056305,8d52ed24-c998-d612-5dfc-3fd54171c9a8,1,1017428,1017482,1056305,1066542,38823,38877,54,0,0,0
1062962,11e6f619-3f8a-db5d-4f2f-9a4ecb93a300,1,1017430,1017482,1062962,1077768,45480,45532,52,0,0,0
1063205,a27e6d51-743c-9ec3-a020-c134fc5eb319,1,1017428,1017482,1063205,1050369,45723,45777,54,0,0,0
1063379,2bb11fea-095c-7256-c5aa-7ca70891e0b2,1,1017423,1017482,1063379,1071854,45897,45956,59,0,0,0
1063385,483475ec-d99c-2e30-8d09-5402839dae13,1,1017424,1017482,1063385,1084015,45903,45961,58,0,0,0
1063570,0f249ffd-f4fb-78e9-3368-65e33ee98232,1,787379,787437,1063570,1030169,276133,276191,58,0,0,0
1063698,344c869a-be6c-05f7-c58e-eba59df7d6d9,1,1017424,1017482,1063698,1085486,46216,46274,58,0,0,0
1063762,1ec6ce97-aa08-0c87-796e-a07ddcda97ca,1,1017425,1017482,1063762,1082346,46280,46337,57,0,0,0
1063877,4af818ee-cb75-2dcc-075c-840b6a770668,1,1017433,1017482,1063877,1056457,46395,46444,49,0,0,0
1064037,0ff37c14-58e8-3dfe-035a-64ff4b8894e2,1,1017432,1017482,1064037,1054030,46555,46605,50,0,0,0
1064693,90731c25-236c-ab07-5ff2-c67a5432d7b6,1,1017427,1017482,1064693,1046324,47211,47266,55,0,0,0
1064973,6dff1964-d088-7817-cace-8ecc4ac94cc4,1,1017427,1017482,1064973,1074951,47491,47546,55,0,0,0
1065078,03d3b2cf-389b-ce7b-2a05-263f619994f1,1,1017430,1017482,1065078,1055231,47596,47648,52,0,0,0
1065428,b47fd85d-24eb-e8df-5eab-26d8d320be3d,8,875137,875137,1065428,989331,190291,190291,0,0,0,0
1065452,4d712bab-8320-661d-b1ab-492e2e771938,1,1017431,1017482,1065452,1052734,47970,48021,51,0,0,0
1065906,4ec848d4-5550-c70c-c641-504a77c137de,1,1017425,1017482,1065906,1044623,48424,48481,57,0,0,0
1067129,9cb7d7f4-7fb2-a00a-977d-acacf6f7a72d,1,1017429,1017482,1067129,1075635,49647,49700,53,0,0,0
1068566,12761e96-6a95-7475-fac8-73c79c497346,1,1017429,1017482,1068566,1071944,51084,51137,53,0,0,0
1069120,284e5609-d2bf-1195-803d-b17df3bad09b,1,1017424,1017482,1069120,1050163,51638,51696,58,0,0,0
1069333,20938805-827c-f763-d494-6cfd8742f328,8,1023059,1023059,1069333,1059605,46274,46274,0,0,0,0
1082454,94ea89d2-9924-f349-3f6d-ec06de826252,8,1081630,1081630,1082454,1082403,824,824,0,0,0,0
1096696,04375b69-a0a3-0dfa-3d5c-57b7994b00c8,8,1066086,1066086,1096696,1089296,30610,30610,0,0,0,0
1099236,3e8b36d2-587d-2490-031d-4e8d542383de,8,1053727,1053727,1099236,1104825,45509,45509,0,0,0,0
1103911,574d4b56-5ec9-3ee9-8b6f-0495447d6be2,1,1096460,1096460,1103911,1105195,7451,7451,0,0,0,0
1107276,cf260e0d-2b3a-d892-63d4-542af7ca4ec7,1,1099866,1099866,1107276,1109973,7410,7410,0,0,0,0
1107965,b00669a1-2f06-367a-9a57-5a808f239b2e,1,1100611,1100614,1107965,1111273,7351,7354,3,0,0,0
1108460,3f0c9001-a5c2-2221-6892-eda3bc81ddf7,1,1101055,1101055,1108460,1108594,7405,7405,0,0,0,0
1108501,1f3138b3-3988-ac6a-52be-47c885585910,1,1100903,1100903,1108501,1110260,7598,7598,0,0,0,0
1108661,8022ceda-af14-a01b-a4f7-6ba4e5058f52,1,1101294,1101294,1108661,1109093,7367,7367,0,0,0,0
1112801,d899d7c4-62f6-0ee4-9d6d-9aefeccdbe20,1,1105242,1105242,1112801,1112689,7559,7559,0,0,0,0
1113009,10d6b451-671e-41cd-272f-60e9973a9b28,1,1105443,1105443,1113009,1113534,7566,7566,0,0,0,0
1113934,0a082062-b296-9584-c5f5-faa216cff264,1,1106296,1106296,1113934,1112468,7638,7638,0,0,0,0
1114144,8f765fa8-76bb-32c2-f2f6-e391a01304b4,1,1106529,1106529,1114144,1111510,7615,7615,0,0,0,0
1116295,0d20805b-2f6d-cf6f-e870-720b733d3219,1,1108638,1108638,1116295,1115277,7657,7657,0,0,0,0
1116649,4bbc561c-0f42-489a-d423-88d7466a0ae7,1,1108871,1108871,1116649,1114625,7778,7778,0,0,0,0
1116799,42dc3f35-bae3-82c7-f6a2-6e43d311a718,1,1109238,1109238,1116799,1120274,7561,7561,0,0,0,0
1116906,77e01c5a-5498-a545-1bb3-f503ed2856d4,1,1109314,1109314,1116906,1119936,7592,7592,0,0,0,0
1117115,ff80d07c-401e-7016-21ad-d66aefb9c10d,1,1109673,1109673,1117115,1120784,7442,7442,0,0,0,0
1117514,820fa300-dbb1-bb7e-1cc7-ccfaf9a4bc8a,1,1110098,1110098,1117514,1120639,7416,7416,0,0,0,0
1117566,b0b23e22-2f15-f947-669c-d05840e5fd0f,1,1110013,1110013,1117566,1114050,7553,7553,0,0,0,0
1117923,c236b3b2-c28c-462f-42fa-7a506d9240b6,1,1110428,1110428,1117923,1118842,7495,7495,0,0,0,0
1117983,b74c3719-d4bd-f69b-71b9-ca55b6dae5f9,1,1110254,1110254,1117983,1119107,7729,7729,0,0,0,0
1118642,66eddb58-1eb2-a2bf-e61b-c5d0880e3461,1,1111051,1111051,1118642,1119753,7591,7591,0,0,0,0
1118680,f74e2aad-229a-c1cc-ade2-4e621ba4935f,1,1110979,1110979,1118680,1115103,7701,7701,0,0,0,0
1118757,63e07b88-e091-30ce-82a6-2da5c798d84b,1,1111256,1111256,1118757,1122316,7501,7501,0,0,0,0
1119023,41342f66-e61d-d8b0-4b78-b2c401c6a795,1,1111566,1111566,1119023,1116478,7457,7457,0,0,0,0
1119726,98c5a516-c478-b479-691f-1ee082d37a54,1,1112196,1112246,1119726,1118500,7480,7530,50,0,0,0
1120040,00a99f9d-c99c-8c2a-051a-9fb1977f1124,1,1112498,1112498,1120040,1121110,7542,7542,0,0,0,0
1120334,0f733fc1-ba45-d41b-8343-0870608ae784,8,1052286,1052286,1120334,1148701,68048,68048,0,0,0,0
1120786,0d39e4d2-087f-6432-8e08-c535efb8dcd5,1,1113333,1113333,1120786,1117785,7453,7453,0,0,0,0
1120925,ee64eced-8e52-11e7-4448-df7a79c4867c,1,1113440,1113453,1120925,1123937,7472,7485,13,0,0,0
1120965,d59c4f54-a126-c044-91bf-fd694a3bc318,1,1113337,1113393,1120965,1121611,7572,7628,56,0,0,0
1121361,2fc97a80-3183-5955-e377-30061f069a0f,8,1052525,1052525,1121361,1149357,68836,68836,0,0,0,0
1121393,0a84d549-b323-3a40-97fc-4769eb3539e5,1,1113726,1113747,1121393,1117846,7646,7667,21,0,0,0
1121890,e3cff9a7-cca4-93bf-d962-163def78b47b,1,1114430,1114430,1121890,1124442,7460,7460,0,0,0,0
1121921,a4924990-c74f-162f-c909-250a5d778872,8,1052759,1052759,1121921,1152920,69162,69162,0,0,0,0
1122050,c5ddfc01-f7bb-d4c3-975a-280b84e27ba6,1,1114470,1114490,1122050,1120002,7560,7580,20,0,0,0
1136909,0a1bc4e6-ae35-3027-9531-5bcef5c65232,8,612225,612225,1136909,1325345,524684,524684,0,0,0,0
1141230,3c6058fa-4a7c-b8fc-ba4d-d289824a5090,4,990508,990508,1141230,1191614,150722,150722,0,0,0,0
1146200,45314a6d-3b79-a324-d8c5-8aecca32007e,1,1144878,1144878,1146200,1145637,1322,1322,0,0,0,0
1152984,b7c2e65f-ba36-2976-63f9-9bd433d80e97,1,1145292,1145292,1152984,1149976,7692,7692,0,0,0,0
1153102,46d98a23-dfa8-b4bf-65ab-33f93d2bdad8,1,1145559,1145594,1153102,1151186,7508,7543,35,0,0,0
1153210,0783413d-0515-5c89-ac5d-a6b90010ef23,1,1145534,1145534,1153210,1153780,7676,7676,0,0,0,0
1153235,64462f46-3461-2380-1560-c94dde180245,1,1145642,1145654,1153235,1150768,7581,7593,12,0,0,0
1153497,1c363aab-fa4a-f286-df44-04eb099459f3,1,1145863,1145863,1153497,1153541,7634,7634,0,0,0,0
1153787,f09faaab-7762-d118-0fd8-ef066e8d142c,1,1146116,1146116,1153787,1154784,7671,7671,0,0,0,0
1153932,0955cbcb-e25c-db57-b7f2-ea29375235e7,1,1146301,1146301,1153932,1151679,7631,7631,0,0,0,0
1154118,e55b7c08-8bdc-8de2-4a89-2a013ac1ea8f,1,1146428,1146428,1154118,1156264,7690,7690,0,0,0,0
1154137,c4146f8f-854d-48fb-96ad-ae225b99313f,1,1146586,1146586,1154137,1154955,7551,7551,0,0,0,0
1154195,c9733b50-1aa5-3c7d-8603-538647f3d1bf,1,1146611,1146646,1154195,1150972,7549,7584,35,0,0,0
1154348,563944a9-520b-84f6-ba16-4462ecfb6b4e,1,1146678,1146706,1154348,1152199,7642,7670,28,0,0,0
1154463,97d2185f-e861-77b8-6b8d-39b6fa0200f1,1,1146776,1146826,1154463,1155623,7637,7687,50,0,0,0
1154692,0cda118d-facd-8b79-9ef4-936e5c442bd9,1,1146923,1146946,1154692,1154435,7746,7769,23,0,0,0
1154763,06949ee8-e3a5-e932-f050-53d64ee87764,1,1147026,1147066,1154763,1152988,7697,7737,40,0,0,0
1154996,3e004705-12cc-ebd5-639e-36110c3d2b9f,8,1093071,1093071,1154996,1136592,61925,61925,0,0,0,0
1155160,8f49d38d-04d5-9ec7-0493-476ac30dc6d1,1,1147458,1147458,1155160,1153015,7702,7702,0,0,0,0
1155132,db2ee589-b8e6-9a48-e830-ddb7f5cb676b,1,1147470,1147518,1155132,1153364,7614,7662,48,0,0,0
1155120,cb53c7e0-e46a-03a7-d94f-fee115978679,1,1147523,1147578,1155120,1153865,7542,7597,55,0,0,0
1155195,81b923db-3aae-3b6b-7da1-47e3a95af4fe,1,1147458,1147458,1155195,1157045,7737,7737,0,0,0,0
1155279,cedb2f98-90d2-9bfa-2a93-f811f21e0d5f,1,1147633,1147638,1155279,1153841,7641,7646,5,0,0,0
1155243,1c215aa9-e75d-e50c-45da-d60e73d651d0,1,1147784,1147818,1155243,1155262,7425,7459,34,0,0,0
1155305,fada058d-7850-4108-9bd2-35418a85cccf,1,1147643,1147698,1155305,1156722,7607,7662,55,0,0,0
1155325,22524bc6-58ae-cc70-392e-2fdf886c46b7,1,1147747,1147758,1155325,1158318,7567,7578,11,0,0,0
1155416,a889014c-aff2-6625-ee51-b508032483c6,1,1147956,1147956,1155416,1157567,7460,7460,0,0,0,0
1155881,ff329212-cf02-41da-8abd-ab18fb7e4501,8,1093105,1093131,1155881,1183927,62750,62776,26,0,0,0
1155914,d8b7f3ef-961e-40c2-bb38-14454186bf5a,1,1148474,1148474,1155914,1153228,7440,7440,0,0,0,0
1155901,3772d002-a287-79cf-7474-832cd6b18e71,1,1148543,1148594,1155901,1156053,7307,7358,51,0,0,0
1155948,a85f1fbb-0e7b-3532-dd16-7b2601a602dc,1,1148525,1148534,1155948,1156126,7414,7423,9,0,0,0
1156182,00fb8888-bbd8-fc71-69a5-e208c3f814c8,1,1148732,1148732,1156182,1157338,7450,7450,0,0,0,0
1156498,e88fc5a4-90d7-c491-db98-7ef387b1eb12,1,1149007,1149029,1156498,1154862,7469,7491,22,0,0,0
1156543,0170033b-e173-0241-7c3a-64e2aab88322,1,1149104,1149104,1156543,1159509,7439,7439,0,0,0,0
1156568,7474046b-c917-093d-5358-e69a0f1a3b47,1,1149176,1149176,1156568,1156781,7392,7392,0,0,0,0
1157064,9c95861b-8407-e00a-0ccf-64506af1170e,1,1149458,1149491,1157064,1156911,7573,7606,33,0,0,0
1157279,9c1bffdf-e76f-6bf2-95ce-1e04d0759f54,1,1149663,1149676,1157279,1156745,7603,7616,13,0,0,0
1157516,ed9384c1-2a9f-5a5a-9e61-af453cd76bc9,1,1149940,1149961,1157516,1158742,7555,7576,21,0,0,0
1157815,95eed93a-9cb1-6d9c-2cbb-cd3cbcd89cc4,1,1150429,1150441,1157815,1154630,7374,7386,12,0,0,0
1157848,4d7791f8-e9d2-4b5c-b8e9-e6ca08815160,1,1150438,1150441,1157848,1156704,7407,7410,3,0,0,0
1157984,e4930783-d3eb-2f88-8e40-83faecc2b683,1,1150513,1150513,1157984,1160629,7471,7471,0,0,0,0
1158007,62e446f5-dfbd-d639-b7ee-d2157e2b614e,1,1150513,1150513,1158007,1158849,7494,7494,0,0,0,0
1158294,3a4ef9fd-17f1-f0d1-3b00-e12d2fa908b1,1,1150854,1150893,1158294,1161500,7401,7440,39,0,0,0
1158718,ac0aedf0-7e56-b18f-81f9-a00e9e20223d,1,1151206,1151206,1158718,1158272,7512,7512,0,0,0,0
1158823,dd2427e0-ba94-452d-d080-d924bb600af0,1,1151246,1151266,1158823,1159836,7557,7577,20,0,0,0
1158923,fc82f603-cd2e-17a3-00f7-2a78ef2388aa,1,1151410,1151410,1158923,1156053,7513,7513,0,0,0,0
1159069,95b8b74b-a338-2893-79f0-c7b5894fb7de,1,1151486,1151486,1159069,1159952,7583,7583,0,0,0,0
1159162,af28dc81-2fbf-5a31-15f2-d48efb5557c4,1,1151762,1151766,1159162,1158143,7396,7400,4,0,0,0
1159274,90a9f290-cbc4-4e51-7281-1fdf587151c7,1,1151706,1151706,1159274,1156903,7568,7568,0,0,0,0
1159277,b90202e7-4e62-2d9b-909e-9d293bf8e714,1,1151708,1151766,1159277,1159044,7511,7569,58,0,0,0
1159460,91fab5a7-95cf-e913-95d4-74992e749e47,1,1151842,1151886,1159460,1160594,7574,7618,44,0,0,0
1159479,f185e00c-7fa6-ad29-f70b-8712020597ce,1,1151953,1151953,1159479,1156246,7526,7526,0,0,0,0
1159531,46d1f636-6065-f7a6-672c-70da4742835f,1,1151986,1152013,1159531,1160238,7518,7545,27,0,0,0
1159774,effe48e2-8d2d-a100-f89b-68a59e5109bf,1,1152163,1152163,1159774,1157610,7611,7611,0,0,0,0
1159763,a5d1a9be-0f71-a8e1-2c32-d21a3d8d4833,1,1152204,1152223,1159763,1157724,7540,7559,19,0,0,0
1159793,8f7fbbbb-0af6-4c1b-edbe-a9638d951cbb,1,1152345,1152348,1159793,1161570,7445,7448,3,0,0,0
1160011,c5127b93-9103-93cb-477f-f54c4d5db634,1,1152421,1152468,1160011,1159005,7543,7590,47,0,0,0
1160177,ef27f5ad-ab31-cf73-a947-3481c178be0e,1,1152435,1152468,1160177,1162382,7709,7742,33,0,0,0
1160188,0cd22c7d-a75d-9819-302f-fa44c4f8cb17,1,1152677,1152677,1160188,1158419,7511,7511,0,0,0,0
1160398,41d3d456-db62-01de-e6f7-9fe1754c573d,1,1152834,1152870,1160398,1162979,7528,7564,36,0,0,0
1160468,6e4691e0-8295-5645-1e84-2edd2e398fbb,1,1152828,1152870,1160468,1162169,7598,7640,42,0,0,0
1160501,dd033ae7-4e47-3086-390f-6f872b413c37,1,1152926,1152930,1160501,1163900,7571,7575,4,0,0,0
1160985,50350f85-6a93-5ce7-1c5f-68a0e8d338b4,1,1153249,1153304,1160985,1158282,7681,7736,55,0,0,0
1161037,ad811dcb-8f6f-0489-67eb-ea29cd295aa0,1,1153404,1153404,1161037,1157527,7633,7633,0,0,0,0
1161104,08534a62-7576-5f4d-8fd1-edcafbf993f8,1,1153446,1153464,1161104,1161791,7640,7658,18,0,0,0
1161420,56896490-9dc4-6fd3-e39c-b178b01a38fc,1,1153719,1153719,1161420,1160223,7701,7701,0,0,0,0
1161534,8e7a79a8-20ae-2bc2-0e1a-484fbd7b6a08,1,1153887,1153899,1161534,1161154,7635,7647,12,0,0,0
1161718,9348d9b5-f68a-6313-ba75-9ceffe79bc48,1,1154111,1154139,1161718,1162644,7579,7607,28,0,0,0
1161795,fc14ec68-d731-a70e-90d2-6139aca5e10d,1,1154095,1154139,1161795,1158685,7656,7700,44,0,0,0
1162077,a819f311-c2cf-423f-03db-ab8498f59593,1,1154473,1154499,1162077,1162282,7578,7604,26,0,0,0
1162182,ff883644-8751-adea-1130-33cacdaccad2,1,1154571,1154619,1162182,1159808,7563,7611,48,0,0,0
1162384,b805cb6c-4d13-ea2b-527a-ebd66f4d131e,1,1154862,1154872,1162384,1163396,7512,7522,10,0,0,0
1162463,30611aa9-2154-bc04-b67b-0ed0cf5f753d,1,1154924,1154932,1162463,1161607,7531,7539,8,0,0,0
1162574,e37030cd-021d-8f94-71b2-5c1d813d64d7,1,1154847,1154872,1162574,1159944,7702,7727,25,0,0,0
1162760,15dd8a26-c181-2daa-be41-5faa1987812d,1,1155161,1155172,1162760,1159706,7588,7599,11,0,0,0
1162859,310f8dff-5669-231f-9063-27826a9f5fe8,1,1155113,1155172,1162859,1160115,7687,7746,59,0,0,0
1162998,ce1077b6-bd09-6f75-41c7-53eb4b09e435,1,1155449,1155476,1162998,1163164,7522,7549,27,0,0,0
1163012,18daec29-da83-0cde-5e9e-689c0ff5f8f3,1,1155247,1155292,1163012,1161446,7720,7765,45,0,0,0
1163127,6890cb25-79fd-03ff-d65d-0eb171c365f5,1,1155435,1155476,1163127,1162942,7651,7692,41,0,0,0
1163174,9a572f88-6dc6-4727-17bf-c249b794465a,1,1155503,1155536,1163174,1161265,7638,7671,33,0,0,0
1163504,457b71e3-7fdc-0091-4f57-901c3690e943,1,1155909,1155919,1163504,1160590,7585,7595,10,0,0,0
1163846,6db27777-5cf2-f8a3-e0ee-4f3f7ea19fde,1,1156050,1156099,1163846,1162532,7747,7796,49,0,0,0
1163923,678c1e7e-a889-735d-6023-6ddfd4c8d684,1,1156192,1156219,1163923,1166872,7704,7731,27,0,0,0
1164049,580ac632-b7bc-2ed6-e516-1380da0dc168,1,1156519,1156549,1164049,1166972,7500,7530,30,0,0,0
1164088,b5ea457e-e736-4a4d-5efb-14f3e01622ef,1,1156555,1156609,1164088,1164848,7479,7533,54,0,0,0
1164118,ebd5e628-eedb-0274-0b55-40166cf439f9,1,1156557,1156609,1164118,1167606,7509,7561,52,0,0,0
1164147,3614833d-e75b-e100-b0fd-b710dd99b95e,1,1156750,1156789,1164147,1163226,7358,7397,39,0,0,0
1164219,48744a78-bbf7-49fe-880c-e403579e8ef2,1,1156763,1156789,1164219,1167236,7430,7456,26,0,0,0
1164212,1e5cb104-2a64-d004-26a8-715be7ccf881,1,1156858,1156909,1164212,1163145,7303,7354,51,0,0,0
1164309,1e5c7b81-4e91-68f2-04d9-c4e9c5910cd0,4,1093712,1093712,1164309,1197847,70597,70597,0,0,0,0
1164345,85cbb2da-9dfb-084e-5ad3-efddfb1f8791,1,1157198,1157198,1164345,1167819,7147,7147,0,0,0,0
1164660,5799fd68-2580-a60a-598f-a47cd55e7df4,1,1157333,1157378,1164660,1165998,7282,7327,45,0,0,0
1165970,57e0711d-b185-d0e1-f8d6-2bed8e0c951e,1,1158326,1158367,1165970,1165062,7603,7644,41,0,0,0
1166449,36611dbf-db3f-6cb9-ba62-b3beccff8f05,4,1093925,1093984,1166449,1175759,72465,72524,59,0,0,0
1166559,92a6c81b-6ab7-be03-fdf5-343d8a4bf19b,4,1093924,1093924,1166559,1202071,72635,72635,0,0,0,0
1169599,4f07771b-8f9f-4305-b2e8-ecfe78bfa564,4,1099392,1099414,1169599,1137711,70185,70207,22,0,0,0
1170222,77449a3b-7499-86e0-fc60-92377ea5e713,4,1099354,1099354,1170222,1145131,70868,70868,0,0,0,0
1170977,776e222f-ed8d-23da-e6a3-b349d1ebc35a,8,1151869,1151886,1170977,1169945,19091,19108,17,0,0,0
1171138,53100a5f-e4d5-c51d-4ed6-52227ec45061,1,1170509,1170509,1171138,1170843,629,629,0,0,0,0
1171561,9e868892-47f6-0018-6f0d-58c71edd6442,8,1151840,1151886,1171561,1168864,19675,19721,46,0,0,0
1172007,8b9ba1ab-51e4-a8ba-6dad-2234b864cdd6,8,1151789,1151826,1172007,1163191,20181,20218,37,0,0,0
1175669,375678f2-b797-5981-3feb-f6f6c1c1e0a9,1,1172884,1172923,1175669,1174988,2746,2785,39,0,0,0
1175709,3dce2e36-c8d9-2803-f08e-66bc7b30c794,1,1172877,1172923,1175709,1177036,2786,2832,46,0,0,0
1175701,bea48b30-a942-b580-35c2-f260b739d2d3,1,1172879,1172923,1175701,1176830,2778,2822,44,0,0,0
1175723,a3635f85-f695-0cda-0552-3e7749de61a5,1,1172880,1172923,1175723,1175674,2800,2843,43,0,0,0
1175721,ce597877-444e-e413-894e-5db4e96f3437,1,1172903,1172923,1175721,1176092,2798,2818,20,0,0,0
1175758,66b84241-82f9-aaff-18c5-5600246a4703,1,1172864,1172923,1175758,1176928,2835,2894,59,0,0,0
1175760,669983dd-8148-f969-b315-7fc7d7f0c8d3,1,1172885,1172923,1175760,1175567,2837,2875,38,0,0,0
1175742,a2d229f8-f518-05e7-1536-f9421363ace6,1,1172895,1172923,1175742,1174818,2819,2847,28,0,0,0
1175776,4567a884-8a17-e1e5-54e7-a66c71bdd837,1,1172898,1172923,1175776,1175276,2853,2878,25,0,0,0
1175735,7ad80111-5e8e-6d7a-c322-f6bbca72a672,1,1172899,1172923,1175735,1174550,2812,2836,24,0,0,0
1176095,21d0b0c9-6b74-3153-9da8-c92c5a26e8dc,1,1172863,1172863,1176095,1175881,3232,3232,0,0,0,0
1176081,1b2686b3-0c84-49a1-a731-2639618fc77c,1,1172882,1172923,1176081,1176482,3158,3199,41,0,0,0
1176081,2073c385-625e-8cb5-0b04-d0f926f06291,1,1172882,1172923,1176081,1176744,3158,3199,41,0,0,0
1176105,01034907-f08f-b2b3-6b19-32fc26ec212c,1,1172868,1172923,1176105,1177104,3182,3237,55,0,0,0
1176143,585c586b-bc95-bdd7-dad1-55906b0aec62,1,1172873,1172923,1176143,1177519,3220,3270,50,0,0,0
1176139,7df7ebee-d1ea-e140-e6a2-e2cfa7b27efe,1,1172874,1172923,1176139,1175681,3216,3265,49,0,0,0
1176139,c3aadb93-bb3e-9556-381d-913d8f049bda,1,1172874,1172923,1176139,1176490,3216,3265,49,0,0,0
1176111,3a35ebfc-3376-9c2e-e931-672c0bf41f33,1,1172875,1172923,1176111,1176261,3188,3236,48,0,0,0
1176155,f7061aba-00ad-36d2-a8d0-5715afd6d2d1,1,1172893,1172923,1176155,1175213,3232,3262,30,0,0,0
1176146,c947b414-7a7f-5ba2-5e89-296cd3e03e2b,1,1172893,1172923,1176146,1177610,3223,3253,30,0,0,0
1176628,31a0d281-6c44-7b8b-06e4-ef0ac7a26844,1,1172885,1172923,1176628,1175475,3705,3743,38,0,0,0
1176682,6dc64338-a6d3-a68f-725d-2f7aa1f11ddf,1,1172874,1172923,1176682,1177932,3759,3808,49,0,0,0
1176632,e3ac63b4-7042-da5a-bf93-7c2da2428bec,1,1172875,1172923,1176632,1175206,3709,3757,48,0,0,0
1176652,97c276c7-185a-f6ed-05a6-de4a387750e7,1,1172876,1172923,1176652,1177913,3729,3776,47,0,0,0
1176649,09dbc270-7a8f-4a8d-7588-be9a0e0db3d0,1,1172879,1172923,1176649,1178061,3726,3770,44,0,0,0
1176666,5bee4a1c-6b42-a238-74f5-cfbb0e079f1e,1,1172887,1172923,1176666,1177938,3743,3779,36,0,0,0
1176632,f0b68063-bfc8-f200-2154-b9f184a56af0,1,1172890,1172923,1176632,1175630,3709,3742,33,0,0,0
1176659,2f200696-7b41-cd99-d345-50bb4511b929,1,1172897,1172923,1176659,1177816,3736,3762,26,0,0,0
1176655,5f3c5bc8-7f48-7a64-66e3-db74d923b3c2,1,1172902,1172923,1176655,1175097,3732,3753,21,0,0,0
1176724,0226d777-5d95-4f92-427b-97b411a4b815,4,1098244,1098244,1176724,1185440,78480,78480,0,0,0,0
1176691,8146fa86-9d1f-6e9a-1e89-8c3a657fd294,1,1172892,1172923,1176691,1177812,3768,3799,31,0,0,0
1177016,e891ac9c-7a21-f274-7c44-002298e41c20,1,1172863,1172863,1177016,1177648,4153,4153,0,0,0,0
1177056,9ad3789c-be16-6ab6-8d74-605befd9ff90,1,1172877,1172923,1177056,1175813,4133,4179,46,0,0,0
1177050,4189456f-020e-de50-85e4-bdd0c133af93,1,1172891,1172923,1177050,1178004,4127,4159,32,0,0,0
1177059,c3deb5e3-b3d1-4679-32f8-cb32a0082d91,1,1172896,1172923,1177059,1178346,4136,4163,27,0,0,0
1177068,3b782371-59a9-ef9c-8b4f-7de74aab1963,1,1172897,1172923,1177068,1175711,4145,4171,26,0,0,0
1177074,76f81140-e860-1ed6-d8ce-4235d1bfa7e1,1,1172900,1172923,1177074,1176018,4151,4174,23,0,0,0
1177091,40367b57-8412-3b3b-8961-d047a67368cd,1,1172866,1172923,1177091,1178563,4168,4225,57,0,0,0
1177113,15fdf6bf-42a4-3c08-3de4-503244a2fb33,1,1172868,1172923,1177113,1176281,4190,4245,55,0,0,0
1177097,d0f67c20-ea5f-861e-23a4-70d528a7ffc8,1,1172869,1172923,1177097,1177634,4174,4228,54,0,0,0
1177101,794f1d22-e444-0537-8150-106b8e8b9c2c,1,1172873,1172923,1177101,1177845,4178,4228,50,0,0,0
1179868,702e4a78-8fc2-6638-d9c4-57441ace444f,8,970929,970986,1179868,1099870,208882,208939,57,0,0,0
1185847,88eecc89-92ff-7def-e3a0-5306844a9492,1,1178432,1178432,1185847,1186189,7415,7415,0,0,0,0
1186056,fd433955-0f42-336f-2c81-95e62ef9bec4,1,1178690,1178690,1186056,1185878,7366,7366,0,0,0,0
1186200,5f5bc89e-bc11-deec-2e92-86516abff765,1,1178818,1178818,1186200,1186206,7382,7382,0,0,0,0
1186444,7b443f5a-b3f4-7a65-15db-c59ee3e6ac8f,1,1179027,1179027,1186444,1185650,7417,7417,0,0,0,0
1186607,2f9e63b1-513c-d0f6-1932-7f7f7b19fb41,4,1048116,1048116,1186607,1121260,138491,138491,0,0,0,0
1186872,11956051-1428-c8cc-f02e-7f1149529409,1,1117137,1117175,1186872,1157005,69697,69735,38,0,0,0
1187157,2cc44d19-49ba-2c33-1dfe-7db59f003be6,1,1117136,1117175,1187157,1157885,69982,70021,39,0,0,0
1187592,674d80ae-6c9d-4c76-81cd-238a94f57e4a,1,1180066,1180066,1187592,1185576,7526,7526,0,0,0,0
1187983,86586933-4512-5297-abb5-3a2b298ba4cb,1,1180629,1180629,1187983,1190483,7354,7354,0,0,0,0
1188358,f58723ba-5818-3535-48f9-b172ce01ec92,1,1117135,1117175,1188358,1197302,71183,71223,40,0,0,0
1188665,fae1ac6c-3260-d819-f0ee-e7811e8abbce,8,1047630,1047630,1188665,1223204,141035,141035,0,0,0,0
1190031,1848f079-5409-793c-4a22-1625a4f6cc03,1,1182562,1182562,1190031,1186509,7469,7469,0,0,0,0
1190489,4ddc86ed-5989-9b2c-3f16-767b5494a882,4,1188460,1188460,1190489,1190691,2029,2029,0,0,0,0
1190562,98bc9bcb-6340-d5be-b1c3-46a5bb93ea0c,1,1183121,1183121,1190562,1192070,7441,7441,0,0,0,0
1190770,fdfa72b3-8c9a-c600-00ee-de604658cc46,4,1188260,1188260,1190770,1190303,2510,2510,0,0,0,0
1191389,892e63d3-8e91-cba2-6674-adb7853e9847,1,1183672,1183672,1191389,1188649,7717,7717,0,0,0,0
1192139,f62489e0-cc98-3327-39f3-ee6af6e40823,4,1191155,1191167,1192139,1191681,972,984,12,0,0,0
1192590,19a06968-c3a3-fbf7-6222-2508d93562d7,4,1191107,1191107,1192590,1192325,1483,1483,0,0,0,0
1192671,6a477618-79a1-84f9-28fd-b354f40cf8c9,4,1191211,1191227,1192671,1192452,1444,1460,16,0,0,0
1193331,e86b719d-502d-53b4-8176-ce50c9052acf,4,1191020,1191020,1193331,1192455,2311,2311,0,0,0,0
1195743,bb208ada-e03b-0eb4-d15f-667de24298b9,8,970930,970986,1195743,1108815,224757,224813,56,0,0,0
1199202,2b383379-1139-6c2c-babf-8571b32e98a7,4,1176215,1176221,1199202,1194442,22981,22987,6,0,0,0
1203189,272329c2-031d-e62a-d73c-e3a8e6dc56ec,1,1164842,1164891,1203189,1185071,38298,38347,49,0,0,0
1203906,7c6392b5-4527-ee4a-d703-e9ec0d5e8256,1,1164847,1164891,1203906,1210347,39015,39059,44,0,0,0
1205226,607b6d1a-27b7-001f-b6b5-efbcdd6906eb,1,1164841,1164891,1205226,1201795,40335,40385,50,0,0,0
1205468,b6cd07b0-bea5-0b40-9ed8-6f2e9c14f841,1,1164844,1164891,1205468,1204766,40577,40624,47,0,0,0
1205510,95bad28c-890c-778a-9f6c-29443dbbdb0f,1,1164839,1164891,1205510,1206598,40619,40671,52,0,0,0
1205577,0f4c6270-3b57-1477-2c79-abcee3165641,1,1164849,1164891,1205577,1204866,40686,40728,42,0,0,0
1206805,ca072063-4597-86eb-c5c9-f39b270f4b1c,1,1164842,1164891,1206805,1217134,41914,41963,49,0,0,0
1206997,8b3d0d71-8d64-0c64-324b-a43b69a94cf8,1,1164850,1164891,1206997,1225645,42106,42147,41,0,0,0
1207743,24b4da50-aa8f-5ad0-1212-209b3a0d08af,1,1164850,1164891,1207743,1196880,42852,42893,41,0,0,0
1208180,edfbdeb6-e006-46e7-a4fa-8e9ed36c6da5,1,1164848,1164891,1208180,1208331,43289,43332,43,0,0,0
1210136,69a8b253-0248-f869-81a5-313b74a88467,8,1164596,1164596,1210136,1225960,45540,45540,0,0,0,0
1210586,d6ec5337-3187-977c-a31a-d2d72545039c,1,1202555,1202602,1210586,1211906,7984,8031,47,0,0,0
1210605,4e850061-ac6b-f176-9af3-4c99f27c717e,1,1202547,1202602,1210605,1207330,8003,8058,55,0,0,0
1210738,36bf7315-54d6-ca2c-e563-e82cbc0aeb03,1,1202542,1202542,1210738,1213692,8196,8196,0,0,0,0
1210758,0f1d97d2-e811-75fc-ccb8-d7aaf9b0c543,1,1202549,1202602,1210758,1213779,8156,8209,53,0,0,0
1210887,6d99463b-f645-0168-a2df-5745f96aff9b,1,1202555,1202602,1210887,1207475,8285,8332,47,0,0,0
1210918,dc431e29-2920-eb93-8780-91eaaf7f6ee4,1,1202556,1202602,1210918,1213872,8316,8362,46,0,0,0
1211062,41490e62-d57f-c1aa-40f6-bc21a54e70d3,1,1202548,1202602,1211062,1206764,8460,8514,54,0,0,0
1211110,3e367e50-7110-fbc6-dac6-c1df261d1898,1,1202550,1202602,1211110,1208505,8508,8560,52,0,0,0
1211128,c58d515c-d09c-5509-3b20-f1c81440ed7b,1,1202544,1202602,1211128,1207518,8526,8584,58,0,0,0
1211184,fa27f646-3ba5-48df-78f4-820d49fb75ee,1,1202555,1202602,1211184,1212080,8582,8629,47,0,0,0
1211324,62365b01-3be9-eef5-aa38-56a72f1cad2f,4,1195930,1195930,1211324,1211262,15394,15394,0,0,0,0
1211351,aa1d4acf-0d59-9901-51b7-4d2553826841,1,1202542,1202542,1211351,1214444,8809,8809,0,0,0,0
1211346,65524d69-120d-9d41-5805-8d8844c488d7,1,1202550,1202602,1211346,1208590,8744,8796,52,0,0,0
1211427,773b4045-6330-019f-0ea7-1a07c3c7371c,1,1202546,1202602,1211427,1214913,8825,8881,56,0,0,0
1211441,79e4de34-05d2-4b57-6e25-03f61b42a6ab,1,1202544,1202602,1211441,1212971,8839,8897,58,0,0,0
1211491,a4db9060-674b-1ca3-b4dd-f98265ec2e8e,1,1202543,1202602,1211491,1214044,8889,8948,59,0,0,0
1211523,11c217b2-7903-4eb3-5d13-5524a0035a4d,1,1202556,1202602,1211523,1211766,8921,8967,46,0,0,0
1211552,3ab79235-addc-e9d2-7800-c8e1b325bbea,1,1202546,1202602,1211552,1214168,8950,9006,56,0,0,0
1211592,c368437b-5e96-d049-67e5-3a600a5918df,1,1202550,1202602,1211592,1210680,8990,9042,52,0,0,0
1211836,9f26090e-b57b-0300-5aca-2fc4626bd0f2,1,1202544,1202602,1211836,1216008,9234,9292,58,0,0,0
1212006,51edfb0d-31a8-dde8-d159-16e4332f7d20,1,1202549,1202602,1212006,1210795,9404,9457,53,0,0,0
1212587,4886692c-9014-77ca-4e2d-c4342e5f8bd0,1,1164844,1164891,1212587,1222242,47696,47743,47,0,0,0
1213960,6f4e1c5c-0fe7-61bd-3d8a-cfae233a2e41,1,1164846,1164891,1213960,1219610,49069,49114,45,0,0,0
1214962,d17837b5-8d77-1476-a354-1b1a254f2507,1,1164871,1164891,1214962,1213640,50071,50091,20,0,0,0
1215178,9c6656ad-411f-b423-45f0-d49150e36a35,4,1203434,1203434,1215178,1212885,11744,11744,0,0,0,0
1215534,4c981f45-d050-c023-582f-63bdef7af84a,1,1164848,1164891,1215534,1217601,50643,50686,43,0,0,0
1216458,9745bdbc-f6e4-b9a1-1545-610b0d5ba144,8,1214047,1214047,1216458,1216522,2411,2411,0,0,0,0
1216481,08d8412a-a60e-6f20-2a35-ac35e6354d10,1,1164844,1164891,1216481,1227885,51590,51637,47,0,0,0
1217526,f8c3145f-30ed-25c6-49f6-8ce8c53042f0,1,1202627,1202662,1217526,1218173,14864,14899,35,0,0,0
1217612,97b51c00-8754-4816-54fa-efbdbd375901,1,1202631,1202662,1217612,1224024,14950,14981,31,0,0,0
1217626,dbd3acc1-ec34-3bc4-aad2-e42703551cce,1,1202625,1202662,1217626,1223957,14964,15001,37,0,0,0
1217727,df4f010e-bad3-0d3f-331b-1837596b4201,1,1202627,1202662,1217727,1210455,15065,15100,35,0,0,0
1217898,a8477e9a-fc32-b056-0210-fedcbcbb3355,1,1202632,1202662,1217898,1212832,15236,15266,30,0,0,0
1217910,7ae8cd63-4f40-0e7b-51ec-f87e4931a8cd,1,1202636,1202662,1217910,1220660,15248,15274,26,0,0,0
1217986,7cfae514-eeb5-0c12-99ae-7580ba5acc37,1,1202630,1202662,1217986,1212256,15324,15356,32,0,0,0
1218251,20e2a671-b3eb-2524-03f8-2e4b81878b82,1,1202629,1202662,1218251,1225529,15589,15622,33,0,0,0
1218275,ac6e366e-7757-9e5b-a35b-90d302e1f469,1,1202637,1202662,1218275,1219170,15613,15638,25,0,0,0
1218343,5ea7db97-a365-d333-9258-7c70edef2194,1,1202623,1202662,1218343,1217145,15681,15720,39,0,0,0
1218446,b1799af4-3424-56b2-a20c-aab4245101a4,1,1202629,1202662,1218446,1225738,15784,15817,33,0,0,0
1218449,b1e238be-6321-08db-980f-963fe88940d6,1,1202630,1202662,1218449,1213285,15787,15819,32,0,0,0
1218512,e737f095-e2f5-180d-c389-368142984fae,1,1202633,1202662,1218512,1212712,15850,15879,29,0,0,0
1218685,799e7637-3b76-c665-e4d6-2d7e6823cb87,1,1202627,1202662,1218685,1212173,16023,16058,35,0,0,0
1218858,a4f7b3e1-ec74-fa58-1f4d-cb8bedbca760,1,1202629,1202662,1218858,1221795,16196,16229,33,0,0,0
1218944,18668f51-2df1-dfcd-199d-b2e8038ea216,1,1202624,1202662,1218944,1212869,16282,16320,38,0,0,0
1219436,c251ce26-0894-c2cb-36cc-28e5343d3d8a,1,1202644,1202662,1219436,1221208,16774,16792,18,0,0,0
1219481,9ef80486-b9f8-8ad5-a342-380b9dd1091a,1,1202626,1202662,1219481,1224175,16819,16855,36,0,0,0
1219452,ccafafa0-874f-c16e-bbdd-f52b2f40f847,1,1202638,1202662,1219452,1222404,16790,16814,24,0,0,0
1219769,33efa68c-5eba-aa68-86a2-062b247e964d,1,1202636,1202662,1219769,1221316,17107,17133,26,0,0,0
1221437,542051f4-eaa0-73c2-9126-06da1a13b23c,1,1215380,1215380,1221437,1219418,6057,6057,0,0,0,0
1221602,e6796de3-b239-65b1-5984-a1456bdd5568,1,1215650,1215650,1221602,1220543,5952,5952,0,0,0,0
1222076,14deab85-4061-8140-4f00-499c610154c4,1,1216126,1216126,1222076,1222628,5950,5950,0,0,0,0
1222378,4547829a-ff38-e24e-3de0-8c5f54986cc3,1,1216327,1216327,1222378,1223353,6051,6051,0,0,0,0
1222620,28503b70-6e40-e60c-2653-feef995e2d90,1,1216423,1216447,1222620,1224995,6173,6197,24,0,0,0
1222916,9b1e916e-e6f7-7371-1bc8-bd7355794ba3,1,1216889,1216889,1222916,1221199,6027,6027,0,0,0,0
1222981,8a3e6454-a98b-0a03-4890-b77bd746ed6e,1,1216962,1216962,1222981,1224676,6019,6019,0,0,0,0
1223823,88bf1335-53d6-a617-2d08-6901da6ad826,1,1216406,1216447,1223823,1226914,7376,7417,41,0,0,0
1224201,201b445f-16b7-17be-6e17-11f77b33e320,1,1202717,1202722,1224201,1230840,21479,21484,5,0,0,0
1224253,b86d8ca3-4daa-74bf-6bc2-9f4ecafa049d,1,1218133,1218133,1224253,1221850,6120,6120,0,0,0,0
1224366,c003cf8b-2ec5-383e-912d-d8b025618808,1,1218154,1218193,1224366,1225347,6173,6212,39,0,0,0
1224459,71f831da-f6e5-15e0-1fb5-8bec87b2b6ff,1,1202716,1202722,1224459,1224769,21737,21743,6,0,0,0
1224486,4344db21-612b-8ebb-7e11-4faced86681a,1,1218238,1218253,1224486,1225654,6233,6248,15,0,0,0
1224527,6c31a0ec-c95f-6d52-4fa8-80ece307b8aa,1,1164831,1164831,1224527,1244055,59696,59696,0,0,0,0
1224708,7c42e905-a58c-0d76-9e7a-913f97ded237,1,1202716,1202722,1224708,1234296,21986,21992,6,0,0,0
1224765,4453a3d7-b956-5b46-2226-6be7b1a80792,1,1202720,1202722,1224765,1213735,22043,22045,2,0,0,0
1224860,f85dea6b-7c03-892a-8532-15b01ed49f7c,1,1164832,1164891,1224860,1217076,59969,60028,59,0,0,0
1224850,f6e1850f-3c77-b9e9-671d-d26eb044ec94,1,1202717,1202722,1224850,1227522,22128,22133,5,0,0,0
1224925,596e0a60-7613-5341-2379-2437451e83ca,1,1202722,1202722,1224925,1216341,22203,22203,0,0,0,0
1225001,611f5146-3ea3-3e05-bd9c-49daadb3952b,1,1218991,1219038,1225001,1225554,5963,6010,47,0,0,0
1225323,0d8d5a25-e9d3-4b1e-1621-1731b18f71d1,1,1202720,1202722,1225323,1216540,22601,22603,2,0,0,0
1225436,b17588f1-6e72-086e-0e75-5738a1ac812f,1,1202720,1202722,1225436,1220774,22714,22716,2,0,0,0
1225543,9a4ca129-dc7d-2385-313f-b856e195b224,1,1202717,1202722,1225543,1220771,22821,22826,5,0,0,0
1225730,37e9abd6-3552-27fd-a777-3d720d010e2a,1,1202715,1202722,1225730,1215083,23008,23015,7,0,0,0
1225839,bceeb376-2f79-a459-3651-6e0a8ef17f31,1,1202727,1202782,1225839,1225902,23057,23112,55,0,0,0
1225899,eccec01a-88c3-ad7f-bbca-ae1b9d8e8d7b,1,1219888,1219888,1225899,1223537,6011,6011,0,0,0,0
1225907,f2cdc154-3306-3184-6455-d0d755fe80f8,1,1202724,1202782,1225907,1223034,23125,23183,58,0,0,0
1225935,e0a48d58-a054-e234-1129-3bd6e6090468,1,1218343,1218373,1225935,1225352,7562,7592,30,0,0,0
1226077,2a13bd92-7248-0fcc-0cb6-3a6f371e47b8,1,1202721,1202722,1226077,1234080,23355,23356,1,0,0,0
1226030,011c0682-c9ed-f4a8-dbc2-05af3ab9c2b7,1,1202724,1202782,1226030,1235748,23248,23306,58,0,0,0
1226180,a13cc189-ea01-9eb7-da78-e9438b2a6e0b,1,1202727,1202782,1226180,1221327,23398,23453,55,0,0,0
1226435,d084a5dd-eaea-cd50-da22-0262eb2ecd55,1,1202718,1202722,1226435,1218123,23713,23717,4,0,0,0
1226742,280b59b3-60fa-ac9c-d6e4-307cc1bcfcf8,1,1202728,1202782,1226742,1236534,23960,24014,54,0,0,0
1226844,f27f85a6-e2fe-1dfb-8636-681c814aeb70,1,1164839,1164891,1226844,1226951,61953,62005,52,0,0,0
1227209,864334d2-30a2-356c-43c2-121ed373d46a,1,1202714,1202722,1227209,1217539,24487,24495,8,0,0,0
1227279,053d3852-db61-b3c4-6c48-6ce87a81bca0,1,1202715,1202722,1227279,1216653,24557,24564,7,0,0,0
1227534,fb4cd442-a4d2-a25c-4c4f-6d8f2743dc90,1,1221504,1221557,1227534,1225829,5977,6030,53,0,0,0
1227596,6f5e837f-7955-b603-23d4-d34df5dc7470,1,1221683,1221683,1227596,1224646,5913,5913,0,0,0,0
1227670,408d5241-400d-4635-2be3-50890b185e75,1,1202718,1202722,1227670,1238934,24948,24952,4,0,0,0
1227811,a3b15919-2eb8-eccb-3c58-3dfe2736b49e,2,527963,527978,1227811,1491417,699833,699848,15,0,0,0
1228540,4554b93f-97fa-1eb7-dfad-bf644afd1cec,1,1222324,1222324,1228540,1228096,6216,6216,0,0,0,0
1228701,3247da55-0dee-e870-6d4b-499e30868de3,4,1228028,1228028,1228701,1228854,673,673,0,0,0,0
1228743,85d502ef-8e45-bad2-dfd7-d89a177a6838,1,1221221,1221221,1228743,1228723,7522,7522,0,0,0,0
1229103,0fcf6ffa-2783-6666-9c83-cb38eca77caa,1,1164844,1164891,1229103,1208889,64212,64259,47,0,0,0
1229482,338c645b-4f31-b362-c839-b4193951f7d6,1,1164850,1164891,1229482,1197848,64591,64632,41,0,0,0
1229711,2e2b2d9f-fe62-7037-65da-4a24a0927a96,1,1223692,1223692,1229711,1229606,6019,6019,0,0,0,0
1229736,c78cc784-8b92-678c-e3f2-60d80c261ad2,1,1164843,1164891,1229736,1259143,64845,64893,48,0,0,0
1229856,a0ac36a2-ab3c-2fd4-5ca9-f01ca3d2b9d9,1,1223752,1223752,1229856,1228437,6104,6104,0,0,0,0
1230131,bb8b218c-a043-a10f-a82d-ab4565286ba1,1,1224177,1224177,1230131,1230313,5954,5954,0,0,0,0
1230380,7cf4ab6e-68ff-752c-8b46-9f72ac3290ee,1,1164843,1164891,1230380,1260395,65489,65537,48,0,0,0
1230747,1ee6a2c3-9791-89e8-b0c2-49d75a1ccc49,1,1228799,1228821,1230747,1230824,1926,1948,22,0,0,0
1230782,1f64132f-0916-608a-47cd-113b9cf762d0,1,1228782,1228821,1230782,1231592,1961,2000,39,0,0,0
1230806,0dc4d323-b6bb-b550-7674-544c55955feb,1,1228783,1228821,1230806,1230755,1985,2023,38,0,0,0
1230749,99c30f06-9e20-af63-7a90-a7ac7ecc2490,1,1228800,1228821,1230749,1230071,1928,1949,21,0,0,0
1230795,495d0a64-e703-153f-0f66-d1151a6e6ba7,1,1228804,1228821,1230795,1231589,1974,1991,17,0,0,0
1230804,62753bba-2fb9-414d-bf36-3604133a5cf5,1,1228811,1228821,1230804,1230739,1983,1993,10,0,0,0
1230796,5995b758-34e0-86f8-d406-bed7b22d1fcb,1,1228814,1228821,1230796,1229915,1975,1982,7,0,0,0
1230783,e64152b4-a49b-a671-08da-ca13c671c92d,1,1228817,1228821,1230783,1230926,1962,1966,4,0,0,0
1230792,b0e7ce93-146e-8f2a-4efa-6160cb760244,1,1228820,1228821,1230792,1229851,1971,1972,1,0,0,0
1230855,65c16040-38f6-3274-b7b2-e25933c87667,1,1228784,1228821,1230855,1230567,2034,2071,37,0,0,0
1230856,060596fb-eb5a-780f-536a-44c8f4355734,1,1228784,1228821,1230856,1230619,2035,2072,37,0,0,0
1230854,72382287-0be6-b85d-86c3-28002387e4f3,1,1228784,1228821,1230854,1230427,2033,2070,37,0,0,0
1230815,ea3fca10-4e9d-3338-7929-8621481ac3cf,1,1228788,1228821,1230815,1231155,1994,2027,33,0,0,0
1230858,2aff1065-f67f-818e-d99f-68540fa02b79,1,1228802,1228821,1230858,1229960,2037,2056,19,0,0,0
1230857,f5079805-9616-5a0d-34fd-be12dc8751c9,1,1228813,1228821,1230857,1231178,2036,2044,8,0,0,0
1230830,9f0017e7-3237-3e23-a978-4af2f4d7991c,1,1228827,1228881,1230830,1230287,1949,2003,54,0,0,0
1230909,43fe91ee-f90a-85e4-eacc-fa49be5254a1,1,1224738,1224768,1230909,1232865,6141,6171,30,0,0,0
1231398,9343a515-696d-5613-11b0-ac0accfbb915,1,1164844,1164891,1231398,1228041,66507,66554,47,0,0,0
1231458,b0fc8539-f7d5-cb77-00a5-f543049542cd,1,1225408,1225408,1231458,1228949,6050,6050,0,0,0,0
1231640,839cf2fc-3ef2-d8d7-f176-8aeef441a634,1,1225539,1225539,1231640,1228813,6101,6101,0,0,0,0
1231675,2c4d062b-4c4e-aa99-c98b-a7067369173d,1,1228798,1228821,1231675,1232209,2854,2877,23,0,0,0
1231649,6bc399fb-2bbf-153f-a996-8949c640d202,1,1228806,1228821,1231649,1231166,2828,2843,15,0,0,0
1231686,4e3e3f2e-dc6d-69c6-9ecc-57afc11c9c1a,1,1228812,1228821,1231686,1231367,2865,2874,9,0,0,0
1231760,064b9cb5-d129-5165-1c1d-f034a40cbd1d,1,1225674,1225719,1231760,1231271,6041,6086,45,0,0,0
1231733,040bb5f4-2d37-a52e-1227-66ecd16d299c,1,1228786,1228821,1231733,1232877,2912,2947,35,0,0,0
1231717,e6ee78ad-36cc-feb5-01c4-2dc3b6be2a17,1,1228791,1228821,1231717,1230624,2896,2926,30,0,0,0
1231717,68fc33ad-8e51-1fdb-a850-1cdf91af4ffb,1,1228793,1228821,1231717,1232743,2896,2924,28,0,0,0
1231745,0bf60f8e-3fa7-9a17-afbe-9785ffa5c68e,1,1228815,1228821,1231745,1232989,2924,2930,6,0,0,0
1231782,3e113d42-8441-4735-8d68-0989993ebe53,1,1228795,1228821,1231782,1232570,2961,2987,26,0,0,0
1231792,587e110a-5aae-4ea5-1502-85815e48cb06,1,1228805,1228821,1231792,1231490,2971,2987,16,0,0,0
1231764,67d8b772-eb55-8162-2b34-2eb00917bf6a,1,1228817,1228821,1231764,1232543,2943,2947,4,0,0,0
1231778,14bec16f-e90f-5c19-1f6f-3677e34fb3ac,1,1228821,1228821,1231778,1233086,2957,2957,0,0,0,0
1231793,eee3f595-b042-8e11-4ba6-6d13c5f385a2,1,1228822,1228881,1231793,1230910,2912,2971,59,0,0,0
1231780,f58b36d0-ae66-2e30-d42a-94e2b480f438,1,1228827,1228881,1231780,1232851,2899,2953,54,0,0,0
1231835,227ab139-b39b-b6a4-b45e-9c06b2e0d836,1,1228791,1228821,1231835,1232576,3014,3044,30,0,0,0
1231856,0cd29b75-a140-7cad-1fd7-7d61f1ffb31d,1,1228817,1228821,1231856,1232513,3035,3039,4,0,0,0
1231942,0cbf2c48-4922-ca93-a61f-0e6e6f7ffaf8,1,1228811,1228821,1231942,1231645,3121,3131,10,0,0,0
1232027,58f04d5a-f86e-9a9b-a9ae-8ce122c15cd1,1,1226008,1226019,1232027,1232313,6008,6019,11,0,0,0
1232094,f5414322-65a8-373e-2c55-9e578371106a,1,1164847,1164891,1232094,1220640,67203,67247,44,0,0,0
1232200,38821fb8-440c-6d80-59df-7c3104c5064a,1,1226130,1226139,1232200,1234563,6061,6070,9,0,0,0
1232879,648cf193-7bba-3664-9ac7-140608fa9873,1,1226904,1226904,1232879,1230922,5975,5975,0,0,0,0
1233051,7cabaec9-14aa-9a64-0273-ccb6f1ffd447,1,1226914,1226964,1233051,1233609,6087,6137,50,0,0,0
1233173,8e4dbf7a-eb09-0876-ce44-ae412fbab550,1,1225566,1225599,1233173,1230572,7574,7607,33,0,0,0
1233453,8af2b429-3f81-f49d-bcca-192decd399cc,1,1227345,1227345,1233453,1230846,6108,6108,0,0,0,0
1233882,4cfc9ca9-f6b1-30e2-ef28-5c3220c6f80e,1,1228790,1228821,1233882,1233280,5061,5092,31,0,0,0
1233925,a955951d-d086-378e-68ca-2c66100cf4b6,8,1230920,1230927,1233925,1233113,2998,3005,7,0,0,0
1233926,73d68c0d-5c24-f19b-cce2-9702134a060c,1,1228790,1228821,1233926,1233246,5105,5136,31,0,0,0
1233888,a459a81c-4278-14cd-ac4a-a57eae45a7b5,1,1228801,1228821,1233888,1233035,5067,5087,20,0,0,0
1233979,79860500-4049-ccec-b1c5-83d2055ecc18,1,1228794,1228821,1233979,1233877,5158,5185,27,0,0,0
1234022,d00364ad-7764-f5cf-47dd-a83c1cf44177,1,1228786,1228821,1234022,1232787,5201,5236,35,0,0,0
1234034,795702eb-f0ca-39e3-ed16-0b441c150a13,1,1228803,1228821,1234034,1236272,5213,5231,18,0,0,0
1234016,a87d682a-ea4b-b546-a590-0721b248fc94,1,1228819,1228821,1234016,1233992,5195,5197,2,0,0,0
1234037,81ee321e-f4ec-b2fe-a46e-3a4511463ad1,1,1228819,1228821,1234037,1235735,5216,5218,2,0,0,0
1234093,e2ab1c99-dfb5-478c-5a3f-50772e883964,1,1228787,1228821,1234093,1232911,5272,5306,34,0,0,0
1234101,f4b881b1-a40f-a883-fe23-ec28b1ea56f0,1,1228809,1228821,1234101,1233420,5280,5292,12,0,0,0
1234081,0afabded-b2b5-2fd9-3f2a-11da12ccbae1,1,1228826,1228881,1234081,1232821,5200,5255,55,0,0,0
1234148,d05f94a4-8850-bb9f-087e-49613c76324f,1,1228796,1228821,1234148,1234592,5327,5352,25,0,0,0
1234162,14eee650-29c4-0ebc-2800-5f0641922e60,1,1228808,1228821,1234162,1233786,5341,5354,13,0,0,0
1234221,db954897-70a5-5a90-a472-056a18444ab0,1,1228785,1228821,1234221,1235622,5400,5436,36,0,0,0
1234406,3a1aa04f-5b17-3d76-4d77-c58ce4d93606,1,1228792,1228821,1234406,1234831,5585,5614,29,0,0,0
1234453,abd13488-e3d1-6f2c-5f1c-d5ccde251bea,1,1228785,1228821,1234453,1232177,5632,5668,36,0,0,0
1235353,a21821a9-7c1f-f60d-29d8-ec8a15c64241,4,1175984,1176041,1235353,1236544,59312,59369,57,0,0,0
1245641,93dd2803-144d-a74f-3754-724f28068686,4,1175984,1176041,1245641,1223000,69600,69657,57,0,0,0
1252680,9140df77-17b6-11d5-e05b-89bff610e5e4,4,1176210,1176221,1252680,1285512,76459,76470,11,0,0,0
1256940,b8b7b9bb-3939-4631-d9b1-f878e8570e4e,4,1175984,1176041,1256940,1248071,80899,80956,57,0,0,0
1258898,80ff90a9-2546-4d9e-e65a-4dc6e58b4381,4,1175983,1176041,1258898,1265669,82857,82915,58,0,0,0
1259505,b5fc33c4-3485-faf3-eb1a-928f930b8a57,8,1078166,1078166,1259505,1200340,181339,181339,0,0,0,0
1259892,9dcad15b-eb7b-3997-abbe-9fbdf5b5f382,8,1061865,1061865,1259892,1202568,198027,198027,0,0,0,0
1261634,95e79945-3aac-52d7-0a6c-872887268da3,4,1176211,1176221,1261634,1233099,85413,85423,10,0,0,0
1265875,453a516e-ce83-538b-1fcd-1dc41e2d4770,8,1216388,1216447,1265875,1255954,49428,49487,59,0,0,0
1268082,4492b63a-c23f-d439-4c13-e2d07460809c,4,1152200,1152223,1268082,1280279,115859,115882,23,0,0,0
1272411,504ddd75-dc07-973e-e58d-79940996e8e4,8,1195081,1195081,1272411,1258906,77330,77330,0,0,0,0
1273392,8b2e9e0f-f227-926e-c4a5-6ffd982716f8,8,1192705,1192731,1273392,1261498,80661,80687,26,0,0,0
1274107,89571b2a-9ddc-3a4d-4dd9-f55a5979d88b,4,1176212,1176221,1274107,1321594,97886,97895,9,0,0,0
1274150,9354be08-f21c-9abe-e628-34676eeedd5a,1,1273106,1273106,1274150,1274537,1044,1044,0,0,0,0
1274184,771ac9a0-8984-c22b-7682-583f51babba9,1,1273106,1273106,1274184,1273857,1078,1078,0,0,0,0
1274196,079a7946-e454-ff1b-b94e-7b2c54904a37,1,1273108,1273166,1274196,1273794,1030,1088,58,0,0,0
1274252,02ff343b-5f25-96d5-e090-5afbdbee73e7,1,1273108,1273166,1274252,1274704,1086,1144,58,0,0,0
1274266,815c8eda-010d-9471-9288-e7baf335459c,1,1273109,1273166,1274266,1274141,1100,1157,57,0,0,0
1274251,d194a269-58b2-5981-16e3-d4b9b98a74f1,1,1273109,1273166,1274251,1274462,1085,1142,57,0,0,0
1274247,86a9b301-b019-4731-d7e7-cca2934c1df1,1,1273110,1273166,1274247,1274241,1081,1137,56,0,0,0
1274292,452867e8-b6ca-9c64-0bb5-157230bc98b0,1,1273109,1273166,1274292,1274304,1126,1183,57,0,0,0
1274385,b0c57433-1889-7220-ec1d-3bad838ff7d6,1,1273597,1273653,1274385,1274195,732,788,56,0,0,0
1274408,94f25978-1ca3-ccb2-7a8c-39eb73931691,1,1273593,1273593,1274408,1274627,815,815,0,0,0,0
1274410,34737695-523d-b88e-4643-3dd21ab2a898,1,1273595,1273653,1274410,1274168,757,815,58,0,0,0
1274467,1d1bacac-13b5-507e-0fc5-6467ed66005d,1,1273595,1273653,1274467,1274156,814,872,58,0,0,0
1274416,3e87bac0-1101-7905-771d-6df5c941b958,1,1273595,1273653,1274416,1274718,763,821,58,0,0,0
1274453,059c7b87-0cbf-1aae-2938-db110b96c020,1,1273596,1273653,1274453,1274149,800,857,57,0,0,0
1274421,cb1a1877-f48f-43bf-d486-733f985f9747,1,1273596,1273653,1274421,1274043,768,825,57,0,0,0
1274471,81db5c00-30dc-857b-c4ab-05bf7a4ad14d,1,1273596,1273653,1274471,1274397,818,875,57,0,0,0
1275637,b22e88be-6657-d415-3d7e-54e8ec306bd1,1,1274592,1274592,1275637,1275388,1045,1045,0,0,0,0
1275710,92f2a3b0-1525-4b7e-c1c1-3d29c4e5ec56,1,1274595,1274652,1275710,1275995,1058,1115,57,0,0,0
1275717,b51e48ae-50e8-ee89-ae87-e42268750b06,1,1274593,1274652,1275717,1275744,1065,1124,59,0,0,0
1275716,0166171a-32fe-8a40-ee07-2aa3bf2673be,1,1274594,1274652,1275716,1275217,1064,1122,58,0,0,0
1275750,6fcf1107-5b54-ff6f-3d52-771382b18b1b,1,1274594,1274652,1275750,1275319,1098,1156,58,0,0,0
1275764,33337b3f-44c3-311b-10af-698d3ab96566,1,1274595,1274652,1275764,1275244,1112,1169,57,0,0,0
1275729,62747125-bb95-c11c-8cb2-7276c43019fc,1,1274595,1274652,1275729,1275159,1077,1134,57,0,0,0
1275730,01ebe162-ee6a-924a-8a02-c635b4078d87,1,1274597,1274652,1275730,1275296,1078,1133,55,0,0,0
1275946,24310afd-b1dc-4ca3-1798-8dc11e1a9d64,4,1260791,1260791,1275946,1282436,15155,15155,0,0,0,0
1276266,67ecadd9-e6d4-215d-1576-5f2ab211be4f,4,1261084,1261084,1276266,1270765,15182,15182,0,0,0,0
1278016,b587ac62-5c12-a009-b332-4544d94136d6,1,1277214,1277273,1278016,1277799,743,802,59,0,0,0
1278047,11b6a149-5941-04cb-0920-f637fa55d58e,1,1277213,1277213,1278047,1278122,834,834,0,0,0,0
1278044,d4d30243-f7fe-3933-19e5-3c4cf3368bc7,1,1277217,1277273,1278044,1277811,771,827,56,0,0,0
1278050,5564248f-6dc7-07c8-f4d3-4a042f0298cf,1,1277218,1277273,1278050,1278171,777,832,55,0,0,0
1278084,e1b5ef09-cbcb-866e-7038-b30aa5a5a074,1,1277219,1277273,1278084,1277633,811,865,54,0,0,0
1278091,f07251d1-3b51-eb1f-4c02-7f0015f83d51,1,1277220,1277273,1278091,1277639,818,871,53,0,0,0
1278092,1fff88c3-fd55-3e22-6879-4776df5f35aa,1,1277220,1277273,1278092,1277775,819,872,53,0,0,0
1280645,5622ff23-ea53-5279-777d-e32fbdf92519,4,1176212,1176221,1280645,1312106,104424,104433,9,0,0,0
1281852,c5801680-b002-ca59-2d42-268b41c234a0,1,1281052,1281052,1281852,1281678,800,800,0,0,0,0
1281898,8af5208e-2b93-4d19-3429-3d82cf672e0c,1,1281057,1281112,1281898,1281782,786,841,55,0,0,0
1281898,450ff92f-61ca-aba5-c222-67b559b968e6,1,1281059,1281112,1281898,1282106,786,839,53,0,0,0
1281903,7210fdc7-3ec9-4870-5824-9d5465881099,1,1281061,1281112,1281903,1281671,791,842,51,0,0,0
1281902,9e5b8621-7820-652a-572f-9be88f9b5f66,1,1281062,1281112,1281902,1282231,790,840,50,0,0,0
1281907,03cc502d-e93e-27e7-aebc-204c06589844,1,1281063,1281112,1281907,1281663,795,844,49,0,0,0
1281899,8f0afd5c-eb9c-ccab-f5b0-86dd523b98a3,1,1281066,1281112,1281899,1281589,787,833,46,0,0,0
1281919,5431ab14-c6b0-700a-7b13-2175aa8b700a,1,1281055,1281112,1281919,1281946,807,864,57,0,0,0
1282148,1f6c74ef-3ea5-c328-6900-7c7cc71df962,1,1281061,1281112,1282148,1281696,1036,1087,51,0,0,0
1282191,b3710da0-1788-330d-14a8-bb870a160dd0,1,1281054,1281112,1282191,1281924,1079,1137,58,0,0,0
1282177,fd436321-8dbe-4c4c-898b-7d42dd5101b4,1,1281056,1281112,1282177,1282610,1065,1121,56,0,0,0
1282251,857c47ea-b662-ba49-6578-bcab37fc537f,1,1281055,1281112,1282251,1282567,1139,1196,57,0,0,0
1282251,942b41e6-609c-db6e-3c6a-049bddc5520b,1,1281056,1281112,1282251,1281636,1139,1195,56,0,0,0
1282263,c089dc6d-02a9-e09a-019e-a52ceacc7c05,1,1281061,1281112,1282263,1282013,1151,1202,51,0,0,0
1282216,f659c6d4-1ccc-d811-231c-9aa7a68e581c,1,1281061,1281112,1282216,1282196,1104,1155,51,0,0,0
1282213,c4aa1285-f4ff-1a87-8d9f-0bd342fe1d6b,1,1281067,1281112,1282213,1281771,1101,1146,45,0,0,0
1282447,682ddbb6-7c8d-3125-9dc7-1701f2b9350b,8,1025179,1025237,1282447,1221535,257210,257268,58,0,0,0
1283517,ed3adb82-8075-0de2-35fa-e7ea3423abae,4,1118130,1118148,1283517,1226606,165369,165387,18,0,0,0
1283746,bdc635a5-2f9e-af20-d6aa-ef20a6ac90e9,1,1282968,1283009,1283746,1283747,737,778,41,0,0,0
1283747,544618a7-13f5-fc42-e901-e8afbfa030e1,1,1282949,1282949,1283747,1283816,798,798,0,0,0,0
1283801,be2a9ecc-8efc-607f-2e95-c4bbf81ec7a9,1,1282954,1283009,1283801,1283960,792,847,55,0,0,0
1283779,d3cae394-1d1c-1ad0-0652-afc89d24becc,1,1282971,1283009,1283779,1283959,770,808,38,0,0,0
1283804,8a184b89-c165-7fcf-c105-b9d758ff1aab,1,1282976,1283009,1283804,1283449,795,828,33,0,0,0
1283804,151cd5b5-331b-ef9c-3c28-d4cf727548b0,1,1282977,1283009,1283804,1283559,795,827,32,0,0,0
1283764,8388547d-c99b-c8c2-fae9-34702c826c44,1,1282978,1283009,1283764,1283480,755,786,31,0,0,0
1283832,3db33f46-4bc2-74d8-f5f2-5c929bed4400,1,1282953,1283009,1283832,1283724,823,879,56,0,0,0
1283832,3d3fa494-41dc-34a3-cd9c-ca68fcea17b1,1,1282958,1283009,1283832,1283594,823,874,51,0,0,0
1283830,4e1b913c-7e4e-cf5f-999c-cd045e623f74,1,1282959,1283009,1283830,1283714,821,871,50,0,0,0
1283830,3a1b779a-2771-1557-1c64-e73ff3d5c44d,1,1282961,1283009,1283830,1283865,821,869,48,0,0,0
1283821,24876b2e-7a15-4101-77c6-64403156193e,1,1282962,1283009,1283821,1283513,812,859,47,0,0,0
1283849,0b60818e-5add-382a-5be2-2aad8b26e4bb,1,1282964,1283009,1283849,1283922,840,885,45,0,0,0
1283822,c8fbc487-f297-a8cd-b4e5-81458c14877b,1,1282972,1283009,1283822,1283958,813,850,37,0,0,0
1283837,0d1796f0-7a22-2cbb-e0a3-0c4c9094269d,1,1282972,1283009,1283837,1283781,828,865,37,0,0,0
1283810,a29cf6ab-1209-aac7-f78f-42c800cb0faf,1,1282975,1283009,1283810,1283462,801,835,34,0,0,0
1283970,feb72b72-dd9a-7f56-3041-cc16dddf15b3,1,1282949,1282949,1283970,1283813,1021,1021,0,0,0,0
1284006,bbe7d16e-6c2c-3a8b-e4c9-06f57dc78534,1,1282949,1282949,1284006,1284520,1057,1057,0,0,0,0
1284028,38cc26d9-38be-d064-6b3d-637b58b1930f,1,1282949,1282949,1284028,1283537,1079,1079,0,0,0,0
1283974,5fd6f3f7-6e5c-4f05-9faa-9194114891fd,1,1282964,1283009,1283974,1284360,965,1010,45,0,0,0
1283998,2538c74f-9b5a-ef72-7148-1798de458dc4,1,1282968,1283009,1283998,1284277,989,1030,41,0,0,0
1283999,1fc4e615-302a-3123-b8df-3e77cbc38df8,1,1282969,1283009,1283999,1283799,990,1030,40,0,0,0
1284066,36dec27d-4935-1dd0-7321-d2115c2603a0,1,1282953,1283009,1284066,1283932,1057,1113,56,0,0,0
1284065,aa527317-a41b-6696-c716-8e9f5b8e656a,1,1282954,1283009,1284065,1283613,1056,1111,55,0,0,0
1284064,6cc537b6-1967-a9b4-f228-733f2e358597,1,1282955,1283009,1284064,1283553,1055,1109,54,0,0,0
1284064,f3e72b74-d1da-c3e2-13eb-8b0292fafb4c,1,1282956,1283009,1284064,1283731,1055,1108,53,0,0,0
1284079,25e2b010-de82-b93b-7eaf-fab8121b64d0,1,1282962,1283009,1284079,1284221,1070,1117,47,0,0,0
1284082,a6524931-4e60-8cd7-6d10-9087a3617563,1,1282962,1283009,1284082,1283570,1073,1120,47,0,0,0
1284061,f267e3e0-d67f-b0b1-a824-655c93c4ba1f,1,1282974,1283009,1284061,1283873,1052,1087,35,0,0,0
1284100,7e14f5e7-bb1d-e32d-9c33-562daafb56c0,1,1282951,1283009,1284100,1283920,1091,1149,58,0,0,0
1284139,598671a9-5b1d-aac3-ae89-e6f166cd36e9,1,1282953,1283009,1284139,1284314,1130,1186,56,0,0,0
1284106,d7c4ddb5-2792-a80e-b0f5-aa9d04948235,1,1282972,1283009,1284106,1284386,1097,1134,37,0,0,0
1285662,bc495feb-8ed0-0188-35b0-b83119ef9b3d,8,1280214,1280214,1285662,1285536,5448,5448,0,0,0,0
1288613,a5ea0fe4-77d9-1298-7573-7bfb9fea4a09,8,1216356,1216387,1288613,1290958,72226,72257,31,0,0,0
1291228,96a7a913-ff4f-42c5-6354-c807a17a03db,1,1289295,1289332,1291228,1291976,1896,1933,37,0,0,0
1291254,c2069217-37d7-f019-cf19-3b980e2f5695,1,1289276,1289332,1291254,1291607,1922,1978,56,0,0,0
1291245,70b7b965-c329-ae8e-3c3f-0416713fd126,1,1289280,1289332,1291245,1291027,1913,1965,52,0,0,0
1291265,a490cf95-5128-39dd-e2b5-0b20b785579e,1,1289288,1289332,1291265,1290992,1933,1977,44,0,0,0
1291284,64927d84-8ca1-3d5a-3e02-91a523b61830,1,1289291,1289332,1291284,1290993,1952,1993,41,0,0,0
1291273,89fa702a-cf68-3785-d160-9b6e012a0cd5,1,1289305,1289332,1291273,1291692,1941,1968,27,0,0,0
1291265,3bbe2c50-eb85-49ab-bc66-5dbab76f033f,1,1289313,1289332,1291265,1291968,1933,1952,19,0,0,0
1291264,f947ce62-e455-21f1-ab38-d8a25d4c1f83,1,1289314,1289332,1291264,1290520,1932,1950,18,0,0,0
1291302,d9c14cb6-9eb4-f512-3978-8ec00d967433,1,1289273,1289332,1291302,1291097,1970,2029,59,0,0,0
1291310,a82add02-466d-51f3-cd02-8cee348a925b,1,1289273,1289332,1291310,1290743,1978,2037,59,0,0,0
1291296,9bf17c37-828f-a976-fefc-7a044bfa28e0,1,1289294,1289332,1291296,1290959,1964,2002,38,0,0,0
1291372,63b42578-d991-f92d-9835-bf050da6b907,1,1289273,1289332,1291372,1292119,2040,2099,59,0,0,0
1291378,010b24e0-379c-6ab3-9960-003fafb55d93,1,1289286,1289332,1291378,1291825,2046,2092,46,0,0,0
1291407,aeed0e52-9825-b624-e7f2-64624dd3df0e,1,1289306,1289332,1291407,1291331,2075,2101,26,0,0,0
1291447,37e3abae-fd4b-caba-cf46-6431513ca94b,1,1289300,1289332,1291447,1291907,2115,2147,32,0,0,0
1291416,44aba2f5-e24d-6868-7407-8960a54b2943,1,1289310,1289332,1291416,1291532,2084,2106,22,0,0,0
1292192,1ac2b7be-76d0-c7ab-05f7-c55a1fd6ccbc,1,1289278,1289332,1292192,1292564,2860,2914,54,0,0,0
1292192,6281a159-dd97-47cd-c557-9093839044b5,1,1289300,1289332,1292192,1293288,2860,2892,32,0,0,0
1292204,349edc9a-bbba-2274-c211-60c3255ce3a9,1,1289275,1289332,1292204,1293477,2872,2929,57,0,0,0
1292225,10ef7b90-d264-72e8-c2a1-a03ce8128a58,1,1289289,1289332,1292225,1293373,2893,2936,43,0,0,0
1292249,2e6c6bba-58b4-d6e8-04a6-b5ab611a0625,1,1289292,1289332,1292249,1292125,2917,2957,40,0,0,0
1292195,04d6b908-4550-421b-9ca6-dbcbc5f83946,1,1289299,1289332,1292195,1293372,2863,2896,33,0,0,0
1292242,a9bc3682-3446-09d1-9ee1-c69549ab4042,1,1289314,1289332,1292242,1292021,2910,2928,18,0,0,0
1292260,22d15fc1-6c65-36fa-c359-b8528560ad5e,1,1289273,1289332,1292260,1293592,2928,2987,59,0,0,0
1292258,7e0abe75-8d21-92b4-9869-cd185e4f6b59,1,1289287,1289332,1292258,1290764,2926,2971,45,0,0,0
1292266,1f124674-abda-4588-1bec-3aaef98c0fb3,1,1289294,1289332,1292266,1291553,2934,2972,38,0,0,0
1292257,5bb32bb9-998d-b447-ed35-a4b61fb7f024,1,1289296,1289332,1292257,1292158,2925,2961,36,0,0,0
1292276,a2a30f95-b248-4e76-70fc-15652024b8cc,1,1289305,1289332,1292276,1291207,2944,2971,27,0,0,0
1292258,4063e418-7057-cf3c-ee5e-a3965b06a536,1,1289309,1289332,1292258,1291232,2926,2949,23,0,0,0
1292264,620cfa50-0fc3-1ec2-3617-5ca58facdb1c,1,1289314,1289332,1292264,1291231,2932,2950,18,0,0,0
1292346,f6c10da8-6a0f-843e-9d8a-168d0d46cc19,1,1289276,1289332,1292346,1292338,3014,3070,56,0,0,0
1292367,88b43510-561a-672b-ee23-71c2925449b1,1,1289284,1289332,1292367,1291375,3035,3083,48,0,0,0
1294411,163a2bb6-8cf2-7d80-650b-d317428846ac,1,1289272,1289272,1294411,1296370,5139,5139,0,0,0,0
1294431,cd8bc0d3-a6b6-fbb9-22f3-816b3e1485fc,1,1289315,1289332,1294431,1296153,5099,5116,17,0,0,0
1294512,45d23df1-63cd-acfa-202b-12b930489297,1,1289278,1289332,1294512,1294581,5180,5234,54,0,0,0
1294531,a6f01132-444c-fb7b-cd1f-b0f543a35c86,1,1289290,1289332,1294531,1296324,5199,5241,42,0,0,0
1294520,32ed61df-a358-d3b5-51ee-d83bc5a7f63a,1,1289307,1289332,1294520,1292586,5188,5213,25,0,0,0
1294561,63695b04-17cb-7f82-7567-4c73f45a59d1,1,1289287,1289332,1294561,1293227,5229,5274,45,0,0,0
1294566,39899fb6-1ffc-e178-4e0d-b1699b9bb098,1,1289301,1289332,1294566,1292721,5234,5265,31,0,0,0
1294558,ac33116a-2644-a2d9-e8b4-e105ee80598a,1,1289302,1289332,1294558,1295183,5226,5256,30,0,0,0
1294599,cff230d1-f559-e9d7-d94e-de27aea8d7af,1,1289287,1289332,1294599,1294379,5267,5312,45,0,0,0
1294611,3930043d-69e7-8208-d86c-2506a34e1b6f,1,1289302,1289332,1294611,1296199,5279,5309,30,0,0,0
1294607,026004c8-827c-00e3-9881-ad9ff03566ac,1,1289317,1289332,1294607,1295930,5275,5290,15,0,0,0
1294709,11b8bfdc-21a1-68f0-1e00-0dc9892383f4,1,1289273,1289332,1294709,1293919,5377,5436,59,0,0,0
1294768,ddb2277b-fec4-6348-828f-daa80897bae9,1,1289280,1289332,1294768,1296823,5436,5488,52,0,0,0
1294860,1a946896-1793-6b73-82fa-3bb9ce2e0573,1,1289276,1289332,1294860,1297185,5528,5584,56,0,0,0
1294921,d9f0c268-069c-0d6c-8092-221fe304f352,1,1289280,1289332,1294921,1297090,5589,5641,52,0,0,0
1294984,0138adde-cc71-bf61-674c-256c440fa964,1,1289306,1289332,1294984,1294284,5652,5678,26,0,0,0
1296332,057e175a-50a6-f7d9-4e52-0ec8f8fdac19,1,1290343,1290343,1296332,1295823,5989,5989,0,0,0,0
1296539,4afd5e41-7f95-2308-743d-e6cd0d952ddd,1,1290576,1290576,1296539,1294959,5963,5963,0,0,0,0
1297256,9e54cbcd-d15d-789c-0251-34e30c456672,1,1296276,1296293,1297256,1297351,963,980,17,0,0,0
1297273,b0bbc953-1e1b-74fd-d5e4-a4f6965b4e1e,1,1296277,1296293,1297273,1297262,980,996,16,0,0,0
1297295,477b80b7-2606-c791-24ac-017c827fb356,1,1296274,1296293,1297295,1297143,1002,1021,19,0,0,0
1297295,80ec4df6-c8db-b191-d24b-ccb38ea6a65a,1,1296274,1296293,1297295,1297298,1002,1021,19,0,0,0
1297322,05d1e128-7867-dce2-c010-9f745114de6f,1,1296275,1296293,1297322,1297589,1029,1047,18,0,0,0
1297330,1c53ff95-305f-2d9a-92f9-054bc4c4fdc3,1,1296276,1296293,1297330,1296899,1037,1054,17,0,0,0
1297329,1ece3d0d-484c-8456-bf97-67a41e5c5f20,1,1296277,1296293,1297329,1297507,1036,1052,16,0,0,0
1297320,cf4bfee4-9b71-faf0-8de7-7edbc2f8b944,1,1296278,1296293,1297320,1297395,1027,1042,15,0,0,0
1297312,7d0e5142-fd1e-b7ba-58ff-7f0b37027311,1,1296280,1296293,1297312,1297511,1019,1032,13,0,0,0
1297311,3ed54422-0feb-29c8-57e9-563bc2f5db1d,1,1296280,1296293,1297311,1297394,1018,1031,13,0,0,0
1297309,ec2a31ed-732a-d429-cc17-8947576fe6b6,1,1296281,1296293,1297309,1297601,1016,1028,12,0,0,0
1297315,555561a4-d610-9ef4-8590-d6afb4e51981,1,1296282,1296293,1297315,1297534,1022,1033,11,0,0,0
1297308,aeb656d8-4ad9-c741-1cd9-32a70f1b91e3,1,1296285,1296293,1297308,1297482,1015,1023,8,0,0,0
1297386,7212c89b-5c6c-a3bf-33c4-7bb46bd20644,1,1296278,1296293,1297386,1297088,1093,1108,15,0,0,0
1297378,a1333f76-4150-ac69-282d-d54a023c6e65,1,1296278,1296293,1297378,1297413,1085,1100,15,0,0,0
1297443,c0837e78-9549-4178-5c16-2034c1800c3f,1,1296273,1296293,1297443,1297180,1150,1170,20,0,0,0
1297882,db9de72b-e2fb-94ce-08e7-db4d281b2308,1,1291909,1291909,1297882,1295733,5973,5973,0,0,0,0
1298213,87b8a762-1d1f-4e85-e5d1-caf284c95aa6,1,1292221,1292252,1298213,1300552,5961,5992,31,0,0,0
1298264,680b5490-1c9e-e0ab-d481-54b0854a27c7,1,1292246,1292252,1298264,1300310,6012,6018,6,0,0,0
1298385,0d5c8ad2-aceb-1b42-da0b-be1adfa65886,4,1200841,1200841,1298385,1313342,97544,97544,0,0,0,0
1298536,41c0a692-e3d8-4592-d789-8c32c81d3911,1,1292454,1292454,1298536,1299255,6082,6082,0,0,0,0
1298738,a28ff149-c5d6-b84a-623b-068f7d290eaf,1,1292800,1292800,1298738,1297068,5938,5938,0,0,0,0
1299073,55d54b19-802a-c5c4-8e6c-15628a536d73,1,1292957,1292957,1299073,1300660,6116,6116,0,0,0,0
1299644,7468bf1d-6360-6620-2b22-7397aadd2a6f,1,1293498,1293498,1299644,1300640,6146,6146,0,0,0,0
1299752,5eac98e8-65b2-97f2-aebb-121c69d47339,1,1298750,1298801,1299752,1299422,951,1002,51,0,0,0
1299786,325d94b1-20dd-b5ed-fe1a-5b41cb54762d,1,1298749,1298801,1299786,1299824,985,1037,52,0,0,0
1299761,36358c2e-5b07-3abf-b1a0-01fe8fc2882e,1,1298749,1298801,1299761,1300128,960,1012,52,0,0,0
1299786,4160002f-d083-7a5f-c824-3be8e38213b2,1,1298750,1298801,1299786,1299431,985,1036,51,0,0,0
1299778,e7d2ec1d-a624-fc7c-af2f-c90a170fd932,1,1298751,1298801,1299778,1299625,977,1027,50,0,0,0
1299757,bc930dc7-0b3a-428a-c09b-02e3c50bed56,1,1298752,1298801,1299757,1299545,956,1005,49,0,0,0
1299756,e12c4d94-832b-cfc1-0ea7-19ab8c7a1e99,1,1298754,1298801,1299756,1299773,955,1002,47,0,0,0
1299785,eca13a2a-3ea3-6ff7-2da5-b9e65b09c2a0,1,1298755,1298801,1299785,1299256,984,1030,46,0,0,0
1300084,9588e948-8ad1-2788-93dc-91363cd09aac,1,1293877,1293895,1300084,1298315,6189,6207,18,0,0,0
1300399,c0627f83-2f73-bcd1-fece-1328c65f6684,1,1299441,1299441,1300399,1300730,958,958,0,0,0,0
1300436,6502b5b7-c267-206e-2bac-342eda5d0838,1,1299443,1299501,1300436,1300490,935,993,58,0,0,0
1300410,f4737cac-08db-93ba-d819-adc24019e405,1,1299443,1299501,1300410,1300182,909,967,58,0,0,0
1300457,72fb51cb-31fd-772d-e33d-2c8c4e43127f,1,1299444,1299501,1300457,1300076,956,1013,57,0,0,0
1300433,0150833d-d539-8bb6-892f-35e859117d0f,1,1299446,1299501,1300433,1300522,932,987,55,0,0,0
1300462,8cb3cd40-9ef3-9abc-0a4d-cbb7c0a4313c,1,1299448,1299501,1300462,1300128,961,1014,53,0,0,0
1300461,063c3d5b-fdb2-a5eb-001c-25cc4c07d31e,1,1299449,1299501,1300461,1300501,960,1012,52,0,0,0
1300410,f413b85e-4e17-a3bc-6b6e-e90c1a0cc967,1,1299451,1299501,1300410,1300771,909,959,50,0,0,0
1300507,59e17057-4960-ab1d-a387-716a654def5e,1,1299441,1299441,1300507,1300830,1066,1066,0,0,0,0
1300522,57ff3414-8b82-0dab-80f9-e383043f639b,1,1299444,1299501,1300522,1300924,1021,1078,57,0,0,0
1300489,8227a0f6-803e-c304-8a73-7e94b52fb54c,1,1299444,1299501,1300489,1300456,988,1045,57,0,0,0
1300480,65983ae6-a1e5-b3a5-7ced-f2b81b743654,1,1299445,1299501,1300480,1300432,979,1035,56,0,0,0
1300472,56f913f9-0651-e416-ee85-7f0de9aef7f6,1,1299446,1299501,1300472,1300165,971,1026,55,0,0,0
1300484,0f75d6a7-9d54-8715-3be5-6811d3ba65e7,1,1299450,1299501,1300484,1300895,983,1034,51,0,0,0
1300476,13cc4591-0920-0bf2-0610-4526fec08c06,1,1299454,1299501,1300476,1300411,975,1022,47,0,0,0
1300476,533f12eb-c143-5723-1c86-da0bf7f064ab,1,1299454,1299501,1300476,1300556,975,1022,47,0,0,0
1301300,3da76a58-0d6c-d1b2-7cf0-1c9de09f0327,1,1295166,1295166,1301300,1300357,6134,6134,0,0,0,0
1301380,533132be-23d9-11c6-aad4-46561e35ad98,1,1295298,1295298,1301380,1298332,6082,6082,0,0,0,0
1301531,ed8ed27b-04a1-0c0b-7193-1d45bb58ec7b,1,1295405,1295405,1301531,1303015,6126,6126,0,0,0,0
1302158,854e97ad-9ed2-bd09-c5a9-2f440313b609,1,1295990,1295990,1302158,1301149,6168,6168,0,0,0,0
1302438,bd0842ab-6a0b-b10a-bcbb-c199e3c5c7fc,1,1296173,1296173,1302438,1305147,6265,6265,0,0,0,0
1302797,73e9d9e4-7712-6b3e-5e67-0e4835e4dee2,8,1211261,1211302,1302797,1316070,91495,91536,41,0,0,0
1303019,b0c0ec6f-0d45-7583-a4b5-8b209f24ce9a,4,1300756,1300814,1303019,1302505,2205,2263,58,0,0,0
1303125,b7b903e5-ed80-62ce-51b1-b46a222389e7,1,1297043,1297043,1303125,1304814,6082,6082,0,0,0,0
1303274,37785d79-d5ff-8df1-574d-703b743d73f6,8,1211261,1211302,1303274,1288229,91972,92013,41,0,0,0
1303361,b2acc2a5-1229-2fa2-8542-28bdd11dbb4a,1,1297312,1297334,1303361,1306089,6027,6049,22,0,0,0
1303611,634edfba-d123-3058-7190-9b1b35b5d747,1,1297565,1297565,1303611,1303180,6046,6046,0,0,0,0
1303661,4984db1f-86b4-ee2b-96fc-a4e3126eb977,1,1297601,1297625,1303661,1300952,6036,6060,24,0,0,0
1303819,4a25ddb9-02ec-4dc5-90d0-62f3ec2372fe,1,1297771,1297771,1303819,1306616,6048,6048,0,0,0,0
1304067,b35cf538-9283-1555-cd28-b7ebeebed5bf,1,1297980,1297980,1304067,1306561,6087,6087,0,0,0,0
1304171,7788e910-d299-545c-af43-3de4a4381f87,1,1298201,1298201,1304171,1306023,5970,5970,0,0,0,0
1304290,5cc19bcc-3aa8-9914-877b-8207d79e7e7f,1,1298375,1298381,1304290,1304046,5909,5915,6,0,0,0
1304373,24505c34-0d3c-ae7e-4910-f7ee3ef040c3,1,1298102,1298102,1304373,1305425,6271,6271,0,0,0,0
1304416,915476bf-be55-53e1-5db4-67a218cabbe1,1,1298334,1298381,1304416,1302851,6035,6082,47,0,0,0
1304502,12ad33c3-603b-d81d-7058-a63d30915591,1,1298468,1298501,1304502,1304135,6001,6034,33,0,0,0
1304523,540daf8a-0a08-a8d0-7599-8f81df9dcacb,1,1298522,1298561,1304523,1306453,5962,6001,39,0,0,0
1304604,1b6764a2-aa17-700d-a6b9-a963f1e55cd6,1,1298461,1298501,1304604,1304083,6103,6143,40,0,0,0
1304675,3879d066-8fdf-fb43-d12b-0a52d1ae75ac,1,1298653,1298681,1304675,1304405,5994,6022,28,0,0,0
1304716,fe13a322-f05d-e20d-2a61-fbab7a94f03a,1,1298522,1298561,1304716,1302898,6155,6194,39,0,0,0
1304788,6c45b646-66b3-dd61-30ac-2c55b5a5e698,1,1298878,1298878,1304788,1303178,5910,5910,0,0,0,0
1305177,4945a2c4-088c-8a67-9187-a36b569d66df,1,1299154,1299154,1305177,1306470,6023,6023,0,0,0,0
1305519,b1581c35-12a4-883d-a67d-380cdc5c3dff,8,1211264,1211302,1305519,1286219,94217,94255,38,0,0,0
1305532,ff606428-57e2-f513-41c5-a2ff974dfab7,1,1299547,1299561,1305532,1307932,5971,5985,14,0,0,0
1305709,5eff5e35-9fc8-0722-0d4e-8a4d01f13aff,1,1299568,1299621,1305709,1305645,6088,6141,53,0,0,0
1306044,f3e11b15-1208-1ea2-9c39-44f592aeec42,1,1300099,1300147,1306044,1307811,5897,5945,48,0,0,0
1306165,a1c8cac5-2c5b-5830-e175-9d7615c1e960,1,1300166,1300207,1306165,1308960,5958,5999,41,0,0,0
1306242,3b0e1340-c92d-172a-9141-4acf9d2d4e00,1,1300027,1300027,1306242,1307725,6215,6215,0,0,0,0
1307015,90166300-86ed-2be3-f877-3f7d9577af0e,1,1306132,1306183,1307015,1306835,832,883,51,0,0,0
1307051,6f6c6ad4-8350-162f-87d0-1e49123f54ee,4,1176211,1176221,1307051,1297262,130830,130840,10,0,0,0
1307018,097d38c2-4541-2f16-4c66-11f5908119e3,1,1301073,1301090,1307018,1308303,5928,5945,17,0,0,0
1307155,0c298fc0-832f-65a7-a98e-305377894a08,4,1300757,1300814,1307155,1308557,6341,6398,57,0,0,0
1307667,7a86f345-d510-ab14-99b4-d8c34668f7b6,1,1301470,1301481,1307667,1308551,6186,6197,11,0,0,0
1308081,a694c31b-dc5a-6a40-3fc5-6cba031c53b6,1,1301897,1301897,1308081,1307075,6184,6184,0,0,0,0
1308898,409ba400-e4cf-3e5c-3ebd-16e995899208,1,1302714,1302714,1308898,1309588,6184,6184,0,0,0,0
1309341,08692876-4bcd-1caf-adce-0f9a317de6aa,4,1251381,1251381,1309341,1315403,57960,57960,0,0,0,0
1309440,1841d5da-6bee-9a5e-d69f-79558dbe10e8,1,1303329,1303334,1309440,1307736,6106,6111,5,0,0,0
1309576,a658ec01-3ffe-f2a8-01a4-59b9dfc8ea8c,1,1303465,1303522,1309576,1306726,6054,6111,57,0,0,0
1310069,d37a510e-7423-86e1-9815-19c4a132a3b5,1,1304000,1304000,1310069,1312587,6069,6069,0,0,0,0
1310233,e8f39c4b-f567-a756-9661-7b22f13e0529,1,1304097,1304127,1310233,1310607,6106,6136,30,0,0,0
1310428,895b59cf-311b-a9ec-5532-5a1790c1aced,1,1304444,1304493,1310428,1311405,5935,5984,49,0,0,0
1310476,566d2009-ad50-1621-1385-ef00aba24923,1,1304440,1304493,1310476,1309247,5983,6036,53,0,0,0
1311395,19378622-7a2c-83fa-ca05-7ebc48e36597,1,1305457,1305457,1311395,1311546,5938,5938,0,0,0,0
1311679,763296b2-7634-75b0-363c-2c1844719b80,1,1305757,1305757,1311679,1312235,5922,5922,0,0,0,0
1312042,167cc8a8-75f7-fc05-a265-fe63f70c1a6c,1,1306094,1306123,1312042,1312589,5919,5948,29,0,0,0
1312159,ed865065-3e68-563b-ea2c-110aa7281339,1,1306168,1306183,1312159,1310294,5976,5991,15,0,0,0
1313068,ab85dcf1-649e-f85a-3397-9bfd72e5d138,1,1306822,1306841,1313068,1314474,6227,6246,19,0,0,0
1313078,444fb671-d741-db96-e284-a8f94da78fe3,1,1307141,1307141,1313078,1313580,5937,5937,0,0,0,0
1313744,b1bf8a65-e5d2-af30-66ab-a70bf89862ac,1,1307488,1307506,1313744,1311780,6238,6256,18,0,0,0
1314200,3e60f05e-03b7-e27c-7d0b-c216371517d3,4,1175983,1176041,1314200,1381845,138159,138217,58,0,0,0
1314235,477a7665-3d14-ed25-281a-2a889e23f3d5,1,1308108,1308141,1314235,1311989,6094,6127,33,0,0,0
1314582,66591ce9-ff38-91a3-e176-2b1157c0baa0,8,1041728,1041728,1314582,1358877,272854,272854,0,0,0,0
1314988,f73de8f1-e379-c2e0-68a2-c969cac781d3,1,1308991,1309012,1314988,1316666,5976,5997,21,0,0,0
1315050,9ac50d4f-93ba-6473-d2b7-f1ac383f483b,1,1308835,1308892,1315050,1314958,6158,6215,57,0,0,0
1315029,693a8a61-a127-06ce-1727-676f71ecd57d,1,1309028,1309072,1315029,1317352,5957,6001,44,0,0,0
1315020,2df9b030-3575-50b4-c893-3fdb596cd692,1,1309067,1309072,1315020,1313350,5948,5953,5,0,0,0
1315102,daf06842-811a-0a01-309d-e92911deb03f,1,1308957,1309012,1315102,1315491,6090,6145,55,0,0,0
1315145,0cc25560-00a6-cc9f-2c08-b2f818aab4e0,1,1308909,1308952,1315145,1316639,6193,6236,43,0,0,0
1315114,a5711fdc-33b5-7be1-cd7e-af3fe135efdf,1,1308967,1309012,1315114,1313602,6102,6147,45,0,0,0
1315141,67e90c5f-ae3b-82a3-6483-8cad0f90a64c,1,1309161,1309195,1315141,1315124,5946,5980,34,0,0,0
1315191,0066ddbf-65b0-c4ca-f347-d544ad9e69e1,1,1309135,1309135,1315191,1313671,6056,6056,0,0,0,0
1315578,dc689522-1e45-85dc-84ae-2af04e0ec117,1,1309546,1309558,1315578,1313040,6020,6032,12,0,0,0
1315755,84c84278-bdc3-c412-faf5-4ec7c76d302f,1,1309720,1309720,1315755,1317517,6035,6035,0,0,0,0
1315982,3de91d22-f096-43f4-c9da-09c4214a4055,1,1309938,1309938,1315982,1318751,6044,6044,0,0,0,0
1316058,7fd4e0b3-6a10-d723-0e9b-ba0413a16ce2,1,1310022,1310022,1316058,1317497,6036,6036,0,0,0,0
1316423,759c07bf-77c7-78b2-dc49-a8e73c6595b9,8,972180,972180,1316423,1403181,344243,344243,0,0,0,0
1316454,0f89a187-98de-09d7-76ef-8aea6a1f13bc,1,1310478,1310488,1316454,1318073,5966,5976,10,0,0,0
1316454,7e7551c3-b021-cc13-32e5-b31f3949e4b0,1,1310479,1310488,1316454,1316065,5966,5975,9,0,0,0
1316623,a66addb1-262f-fd66-4877-c267fe32c2a4,1,1310565,1310608,1316623,1319007,6015,6058,43,0,0,0
1316682,335d39b6-52ad-d9bd-aa4b-f318708883f2,1,1310537,1310548,1316682,1319230,6134,6145,11,0,0,0
1317146,72165f64-4b1c-9ae1-d90d-29a7634d1933,1,1311199,1311199,1317146,1318394,5947,5947,0,0,0,0
1317320,cc599b52-a9a0-3750-6c2e-04080c1c7fb3,1,1311300,1311300,1317320,1314855,6020,6020,0,0,0,0
1317554,1649b945-1157-b62a-f959-942883ecd617,1,1311616,1311616,1317554,1316312,5938,5938,0,0,0,0
1318033,0f8a6363-7149-2794-22ad-390afa244016,4,1300754,1300754,1318033,1323968,17279,17279,0,0,0,0
1318101,6960db16-93d0-71d0-9003-22f5a66dc044,1,1312122,1312122,1318101,1320127,5979,5979,0,0,0,0
1318188,0b2aee77-250f-acb8-6fab-9442299bc0e1,2,880794,880794,1318188,1291564,437394,437394,0,0,0,0
1318259,8f7d4887-834b-3c66-ec22-1dfb585183ff,1,1312345,1312362,1318259,1320443,5897,5914,17,0,0,0
1318379,4015bde1-2c5a-98ca-bb6c-2b34499f942d,1,1312337,1312362,1318379,1318032,6017,6042,25,0,0,0
1318591,564e41e0-4de5-e08c-c600-a66cd73daf13,1,1312546,1312546,1318591,1320904,6045,6045,0,0,0,0
1318691,607488b0-be04-f87b-a1c2-b005f1c4e6e3,1,1312663,1312663,1318691,1316085,6028,6028,0,0,0,0
1318881,5225cbb8-c0aa-3d04-19a9-c1b581afde7a,1,1312875,1312902,1318881,1321374,5979,6006,27,0,0,0
1318826,2e27a375-116f-0ccc-b31b-892412de30e7,1,1312876,1312902,1318826,1320400,5924,5950,26,0,0,0
1319014,94ccf56b-7ce1-0c8c-be67-ec3c03f06e80,1,1312912,1312962,1319014,1319249,6052,6102,50,0,0,0
1319432,e8aa1ab9-dceb-d81a-d6c6-d1040ac9eadc,1,1313496,1313496,1319432,1319329,5936,5936,0,0,0,0
1319455,2f8fea92-989a-041f-fc06-be276a5d2486,1,1313120,1313142,1319455,1317636,6313,6335,22,0,0,0
1319493,0cdcf065-fcce-9d89-20f6-258046b5d963,1,1313525,1313556,1319493,1322288,5937,5968,31,0,0,0
1319756,1ef3f101-d9ab-17d2-78ce-4aabc0b3cabf,1,1313702,1313734,1319756,1317507,6022,6054,32,0,0,0
1319794,518e5725-cd83-ca8f-9865-607ef27476de,1,1313674,1313674,1319794,1319152,6120,6120,0,0,0,0
1319968,fdee9583-b481-fbb4-7990-09611723cad7,1,1313809,1313854,1319968,1316878,6114,6159,45,0,0,0
1320571,52c653b0-a563-f3b8-78f3-ddf64f9385f9,1,1314503,1314503,1320571,1321423,6068,6068,0,0,0,0
1320582,e2be9e22-e321-8216-0225-3a5034445707,1,1314437,1314437,1320582,1323157,6145,6145,0,0,0,0
1320632,3dd3a461-9e1c-4727-826a-6b7d66efd267,1,1314510,1314563,1320632,1318481,6069,6122,53,0,0,0
1320904,9e50ab25-b7f4-9a5a-e6ff-f3a10c0974b8,1,1318930,1318944,1320904,1320312,1960,1974,14,0,0,0
1320917,5b414a3f-2f05-ffb7-3668-ba33fdf64eeb,1,1318906,1318944,1320917,1320399,1973,2011,38,0,0,0
1320916,a117e1a6-17ba-b883-1ce6-dd4e4fba6d67,1,1318907,1318944,1320916,1320553,1972,2009,37,0,0,0
1320953,1d83ccef-3c8d-5dc8-664f-b732e83120d7,1,1318911,1318944,1320953,1320157,2009,2042,33,0,0,0
1320916,a380b67c-49fc-8b33-971e-dcde6fde1f1f,1,1318920,1318944,1320916,1321474,1972,1996,24,0,0,0
1320908,800da223-b35e-487f-6838-eda0b4c42277,1,1318923,1318944,1320908,1321654,1964,1985,21,0,0,0
1320920,1d4eeea0-1d10-a486-bd1f-44f65c0712ac,1,1318926,1318944,1320920,1320777,1976,1994,18,0,0,0
1320929,ff6ce29a-ead1-01c6-3503-e43559a47683,1,1318930,1318944,1320929,1321168,1985,1999,14,0,0,0
1320940,f6cfdcf0-72f8-3c9d-7bce-f4ee01021bd2,1,1318944,1318944,1320940,1320228,1996,1996,0,0,0,0
1321003,468e5f94-9710-f2d8-b515-2488d2315001,1,1318903,1318944,1321003,1320282,2059,2100,41,0,0,0
1320989,96bd64e3-f7ef-37de-6cf6-e08a61e4d3d7,1,1318926,1318944,1320989,1321853,2045,2063,18,0,0,0
1320966,2ed4f03e-e0eb-1a02-fe55-72bad87ca5e5,1,1318934,1318944,1320966,1320729,2022,2032,10,0,0,0
1320967,c9ee9f29-b8ac-893f-7c98-192000dd73db,1,1318943,1318944,1320967,1321272,2023,2024,1,0,0,0
1320967,06952e99-599a-19d8-c342-cfeb6bc201ee,1,1318947,1319004,1320967,1320762,1963,2020,57,0,0,0
1321025,1ee90383-90ba-5acc-07ba-6cd145818257,1,1318937,1318944,1321025,1321850,2081,2088,7,0,0,0
1321179,cae4160e-be44-d6d8-54b7-34533eb78918,1,1318948,1319004,1321179,1320495,2175,2231,56,0,0,0
1321848,7d801b28-5f08-8c3b-fc28-adb342d8b896,1,1318905,1318944,1321848,1322564,2904,2943,39,0,0,0
1321855,acf1ff9b-f55d-d53e-146c-15b2bf5c33d5,1,1318906,1318944,1321855,1322755,2911,2949,38,0,0,0
1321819,5e7b6f56-1bb3-8fa6-83b9-190d082cc6b6,1,1318922,1318944,1321819,1321255,2875,2897,22,0,0,0
1321836,78418480-d377-13b7-b049-51fe33c2d8a6,1,1318931,1318944,1321836,1320796,2892,2905,13,0,0,0
1321905,b2f99705-9669-4815-75b8-53bdf6608599,1,1318904,1318944,1321905,1323108,2961,3001,40,0,0,0
1321885,7c53d9af-5c10-6273-2315-6cac90f28c0f,1,1318909,1318944,1321885,1321093,2941,2976,35,0,0,0
1321915,4b273bbc-a1d4-13d8-4554-32ad42d2cf94,1,1318913,1318944,1321915,1321114,2971,3002,31,0,0,0
1321898,ea9db1d4-b08e-578e-8c06-c41fcabb895e,1,1318928,1318944,1321898,1322413,2954,2970,16,0,0,0
1321911,1098d7a3-e02e-5966-d417-7bc72b3c2cca,1,1318939,1318944,1321911,1322103,2967,2972,5,0,0,0
1321897,92662676-4ac9-f371-0816-245991d93f21,1,1318948,1319004,1321897,1321419,2893,2949,56,0,0,0
1321924,eaea6e38-f615-c209-c242-8331dde0223a,4,1175981,1175981,1321924,1311766,145943,145943,0,0,0,0
1321937,9eb5b566-0d35-3147-3a23-cc9ee75a7cfd,1,1318903,1318944,1321937,1323164,2993,3034,41,0,0,0
1321979,c74dcefa-4fbe-0927-71d5-02418647213f,1,1318903,1318944,1321979,1321471,3035,3076,41,0,0,0
1321927,c02dd818-5a80-6c59-2e04-ac860c5ccf97,1,1318907,1318944,1321927,1321570,2983,3020,37,0,0,0
1321952,15397870-7685-d1d1-f98c-3a4bbd5849a3,1,1318919,1318944,1321952,1320788,3008,3033,25,0,0,0
1321955,4714bca9-3470-c4f2-b115-ba817d50025b,1,1318941,1318944,1321955,1320812,3011,3014,3,0,0,0
1322026,448e45cd-6517-d417-00f8-626029330ae6,4,1118088,1118088,1322026,1239941,203938,203938,0,0,0,0
1322016,0057dfcc-ab7b-3c43-24cd-b2ad56e8dfed,1,1318939,1318944,1322016,1323212,3072,3077,5,0,0,0
1324027,41ee7e6b-88ff-f148-8986-3a38726b1356,1,1318923,1318944,1324027,1325526,5083,5104,21,0,0,0
1324096,c6e29ae4-e27a-7451-d536-719d19e84e21,1,1318920,1318944,1324096,1323947,5152,5176,24,0,0,0
1324111,a52e2b4b-08c8-12b8-a91e-2f4fed79e7c7,1,1318906,1318944,1324111,1322482,5167,5205,38,0,0,0
1324097,7b400ae2-72c7-b430-2e86-042abc523b76,1,1318906,1318944,1324097,1324749,5153,5191,38,0,0,0
1324155,fe334a7f-a877-21dc-a7e5-164f8b4d3c9a,1,1318936,1318944,1324155,1321703,5211,5219,8,0,0,0
1324127,14bc279c-15dd-63cf-a810-e0f9e6563645,1,1318937,1318944,1324127,1323825,5183,5190,7,0,0,0
1324189,2833ecfc-3837-e3e6-c160-9f1f503b5a82,1,1318919,1318944,1324189,1323920,5245,5270,25,0,0,0
1324214,9c375349-a777-1823-8d44-458116a06d5b,1,1318941,1318944,1324214,1323049,5270,5273,3,0,0,0
1324158,1a2ba7c1-4358-407d-5f36-31120b2b6b42,1,1318944,1318944,1324158,1324438,5214,5214,0,0,0,0
1324240,a2c153ff-274a-f922-07a7-9ead62b7ec1b,1,1318913,1318944,1324240,1322104,5296,5327,31,0,0,0
1324232,30ad559e-97dd-4230-d3ab-087fc2ae2066,1,1318913,1318944,1324232,1324314,5288,5319,31,0,0,0
1324265,e03589c1-c09d-bc14-86a2-c50b18c13837,1,1318917,1318944,1324265,1321729,5321,5348,27,0,0,0
1324240,023dd258-9cef-c14d-7214-ea3a0ae8a721,1,1318932,1318944,1324240,1326356,5296,5308,12,0,0,0
1324263,8fb95fdf-0247-1263-fc07-e24fd9d6a2f3,1,1318940,1318944,1324263,1321805,5319,5323,4,0,0,0
1324315,e032e6c4-4461-3edb-8f3a-08f1086754e2,1,1318929,1318944,1324315,1321614,5371,5386,15,0,0,0
1324348,19533dd1-0e7e-c76b-0b77-032acecc650c,1,1318910,1318944,1324348,1326156,5404,5438,34,0,0,0
1326404,1a7fc979-1376-d2f5-5eea-2176fd325827,4,1117419,1117419,1326404,1249578,208985,208985,0,0,0,0
1326497,a92d34ef-2207-871a-be43-28a4b0417877,1,1324851,1324851,1326497,1326805,1646,1646,0,0,0,0
1326879,fdaccf5f-5b27-9b3c-4042-81fc53802a97,8,1235536,1235536,1326879,1309918,91343,91343,0,0,0,0
1327906,fb24c6df-4fe5-c7b5-3578-8e3aad9af9d3,4,1326263,1326269,1327906,1328145,1637,1643,6,0,0,0
1329214,034da95f-5667-53a7-0582-fd806958589e,1,1327500,1327500,1329214,1328660,1714,1714,0,0,0,0
1331685,d7b2aa8a-2378-6342-24c0-dad43c34e175,1,1326690,1326690,1331685,1330207,4995,4995,0,0,0,0
1332362,a3e26f02-0ff0-a209-a003-49c78eb1efe4,1,1327533,1327560,1332362,1334224,4802,4829,27,0,0,0
1333394,34103bc5-bc64-d066-cd7a-3429c5240536,4,1312976,1313022,1333394,1327167,20372,20418,46,0,0,0
1334899,56dded76-c366-2f1b-6101-f8a93265e30f,8,1322824,1322824,1334899,1336458,12075,12075,0,0,0,0
1336396,a6965636-c44c-b103-26a6-726a5cc7ef7c,4,1300755,1300814,1336396,1346527,35582,35641,59,0,0,0
1338226,2dfddae6-9bac-1f0e-032a-51345f7f7b67,8,1044004,1044043,1338226,1295579,294183,294222,39,0,0,0
1338854,7a76cd72-d914-5eff-92c3-cee29fd85ffc,8,1325633,1325633,1338854,1338446,13221,13221,0,0,0,0
1341440,059f2402-6bec-e26f-0627-e64c53803cd8,8,1043989,1044043,1341440,1272139,297397,297451,54,0,0,0
1344009,ea9dc336-f872-586b-1290-7f25472aa8a1,2,551486,551486,1344009,1561660,792523,792523,0,0,0,0
1345408,5d50513a-ab28-530c-61ff-b073061f88f5,8,1041906,1041906,1345408,1354859,303502,303502,0,0,0,0
1349487,99f3cb87-ae79-94dd-777d-ee40ad840f02,1,1305943,1305943,1349487,1332050,43544,43544,0,0,0,0
1349606,3cdc3da3-e736-7bfe-fed9-1efc145aab2f,1,1305985,1306003,1349606,1345744,43603,43621,18,0,0,0
1349843,37bdf5bc-91eb-8514-3c0f-0929ee26a733,8,1307309,1307321,1349843,1354002,42522,42534,12,0,0,0
1349872,44136bb4-3bf8-e3af-148c-03e4e290068a,8,1307310,1307321,1349872,1369328,42551,42562,11,0,0,0
1350925,dc6a2381-3657-04a8-a866-3ce1f8cc4b96,1,1319016,1319064,1350925,1335538,31861,31909,48,0,0,0
1350973,d88f1b4b-a2f1-47b4-c139-97e4cfab0ffe,1,1318859,1318884,1350973,1366164,32089,32114,25,0,0,0
1351190,12d444ec-f7ea-fd76-bebf-356175004175,1,1318485,1318485,1351190,1350585,32705,32705,0,0,0,0
1351241,96207e0e-007f-d349-6ba3-6ccc9cec2e90,1,1318824,1318824,1351241,1347162,32417,32417,0,0,0,0
1351329,fb07925e-56e8-e2bf-6e31-e4d7c661ca57,1,1318891,1318944,1351329,1349862,32385,32438,53,0,0,0
1351468,e7f03d1f-bc18-faa6-f285-16acf9c277ea,1,1318977,1319004,1351468,1336885,32464,32491,27,0,0,0
1351664,57b8d630-e4e1-8880-bf39-ce342a2a8192,1,1318930,1318944,1351664,1364421,32720,32734,14,0,0,0
1351699,7dd8d264-9700-77cc-b02c-c669bf24a31a,1,1319926,1319936,1351699,1337747,31763,31773,10,0,0,0
1351816,df141dcd-f7d1-6a60-f63a-f991845b62de,4,1340373,1340373,1351816,1354156,11443,11443,0,0,0,0
1351946,6c51252a-7a81-5145-e505-efbeaab46c46,4,1340941,1340953,1351946,1352433,10993,11005,12,0,0,0
1351954,c49eca40-90ae-dc08-4308-37efb4dc41f5,1,1320495,1320495,1351954,1349170,31459,31459,0,0,0,0
1352123,1ec42886-3305-d88d-c5c8-2e9c32712acf,1,1319852,1319876,1352123,1353752,32247,32271,24,0,0,0
1352233,2660e38b-cc18-82a1-3c0e-714fc2aa1c22,4,1340893,1340893,1352233,1353323,11340,11340,0,0,0,0
1352245,6edd9e43-4817-ae86-fb59-0f71db7eeba0,4,1340989,1341013,1352245,1349611,11232,11256,24,0,0,0
1352260,c08bd7fb-b6ed-cfe6-e9c2-8708503fe1c6,1,1319963,1319996,1352260,1356672,32264,32297,33,0,0,0
1352319,930efd99-a5cf-ca04-a7b1-f7145d3f02a4,1,1320992,1321024,1352319,1349627,31295,31327,32,0,0,0
1353385,38264c1b-fe3a-7b10-c735-588f46334bc8,1,1319895,1319936,1353385,1347003,33449,33490,41,0,0,0
1353419,29e2fac1-1d63-49ee-0193-c3cae5df6e92,1,1320005,1320056,1353419,1354714,33363,33414,51,0,0,0
1353585,d8145d15-0da4-a0d1-f2ab-6903f44f05ed,1,1320576,1320631,1353585,1337503,32954,33009,55,0,0,0
1353623,f0583225-bf06-66dc-b846-4614a7348cb0,2,881152,881152,1353623,1300826,472471,472471,0,0,0,0
1355239,179ab6c6-4399-9721-17b1-99e2271bef3d,1,1322396,1322439,1355239,1343785,32800,32843,43,0,0,0
1355700,1b18f914-fb16-ad51-52da-b82f4ffdbb2f,1,1314562,1314563,1355700,1342089,41137,41138,1,0,0,0
1359509,e4f013ec-a00c-c917-4e8b-04ba3197f10d,8,1043998,1044043,1359509,1377606,315466,315511,45,0,0,0
1359510,073780b9-63d6-1fba-7385-87b1cc98db3d,8,1043983,1043983,1359510,1235127,315527,315527,0,0,0,0
1368570,1014571c-5d15-8706-a10c-7ffdddf4ea73,4,1300755,1300814,1368570,1377863,67756,67815,59,0,0,0
1369552,0e04dd4c-9ed0-2678-c20d-f9f0a05b5a35,8,1235742,1235742,1369552,1435367,133810,133810,0,0,0,0
1379203,2000027b-1223-c4b2-e8f6-888047f94b35,1,1305173,1305173,1379203,1355415,74030,74030,0,0,0,0
1380429,b277fc78-f639-64df-c153-f920e847486c,1,1146920,1146946,1380429,1470022,233483,233509,26,0,0,0
1381377,72f4dd70-5e81-cfe9-5825-438a448996df,1,1146954,1147006,1381377,1376349,234371,234423,52,0,0,0
1382073,aa118073-7adb-13d5-f63b-80c89bf3184d,4,1337200,1337257,1382073,1395200,44816,44873,57,0,0,0
1385906,4f532d60-f1fa-9da8-cbc3-ad9f3463a759,1,1156527,1156549,1385906,1351332,229357,229379,22,0,0,0
1386305,71dd4be5-280b-6492-0423-9d14e8284cab,1,1146848,1146886,1386305,1472523,239419,239457,38,0,0,0
1386431,f0520a78-a004-65cc-a1b8-c5cea5259144,1,1146760,1146766,1386431,1501741,239665,239671,6,0,0,0
1387079,7b24f737-99e2-3740-07ad-7c384fcf7d21,1,1156493,1156549,1387079,1459931,230530,230586,56,0,0,0
1387243,8f03243a-09a8-1024-e53b-e78849f09b28,1,1156420,1156429,1387243,1345791,230814,230823,9,0,0,0
1387361,821e0f09-ad83-db76-b2d8-4a0a41d2c3f8,1,1146660,1146706,1387361,1425039,240655,240701,46,0,0,0
1387537,b2c10342-95c7-ea41-c66b-d91f3f6aba6f,8,1307309,1307321,1387537,1355012,80216,80228,12,0,0,0
1387557,3fd884bd-1971-b79a-161d-cc2f9353166b,8,1307309,1307321,1387557,1354598,80236,80248,12,0,0,0
1387805,e3d04332-fd07-1143-ba1a-81705629d27a,1,1156455,1156489,1387805,1487911,231316,231350,34,0,0,0
1388334,5507ca22-bba6-882e-5e4c-691a6be948be,1,1146726,1146766,1388334,1396037,241568,241608,40,0,0,0
1390308,4a7041d5-b918-4343-181e-260fcae83972,1,1146800,1146826,1390308,1349133,243482,243508,26,0,0,0
1392650,61ede17c-c536-5216-89fd-6fb271dda272,4,1314072,1314072,1392650,1383976,78578,78578,0,0,0,0
