time,job_id,num_gpu,submit_time,start_time,end_time,ddl,executed_time,JCT,pending_time,preempt,promote,best_effort_job
62109,0,64,0,0,62109,771220,62109,62109,0,0,0,0
255693,2,64,251674,251674,255693,281132,4019,4019,0,0,0,0
257677,5,64,256458,256478,257677,269135,1199,1219,20,0,0,0
257901,6,64,256459,256478,257901,264444,1423,1442,19,0,0,0
260734,10,64,259585,259585,260734,267922,1149,1149,0,0,0,0
260794,11,64,259600,259645,260783,269623,1138,1183,45,0,0,0
261124,4,64,256418,256418,261124,272884,4706,4706,0,0,0,0
262629,8,64,258886,258923,262629,270991,3706,3743,37,0,0,0
263790,7,64,258863,258863,263790,265982,4927,4927,0,0,0,0
264341,12,64,259609,261124,264341,273980,3217,4732,1515,0,0,0
264671,9,64,258888,258923,264671,273213,5748,5783,35,0,0,0
266327,3,64,251699,251734,266327,279709,14593,14628,35,0,0,0
266387,15,64,262523,264341,266350,274296,2009,3827,1818,0,0,0
266732,14,64,262517,262563,266732,271924,4169,4215,46,0,0,0
270158,13,64,262503,262503,270158,270864,7655,7655,0,0,0,0
292340,18,64,274530,274530,292340,375412,17810,17810,0,0,0,0
314416,22,64,310067,310067,314367,322697,4300,4300,0,0,0,0
314416,24,64,314356,314356,314396,314834,40,40,0,0,0,0
314668,25,64,314378,314416,314668,315330,252,290,38,0,0,0
318265,21,64,309095,309095,318265,333973,9170,9170,0,0,0,0
319928,20,64,308826,308826,319928,341152,11102,11102,0,0,0,0
327181,23,64,310087,318265,327181,342111,8916,17094,8178,0,0,0
330551,17,64,273432,273432,330551,331219,57119,57119,0,0,0,0
330968,27,64,328414,328472,330968,343582,2496,2554,58,0,0,0
341326,16,64,268877,268877,341326,329690,72449,72449,0,0,0,0
342823,26,64,328412,328412,342823,344661,14411,14411,0,0,0,0
399191,30,64,396126,396126,399191,454891,3065,3065,0,0,0,0
413706,32,64,409827,409866,413706,421715,3840,3879,39,0,0,0
417955,31,64,409806,409806,417955,437878,8149,8149,0,0,0,0
422092,19,64,276110,276110,422092,450642,145982,145982,0,0,0,0
447064,34,64,445554,445554,447064,449585,1510,1510,0,0,0,0
449296,28,64,365624,365624,449296,416400,83672,83672,0,0,0,0
486043,35,64,485979,485979,486043,486588,64,64,0,0,0,0
500213,33,64,438136,438136,500213,578977,62077,62077,0,0,0,0
501313,36,64,499454,499454,501313,520999,1859,1859,0,0,0,0
503746,29,64,368092,368092,503746,576633,135654,135654,0,0,0,0
558995,37,64,552756,552756,558995,584424,6239,6239,0,0,0,0
564849,38,32,559930,559930,564849,595056,4919,4919,0,0,0,0
571535,40,64,571334,571334,571535,572100,201,201,0,0,0,0
573385,39,64,571052,571052,573385,603787,2333,2333,0,0,0,0
625702,44,64,625627,625627,625702,626201,75,75,0,0,0,0
628014,45,64,627863,627863,628014,628796,151,151,0,0,0,0
658652,47,64,658521,658577,658652,659578,75,131,56,0,0,0
658771,46,64,658517,658517,658771,659443,254,254,0,0,0,0
665307,42,64,587485,587485,665307,820984,77822,77822,0,0,0,0
672851,49,64,667990,668040,672851,689405,4811,4861,50,0,0,0
674071,48,64,667980,667980,674071,685474,6091,6091,0,0,0,0
735712,50,64,693194,693194,735712,811453,42518,42518,0,0,0,0
743521,53,64,743407,743407,743521,744090,114,114,0,0,0,0
749325,52,64,714019,714019,749325,773775,35306,35306,0,0,0,0
761651,41,64,580807,580807,761651,939716,180844,180844,0,0,0,0
837654,43,64,595709,595709,837654,768630,241945,241945,0,0,0,0
900090,51,64,693196,693254,900090,842567,206836,206894,58,0,0,0
918182,54,64,917930,917930,918182,918617,252,252,0,0,0,0
978250,55,64,977077,977077,978250,997256,1173,1173,0,0,0,0
1060534,57,64,1060037,1060037,1060534,1060775,497,497,0,0,0,0
1072522,59,64,1070705,1070705,1072522,1096046,1817,1817,0,0,0,0
1073981,60,64,1070742,1070765,1073981,1089516,3216,3239,23,0,0,0
1079105,61,64,1070743,1070765,1079105,1095777,8340,8362,22,0,0,0
1079233,58,64,1070705,1070705,1079233,1100928,8528,8528,0,0,0,0
1087738,62,64,1085610,1085610,1087738,1112173,2128,2128,0,0,0,0
1089971,64,64,1088036,1088036,1089971,1099985,1935,1935,0,0,0,0
1090124,65,64,1088037,1088096,1090084,1104597,1988,2047,59,0,0,0
1090910,66,64,1089801,1089801,1090910,1092022,1109,1109,0,0,0,0
1091504,67,64,1090064,1090064,1091504,1095524,1440,1440,0,0,0,0
1091629,68,64,1090067,1090124,1091629,1093843,1505,1562,57,0,0,0
1094037,63,64,1085610,1085610,1094037,1117482,8427,8427,0,0,0,0
1096915,69,64,1094822,1094822,1096915,1096535,2093,2093,0,0,0,0
1124878,73,32,1122645,1122645,1124878,1125438,2233,2233,0,0,0,0
1124945,72,64,1122645,1122645,1124945,1128477,2300,2300,0,0,0,0
1145522,56,64,996104,996104,1145522,1204567,149418,149418,0,0,0,0
1153917,74,32,1148546,1148546,1153917,1169857,5371,5371,0,0,0,0
1156151,76,64,1151950,1151950,1156151,1181507,4201,4201,0,0,0,0
1159846,75,64,1148547,1148606,1159846,1172351,11240,11299,59,0,0,0
1167722,70,64,1108307,1108307,1167722,1321304,59415,59415,0,0,0,0
1190725,80,64,1184265,1184321,1190725,1205811,6404,6460,56,0,0,0
1195208,79,64,1184261,1184261,1195208,1201165,10947,10947,0,0,0,0
1200858,81,64,1196785,1196785,1200858,1214986,4073,4073,0,0,0,0
1201002,82,64,1196788,1196845,1201002,1217324,4157,4214,57,0,0,0
1209725,83,64,1209585,1209585,1209725,1210271,140,140,0,0,0,0
1229659,71,32,1122029,1122029,1229659,1382297,107630,107630,0,0,0,0
1237003,77,64,1176018,1176018,1237003,1360630,60985,60985,0,0,0,0
1270577,1,64,219316,219316,1270577,2065619,1051261,1051261,0,0,0,0
1282300,85,64,1222004,1222047,1282300,1342650,60253,60296,43,0,0,0
1284745,89,64,1282399,1282444,1284745,1298578,2301,2346,45,0,0,0
1287355,88,64,1282384,1282384,1287355,1302950,4971,4971,0,0,0,0
1290683,87,64,1281444,1281503,1290683,1298791,9180,9239,59,0,0,0
1291309,86,64,1281443,1281443,1291309,1308637,9866,9866,0,0,0,0
1312053,92,32,1307455,1307455,1312053,1326854,4598,4598,0,0,0,0
1314648,93,64,1307455,1307455,1314648,1322007,7193,7193,0,0,0,0
1325555,97,64,1322761,1322761,1325555,1356654,2794,2794,0,0,0,0
1326969,96,64,1322761,1322761,1326969,1345509,4208,4208,0,0,0,0
1347637,78,64,1179128,1179128,1347637,1273880,168509,168509,0,0,0,0
1359324,84,64,1221987,1221987,1359324,1434435,137337,137337,0,0,0,0
1368826,100,64,1362294,1362294,1368826,1385382,6532,6532,0,0,0,0
1378684,101,64,1362333,1362354,1378684,1396238,16330,16351,21,0,0,0
1385024,95,64,1322235,1322235,1385024,1491879,62789,62789,0,0,0,0
1391641,98,64,1330834,1330834,1391641,1475755,60807,60807,0,0,0,0
1398706,91,64,1307066,1307066,1398706,1531340,91640,91640,0,0,0,0
1443325,103,64,1422424,1422424,1443325,1450055,20901,20901,0,0,0,0
1521144,104,64,1520982,1520982,1521144,1521515,162,162,0,0,0,0
1533557,90,64,1305672,1305672,1533557,1552154,227885,227885,0,0,0,0
1555607,99,64,1330843,1385024,1555607,1588563,170583,224764,54181,0,0,0
1563741,102,64,1388150,1388150,1563741,1508307,175591,175591,0,0,0,0
1577632,107,64,1571362,1571362,1577632,1591136,6270,6270,0,0,0,0
1587502,108,64,1571375,1571422,1587502,1596670,16080,16127,47,0,0,0
1612109,110,64,1610864,1610864,1612109,1638542,1245,1245,0,0,0,0
1612185,111,64,1610875,1610924,1612185,1630880,1261,1310,49,0,0,0
1613893,105,64,1565365,1565365,1613893,1653471,48528,48528,0,0,0,0
1617285,94,64,1319234,1398706,1617285,1591178,218579,298051,79472,0,0,0
1632956,113,64,1630997,1631043,1632956,1641580,1913,1959,46,0,0,0
1635711,114,64,1631317,1631317,1635711,1637730,4394,4394,0,0,0,0
1636026,115,64,1631322,1631377,1636026,1635778,4649,4704,55,0,0,0
1636223,112,64,1630983,1630983,1636223,1652044,5240,5240,0,0,0,0
1648909,116,64,1647890,1647890,1648909,1650148,1019,1019,0,0,0,0
1651891,117,64,1651211,1651211,1651891,1653074,680,680,0,0,0,0
1668400,122,64,1668328,1668328,1668400,1669127,72,72,0,0,0,0
1668849,118,64,1664217,1664217,1668849,1692002,4632,4632,0,0,0,0
1670195,123,64,1670135,1670135,1670186,1671258,51,51,0,0,0,0
1670256,124,64,1670140,1670195,1670256,1670611,61,116,55,0,0,0
1670601,120,64,1667778,1667778,1670601,1684744,2823,2823,0,0,0,0
1671799,121,64,1667783,1668849,1671799,1702487,2950,4016,1066,0,0,0
1673869,119,64,1664218,1664277,1673869,1675489,9592,9651,59,0,0,0
1690526,125,64,1687101,1687101,1690526,1705891,3425,3425,0,0,0,0
1692394,126,64,1687106,1687161,1692394,1710069,5233,5288,55,0,0,0
1698885,128,64,1696457,1696457,1698885,1724582,2428,2428,0,0,0,0
1700296,109,64,1571742,1577632,1700296,1667889,122664,128554,5890,0,0,0
1702812,129,64,1696457,1696457,1702812,1721645,6355,6355,0,0,0,0
1711912,106,64,1566328,1566328,1711912,1913944,145584,145584,0,0,0,0
1718655,131,64,1716609,1716667,1718655,1742615,1988,2046,58,0,0,0
1724760,130,64,1716607,1716607,1724760,1730051,8153,8153,0,0,0,0
1743368,134,64,1743219,1743219,1743368,1743658,149,149,0,0,0,0
1743669,135,64,1743558,1743558,1743669,1744355,111,111,0,0,0,0
1755879,127,64,1695296,1695296,1755879,1843237,60583,60583,0,0,0,0
1779102,136,64,1777206,1777206,1779102,1778988,1896,1896,0,0,0,0
1779490,137,64,1777206,1777206,1779490,1778749,2284,2284,0,0,0,0
1780483,133,64,1722100,1722100,1780483,1939466,58383,58383,0,0,0,0
1787632,138,32,1784253,1784253,1787632,1801112,3379,3379,0,0,0,0
1789640,139,64,1784253,1784253,1789640,1807210,5387,5387,0,0,0,0
1821868,140,64,1819146,1819146,1821868,1850581,2722,2722,0,0,0,0
1829320,141,64,1820628,1820628,1829320,1849273,8692,8692,0,0,0,0
1857811,142,64,1821515,1821515,1857811,1865310,36296,36296,0,0,0,0
1881442,132,64,1721528,1721528,1881442,1982761,159914,159914,0,0,0,0
1901658,143,64,1821516,1821575,1901658,1904907,80083,80142,59,0,0,0
1904258,144,64,1847078,1847078,1904258,2041028,57180,57180,0,0,0,0
1907529,145,32,1904135,1904135,1907489,1923991,3354,3354,0,0,0,0
1907589,148,64,1905356,1905407,1907556,1926251,2149,2200,51,0,0,0
1910048,150,64,1907471,1907529,1910048,1927765,2519,2577,58,0,0,0
1910269,146,64,1904139,1904195,1910269,1913902,6074,6130,56,0,0,0
1918499,149,64,1907469,1907469,1918499,1939024,11030,11030,0,0,0,0
1919503,147,64,1905347,1905347,1919503,1929520,14156,14156,0,0,0,0
1921853,151,64,1920806,1920806,1921853,1922361,1047,1047,0,0,0,0
1922878,152,64,1922368,1922368,1922878,1923629,510,510,0,0,0,0
1933372,153,64,1927711,1927711,1933372,1949780,5661,5661,0,0,0,0
1938787,154,64,1927712,1927771,1938787,1939896,11016,11075,59,0,0,0
1962075,155,64,1932851,1932851,1962075,2050096,29224,29224,0,0,0,0
2017013,157,64,2013026,2013026,2017013,2037050,3987,3987,0,0,0,0
2019455,159,64,2017157,2017157,2019455,2037447,2298,2298,0,0,0,0
2024939,160,64,2017175,2017217,2024939,2046271,7722,7764,42,0,0,0
2028415,158,64,2013046,2013086,2028415,2031578,15329,15369,40,0,0,0
2031226,156,64,1936352,1936352,2031226,1982087,94874,94874,0,0,0,0
2083651,162,64,2059484,2059484,2083651,2109551,24167,24167,0,0,0,0
2116975,163,64,2063814,2063814,2116975,2215338,53161,53161,0,0,0,0
2129910,165,64,2129795,2129795,2129910,2130474,115,115,0,0,0,0
2137256,164,64,2097269,2097269,2137256,2204678,39987,39987,0,0,0,0
2161577,167,64,2161107,2161166,2161577,2164701,411,470,59,0,0,0
2162315,173,64,2161666,2161666,2162315,2166405,649,649,0,0,0,0
2163461,166,64,2161106,2161106,2163461,2164693,2355,2355,0,0,0,0
2164118,172,64,2161666,2161666,2164118,2166606,2452,2452,0,0,0,0
2166489,171,64,2161425,2161425,2166489,2172908,5064,5064,0,0,0,0
2166691,170,64,2161425,2161577,2166691,2175605,5114,5266,152,0,0,0
2170714,169,64,2161132,2166489,2170714,2196074,4225,9582,5357,0,0,0
2171971,168,64,2161132,2161166,2171971,2177715,10805,10839,34,0,0,0
2172321,161,64,2036839,2036839,2172321,2139380,135482,135482,0,0,0,0
2249188,174,64,2247257,2247257,2249188,2272810,1931,1931,0,0,0,0
2249629,175,64,2247257,2247257,2249629,2262280,2372,2372,0,0,0,0
2256085,176,64,2247322,2247322,2256085,2275619,8763,8763,0,0,0,0
2257235,178,64,2248491,2248491,2257235,2267201,8744,8744,0,0,0,0
2257599,179,64,2257491,2257491,2257599,2258052,108,108,0,0,0,0
2261539,177,64,2247429,2247429,2261539,2298385,14110,14110,0,0,0,0
2303165,180,64,2302903,2302903,2303165,2303831,262,262,0,0,0,0
2365850,183,64,2360615,2360615,2365850,2389827,5235,5235,0,0,0,0
2387995,186,64,2360616,2360675,2387995,2423408,27320,27379,59,0,0,0
2388721,199,64,2388654,2388654,2388721,2389123,67,67,0,0,0,0
2398651,200,64,2391840,2391840,2398651,2406584,6811,6811,0,0,0,0
2399613,194,64,2360625,2360675,2399613,2419969,38938,38988,50,0,0,0
2411771,191,64,2360620,2365850,2411771,2426322,45921,51151,5230,0,0,0
2444169,196,64,2360646,2387995,2444169,2438968,56174,83523,27349,0,0,0
2446988,195,64,2360646,2360675,2446988,2418062,86313,86342,29,0,0,0
2464170,184,64,2360616,2399613,2464170,2443894,64557,103554,38997,0,0,0
2488168,192,64,2360620,2411771,2488168,2444405,76397,127548,51151,0,0,0
2488257,201,32,2478146,2488168,2488257,2478713,89,10111,10022,0,0,0
2518127,190,64,2360619,2444169,2518127,2446352,73958,157508,83550,0,0,0
2520897,189,64,2360619,2446988,2520897,2446374,73909,160278,86369,0,0,0
2533491,203,32,2505721,2520897,2533491,2525537,12594,27770,15176,0,0,0
2535126,188,32,2360617,2488168,2535126,2470792,46958,174509,127551,0,0,0
2546935,181,64,2352993,2352993,2546935,2463078,193942,193942,0,0,0,0
2549469,202,64,2495057,2546935,2549469,2527488,2534,54412,51878,0,0,0
2555963,182,64,2359902,2359902,2555963,2483282,196061,196061,0,0,0,0
2561917,205,64,2545511,2555963,2561917,2561528,5954,16406,10452,0,0,0
2567756,209,32,2551448,2561917,2567756,2567850,5839,16308,10469,0,0,0
2568111,206,64,2546184,2561917,2568111,2568676,6194,21927,15733,0,0,0
2586907,207,64,2548010,2568111,2586907,2573894,18796,38897,20101,0,0,0
2586995,193,64,2360624,2488257,2586995,2478755,98738,226371,127633,0,0,0
2592496,208,32,2551437,2586995,2592496,2591969,5501,41059,35558,0,0,0
2592853,204,32,2545486,2586907,2592853,2575882,5946,47367,41421,0,0,0
2597633,211,64,2561775,2586907,2597633,2584350,10726,35858,25132,0,0,0
2610594,210,64,2561761,2592496,2610594,2592646,18098,48833,30735,0,0,0
2611708,187,64,2360617,2549469,2611708,2537255,62239,251091,188852,0,0,0
2636587,185,64,2360616,2533491,2636587,2525969,103096,275971,172875,0,0,0
2644815,217,64,2644740,2644740,2644815,2645432,75,75,0,0,0,0
2715421,218,64,2711038,2711038,2715421,2749692,4383,4383,0,0,0,0
2718797,214,64,2584996,2610594,2718797,2724139,108203,133801,25598,0,0,0
2731362,221,64,2731218,2731218,2731362,2731994,144,144,0,0,0,0
2731549,222,64,2731220,2731278,2731549,2731895,271,329,58,0,0,0
2740513,212,64,2574992,2636587,2740513,2757049,103926,165521,61595,0,0,0
2745067,225,64,2738675,2738675,2745067,2756131,6392,6392,0,0,0,0
2753106,228,64,2738836,2745067,2753106,2762745,8039,14270,6231,0,0,0
2757274,226,64,2738683,2753106,2757274,2767153,4168,18591,14423,0,0,0
2761382,197,64,2361910,2611708,2761382,2732705,149674,399472,249798,0,0,0
2761454,223,64,2737914,2757274,2761454,2771178,4180,23540,19360,0,0,0
2767786,224,64,2737938,2761382,2767786,2771276,6404,29848,23444,0,0,0
2769137,198,64,2386703,2597633,2769137,2604507,171504,382434,210930,0,0,0
2770682,227,64,2738836,2761454,2770682,2772980,9228,31846,22618,0,0,0
2771131,229,64,2758116,2767786,2771131,2775783,3345,13015,9670,0,0,0
2779589,232,64,2777686,2777686,2779589,2778798,1903,1903,0,0,0,0
2779706,233,64,2778950,2778950,2779706,2782272,756,756,0,0,0,0
2811009,235,64,2810910,2810910,2811009,2811598,99,99,0,0,0,0
2821185,237,64,2821065,2821065,2821140,2822762,75,75,0,0,0,0
2821300,238,64,2821066,2821125,2821300,2821952,175,234,59,0,0,0
2823844,240,64,2821972,2821972,2823844,2837251,1872,1872,0,0,0,0
2832382,241,64,2824613,2824613,2832382,2835966,7769,7769,0,0,0,0
2834350,239,32,2821972,2823844,2834350,2845890,10506,12378,1872,0,0,0
2836168,242,32,2824613,2832382,2836168,2844103,3786,11555,7769,0,0,0
2836961,244,64,2831461,2834350,2836961,2848709,2611,5500,2889,0,0,0
2842468,248,64,2840204,2840204,2842468,2842194,2264,2264,0,0,0,0
2843951,250,64,2843510,2843510,2843951,2845426,441,441,0,0,0,0
2845093,249,64,2843377,2843377,2845093,2845625,1716,1716,0,0,0,0
2848111,251,64,2847602,2847602,2848111,2850145,509,509,0,0,0,0
2851589,252,64,2851413,2851413,2851589,2852067,176,176,0,0,0,0
2855452,216,64,2636760,2769137,2855452,2823906,86315,218692,132377,0,0,0
2858100,245,64,2831484,2836961,2858100,2859157,21139,26616,5477,0,0,0
2867328,219,64,2724456,2770682,2867328,2833582,96646,142872,46226,0,0,0
2876527,246,64,2831570,2867328,2876527,2860396,9199,44957,35758,0,0,0
2902772,213,64,2579225,2718797,2902772,2761529,183975,323547,139572,0,0,0
2904922,253,32,2904763,2904763,2904922,2905409,159,159,0,0,0,0
2916192,243,64,2827652,2876527,2916192,2898901,39665,88540,48875,0,0,0
2917985,254,32,2905860,2916192,2917985,2919957,1793,12125,10332,0,0,0
2921243,255,32,2905861,2917985,2921243,2926867,3258,15382,12124,0,0,0
2923314,256,32,2922459,2922459,2923314,2924367,855,855,0,0,0,0
2928188,257,32,2926520,2926520,2928188,2928729,1668,1668,0,0,0,0
2932787,234,32,2779788,2876527,2932787,2888453,56260,152999,96739,0,0,0
2948629,231,64,2765561,2858100,2948629,2859970,90529,183068,92539,0,0,0
2955717,247,64,2836521,2921243,2955717,2937651,34474,119196,84722,0,0,0
2957179,259,64,2931840,2948629,2957179,2955315,8550,25339,16789,0,0,0
2964110,258,64,2931823,2955717,2964110,2966481,8393,32287,23894,0,0,0
2965624,215,64,2591838,2771131,2965624,2859896,194493,373786,179293,0,0,0
2987293,230,64,2763018,2902772,2987293,2912466,84521,224275,139754,0,0,0
2989529,262,64,2974036,2974036,2989529,3039826,15493,15493,0,0,0,0
2990971,264,64,2989074,2989074,2990971,3011497,1897,1897,0,0,0,0
2991621,266,32,2991493,2991493,2991621,2992343,128,128,0,0,0,0
2993408,265,64,2989075,2989134,2993408,3013373,4274,4333,59,0,0,0
3000438,268,64,2998774,2998833,3000438,3025579,1605,1664,59,0,0,0
3007956,270,64,3007080,3007080,3007956,3009901,876,876,0,0,0,0
3008417,267,64,2998773,2998773,3008417,3034214,9644,9644,0,0,0,0
3008523,269,64,3006294,3006294,3008523,3008228,2229,2229,0,0,0,0
3011454,220,64,2728286,2957179,3011454,3062230,54275,283168,228893,0,0,0
3029683,271,64,3021108,3021108,3029683,3039105,8575,8575,0,0,0,0
3033616,260,64,2971942,2971942,3033616,3103503,61674,61674,0,0,0,0
3037770,236,64,2820995,2964110,3037770,3096887,73660,216775,143115,0,0,0
3058920,272,64,3025374,3025374,3058920,3062700,33546,33546,0,0,0,0
3064759,273,64,3027806,3027806,3064759,3072295,36953,36953,0,0,0,0
3074139,275,64,3072212,3072212,3074139,3090521,1927,1927,0,0,0,0
3078974,263,64,2974311,2993408,3078974,3105926,85566,104663,19097,0,0,0
3082287,278,64,3079751,3079751,3082269,3107122,2518,2518,0,0,0,0
3083217,274,64,3072212,3072212,3083217,3088533,11005,11005,0,0,0,0
3088114,261,64,2973384,3011454,3088114,3155395,76660,114730,38070,0,0,0
3098752,282,64,3092021,3092021,3098752,3119521,6731,6731,0,0,0,0
3100515,281,32,3089347,3089397,3100515,3109064,11118,11168,50,0,0,0
3104099,276,64,3076202,3076202,3104099,3149030,27897,27897,0,0,0,0
3108340,280,64,3089337,3089337,3108340,3120585,19003,19003,0,0,0,0
3113461,284,64,3107496,3107496,3113461,3123617,5965,5965,0,0,0,0
3164992,289,64,3164923,3164923,3164992,3165431,69,69,0,0,0,0
3170083,277,64,3078614,3078974,3170083,3174801,91109,91469,360,0,0,0
3197379,279,64,3082227,3083217,3197379,3201011,114162,115152,990,0,0,0
3214403,287,64,3127777,3127777,3214403,3238937,86626,86626,0,0,0,0
3227142,285,64,3118878,3118878,3227142,3310142,108264,108264,0,0,0,0
3249600,290,64,3249391,3249391,3249600,3250347,209,209,0,0,0,0
3266068,286,64,3124356,3214403,3266068,3416472,51665,141712,90047,0,0,0
3304119,288,64,3127782,3127837,3304119,3269107,176282,176337,55,0,0,0
3366310,293,64,3363744,3363744,3366310,3378261,2566,2566,0,0,0,0
3368377,294,64,3363770,3363804,3368377,3389843,4573,4607,34,0,0,0
3368655,291,32,3360917,3360917,3368655,3394414,7738,7738,0,0,0,0
3371027,292,64,3360972,3360977,3371027,3381337,10050,10055,5,0,0,0
3371087,295,64,3370867,3370867,3371031,3371564,164,164,0,0,0,0
3374577,296,64,3374277,3374277,3374577,3374717,300,300,0,0,0,0
3380145,297,64,3379909,3379909,3380145,3380491,236,236,0,0,0,0
3382351,283,64,3105066,3105066,3382351,3331304,277285,277285,0,0,0,0
3397606,298,64,3386654,3386654,3397606,3394928,10952,10952,0,0,0,0
3404031,299,64,3386668,3386714,3404031,3402065,17317,17363,46,0,0,0
3422125,302,64,3421884,3421884,3422125,3422732,241,241,0,0,0,0
3424148,303,64,3422723,3422723,3424148,3441784,1425,1425,0,0,0,0
3429259,306,64,3427409,3427409,3429259,3443152,1850,1850,0,0,0,0
3430660,307,64,3427409,3427409,3430660,3444602,3251,3251,0,0,0,0
3437819,305,64,3427084,3427143,3437819,3451286,10676,10735,59,0,0,0
3443564,304,64,3427083,3427083,3443564,3444233,16481,16481,0,0,0,0
3453490,309,64,3447596,3447654,3453490,3459315,5836,5894,58,0,0,0
3457011,308,64,3447594,3447594,3457011,3463136,9417,9417,0,0,0,0
3468281,300,64,3388149,3388149,3468281,3453414,80132,80132,0,0,0,0
3476595,301,64,3392448,3392448,3476595,3503770,84147,84147,0,0,0,0
3486544,312,64,3483503,3483503,3486544,3515953,3041,3041,0,0,0,0
3486974,313,64,3484764,3484764,3486974,3516224,2210,2210,0,0,0,0
3514443,316,64,3512167,3512167,3514443,3526049,2276,2276,0,0,0,0
3516104,315,64,3507742,3507742,3516104,3526873,8362,8362,0,0,0,0
3520842,318,64,3516818,3516857,3520842,3535133,3985,4024,39,0,0,0
3522867,317,64,3516797,3516797,3522867,3533814,6070,6070,0,0,0,0
3525660,314,64,3507025,3507025,3525660,3592460,18635,18635,0,0,0,0
3528256,319,64,3527660,3527660,3528256,3528745,596,596,0,0,0,0
3530405,320,64,3530044,3530044,3530405,3530946,361,361,0,0,0,0
3539741,321,64,3531413,3531413,3539741,3552126,8328,8328,0,0,0,0
3555049,325,64,3547060,3547060,3555049,3561684,7989,7989,0,0,0,0
3555914,326,64,3550915,3550915,3555914,3583741,4999,4999,0,0,0,0
3556094,324,64,3546896,3546896,3556094,3565214,9198,9198,0,0,0,0
3559978,327,64,3550979,3555049,3559978,3590051,4929,8999,4070,0,0,0
3563346,330,64,3562846,3562846,3563346,3564438,500,500,0,0,0,0
3565861,332,64,3563086,3563086,3565861,3580455,2775,2775,0,0,0,0
3570354,329,64,3559452,3559452,3570354,3578271,10902,10902,0,0,0,0
3571337,333,64,3568059,3568059,3571337,3573198,3278,3278,0,0,0,0
3573273,331,64,3562905,3562906,3573273,3579953,10367,10368,1,0,0,0
3587550,337,64,3583917,3583917,3587550,3593560,3633,3633,0,0,0,0
3609076,342,64,3601773,3601773,3609076,3615731,7303,7303,0,0,0,0
3609136,311,64,3452703,3453490,3609114,3585489,155624,156411,787,0,0,0
3610661,340,32,3601029,3601029,3610661,3633789,9632,9632,0,0,0,0
3612604,346,32,3606503,3609136,3612604,3631148,3468,6101,2633,0,0,0
3614247,345,64,3606502,3606502,3614247,3624655,7745,7745,0,0,0,0
3614365,343,64,3603702,3603702,3614365,3630206,10663,10663,0,0,0,0
3623537,344,64,3603725,3614247,3623537,3640411,9290,19812,10522,0,0,0
3624148,350,64,3623891,3623945,3624148,3624711,203,257,54,0,0,0
3625246,341,64,3601042,3601089,3625246,3633881,24157,24204,47,0,0,0
3625699,352,64,3625591,3625591,3625699,3626093,108,108,0,0,0,0
3626853,348,64,3622365,3623537,3626853,3647031,3316,4488,1172,0,0,0
3634117,351,64,3623916,3623945,3634117,3635981,10172,10201,29,0,0,0
3635088,353,32,3626130,3626853,3635088,3647193,8235,8958,723,0,0,0
3635358,347,64,3619932,3619932,3635358,3642608,15426,15426,0,0,0,0
3637217,356,64,3630868,3630868,3637181,3645755,6313,6313,0,0,0,0
3639153,349,64,3623885,3626853,3639153,3654711,12300,15268,2968,0,0,0
3645143,355,64,3629107,3637217,3645143,3660225,7926,16036,8110,0,0,0
3648345,358,64,3648283,3648283,3648345,3649058,62,62,0,0,0,0
3650224,310,64,3452699,3457011,3650224,3613450,193213,197525,4312,0,0,0
3653442,360,64,3653192,3653192,3653442,3653685,250,250,0,0,0,0
3654479,361,64,3654028,3654028,3654479,3654658,451,451,0,0,0,0
3677140,364,32,3672278,3672278,3677140,3697251,4862,4862,0,0,0,0
3677351,365,32,3672278,3672278,3677351,3692110,5073,5073,0,0,0,0
3680819,367,64,3680694,3680694,3680819,3681185,125,125,0,0,0,0
3683585,368,64,3682946,3682946,3683585,3688058,639,639,0,0,0,0
3686429,323,64,3544128,3544128,3686429,3658690,142301,142301,0,0,0,0
3688563,366,64,3673999,3677140,3688563,3699640,11423,14564,3141,0,0,0
3703508,369,64,3696926,3696926,3703508,3705656,6582,6582,0,0,0,0
3707797,339,64,3592543,3645143,3707797,3692869,62654,115254,52600,0,0,0
3709002,370,64,3696930,3696986,3709002,3707229,12016,12072,56,0,0,0
3709566,371,64,3698209,3703508,3709566,3709350,6058,11357,5299,0,0,0
3715668,374,32,3699860,3709566,3715668,3728673,6102,15808,9706,0,0,0
3718065,372,64,3698209,3707797,3718065,3720430,10268,19856,9588,0,0,0
3723827,376,32,3715545,3718065,3723827,3734133,5762,8282,2520,0,0,0
3733971,375,64,3714878,3715668,3733971,3730117,18303,19093,790,0,0,0
3739333,359,64,3652534,3688563,3739333,3757724,50770,86799,36029,0,0,0
3742876,378,64,3738580,3738631,3742876,3759677,4245,4296,51,0,0,0
3745331,377,32,3738571,3738571,3745331,3776190,6760,6760,0,0,0,0
3752719,357,64,3637157,3650224,3752719,3723926,102495,115562,13067,0,0,0
3768742,383,64,3768325,3768325,3768742,3768971,417,417,0,0,0,0
3769450,384,64,3769346,3769346,3769450,3770085,104,104,0,0,0,0
3773227,382,32,3767699,3767699,3773227,3797222,5528,5528,0,0,0,0
3773759,334,32,3572596,3650224,3773759,3714773,123535,201163,77628,0,0,0
3776285,381,64,3767636,3767636,3776285,3797727,8649,8649,0,0,0,0
3814939,322,64,3536814,3536814,3814939,3660570,278125,278125,0,0,0,0
3819878,387,64,3792141,3814939,3819878,3809098,4939,27737,22798,0,0,0
3830339,386,64,3792131,3819878,3830339,3811521,10461,38208,27747,0,0,0
3830514,362,64,3654525,3752719,3830514,3803074,77795,175989,98194,0,0,0
3835624,363,64,3654706,3745331,3835624,3782717,90293,180918,90625,0,0,0
3849680,354,64,3626705,3733971,3849680,3776645,115709,222975,107266,0,0,0
3866688,390,64,3807516,3835624,3866688,3850995,31064,59172,28108,0,0,0
3896110,338,64,3592464,3830514,3896110,3834000,65596,303646,238050,0,0,0
3898513,336,64,3583142,3830339,3898513,3813739,68174,315371,247197,0,0,0
3900820,393,64,3853696,3898513,3900820,3881435,2307,47124,44817,0,0,0
3908476,379,64,3743782,3866688,3908476,3861952,41788,164694,122906,0,0,0
3926721,335,32,3582036,3830514,3926721,3824256,96207,344685,248478,0,0,0
3941403,328,32,3558450,3849680,3941403,3855280,91723,382953,291230,0,0,0
3943616,396,64,3939287,3939327,3943616,3956386,4289,4329,40,0,0,0
3944099,397,64,3944029,3944029,3944099,3944602,70,70,0,0,0,0
3946091,395,64,3939267,3939267,3946091,3966556,6824,6824,0,0,0,0
3950441,399,64,3948161,3948161,3950441,3973045,2280,2280,0,0,0,0
3959079,398,64,3948161,3950441,3959079,3976934,8638,10918,2280,0,0,0
3964272,401,32,3948683,3959079,3964272,3978642,5193,15589,10396,0,0,0
3967852,400,64,3948643,3959079,3967852,3979473,8773,19209,10436,0,0,0
3968293,388,64,3794017,3900820,3968293,3909875,67473,174276,106803,0,0,0
3972396,402,64,3957067,3968293,3972396,3986690,4103,15329,11226,0,0,0
3974796,391,64,3816980,3908476,3974796,3944950,66320,157816,91496,0,0,0
4015064,389,64,3798799,3926721,4015064,3981690,88343,216265,127922,0,0,0
4015274,411,32,3999273,4015064,4015274,3999969,210,16001,15791,0,0,0
4017265,410,32,3986839,4015064,4017265,3997480,2201,30426,28225,0,0,0
4018889,412,32,3999556,4017265,4018889,4008821,1624,19333,17709,0,0,0
4020604,409,32,3982911,4015274,4020604,4001693,5330,37693,32363,0,0,0
4028114,385,64,3778315,3896110,4028114,3874590,132004,249799,117795,0,0,0
4037662,408,64,3982911,4028114,4037662,4016515,9548,54751,45203,0,0,0
4037728,416,64,4030894,4037662,4037728,4031372,66,6834,6768,0,0,0
4042874,380,64,3743803,3972396,4042874,3989953,70478,299071,228593,0,0,0
4044712,414,64,4028354,4042874,4044712,4046644,1838,16358,14520,0,0,0
4047083,418,64,4033191,4037728,4047083,4046548,9355,13892,4537,0,0,0
4055076,417,64,4033191,4044712,4055076,4050925,10364,21885,11521,0,0,0
4057343,415,64,4029438,4047083,4057343,4068164,10260,27905,17645,0,0,0
4085711,424,64,4085613,4085613,4085711,4086267,98,98,0,0,0,0
4088247,425,64,4087783,4087783,4088247,4090746,464,464,0,0,0,0
4100970,406,32,3974528,4055076,4100970,4074696,45894,126442,80548,0,0,0
4111658,373,64,3699634,4018889,4111658,4012933,92769,412024,319255,0,0,0
4117982,434,64,4117910,4117922,4117962,4118481,40,52,12,0,0,0
4121492,430,64,4106578,4111658,4121492,4120114,9834,14914,5080,0,0,0
4158468,405,64,3974498,4055076,4158468,4093657,103392,183970,80578,0,0,0
4163500,428,32,4104148,4158468,4163500,4131475,5032,59352,54320,0,0,0
4191817,392,64,3817009,3974796,4191817,3995325,217021,374808,157787,0,0,0
4196419,429,64,4106572,4191817,4196419,4132943,4602,89847,85245,0,0,0
4204370,427,64,4104147,4196419,4204370,4135305,7951,100223,92272,0,0,0
4215906,438,64,4129470,4204370,4215906,4140696,11536,86436,74900,0,0,0
4218327,404,64,3966537,4057343,4218327,4101072,160984,251790,90806,0,0,0
4222242,435,64,4120739,4215906,4222242,4143249,6336,101503,95167,0,0,0
4223359,433,64,4117804,4218327,4223359,4147185,5032,105555,100523,0,0,0
4223837,432,64,4117802,4222242,4223837,4150267,1595,106035,104440,0,0,0
4231610,436,64,4120741,4223837,4231610,4154978,7773,110869,103096,0,0,0
4240619,440,64,4143244,4223359,4240619,4151372,17260,97375,80115,0,0,0
4294921,394,64,3877453,4121492,4294921,4124791,173429,417468,244039,0,0,0
4301872,421,64,4061631,4231610,4301872,4164457,70262,240241,169979,0,0,0
4304803,446,64,4177968,4301872,4304803,4192125,2931,126835,123904,0,0,0
4314578,442,64,4144185,4294921,4314578,4188098,19657,170393,150736,0,0,0
4316209,445,64,4177967,4314578,4316209,4194122,1631,138242,136611,0,0,0
4319164,407,64,3980444,4158468,4319164,4131567,160696,338720,178024,0,0,0
4335726,419,64,4040789,4304803,4335726,4193682,30923,294937,264014,0,0,0
4369473,441,64,4144172,4335726,4369473,4204076,33747,225301,191554,0,0,0
4384042,448,64,4195336,4369473,4384042,4209330,14569,188706,174137,0,0,0
4387101,420,64,4058834,4316209,4387101,4198106,70892,328267,257375,0,0,0
4388310,451,64,4197102,4384042,4388310,4209774,4268,191208,186940,0,0,0
4396479,437,64,4129096,4319164,4396479,4201278,77315,267383,190068,0,0,0
4396724,450,64,4195860,4387101,4396724,4211930,9623,200864,191241,0,0,0
4405893,422,64,4066328,4240619,4405893,4172159,165274,339565,174291,0,0,0
4406356,449,64,4195859,4396724,4406356,4216421,9632,210497,200865,0,0,0
4412614,447,64,4195333,4406356,4412614,4217971,6258,217281,211023,0,0,0
4461295,443,64,4145359,4412614,4461295,4230721,48681,315936,267255,0,0,0
4473472,423,64,4078122,4405893,4473472,4217418,67579,395350,327771,0,0,0
4481496,453,64,4219964,4473472,4481496,4232912,8024,261532,253508,0,0,0
4486442,452,64,4214060,4481496,4486442,4235268,4946,272382,267436,0,0,0
4492435,413,64,4010260,4396479,4492435,4214691,95956,482175,386219,0,0,0
4506257,454,32,4230304,4492435,4506257,4245155,13822,275953,262131,0,0,0
4508693,457,32,4264577,4506257,4508693,4284690,2436,244116,241680,0,0,0
4511351,456,32,4264552,4508693,4511351,4298791,2658,246799,244141,0,0,0
4513892,459,32,4277992,4511351,4513892,4300486,2541,235900,233359,0,0,0
4516497,464,32,4297167,4513892,4516497,4305141,2605,219330,216725,0,0,0
4519271,461,32,4278531,4516497,4519271,4307446,2774,240740,237966,0,0,0
4522424,458,32,4277990,4519271,4522424,4308514,3153,244434,241281,0,0,0
4527298,444,64,4145383,4461295,4527298,4232055,66003,381915,315912,0,0,0
4530192,460,64,4278531,4522424,4530192,4311311,7768,251661,243893,0,0,0
4530508,462,64,4287927,4527298,4530508,4314731,3210,242581,239371,0,0,0
4534111,466,64,4301048,4530192,4534111,4319781,3919,233063,229144,0,0,0
4538496,465,64,4301044,4530508,4538496,4319862,7988,237452,229464,0,0,0
4539353,469,32,4318309,4538496,4539353,4332708,857,221044,220187,0,0,0
4545866,467,64,4308272,4534111,4545866,4328819,11755,237594,225839,0,0,0
4547087,403,64,3966520,4388310,4547087,4213768,158777,580567,421790,0,0,0
4548988,471,64,4328608,4539353,4548988,4341012,9635,220380,210745,0,0,0
4551358,439,64,4138291,4486442,4551358,4236033,64916,413067,348151,0,0,0
4553941,426,32,4094914,4492435,4553941,4236080,61506,459027,397521,0,0,0
4554064,470,64,4324607,4545866,4554064,4344613,8198,229457,221259,0,0,0
4554346,468,64,4317309,4547087,4554346,4344940,7259,237037,229778,0,0,0
4558294,472,64,4345678,4554064,4558294,4363885,4230,212616,208386,0,0,0
4560463,473,64,4345679,4551358,4560463,4363406,9105,214784,205679,0,0,0
4561285,481,64,4364903,4554346,4561285,4375988,6939,196382,189443,0,0,0
4567884,474,64,4351510,4558294,4567884,4377238,9590,216374,206784,0,0,0
4569486,478,64,4364435,4561285,4569486,4385484,8201,205051,196850,0,0,0
4570257,482,64,4368189,4560463,4570257,4378802,9794,202068,192274,0,0,0
4575459,485,64,4376515,4567884,4575459,4387765,7575,198944,191369,0,0,0
4577929,479,64,4364435,4575459,4577929,4396399,2470,213494,211024,0,0,0
4579780,475,64,4351522,4570257,4579780,4393746,9523,228258,218735,0,0,0
4582473,487,64,4383498,4577929,4582473,4410339,4544,198975,194431,0,0,0
4583374,480,64,4364901,4569486,4583374,4393681,13888,218473,204585,0,0,0
4586137,493,64,4399695,4579780,4586137,4415390,6357,186442,180085,0,0,0
4591157,494,32,4399695,4586137,4591157,4424150,5020,191462,186442,0,0,0
4593554,495,64,4408517,4586137,4593554,4429242,7417,185037,177620,0,0,0
4596000,496,64,4408520,4593554,4596000,4432561,2446,187480,185034,0,0,0
4599441,488,64,4383498,4582473,4599441,4421108,16968,215943,198975,0,0,0
4603444,502,64,4442913,4599441,4603444,4455245,4003,160531,156528,0,0,0
4608332,501,32,4442906,4603444,4608332,4466652,4888,165426,160538,0,0,0
4634294,476,64,4360425,4603444,4634294,4468307,30850,273869,243019,0,0,0
4636148,431,64,4116253,4548988,4636148,4358658,87160,519895,432735,0,0,0
4659867,483,64,4371271,4596000,4659867,4454718,63867,288596,224729,0,0,0
4660251,477,64,4360425,4583374,4660251,4421469,76877,299826,222949,0,0,0
4693293,497,64,4409989,4659867,4693293,4496890,33426,283304,249878,0,0,0
4715096,484,64,4373711,4636148,4715096,4495302,78948,341385,262437,0,0,0
4768636,491,64,4386526,4634294,4768636,4490059,134342,382110,247768,0,0,0
4773355,486,64,4381717,4660251,4773355,4517056,113104,391638,278534,0,0,0
4775040,492,64,4395791,4715096,4775040,4523869,59944,379249,319305,0,0,0
4776267,506,64,4546987,4775040,4776267,4560122,1227,229280,228053,0,0,0
4823958,498,64,4422354,4773355,4823958,4540500,50603,401604,351001,0,0,0
4827325,508,64,4566782,4823958,4827325,4569949,3367,260543,257176,0,0,0
4828652,509,64,4566784,4827325,4828652,4570112,1327,261868,260541,0,0,0
4832012,505,64,4546987,4828652,4832012,4575626,3360,285025,281665,0,0,0
4833265,490,64,4386516,4776267,4833265,4567401,56998,446749,389751,0,0,0
4835249,511,64,4568459,4832012,4835249,4581399,3237,266790,263553,0,0,0
4839136,512,64,4569354,4835249,4839136,4587822,3887,269782,265895,0,0,0
4840210,510,64,4568455,4839136,4840210,4590209,1074,271755,270681,0,0,0
4842429,516,64,4575469,4840210,4842429,4592604,2219,266960,264741,0,0,0
4849787,517,64,4589360,4842429,4849787,4595753,7358,260427,253069,0,0,0
4850433,520,64,4594662,4849787,4850433,4596317,646,255771,255125,0,0,0
4864377,518,64,4590543,4850433,4864377,4599252,13944,273834,259890,0,0,0
4864806,463,64,4289677,4693293,4864806,4518232,171513,575129,403616,0,0,0
4870725,513,64,4569354,4864806,4870725,4601673,5919,301371,295452,0,0,0
4879334,515,64,4575469,4870725,4879334,4602911,8609,303865,295256,0,0,0
4904359,489,64,4386282,4864377,4904359,4600482,39982,518077,478095,0,0,0
4913361,523,64,4615077,4904359,4913361,4632044,9002,298284,289282,0,0,0
4923758,522,64,4615073,4913361,4923758,4634931,10397,308685,298288,0,0,0
4926133,455,64,4244520,4768636,4926133,4534595,157497,681613,524116,0,0,0
4940660,507,64,4551846,4923758,4940660,4636953,16902,388814,371912,0,0,0
4972387,519,64,4592449,4940660,4972387,4660268,31727,379938,348211,0,0,0
4979135,504,64,4527004,4879334,4979135,4628365,99801,452131,352330,0,0,0
4981281,525,64,4673853,4979135,4981281,4685404,2146,307428,305282,0,0,0
4985720,526,32,4673854,4981281,4985720,4700714,4439,311866,307427,0,0,0
4989425,503,64,4469635,4833265,4989425,4581504,156160,519790,363630,0,0,0
4993101,500,64,4441407,4926133,4993101,4655985,66968,551694,484726,0,0,0
4993310,529,64,4716661,4993101,4993310,4718241,209,276649,276440,0,0,0
4997292,531,64,4717366,4993310,4997292,4729156,3982,279926,275944,0,0,0
5000190,534,64,4725732,4997292,5000190,4731779,2898,274458,271560,0,0,0
5002089,533,64,4725728,5000190,5002089,4733527,1899,276361,274462,0,0,0
5006286,535,64,4725741,5002089,5006286,4733842,4197,280545,276348,0,0,0
5006462,539,64,4734943,5006286,5006456,4736780,170,271513,271343,0,0,0
5012083,538,64,4733622,5006462,5012083,4739004,5621,278461,272840,0,0,0
5013783,530,64,4717360,5012083,5013783,4739526,1700,296423,294723,0,0,0
5014302,499,64,4433325,4972387,5014302,4665437,41915,580977,539062,0,0,0
5015393,532,64,4725074,5014302,5015393,4740279,1091,290319,289228,0,0,0
5016183,537,64,4732988,5013783,5016183,4739815,2400,283195,280795,0,0,0
5017728,536,32,4727850,5015393,5017728,4743183,2335,289878,287543,0,0,0
5017788,540,64,4740627,5015393,5017755,4744557,2362,277128,274766,0,0,0
5018123,545,64,4759087,5016183,5018123,4766363,1940,259036,257096,0,0,0
5019285,544,64,4757441,5018123,5019285,4769783,1162,261844,260682,0,0,0
5021198,549,64,4767247,5019285,5021198,4770029,1913,253951,252038,0,0,0
5023136,547,64,4765923,5021198,5023136,4770721,1938,257213,255275,0,0,0
5024363,546,64,4765129,5023136,5024363,4775639,1227,259234,258007,0,0,0
5025528,548,64,4766517,5024363,5025528,4775822,1165,259011,257846,0,0,0
5031797,550,64,4773262,5025528,5031797,4797159,6269,258535,252266,0,0,0
5032560,552,64,4797574,5031797,5032560,4799847,763,234986,234223,0,0,0
5045951,551,64,4773701,5032560,5045951,4817907,13391,272250,258859,0,0,0
5064690,514,64,4574969,4981281,5064690,4705026,83409,489721,406312,0,0,0
5067599,521,64,4598745,4989425,5067599,4710204,78174,468854,390680,0,0,0
5073091,557,64,4829390,5067599,5073091,4838426,5492,243701,238209,0,0,0
5075898,541,64,4741730,5045951,5075898,4825726,29947,334168,304221,0,0,0
5076207,556,64,4820620,5064690,5076207,4835339,11517,255587,244070,0,0,0
5080357,555,64,4820618,5075898,5080357,4851978,4459,259739,255280,0,0,0
5090983,542,64,4743241,5073091,5090983,4841722,17892,347742,329850,0,0,0
5091122,524,64,4639376,5017788,5091122,4769632,73334,451746,378412,0,0,0
5091418,565,64,4878738,5091122,5091418,4880463,296,212680,212384,0,0,0
5091718,566,64,4885620,5091418,5091718,4886764,300,206098,205798,0,0,0
5121698,554,64,4810870,5090983,5121698,4875491,30715,310828,280113,0,0,0
5121936,567,64,4887117,5121698,5121936,4887853,238,234819,234581,0,0,0
5122247,568,64,4887894,5121936,5122247,4890388,311,234353,234042,0,0,0
5142193,560,64,4836320,5080357,5142193,4872445,61836,305873,244037,0,0,0
5142371,569,64,4891412,5142193,5142371,4893941,178,250959,250781,0,0,0
5142822,570,64,4894407,5142371,5142822,4896930,451,248415,247964,0,0,0
5147830,543,64,4748288,5076207,5147830,4854253,71623,399542,327919,0,0,0
5149859,558,64,4831679,5122247,5149859,4893493,27612,318180,290568,0,0,0
5159537,553,64,4804855,5091718,5159537,4887680,67819,354682,286863,0,0,0
5163913,574,64,4910787,5159537,5163913,4924838,4376,253126,248750,0,0,0
5166012,573,64,4905375,5149859,5166012,4923526,16153,260637,244484,0,0,0
5173036,572,64,4905368,5163913,5173036,4934368,9123,267668,258545,0,0,0
5182822,575,32,4911112,5173036,5182822,4947428,9786,271710,261924,0,0,0
5184463,583,32,4944021,5182822,5184463,4948106,1641,240442,238801,0,0,0
5187209,584,32,4945235,5184463,5187209,4949815,2746,241974,239228,0,0,0
5188548,582,32,4944021,5187209,5188548,4950525,1339,244527,243188,0,0,0
5190865,585,32,4945241,5188548,5190865,4951523,2317,245624,243307,0,0,0
5192250,564,64,4867324,5142822,5192250,4906182,49428,324926,275498,0,0,0
5199569,580,32,4941906,5192250,5199569,4953415,7319,257663,250344,0,0,0
5203268,577,32,4933348,5199569,5203268,4957062,3699,269920,266221,0,0,0
5204692,559,32,4831786,5163913,5204692,4932072,40779,372906,332127,0,0,0
5206729,587,64,4955329,5203268,5206729,4962728,3461,251400,247939,0,0,0
5209592,586,64,4950105,5206729,5209592,4969391,2863,259487,256624,0,0,0
5209823,527,64,4695290,5166012,5209823,4944830,43811,514533,470722,0,0,0
5220732,581,64,4943145,5209823,5220732,4974283,10909,277587,266678,0,0,0
5223242,591,64,4961283,5220732,5223242,4982918,2510,261959,259449,0,0,0
5231574,590,32,4961281,5223242,5231574,4998046,8332,270293,261961,0,0,0
5232540,595,32,4999439,5231574,5232540,5006521,966,233101,232135,0,0,0
5234357,594,32,4993941,5232540,5234357,5006853,1817,240416,238599,0,0,0
5235948,598,32,5008474,5234357,5235948,5012991,1591,227474,225883,0,0,0
5241276,562,64,4847985,5147830,5241276,4915709,93446,393291,299845,0,0,0
5254474,588,64,4959394,5241276,5254474,5021531,13198,295080,281882,0,0,0
5254865,563,64,4849339,5209592,5254865,4970430,45273,405526,360253,0,0,0
5258715,602,64,5022963,5254474,5258715,5028269,4241,235752,231511,0,0,0
5259544,596,32,5006402,5254474,5259544,5026219,5070,253142,248072,0,0,0
5262395,597,64,5006913,5254865,5262395,5033820,7530,255482,247952,0,0,0
5269740,578,32,4936560,5223242,5269740,4984569,46498,333180,286682,0,0,0
5282507,589,64,4959394,5258715,5282507,5036109,23792,323113,299321,0,0,0
5285092,579,32,4937415,5235948,5285092,5015213,49144,347677,298533,0,0,0
5320778,528,64,4695321,5190865,5320778,4952035,129913,625457,495544,0,0,0
5328670,604,64,5028815,5320778,5328670,5057753,7892,299855,291963,0,0,0
5331668,603,64,5028303,5328670,5331668,5058159,2998,303365,300367,0,0,0
5349284,576,64,4931024,5269740,5349284,5055959,79544,418260,338716,0,0,0
5354204,599,64,5009189,5282507,5354204,5057188,71697,345015,273318,0,0,0
5362338,607,64,5069252,5354204,5362338,5091005,8134,293086,284952,0,0,0
5366568,608,64,5069907,5362338,5366568,5095807,4230,296661,292431,0,0,0
5377892,592,64,4986899,5331668,5377892,5084511,46224,390993,344769,0,0,0
5391203,571,64,4897447,5262395,5391203,5040790,128808,493756,364948,0,0,0
5396879,601,64,5013472,5377892,5396879,5103833,18987,383407,364420,0,0,0
5397179,613,64,5142942,5396879,5397179,5144595,300,254237,253937,0,0,0
5421523,593,64,4986899,5366568,5421523,5095933,54955,434624,379669,0,0,0
5423626,610,64,5109224,5397179,5423626,5189139,26447,314402,287955,0,0,0
5441358,600,64,5009302,5349284,5441358,5089262,92074,432056,339982,0,0,0
5443097,615,64,5202154,5441358,5443097,5204741,1739,240943,239204,0,0,0
5447088,614,64,5202078,5443097,5447088,5206189,3991,245010,241019,0,0,0
5450963,617,64,5202797,5447088,5450963,5208521,3875,248166,244291,0,0,0
5458287,616,64,5202794,5450963,5458287,5210639,7324,255493,248169,0,0,0
5461119,619,64,5212571,5458287,5461119,5233933,2832,248548,245716,0,0,0
5462692,620,64,5212571,5461119,5462692,5235413,1573,250121,248548,0,0,0
5464858,609,64,5096136,5421523,5464858,5191324,43335,368722,325387,0,0,0
5465409,612,64,5110031,5423626,5465409,5192527,41783,355378,313595,0,0,0
5467356,621,64,5217024,5464858,5467356,5242136,2498,250332,247834,0,0,0
5467767,622,64,5217024,5462692,5467767,5238686,5075,250743,245668,0,0,0
5469294,627,32,5281170,5467767,5469294,5283976,1527,188124,186597,0,0,0
5481005,624,32,5218046,5467767,5481005,5272864,13238,262959,249721,0,0,0
5508657,623,64,5218045,5469294,5508657,5295476,39363,290612,251249,0,0,0
5550641,561,64,4842455,5391203,5550641,5105878,159438,708186,548748,0,0,0
5553923,630,64,5302207,5550641,5553923,5307003,3282,251716,248434,0,0,0
5558257,629,64,5300411,5553923,5558257,5317108,4334,257846,253512,0,0,0
5566277,628,64,5300019,5558257,5566277,5318831,8020,266258,258238,0,0,0
5601881,611,64,5110027,5465409,5601881,5258833,136472,491854,355382,0,0,0
5610839,633,64,5313532,5601881,5610839,5327495,8958,297307,288349,0,0,0
5611127,606,64,5060912,5508657,5611127,5299086,102470,550215,447745,0,0,0
5617324,634,64,5313533,5611127,5617324,5339499,6197,303791,297594,0,0,0
5617576,605,64,5033338,5467356,5617576,5268265,150220,584238,434018,0,0,0
5619085,637,64,5326064,5617576,5619085,5343403,1509,293021,291512,0,0,0
5620135,632,64,5308695,5610839,5620135,5330726,9296,311440,302144,0,0,0
5624223,635,32,5317383,5619085,5624223,5351784,5138,306840,301702,0,0,0
5624432,638,64,5326083,5620135,5624432,5361092,4297,298349,294052,0,0,0
5629949,636,64,5320434,5619085,5629949,5353117,10864,309515,298651,0,0,0
5636342,631,64,5308693,5617324,5636342,5341508,19018,327649,308631,0,0,0
5640287,641,64,5371839,5629949,5640287,5383902,10338,268448,258110,0,0,0
5643339,647,64,5395000,5640287,5643339,5410705,3052,248339,245287,0,0,0
5645143,640,64,5371839,5636342,5645143,5405583,8801,273304,264503,0,0,0
5645347,648,64,5395001,5643339,5645347,5412153,2008,250346,248338,0,0,0
5647785,645,64,5391494,5645143,5647785,5413689,2642,256291,253649,0,0,0
5648042,646,64,5391494,5645347,5648042,5423501,2695,256548,253853,0,0,0
5681586,644,64,5377437,5648042,5681586,5433068,33544,304149,270605,0,0,0
5698989,618,64,5202844,5566277,5698989,5319150,132712,496145,363433,0,0,0
5703954,651,64,5454052,5698989,5703954,5469322,4965,249902,244937,0,0,0
5705889,650,64,5441570,5703954,5705889,5475784,1935,264319,262384,0,0,0
5708954,649,64,5441443,5705889,5708954,5476330,3065,267511,264446,0,0,0
5728577,639,64,5327676,5681586,5728577,5452572,46991,400901,353910,0,0,0
5761924,643,64,5377007,5728577,5761924,5484173,33347,384917,351570,0,0,0
5772766,656,64,5472498,5761924,5772766,5485209,10842,300268,289426,0,0,0
5775300,654,64,5465993,5772766,5775300,5487068,2534,309307,306773,0,0,0
5786270,655,64,5472497,5775300,5786270,5488855,10970,313773,302803,0,0,0
5787857,653,64,5465672,5786270,5787857,5489317,1587,322185,320598,0,0,0
5794399,642,64,5376990,5708954,5794399,5478777,85445,417409,331964,0,0,0
5796947,658,64,5477249,5794399,5796947,5500561,2548,319698,317150,0,0,0
5798571,657,64,5473262,5796947,5798571,5506127,1624,325309,323685,0,0,0
5800693,652,64,5454357,5787857,5800693,5495383,12836,346336,333500,0,0,0
5805154,663,64,5633502,5800693,5805154,5653874,4461,171652,167191,0,0,0
5810119,662,32,5633391,5805154,5810119,5656400,4965,176728,171763,0,0,0
5811152,626,64,5229011,5647785,5811152,5433045,163367,582141,418774,0,0,0
5811248,625,64,5221097,5624432,5811248,5379792,186816,590151,403335,0,0,0
5813686,664,64,5762912,5811248,5813686,5775552,2438,50774,48336,0,0,0
5816390,665,64,5762914,5813686,5816390,5785387,2704,53476,50772,0,0,0
5835110,667,64,5830939,5830998,5835110,5850681,4112,4171,59,0,0,0
5839199,666,64,5830938,5830938,5839199,5857820,8261,8261,0,0,0,0
5844393,669,64,5833143,5839199,5844393,5862426,5194,11250,6056,0,0,0
5848733,668,64,5833126,5844393,5848733,5866036,4340,15607,11267,0,0,0
5853653,660,64,5530424,5805154,5853653,5656593,48499,323229,274730,0,0,0
5881707,659,64,5530356,5798571,5881707,5635579,83136,351351,268215,0,0,0
5895740,661,64,5606601,5811152,5895740,5659504,84588,289139,204551,0,0,0
5912574,671,32,5867383,5867425,5912574,5932198,45149,45191,42,0,0,0
5946638,673,64,5869869,5869869,5946638,5974072,76769,76769,0,0,0,0
5946935,672,64,5869646,5869646,5946935,5955097,77289,77289,0,0,0,0
5959806,670,64,5867365,5867365,5959806,5982862,92441,92441,0,0,0,0
5988971,674,64,5987096,5987096,5988971,6000689,1875,1875,0,0,0,0
5990026,675,32,5987750,5987750,5990026,5994286,2276,2276,0,0,0,0
6000247,676,64,5999106,5999106,6000247,6000941,1141,1141,0,0,0,0
6010973,680,64,6007600,6007600,6010973,6026437,3373,3373,0,0,0,0
6013819,682,64,6009718,6009718,6013819,6036277,4101,4101,0,0,0,0
6017876,681,64,6008657,6008657,6017876,6049097,9219,9219,0,0,0,0
6023127,683,64,6010074,6010074,6023127,6027179,13053,13053,0,0,0,0
6025280,685,64,6024171,6024171,6025280,6034140,1109,1109,0,0,0,0
6027874,686,64,6024179,6024231,6027874,6040305,3643,3695,52,0,0,0
6029581,684,64,6019535,6023127,6029581,6057301,6454,10046,3592,0,0,0
6038261,678,64,6000849,6000849,6038261,6056717,37412,37412,0,0,0,0
6055628,690,64,6049141,6049141,6055628,6068853,6487,6487,0,0,0,0
6055688,689,64,6049141,6049141,6055659,6075563,6518,6518,0,0,0,0
6059794,691,64,6057524,6057524,6059794,6088948,2270,2270,0,0,0,0
6064716,692,64,6057548,6057584,6064716,6079525,7132,7168,36,0,0,0
6066364,693,64,6060604,6060604,6066364,6091545,5760,5760,0,0,0,0
6078984,679,64,6003339,6003339,6078984,6056656,75645,75645,0,0,0,0
6079044,694,64,6060811,6064716,6079026,6092109,14310,18215,3905,0,0,0
6087832,699,64,6086314,6086314,6087832,6106355,1518,1518,0,0,0,0
6088174,677,64,6000093,6000093,6088174,6045040,88081,88081,0,0,0,0
6091094,698,64,6086175,6086175,6091094,6106091,4919,4919,0,0,0,0
6165921,687,64,6043848,6043848,6165921,6216145,122073,122073,0,0,0,0
6167983,701,64,6127246,6127246,6167983,6235133,40737,40737,0,0,0,0
6181275,706,32,6175066,6175066,6181275,6219457,6209,6209,0,0,0,0
6187063,708,64,6184166,6184166,6187063,6205747,2897,2897,0,0,0,0
6187993,709,64,6184167,6184226,6187993,6207430,3767,3826,59,0,0,0
6196680,710,64,6185771,6185771,6196680,6204697,10909,10909,0,0,0,0
6200769,711,64,6186011,6187993,6200769,6214293,12776,14758,1982,0,0,0
6201112,707,64,6175069,6175126,6201112,6214318,25986,26043,57,0,0,0
6206684,713,64,6186678,6200769,6206684,6235102,5915,20006,14091,0,0,0
6210728,696,64,6069250,6078984,6210728,6160346,131744,141478,9734,0,0,0
6214199,712,64,6186475,6201112,6214199,6236588,13087,27724,14637,0,0,0
6219199,695,64,6069134,6091094,6219199,6256252,128105,150065,21960,0,0,0
6230288,688,64,6048024,6048024,6230288,6144252,182264,182264,0,0,0,0
6279696,704,64,6134724,6165921,6279696,6252163,113775,144972,31197,0,0,0
6279760,700,64,6115474,6219199,6279760,6271002,60561,164286,103725,0,0,0
6369506,715,64,6210317,6279696,6369506,6355271,89810,159189,69379,0,0,0
6375278,703,64,6133139,6167983,6375278,6254427,207295,242139,34844,0,0,0
6415499,702,64,6133054,6230288,6415499,6341300,185211,282445,97234,0,0,0
6422150,722,64,6419775,6419829,6422150,6424767,2321,2375,54,0,0,0
6426229,721,64,6419769,6419769,6426229,6426594,6460,6460,0,0,0,0
6438243,725,64,6430165,6430165,6438243,6447197,8078,8078,0,0,0,0
6446860,728,64,6432576,6438243,6446860,6450163,8617,14284,5667,0,0,0
6451508,729,64,6432578,6446860,6451508,6450663,4648,18930,14282,0,0,0
6467695,697,64,6083650,6279760,6467695,6358615,187935,384045,196110,0,0,0
6470609,727,64,6430422,6467695,6470609,6455668,2914,40187,37273,0,0,0
6473650,714,64,6205706,6375278,6473650,6398664,98372,267944,169572,0,0,0
6476518,732,64,6441054,6470609,6476518,6471708,5909,35464,29555,0,0,0
6481685,735,64,6448012,6476518,6481685,6476082,5167,33673,28506,0,0,0
6481832,737,64,6449433,6473650,6481832,6473254,8182,32399,24217,0,0,0
6483363,742,32,6468018,6481832,6483363,6478131,1531,15345,13814,0,0,0
6486112,733,64,6441059,6481685,6486112,6478037,4427,45053,40626,0,0,0
6487984,734,32,6447826,6481685,6487984,6476433,6299,40158,33859,0,0,0
6492206,743,64,6468018,6486112,6492148,6480751,6036,24130,18094,0,0,0
6502243,736,64,6449212,6492206,6502243,6483501,10037,53031,42994,0,0,0
6502532,724,64,6429919,6483363,6502532,6478834,19169,72613,53444,0,0,0
6508321,752,64,6487491,6502243,6508321,6491475,6078,20830,14752,0,0,0
6510110,753,64,6487495,6502532,6510110,6491536,7578,22615,15037,0,0,0
6511486,746,64,6479711,6508321,6511486,6492683,3165,31775,28610,0,0,0
6514174,754,64,6490265,6510110,6514174,6493352,4064,23909,19845,0,0,0
6517691,750,64,6481700,6511486,6517691,6496067,6205,35991,29786,0,0,0
6521964,756,64,6492146,6517691,6521919,6497662,4228,29773,25545,0,0,0
6522495,749,64,6481700,6514174,6522495,6496090,8321,40795,32474,0,0,0
6523176,745,64,6479542,6521964,6523176,6503917,1212,43634,42422,0,0,0
6524466,758,64,6497218,6522495,6524466,6504078,1971,27248,25277,0,0,0
6530754,765,64,6502676,6524466,6530754,6506573,6288,28078,21790,0,0,0
6535315,767,64,6502828,6530754,6535315,6506601,4561,32487,27926,0,0,0
6536776,764,64,6502024,6535315,6536776,6506812,1461,34752,33291,0,0,0
6538035,757,64,6497214,6536776,6538035,6507689,1259,40821,39562,0,0,0
6539292,761,64,6499108,6538035,6539292,6507947,1257,40184,38927,0,0,0
6542458,731,64,6437338,6523176,6542458,6504733,19282,105120,85838,0,0,0
6542845,763,32,6499717,6539292,6542845,6508121,3553,43128,39575,0,0,0
6543802,766,64,6502825,6539292,6543802,6508553,4510,40977,36467,0,0,0
6544670,762,64,6499715,6542458,6544670,6509185,2212,44955,42743,0,0,0
6547494,768,64,6505275,6544670,6547494,6511699,2824,42219,39395,0,0,0
6550614,730,64,6437336,6543802,6550614,6509385,6812,113278,106466,0,0,0
6551326,723,64,6429910,6547494,6551326,6512078,3832,121416,117584,0,0,0
6552954,770,64,6505455,6550614,6552901,6513581,2287,47446,45159,0,0,0
6555773,769,64,6505283,6552954,6555773,6518102,2819,50490,47671,0,0,0
6559691,760,64,6497668,6551326,6559691,6517452,8365,62023,53658,0,0,0
6564520,759,32,6497664,6559691,6564520,6525741,4829,66856,62027,0,0,0
6573076,705,64,6134728,6369506,6573076,6385106,203570,438348,234778,0,0,0
6598635,716,64,6210513,6415499,6598635,6452456,183136,388122,204986,0,0,0
6605176,781,64,6534657,6598635,6605176,6545857,6541,70519,63978,0,0,0
6609094,785,64,6538910,6605176,6609094,6549163,3918,70184,66266,0,0,0
6612042,780,64,6534656,6609094,6612042,6552451,2948,77386,74438,0,0,0
6619082,779,64,6534515,6612042,6619082,6554341,7040,84567,77527,0,0,0
6625745,739,64,6462106,6559691,6625745,6532062,66054,163639,97585,0,0,0
6636644,783,64,6535081,6625745,6636644,6555297,10899,101563,90664,0,0,0
6642883,782,64,6535080,6636644,6642883,6557398,6239,107803,101564,0,0,0
6648150,738,64,6462101,6555773,6648150,6524585,92377,186049,93672,0,0,0
6649661,789,64,6554537,6642883,6649661,6559122,6778,95124,88346,0,0,0
6649951,778,64,6534514,6648150,6649951,6559683,1801,115437,113636,0,0,0
6652031,788,64,6553670,6649951,6652031,6560078,2080,98361,96281,0,0,0
6653174,787,64,6552894,6649661,6653174,6559697,3513,100280,96767,0,0,0
6656529,786,64,6552690,6653174,6656529,6561614,3355,103839,100484,0,0,0
6657709,784,64,6538909,6652031,6657709,6561311,5678,118800,113122,0,0,0
6660487,790,64,6555338,6656529,6660487,6563104,3958,105149,101191,0,0,0
6663187,791,64,6557206,6657709,6663187,6566022,5478,105981,100503,0,0,0
6663579,792,32,6572542,6660487,6663579,6578749,3092,91037,87945,0,0,0
6667380,717,64,6311058,6573076,6667380,6538263,94304,356322,262018,0,0,0
6757126,777,64,6533296,6667380,6757126,6586240,89746,223830,134084,0,0,0
6759038,795,64,6574833,6757126,6759038,6588428,1912,184205,182293,0,0,0
6760734,799,64,6577820,6759038,6760734,6588657,1696,182914,181218,0,0,0
6795926,718,64,6311061,6619082,6795926,6554515,176844,484865,308021,0,0,0
6797873,794,64,6574426,6795926,6797873,6589201,1947,223447,221500,0,0,0
6802833,793,64,6574419,6797873,6802833,6591342,4960,228414,223454,0,0,0
6805695,797,64,6577605,6802833,6805695,6595235,2862,228090,225228,0,0,0
6811100,798,64,6577816,6805695,6811100,6598753,5405,233284,227879,0,0,0
6812070,776,64,6532776,6760734,6812070,6589119,51336,279294,227958,0,0,0
6817335,796,64,6577600,6811100,6817335,6599573,6235,239735,233500,0,0,0
6823216,747,64,6479879,6663187,6823216,6581656,160029,343337,183308,0,0,0
6850939,751,64,6481867,6660487,6850939,6580522,190452,369072,178620,0,0,0
6865936,771,32,6512847,6823216,6865936,6616384,42720,353089,310369,0,0,0
6890489,719,64,6391532,6823216,6890489,6617052,67273,498957,431684,0,0,0
6897350,774,64,6521855,6817335,6897350,6613244,80015,375495,295480,0,0,0
6912099,773,64,6521844,6812070,6912099,6605960,100029,390255,290226,0,0,0
6942342,775,64,6532476,6897350,6942342,6629882,44992,409866,364874,0,0,0
6954954,800,64,6581489,6942342,6954954,6640675,12612,373465,360853,0,0,0
6967173,804,64,6591790,6954954,6967173,6646260,12219,375383,363164,0,0,0
6969405,807,64,6642379,6967173,6969405,6646637,2232,327026,324794,0,0,0
6973113,772,64,6512848,6890489,6973113,6627979,82624,460265,377641,0,0,0
6977728,810,64,6648404,6973113,6977728,6651005,4615,329324,324709,0,0,0
6981216,812,32,6650792,6977728,6981216,6657232,3488,330424,326936,0,0,0
6985707,813,32,6652401,6981216,6985707,6659142,4491,333306,328815,0,0,0
6990371,803,32,6591789,6977728,6990371,6653877,12643,398582,385939,0,0,0
6990516,801,64,6583588,6969405,6990516,6648111,21111,406928,385817,0,0,0
6994240,808,64,6643842,6985707,6994240,6659802,8533,350398,341865,0,0,0
7039285,748,64,6481379,6850939,7039285,6618795,188346,557906,369560,0,0,0
7087128,741,64,6462515,6994240,7087128,6676496,92888,624613,531725,0,0,0
7092059,740,64,6462488,6912099,7092059,6630966,179960,629571,449611,0,0,0
7096164,809,64,6644171,7087128,7096164,6678194,9036,451993,442957,0,0,0
7096852,806,64,6636792,7039285,7096852,6678081,57567,460060,402493,0,0,0
7098963,817,64,6677852,7096164,7098963,6690819,2799,421111,418312,0,0,0
7107084,816,64,6671391,7096852,7107084,6695320,10232,435693,425461,0,0,0
7108520,820,64,6695125,7107084,7108520,6701052,1436,413395,411959,0,0,0
7111976,818,64,6677854,7108520,7111976,6701097,3456,434122,430666,0,0,0
7115489,821,32,6697676,7111976,7115489,6705651,3513,417813,414300,0,0,0
7116783,814,64,6659693,7098963,7116783,6696137,17820,457090,439270,0,0,0
7138313,811,64,6650154,7111976,7138313,6716709,26337,488159,461822,0,0,0
7142426,824,64,6727697,7138313,7142426,6730219,4113,414729,410616,0,0,0
7146510,823,64,6726597,7142426,7146510,6730658,4084,419913,415829,0,0,0
7153273,744,64,6468333,6990516,7153273,6663423,162757,684940,522183,0,0,0
7194294,805,64,6631279,7153273,7194294,6737488,41021,563015,521994,0,0,0
7252027,726,64,6430228,7116783,7252027,6721743,135244,821799,686555,0,0,0
7269726,819,64,6688327,7194294,7269726,6737837,75432,581399,505967,0,0,0
7291898,755,64,6492062,7146510,7291898,6736359,145388,799836,654448,0,0,0
7308655,720,64,6419521,7092059,7308655,6685768,216596,889134,672538,0,0,0
7314064,825,64,6871624,7308655,7314064,6888283,5409,442440,437031,0,0,0
7314931,822,64,6719753,7269726,7314931,6845939,45205,595178,549973,0,0,0
7317415,828,32,6890032,7314931,7317415,6896469,2484,427383,424899,0,0,0
7317499,826,64,6871627,7314064,7317499,6892566,3435,445872,442437,0,0,0
7317758,831,32,6922772,7317415,7317758,6923877,343,394986,394643,0,0,0
7317867,830,64,6922772,7317499,7317867,6924969,368,395095,394727,0,0,0
7318073,833,32,6925550,7317867,7318073,6927544,206,392523,392317,0,0,0
7318284,832,64,6925547,7317758,7318284,6926829,526,392737,392211,0,0,0
7318390,827,32,6888749,7314931,7318390,6894323,3459,429641,426182,0,0,0
7319982,834,64,6928879,7318284,7319982,6932453,1698,391103,389405,0,0,0
7320329,829,64,6922653,7318073,7320329,6928411,2256,397676,395420,0,0,0
7321387,836,64,6975081,7320329,7321387,6976998,1058,346306,345248,0,0,0
7322166,837,64,6980890,7321387,7322166,6990145,779,341276,340497,0,0,0
7325528,802,64,6584791,7291898,7325528,6847361,33630,740737,707107,0,0,0
7327752,839,64,6986210,7322166,7327752,6999798,5586,341542,335956,0,0,0
7328434,841,64,7012292,7327752,7328434,7015164,682,316142,315460,0,0,0
7328505,815,64,6668807,7252027,7328505,6795451,76478,659698,583220,0,0,0
7328565,835,64,6951540,7319982,7328535,6963186,8553,376995,368442,0,0,0
7328668,843,64,7029788,7328565,7328668,7031242,103,298880,298777,0,0,0
7328765,845,64,7030589,7328668,7328765,7031847,97,298176,298079,0,0,0
7328825,844,64,7029788,7328505,7328786,7030675,281,298998,298717,0,0,0
7329192,846,64,7031494,7328825,7329192,7032586,367,297698,297331,0,0,0
7329252,847,64,7031495,7328765,7329215,7032257,450,297720,297270,0,0,0
7329312,838,64,6986209,7325528,7329295,7005918,3767,343086,339319,0,0,0
7329449,849,64,7048263,7329252,7329449,7050454,197,281186,280989,0,0,0
7329809,842,64,7017171,7328434,7329809,7019070,1375,312638,311263,0,0,0
7330165,848,64,7034133,7329192,7330165,7036271,973,296032,295059,0,0,0
7331740,851,64,7053433,7329449,7331740,7067934,2291,278307,276016,0,0,0
7332099,850,64,7053431,7329809,7332099,7069409,2290,278668,276378,0,0,0
7334525,854,64,7096433,7332099,7334525,7112983,2426,238092,235666,0,0,0
7340121,852,64,7072848,7330165,7340121,7100480,9956,267273,257317,0,0,0
7340341,855,64,7096437,7334525,7340341,7118618,5816,243904,238088,0,0,0
7340401,853,64,7072849,7331740,7340352,7101238,8612,267503,258891,0,0,0
7340552,856,64,7130172,7340121,7340552,7132063,431,210380,209949,0,0,0
7368240,859,64,7364538,7364538,7368240,7372596,3702,3702,0,0,0,0
7371770,860,64,7364539,7364598,7371770,7379623,7172,7231,59,0,0,0
7427250,840,64,7008630,7329312,7427250,7066450,97938,418620,320682,0,0,0
7443905,858,64,7337591,7340341,7443905,7429658,103564,106314,2750,0,0,0
7445342,857,64,7337415,7340401,7445342,7488567,104941,107927,2986,0,0,0
7744827,862,64,7742218,7742218,7744827,7765394,2609,2609,0,0,0,0
7747733,861,64,7742218,7742218,7747733,7763282,5515,5515,0,0,0,0
7771630,864,64,7770158,7770158,7771630,7772939,1472,1472,0,0,0,0
7772278,865,64,7772019,7772019,7772278,7772790,259,259,0,0,0,0
7772811,863,64,7770158,7770158,7772811,7775079,2653,2653,0,0,0,0
7774690,866,64,7774433,7774433,7774690,7776209,257,257,0,0,0,0
7775072,867,32,7774723,7774750,7775072,7776771,322,349,27,0,0,0
7783076,872,64,7782507,7782507,7783076,7784066,569,569,0,0,0,0
7790973,870,64,7781994,7781994,7790973,7836090,8979,8979,0,0,0,0
7800550,871,64,7781996,7782054,7800550,7860128,18496,18554,58,0,0,0
7828796,869,64,7781473,7781473,7828796,7903624,47323,47323,0,0,0,0
7837003,868,64,7781473,7781473,7837003,7880128,55530,55530,0,0,0,0
7864443,873,64,7858722,7858722,7864443,7907402,5721,5721,0,0,0,0
7880752,874,64,7874425,7874425,7880752,7881726,6327,6327,0,0,0,0
7911095,875,64,7910536,7910536,7911095,7912960,559,559,0,0,0,0
