time,job_id,num_gpu,submit_time,start_time,end_time,ddl,executed_time,JCT,pending_time,preempt,promote,best_effort_job
1934454,965d744f-0445-c1a8-12af-97e4c536c66e,64,1932025,1932025,1934454,1933904,2429,2429,0,0,0,0
2001254,fb10987f-20ac-3703-eb67-146a77a6e17c,64,2000581,2000581,2001254,2002204,673,673,0,0,0,0
2014201,9e11d2cd-0930-aef6-8a80-068ddf547e50,64,2013937,2013937,2014201,2015386,264,264,0,0,0,0
2014553,8ac8ad93-7e02-921d-f86b-543ae1b243cc,64,2014133,2014133,2014553,2016513,420,420,0,0,0,0
2014613,3dba6da8-5844-f9fc-114b-9547c9dc72b8,64,2014419,2014424,2014592,2015619,168,173,5,0,0,0
2014673,6dd49c96-6744-cb9e-6ded-cba5a22c3d4f,64,2014364,2014364,2014651,2016174,287,287,0,0,0,0
2014733,6d39da75-aee7-0ab2-61fa-8e7a078c26ce,64,2014224,2014261,2014718,2016444,457,494,37,0,0,0
2014918,0534a101-8ddc-e719-81f3-8dd4fd034ada,64,2014678,2014733,2014900,2016533,167,222,55,0,0,0
2015001,5d696bc8-dc54-d59b-86bb-42c7d8b2f8b6,64,2014236,2014261,2015001,2015988,740,765,25,0,0,0
2015243,62e7c1a6-12d2-fa06-49e1-cd138da00495,64,2014707,2014733,2015243,2015663,510,536,26,0,0,0
2015303,ffa361be-0f92-40e1-07f9-7d05f6ca6b8b,64,2014858,2014858,2015290,2016633,432,432,0,0,0,0
2015303,14e4180c-fe99-36a3-62db-c8503c5bf3a7,64,2015112,2015121,2015290,2016322,169,178,9,0,0,0
2015503,c1d48a10-1b96-8925-5682-d038b77f69b9,32,2015118,2015121,2015449,2016141,328,331,3,0,0,0
2015503,033d2bce-575a-ed2c-a5c5-650c8186a576,64,2015166,2015181,2015459,2016391,278,293,15,0,0,0
2015503,12d15585-b68e-47fa-3f17-5534cc4d5819,64,2015248,2015303,2015470,2017327,167,222,55,0,0,0
2015563,d6d7b3b8-3309-4d35-3f4d-f561f319c125,32,2015093,2015121,2015547,2017382,426,454,28,0,0,0
2015683,1375ee90-d6b3-61e4-3b6d-ca0d6fe5040b,64,2014907,2014918,2015666,2016457,748,759,11,0,0,0
2015743,bf8e8bfa-a0c9-da72-368a-cd40b8f14e3c,64,2015034,2015061,2015691,2015912,630,657,27,0,0,0
2015743,980b6853-0c70-31eb-9f85-c2dd88e44a48,64,2015117,2015503,2015736,2017530,233,619,386,0,0,0
2015803,a8addf36-ddf2-75eb-e8a3-f341c8819065,64,2014707,2014733,2015786,2016013,1053,1079,26,0,0,0
2015923,fd235def-3e5a-87e3-5560-db22c96b5edb,32,2015256,2015743,2015913,2017574,170,657,487,0,0,0
2015983,f480b91e-700e-0efc-e4ff-c31a5b86ea69,64,2015248,2015303,2015925,2017148,622,677,55,0,0,0
2015983,cc152a1b-e278-9642-a484-e035330faaa3,64,2015754,2015803,2015967,2017430,164,213,49,0,0,0
2016043,2b1ac76c-89ec-bc51-98cb-aa5247f53019,64,2014907,2014918,2016020,2017096,1102,1113,11,0,0,0
2016043,ccf4ffb0-b4bb-a73f-ac70-51d1d051267f,64,2015590,2015623,2016033,2016696,410,443,33,0,0,0
2016103,37f25d36-8bdd-cee3-70fd-6672b80f16c5,64,2015761,2015803,2016078,2017527,275,317,42,0,0,0
2016163,2ad11fe8-7d1b-695e-71a0-449dd703262f,64,2015479,2015503,2016111,2016367,608,632,24,0,0,0
2016223,c63d04ee-541c-7a86-3ba5-cd2fdea45c19,32,2015815,2015863,2016187,2017170,324,372,48,0,0,0
2016283,6d204496-66d0-6371-d8e8-8ebb7a9e8eef,32,2015877,2015923,2016256,2016840,333,379,46,0,0,0
2016410,7580e4e9-5945-0186-da01-8d296060b1eb,64,2015974,2015983,2016410,2016985,427,436,9,0,0,0
2016470,f6ff3521-c225-0530-952a-53459682d9ff,64,2016151,2016163,2016433,2017011,270,282,12,0,0,0
2016470,b576255e-9854-9f22-2102-f9c964575bc4,64,2016283,2016283,2016457,2017446,174,174,0,0,0,0
2016530,5bd93609-b297-a782-bcf4-74aace63cb1a,64,2015962,2016043,2016498,2017710,455,536,81,0,0,0
2016530,01bb819c-4dfe-1117-22af-711f1b628a9d,64,2016187,2016223,2016520,2017262,297,333,36,0,0,0
2016590,497ec6d1-081f-c6dc-78d9-a88aef0bea4f,64,2015479,2015503,2016558,2016424,1055,1079,24,0,0,0
2016650,cfa701cd-2631-d00b-26d7-94d30db95301,64,2015960,2015983,2016606,2017370,623,646,23,0,0,0
2016650,4e7ed827-455a-c762-7428-a656b3ee4d3b,64,2015443,2015743,2016628,2017821,885,1185,300,0,0,0
2016650,2c6a6e9a-3280-67a1-4187-222b257d5e52,64,2016197,2016470,2016640,2017785,170,443,273,0,0,0
2016650,9fd34579-4667-72ce-204e-178c10d08d11,32,2016265,2016283,2016641,2017243,358,376,18,0,0,0
2016650,292bd156-db94-6570-1ac7-0ec0ab8ddeb4,64,2016147,2016530,2016647,2018087,117,500,383,0,0,0
2016749,0e0630cd-996d-5c50-fc04-a168652ffb49,64,2015990,2016043,2016749,2016874,706,759,53,0,0,0
2016809,668c879b-d2dc-42c8-32b8-d8aa21768dd7,64,2016132,2016163,2016771,2017401,608,639,31,0,0,0
2017044,7118e364-7709-7749-527e-ecfaa79ac9aa,64,2016138,2016530,2017044,2017919,514,906,392,0,0,0
2017311,90ce77e9-7513-03b9-c7de-96ea2b0fbe44,64,2016071,2016590,2017311,2018511,721,1240,519,0,0,0
2026644,2fb21e66-7ed1-7aab-c9b7-c9bc65a16fa9,64,2026521,2026524,2026639,2027552,115,118,3,0,0,0
2026730,e2aa7a5d-278e-d00d-ba02-66efbe055787,64,2026518,2026524,2026730,2027851,206,212,6,0,0,0
2026872,8567c805-34f5-41c0-c8c5-eb2a7490adeb,64,2026511,2026524,2026872,2027791,348,361,13,0,0,0
2026932,7cea2045-c268-283e-e32f-2e63b7fddd71,64,2026527,2026584,2026891,2027924,307,364,57,0,0,0
2026932,59b9222c-115a-ffac-b173-fcdf3fe1e8f3,64,2026527,2026584,2026892,2027556,308,365,57,0,0,0
2027015,45f18619-54f9-0429-a7de-02ccdda4f4a7,64,2026584,2026730,2027015,2028252,285,431,146,0,0,0
2027075,af70de70-2b69-c95e-8567-1b58926bffa5,64,2026464,2026464,2027071,2027488,607,607,0,0,0,0
2027135,8412a335-d88c-656d-b61e-5fdb1a435206,64,2026518,2026524,2027122,2028308,598,604,6,0,0,0
2027195,32a447b2-ef04-e57d-cdcc-c33aa9434aa0,64,2026508,2026524,2027165,2027689,641,657,16,0,0,0
2027195,48ca7651-92f5-df7b-0323-d342df6a8f93,64,2026520,2026524,2027167,2028105,643,647,4,0,0,0
2027195,b89f72f3-2a60-c652-e714-7668cf1d7d3a,64,2026535,2026584,2027167,2028079,583,632,49,0,0,0
2027255,3f8c1097-c4da-2c2e-1bff-a27915c1604f,64,2026527,2026932,2027240,2028388,308,713,405,0,0,0
2027315,9d66e815-5a41-53b3-e95f-176cdebac186,64,2026578,2027195,2027308,2028613,113,730,617,0,0,0
2027375,e2add909-c521-bf2d-dc45-d539c03f3538,64,2026516,2027195,2027371,2028670,176,855,679,0,0,0
2027435,71efe72a-ae13-591e-84fa-4c7239e7a4f1,64,2026487,2027255,2027428,2028678,173,941,768,0,0,0
2027495,d867888b-7ff6-b824-152a-eaec2bdfcb41,64,2026515,2026524,2027452,2028393,928,937,9,0,0,0
2027555,4aea1b8f-b43c-de0a-fa9f-c10e52daf681,64,2026510,2027315,2027496,2028979,181,986,805,0,0,0
2027615,ec50ace4-80a5-2e65-afa2-855967c96204,64,2026487,2027015,2027567,2028445,552,1080,528,0,0,0
2027615,19b17e80-dea4-ae17-54fd-9ad39716108e,64,2026578,2027375,2027577,2029175,202,999,797,0,0,0
2027675,f2c84743-9027-e770-2460-d0d2904883c1,64,2026510,2027195,2027666,2028648,471,1156,685,0,0,0
2027735,493e904d-30ec-2796-a59b-457fc0d7ac73,64,2026529,2027075,2027724,2028521,649,1195,546,0,0,0
2027806,95831d58-ef4c-5119-8da5-d39b42c21797,64,2026509,2027135,2027806,2028540,671,1297,626,0,0,0
2029288,e3082ddc-c9c0-4b7d-6ba4-170b4e9d23e9,64,2028954,2029013,2029288,2030820,275,334,59,0,0,0
2029348,42378962-e4fd-6c34-d670-7a2129dc073e,64,2028979,2029013,2029295,2031151,282,316,34,0,0,0
2029408,1f8b4af1-96bc-532d-ac11-7babd6642fe8,32,2028962,2029013,2029359,2030739,346,397,51,0,0,0
2029408,01bf9e73-3f80-0385-ef92-40b652d78f10,64,2028953,2028953,2029380,2030499,427,427,0,0,0,0
2029550,64880945-ad1d-b537-d7f3-4368c2efeecb,64,2028978,2029013,2029550,2030159,537,572,35,0,0,0
2084354,96fc734d-a003-cd28-ca8f-3653c9af18f8,64,2080533,2080533,2084354,2084565,3821,3821,0,0,0,0
2118468,3ee82983-d557-4241-91dd-b9bf613d2de9,64,2080406,2080406,2118468,2133334,38062,38062,0,0,0,0
2167018,a65be22b-d5a3-86d9-c362-a810a2611b8d,64,2164554,2164554,2167018,2167871,2464,2464,0,0,0,0
2200257,f7a67b94-7b5a-611a-f1b6-4afed31edf1a,64,2165219,2165219,2200257,2200120,35038,35038,0,0,0,0
2219975,c693da11-39c6-a1ca-9e50-aa42ca6dfda1,64,2181205,2181205,2219975,2212239,38770,38770,0,0,0,0
2233856,c9525185-81e0-3a5e-8b48-f49686abd4e7,64,2169691,2169691,2233856,2233329,64165,64165,0,0,0,0
2271282,1dabb10a-bd10-f87c-6d0e-0597500d92a7,64,2232899,2232899,2271282,2285372,38383,38383,0,0,0,0
2280775,ac93281a-92eb-eab0-e4ee-c67c1a57f9e4,64,2278461,2278461,2280775,2280245,2314,2314,0,0,0,0
2302896,4c6a70f4-8ede-c44d-476c-f68c3f1be0d0,64,2302734,2302734,2302896,2303340,162,162,0,0,0,0
2313846,f7315749-4f39-49a8-3d3a-258288b4f474,64,2279079,2279079,2313846,2324855,34767,34767,0,0,0,0
2360236,51397c06-a630-ad9d-7cb9-23f5f5edf382,64,2357910,2357910,2360236,2361273,2326,2326,0,0,0,0
2368477,ae423568-de14-553b-1eac-41d9801f4909,64,2331877,2331877,2368477,2367394,36600,36600,0,0,0,0
2384046,a8f1e091-ffb8-102d-9475-dbc996418ced,64,2321934,2321934,2384046,2370074,62112,62112,0,0,0,0
2392043,1b2ededb-8fc8-5fc0-83d5-bceb5edbb8ee,64,2373085,2373085,2392043,2388222,18958,18958,0,0,0,0
2393187,09a0a0f6-73b0-a091-7634-c1694f76e388,64,2357953,2357970,2393187,2408944,35217,35234,17,0,0,0
2395680,4988e418-f6c3-1218-c183-6315330f8be1,64,2359945,2359945,2395680,2408449,35735,35735,0,0,0,0
2429940,54170a17-caaa-5bbe-a4bb-f962606e0e1c,64,2427284,2427284,2429940,2429564,2656,2656,0,0,0,0
2462687,24f43c62-b523-c0de-db87-d29c4cfd0fc1,64,2458347,2458347,2462687,2464757,4340,4340,0,0,0,0
2463846,f5d8fb91-ee60-81ac-2dd0-622e266bf2ea,64,2459142,2459142,2463846,2463928,4704,4704,0,0,0,0
2475412,a6846099-f729-4951-8591-31d2bbda0242,64,2437374,2437374,2475412,2461918,38038,38038,0,0,0,0
2489511,257f7595-cdfb-4db9-c5e7-8b23f4613f09,64,2489020,2489020,2489505,2491995,485,485,0,0,0,0
2489571,83666636-68d5-76b8-a6ce-6d7a44e2a94b,64,2489020,2489020,2489522,2493077,502,502,0,0,0,0
2489631,692ac139-1f4a-8ca1-ab85-fd595463adc7,64,2489020,2489020,2489630,2492227,610,610,0,0,0,0
2489691,b24cc64f-be3e-6e57-f30a-9e32aba4fc03,64,2489025,2489080,2489633,2492936,553,608,55,0,0,0
2490024,2a9528c3-5ae1-dbad-aa29-60fda85894df,64,2489024,2489691,2490024,2494470,333,1000,667,0,0,0
2490084,a3b442bd-4649-4296-6f58-42c3ff86cc31,64,2489027,2489080,2490046,2492945,966,1019,53,0,0,0
2490150,84e3b774-569a-def0-df86-5633ab7aeb66,64,2489023,2489631,2490150,2494151,519,1127,608,0,0,0
2490210,e7ba26ac-ab7a-3d1c-0cfe-f6833e11bafe,32,2489023,2489080,2490189,2492708,1109,1166,57,0,0,0
2490270,b540b30e-039f-3a25-4d61-68bd2defe193,64,2489020,2489020,2490232,2493353,1212,1212,0,0,0,0
2490330,b0b63bcf-0860-1833-479d-0cdaf396ea37,64,2489020,2489020,2490307,2492224,1287,1287,0,0,0,0
2490485,eec259dc-7f95-897c-276a-a6ced50755d9,64,2489024,2489571,2490485,2494116,914,1461,547,0,0,0
2490810,cb371d97-cdcc-2d6a-1a16-998c7648776e,64,2489023,2490270,2490810,2495370,540,1787,1247,0,0,0
2490886,f065c817-687a-4850-9d9b-62317d45d8ef,64,2489024,2490485,2490886,2495596,401,1862,1461,0,0,0
2491090,680bac63-b856-d035-3dc9-829015eabb27,64,2489023,2490210,2491090,2495051,880,2067,1187,0,0,0
2491191,f4d375c1-a293-19fa-3240-d7a14027ab7d,64,2489024,2489080,2491191,2491936,2111,2167,56,0,0,0
2491310,dc8aee30-be60-33f7-28be-9288e5af6e39,64,2489020,2490810,2491310,2495746,500,2290,1790,0,0,0
2491370,31cd9f6e-e3b1-6d36-78e3-6397123b31cf,64,2489020,2489020,2491359,2494581,2339,2339,0,0,0,0
2492147,2a96e1e2-7194-eae2-19ba-d7aedf615a5c,64,2489028,2490150,2492147,2495013,1997,3119,1122,0,0,0
2492207,ffa623d0-ea9e-5c8d-b1a8-b71f491b90e9,64,2489020,2491310,2492151,2496269,841,3131,2290,0,0,0
2492295,61935990-abdd-1a8f-a4b0-5c89f10bce9c,64,2489029,2490886,2492295,2495800,1409,3266,1857,0,0,0
2492355,f11c0ac5-8c0b-393a-1333-5bc9bb635ff5,64,2489027,2491191,2492309,2496081,1118,3282,2164,0,0,0
2492415,60ee64ba-a4b0-718e-8ced-470739034b65,64,2489020,2489020,2492401,2495587,3381,3381,0,0,0,0
2493251,0cf2b69b-0577-aea9-f899-924698de8ebb,64,2489020,2489020,2493251,2494790,4231,4231,0,0,0,0
2493765,e7e646c7-0158-2463-9d87-76a072d78bdd,64,2489346,2491370,2493765,2496278,2395,4419,2024,0,0,0
2493872,5fdcabbf-6b9c-d71c-f6ba-745ba55871e3,64,2489342,2492295,2493872,2497700,1577,4530,2953,0,0,0
2494163,6f887f28-3e49-fd09-1b19-d8b8d8302081,64,2489028,2492147,2494163,2496447,2016,5135,3119,0,0,0
2494681,bb2aa146-2999-394c-54a7-b69b1cd66b09,64,2489025,2491090,2494681,2495906,3591,5656,2065,0,0,0
2495190,a1e518a2-93d2-28d4-2465-5c397d4d2add,64,2489445,2492355,2495190,2497937,2835,5745,2910,0,0,0
2496048,c6ac1b04-dd1d-6cd1-c11f-6bf5379ef467,64,2489279,2493251,2496048,2498299,2797,6769,3972,0,0,0
2496123,aa604892-3926-12e9-5b58-eb49c9784b52,32,2468714,2468714,2496123,2493345,27409,27409,0,0,0,0
2496260,363e6ef4-f8df-cc3a-2acb-4fbdfbff8a7d,64,2489387,2493872,2496260,2498553,2388,6873,4485,0,0,0
2496487,2e183554-cae2-8e66-ae8a-781390e0a95b,64,2494440,2494497,2496487,2497756,1990,2047,57,0,0,0
2496547,e82c7d7b-06e7-45f9-88bc-539c9f4c3b79,64,2494442,2494497,2496499,2497566,2002,2057,55,0,0,0
2497518,c606ddc4-c2dd-901d-359a-15334605ec0e,64,2494444,2496260,2497518,2498799,1258,3074,1816,0,0,0
2497699,b0ae8f08-c31e-dbbc-f36c-b62b892e6161,64,2489450,2492415,2497690,2498253,5275,8240,2965,0,0,0
2497765,5f65c8ce-bd21-bc11-be9d-61ee18b87245,64,2494441,2496547,2497765,2499011,1218,3324,2106,0,0,0
2498307,8e4c3ab5-6d5d-0477-adc2-9178a0411612,64,2489342,2492207,2498307,2496998,6100,8965,2865,0,0,0
2498427,12fe28bf-81e0-d489-5a18-e2a30e614bcd,64,2494444,2497765,2498381,2499461,616,3937,3321,0,0,0
2498505,1758d47e-a7cd-e143-6de2-14293bf0d9c1,64,2494441,2494497,2498505,2497877,4008,4064,56,0,0,0
2498677,a4b1f991-7542-4646-4d37-a539857dd3b3,64,2494441,2496487,2498677,2498809,2190,4236,2046,0,0,0
2499223,cc530e36-addc-3e13-ab3b-4d37560c95ee,64,2489445,2493765,2499223,2498498,5458,9778,4320,0,0,0
2499485,44c1f1b5-ebbb-d763-79a7-e63bbee975da,64,2494437,2498427,2499485,2499681,1058,5048,3990,0,0,0
2499571,7d2f4e58-b47a-1c5b-b0b3-901535102852,32,2494437,2498307,2499571,2499506,1264,5134,3870,0,0,0
2499722,c36b9a0a-41e0-2a89-566a-9ce7af521b94,64,2489445,2498677,2499722,2499760,1045,10277,9232,0,0,0
2499993,a847bce7-90fa-6b57-24ac-2130deaf528d,32,2489449,2496547,2499993,2498912,3446,10544,7098,0,0,0
2500287,220b9ea9-8a0f-9508-dfe2-c0a0a96b3c42,64,2494437,2499571,2500287,2500126,716,5850,5134,0,0,0
2500348,46a56fe8-6f46-f1b1-2ace-1aa9103246b3,32,2489281,2497518,2500348,2499078,2830,11067,8237,0,0,0
2500931,b89f3a92-999a-1d86-99db-13028dab66d3,64,2489271,2494163,2500931,2498557,6768,11660,4892,0,0,0
2500991,cb08587d-1963-c26d-6e21-8b099afd4015,64,2494437,2500287,2500991,2500404,704,6554,5850,0,0,0
2501140,3ae909fe-cc82-18da-c696-f5e64944051b,32,2489276,2498307,2501140,2499632,2833,11864,9031,0,0,0
2501213,236dd176-da1c-96ae-0279-e2ab0bbf6334,64,2494441,2499223,2501213,2500049,1990,6772,4782,0,0,0
2501487,e0527739-4d40-6f1b-3ca5-be2952171bf3,64,2494442,2499485,2501487,2500084,2002,7045,5043,0,0,0
2501903,ab86bafd-b57e-c883-d258-6d9016b6bf61,64,2489284,2500991,2501903,2500507,912,12619,11707,0,0,0
2502277,d4bf7a4b-25b8-a42f-836b-15c7e7c225da,64,2489387,2500931,2502277,2500491,1346,12890,11544,0,0,0
2502397,e00bd534-3158-f1fb-2c7a-0d3107692583,64,2494437,2498505,2502397,2499686,3892,7960,4068,0,0,0
2502545,9dd2f9de-fd98-fe33-6498-abe92999bbef,64,2489344,2499722,2502545,2500349,2823,13201,10378,0,0,0
2502605,567e642e-052d-fb9a-5f58-4603e5a3d8e9,64,2489276,2501213,2502593,2500857,1380,13317,11937,0,0,0
2503023,243012da-b185-0eb8-5f90-fc872edc017e,64,2494437,2502397,2503023,2501293,626,8586,7960,0,0,0
2503083,ff69723d-584f-c85b-2697-384d801e8690,64,2497811,2501487,2503027,2501028,1540,5216,3676,0,0,0
2503170,e4855aa1-016b-6287-b008-05cca7f36ae9,64,2494444,2502545,2503170,2501311,625,8726,8101,0,0,0
2503655,ee0f65a8-2a13-1c1f-ccd0-15c1ad5900dd,64,2494448,2503083,2503655,2501582,572,9207,8635,0,0,0
2503716,3985fb62-17dc-8eff-6872-13f98d605936,64,2489346,2497699,2503716,2499162,6017,14370,8353,0,0,0
2504223,17e8392a-55ce-e5db-9e87-e04ca2086977,64,2489352,2502605,2504171,2501424,1566,14819,13253,0,0,0
2504536,1a6b6a7d-1a38-aad6-ce53-2ffdbb134f02,64,2494437,2502277,2504536,2501137,2259,10099,7840,0,0,0
2504876,d56ce8ea-1959-7b5a-a7a8-f6366a35df59,64,2497811,2503655,2504876,2501641,1221,7065,5844,0,0,0
2504936,a267d32f-ddcb-f4bc-0dbd-c5da787515b9,64,2494442,2504536,2504919,2501908,383,10477,10094,0,0,0
2505395,6e6b34b9-07ef-2ba8-b45a-6ab37b94a34d,64,2489364,2503023,2505395,2501582,2372,16031,13659,0,0,0
2505559,2f8c83e5-6e8d-9644-601b-fbcbf0eebcce,64,2489342,2503170,2505559,2501593,2389,16217,13828,0,0,0
2505680,d32e6dcd-83bc-9478-dd6a-c7b86778043b,64,2489443,2500348,2505680,2500426,5332,16237,10905,0,0,0
2506031,8ccc9cea-109f-d8ee-b5a4-720058f0dd23,64,2497814,2503716,2506031,2501687,2315,8217,5902,0,0,0
2506155,d3f4a49b-33ba-ba88-36c7-d6fa7aa4f052,64,2497811,2505559,2506155,2502065,596,8344,7748,0,0,0
2506271,92fbacf6-d5d1-c669-1c45-3357e8294a67,64,2497811,2505680,2506271,2502086,591,8460,7869,0,0,0
2506381,5e717fca-020a-4497-74ed-51458d9765c7,64,2497811,2504223,2506381,2501863,2158,8570,6412,0,0,0
2506441,46c79b36-fd05-3963-5616-af7e1057a002,64,2497811,2504876,2506437,2501917,1561,8626,7065,0,0,0
2506665,3948fe22-022a-adda-cd05-79e299e4704c,64,2494438,2506271,2506665,2502235,394,12227,11833,0,0,0
2506920,fb8fe8c4-d8b4-8ead-9360-8edf382b5b86,64,2497815,2505395,2506920,2502047,1525,9105,7580,0,0,0
2507102,bb0c7919-330c-cff5-88a5-fa0d09a85dc5,64,2489285,2501903,2507102,2501050,5199,17817,12618,0,0,0
2507212,30cbd755-6232-b17a-2507-41818d1fb540,64,2494440,2506155,2507212,2502207,1057,12772,11715,0,0,0
2507272,e1d46f82-21c5-0e41-e8ce-e951b0478ea4,64,2489346,2504936,2507268,2502029,2332,17922,15590,0,0,0
2507408,17e52113-4626-23be-e068-8849eec71a30,64,2494437,2506381,2507408,2502237,1027,12971,11944,0,0,0
2507468,f5c9b047-9c10-c572-0f6b-40d09efba58b,64,2497815,2506441,2507449,2502258,1008,9634,8626,0,0,0
2507746,a84554c3-a3f6-6c61-2fb7-0dab2f383b43,64,2500723,2507408,2507746,2502642,338,7023,6685,0,0,0
2507986,31274148-7c7c-404e-c422-d03ef29a6339,64,2498326,2507468,2507986,2502705,518,9660,9142,0,0,0
2508352,861b4f5b-45a0-8539-6de8-370ace9e9ebd,64,2494445,2507746,2508352,2502751,606,13907,13301,0,0,0
2508445,9e45455e-24d3-8751-6729-4d3c46818a88,64,2489280,2507102,2508445,2502477,1343,19165,17822,0,0,0
2508505,0de051a6-69ca-97d2-7644-14fd8ae769ed,64,2489271,2506920,2508493,2502399,1573,19222,17649,0,0,0
2508572,04ffeab2-cb7b-0b3a-8b2d-158acd5ae324,64,2497817,2506665,2508572,2502344,1907,10755,8848,0,0,0
2508666,4140752c-aa44-8259-5001-8b7b6d4067f4,64,2489346,2507272,2508666,2502576,1394,19320,17926,0,0,0
2508839,23d26b8d-ae46-024d-51d0-5ef3a91883fc,64,2500726,2508445,2508839,2503104,394,8113,7719,0,0,0
2508899,d664d264-4c6e-27ff-b9de-7a3a486822b9,64,2489445,2506031,2508867,2502111,2836,19422,16586,0,0,0
2509248,97674900-4651-0367-cbdc-43184d85a3d2,64,2499864,2508666,2509248,2503152,582,9384,8802,0,0,0
2509434,73d39457-b25f-13df-b8d4-9848702ba49f,64,2499869,2508839,2509434,2503177,595,9565,8970,0,0,0
2510529,e5508ea2-6133-a34d-8b0e-8eb1ad371d9e,64,2499858,2508505,2510529,2503133,2024,10671,8647,0,0,0
2510995,88575117-6155-4667-2112-507c2cfa55b0,64,2494437,2509434,2510995,2503247,1561,16558,14997,0,0,0
2511552,7092947d-be49-69ec-6667-d3bbe3b56360,64,2499858,2508899,2511552,2503232,2653,11694,9041,0,0,0
2511612,e1cde87f-ec95-5f87-ae5e-c36572eb7474,64,2499863,2509248,2511559,2503243,2311,11696,9385,0,0,0
2512178,62c965b2-7eb0-f62a-3d45-74ebf4655a21,64,2494445,2508352,2512178,2502803,3826,17733,13907,0,0,0
2512399,39ec8ca1-3fb2-df47-bbcd-6c18a06e8de5,64,2489443,2510529,2512399,2503366,1870,22956,21086,0,0,0
2512854,34879e41-1a9c-672a-4eb9-047dba2ac3d9,64,2497811,2512178,2512854,2503530,676,15043,14367,0,0,0
2512925,905f9096-2996-56e2-4c9d-690713b22cec,64,2499816,2510995,2512925,2503462,1930,13109,11179,0,0,0
2513004,0d18ab95-668c-8477-0b95-017c5dae1201,64,2498322,2511612,2513004,2503517,1392,14682,13290,0,0,0
2513219,61a66444-e2af-a629-5efb-336e2f546033,64,2489272,2507986,2513219,2502763,5233,23947,18714,0,0,0
2513302,5cb85aed-f5f6-2c97-6efb-63b11b049863,64,2499879,2512925,2513302,2503681,377,13423,13046,0,0,0
2513523,c80c2195-8b65-84ce-7acc-99705beec570,64,2500726,2513004,2513523,2503682,519,12797,12278,0,0,0
2513935,a5b40983-3eeb-c04a-9df2-372e9e825aae,64,2498325,2508572,2513935,2503143,5363,15610,10247,0,0,0
2513995,9793b9b4-1374-8146-32c5-bd89b70b3420,64,2489276,2511552,2513975,2503494,2423,24699,22276,0,0,0
2514432,485f7888-1e23-da4b-9e21-741fb8011026,64,2497816,2513219,2514432,2503738,1213,16616,15403,0,0,0
2514644,f3025d16-1eca-cae9-25bf-213d9eca381b,64,2500731,2513302,2514644,2503747,1342,13913,12571,0,0,0
2515446,b11af726-2d5d-2395-e901-a768ebd14b0c,64,2489442,2513523,2515446,2503778,1923,26004,24081,0,0,0
2515954,3d67cde9-2834-e4c0-14c8-b3b4a911d192,64,2498323,2512854,2515954,2503621,3100,17631,14531,0,0,0
2516031,85319f0f-ba53-3122-74b7-96204a73b0bf,64,2500723,2513935,2516031,2503819,2096,15308,13212,0,0,0
2516153,709b7d97-464c-04af-3d3f-3799a07295e9,32,2489346,2513302,2516153,2503743,2851,26807,23956,0,0,0
2516330,5780be17-12fe-cc2b-1acf-42c5f3a02120,64,2500725,2515954,2516330,2503992,376,15605,15229,0,0,0
2516416,56666f9f-53ac-2ab9-7467-2cd9362f5e5c,64,2489275,2507212,2516416,2502482,9204,27141,17937,0,0,0
2516635,f72169bb-8096-2718-2051-acef097a1e10,64,2500724,2513995,2516635,2503831,2640,15911,13271,0,0,0
2516777,43ad3d62-b17c-fb21-cdbc-2c1ca4afe7bd,64,2497811,2514644,2516777,2503926,2133,18966,16833,0,0,0
2517237,083f64c3-1ce3-62f8-c3f7-25feb99b2b5a,64,2500731,2516330,2517237,2504189,907,16506,15599,0,0,0
2517695,9a4ffc0c-9165-f2ed-4c63-6e95025f5543,64,2499816,2516416,2517695,2504200,1279,17879,16600,0,0,0
2517947,ec8be537-58ab-4778-143b-45e3b6d1f6bb,64,2497811,2515446,2517947,2503935,2501,20136,17635,0,0,0
2518007,4f9a5f98-4d95-0273-cb2c-c805d1403430,64,2500727,2514432,2517948,2503880,3516,17221,13705,0,0,0
2518221,9d264599-c4dd-8df5-9aec-56a857311609,64,2499813,2516031,2518221,2504166,2190,18408,16218,0,0,0
2518332,bd1531c8-3764-fbda-3108-d4482f65fafa,64,2499818,2516777,2518332,2504426,1555,18514,16959,0,0,0
2518449,02fb2869-0df8-0b89-9ce7-eed1fcdfe961,64,2489444,2512399,2518449,2503569,6050,29005,22955,0,0,0
2518638,89628f6e-929c-93b3-33c0-8bf18167999f,64,2499859,2517947,2518638,2504514,691,18779,18088,0,0,0
2518767,f7e9101d-3f8b-4433-b60e-695c1759ba96,64,2497822,2517237,2518767,2504443,1530,20945,19415,0,0,0
2518827,f7336094-6b2b-78b9-85c7-f3bed183010f,64,2500730,2518221,2518774,2504556,553,18044,17491,0,0,0
2518887,3d85de89-c217-1429-8e20-07247d137018,64,2500723,2518007,2518863,2504523,856,18140,17284,0,0,0
2519539,26a9e100-b509-109b-1166-58ce3b3f3800,64,2489371,2518638,2519539,2504878,901,30168,29267,0,0,0
2519610,647dc392-9c7e-b575-637d-dcd698d3148b,32,2499859,2518332,2519610,2504620,1278,19751,18473,0,0,0
2519902,fb95d0fc-ad72-ed05-924c-de09ccea5031,64,2489275,2518449,2519902,2504764,1453,30627,29174,0,0,0
2519962,d18183d1-ac2b-0cfc-c5c5-1060991121e7,64,2497816,2518887,2519933,2505035,1046,22117,21071,0,0,0
2520043,cebeabaa-2859-7b34-1725-d2c71eb2a7b8,64,2500723,2519539,2520043,2505082,504,19320,18816,0,0,0
2520728,2cd58759-e95d-2761-bc36-dc59e134edfc,64,2499863,2518767,2520728,2504906,1961,20865,18904,0,0,0
2520797,92cf6021-1f33-242d-49ac-908746015028,64,2498322,2517695,2520797,2504462,3102,22475,19373,0,0,0
2520941,7701f7bb-7bc6-7e1f-c64e-e6e389c5b31a,64,2497818,2518332,2520941,2504736,2609,23123,20514,0,0,0
2521001,c4615234-8044-beb2-b66e-dbf4a0ea0251,64,2498322,2518827,2520976,2504984,2149,22654,20505,0,0,0
2521233,cfd7f3b9-c68f-cba5-1e0d-02b5fe7402cd,64,2500723,2519902,2521233,2505202,1331,20510,19179,0,0,0
2521615,dabf984e-53ff-8461-2a1f-1b61265cb9d9,64,2500732,2521001,2521615,2505558,614,20883,20269,0,0,0
2521718,07f194f9-c115-6d6d-0a4e-5b70a6d964a3,64,2498325,2519962,2521718,2505242,1756,23393,21637,0,0,0
2521837,3098f7b2-500e-15c0-b89b-df7f93e34c35,64,2499813,2521233,2521837,2505578,604,22024,21420,0,0,0
2521897,887b03e5-e980-f808-75ac-824c2c55aef7,64,2500723,2520797,2521857,2505330,1060,21134,20074,0,0,0
2521957,6bebac31-d4f8-fd72-f382-1cfdc083b73a,64,2489449,2520043,2521928,2505254,1885,32479,30594,0,0,0
2521957,f68c62e6-e2a4-5909-a2dd-22d52afaab7b,64,2497815,2520728,2521951,2505324,1223,24136,22913,0,0,0
2522017,d9b59f84-edc3-a1c3-2dea-2d2d086c405f,64,2489438,2520941,2521991,2505440,1050,32553,31503,0,0,0
2522444,9384ec2b-44fe-acae-d248-a9a7ac1aa554,64,2500723,2521837,2522444,2505720,607,21721,21114,0,0,0
2522739,0426fcc9-255b-30e2-bdc2-b74b38a56b49,64,2489450,2516635,2522739,2504228,6104,33289,27185,0,0,0
2522963,84182d35-3e71-1433-bd90-b81afbe0e6b8,64,2502651,2521957,2522963,2505730,1006,20312,19306,0,0,0
2523085,02e7df89-b395-7a98-2320-4ff5b538f96c,64,2500724,2521615,2523085,2505654,1470,22361,20891,0,0,0
2523357,0f25477d-a559-90e7-4910-fade52380bf2,64,2499817,2522739,2523357,2505789,618,23540,22922,0,0,0
2523544,175a81ec-112f-a612-7969-9ed2ec48bf55,64,2502650,2522963,2523544,2505791,581,20894,20313,0,0,0
2523672,d2eaef18-4b67-97a1-166e-cfe36d779595,64,2499813,2522444,2523672,2505788,1228,23859,22631,0,0,0
2524046,8a2e6a93-c558-0bb2-81f7-f3fb19e45c6a,64,2502647,2523672,2524046,2505909,374,21399,21025,0,0,0
2524106,5230dfbd-5553-b2fe-6889-803e5913f9d3,64,2499816,2523085,2524081,2505802,996,24265,23269,0,0,0
2524348,a61f0b96-e75f-745a-aa1d-3fc65f31273d,64,2502627,2522017,2524348,2505763,2331,21721,19390,0,0,0
2524498,1422373f-8622-68d1-6683-e10796c044d0,64,2497642,2521897,2524498,2505724,2601,26856,24255,0,0,0
2524787,7317591a-3283-daa4-e212-ab7c9d361cb6,64,2489347,2521957,2524787,2505751,2830,35440,32610,0,0,0
2525347,a56b61e0-4ba8-a4ca-6449-cb6fbf72ae52,64,2502598,2524106,2525347,2505973,1241,22749,21508,0,0,0
2525407,f204be89-4a4b-5563-0cf4-77ef18c8a616,64,2499813,2524787,2525357,2506009,570,25544,24974,0,0,0
2525407,98e52499-218c-6e1c-9e37-4f7ac42cbc39,64,2489448,2524348,2525387,2505981,1039,35939,34900,0,0,0
2525870,844e250b-e684-390c-923b-78208089b8c5,64,2500730,2523544,2525870,2505893,2326,25140,22814,0,0,0
2525956,c28fa16b-0aa6-fcb9-c1bc-be59d296a12d,64,2497811,2524046,2525956,2505965,1910,28145,26235,0,0,0
2526803,23d7e6a1-19b8-14fc-e587-1d8916312fc6,64,2489272,2525407,2526803,2506109,1396,37531,36135,0,0,0
2526863,7885187d-18fc-83b7-4b35-6e9a2e5eeb6a,64,2500727,2523357,2526860,2505840,3503,26133,22630,0,0,0
2527359,89b5aab0-c121-69db-2f12-b150605fb1eb,64,2498322,2525956,2527359,2506220,1403,29037,27634,0,0,0
2527681,da3c45ca-43d7-8f2b-769d-e1e34eed4124,64,2502612,2525347,2527681,2506094,2334,25069,22735,0,0,0
2527992,f836f571-3cce-c76c-b836-c448ad261ec5,64,2502613,2527359,2527992,2506271,633,25379,24746,0,0,0
2528514,11836c4f-2492-04c7-ad58-db1bfe31537a,64,2502624,2524498,2528514,2506007,4016,25890,21874,0,0,0
2528574,b466fab6-962c-04dd-25d0-7461059c1574,64,2500726,2527992,2528553,2506395,561,27827,27266,0,0,0
2528691,23c8afdb-83f8-2f16-e4a4-474c9b33e3a4,32,2499860,2527681,2528691,2506282,1010,28831,27821,0,0,0
2528751,9280c5aa-8dd4-595b-5c63-b6f306ba8cd3,64,2497643,2525870,2528725,2506180,2855,31082,28227,0,0,0
2528751,49bc473f-ed7b-f656-218a-15368c99a894,64,2502621,2527681,2528725,2506328,1044,26104,25060,0,0,0
2528751,604e46cb-3712-f2d1-87cd-b6a1bf012e32,64,2499813,2526803,2528730,2506243,1927,28917,26990,0,0,0
2529229,ff37d19c-2e76-128b-4735-44f9ea83bf00,64,2499818,2528574,2529229,2506499,655,29411,28756,0,0,0
2529328,60a399d4-e821-e716-eac8-0da1de9f6f5b,64,2497815,2528751,2529328,2506548,577,31513,30936,0,0,0
2529715,d6cd3155-08a8-ac7f-8621-38ad0f09105c,64,2502614,2529328,2529715,2506685,387,27101,26714,0,0,0
2529969,4767d76c-162f-8a24-ef43-613cd4aac9a3,64,2500730,2529229,2529969,2506560,740,29239,28499,0,0,0
2530139,989d9d4a-e15c-a666-4797-b2c957207246,64,2500731,2528751,2530139,2506523,1388,29408,28020,0,0,0
2530651,78b2b549-3bdb-c09e-acc2-16a01bbc91f7,64,2489271,2521718,2530651,2505695,8933,41380,32447,0,0,0
2530811,89a3c811-895c-4fde-a3fa-40691519fd38,64,2489447,2525407,2530811,2506175,5404,41364,35960,0,0,0
2531016,c9a7d91f-ef2a-e713-5702-10496a39aaa6,64,2499858,2529969,2531016,2506735,1047,31158,30111,0,0,0
2531198,2c56e0cd-a5ba-2472-21df-5609e959137f,64,2489276,2528751,2531198,2506509,2447,41922,39475,0,0,0
2531377,d5f25073-f414-02b1-e442-9ebbda7b9095,64,2489342,2528514,2531377,2506458,2863,42035,39172,0,0,0
2531437,e4aa786d-9d17-d218-fc3b-0de5981262ac,64,2498325,2529715,2531422,2506730,1707,33097,31390,0,0,0
2531773,07f8d4f0-f3ea-0184-28f4-e3ceadedda80,64,2502644,2531198,2531773,2506884,575,29129,28554,0,0,0
2531864,ce3714af-99b4-9350-af2b-99b4d9acd158,64,2500726,2531377,2531864,2506899,487,31138,30651,0,0,0
2532130,8603156a-15ea-cbcf-ab10-21ceaa143cd8,64,2500727,2531016,2532130,2506856,1114,31403,30289,0,0,0
2532215,8de1596c-5a9a-206a-16f1-42a206b919aa,64,2502683,2530811,2532215,2506848,1404,29532,28128,0,0,0
2532275,0f44704f-1247-ea4e-2469-98e8d39e198b,64,2489357,2530651,2532217,2506818,1566,42860,41294,0,0,0
2532335,5e09a9ee-af88-bdec-fb1e-143b196f4dfa,64,2489271,2531437,2532324,2506916,887,43053,42166,0,0,0
2532876,8c357321-4abf-6f5c-ccc7-147ff6e5203c,64,2489271,2526863,2532876,2506257,6013,43605,37592,0,0,0
2533157,d0a44432-9cd6-c852-714c-7df4e4347d51,64,2498325,2532215,2533157,2507250,942,34832,33890,0,0,0
2533280,97fb613a-21f8-9d06-13f3-cade7a10013f,64,2498322,2532335,2533280,2507337,945,34958,34013,0,0,0
2533340,f1578470-0182-67c4-7a1b-58066160a6b4,64,2502617,2532275,2533323,2507324,1048,30706,29658,0,0,0
2533461,4f11d8dc-5cd3-3369-04aa-c1b75ca0c428,64,2489278,2532130,2533461,2507192,1331,44183,42852,0,0,0
2534070,cf89569d-e550-d736-0780-6e713811b519,64,2502647,2531864,2534070,2507038,2206,31423,29217,0,0,0
2534157,9918ee46-1497-d658-7010-f7197e695d0d,64,2504167,2532876,2534157,2507342,1281,29990,28709,0,0,0
2534390,8a624cbd-e582-b678-ad52-29dd639fc471,64,2489446,2533340,2534390,2507437,1050,44944,43894,0,0,0
2534535,6016c743-8bc8-3a02-59ea-493660f34ebc,64,2498325,2531773,2534535,2506987,2762,36210,33448,0,0,0
2534684,d43cdd6d-e0c1-ff1e-20da-897258321ee4,64,2502641,2533461,2534684,2507441,1223,32043,30820,0,0,0
2535341,ac5f12ef-8085-c147-1e91-0f365f705b25,64,2499813,2533157,2535341,2507380,2184,35528,33344,0,0,0
2535401,0eaf04b5-f2a9-dc8a-ca9e-4a62fae3114b,64,2502683,2534535,2535371,2507615,836,32688,31852,0,0,0
2535461,ad238d36-dc32-2c97-39c1-e262f76c8ede,64,2489342,2530139,2535403,2506748,5264,46061,40797,0,0,0
2535521,331f63fb-d11f-c8c0-297c-a4fff75d599f,64,2489276,2534070,2535512,2507491,1442,46236,44794,0,0,0
2536292,7c059799-bdae-8eff-683c-510ed2efa93b,64,2499813,2534390,2536292,2507591,1902,36479,34577,0,0,0
2536352,4b9dfd58-9e5d-9c7a-c5ac-c35415f00cb4,64,2498322,2534157,2536304,2507495,2147,37982,35835,0,0,0
2536412,c257cf73-c29d-782b-2722-796e9a36d1ec,64,2502684,2535521,2536372,2507694,851,33688,32837,0,0,0
2536490,49646b96-fa3c-1628-8926-21df465568b7,64,2504677,2535461,2536490,2507676,1029,31813,30784,0,0,0
2537037,966b62ea-9f80-b96b-b34e-356ac95b61f8,64,2504168,2534684,2537037,2507619,2353,32869,30516,0,0,0
2537188,3d114802-2702-878b-9f0f-da8d05379ff6,32,2498322,2535461,2537188,2507654,1727,38866,37139,0,0,0
2537277,b86d066b-1ba8-27c6-c97a-24ad41b455b8,64,2499813,2535341,2537277,2507630,1936,37464,35528,0,0,0
2537337,905c7bdd-74f0-beae-6a59-43ce836435e3,64,2502619,2533280,2537335,2507391,4055,34716,30661,0,0,0
2537576,186b2880-ab54-5a15-669d-01ff1634725b,64,2502644,2535401,2537576,2507649,2175,34932,32757,0,0,0
2537656,7746d0ba-8ae8-905b-54b4-a48268586eba,64,2504678,2537277,2537656,2507812,379,32978,32599,0,0,0
2537716,010e4265-ad3f-5dd4-0496-26ba30c9a2be,64,2499862,2536412,2537678,2507782,1266,37816,36550,0,0,0
2537964,ef0a573d-53d2-d56d-d040-158728e213bc,64,2499858,2536352,2537964,2507722,1612,38106,36494,0,0,0
2538531,38e7e019-fb89-86c8-c7ec-fe71d49347fc,64,2489271,2537656,2538531,2507914,875,49260,48385,0,0,0
2538608,2812859a-1337-739e-8d4f-5d272c7f0b79,64,2499858,2537037,2538608,2507803,1571,38750,37179,0,0,0
2538775,16db80db-a543-148e-9adf-e9816ab19e15,64,2499865,2536490,2538775,2507800,2285,38910,36625,0,0,0
2538996,5aaab32f-ce63-22b6-ab05-347fd556b37d,64,2499863,2537964,2538996,2508007,1032,39133,38101,0,0,0
2539200,9416e4dc-c6b2-8def-f8d8-b7f1c86c6544,64,2504210,2538531,2539200,2508040,669,34990,34321,0,0,0
2539518,17ec889c-86c1-b6cb-e996-30f7af77520e,64,2502640,2537576,2539518,2507859,1942,36878,34936,0,0,0
2539578,47c1c017-6045-2909-536d-47d73e0f84ce,64,2504163,2537337,2539535,2507814,2198,35372,33174,0,0,0
2540066,673ba8bd-c38c-1dec-5da3-9a73ba3df7ff,64,2504168,2538996,2540066,2508102,1070,35898,34828,0,0,0
2540261,5c11ab6d-42f5-b3f5-4ef4-c34d5bf86f3c,64,2499823,2539578,2540261,2508191,683,40438,39755,0,0,0
2540664,20733f6d-0d6a-05b3-43ef-20162c9b662e,64,2499862,2540066,2540664,2508245,598,40802,40204,0,0,0
2540817,0d557b61-8a17-5dfe-bfc0-0dc804f64d86,64,2502679,2537716,2540817,2507946,3101,38138,35037,0,0,0
2541222,3d4196fe-963a-8617-bdab-07e79d9d028e,64,2502683,2539518,2541222,2508189,1704,38539,36835,0,0,0
2541325,39b86bb2-b596-ca7c-ef4a-fa885299e505,64,2489344,2536292,2541325,2507711,5033,51981,46948,0,0,0
2541933,1b84edc3-d8e0-49de-0217-ea0e896490ab,32,2504641,2540664,2541933,2508257,1269,37292,36023,0,0,0
2541993,008ffab9-38c4-6b38-a8ae-57b9c262cad0,32,2504205,2540664,2541965,2508261,1301,37760,36459,0,0,0
2542188,06a241af-1d0a-f7f7-f5e4-a4713fe68c9c,64,2499813,2540261,2542188,2508253,1927,42375,40448,0,0,0
2542533,80daa8ca-6230-5d27-1a4b-160621019bff,64,2499817,2541222,2542533,2508305,1311,42716,41405,0,0,0
2542593,6ee35607-92ea-1324-ec93-e5962b015723,64,2499817,2538775,2542576,2508097,3801,42759,38958,0,0,0
2542653,30e912f2-f2b4-3abf-8441-aefd0299436a,64,2497642,2539200,2542635,2508124,3435,44993,41558,0,0,0
2542653,c1581092-f335-cba3-513a-7052986f9025,64,2499859,2538608,2542638,2508080,4030,42779,38749,0,0,0
2542868,bf0d073d-821c-1336-9970-cf60ebff8d15,64,2502643,2541325,2542868,2508316,1543,40225,38682,0,0,0
2543451,378e6510-8f10-d33e-abe4-2e7db96c1163,64,2504673,2542868,2543451,2508437,583,38778,38195,0,0,0
2543589,ff4625af-bd20-563b-f275-b5f3d436a7a8,64,2489346,2542188,2543589,2508374,1401,54243,52842,0,0,0
2544073,8471b4b0-ae1b-9f69-7740-d83173318749,64,2502647,2542533,2544073,2508414,1540,41426,39886,0,0,0
2544282,c82f78fd-936c-d31c-f7bf-52447db2a7aa,64,2502620,2542653,2544282,2508426,1629,41662,40033,0,0,0
2544812,b24beb96-c092-7b74-26b0-7ff60fc79913,64,2502641,2543589,2544812,2508512,1223,42171,40948,0,0,0
2545290,34ec5264-ad7d-6f81-39a0-f145a5bab050,64,2504643,2542653,2545290,2508432,2637,40647,38010,0,0,0
2545425,c21c3fb3-a6a5-f0ff-93fb-71d0dd326d9c,64,2489343,2542593,2545425,2508421,2832,56082,53250,0,0,0
2545528,71299889-a01a-c992-7f9d-3e64c1a6423b,32,2504673,2544282,2545528,2508524,1246,40855,39609,0,0,0
2545652,18fdd2b9-79e5-c9aa-592a-35497ba109d0,64,2504673,2543451,2545652,2508488,2201,40979,38778,0,0,0
2545861,284bf962-5744-f596-7422-21676b7a2460,64,2489280,2540817,2545861,2508284,5044,56581,51537,0,0,0
2546102,dd20c3bf-d342-af08-0a8b-b5b490494583,32,2504637,2544812,2546102,2508664,1290,41465,40175,0,0,0
2546488,38958939-9342-a09f-b00a-c64c949cd8d4,64,2504674,2545861,2546488,2508747,627,41814,41187,0,0,0
2546548,088dbd82-d883-e3f8-cc98-03de12de9e5a,64,2499863,2545290,2546535,2508704,1245,46672,45427,0,0,0
2546548,889b78d5-dbfd-d97e-aca2-b148da330aa1,32,2499813,2545290,2546548,2508669,1258,46735,45477,0,0,0
2546686,7250ee18-260a-5962-dd81-b7f57d5911c6,32,2499859,2545425,2546686,2508705,1261,46827,45566,0,0,0
2547071,24eeb4a6-c145-65c7-5d98-6115f05eeefe,64,2498325,2546548,2547071,2508938,523,48746,48223,0,0,0
2547131,1ee93260-3002-d831-3227-e8d89c60c81b,64,2498322,2545652,2547082,2508740,1430,48760,47330,0,0,0
2547274,f165d779-0154-7950-176d-e21f1b46ebdc,64,2504642,2546686,2547274,2508944,588,42632,42044,0,0,0
2547334,1578d709-48f9-e3d0-1fea-e1e0d9e604b3,64,2489448,2541933,2547309,2508336,5376,57861,52485,0,0,0
2547872,afbb411a-a123-5a8c-93b7-a88612f70c97,64,2500726,2545528,2547872,2508714,2344,47146,44802,0,0,0
2547932,9c1c3517-85d2-d0a6-8629-5b5d707df251,64,2502640,2544073,2547915,2508513,3842,45275,41433,0,0,0
2548146,1d2c2721-7522-0646-3273-75bf5373bf4d,64,2504673,2547131,2548146,2509065,1015,43473,42458,0,0,0
2548206,5f89ed12-64d6-dfbf-18c0-1e2bf99f0704,32,2504246,2546488,2548200,2508853,1712,43954,42242,0,0,0
2548579,910c4cb7-25f0-6b0a-264e-f59d6a18e5af,64,2504636,2547932,2548579,2509121,647,43943,43296,0,0,0
2548639,8fc3d7d3-f6bd-80c7-624a-2a50d0b1fde0,64,2504163,2547872,2548609,2509096,737,44446,43709,0,0,0
2548971,ad9fb00d-4882-d73c-1c63-45ab6e0ed1e8,64,2497644,2544282,2548971,2508600,4689,51327,46638,0,0,0
2549144,b1fead13-f280-df1d-9a6c-0db952171c88,64,2504683,2546488,2549144,2508867,2656,44461,41805,0,0,0
2549247,d5f0fb6a-4596-da75-74df-b83ff659f188,64,2502602,2547274,2549247,2509070,1973,46645,44672,0,0,0
2549639,c9c23e69-d82c-7565-4bb9-07ec13c11754,64,2502646,2548971,2549639,2509251,668,46993,46325,0,0,0
2550469,dc3f42e0-fcf7-b842-1edf-3bfad12e0eb5,64,2504205,2549247,2550469,2509264,1222,46264,45042,0,0,0
2550529,12b2102d-940c-3503-37c8-6152beed0af9,64,2489276,2549639,2550497,2509281,858,61221,60363,0,0,0
2550529,9118c400-e336-c243-b139-c476de3ce88b,64,2489342,2549144,2550512,2509259,1368,61170,59802,0,0,0
2550809,3c07c574-4925-7af1-b6aa-e05b13d5f2f7,64,2502643,2548579,2550809,2509202,2230,48166,45936,0,0,0
2552144,0592bfa5-b928-e23f-4ee4-334ece920136,64,2502602,2550529,2552144,2509290,1615,49542,47927,0,0,0
2552530,da2cf852-0a19-0939-dfc7-ab262cb941fc,64,2504642,2548639,2552530,2509203,3891,47888,43997,0,0,0
2552680,d36ec1bd-000b-1f5e-8c91-bd138ea02346,64,2502599,2550809,2552680,2509351,1871,50081,48210,0,0,0
2552943,efb56207-ddec-c40b-afe3-af13891778e8,64,2504205,2552530,2552943,2509369,413,48738,48325,0,0,0
2553112,7a89cbeb-b807-d78a-b788-f5d1ffe575f6,64,2504211,2550529,2553112,2509310,2583,48901,46318,0,0,0
2553172,7233d5af-9813-3da1-7d21-20ad5f59fb4d,64,2504167,2550469,2553136,2509284,2667,48969,46302,0,0,0
2553298,25c73c44-3e75-c3b4-664f-a6637e8f8095,64,2504168,2552680,2553298,2509380,618,49130,48512,0,0,0
2553488,ec4e8cbb-a2aa-378c-659e-0258814ff657,64,2502684,2548146,2553488,2509126,5342,50804,45462,0,0,0
2554235,66c14dca-8255-da61-9a3b-031932f57510,32,2497647,2550809,2554235,2509318,3426,56588,53162,0,0,0
2554373,901bcdef-b56f-f8ce-7d66-971e88476c56,64,2504164,2552144,2554373,2509369,2229,50209,47980,0,0,0
2554536,7ed70ed7-b194-990b-6961-929e546e035a,64,2489346,2552943,2554536,2509405,1593,65190,63597,0,0,0
2554822,2c33350c-73b9-11d8-12f5-131ada52d2ee,64,2499818,2553488,2554822,2509455,1334,55004,53670,0,0,0
2555219,95e7f614-42b4-0281-5f26-946654d1332a,64,2504677,2554536,2555219,2509492,683,50542,49859,0,0,0
2555473,965befdf-6b4b-e411-8a4a-0e2df22b5b98,64,2489271,2553112,2555473,2509419,2361,66202,63841,0,0,0
2556141,4806f804-0cf0-374c-0c74-dc0f5a575539,64,2504209,2555473,2556141,2509559,668,51932,51264,0,0,0
2556305,b93b17fb-f76d-15fd-7d16-45a0d253d966,64,2489272,2547071,2556305,2509042,9234,67033,57799,0,0,0
2556579,582b91ee-f8e8-035b-0c00-988a7ee1011a,64,2502645,2554373,2556579,2509476,2206,53934,51728,0,0,0
2556731,de9e3757-5260-001e-eecf-67d2749176f4,64,2489346,2553172,2556731,2509420,3559,67385,63826,0,0,0
2557190,07c0d116-a394-ed54-9e3c-5a886aa56e6d,64,2504205,2556141,2557190,2509565,1049,52985,51936,0,0,0
2557348,d28fcf68-c871-d7b3-8468-b74d85e3ade5,64,2489442,2556305,2557348,2509609,1043,67906,66863,0,0,0
2557423,f4acc7e2-fa57-5cea-3957-134490a4a421,64,2504247,2556579,2557423,2509632,844,53176,52332,0,0,0
2557590,47419b48-34ae-4abd-36fc-e0acb4698db3,64,2502627,2555219,2557590,2509522,2371,54963,52592,0,0,0
2557957,b64fa54a-8c61-1654-95da-75c1a21150f9,64,2489443,2547334,2557957,2509095,10623,68514,57891,0,0,0
2558437,2bd3cdcd-2779-4685-94a5-3fdef10d27c8,64,2504674,2557190,2558437,2509732,1247,53763,52516,0,0,0
2558578,cb6ad0c7-a235-6dd4-1355-08d073b5bad5,64,2504633,2557957,2558578,2509790,621,53945,53324,0,0,0
2558638,445dcc38-341c-6494-0d36-6dfcc28ebd70,64,2502685,2553298,2558637,2509443,5339,55952,50613,0,0,0
2558827,eb053fc4-1b65-6dab-2de4-6e91e8e6e840,64,2502683,2557423,2558827,2509742,1404,56144,54740,0,0,0
2559272,9f8cc29f-fd35-0c5f-d347-9a3b479bc637,64,2489344,2554822,2559272,2509506,4450,69928,65478,0,0,0
2559544,27c6cbb1-cedd-069d-f96c-9a0a3404c02a,64,2504678,2557348,2559544,2509740,2196,54866,52670,0,0,0
2559663,095ffa81-40d9-2bce-7930-ba208b040f49,64,2504632,2557590,2559663,2509767,2073,55031,52958,0,0,0
2559871,65bcc272-fadd-7ea3-aca5-e2fdb966442a,64,2497642,2558827,2559871,2509840,1044,62229,61185,0,0,0
2560338,a3a6ef83-cab6-3107-6fd6-9b3af2dd9456,64,2504169,2559272,2560338,2509854,1066,56169,55103,0,0,0
2560466,7a6e43d0-d9c5-9cd9-b09d-721b62be4009,64,2502619,2558437,2560466,2509791,2029,57847,55818,0,0,0
2560860,76876c62-4c61-845e-fa7e-5d9405d1fb63,64,2498322,2559871,2560860,2509996,989,62538,61549,0,0,0
2561032,e1509425-891f-4683-de12-dbf1493d6196,64,2497646,2556731,2561032,2509686,4301,63386,59085,0,0,0
2561264,a21b0307-82af-085c-138d-994c2b0abedd,64,2502684,2559544,2561264,2509887,1720,58580,56860,0,0,0
2561324,74bd0c93-8177-b661-37fe-032c02571851,64,2498326,2560466,2561285,2510070,819,62959,62140,0,0,0
2561324,3d0a5f0c-0c39-4ec7-1f31-74054d183eba,32,2504712,2559544,2561313,2509869,1769,56601,54832,0,0,0
2561468,e67093a0-fc48-f615-83b0-b35cdba6fdf8,64,2502645,2560860,2561468,2510070,608,58823,58215,0,0,0
2562345,3f5fbf4f-d417-6230-5274-ee11b61df906,64,2502610,2561264,2562345,2510126,1081,59735,58654,0,0,0
2562405,0aeccec7-204d-b9da-3156-7f2acef74829,64,2502629,2561324,2562350,2510171,1026,59721,58695,0,0,0
2562465,afd380c4-2713-582c-f41e-a3ac5fd23109,64,2504209,2558578,2562414,2509797,3836,58205,54369,0,0,0
2562525,f50d7a37-a44d-9fec-fd85-d7fa8ac97b01,64,2504648,2561468,2562525,2510231,1057,57877,56820,0,0,0
2563337,6307d4d1-21c9-a15d-5104-5a16ef15ab72,64,2504636,2561032,2563337,2510092,2305,58701,56396,0,0,0
2564268,8de08fc2-c3e1-5a85-d46e-f10411906f50,64,2504637,2560338,2564268,2510025,3930,59631,55701,0,0,0
2564551,f6e39356-a814-9562-da00-3f16b9469bcf,64,2502645,2562345,2564551,2510274,2206,61906,59700,0,0,0
2564642,1d48a071-ab61-a7b1-793b-4c3220500494,64,2504209,2564268,2564642,2510415,374,60433,60059,0,0,0
2564702,ca9f1d59-83e8-b700-0e63-813ed22e3226,64,2489444,2558638,2564667,2509799,6029,75223,69194,0,0,0
2564902,6dec6bbd-f697-77a1-59fe-3d53624fea4b,64,2504172,2562525,2564902,2510365,2377,60730,58353,0,0,0
2565079,ea163354-a35f-c9c1-9804-95628972abbd,64,2504713,2563337,2565079,2510395,1742,60366,58624,0,0,0
2565139,73253aa3-ec17-0298-143d-f5b3a58e83dd,64,2504246,2559663,2565097,2509964,5434,60851,55417,0,0,0
2565247,baeb286b-f0d0-270f-d4d1-3d551db6b844,64,2502613,2564551,2565247,2510495,696,62634,61938,0,0,0
2565453,73b9c2ac-0134-e76b-0ed9-fa95a26e865b,64,2502647,2565079,2565453,2510543,374,62806,62432,0,0,0
2566203,dabac50d-ca3d-d859-c5ce-099c46b82659,64,2504673,2564642,2566203,2510496,1561,61530,59969,0,0,0
2566263,9feefdff-c566-aa81-b15e-54f6d4d30795,64,2502644,2564702,2566242,2510507,1540,63598,62058,0,0,0
2566323,3e42df5b-90a3-fbbf-7580-e05067f1698c,64,2504210,2562465,2566309,2510308,3844,62099,58255,0,0,0
2566399,a8761e85-bddf-a03a-aa84-30f84f2da233,64,2504640,2562405,2566399,2510287,3994,61759,57765,0,0,0
2566521,b60b4f87-5dd8-effc-1f87-8b322b429596,32,2504640,2565247,2566521,2510572,1274,61881,60607,0,0,0
2566683,ad05b912-5ab2-8d4a-8bd8-8fcd57a2be4e,32,2504205,2565453,2566683,2510623,1230,62478,61248,0,0,0
2566840,75175f39-7354-44fb-e44a-0371c5ab4e57,64,2504205,2566263,2566840,2510667,577,62635,62058,0,0,0
2566971,7a3a6e96-23ff-23d3-fb4f-b88a2f4dd219,64,2502597,2564902,2566971,2510526,2069,64374,62305,0,0,0
2567223,1df05d18-4e2d-6255-3d13-1a3d1e2c2e7d,64,2504677,2566203,2567223,2510637,1020,62546,61526,0,0,0
2567698,dfda35b2-28b2-bf21-4d47-0ed6a6663769,64,2504209,2565139,2567698,2510551,2559,63489,60930,0,0,0
2568278,f090f5a0-ce61-0199-6e3a-0ba8ac8d6c7d,64,2504205,2567698,2568278,2510805,580,64073,63493,0,0,0
2568338,949077c2-7674-456f-626d-719d81cf3252,64,2504246,2565247,2568330,2510610,3083,64084,61001,0,0,0
2568463,5d42b9e9-692e-07b6-0b2f-6d5c700b5d5f,64,2504163,2566521,2568463,2510718,1942,64300,62358,0,0,0
2568927,20156a72-12e1-53a6-932c-ae01d2c65ee4,64,2504679,2568338,2568927,2510844,589,64248,63659,0,0,0
2569100,5c56d9bc-5111-d31d-63be-441dbd5a0c9e,64,2504242,2568278,2569100,2510806,822,64858,64036,0,0,0
2569221,4ec3f970-956d-80e4-6aa2-6216fada98f5,64,2498325,2566323,2569221,2510683,2898,70896,67998,0,0,0
2569581,473bd358-610e-6a64-e130-1617c2dff335,32,2504679,2568338,2569581,2510839,1243,64902,63659,0,0,0
2570027,a981b098-b2cf-952d-a7f3-33b3f7baf55e,64,2502686,2566399,2570027,2510691,3628,67341,63713,0,0,0
2570340,3d225c30-b28f-41de-fb14-0bc3304b8590,64,2504209,2568463,2570340,2510848,1877,66131,64254,0,0,0
2570918,3b41c943-ebd8-a3b1-0b3d-0c3617d09810,64,2504247,2569221,2570918,2510966,1697,66671,64974,0,0,0
2571000,7e0f60b2-2a06-1609-e599-bd3c0bb81d38,64,2504163,2566971,2571000,2510789,4029,66837,62808,0,0,0
2571068,c7a2f280-927f-8103-da94-08c029b44cb1,64,2502601,2570027,2571068,2511103,1041,68467,67426,0,0,0
2571142,ba2eeeb3-d6aa-5382-e144-6b45af390a9d,64,2502601,2568927,2571142,2510889,2215,68541,66326,0,0,0
2571247,b42a2d93-9aba-0f15-b214-90623e1a963e,64,2502647,2569100,2571247,2510926,2147,68600,66453,0,0,0
2571307,c55523ed-fe89-56c8-d9cb-3540643ffdae,64,2504167,2567223,2571284,2510805,4061,67117,63056,0,0,0
2571649,15669e36-4708-203b-2716-10c19db54283,64,2502608,2571247,2571649,2511242,402,69041,68639,0,0,0
2572080,40a26c60-0d27-0659-f72a-da9b2f32751e,64,2504209,2571068,2572080,2511158,1012,67871,66859,0,0,0
2572222,4fe54745-5827-4e80-e082-1918b18ad67d,64,2502686,2566840,2572222,2510781,5382,69536,64154,0,0,0
2572493,bdf66ba5-dc9c-96de-65a6-74c212738a23,32,2504677,2571247,2572493,2511218,1246,67816,66570,0,0,0
2572582,8edddfcd-1e52-d770-3f89-7142fe716b14,32,2504672,2571307,2572582,2511269,1275,67910,66635,0,0,0
2572642,f1043785-658b-2523-6014-1de9f54ad0a2,64,2498325,2570340,2572604,2511105,2264,74279,72015,0,0,0
2573132,8dda4ff2-b27b-7bb4-68c6-90b230a2cee8,64,2502606,2572080,2573132,2511309,1052,70526,69474,0,0,0
2573192,0123a348-638a-bdf6-6df7-2cd3979aa051,64,2504163,2570918,2573191,2511130,2273,69028,66755,0,0,0
2573295,0bc57207-3e9a-ec86-0325-4fbddce8e1c5,64,2504163,2571649,2573295,2511304,1646,69132,67486,0,0,0
2573599,9c3de1b0-022b-6683-9033-da6587cf63fd,64,2504632,2572493,2573599,2511374,1106,68967,67861,0,0,0
2573780,a3b5cece-a446-be72-364c-911aa9ab364a,64,2504632,2573192,2573780,2511449,588,69148,68560,0,0,0
2573840,c7332304-4822-3120-c4f9-eccd7630a8a7,64,2502608,2571142,2573786,2511181,2644,71178,68534,0,0,0
2574082,f796611f-c7c1-fb1b-dd58-631b052226b9,64,2504242,2571000,2574082,2511150,3082,69840,66758,0,0,0
2574386,f2f25eef-1f45-dbfd-f7dc-67e030974b2b,32,2504713,2572642,2574386,2511394,1744,69673,67929,0,0,0
2574492,8b0901ab-c66d-ceb3-4494-5e091d3ca5a4,64,2504168,2573840,2574492,2511463,652,70324,69672,0,0,0
2574552,7249f62c-0898-7462-980c-b95c19d45deb,64,2504163,2573295,2574519,2511451,1224,70356,69132,0,0,0
2574726,0d259caa-b8ad-ad87-3a40-45dd93dfd907,64,2504242,2573780,2574726,2511461,946,70484,69538,0,0,0
2574836,e39836bb-e23d-dfaa-efad-49e9c41c147e,64,2504637,2574082,2574836,2511474,754,70199,69445,0,0,0
2575461,ebe9e207-4f19-9ec0-c32d-4526b3e4110a,64,2504633,2573132,2575461,2511445,2329,70828,68499,0,0,0
2576066,35adde88-43e4-f668-02ea-d2df725656e3,64,2504205,2572222,2576066,2511346,3844,71861,68017,0,0,0
2576126,6c5a6c93-871c-0884-9bdf-90f2ba2c0f19,64,2504172,2574836,2576122,2511583,1286,71950,70664,0,0,0
2576186,e2c328aa-3310-7475-ca86-22250b36e356,64,2504716,2574726,2576147,2511530,1421,71431,70010,0,0,0
2576186,e8b3d763-f4ff-3f3a-4d9d-baeb553d2625,64,2504171,2574552,2576173,2511526,1621,72002,70381,0,0,0
2576498,b4157cea-0738-8ba4-9770-a3dbe9fa97e2,64,2502628,2575461,2576498,2511600,1037,73870,72833,0,0,0
2576663,a2a9d4d8-102e-fde5-a5cc-8bf738ab854c,64,2504164,2572642,2576663,2511415,4021,72499,68478,0,0,0
2577031,43d75413-a939-ebd1-e516-b0d47d3572cc,64,2504716,2576066,2577031,2511625,965,72315,71350,0,0,0
2577606,1d181ee9-86ad-8a8c-6bc4-123ebde13c1b,64,2504243,2576186,2577606,2511771,1420,73363,71943,0,0,0
2577695,8d536c75-65b9-0e94-8e6d-e263635a775d,64,2504676,2576126,2577695,2511661,1569,73019,71450,0,0,0
2577802,43b9da13-ec85-6f37-3bc1-a987aff8754d,64,2504635,2576498,2577802,2511874,1304,73167,71863,0,0,0
2578106,0840405a-ffd2-f491-dff3-89aa4c36a70c,64,2504209,2576186,2578106,2511759,1920,73897,71977,0,0,0
2578341,66132e69-7418-8109-d3d1-bf0f56c438e4,64,2504167,2577031,2578341,2511904,1310,74174,72864,0,0,0
2578727,97ac6aa8-bb24-88a3-d363-57b66f81cf4f,64,2504170,2578106,2578727,2512260,621,74557,73936,0,0,0
2579150,8f964685-3514-5890-84c8-6c4623595fa4,64,2504205,2577606,2579150,2511947,1544,74945,73401,0,0,0
2579644,71a3fad2-b094-6d2a-2aa9-3b436d15f16f,64,2489449,2573599,2579644,2511452,6045,90195,84150,0,0,0
2580237,8fbba749-5fcd-859e-d6e1-8109d7e174e6,64,2504243,2576663,2580237,2511897,3574,75994,72420,0,0,0
2580588,c926a021-19da-8262-c790-3dc5900c0af7,64,2504716,2579150,2580588,2512509,1438,75872,74434,0,0,0
2580961,13eb22c9-bece-d21a-54c7-743b2401342a,64,2504171,2578727,2580961,2512351,2234,76790,74556,0,0,0
2581116,bb7b6c05-2852-2ca2-f9d2-014a22ee7f07,64,2504712,2579644,2581116,2512529,1472,76404,74932,0,0,0
2581335,a3bfe403-388c-9751-9c83-79aef7b02805,64,2504713,2577695,2581335,2511983,3640,76622,72982,0,0,0
2581395,9f64eeed-5c9d-927d-84b8-71bb300568d2,64,2502686,2580588,2581393,2512660,805,78707,77902,0,0,0
2581709,0f6ce9bf-fe7e-e362-8a89-b0f0105291d3,64,2504712,2580237,2581709,2512608,1472,76997,75525,0,0,0
2581926,f5159494-3818-cfd3-3889-936a9d5817e8,64,2504716,2581116,2581926,2512708,810,77210,76400,0,0,0
2582410,b18753e6-d457-8ad9-a867-a096edd877c8,64,2504635,2581335,2582410,2512772,1075,77775,76700,0,0,0
2582614,0cb5ee5c-62f5-f7c2-0706-fec248fa4e98,32,2504209,2581395,2582614,2512782,1219,78405,77186,0,0,0
2583224,1a5165ca-3c7c-1d85-25cf-0041d0a643fe,32,2504636,2581926,2583224,2512855,1298,78588,77290,0,0,0
2583467,92779574-c457-6cc3-35f7-89bca6b07458,64,2504247,2581395,2583467,2512790,2072,79220,77148,0,0,0
2584046,530ac1c7-b8ba-8368-4fc7-77685ebbcca5,64,2497639,2577802,2584046,2512249,6244,86407,80163,0,0,0
2584110,68bd075b-7eb6-581e-a72f-947d816462cb,64,2502684,2582410,2584110,2512923,1700,81426,79726,0,0,0
2584289,8e676a01-d86a-6460-59a1-120e1bb43332,64,2504249,2582614,2584289,2512960,1675,80040,78365,0,0,0
2584407,ae455cc6-b88e-830f-de1e-994ac5a11f5c,64,2502679,2583467,2584407,2512966,940,81728,80788,0,0,0
2584467,d0243d72-3748-967f-961d-33ba350843f0,64,2489447,2578341,2584430,2512350,6089,94983,88894,0,0,0
2585058,57b936b0-3346-a332-fe0a-824e232a5e82,64,2504631,2584046,2585058,2513065,1012,80427,79415,0,0,0
2585253,2ff3cde4-6aa4-2c9f-9217-04753d959e3f,64,2489442,2574492,2585253,2511512,10761,95811,85050,0,0,0
2585334,0a0537f0-2c2c-d22b-a568-95c6812a1f9b,32,2504168,2584046,2585334,2512994,1288,81166,79878,0,0,0
2585454,ebd34616-91b7-8d8e-d301-6989bfbbb17f,64,2504672,2584407,2585454,2513170,1047,80782,79735,0,0,0
2586131,3f738f50-19a2-676f-28dd-2bfdf956be95,64,2504631,2585454,2586131,2513291,677,81500,80823,0,0,0
2586284,a38295d3-1e0e-f546-b0b6-dedf4f9c4027,64,2504712,2584110,2586284,2513088,2174,81572,79398,0,0,0
2586418,92a54d04-f2dd-e1f5-b3b6-d344f2e3c6f0,64,2504712,2580961,2586418,2512669,5457,81706,76249,0,0,0
2586731,6a5e6920-bf5a-e7e6-53a3-dd5a4b8c5bdc,64,2504172,2586131,2586731,2513299,600,82559,81959,0,0,0
2586843,cfdfc6f9-eb0f-827c-e82a-3879f2b5a7ea,64,2504637,2585253,2586843,2513287,1590,82206,80616,0,0,0
2587775,92502e59-13f0-6822-d374-8a1145712959,64,2489443,2586731,2587775,2513464,1044,98332,97288,0,0,0
2588034,55273407-7cd2-192f-14b0-0f62c768b07f,64,2502686,2584467,2588034,2513214,3567,85348,81781,0,0,0
2588148,5c70ee97-fca4-5567-0316-d2d6fa4a58ef,64,2504632,2586843,2588148,2513497,1305,83516,82211,0,0,0
2588208,c9ea356a-7abf-cebf-d42c-b1ae19f738cb,64,2504243,2586418,2588163,2513362,1745,83920,82175,0,0,0
2588800,e3395b1a-1ce9-7871-7cf5-9d5feb9f33cb,64,2504679,2587775,2588800,2513536,1025,84121,83096,0,0,0
2589106,716fda0a-45a8-8829-14e2-86e5ac8936bc,64,2489444,2586284,2589106,2513338,2822,99662,96840,0,0,0
2589371,fe54ee4b-80ff-5173-23df-ecd70e731dd7,64,2497645,2588208,2589371,2513821,1163,91726,90563,0,0,0
2589543,30c9c51f-c80b-2af7-d315-fafa7500f785,64,2504242,2588148,2589543,2513627,1395,85301,83906,0,0,0
2589946,216e9fe5-93f3-7596-8c1c-8b0556771f36,32,2504716,2588208,2589946,2513780,1738,85230,83492,0,0,0
2590285,6fdc0bad-5e36-8127-cca1-b45c1fdd980a,64,2504633,2588034,2590285,2513623,2251,85652,83401,0,0,0
2590373,d1f16485-429a-4a7c-4c80-d33aad5be3c8,64,2502679,2585058,2590373,2513246,5315,87694,82379,0,0,0
2590433,865a7766-ad8c-bfea-de4b-061eb45e9463,64,2497639,2588800,2590420,2513913,1620,92781,91161,0,0,0
2590893,ab0e664e-9c3e-b2d5-91e1-aa9676f72255,64,2502679,2590373,2590893,2514546,520,88214,87694,0,0,0
2591096,ce315937-34fa-32b6-d043-7e4c34e50699,64,2504713,2589371,2591096,2514079,1725,86383,84658,0,0,0
2591462,7cd0129d-2e8d-0e87-5334-20e6d9d80b8d,64,2497639,2584289,2591462,2513130,7173,93823,86650,0,0,0
2591769,497de16d-d4ea-120a-5e65-96540e9058b6,64,2502683,2589106,2591769,2513930,2663,89086,86423,0,0,0
2592327,4f67448e-10ec-eb1f-a4a5-c736ae59aa52,64,2504718,2590893,2592327,2515267,1434,87609,86175,0,0,0
2592513,67884209-92ca-525a-6de5-93329364f3d0,64,2497643,2581709,2592513,2512843,10804,94870,84066,0,0,0
2592573,95560a2d-3713-b466-3da0-6476f778c676,64,2504242,2591096,2592514,2515319,1418,88272,86854,0,0,0
2593042,0cf173f9-74d9-d1f5-0877-58043fde9814,64,2504716,2592513,2593042,2515682,529,88326,87797,0,0,0
2593124,a137f8e4-67b1-3040-cc39-b9253b5ae288,64,2502684,2589543,2593124,2514285,3581,90440,86859,0,0,0
2593840,bd1a8f4b-88ff-bd40-3b72-c86d92fa675f,64,2504247,2593042,2593840,2515764,798,89593,88795,0,0,0
2593917,21c71aa3-7414-23b5-0e3e-25f2cf0671c7,64,2504244,2591769,2593917,2515568,2148,89673,87525,0,0,0
2594009,ec95b3ac-0beb-7c34-4566-7c4879ba630a,64,2504247,2592327,2594009,2515638,1682,89762,88080,0,0,0
2594069,9adf4709-ac75-c344-608e-149e44b9e602,64,2502679,2590433,2594036,2514866,3603,91357,87754,0,0,0
2595768,cd6bb03b-eb35-37a0-2d6e-0291b7893986,64,2504242,2594069,2595768,2516361,1699,91526,89827,0,0,0
2595828,9c07a751-1437-4509-2cd1-586a2b840c67,64,2497643,2591462,2595769,2515393,4307,98126,93819,0,0,0
2595828,0bd4a990-0640-be0f-25b8-fd4b32fa2de8,64,2504712,2594009,2595771,2516204,1762,91059,89297,0,0,0
2596168,c01f36bf-3e6d-d58b-7367-c28de1b294de,64,2504247,2592573,2596168,2515726,3595,91921,88326,0,0,0
2596353,cb881c32-cbb0-2a8b-d908-a121d1a7ba20,64,2504718,2595828,2596353,2516985,525,91635,91110,0,0,0
2596560,048c8480-a743-7402-bec7-fb117f53dc0a,64,2497639,2593124,2596560,2515800,3436,98921,95485,0,0,0
2596715,3e2b6091-a092-f52a-d4a0-57a7b0cc1b3b,64,2497646,2593917,2596715,2515975,2798,99069,96271,0,0,0
2596775,260e37cc-6287-4624-a433-1510ad21b4cc,64,2504716,2595768,2596724,2516873,956,92008,91052,0,0,0
2597226,288f3435-c3b5-34db-9387-03c92b29bf36,64,2497639,2593840,2597226,2515906,3386,99587,96201,0,0,0
2598065,8f7c1d59-594b-2a3a-7ad4-65a15129950d,64,2497639,2596168,2598065,2518715,1897,100426,98529,0,0,0
2598281,6e3c4532-1434-8f62-6cac-028cba220065,64,2497643,2596353,2598281,2519007,1928,100638,98710,0,0,0
2598511,47503f1d-c33a-1f6c-1d69-1fba5e187b24,64,2504716,2595828,2598511,2517028,2683,93795,91112,0,0,0
2599205,b08a4895-d4ff-a666-75c8-e90d9e3d750d,32,2497639,2595768,2599205,2516488,3437,101566,98129,0,0,0
2599731,5d71a898-6497-6593-c92e-8c93d105c8d6,64,2497639,2598065,2599731,2521868,1666,102092,100426,0,0,0
2600187,6502d6a2-ca6a-2224-171e-16cc5da36f1b,32,2497642,2596775,2600187,2520890,3412,102545,99133,0,0,0
2600955,785299f4-175b-a98d-f814-01027de1bdfe,64,2497646,2590285,2600955,2514428,10670,103309,92639,0,0,0
2601525,735741e5-fe1a-1ba9-c896-9c5b45f8c28d,64,2497643,2597226,2601525,2521800,4299,103882,99583,0,0,0
2603890,1c0f0bdc-ac7e-937c-54cc-1e2a5e4cb287,64,2497639,2596715,2603890,2520216,7175,106251,99076,0,0,0
2607222,30d73df7-1c22-1cea-b355-56a5f2bd92f2,64,2497646,2596560,2607222,2519270,10662,109576,98914,0,0,0
2614865,34fadee1-0696-9d48-18d4-2238331de35c,64,2552954,2599731,2614865,2579506,15134,61911,46777,0,0,0
2622914,bab2b77d-fa74-0cc8-a43a-fb7ac40d4874,64,2525182,2598511,2622914,2549370,24403,97732,73329,0,0,0
2627601,97867b12-1328-1726-64f4-34d6d1e91691,64,2520396,2598281,2627601,2536228,29320,107205,77885,0,0,0
2630606,1b1f2eb1-6e32-55a8-cbd5-cc86f73936e9,64,2538433,2599205,2630606,2559899,31401,92173,60772,0,0,0
2651247,dd750e98-90e0-b95f-0212-b554464458b4,64,2552951,2600955,2651247,2595884,50292,98296,48004,0,0,0
2707564,9b792afa-2a3d-418d-a754-a29ff143e545,64,2700358,2700358,2707564,2713482,7206,7206,0,0,0,0
2709699,c7cfeca8-22b9-f24c-6744-3fb881bd55d5,64,2700358,2700358,2709699,2717788,9341,9341,0,0,0,0
2921405,5bc677ca-abff-9286-f0cf-9d73e8121ef0,64,2795635,2795635,2921405,2911677,125770,125770,0,0,0,0
2968749,7af6cd41-99a7-b99b-a005-f5e1a97a2846,64,2964321,2964321,2968749,2970108,4428,4428,0,0,0,0
2988613,c777a07f-6346-d4ef-69ef-74e34ab6821c,64,2988449,2988493,2988555,2989146,62,106,44,0,0,0
2988613,618ae305-95a5-bafa-431d-029fac1e86d8,64,2988453,2988493,2988555,2989213,62,102,40,0,0,0
2988613,1238d630-743b-65a2-dc0f-2fcfb3f6fe0d,64,2988451,2988493,2988557,2989145,64,106,42,0,0,0
2988613,8e485223-46b9-8991-e14e-b70db380c73a,64,2988493,2988493,2988558,2989303,65,65,0,0,0,0
2988613,e82b5b36-4269-c28c-4bac-bedfff5a229e,64,2988463,2988493,2988600,2988863,107,137,30,0,0,0
2988673,8fddbebc-f7ff-88d4-b509-f08a2c988bca,64,2988552,2988613,2988653,2989379,40,101,61,0,0,0
2988673,a9f948b2-4e63-84bb-3e49-3f43b118f68d,64,2988467,2988493,2988654,2989217,161,187,26,0,0,0
2988673,db7904e0-ce30-a61d-0e88-c8ece651e3e1,64,2988433,2988433,2988669,2988912,236,236,0,0,0,0
2988733,f6febc0e-7ecd-dbaf-26f0-5fcffb16e5db,64,2988552,2988613,2988721,2989307,108,169,61,0,0,0
2988733,6b790d01-3cf8-8d20-fbad-793f87a1ec02,64,2988462,2988493,2988729,2988954,236,267,31,0,0,0
2988793,95ca788d-d6bc-a712-6ecc-a931ef705d01,64,2988497,2988673,2988759,2989487,86,262,176,0,0,0
2988793,1f115b76-d92c-9227-eadf-50853fcb7546,64,2988528,2988673,2988772,2989617,99,244,145,0,0,0
2988793,ae27d432-1dc1-e7eb-711c-767385351a69,64,2988565,2988613,2988790,2989099,177,225,48,0,0,0
2989017,e64b9b37-ae01-a122-f269-921c2edd9141,64,2988575,2988613,2989017,2989231,404,442,38,0,0,0
2989185,92b26acd-cd1f-75a3-71b6-5ca175873920,64,2988506,2988613,2989185,2989442,572,679,107,0,0,0
2993401,03802b70-8d03-c91e-4f8d-5238288b78b5,64,2991284,2991284,2993401,2995417,2117,2117,0,0,0,0
3124028,cf0df860-ebc9-2914-5176-a9d19a3624d6,64,3122606,3122606,3124028,3125043,1422,1422,0,0,0,0
3146695,f6b751f7-9b74-9245-9b1b-c8952af43ab7,64,3145916,3145969,3146695,3154474,726,779,53,0,0,0
3147134,5efa9c5b-7421-ff46-637e-4b0122bae10e,64,3145911,3145969,3147134,3152980,1165,1223,58,0,0,0
3150289,f91e5fcd-85ec-e729-d4dd-1b56435391b2,64,3145909,3145909,3150289,3155811,4380,4380,0,0,0,0
3150410,0ba6eab9-4639-447b-2067-bdac88bd13d1,64,3145911,3145969,3150410,3155435,4441,4499,58,0,0,0
3159643,c2e79a98-5c23-8d8d-71da-35b94eea9db8,64,3159416,3159416,3159643,3161316,227,227,0,0,0,0
3173562,f166cdcf-762c-dfbc-ba2a-a7baf3f81c31,64,3173206,3173206,3173507,3174881,301,301,0,0,0,0
3173622,d25864f2-25d4-a0fc-6154-2765d756ba9c,64,3173137,3173137,3173605,3175263,468,468,0,0,0,0
3173682,cdd0b4d4-5542-27de-b6ad-f48b2314d0c8,64,3173384,3173442,3173641,3175629,199,257,58,0,0,0
3173742,aee1e86b-9ea5-56aa-61ee-6c5bdeef580f,64,3173382,3173382,3173686,3175553,304,304,0,0,0,0
3173802,f3d04ffb-4470-9848-929e-cc924a11be44,64,3173633,3173682,3173798,3175059,116,165,49,0,0,0
3174086,3ae28023-5472-0d2d-3239-9ffb27046f25,64,3173465,3173502,3174086,3174776,584,621,37,0,0,0
3174395,a6fd0cb1-16e6-e5c0-c4cb-294fe86e8e63,64,3173704,3173742,3174395,3175180,653,691,38,0,0,0
3174501,d1682e09-f1f7-d904-1307-5157d8c128e7,64,3173320,3173320,3174501,3174841,1181,1181,0,0,0,0
3174706,d61169a1-ff46-a6bf-094d-916deb6d2fed,32,3174332,3174332,3174706,3175681,374,374,0,0,0,0
3224663,7466ef02-5e7b-72c8-e097-dedbefb3b939,64,3224543,3224543,3224663,3225980,120,120,0,0,0,0
3224744,695e5ea9-c923-0c64-c006-2b5bf67839b2,64,3224543,3224543,3224744,3225530,201,201,0,0,0,0
3224804,0769165f-e746-ccb9-4ca9-cf07b1aa0f6a,64,3224548,3224603,3224789,3225784,186,241,55,0,0,0
3224804,67213a70-17d5-0f59-c4d5-98f7e14fe093,64,3224548,3224603,3224798,3225815,195,250,55,0,0,0
3224864,8fe069b6-eeda-a802-4568-f42689e03e22,64,3224543,3224543,3224858,3226704,315,315,0,0,0,0
3224924,51cbf9e5-fb7d-3ba1-58c8-8c483ced4d1f,64,3224544,3224663,3224888,3226044,225,344,119,0,0,0
3224984,3be79df4-72ec-f16e-c8a7-23e9bfa016c2,64,3224543,3224543,3224929,3226756,386,386,0,0,0,0
3225044,e1bbb8cd-7e3a-9f07-69fd-28e6e271fff9,64,3224543,3224543,3225000,3226626,457,457,0,0,0,0
3225104,1c24220e-2cab-d7e7-cc6b-66e5402adf9c,64,3224548,3224603,3225065,3225975,462,517,55,0,0,0
3225104,3967e60a-823d-d107-5c8a-c066cb2fafa3,64,3224547,3224603,3225083,3225512,480,536,56,0,0,0
3225193,b69f75c5-c82b-a1be-61eb-64e6fd498e20,64,3224549,3224603,3225193,3225956,590,644,54,0,0,0
3225301,6147adeb-277b-0667-4499-d0a615007170,64,3224544,3225104,3225301,3227118,197,757,560,0,0,0
3225361,059dd55d-4b94-3e30-b303-f438fe2110d0,64,3224543,3224543,3225359,3227085,816,816,0,0,0,0
3225421,042b03ca-75a7-2686-d632-1d31c8acffcf,64,3224547,3225193,3225381,3227171,188,834,646,0,0,0
3225421,46e1ee40-dc8a-b6a7-533c-2ed5a3fe0479,64,3224545,3224603,3225417,3225892,814,872,58,0,0,0
3225496,7f0223bc-651e-a252-b974-4cded259f960,64,3224543,3224543,3225496,3226886,953,953,0,0,0,0
3225771,409d3602-5084-3242-168b-1625746f7891,64,3224550,3225104,3225771,3227158,667,1221,554,0,0,0
3225831,f76b9723-a990-2071-ffda-9a9382f29004,64,3224548,3224984,3225777,3226992,793,1229,436,0,0,0
3225831,670acc5c-b321-bf21-4dd8-eb85b04d3376,64,3224549,3225301,3225797,3227328,496,1248,752,0,0,0
3226136,795e6f2b-0247-2360-aea4-a441c47fa57e,64,3225061,3225771,3226136,3228894,365,1075,710,0,0,0
3226249,1d34d08e-7a4c-75d4-dc99-e04cf0e98b3b,64,3224551,3224924,3226249,3226953,1325,1698,373,0,0,0
3226363,e9ad0e9b-8c9a-a1e9-b3b2-63376a74dbb7,64,3225060,3225421,3226363,3228307,942,1303,361,0,0,0
3226541,3e19fc1d-9f6a-6a65-bd54-da044dcd0009,64,3225060,3225421,3226541,3228768,1120,1481,361,0,0,0
3226813,60ddc7f1-2ce3-d822-d080-12b896c56fe7,64,3225061,3225831,3226813,3228921,982,1752,770,0,0,0
3227010,9458054e-c287-4f06-9050-f7efc1235c91,32,3225064,3225831,3227010,3229504,1179,1946,767,0,0,0
3227010,c342bd2b-f295-456e-1967-5f06bd767e35,32,3225065,3225831,3227010,3229674,1179,1945,766,0,0,0
3227190,36a2c52b-0047-3139-185d-f528b4258e19,64,3225060,3226541,3227190,3230278,649,2130,1481,0,0,0
3227263,b4746349-49fc-2cd8-c56b-ad4c4c3077c4,32,3225060,3226136,3227263,3229731,1127,2203,1076,0,0,0
3227457,929d6377-1cfb-655f-82c4-2e488cbadae5,64,3225065,3225361,3227457,3228215,2096,2392,296,0,0,0
3227568,9854ce4e-4ebf-a5c3-cae9-b4a72a79ea68,64,3225066,3227190,3227568,3232655,378,2502,2124,0,0,0
3227628,8ac35ac4-5dea-a737-fdab-3441d2c2a960,64,3225062,3225496,3227573,3228845,2077,2511,434,0,0,0
3227806,39b02e2a-d96e-684f-3db0-174e7938878a,64,3225065,3226813,3227806,3230882,993,2741,1748,0,0,0
3227996,402913ec-9ef2-b93e-30ac-7d7ba2f963a3,64,3225062,3227628,3227996,3233504,368,2934,2566,0,0,0
3228147,97777f10-f2d2-393f-8e85-140d0f9aeb70,64,3225066,3227568,3228147,3233355,579,3081,2502,0,0,0
3228207,e3837348-873d-c8bd-122d-d7be980bc81e,64,3225060,3227806,3228171,3233557,365,3111,2746,0,0,0
3228441,88438de2-59cf-0b0d-91f0-647d0f321333,64,3225067,3227457,3228441,3233284,984,3374,2390,0,0,0
3228741,8e52fc42-73c3-74a6-dac7-26b667863fb3,64,3225066,3226249,3228741,3230104,2492,3675,1183,0,0,0
3228883,c626e38f-716f-b276-be64-ac2af96671a5,64,3225062,3226363,3228883,3230160,2520,3821,1301,0,0,0
3229514,624c69b6-b244-45a7-b7e5-848131c681ec,64,3225065,3227010,3229514,3231167,2504,4449,1945,0,0,0
3229792,a9e8f0d8-5883-09de-7b5f-be413fa2bde0,64,3225065,3226136,3229792,3229829,3656,4727,1071,0,0,0
3256204,65c17795-b155-16bc-9f8d-ed9756abf2f1,64,3255743,3255743,3256204,3258120,461,461,0,0,0,0
3270591,4d560a3d-f4e7-069a-a454-09374a27ebf2,64,3270200,3270203,3270591,3273518,388,391,3,0,0,0
3270837,4ce953a7-22d9-0db3-982a-2277f966d59f,64,3270201,3270203,3270837,3274179,634,636,2,0,0,0
3270897,c6a07656-c5c9-fb91-ff6e-f9ed7e4ce29f,64,3270207,3270263,3270874,3273510,611,667,56,0,0,0
3271275,00fa0eb4-5c5f-48d4-0df4-07b82751ab86,64,3270202,3270203,3271275,3274112,1072,1073,1,0,0,0
3271438,e726be23-e776-b886-d534-ee1d7f2984f5,64,3270195,3270203,3271438,3276298,1235,1243,8,0,0,0
3271665,3c53090e-e1b4-1171-929d-674d798e175f,64,3270206,3271275,3271665,3277026,390,1459,1069,0,0,0
3272097,3f6eed9d-23cb-e943-ca84-000350834fef,64,3270206,3271438,3272097,3277200,659,1891,1232,0,0,0
3272157,4cc9f5f2-e42e-5037-4a55-2ea08acbbe09,64,3270194,3270203,3272116,3275509,1913,1922,9,0,0,0
3272398,f1b88d65-406f-64d6-5c72-aebd13b11e59,64,3270195,3270203,3272398,3275755,2195,2203,8,0,0,0
3272590,c194f97f-00e3-a026-d5b6-de85390239d9,64,3270208,3270263,3272590,3273671,2327,2382,55,0,0,0
3272650,3db02235-261e-2555-863e-1f2a18a806ef,64,3270203,3270203,3272594,3275527,2391,2391,0,0,0,0
3272822,d65e59dd-e62d-2d06-cf9b-85581a7f195b,32,3270209,3271438,3272822,3277047,1384,2613,1229,0,0,0
3272883,30385dd7-4c7d-9313-a6c6-81b0e4729be5,64,3270196,3272157,3272883,3277744,726,2687,1961,0,0,0
3273607,7b85179a-d5b0-77e0-6a5d-932b45ff2c83,64,3270194,3272590,3273607,3278006,1017,3413,2396,0,0,0
3273701,7f05fbf5-efca-c577-1aa6-f7cb90c7e6ac,32,3270195,3272398,3273701,3277757,1303,3506,2203,0,0,0
3274232,86cac6f4-e238-fe93-bd17-c5e8d5ca69ab,64,3270207,3270263,3274228,3274562,3965,4021,56,0,0,0
3274341,4926ce5f-7878-6140-ac2a-4f71a77d95f1,64,3270194,3271665,3274341,3277291,2676,4147,1471,0,0,0
3274573,0964fbbf-8cd3-21b0-c2b0-1cfdd045dd1c,64,3274158,3274232,3274573,3277699,341,415,74,0,0,0
3274674,cf2e3296-7184-b713-a55f-65b7e709fba6,64,3270194,3272097,3274674,3277374,2577,4480,1903,0,0,0
3274775,47a2a10b-b62e-db49-2472-96a4ff38b918,64,3274154,3274172,3274775,3277354,603,621,18,0,0,0
3275077,32f8dbab-b462-e3e8-5c41-8a83eb04159c,64,3274154,3274172,3275077,3277016,905,923,18,0,0,0
3275265,92a81713-b90e-d44b-951c-25d54d4c5280,64,3274158,3274172,3275265,3276915,1093,1107,14,0,0,0
3275861,697c3923-87fa-841a-3e83-b91f25440fe0,64,3274158,3274775,3275861,3278504,1086,1703,617,0,0,0
3275921,ec6a37ad-81b1-5db9-88cc-4d49669b29b8,64,3274154,3274172,3275867,3277583,1695,1713,18,0,0,0
3276087,67fd64c4-a334-058a-abd2-b5121335e5db,64,3270201,3272822,3276087,3278845,3265,5886,2621,0,0,0
3276535,269cd696-236c-7b87-14a0-bccb8a476a87,64,3270153,3272650,3276535,3278459,3885,6382,2497,0,0,0
3276632,2ab7b2ef-8e0e-c033-2c59-1da8fff96acf,64,3274154,3274341,3276632,3277811,2291,2478,187,0,0,0
3276872,0c5921f8-050d-cbfe-d60b-f603a750350e,64,3274154,3275077,3276858,3278675,1781,2704,923,0,0,0
3276932,40afbf3f-3df5-1967-4d86-70bda2224f96,64,3274158,3274573,3276874,3278327,2301,2716,415,0,0,0
3276992,f5948a54-5f80-4eeb-143a-9aff659b0105,64,3270194,3272883,3276937,3278975,4054,6743,2689,0,0,0
3276992,600c9c71-0990-a647-cac8-d87ea689d07f,64,3274159,3276632,3276971,3279989,339,2812,2473,0,0,0
3277248,816ce054-282c-6470-ef32-f72aa4b5c723,64,3274158,3275265,3277248,3278751,1983,3090,1107,0,0,0
3277501,a42d0cd7-fd35-9f6a-7450-388748d90846,64,3274154,3276992,3277501,3280752,509,3347,2838,0,0,0
3277943,93d563ae-51a3-ac26-937b-f79bbb44badc,64,3274158,3275921,3277943,3278863,2022,3785,1763,0,0,0
3278025,4c955f6a-966b-1964-fcd6-bdca5876fd09,64,3274155,3276932,3278025,3280287,1093,3870,2777,0,0,0
3278126,91b0e1d9-9d92-62af-2c8d-0e44e71e43a6,32,3274160,3276992,3278126,3280401,1134,3966,2832,0,0,0
3278345,26996aab-daaf-7529-deef-f82a0dd70158,64,3274160,3277248,3278345,3281070,1097,4185,3088,0,0,0
3278532,dbb54645-7dda-c1b6-d7c4-caed47c4cc51,64,3274159,3276535,3278532,3279325,1997,4373,2376,0,0,0
3278845,c5709e30-417b-6634-a3ec-152ce0653245,64,3270150,3276992,3278845,3280583,1853,8695,6842,0,0,0
3279028,f0f7ad22-c76a-8e0f-48f0-91f09b8b38ae,64,3274154,3277943,3279028,3281308,1085,4874,3789,0,0,0
3279365,28719b9b-db8f-0e32-edef-50031fce01e3,64,3274154,3278025,3279365,3281772,1340,5211,3871,0,0,0
3280684,d7c4fe9c-e1e0-fffc-98f6-fd7f7eb162f1,64,3274116,3278345,3280684,3281776,2339,6568,4229,0,0,0
3281051,a689b424-7a3a-10e1-79c7-73a0e0decc3d,64,3274154,3279028,3281051,3282236,2023,6897,4874,0,0,0
3281428,12fc7a87-a470-4d48-5128-b9b1f8ede0ca,64,3232842,3232842,3281428,3271920,48586,48586,0,0,0,0
3281550,df4e713e-f64e-3dfc-bfbe-ac7aefc59738,64,3270157,3273607,3281550,3280019,7943,11393,3450,0,0,0
3281644,54ce26be-c8cc-e2c2-a518-a4186f14b3f6,64,3270143,3270143,3281644,3281114,11501,11501,0,0,0,0
3281704,268b84b6-3ec0-a285-cbc4-ec0ec2aef674,64,3270143,3270143,3281670,3282532,11527,11527,0,0,0,0
3282036,77fc9703-1fd5-a423-706c-5c5649e2623d,64,3270143,3270143,3282036,3282574,11893,11893,0,0,0,0
3283263,39669fa7-5997-0043-f3b1-025bfff9f585,64,3274118,3278845,3283263,3282073,4418,9145,4727,0,0,0
3283681,4aab47b2-3c9d-128a-2176-1930f6d70248,64,3274112,3279365,3283681,3282303,4316,9569,5253,0,0,0
3285115,cf0e6d2b-315c-167a-45d8-a6ad77d0359e,64,3274112,3281644,3285115,3282858,3471,11003,7532,0,0,0
3285276,061efb95-68f8-2063-eeb1-9ad201a1fb0f,64,3270152,3283681,3285276,3283683,1595,15124,13529,0,0,0
3285610,98eeac2b-fe9f-ecaa-6182-f347533f5a72,64,3270156,3281428,3285610,3282605,4182,15454,11272,0,0,0
3285670,86341718-2ba6-adb3-7afe-b1149561c813,64,3270153,3278532,3285615,3281969,7083,15462,8379,0,0,0
3286067,b46788bd-d38e-13e4-4de1-087bafa14a55,64,3281315,3285115,3286067,3284249,952,4752,3800,0,0,0
3286487,b4323070-a23d-4c2f-c2a7-96891933918c,64,3274118,3285610,3286487,3284517,877,12369,11492,0,0,0
3288033,ccac2fb5-1a0c-6c04-93cd-129110042d82,64,3274112,3285276,3288033,3284399,2757,13921,11164,0,0,0
3288677,614c721d-a921-cb4c-95fb-e976ae007b7e,64,3270144,3281704,3288677,3283265,6973,18533,11560,0,0,0
3289229,f30ee4fe-262e-5559-7e7d-9a19ab450578,64,3281318,3288677,3289229,3284971,552,7911,7359,0,0,0
3289324,cb35097a-e5dd-98f1-c8a7-38ab0df83e12,64,3236123,3236123,3289324,3283575,53201,53201,0,0,0,0
3289678,4758367b-a649-9cdc-507b-907265e58f34,64,3281311,3286067,3289678,3284807,3611,8367,4756,0,0,0
3289902,e893be3d-7354-ea6f-6160-745985c7504b,64,3281315,3289324,3289902,3285747,578,8587,8009,0,0,0
3290194,5a1baf0e-5911-96dc-1d3e-503a9645f0e4,64,3274115,3281550,3290194,3282751,8644,16079,7435,0,0,0
3290500,b0b862ef-6c9f-82b9-f647-8986a3917c99,32,3281311,3289324,3290500,3285460,1176,9189,8013,0,0,0
3290820,2e326567-d284-f54e-febe-c0db9a3a6103,64,3270144,3286487,3290820,3284842,4333,20676,16343,0,0,0
3290880,df7d0dd7-236e-1608-9acb-394acd1f5318,64,3270145,3288033,3290846,3284870,2813,20701,17888,0,0,0
3290880,e916da57-f248-23ab-177a-8a5f6ffe33b3,32,3282757,3289678,3290857,3285828,1179,8100,6921,0,0,0
3291593,267eddce-df8f-4197-9a4a-99b2e806133c,64,3270143,3270143,3291593,3284626,21450,21450,0,0,0,0
3292153,d92f3c1e-df70-fb2a-78bb-22a5eba742d2,64,3282761,3291593,3292153,3286793,560,9392,8832,0,0,0
3292571,de431e06-e924-7069-80bb-ae526ec01269,64,3281315,3290500,3292571,3286102,2071,11256,9185,0,0,0
3292631,fdb1429e-7010-ed13-b526-b22d3f6c21f7,64,3270143,3270143,3292613,3283339,22470,22470,0,0,0,0
3292691,bcd4344f-cf8a-368e-35ba-93573ca87f31,64,3282761,3290194,3292637,3286094,2443,9876,7433,0,0,0
3292904,c71d5e60-1d52-06ab-b7e6-427cbf780e3f,64,3281310,3289229,3292904,3285255,3675,11594,7919,0,0,0
3293080,79db7862-8d7d-d772-608e-2f5c61177270,64,3281316,3292691,3293080,3287153,389,11764,11375,0,0,0
3293180,c5285425-c7a9-f33c-22d8-39d333e4f986,64,3282757,3292631,3293180,3287070,549,10423,9874,0,0,0
3293337,b0c07fcc-96ad-d4df-adf7-5924c5b8386b,64,3281311,3290880,3293337,3286459,2457,12026,9569,0,0,0
3293400,c9d6a63b-ca3c-6f5f-5bb5-c40c03cde2e3,64,3282762,3289902,3293400,3286056,3498,10638,7140,0,0,0
3293733,b07aa066-7354-35ea-6894-9b8d00af5b3a,32,3282757,3292571,3293733,3287002,1162,10976,9814,0,0,0
3294011,aaf407f7-0fe7-6149-3c7e-5368b1594847,64,3282762,3293080,3294011,3287220,931,11249,10318,0,0,0
3294905,e9a1c6d5-c34e-9baf-8f1c-b2ccceef9fa8,64,3270149,3292153,3294905,3286915,2752,24756,22004,0,0,0
3295020,7f53d344-a7c8-54e4-0684-3c86b8a60402,64,3281314,3292571,3295020,3287067,2449,13706,11257,0,0,0
3295080,a205e54f-b1e8-c09d-bc20-b9f24a9c589e,64,3274112,3293733,3295045,3287517,1312,20933,19621,0,0,0
3295168,58c1aad6-f3f8-dea4-7f14-eafa29f0ef7c,64,3281317,3293400,3295168,3287440,1768,13851,12083,0,0,0
3295485,ff233d5f-6ced-d15d-5800-7c0287ea7ff5,64,3281311,3294905,3295485,3288011,580,14174,13594,0,0,0
3295602,73069588-45d5-a68d-290a-3abbc35b9fea,64,3281315,3295020,3295602,3288042,582,14287,13705,0,0,0
3295675,ded255d0-bf1e-8366-4b8e-63d4ce7607ad,32,3274112,3292904,3295675,3287187,2771,21563,18792,0,0,0
3295735,bff9507d-cd14-a03e-8359-9af65d01f55f,64,3282757,3295080,3295732,3288365,652,12975,12323,0,0,0
3295867,564cfbd2-bc92-fd81-039b-058c2faabe0b,64,3274112,3290820,3295867,3286316,5047,21755,16708,0,0,0
3296088,1b0c62eb-27c8-fc6c-1be5-a4c395af6d0c,64,3282757,3295735,3296088,3288657,353,13331,12978,0,0,0
3296804,5f90bed6-fb25-664d-630a-a767a2bb522b,64,3282757,3293180,3296804,3287343,3624,14047,10423,0,0,0
3296864,2285b2ef-cfbe-4fe9-2ea9-c542a1b970d0,64,3282757,3295867,3296842,3288734,975,14085,13110,0,0,0
3296924,48603b32-b4fb-0eb9-49c1-3de73b4206c5,64,3281315,3295485,3296916,3288465,1431,15601,14170,0,0,0
3297433,75f8e3a8-7d97-ac0f-bd56-09c4a4461663,64,3282761,3296864,3297433,3288974,569,14672,14103,0,0,0
3297493,c79ddb62-c379-44c1-c903-94ea7d54ec82,64,3282762,3296924,3297475,3288984,551,14713,14162,0,0,0
3297553,21084dd9-f75d-1e3c-c48d-56502e9522d6,64,3281310,3296088,3297542,3288861,1454,16232,14778,0,0,0
3297553,372f871a-45ee-432d-6a07-f2137129cec7,64,3282756,3294011,3297545,3287889,3534,14789,11255,0,0,0
3297973,cbbed980-07e6-7cb0-90bd-e9001529e6f5,64,3274116,3295168,3297921,3288386,2753,23805,21052,0,0,0
3298117,eada79a3-4970-ed9a-09ce-3cfb2339ba19,64,3281314,3297553,3298117,3289499,564,16803,16239,0,0,0
3298518,4d59616b-7779-857f-37dc-8c784082fcda,64,3282761,3297973,3298518,3289521,545,15757,15212,0,0,0
3298643,850a48d4-46b5-18de-db4b-b8eb537d0bd1,64,3281311,3297493,3298643,3289439,1150,17332,16182,0,0,0
3298703,7d7c59a5-e6c1-1650-ff02-f5b057bd56c9,64,3281311,3298117,3298693,3289601,576,17382,16806,0,0,0
3299235,e9ff1cae-41c8-ca8c-2a1f-955ad499da99,64,3270151,3293337,3299235,3287365,5898,29084,23186,0,0,0
3299320,bdb025ff-2451-e5a4-11d0-59b26699cd99,64,3281310,3295602,3299320,3288585,3718,18010,14292,0,0,0
3299380,d72b6108-2a40-5f12-b963-f37f67814c1f,64,3282761,3298703,3299340,3290076,637,16579,15942,0,0,0
3299573,f31046dc-6202-bee6-5cb5-e69c5dc7b3e6,64,3270158,3296804,3299573,3288936,2769,29415,26646,0,0,0
3299913,bae1e137-96ee-50e5-1f87-3b46c0a0473a,64,3281311,3297433,3299913,3289046,2480,18602,16122,0,0,0
3300653,69be173a-850e-f0ad-d872-f72ee5b4a1ae,64,3282762,3298643,3300653,3290003,2010,17891,15881,0,0,0
3301031,f5141058-3138-3975-7bf3-3a349c2dfa97,64,3282761,3299573,3301031,3290509,1458,18270,16812,0,0,0
3301201,774c0afa-7f4d-908c-e1ff-f6c08347f1da,64,3282758,3300653,3301201,3290718,548,18443,17895,0,0,0
3302003,0e165b12-9bdc-70d1-9cbf-7b8c74102d5d,64,3282757,3299913,3302003,3290577,2090,19246,17156,0,0,0
3303353,7c16128d-b2c0-8394-e17f-29e170286046,64,3281278,3298518,3303353,3289832,4835,22075,17240,0,0,0
3304380,21ec4754-1cf1-4654-2ab2-02c2cc0243c6,64,3274116,3299380,3304380,3290282,5000,30264,25264,0,0,0
3304812,8f0881ee-8011-316b-3ae8-8926b423ccde,64,3281273,3299235,3304812,3290186,5577,23539,17962,0,0,0
3305051,170d7507-05ee-e1d4-7f53-a88e4efc8248,64,3281277,3303353,3305051,3291487,1698,23774,22076,0,0,0
3305389,f8f58a26-1924-c644-af52-7666b23909f4,64,3274112,3301031,3305389,3290734,4358,31277,26919,0,0,0
3306437,f1faf665-7115-33f3-12e8-9d1028711733,64,3274116,3297553,3306437,3289497,8884,32321,23437,0,0,0
3307187,d0b3d752-bb01-b2a5-2c74-5800941c23fa,32,3274116,3304380,3307187,3291505,2807,33071,30264,0,0,0
3307500,43d88870-f81d-baa1-c812-0a8e78308930,64,3282725,3302003,3307500,3291355,5497,24775,19278,0,0,0
3307723,8a45a905-badf-9397-ecf2-6429b8d77d2f,32,3270143,3270143,3307723,3291695,37580,37580,0,0,0,0
3308507,3d846fc9-c3f6-2136-846d-5a3b2661c426,64,3274112,3307187,3308507,3292415,1320,34395,33075,0,0,0
3308758,3d44cb2c-ea45-ba41-6589-ada1345af934,64,3274115,3306437,3308758,3292332,2321,34643,32322,0,0,0
3308986,1723ecdb-b058-8256-d4b3-e8cfbfbbeab3,64,3281273,3299320,3308986,3290278,9666,27713,18047,0,0,0
3310017,1e5ebe54-5907-7299-dc3b-bdd8a74e02a9,64,3281277,3308507,3310017,3292557,1510,28740,27230,0,0,0
3310264,f2dcb12b-0f7a-e302-ec2e-28150a3217d2,64,3274112,3307500,3310264,3292550,2764,36152,33388,0,0,0
3310324,f0ede303-aa53-c19c-dfa4-bb9f5a856750,64,3270155,3305051,3310283,3292105,5232,40128,34896,0,0,0
3310384,a6aa59e5-dc08-bf29-d2d3-3488d0c30018,64,3282724,3304812,3310378,3292040,5566,27654,22088,0,0,0
3310927,ceae71cf-ce00-0af0-3eb0-51817ba24588,64,3282720,3301201,3310927,3291105,9726,28207,18481,0,0,0
3311377,bd29ede9-cab4-923b-f448-83858de7ad6c,64,3274112,3310017,3311377,3293909,1360,37265,35905,0,0,0
3311760,902f3465-0b57-0720-9cd8-758ba5a1c825,64,3281273,3310264,3311760,3293910,1496,30487,28991,0,0,0
3311870,2c3aacdc-aed5-4a46-8bde-005b5d8babd7,64,3282723,3308758,3311870,3292931,3112,29147,26035,0,0,0
3311930,3922a7e4-2de9-82f8-0d7b-ec04e6e59b32,64,3270143,3270143,3311890,3293950,41747,41747,0,0,0,0
3312073,d6312a80-1c61-2ec2-1014-2131750565f5,64,3281278,3310384,3312073,3294517,1689,30795,29106,0,0,0
3312623,6c4c450b-623a-d0fc-9326-7d25234b4562,64,3281273,3310927,3312623,3294519,1696,31350,29654,0,0,0
3313217,5cce5ba9-31d4-ee09-8fd3-3afc91fdfa4f,64,3281273,3311760,3313217,3295927,1457,31944,30487,0,0,0
3313800,fe7c80e9-a179-1e93-3fc8-25ac869bc00f,64,3281273,3308986,3313800,3293225,4814,32527,27713,0,0,0
3314120,fef7d9ea-7f8e-5483-28ca-aa1dc35bec2c,64,3274116,3305389,3314120,3292328,8731,40004,31273,0,0,0
3315010,c4767556-f97b-e2dd-8f9b-72aed85c16bd,32,3282724,3311870,3315010,3296251,3140,32286,29146,0,0,0
3315214,70944bdb-26a5-24e3-50ee-7a92a09151e0,64,3281278,3312623,3315214,3297475,2591,33936,31345,0,0,0
3315276,9db7284b-6965-d1d1-eb7e-2e6426c0747e,64,3282725,3311377,3315276,3294573,3899,32551,28652,0,0,0
3315702,6afa828c-2cd1-0b9f-ebe5-841fe9c96c52,64,3281279,3314120,3315702,3298607,1582,34423,32841,0,0,0
3316338,13aec376-c359-810a-71a6-014c5f3c44dc,32,3282720,3313217,3316338,3297659,3121,33618,30497,0,0,0
3316732,2303f6c6-d69d-42f1-ae4c-84ffa8c01f05,64,3282723,3315214,3316732,3298861,1518,34009,32491,0,0,0
3316792,c5144d98-b41c-504f-e346-f415e5267a2b,64,3282720,3311930,3316784,3296607,4854,34064,29210,0,0,0
3317234,fa8dae42-ba54-e920-2099-d18087623997,32,3282723,3314120,3317234,3298261,3114,34511,31397,0,0,0
3317362,f4124360-1153-6e99-5c50-8720f982f4e0,64,3282719,3311870,3317362,3296399,5492,34643,29151,0,0,0
3317552,e25df9a8-9ca8-a5c4-2138-afe08d38bbd8,64,3281278,3312073,3317552,3297144,5479,36274,30795,0,0,0
3317758,1e38f711-e2ec-13f4-bba1-aed944cdbfdd,64,3281273,3313800,3317758,3297874,3958,36485,32527,0,0,0
3318189,040a3aae-52e2-afd9-96bf-10ab3ce915e7,32,3297955,3317758,3318189,3301332,431,20234,19803,0,0,0
3318373,2d174fc9-6f7c-15ea-272a-6d8eb5122df8,64,3282720,3315276,3318373,3299303,3097,35653,32556,0,0,0
3318475,6b0ae0e3-9d89-6047-dd39-d7936257a4a2,32,3297955,3317362,3318475,3301079,1113,20520,19407,0,0,0
3318797,0d67d38e-990f-0c5b-adcc-3daf569f3ab3,64,3282720,3315702,3318797,3299618,3095,36077,32982,0,0,0
3319332,f2a32efd-ff13-8c80-c398-c3320e500785,64,3297958,3318475,3319332,3301752,857,21374,20517,0,0,0
3319483,a7939a2e-34f4-3404-8ff5-070182226c16,64,3297953,3317552,3319483,3301298,1931,21530,19599,0,0,0
3320417,7de31a51-6694-c343-10ba-58e3d2762bdc,32,3297950,3319332,3320417,3301860,1085,22467,21382,0,0,0
3320477,5d678bb1-945e-f2e4-088a-93ec70d9c9f8,64,3282719,3317362,3320465,3301167,3103,37746,34643,0,0,0
3320563,35ce8841-4973-2d6c-4dca-bfb7001a9a8b,64,3281274,3318797,3320563,3301804,1766,39289,37523,0,0,0
3320959,c1101266-2408-a6dc-1346-d1a9f6802cdb,64,3297950,3320417,3320959,3302198,542,23009,22467,0,0,0
3321363,80599b93-79c2-d2e4-9ae1-a991524f93ff,32,3297955,3320959,3321363,3302622,404,23408,23004,0,0,0
3321497,811414f8-d9df-0d0e-225a-ed6cf0458043,32,3282724,3318373,3321497,3301618,3124,38773,35649,0,0,0
3321597,b3eda8f1-026b-5383-a301-ec030e5d8c6a,64,3297950,3318189,3321597,3301408,3408,23647,20239,0,0,0
3321939,c09cb506-48f1-096d-9c4f-fb4671b701aa,64,3281277,3320477,3321939,3302438,1462,40662,39200,0,0,0
3322851,e27718c5-737d-1fb6-d113-76e038d77b9a,64,3282720,3316338,3322851,3299911,6513,40131,33618,0,0,0
3322964,bf519362-41a6-4fed-a7ed-c8d8713f8f8c,64,3297951,3321597,3322964,3302817,1367,25013,23646,0,0,0
3323235,84d67c4f-f0df-1684-f28e-41225894f7f1,64,3281273,3316732,3323235,3300307,6503,41962,35459,0,0,0
3323295,1a7167c7-6875-9545-832f-52c48e0370cf,64,3281277,3316792,3323254,3300440,6462,41977,35515,0,0,0
3323389,74962764-12a4-def0-c4bb-b7a9d98868dd,64,3282724,3319483,3323389,3301915,3906,40665,36759,0,0,0
3323589,86879aa9-14f5-73d0-c991-2032df85c777,64,3297955,3323235,3323589,3303714,354,25634,25280,0,0,0
3323950,f4e95734-5052-1700-6077-96a38685abaa,32,3297950,3322851,3323950,3302999,1099,26000,24901,0,0,0
3324255,9194821e-e11b-f0d4-8637-9f04d9ee7dc9,64,3297956,3323389,3324255,3304188,866,26299,25433,0,0,0
3324345,4d57d880-d865-d69a-74f3-310340066ff2,64,3281277,3320563,3324345,3302490,3782,43068,39286,0,0,0
3324782,da743152-627b-41a1-ffd6-f23232ffe294,64,3297954,3324255,3324782,3304407,527,26828,26301,0,0,0
3324937,29310971-601e-0211-e34f-76b42b8c03bf,64,3297954,3322964,3324937,3303225,1973,26983,25010,0,0,0
3325257,1c654aa2-c63c-e21d-2443-5958eacf33a9,64,3297950,3323589,3325257,3304310,1668,27307,25639,0,0,0
3325450,76e5ae78-7bf7-e1d3-6a66-2fce7089fc6d,32,3297954,3324345,3325450,3304467,1105,27496,26391,0,0,0
3326095,e45a87e8-039a-8ed5-f337-b2615f8392d5,64,3297913,3324782,3326095,3304753,1313,28182,26869,0,0,0
3326176,a53bc024-d1a6-9d87-f54e-2019ba35844e,64,3297950,3325257,3326176,3304887,919,28226,27307,0,0,0
3326635,45df16b6-382c-043f-7cfc-9b793875394c,64,3297951,3324345,3326635,3304734,2290,28684,26394,0,0,0
3327301,82f73861-1adb-a8cf-e60c-1638d4a5a81e,32,3297956,3326176,3327301,3305112,1125,29345,28220,0,0,0
3327548,5b6a8102-0428-7378-bf50-23f440ef3935,64,3281273,3321939,3327548,3302900,5609,46275,40666,0,0,0
3327707,3b9b2d45-a350-55e4-39c5-9df987f255d6,32,3297917,3324937,3327707,3304879,2770,29790,27020,0,0,0
3327767,a8aa7158-2b70-e525-bc67-f831cbc84759,64,3297951,3326635,3327727,3305489,1092,29776,28684,0,0,0
3328113,f1738856-e25d-36eb-9e9a-9f83066803ee,64,3282720,3323295,3328113,3303759,4818,45393,40575,0,0,0
3328208,cff2b1c4-e53f-9644-b39e-4df25c0a1feb,64,3297913,3327301,3328208,3305642,907,30295,29388,0,0,0
3329460,57f479b5-b212-a6ee-0210-63710260a123,64,3297913,3328113,3329460,3307586,1347,31547,30200,0,0,0
3329868,1db14bfc-6f3a-5115-ecb4-678c16120aa6,64,3297917,3327548,3329868,3305755,2320,31951,29631,0,0,0
3330262,7eece88d-a002-352a-b88c-ddde3f2086c2,64,3282720,3325450,3330262,3304941,4812,47542,42730,0,0,0
3330499,2e709838-0190-2620-59dc-abd056febfb9,64,3297913,3328208,3330499,3307751,2291,32586,30295,0,0,0
3330788,0bc1f9e5-fb3d-f063-8409-c5eacde918b3,64,3297913,3329868,3330788,3310025,920,32875,31955,0,0,0
3331743,57d9cbb0-309e-47ba-d0e6-56e592715f6e,64,3297917,3329460,3331743,3308390,2283,33826,31543,0,0,0
3331811,ea98fef8-d0d7-5e37-3bf2-025f4a0d2b73,64,3297913,3330262,3331811,3310201,1549,33898,32349,0,0,0
3332473,98c7472a-864e-9a13-c29c-fc0cfa02eaec,64,3276812,3327767,3332473,3306102,4706,55661,50955,0,0,0
3332585,7135f221-a6c9-537f-84da-d06a7872bdeb,64,3282723,3322851,3332585,3303134,9734,49862,40128,0,0,0
3332657,4fa03f26-f6f7-f0cc-29ec-8e49d1bdb8c0,32,3297917,3329868,3332657,3308818,2789,34740,31951,0,0,0
3332793,24c778a5-9b4e-164b-5716-dc2e343ada2a,64,3297916,3331811,3332793,3311289,982,34877,33895,0,0,0
3333272,e886a011-36f7-a26c-5a9c-06792c3d17e2,64,3297913,3330499,3333272,3310436,2773,35359,32586,0,0,0
3335220,e4917f7d-91c4-6efc-fcb8-96bb68c0cbef,64,3297913,3331743,3335220,3310755,3477,37307,33830,0,0,0
3335280,5683ede0-17d5-b563-fa60-ede1e5eb772d,64,3297919,3332473,3335241,3312447,2768,37322,34554,0,0,0
3335620,de8ede0b-a85c-6e4a-004b-6fabfcf56188,64,3297913,3333272,3335620,3315112,2348,37707,35359,0,0,0
3336377,55c34853-0783-e43c-e65f-ad87c57c7498,64,3276812,3321363,3336377,3302651,15014,59565,44551,0,0,0
3337809,069f14f1-4018-1c6e-9a8c-fa3c5283aac7,64,3297917,3332793,3337809,3314330,5016,39892,34876,0,0,0
3339324,0328c136-629e-f3d8-dd1c-a267530ddda6,64,3297913,3337809,3339324,3317574,1515,41411,39896,0,0,0
3340347,9e44e98c-b359-390e-b030-9aaf85ea16e0,64,3297917,3335220,3340347,3315710,5127,42430,37303,0,0,0
3340466,db23aa8c-3bca-bf85-620a-60ac9261549d,64,3301078,3335280,3340466,3316507,5186,39388,34202,0,0,0
3340750,8baaf744-a08d-d21b-e395-4cb17f7f6c0a,64,3297917,3336377,3340750,3317373,4373,42833,38460,0,0,0
3341473,032a461a-df9b-7c1f-eacb-1f6d7549c9f9,64,3297916,3335620,3341473,3317154,5853,43557,37704,0,0,0
3343925,79c9c839-c8ef-0377-a368-84f588ddd880,64,3301078,3340466,3343925,3321223,3459,42847,39388,0,0,0
3344197,f7b217c7-ae92-ea71-cf7d-cb431679742f,64,3276812,3339324,3344197,3317910,4873,67385,62512,0,0,0
3344770,9ee339ff-f1bd-b598-948f-664a9565257b,64,3276816,3332585,3344770,3313444,12185,67954,55769,0,0,0
3346772,3f87dfc2-1591-52f2-a505-da9c46e75a2c,64,3301869,3344197,3346772,3322441,2575,44903,42328,0,0,0
3347353,20f0156a-1e6a-6628-9c6d-52d5ae2e9af9,64,3301082,3343925,3347353,3322008,3428,46271,42843,0,0,0
3347413,2e0fb5b3-8bae-591e-ff4c-c10f979c30cf,64,3301865,3344770,3347356,3322915,2586,45491,42905,0,0,0
3347714,d5385b0e-34f3-193c-0ff0-a55c6a702e2f,64,3276812,3330788,3347714,3310555,16926,70902,53976,0,0,0
3352083,68e5c8cd-b414-6e4a-5ba0-c3e033a0daa7,64,3301085,3340750,3352083,3321664,11333,50998,39665,0,0,0
3354709,548c1d84-340d-e049-4147-65063e2bf9c9,64,3301078,3341473,3354709,3321946,13236,53631,40395,0,0,0
3355422,0e5dd462-cbd0-0ef2-530a-37df0bc61066,64,3276817,3340347,3355422,3320404,15075,78605,63530,0,0,0
3357259,b8f0188e-fb37-afae-cd85-63ca193e638d,64,3276817,3326095,3357259,3305016,31164,80442,49278,0,0,0
3357319,ac3a812f-765e-6cb5-8f0d-55400ec7d662,64,3276813,3347353,3357285,3323881,9932,80472,70540,0,0,0
3360009,b43bd27f-42a2-59a6-c664-12854303cbc1,64,3276817,3354709,3360009,3326319,5300,83192,77892,0,0,0
3360143,c3231466-aebb-b90e-e4e7-51de57ff51d9,64,3276816,3355422,3360143,3326425,4721,83327,78606,0,0,0
3362087,702f31e5-62cc-c604-0c53-644b0053f649,64,3276813,3357259,3362087,3326737,4828,85274,80446,0,0,0
3362864,d02c75f9-198d-13a4-0cd2-0e4376dae194,64,3276816,3347714,3362864,3325110,15150,86048,70898,0,0,0
3365163,e76adca9-7811-6802-c8cc-7cfecf01f944,64,3301081,3362087,3365163,3328746,3076,64082,61006,0,0,0
3367699,fde91c42-002c-4c22-74de-5f7070f81dba,64,3276816,3347413,3367699,3323914,20286,90883,70597,0,0,0
3368666,76d70561-d2d1-4ef5-5e4c-4fd1462363a9,64,3301082,3357319,3368666,3326895,11347,67584,56237,0,0,0
3369702,13325c31-d010-318a-eadc-9960424211e2,64,3276816,3352083,3369702,3325214,17619,92886,75267,0,0,0
3370325,b9493906-939f-44eb-be5e-215ec47cc30b,64,3301870,3367699,3370286,3329299,2587,68416,65829,0,0,0
3371597,7f0386fa-13ba-dc91-a0a5-fde6939f71a2,64,3301078,3360143,3371597,3328609,11454,70519,59065,0,0,0
3372171,6c93a791-8b60-c511-b816-8aebac6a7c85,64,3301865,3365163,3372171,3329232,7008,70306,63298,0,0,0
3373832,a0a11839-e745-7704-18df-bc3ca0d4de3d,64,3301082,3368666,3373832,3329829,5166,72750,67584,0,0,0
3375565,edcabf94-65f6-ba53-d226-a8b3b674410d,64,3301865,3371597,3375565,3331880,3968,73700,69732,0,0,0
3376315,4b657bcc-b041-6f19-bbe7-18354e8bf78a,64,3301865,3372171,3376315,3332423,4144,74450,70306,0,0,0
3376957,51b30182-f7fe-604f-65f3-0779f6ee5cdb,64,3276812,3346772,3376957,3322968,30185,100145,69960,0,0,0
3381063,a2379e6f-d473-4534-5aea-635257632e1e,64,3301081,3369702,3381063,3330553,11361,79982,68621,0,0,0
3382317,8d244e3e-c4da-bddb-e0b1-5abaa6a27967,64,3301082,3362864,3382317,3328900,19453,81235,61782,0,0,0
3382591,7e7838c9-ca55-e38b-3c9a-be10238d6f44,64,3301867,3375565,3382591,3333235,7026,80724,73698,0,0,0
3383622,9d6b9b62-6b53-5a19-a902-b73fcf39f648,64,3301871,3370325,3383622,3331311,13297,81751,68454,0,0,0
3385230,cb80f288-446f-64dd-5abc-a6e5d0b1e3eb,64,3301082,3373832,3385230,3332688,11398,84148,72750,0,0,0
3385556,a34b6cf6-2053-da42-f1af-db65b289f224,64,3301078,3382591,3385556,3335250,2965,84478,81513,0,0,0
3391164,585abefb-d181-2f77-6500-1423faebcd19,64,3276813,3360009,3391164,3327748,31155,114351,83196,0,0,0
3394271,668409e3-f1f8-343e-a99f-131849c8a43f,32,3301084,3391164,3394271,3339888,3107,93187,90080,0,0,0
3396195,ea74bb18-de3b-496f-6c45-96f6c012a0ff,64,3276816,3381063,3396195,3334631,15132,119379,104247,0,0,0
3397249,75b17a55-d426-2982-e43e-4288a2b5b498,64,3276816,3376315,3397249,3333255,20934,120433,99499,0,0,0
3397470,1b37ef19-b3bc-912f-5fb7-474e85a0d089,32,3301078,3391164,3397470,3339587,6306,96392,90086,0,0,0
3398419,def57689-68f4-5bce-24e7-5e8eb8f21423,64,3301868,3385230,3398419,3339086,13189,96551,83362,0,0,0
3399193,15fa9483-f633-cc2d-eba9-00e16a7d5d96,64,3301078,3396195,3399193,3340997,2998,98115,95117,0,0,0
3399368,75366b9f-320f-72c0-9dde-01889803b22e,64,3339044,3397249,3399368,3342030,2119,60324,58205,0,0,0
3399544,5a5226e6-9d64-2932-0066-853d6de299a1,64,3301083,3394271,3399544,3340713,5273,98461,93188,0,0,0
3399762,722764e6-8c41-561b-e827-a1b9d4a02e53,64,3339044,3399193,3399762,3342601,569,60718,60149,0,0,0
3400371,6f04af36-567c-5d44-862c-92fd98abb2e7,32,3339047,3399193,3400371,3342066,1178,61324,60146,0,0,0
3400431,f413db19-bade-8d5d-6fff-15ccb2dc6c34,64,3276812,3382317,3400377,3334678,18060,123565,105505,0,0,0
3401758,d8e70aeb-e7b3-3085-178b-e96820f87ba2,64,3339048,3399544,3401758,3342658,2214,62710,60496,0,0,0
3403241,a3209116-222d-f6a4-8163-b6ce1877bc06,64,3339043,3399762,3403241,3343184,3479,64198,60719,0,0,0
3403557,f9722cc1-349e-f4a9-54c2-9d5c19ec0829,64,3301078,3398419,3403557,3342039,5138,102479,97341,0,0,0
3405120,57d337d3-4fd8-0bbb-592c-11072444d301,64,3301082,3385556,3405120,3339163,19564,104038,84474,0,0,0
3405460,c605e58a-4845-4343-ddb4-49dc77106966,64,3339048,3403241,3405460,3343537,2219,66412,64193,0,0,0
3405520,bcaff931-ead1-8464-ca8e-858cd0f81063,64,3339049,3403557,3405496,3344550,1939,66447,64508,0,0,0
3406024,71d79665-7181-8dcf-379e-fc6e5edb0d3c,64,3339043,3405460,3406024,3344994,564,66981,66417,0,0,0
3406148,771ad655-cdfc-6ee0-e61e-de900267deb3,64,3339048,3405520,3406148,3345090,628,67100,66472,0,0,0
3406283,49a214ae-f7e8-f8e5-0d2b-91efb8976ec5,64,3339045,3405120,3406283,3344889,1163,67238,66075,0,0,0
3406966,b390b059-207b-be21-a7e8-d18eddf6d4ac,64,3339043,3406024,3406966,3345115,942,67923,66981,0,0,0
3407406,9c2e58de-ea4e-3617-53f8-382b8fb864e4,64,3339048,3406283,3407406,3345145,1123,68358,67235,0,0,0
3408291,78660765-14f7-ce8d-d5bc-b8d04094dded,64,3339049,3406148,3408291,3345133,2143,69242,67099,0,0,0
3408981,277eb0aa-a247-541d-c8ad-0899b630794d,64,3339044,3406966,3408981,3345421,2015,69937,67922,0,0,0
3409465,5738811d-70c2-903f-7a8d-03aa782a65e0,32,3339048,3408291,3409465,3345621,1174,70417,69243,0,0,0
3410047,86e52753-7c93-f6cc-97d7-a560adb14670,32,3301078,3403557,3410047,3344014,6490,108969,102479,0,0,0
3410264,6a36af18-06d3-db93-ee33-688d597e6845,64,3301869,3383622,3410264,3337504,26642,108395,81753,0,0,0
3411006,66d71d97-b193-c8b8-ae49-c0799bd0d4c7,64,3339044,3407406,3411006,3345591,3600,71962,68362,0,0,0
3411465,c7774fae-6137-58c3-9c7f-aca62e671784,32,3339044,3411006,3411465,3347508,459,72421,71962,0,0,0
3412224,accb461a-9d13-2363-9f29-4a8bd1846c39,32,3339049,3411465,3412224,3347553,759,73175,72416,0,0,0
3412348,a5d04d53-1e12-42e3-f272-92b6762172ed,64,3339044,3410264,3412348,3347030,2084,73304,71220,0,0,0
3412495,143029a9-d88f-1c94-48b7-63d5e519dd7e,64,3339011,3409465,3412495,3346610,3030,73484,70454,0,0,0
3412654,f8cbab4c-9779-0e84-5e47-2e2276c3e642,64,3339048,3408981,3412654,3345981,3673,73606,69933,0,0,0
3415104,0b6c03c8-721e-5419-2fc3-e6495e911b91,64,3301869,3401758,3415104,3343373,13346,113235,99889,0,0,0
3415356,b8a6171f-1ee3-4dc4-3b04-8a8b405bfdc9,32,3339011,3412224,3415356,3347597,3132,76345,73213,0,0,0
3416557,e6b9d31a-361f-6d90-3ad1-fa330ae4ac11,64,3339008,3415104,3416557,3350484,1453,77549,76096,0,0,0
3417168,90e0f4a0-fbdd-3933-cbd5-8bf61efd76e9,64,3339011,3415356,3417168,3350787,1812,78157,76345,0,0,0
3417412,6c521d13-b719-bb68-2775-ee42a89e22f2,64,3339012,3412495,3417412,3349120,4917,78400,73483,0,0,0
3417797,55c551fc-fba5-7cc8-edaf-37661b780ede,64,3339008,3412348,3417797,3348970,5449,78789,73340,0,0,0
3418334,4ac9778d-8da8-eee4-0df5-6ac6f96b648a,64,3297231,3376957,3418334,3333926,41377,121103,79726,0,0,0
3418741,a21c0c06-ed37-6567-0be7-728e6a1aba9d,32,3301865,3410264,3418741,3346780,8477,116876,108399,0,0,0
3418801,dcb9075e-cdd7-f460-6140-77d39ec4ea48,64,3350416,3417797,3418764,3353163,967,68348,67381,0,0,0
3419147,06e3f949-8cd3-4c62-c482-9b71ae84b81c,64,3339011,3416557,3419147,3350797,2590,80136,77546,0,0,0
3419207,fea82e3a-b544-01cb-9541-0a9d090aaa93,64,3339011,3417412,3419149,3352389,1737,80138,78401,0,0,0
3419569,97fe56c5-4c9a-9f24-d7b4-c294bd44089d,64,3350777,3419207,3419569,3353736,362,68792,68430,0,0,0
3421258,7a8104de-b205-07bb-fb16-f75776f186ab,64,3350417,3419147,3421258,3353359,2111,70841,68730,0,0,0
3421619,53cd6268-610c-f373-4299-9aa40cdf742b,64,3350423,3419569,3421619,3353822,2050,71196,69146,0,0,0
3421963,8beddb12-ad77-e82f-49a2-3a89e6b5a92c,64,3350772,3421619,3421963,3354068,344,71191,70847,0,0,0
3422200,c3a00c6f-2321-d1e1-c471-04c036136e15,64,3350772,3421258,3422200,3353949,942,71428,70486,0,0,0
3422745,177d6e7e-07d9-24ce-f8c8-8faea2178f84,64,3350422,3422200,3422745,3354317,545,72323,71778,0,0,0
3422927,7d7ddbed-d284-476c-6b88-f83dd97dc9cd,64,3350421,3421963,3422927,3354256,964,72506,71542,0,0,0
3423288,5e175b66-4b87-959f-f0cd-7f05ea87855e,64,3301865,3412654,3423288,3350100,10634,121423,110789,0,0,0
3423551,c77444cb-5543-fc3c-38b8-f24e56ea57b3,64,3329130,3418801,3423551,3353265,4750,94421,89671,0,0,0
3425359,011c4544-7fb3-3be5-f6bf-2f7222778161,64,3350422,3423551,3425359,3354802,1808,74937,73129,0,0,0
3425941,eb93f78c-620a-f158-5d2d-904f78c59073,64,3350772,3425359,3425941,3354812,582,75169,74587,0,0,0
3428532,4bbe4aff-9326-dffd-5be4-bf5192698698,64,3339008,3422927,3428532,3354423,5605,89524,83919,0,0,0
3429562,9549c931-e9af-299d-7f67-1eec3da70577,64,3350777,3425941,3429562,3354838,3621,78785,75164,0,0,0
3429910,c478f6f1-b88e-c318-c16d-83edad81f8bd,64,3339008,3423288,3429910,3354739,6622,90902,84280,0,0,0
3430196,9fa4a627-d306-08be-8548-867bad5cba24,64,3350423,3429562,3430196,3355251,634,79773,79139,0,0,0
3430425,6d9c5b50-a1fd-4187-9c3a-1e0bb5f3f8aa,64,3276812,3399368,3430425,3342605,31057,153613,122556,0,0,0
3430890,848af440-7fc1-5858-2fa0-d842bc55300b,64,3350772,3428532,3430890,3355107,2358,80118,77760,0,0,0
3431250,3f8e2d0d-5261-9dec-3979-d5f56b5bc975,64,3301869,3422745,3431250,3354422,8505,129381,120876,0,0,0
3431709,0997623a-e072-3d96-4a1a-81f5ed10f004,64,3350422,3429910,3431709,3355277,1799,81287,79488,0,0,0
3432231,1519830c-4019-8303-5c45-7e4da79313b8,64,3350422,3430196,3432231,3355345,2035,81809,79774,0,0,0
3432879,98550b1e-d588-1c1c-25db-5946a091e5b4,64,3350778,3432231,3432879,3355738,648,82101,81453,0,0,0
3432983,e8334da5-de95-d695-3579-c1437ab99428,64,3350778,3430890,3432983,3355542,2093,82205,80112,0,0,0
3433095,6bbdb66f-9181-6091-d6c6-f45cdc5e4e78,64,3350777,3431250,3433095,3355622,1845,82318,80473,0,0,0
3433543,4a1dab32-6aed-fdc7-a3e0-5309b5a1b949,64,3350776,3432983,3433543,3356195,560,82767,82207,0,0,0
3433892,9d37efb6-eafb-3e90-54ec-84ce002ccb25,64,3350416,3433543,3433892,3356556,349,83476,83127,0,0,0
3434063,c72850c1-3322-c68b-9be7-8aec32da81f0,64,3350417,3430425,3434063,3355391,3638,83646,80008,0,0,0
3434281,8c52d271-0a16-7e18-290e-3e894b9c22f4,64,3339008,3431709,3434281,3355669,2572,95273,92701,0,0,0
3434688,5da49cb9-2fdc-9992-8971-8eeadf3a098a,64,3350416,3434063,3434688,3356744,625,84272,83647,0,0,0
3435328,7eccdaf4-c413-4dc2-c5c5-ae8abe15ad12,64,3350421,3434688,3435328,3356823,640,84907,84267,0,0,0
3435694,f3c2944a-b60a-3dcc-a7f7-745142da8609,64,3350416,3433892,3435694,3356584,1802,85278,83476,0,0,0
3436039,73b0d676-3527-a5c8-c534-ca08f6f24d1c,64,3329126,3418334,3436039,3353231,17705,106913,89208,0,0,0
3436690,61a11729-3cb9-8350-1b4d-a0fe7bb38605,64,3350422,3433095,3436690,3356290,3595,86268,82673,0,0,0
3437772,573bfc17-2167-c35e-ce73-34f233932b6c,64,3350419,3435328,3437772,3356826,2444,87353,84909,0,0,0
3437832,69c165ae-4c61-0ae8-87a3-7f1061b512ed,64,3350772,3435694,3437812,3356853,2118,87040,84922,0,0,0
3437916,aee14f87-fcff-e9e3-140f-f5896c624c2c,64,3350772,3434281,3437916,3356820,3635,87144,83509,0,0,0
3438754,e1035e1c-e3bb-22ae-6552-ac5309eda6f5,64,3350422,3436690,3438754,3357096,2064,88332,86268,0,0,0
3439981,7f9ad277-db49-6e6d-1688-782f72b696ca,64,3350777,3437832,3439981,3357426,2149,89204,87055,0,0,0
3440810,48998e5f-d40e-53ce-52a7-4a4144bed486,64,3350417,3438754,3440810,3357640,2056,90393,88337,0,0,0
3440937,7d23d479-9549-2a82-b787-ef8d3495311e,64,3329126,3432879,3440937,3355848,8058,111811,103753,0,0,0
3441600,47c68688-ecf3-2053-af36-b8cc13087974,64,3297205,3400431,3441600,3343254,41169,144395,103226,0,0,0
3441841,cf03f0c8-0eff-d5bd-47eb-340dc74e48ff,64,3350777,3439981,3441841,3357641,1860,91064,89204,0,0,0
3442604,495743a2-81b1-3b80-65e1-b0f5ca0ee8c4,64,3339010,3437772,3442604,3357120,4832,103594,98762,0,0,0
3442919,6fcc57dd-168f-ae12-5ca2-60c9eb7607c9,64,3350772,3440810,3442919,3357652,2109,92147,90038,0,0,0
3443093,22ab7752-c4db-5a62-2e13-418d68ab80ea,64,3350777,3441600,3443093,3357738,1493,92316,90823,0,0,0
3443263,7a5d7c82-86c5-547c-051a-00393803dcee,64,3350416,3442919,3443263,3358003,344,92847,92503,0,0,0
3443362,76c5a0dc-7e7e-7419-a0c1-4035c5d95f51,64,3350416,3440937,3443362,3357702,2425,92946,90521,0,0,0
3443729,19d9d0b5-a962-d996-6bbe-3b5a4d15f7d8,64,3301865,3417168,3443729,3351364,26561,141864,115303,0,0,0
3443928,c85cd714-7bf6-9552-4cbc-90446bcd5ce7,64,3350774,3443362,3443928,3358257,566,93154,92588,0,0,0
3444000,6676cc75-6699-5af5-1d24-181c2ed087d4,64,3329126,3436039,3444000,3356996,7961,114874,106913,0,0,0
3444424,2240063b-fed7-47be-afd0-d2f7e3524444,64,3339012,3441841,3444424,3357773,2583,105412,102829,0,0,0
3444980,7bab1baa-2172-a0aa-e44a-913af933a9fa,64,3350777,3444424,3444980,3358862,556,94203,93647,0,0,0
3445163,71be94c3-6ab1-cdb6-1da4-66feb0937085,64,3350378,3442604,3445163,3357870,2559,94785,92226,0,0,0
3445626,271e3ee2-b1a6-b1f1-620e-99d33b33f3d8,64,3350772,3443263,3445626,3358206,2363,94854,92491,0,0,0
3446321,d52721e7-19bc-143e-fb02-bebb48729a4d,64,3301865,3437916,3446321,3357619,8405,144456,136051,0,0,0
3446997,a3422e50-9e2a-7324-0f79-a8a75f8a14bd,64,3350773,3445163,3446997,3359095,1834,96224,94390,0,0,0
3447499,21bddb41-0699-8731-ddcf-8766a93b12cd,64,3339008,3444980,3447499,3358979,2519,108491,105972,0,0,0
3448571,0b531932-bd94-19aa-3ea6-e5b20c760d28,64,3301865,3443928,3448571,3358371,4643,146706,142063,0,0,0
3448721,33261887-9058-81df-ee9b-f3e11d27c09a,64,3350736,3443093,3448721,3358174,5628,97985,92357,0,0,0
3449204,4c2272f3-4811-e562-a91c-f19243e8644b,64,3350383,3447499,3449204,3359421,1705,98821,97116,0,0,0
3449322,797e3984-ded7-d3ef-f5e4-a9c12d761ffa,64,3339010,3443729,3449322,3358344,5593,110312,104719,0,0,0
3449437,085b15fb-4a8f-f810-784c-2f29980402a2,64,3339008,3444000,3449437,3358660,5437,110429,104992,0,0,0
3450876,0ec0ad4b-d644-1a9d-3362-d476d53ae57f,64,3350736,3446997,3450876,3359342,3879,100140,96261,0,0,0
3451105,c3c75611-ffe3-fa49-054f-92fff366bad4,64,3350736,3448571,3451105,3359484,2534,100369,97835,0,0,0
3454236,f186e47a-a794-6320-8cf6-e8b87fd238c3,32,3350381,3451105,3454236,3360618,3131,103855,100724,0,0,0
3454296,ad973b67-9b89-e5cb-d942-644c248d31ec,64,3350379,3448721,3454252,3359515,5531,103873,98342,0,0,0
3454356,e3ea2d7f-c219-a845-d9eb-404c1851d1cf,64,3301869,3451105,3454324,3360700,3219,152455,149236,0,0,0
3454760,1f5d988f-776a-bf09-3de2-885951b1943c,64,3339008,3450876,3454760,3360353,3884,115752,111868,0,0,0
3454820,9ca3fbb3-ff11-c8ba-36ee-1640723ef466,64,3339008,3449204,3454797,3359682,5593,115789,110196,0,0,0
3455992,b63b4dc3-a559-e463-79e1-3ceab0cbc61f,64,3350736,3454296,3455992,3361424,1696,105256,103560,0,0,0
3456052,4cec495b-2267-16e3-3a5b-6ac5de703b72,64,3339008,3446321,3456049,3359111,9728,117041,107313,0,0,0
3457914,722dce13-47a4-8c42-4665-34972fe922aa,64,3350732,3454820,3457914,3362620,3094,107182,104088,0,0,0
3458572,ba05dd0f-a966-0a5a-6ecf-1ed21861c9f3,64,3301868,3455992,3458572,3362686,2580,156704,154124,0,0,0
3458632,8d93e14a-5b16-7158-3a67-470c7d98302f,64,3350736,3456052,3458600,3362987,2548,107864,105316,0,0,0
3458960,cd4f8b2b-899a-c252-c1e1-b94a78883058,64,3339011,3449322,3458960,3359966,9638,119949,110311,0,0,0
3459198,c958e75e-21d5-3971-3367-49b52cf6bf75,64,3350736,3454356,3459198,3361517,4842,108462,103620,0,0,0
3459258,e45e2ad0-8eef-a5dd-d391-6dcfd6cade2c,64,3350382,3449437,3459206,3360064,9769,108824,99055,0,0,0
3460147,bd5ff093-c16f-9bcc-6243-bed754ec3f33,64,3350378,3459198,3460147,3364723,949,109769,108820,0,0,0
3462451,8fca7b6a-8fc4-2092-f4e5-59e596229348,64,3350738,3458572,3462451,3363483,3879,111713,107834,0,0,0
3463183,517400f8-0b2c-782a-6928-8e92c68a152f,64,3329131,3458632,3463183,3363813,4551,134052,129501,0,0,0
3463721,bed63da0-8033-f5c2-1413-d64db962c8a7,64,3329126,3458960,3463721,3364029,4761,134595,129834,0,0,0
3464100,0c3ce284-c7e5-3bbb-dcb5-1c535b62a8df,64,3350378,3459258,3464100,3365312,4842,113722,108880,0,0,0
3464428,81c61eeb-0ce3-c8c8-4735-4e4ff85b6d0a,64,3350732,3457914,3464428,3363236,6514,113696,107182,0,0,0
3465048,98cf1188-06d2-5913-a117-3719b023a0ea,64,3350382,3462451,3465048,3365768,2597,114666,112069,0,0,0
3465740,e87466d7-ad66-a1bd-9367-6a024fdc6e1b,64,3350378,3463183,3465740,3366003,2557,115362,112805,0,0,0
3466065,044251db-d0d4-ea67-7992-8faa4cbf131d,64,3329129,3445626,3466065,3359107,20439,136936,116497,0,0,0
3466127,af475b49-c775-e395-d494-05f02cd2a404,64,3350378,3464428,3466127,3366822,1699,115749,114050,0,0,0
3466658,ea18d32c-7a9a-8ef5-c11b-d1c4ffe3f366,64,3350736,3464100,3466658,3366739,2558,115922,113364,0,0,0
3466718,c51155ff-e7a3-7e81-63b4-c08b6b8e869f,64,3329129,3463721,3466679,3366575,2958,137550,134592,0,0,0
3466795,d8dff535-c62d-baea-de70-bd3000a21367,64,3350732,3460147,3466795,3365638,6648,116063,109415,0,0,0
3467656,1a85910d-5a05-7c11-4ffc-a6b199b479d4,64,3350732,3466718,3467656,3368747,938,116924,115986,0,0,0
3469175,5da8d6d2-f8b3-8a8b-e05f-b8bc8a16a06c,64,3350379,3466065,3469175,3368353,3110,118796,115686,0,0,0
3469365,98159d6c-9d71-3084-171d-abf9daf481a7,64,3350383,3466795,3469365,3368853,2570,118982,116412,0,0,0
3469634,25f934bf-9bb9-6155-5275-eb9414aeaf5c,64,3301869,3454760,3469634,3362109,14874,167765,152891,0,0,0
3470650,23a13e20-7fd2-55ee-ac48-436668bd80d7,64,3350378,3465048,3470612,3367062,5564,120234,114670,0,0,0
3470802,4a90cd0c-24c1-73b9-b7f2-85723defa849,64,3350383,3467656,3470757,3368902,3101,120374,117273,0,0,0
3470865,2e4bebc4-2989-0880-277d-1be96070b6a1,64,3350732,3469175,3470865,3368970,1690,120133,118443,0,0,0
3471368,989240ac-e689-33a9-c9e4-8e8c25c61c45,64,3350384,3465740,3471368,3368021,5628,120984,115356,0,0,0
3472437,ba236c22-e92a-7b97-51db-1a374204d733,64,3350735,3469365,3472437,3369227,3072,121702,118630,0,0,0
3472672,6e417d47-5ff5-95ea-5bc4-40f14b1a269b,64,3350732,3466127,3472672,3368471,6545,121940,115395,0,0,0
3474137,d038e153-c601-818b-61fa-01ba231ae7c7,64,3350382,3472672,3474137,3371614,1465,123755,122290,0,0,0
3474304,c64c9647-9ea7-017c-b89f-7039a107cc46,64,3352186,3470865,3474304,3370127,3439,122118,118679,0,0,0
3475296,398d1ca6-8b68-70b5-1d61-fac36cd5e859,64,3350732,3469634,3475296,3369574,5662,124564,118902,0,0,0
3476141,519554e3-0737-4c86-397b-5f515ffa46ef,64,3350382,3470650,3476141,3369761,5491,125759,120268,0,0,0
3476296,fb0d3cda-1e63-9261-50e9-688872730e7b,64,3350732,3466658,3476296,3368638,9638,125564,115926,0,0,0
3476649,16591c89-21eb-faa9-1a2b-d69c450f69ee,64,3350734,3474137,3476649,3371661,2512,125915,123403,0,0,0
3477566,5c9deee0-b42a-0456-8736-5a84725e134d,64,3352188,3472437,3477566,3371193,5129,125378,120249,0,0,0
3478118,bda3c162-3a78-b64a-1d86-80cbb90800f3,64,3350382,3476649,3478118,3371977,1469,127736,126267,0,0,0
3478690,4cc57e0d-2633-2018-6883-ac6e6a944054,64,3350732,3476141,3478690,3371841,2549,127958,125409,0,0,0
3479372,38b77c07-80fb-9296-73b6-a09b1beaf6ac,64,3350378,3476296,3479372,3371965,3076,128994,125918,0,0,0
3480571,4b91b8cb-6ae6-6582-b852-b3cd9442b5e6,64,3370309,3478690,3480571,3373746,1881,110262,108381,0,0,0
3481225,fee5ce69-33cb-202e-6d84-414df54191ea,64,3370313,3479372,3481225,3373980,1853,110912,109059,0,0,0
3481285,a14923c2-f920-264c-0763-fcd01f15c7b6,32,3350736,3478118,3481227,3372928,3109,130491,127382,0,0,0
3481649,1e2595b8-8fc9-c86b-e9dd-ebf563119aca,64,3370313,3480571,3481649,3374012,1078,111336,110258,0,0,0
3482793,fc8d5b93-a2a2-e91f-a49b-1cd99082889b,64,3352182,3471368,3482793,3371112,11425,130611,119186,0,0,0
3482853,3b964c74-ffe6-2994-9580-4c2ac44fc4b8,64,3352182,3477566,3482835,3372747,5269,130653,125384,0,0,0
3483221,755d814b-5f5b-a255-e544-9887b36ab3ed,64,3352182,3478118,3483221,3373101,5103,131039,125936,0,0,0
3483361,453b45fe-636c-f499-5254-aad3809cd839,64,3370314,3481649,3483361,3374280,1712,113047,111335,0,0,0
3483956,379d58f9-dc26-8108-7140-11a1afc2ccfc,64,3370315,3482853,3483956,3374446,1103,113641,112538,0,0,0
3484039,f7eae66e-ca6c-af9b-0969-71018b2c550a,64,3350378,3474304,3484039,3371716,9735,133661,123926,0,0,0
3484099,66fba71d-b3a9-dcaa-6c6f-6d2e6a59c043,64,3370317,3483221,3484099,3374456,878,113782,112904,0,0,0
3484181,eafde7d9-5f73-3a3e-5d28-6aa428a39779,64,3370314,3482793,3484181,3374323,1388,113867,112479,0,0,0
3484284,541cdfcd-da0d-4a5f-148f-8b74a65bb1f2,64,3370313,3483361,3484284,3374499,923,113971,113048,0,0,0
3485144,725d4259-3c4b-1eec-6231-ee7342c2d2eb,64,3370314,3484039,3485144,3374770,1105,114830,113725,0,0,0
3485204,770c7798-37cc-863b-f2a0-345990604f62,64,3370313,3484284,3485195,3375512,911,114882,113971,0,0,0
3485264,4082cbb9-48bd-db3e-62f5-df2badaa44ca,64,3370317,3484181,3485246,3374997,1065,114929,113864,0,0,0
3485789,15969802-b6dd-6257-fb7d-9f1c57eb89b1,64,3370317,3484099,3485789,3374800,1690,115472,113782,0,0,0
3485849,c2baf0e0-2179-e3f0-6612-4ab4f9b21e6e,64,3329129,3481225,3485827,3374041,4602,156698,152096,0,0,0
3485909,546252e7-f43b-a052-4459-bd6ec0f63229,64,3370308,3483956,3485875,3374654,1919,115567,113648,0,0,0
3486296,97154633-9d4e-db71-eb2e-c80e4c255823,64,3370317,3485204,3486296,3375923,1092,115979,114887,0,0,0
3486370,046a0df5-cafd-a613-72bb-912d7da67785,64,3352182,3475296,3486370,3371782,11074,134188,123114,0,0,0
3486629,df495037-b40a-9181-ac09-bdb799086e47,64,3370309,3486296,3486629,3376803,333,116320,115987,0,0,0
3486949,1036ca81-0bc4-d7ba-70d0-ebcb6949ece5,64,3370313,3485849,3486949,3376148,1100,116636,115536,0,0,0
3487289,485d831c-9bea-b529-9801-7a2fa5b83693,64,3370310,3486949,3487289,3377307,340,116979,116639,0,0,0
3487412,99966612-9ea8-7552-c475-66bf8f660bbd,64,3370308,3485144,3487412,3375902,2268,117104,114836,0,0,0
3488273,8a2db2e6-3bfd-a8a6-705f-ddf566fadca0,64,3370317,3487412,3488273,3377714,861,117956,117095,0,0,0
3488419,98874bfe-c136-9c65-ae2a-e3413f59e4f2,64,3329130,3470802,3488419,3369777,17617,159289,141672,0,0,0
3488963,d10bf4dc-0de4-faf4-d347-94cc5d04032d,32,3370309,3488419,3488963,3377974,544,118654,118110,0,0,0
3489023,ba92992e-44f8-b53c-5224-6d05d3692867,64,3370313,3486629,3488992,3377139,2363,118679,116316,0,0,0
3489387,31f3f0c0-22f3-f068-7c0f-549d02740f73,64,3370309,3485909,3489387,3376685,3478,119078,115600,0,0,0
3489875,257035db-3fea-d90a-21f8-072dddb7570e,64,3370265,3486370,3489875,3377023,3505,119610,116105,0,0,0
3489935,38aa76df-db6b-a39b-36dd-9529f704d72f,64,3370308,3489023,3489935,3378048,912,119627,118715,0,0,0
3490020,01a25ed1-c3ab-b5f1-0c6b-7074ab102c9b,64,3370309,3488273,3490020,3377772,1747,119711,117964,0,0,0
3490486,f3bc9a71-07f4-fee5-2c82-989ffd9cfbb0,32,3370309,3489387,3490486,3378104,1099,120177,119078,0,0,0
3490584,ce7ae7f6-3982-0cff-4f77-a665ac3c5640,64,3329130,3485789,3490584,3375992,4795,161454,156659,0,0,0
3491228,f8ded777-bb1e-5ae8-17d8-21b8bb93cd40,32,3370265,3488419,3491228,3377778,2809,120963,118154,0,0,0
3491321,69efafb1-3a7e-8e14-e359-eee173991a47,64,3370265,3490020,3491321,3379070,1301,121056,119755,0,0,0
3491660,54fc286f-7457-7d47-d825-301039112943,64,3370268,3487289,3491660,3377501,4371,121392,117021,0,0,0
3491722,b599277f-f78e-e9e8-b676-291d4e329b4b,64,3370265,3488963,3491722,3378041,2759,121457,118698,0,0,0
3493298,b379cb1e-e8cd-a0cc-76da-3ca0d2e82f38,64,3329126,3485264,3493298,3375975,8034,164172,156138,0,0,0
3494018,20509c62-08e8-95d7-702c-1821c8040fb7,64,3370274,3491722,3494018,3380826,2296,123744,121448,0,0,0
3494613,9c7c7377-79a2-8903-fbe3-3b243eae0032,64,3329129,3491660,3494613,3380662,2953,165484,162531,0,0,0
3494866,34885a46-9088-2eaf-c977-6598203c8c25,64,3370273,3489875,3494866,3378471,4991,124593,119602,0,0,0
3494926,30307633-a6de-d1d8-9258-17b7cf501889,64,3370273,3494018,3494867,3381211,849,124594,123745,0,0,0
3495994,bfbf397b-ac3e-7b0d-5e5b-a13d746cdb77,64,3329126,3491321,3495994,3380271,4673,166868,162195,0,0,0
3496261,25637cc3-ca97-ebf5-55d5-96afa663d2cd,64,3329126,3493298,3496261,3381019,2963,167135,164172,0,0,0
3496321,2ab8bd33-911f-730b-dbff-00b07fe670f3,64,3370269,3494926,3496307,3382297,1381,126038,124657,0,0,0
3496393,6dda4f8d-cea6-0f4c-39e5-8ff092f837d4,64,3370265,3494866,3496393,3382216,1527,126128,124601,0,0,0
3497283,0ec0713d-ea2c-7a51-7688-d11fce4758be,32,3379385,3495994,3497283,3382476,1289,117898,116609,0,0,0
3497418,fb756923-f910-abb3-f105-32523990e2c9,64,3379386,3496393,3497418,3382678,1025,118032,117007,0,0,0
3497557,6d3ee1dc-8139-2443-e45b-712eb8225688,64,3379368,3495994,3497557,3382547,1563,118189,116626,0,0,0
3499679,4baf0f5e-a932-0094-53f2-8f11147f6570,64,3370265,3494613,3499679,3382164,5066,129414,124348,0,0,0
3500608,7d4ed26e-dcd5-bfae-abb3-16a743299780,64,3352182,3497557,3500608,3383021,3051,148426,145375,0,0,0
3501399,4f612217-eef1-6694-50ca-e32d0aba590e,64,3379368,3497418,3501399,3382984,3981,122031,118050,0,0,0
3501483,811317a8-f4c8-e393-96dd-6c82a8909e31,64,3352185,3496321,3501483,3382601,5162,149298,144136,0,0,0
3501793,8ed6ad5e-1831-8aa3-5466-9d1910df9974,64,3352182,3490584,3501793,3379546,11209,149611,138402,0,0,0
3502176,2a9527f6-f817-0ebf-6b6e-64c5bb8aa843,64,3370270,3496261,3502176,3382576,5915,131906,125991,0,0,0
3502236,bcc57be0-0779-250a-6544-e3136ea05d13,64,3379381,3501793,3502186,3383956,393,122805,122412,0,0,0
3502640,6f07b60f-9d4e-8b5d-2120-bfba1689e0b8,64,3379368,3500608,3502640,3383669,2032,123272,121240,0,0,0
3503134,183fea70-3ff6-579e-8cd4-b90abf8211bc,64,3352182,3499679,3503134,3383617,3455,150952,147497,0,0,0
3504454,34981735-4d38-e415-e036-35fca88d4108,64,3379368,3502176,3504454,3384028,2278,125086,122808,0,0,0
3504922,96ef2ad6-b97e-6703-46c8-adfe7bf47042,64,3379369,3502640,3504922,3384105,2282,125553,123271,0,0,0
3505534,5d00df1b-a83c-1c2b-b776-e729791f49f6,64,3379375,3504922,3505534,3384298,612,126159,125547,0,0,0
3506682,1a8cf13c-28ce-231e-d827-4fc3f1458426,64,3352182,3501483,3506682,3383941,5199,154500,149301,0,0,0
3506751,396d1ffb-3a79-9efa-04e5-5bd56744acd4,64,3379369,3504454,3506751,3384290,2297,127382,125085,0,0,0
3507156,1bad52a8-a976-dc4d-0c47-2187fea35d37,64,3329126,3489935,3507156,3379047,17221,178030,160809,0,0,0
3507781,f2d3f761-0ba3-6279-14cb-056407437c3b,64,3379369,3506682,3507781,3384829,1099,128412,127313,0,0,0
3507858,f93e08d5-bea2-9dfe-c73f-6e1baf908e3c,64,3379384,3507156,3507858,3385120,702,128474,127772,0,0,0
3508464,27b608dc-589d-ecb0-75eb-89c23f5cf2f3,32,3352182,3502176,3508464,3383990,6288,156282,149994,0,0,0
3509215,73557b9d-0fd6-f47e-f52d-4af2269ed4c9,64,3352186,3501399,3509215,3383900,7816,157029,149213,0,0,0
3509736,cc1b4157-ec9f-9c54-5e0a-72ab7f5db163,64,3379377,3508464,3509736,3385491,1272,130359,129087,0,0,0
3510122,b3ecb951-ab8c-bf97-20b7-1785d02ce0c1,64,3352186,3502236,3510122,3384102,7886,157936,150050,0,0,0
3510239,409e7a80-86c5-d1d6-9ea9-f50831227592,64,3379368,3509215,3510239,3385621,1024,130871,129847,0,0,0
3510421,ef69a980-5ad4-79ef-636f-a890cc21cbdb,64,3370265,3505534,3510421,3384750,4887,140156,135269,0,0,0
3510815,6a34c854-1071-4d51-36c5-9dacb4d7e28e,64,3379381,3509736,3510815,3385822,1079,131434,130355,0,0,0
3511607,3a3e46b0-96f8-4ff7-c1a7-2883f8802878,32,3358490,3503134,3511607,3384167,8473,153117,144644,0,0,0
3511678,0b705933-4cde-1b6b-1132-567c51a40d2a,64,3370274,3510122,3511678,3385948,1556,141404,139848,0,0,0
3511787,5820b3f2-5989-dd6c-8d24-34f9963dc8bf,64,3370269,3510421,3511787,3386262,1366,141518,140152,0,0,0
3511896,8a3c3b5e-801e-f1da-45b1-ed25f1533ae8,64,3379368,3510815,3511896,3386322,1081,132528,131447,0,0,0
3512972,d0be73ee-fd37-2539-65f2-02f983f02dc7,64,3352187,3507858,3512972,3385348,5114,160785,155671,0,0,0
3513039,17eaec83-8892-042f-9d4b-2bf94d85e9c7,32,3370269,3510239,3513039,3386007,2800,142770,139970,0,0,0
3514082,54231dbe-2ba6-b158-a5ae-cf37a9d1a28e,64,3352186,3507781,3514082,3385326,6301,161896,155595,0,0,0
3514276,43c07d43-93a7-4792-c561-b8dca4364fcd,64,3379383,3511607,3514276,3386391,2669,134893,132224,0,0,0
3514404,27aa7cbc-2337-7bbc-fffe-77c839feb99c,64,3358493,3511787,3514404,3386765,2617,155911,153294,0,0,0
3515448,98dc9e0b-51a1-f5df-06ac-10102e0869c1,64,3370269,3514082,3515448,3387347,1366,145179,143813,0,0,0
3515733,e3a68a70-7e71-0b55-8639-bd418b15bd94,64,3370269,3512972,3515733,3387031,2761,145464,142703,0,0,0
3516778,e9aa144b-9dd4-3675-ef14-5064aab07015,32,3379388,3515448,3516778,3387533,1330,137390,136060,0,0,0
3517359,1a432f0a-7daa-39f0-c0b6-fce2de53790a,64,3378337,3515733,3517359,3387673,1626,139022,137396,0,0,0
3517752,11b461e9-b15d-a72d-d4ce-e27c4a94ae9f,64,3378346,3511678,3517752,3386757,6074,139406,133332,0,0,0
3517812,c1b5b5ca-bc35-36df-94f7-9dbac5811d2d,64,3378354,3511896,3517802,3386843,5906,139448,133542,0,0,0
3517887,dc6dafff-59c2-f153-b06b-0f0c96822e22,64,3370265,3514404,3517887,3387471,3483,147622,144139,0,0,0
3518612,b45c9a54-5fa3-a531-1291-6e60f5e72daf,64,3370265,3514276,3518612,3387384,4336,148347,144011,0,0,0
3518923,18f1a1e4-1d30-a290-73d9-2aceb7461b72,64,3370269,3515448,3518923,3387576,3475,148654,145179,0,0,0
3519651,49e64c22-89a0-b7eb-398f-569b465cc2cb,64,3379382,3518612,3519651,3388243,1039,140269,139230,0,0,0
3519806,57bcad3a-d0a1-7fe8-5f64-2a5317cba85d,64,3379379,3517752,3519806,3387825,2054,140427,138373,0,0,0
3520471,649f7d88-8989-c5ab-fe2b-34d82db0728d,64,3329126,3490486,3520471,3379450,29985,191345,161360,0,0,0
3520531,c3093b6e-37e9-d2e2-d35a-c07aaa0217d0,64,3379368,3517812,3520475,3388002,2663,141107,138444,0,0,0
3520947,2c2ac34b-9e0b-7b01-7536-59efd873dad9,64,3379378,3519651,3520947,3388394,1296,141569,140273,0,0,0
3521536,0db5d441-2837-f418-6f27-c1b9e3c6dedb,64,3379377,3520471,3521536,3388463,1065,142159,141094,0,0,0
3521785,e63658c9-12d0-498d-718d-4d05e8e22743,64,3379374,3519806,3521785,3388435,1979,142411,140432,0,0,0
3522085,349b5089-2733-5670-b3ad-a2ba797209c0,64,3378335,3520947,3522085,3388660,1138,143750,142612,0,0,0
3522186,43b47ee5-e1e8-9e7e-2249-8f666e51484d,64,3370265,3517887,3522186,3388088,4299,151921,147622,0,0,0
3522834,b34c6c73-5833-0b30-6c77-6e950b981ccd,64,3379387,3520531,3522834,3388499,2303,143447,141144,0,0,0
3522894,436e3c49-770e-09db-7092-d40143675d58,64,3370273,3521536,3522881,3389147,1345,152608,151263,0,0,0
3524178,3cd5fd7f-49c1-0669-c6b3-3fe61c76bdf6,32,3378335,3522894,3524178,3390569,1284,145843,144559,0,0,0
3524459,f94d8fcb-dba3-496f-fa32-3f6990dbfad6,64,3370268,3522186,3524459,3389865,2273,154191,151918,0,0,0
3524568,d0725b5c-a281-4044-6f96-288295d82980,64,3378349,3521785,3524568,3389180,2783,146219,143436,0,0,0
3524857,87f1d48c-d54e-7948-c1c0-c5e3527c8f50,64,3378335,3518923,3524857,3388269,5934,146522,140588,0,0,0
3525758,a255e1bb-0795-8c1f-538d-6b8cc607b1e9,64,3378349,3524178,3525758,3391678,1580,147409,145829,0,0,0
3526689,51e744e4-b864-ca08-ea75-752d6a8fcacb,64,3352186,3506751,3526689,3384933,19938,174503,154565,0,0,0
3527078,6511e61a-1436-65f5-4c81-926079ec533c,64,3370270,3522085,3527078,3389200,4993,156808,151815,0,0,0
3527253,781799ff-b49e-04cc-c243-69e72387eaf6,64,3378355,3524459,3527253,3392479,2794,148898,146104,0,0,0
3527441,6334fa2a-8b4b-d7e7-a451-5ae01754bf08,32,3329126,3517812,3527441,3387906,9629,198315,188686,0,0,0
3527885,11a72609-5edd-bbbf-a959-76636daa2e68,64,3378350,3524568,3527885,3393349,3317,149535,146218,0,0,0
3530655,1bf645f6-2324-5211-4588-fc1bb2384849,64,3378354,3527885,3530655,3394715,2770,152301,149531,0,0,0
3532034,638c254c-076e-2bba-7c53-08bf6f92f25e,64,3329130,3527253,3532034,3394033,4781,202904,198123,0,0,0
3533110,15ce6a66-4dc8-2a1e-f2f9-e5fa90164161,64,3378335,3527078,3533110,3393997,6032,154775,148743,0,0,0
3533396,9f6facc1-451d-38fe-8532-fc74a9987bdf,64,3378345,3530655,3533396,3395131,2741,155051,152310,0,0,0
3534438,8eb22579-0cdb-1ca4-76ec-bdd68498e113,64,3352186,3526689,3534438,3393818,7749,182252,174503,0,0,0
3534743,bc69c155-1a37-f6bd-6cd6-f011fd61f13b,64,3378344,3533110,3534743,3395759,1633,156399,154766,0,0,0
3535983,899ca782-e323-6d1a-3c1b-dacc18e19331,64,3352182,3522834,3535983,3389920,13149,183801,170652,0,0,0
3536043,0d31812e-30c3-6756-d453-f867b97e6224,64,3352185,3524857,3535995,3393479,11138,183810,172672,0,0,0
3536232,cd98f9e2-8d88-8beb-090d-9655db842660,64,3378340,3533396,3536232,3396084,2836,157892,155056,0,0,0
3537372,50647c59-774f-6354-7316-ce642a147a96,64,3378335,3532034,3537372,3395315,5338,159037,153699,0,0,0
3537664,5024bdc6-dcb3-3df3-13ee-cdc6ebd14d2c,64,3378351,3536043,3537664,3398103,1621,159313,157692,0,0,0
3538457,f80b2cea-658e-54a2-9879-cf35f4719986,64,3378335,3537372,3538457,3400021,1085,160122,159037,0,0,0
3539359,76f2dbfe-cd29-a36f-2222-82e174daaebf,64,3378341,3537664,3539359,3400269,1695,161018,159323,0,0,0
3539576,fa207403-4ab4-27e3-a360-76812bbba89d,32,3378343,3536232,3539576,3399185,3344,161233,157889,0,0,0
3540877,c6435300-68a5-1c68-632d-bb5e486bb6bf,64,3378335,3534743,3540877,3396585,6134,162542,156408,0,0,0
3540937,720b274b-82a7-f586-e61d-9cde1747f387,64,3329129,3525758,3540923,3393751,15165,211794,196629,0,0,0
3541941,d4c3a832-b231-c60b-78f2-ce6bd46b415d,64,3378352,3535983,3541941,3396670,5958,163589,157631,0,0,0
3542269,69fb0763-8a9c-66f7-cee4-e5125802b640,64,3370964,3517359,3542269,3387715,24910,171305,146395,0,0,0
3545069,503be788-2d44-5af8-fc94-76b1a18b5d15,64,3378344,3540877,3545069,3400586,4192,166725,162533,0,0,0
3545359,1cb9b73a-906d-5c8c-ead0-8c8913fe8a29,64,3378336,3539359,3545359,3400521,6000,167023,161023,0,0,0
3547023,cbc72f1a-cf08-ea54-b429-9924c0986750,64,3358068,3538457,3547023,3400431,8566,188955,180389,0,0,0
3549228,25f88c74-53ea-4919-db48-62c2d5ff2a1f,64,3358493,3545069,3549228,3412375,4159,190735,186576,0,0,0
3549345,96792482-a3c9-88e4-8d22-38e6c7bf4fbc,64,3358491,3545359,3549345,3417696,3986,190854,186868,0,0,0
3550770,f296d9f0-cd23-72c2-2bff-e17b532401fc,64,3358491,3542269,3550770,3405024,8501,192279,183778,0,0,0
3550837,c074718e-425a-609f-7337-c59979844388,64,3425641,3549345,3550837,3430727,1492,125196,123704,0,0,0
3550897,51beb80e-b7e6-a14c-dc8a-49225005680f,64,3358067,3534438,3550845,3396303,16407,192778,176371,0,0,0
3551098,4f6b58c8-598d-daec-eaaf-e5432434a678,32,3425636,3549345,3551098,3430516,1753,125462,123709,0,0,0
3551327,4ba17233-1ac3-bf31-7b96-e2d10649bcf6,64,3378335,3540937,3551327,3401490,10390,172992,162602,0,0,0
3551735,636f6e5c-2253-e706-87ad-8b268eaa5841,64,3425633,3550770,3551735,3431030,965,126102,125137,0,0,0
3552320,e2d903c8-a61a-cd8e-6bf7-240fccc62fed,64,3425637,3550897,3552320,3431723,1423,126683,125260,0,0,0
3552966,5fa5e0aa-9b11-b530-fd24-7c11bf6b8cdf,32,3425641,3552320,3552966,3433880,646,127325,126679,0,0,0
3553964,dcd1c413-0760-801f-9c81-fc465bcd236c,64,3425636,3550837,3553964,3431409,3127,128328,125201,0,0,0
3554075,3c20592f-c04a-96c4-f3b6-3fe1d1843324,32,3425636,3552320,3554075,3433522,1755,128439,126684,0,0,0
3554431,9d1c0838-edc8-cca8-e3bc-d6f3b18d2c8c,64,3425641,3552966,3554431,3434240,1465,128790,127325,0,0,0
3554626,3ed8c56c-da09-dfa0-5282-8d8044b591f7,64,3425641,3549228,3554626,3429804,5398,128985,123587,0,0,0
3555058,ec86a890-d7b0-0bdc-566e-3cbe9aea622f,64,3425633,3551735,3555058,3432152,3323,129425,126102,0,0,0
3555118,9360715f-c3fe-0183-e172-b725db52ca58,64,3358067,3536232,3555097,3399470,18865,197030,178165,0,0,0
3555644,6b382a0a-231d-260b-b362-cd559b0ada0b,64,3425636,3555118,3555644,3434987,526,130008,129482,0,0,0
3555704,edcb8cb6-0692-dc63-9424-aed51bac5c15,64,3358068,3547023,3555695,3424226,8672,197627,188955,0,0,0
3555910,c8d57717-9055-a36f-4aa5-f9d3335f2f59,64,3425641,3555058,3555910,3434945,852,130269,129417,0,0,0
3555970,af34cf65-a193-c4b2-3c19-e71d118405ad,64,3425637,3554431,3555913,3434573,1482,130276,128794,0,0,0
3556525,ee4205ee-a52f-c3ec-eb4e-2281b184d1fc,64,3425633,3555644,3556498,3435480,854,130865,130011,0,0,0
3556800,329fc417-1081-3d45-ff45-f8a20594b24f,64,3425641,3551327,3556800,3431853,5473,131159,125686,0,0,0
3556860,f7d7465d-37c3-b3c9-65d0-b51788d00abd,64,3425637,3555970,3556803,3436850,833,131166,130333,0,0,0
3557180,b7f60cdf-41dc-1c60-a5f6-0735757b6b29,64,3425639,3555704,3557180,3435562,1476,131541,130065,0,0,0
3557684,c156e501-b30e-96e8-b9da-5f8c4e35da80,64,3425643,3554626,3557684,3434645,3058,132041,128983,0,0,0
3558304,b12b6680-7f07-2cb9-2fd3-40c0f945f2fd,32,3438814,3557684,3558304,3442396,620,119490,118870,0,0,0
3558544,24aa5685-7523-66ce-fc95-0bbae8184f34,32,3425641,3556800,3558544,3438120,1744,132903,131159,0,0,0
3558616,694d7b00-8d38-8327-883f-13c601b158e9,32,3425636,3556800,3558616,3437404,1816,132980,131164,0,0,0
3558676,b076a7dc-fd0c-e433-ca5e-151b23d3cd4c,64,3425641,3556860,3558625,3438148,1765,132984,131219,0,0,0
3558852,c5c5b37a-f85e-06a1-1dad-09b252c21221,32,3438810,3557684,3558852,3442249,1168,120042,118874,0,0,0
3559078,74797b61-2737-2b52-7a6a-210722319050,64,3425636,3555910,3559078,3436020,3168,133442,130274,0,0,0
3559287,98af5cca-6b11-b7cb-6372-542482c56b21,64,3438814,3558304,3559287,3442472,983,120473,119490,0,0,0
3559485,3508507a-f622-d842-0402-2b3c508211a5,64,3425642,3553964,3559485,3434566,5521,133843,128322,0,0,0
3559616,768b4f7e-6421-5e66-5fc6-4cd0721e8b1f,64,3438809,3558616,3559616,3442694,1000,120807,119807,0,0,0
3559676,93364f7e-83ef-a9f3-a1c7-cc8a04351b64,64,3438814,3558676,3559656,3443022,980,120842,119862,0,0,0
3559972,6b52f93c-2321-e64e-620d-4a1f479f6628,64,3438815,3559616,3559972,3444147,356,121157,120801,0,0,0
3560248,12a1fe7d-dfa5-9722-0a1f-c9df9a591974,64,3438809,3559676,3560248,3444334,572,121439,120867,0,0,0
3560308,10b6a662-2ac1-d5ca-4e5d-8f1296b31f4a,64,3425633,3556525,3560284,3437261,3759,134651,130892,0,0,0
3560368,889fe107-443b-1d0f-3dbc-3093a8284442,64,3425633,3557180,3560356,3438391,3176,134723,131547,0,0,0
3560668,f510ab53-c7fe-e39f-1190-f938a66fd7f7,64,3438820,3559287,3560668,3443638,1381,121848,120467,0,0,0
3560875,f168c605-ce1a-1669-9bbc-6cbc409ca8f2,64,3358069,3541941,3560875,3403211,18934,202806,183872,0,0,0
3561133,fba6abf7-cdbc-c653-77a7-e8b75e70f65f,64,3438818,3559972,3561133,3444372,1161,122315,121154,0,0,0
3561193,3f5e3b8c-c058-2da5-a757-075bd47f83b1,64,3438814,3559078,3561164,3443186,2086,122350,120264,0,0,0
3561480,9a069295-3b8d-3447-0e61-065f171b1b80,64,3438819,3560875,3561480,3444977,605,122661,122056,0,0,0
3562487,161d5c87-53c9-fe59-4f89-e3b2d847dc53,64,3438814,3560368,3562487,3444736,2119,123673,121554,0,0,0
3562683,8861fe18-58e2-5888-0a83-81bec85aca46,64,3438810,3560248,3562683,3444403,2435,123873,121438,0,0,0
3562765,b4adaf89-0ff1-aa9f-ba37-0623bc5fd4dd,64,3438815,3560308,3562765,3444673,2457,123950,121493,0,0,0
3563016,8570b59f-a903-ae67-fc56-8b5324acb722,64,3438809,3561133,3563016,3445149,1883,124207,122324,0,0,0
3563076,16476e3f-1127-b207-ceae-1325ea074d80,64,3438819,3560668,3563035,3444776,2367,124216,121849,0,0,0
3563076,40b374f8-8c1a-b2c7-1fa3-ed1f61584f88,64,3438809,3561193,3563076,3445219,1883,124267,122384,0,0,0
3563136,6db99102-a48b-3dbe-157d-94a106f028ff,64,3438809,3559485,3563116,3443640,3631,124307,120676,0,0,0
3563466,0c880714-8372-17e0-6570-46ea5b11f51f,64,3438814,3562487,3563466,3446101,979,124652,123673,0,0,0
3563996,e8b77f7b-7321-bf6b-0a80-76ece5582e16,64,3438810,3561480,3563996,3445267,2516,125186,122670,0,0,0
3564194,bc0a6a5d-6e99-6e3e-e3b1-37fc0a3450fc,64,3438809,3562683,3564194,3446317,1511,125385,123874,0,0,0
3564254,f0b2a5d1-8c7e-6f42-2646-eaf9d5c0244d,64,3438810,3563076,3564246,3447107,1170,125436,124266,0,0,0
3564829,8a4b8f7c-2147-2a15-fcce-96f6250a4578,64,3438815,3563016,3564829,3446445,1813,126014,124201,0,0,0
3564889,3873e57f-0ba0-78e8-4ef4-92c1aac93316,64,3438814,3562765,3564876,3446425,2111,126062,123951,0,0,0
3565448,f891b0c3-dd3f-487e-52bd-c6619fe0a8c7,64,3438772,3564254,3565448,3449760,1194,126676,125482,0,0,0
3565536,a04d4d14-197d-bae1-0bc2-ea720c648ca2,64,3438818,3563076,3565536,3446725,2460,126718,124258,0,0,0
3566555,1cce08e9-6b6a-8061-c81c-8d3185c69fbf,64,3438777,3564829,3566555,3450144,1726,127778,126052,0,0,0
3566649,15260718-cd18-0a82-4447-ceab84ef4324,64,3438768,3563136,3566649,3447348,3513,127881,124368,0,0,0
3566709,577bc55a-36d5-5494-f37f-d50d2e25b5ee,64,3438776,3564889,3566656,3450153,1767,127880,126113,0,0,0
3566957,46707cd6-4ced-a164-69df-14e9389641dd,64,3438768,3563466,3566957,3447756,3491,128189,124698,0,0,0
3567017,d8e7012f-3968-1c81-7b70-c3b8a81fdec3,32,3438772,3563466,3566999,3447638,3533,128227,124694,0,0,0
3567128,73e7f042-516c-3b0a-5385-3918bc4015fa,64,3438772,3564194,3567128,3448532,2934,128356,125422,0,0,0
3568845,e05b46c5-5636-3094-a974-31db09a9d1c1,64,3444739,3566649,3568845,3451657,2196,124106,121910,0,0,0
3570019,5168bbf2-97af-5bde-3c8e-9d782d14e9f4,64,3438772,3567128,3570019,3453628,2891,131247,128356,0,0,0
3570226,98a21f1c-914d-cfae-f100-13a7c6deb2f0,64,3438775,3563996,3570226,3448526,6230,131451,125221,0,0,0
3571550,8f3dc97f-e6b0-da0a-b98f-5dbe15aede0f,64,3444745,3570019,3571550,3454048,1531,126805,125274,0,0,0
3571687,1bff3142-a5e1-5b55-57d3-f4ddd963dc72,64,3438768,3565448,3571687,3451420,6239,132919,126680,0,0,0
3571747,1d91fe39-d801-4004-793b-ed1b14f9c394,64,3438768,3565536,3571733,3451423,6197,132965,126768,0,0,0
3572058,a65f7b8a-dbb4-4021-fdde-64afa75b395a,64,3438772,3566555,3572058,3451610,5503,133286,127783,0,0,0
3572944,ba2c98ce-0b19-f88e-9d77-a45ef206c269,64,3438768,3566709,3572944,3451721,6235,134176,127941,0,0,0
3573205,822c4d32-6c64-5c15-aba3-01cba561e1e9,64,3438768,3571550,3573205,3454383,1655,134437,132782,0,0,0
3573265,3e245fbf-fa69-8cd2-fe23-90f3e7bbaefc,64,3444743,3572058,3573206,3456106,1148,128463,127315,0,0,0
3574370,8f15ba58-fce6-8504-87f8-424daae65fc1,64,3438777,3566957,3574370,3452480,7413,135593,128180,0,0,0
3574582,b5a6571c-4fa5-c35e-10cc-460428b26b1b,64,3444743,3568845,3574582,3453731,5737,129839,124102,0,0,0
3574642,0fc98d2e-030f-9be9-1f17-8f9323c97a1e,64,3444738,3573205,3574616,3456414,1411,129878,128467,0,0,0
3574989,f18cccdc-131e-b723-3bcd-f203459ee674,32,3444743,3571747,3574989,3455177,3242,130246,127004,0,0,0
3575079,f48f709c-49a2-2441-0ac4-de854a5b1aff,64,3438773,3573265,3575079,3456441,1814,136306,134492,0,0,0
3575850,41191aa7-1b61-d453-68c2-094db8b818cf,64,3444743,3574370,3575850,3456685,1480,131107,129627,0,0,0
3575910,a43e558c-2215-df00-dfdf-0e05c0cef31b,64,3438772,3572944,3575885,3456139,2941,137113,134172,0,0,0
3576632,b8beff3d-cb9f-af6d-ef3a-6f27ef06fccb,64,3444743,3571747,3576632,3455303,4885,131889,127004,0,0,0
3577645,6e8f75a1-17dd-ed81-15da-705cd4ef00aa,64,3438769,3570226,3577645,3454106,7419,138876,131457,0,0,0
3578332,df41e335-b9ae-d8e4-e615-99c8cbf81f86,64,3444735,3575079,3578332,3457650,3253,133597,130344,0,0,0
3579106,8beb4e78-e683-73a3-bb82-b7963207343e,64,3438771,3571687,3579106,3454540,7419,140335,132916,0,0,0
3580819,f8f9a45d-0f55-4896-f610-396b7df59abf,64,3438770,3574582,3580819,3457270,6237,142049,135812,0,0,0
3580932,e1fdc6d1-6978-5221-7fb7-5c574b8c031f,64,3444734,3578332,3580932,3458420,2600,136198,133598,0,0,0
3581247,cf767343-fced-f994-d631-c383303014d0,64,3444739,3579106,3581247,3458537,2141,136508,134367,0,0,0
3581657,255bfc1c-7e3d-5ee4-44b6-4ec14d16f049,64,3444739,3577645,3581657,3458379,4012,136918,132906,0,0,0
3581717,286ed390-edd9-7a1a-fa58-5b278ce3e7c3,64,3444744,3575910,3581682,3457876,5772,136938,131166,0,0,0
3582063,45f50c52-2e2f-bf77-0769-79d644777442,64,3444734,3576632,3582063,3458259,5431,137329,131898,0,0,0
3582237,fc737d92-11ab-3d11-e4eb-8000ef40d162,64,3438777,3575850,3582237,3457672,6387,143460,137073,0,0,0
3582539,279c658a-3676-0ce5-81e5-c9f693f277cc,64,3438775,3580819,3582539,3458819,1720,143764,142044,0,0,0
3582619,0261c87a-a15c-159a-af8c-a888b1f81ad9,64,3444738,3574642,3582619,3457457,7977,137881,129904,0,0,0
3582983,09f64405-0b99-0034-0a4e-255280051b10,64,3444738,3581657,3582983,3460185,1326,138245,136919,0,0,0
3583715,0274ce40-e090-16b6-b186-a5a8d6ee526b,64,3438777,3582063,3583715,3460711,1652,144938,143286,0,0,0
3583840,b28187c4-aa05-5442-a284-e8fd755cee2a,64,3444739,3581717,3583840,3460595,2123,139101,136978,0,0,0
3584173,f692641a-9aad-10ce-cab2-4f241744ee3f,64,3444739,3580932,3584173,3459260,3241,139434,136193,0,0,0
3585225,be2d740a-1e9b-23bc-50c7-c006314d3441,64,3444746,3583715,3585225,3463695,1510,140479,138969,0,0,0
3586765,5c0b9b10-a757-cb10-42f5-25b902ed73ce,64,3438769,3581247,3586765,3459380,5518,147996,142478,0,0,0
3587393,e6fdd7af-dd84-cacc-f672-94643f8ea40a,64,3444734,3582539,3587393,3461060,4854,142659,137805,0,0,0
3587751,7eef09ab-da14-3a47-7823-51d9d94df188,64,3438772,3582237,3587751,3460737,5514,148979,143465,0,0,0
3588048,827c9f8c-d40a-c5e9-81df-6517561c9210,64,3444739,3582619,3588048,3462313,5429,143309,137880,0,0,0
3589454,c2492e5e-005f-d0e6-55c3-b2dbf374190d,64,3464283,3587393,3589454,3470156,2061,125171,123110,0,0,0
3589746,70cafdd8-fc04-3f08-9207-0158f2771f63,64,3444743,3584173,3589746,3467050,5573,145003,139430,0,0,0
3590161,54bbbcf8-28fe-a761-8d49-fe3f2ca8f783,64,3464279,3588048,3590161,3471694,2113,125882,123769,0,0,0
3590469,05c8234b-1d76-3a66-b5f5-9cb0cf685878,64,3464279,3586765,3590469,3469459,3704,126190,122486,0,0,0
3590542,31a3ac4d-828c-37e7-87d5-b7be1d30d990,64,3464282,3589454,3590542,3471811,1088,126260,125172,0,0,0
3591001,6090d697-8b1e-3b9d-c34b-9fbb8d4a75b8,64,3464279,3587751,3591001,3470716,3250,126722,123472,0,0,0
3591642,3805f907-6cd6-6193-c746-8f591b494e15,64,3464282,3590469,3591642,3473118,1173,127360,126187,0,0,0
3592194,0cf697a5-7603-c36c-f139-4e3c0aee2557,64,3444744,3585225,3592194,3468417,6969,147450,140481,0,0,0
3592553,eb4d8f42-8735-70a2-e511-09611869a217,32,3464279,3590542,3592553,3473573,2011,128274,126263,0,0,0
3592759,5bb8b9c8-8932-59f3-1ee8-9a4c681134e2,64,3444743,3582983,3592759,3463552,9776,148016,138240,0,0,0
3592819,df9b141e-c7f7-bda1-bff1-5840207e863f,64,3464279,3591001,3592811,3475481,1810,128532,126722,0,0,0
3593356,9be71737-06b8-9231-8e86-7f3ca487eeab,64,3464282,3589746,3593356,3471907,3610,129074,125464,0,0,0
3593611,a995ecc3-6f5b-09a6-0ff1-c51f915cb31b,64,3464286,3590161,3593611,3472129,3450,129325,125875,0,0,0
3593703,d8d994b8-d90f-74e9-06dd-f6cab0c30a59,64,3444734,3583840,3593703,3465403,9863,148969,139106,0,0,0
3594062,548e1f6b-69ce-1e4e-19a6-92c90d700ea4,64,3470481,3592819,3594062,3476753,1243,123581,122338,0,0,0
3594832,2e9ce8ff-084a-3c4b-9146-8cdcf7164b73,64,3462885,3592759,3594832,3476474,2073,131947,129874,0,0,0
3594949,9f708368-cb3c-f8ca-a392-57316b79afcc,64,3470489,3593611,3594949,3476925,1338,124460,123122,0,0,0
3595072,4d3485c5-c5c1-4eb4-b27b-3d901a16342c,64,3470742,3593703,3595072,3476965,1369,124330,122961,0,0,0
3595161,2d79a2d1-506e-50c7-7aa0-61e9336b00cb,64,3464287,3591642,3595161,3476272,3519,130874,127355,0,0,0
3595446,5a2837b2-cb83-83f2-bb96-f6022b115c36,64,3470742,3593356,3595446,3476862,2090,124704,122614,0,0,0
3595731,1f5df912-54e0-7431-cf13-3b65d450afa2,64,3464279,3592194,3595731,3476347,3537,131452,127915,0,0,0
3595970,38d5101f-423c-ad9d-193e-478302b34254,64,3464279,3594832,3595970,3477148,1138,131691,130553,0,0,0
3596053,59e1ac09-5970-a859-c6b6-e4ade7ea8d5a,64,3464285,3594949,3596053,3477178,1104,131768,130664,0,0,0
3596476,a9e27ba9-952e-6abb-14dd-5061555736f8,64,3470507,3595731,3596476,3477645,745,125969,125224,0,0,0
3596558,a52964ff-c74c-c890-3c6a-3174113634a5,64,3464283,3595072,3596558,3477450,1486,132275,130789,0,0,0
3597588,b02e21aa-352b-6ec8-e90d-21cb7f111a36,64,3464288,3595161,3597588,3477462,2427,133300,130873,0,0,0
3597717,64953d5f-0cb4-e891-188d-f23b3ccff6eb,64,3470775,3596558,3597717,3478445,1159,126942,125783,0,0,0
3598284,84a2576c-1fc9-05f8-d4d6-07350e2f8958,64,3462885,3590542,3598284,3475043,7742,135399,127657,0,0,0
3598344,5f18e583-f0b6-f83f-a377-f6f1d289f0ab,64,3470546,3595446,3598286,3477503,2840,127740,124900,0,0,0
3598640,65edcfe3-4f2d-ad3f-10d4-de39161237c9,64,3475508,3598284,3598640,3478719,356,123132,122776,0,0,0
3598700,48769153-c688-13fe-5255-5c758d55119e,64,3470760,3596476,3598658,3478344,2182,127898,125716,0,0,0
3599278,b5a5f8e6-b639-1f04-2852-4385d9f2dd0d,64,3475518,3598640,3599278,3478799,638,123760,123122,0,0,0
3599371,4ccb2355-39d1-c7ff-b27e-1442fd7fe973,64,3475509,3598344,3599371,3478761,1027,123862,122835,0,0,0
3599452,01e187d8-1a31-2044-95a0-f35665abc9ff,64,3475544,3597588,3599452,3478488,1864,123908,122044,0,0,0
3599696,63d62a39-c0e3-befd-4c71-e0fe5a0cdd7c,64,3470483,3594062,3599696,3477077,5634,129213,123579,0,0,0
3599756,3730dfba-6494-dd5c-da29-6905ee22a70b,64,3475507,3599371,3599725,3479162,354,124218,123864,0,0,0
3599872,ad409244-cd35-66ef-5c37-07394a629c5e,64,3464281,3596053,3599872,3478082,3819,135591,131772,0,0,0
3600221,0131ff3b-6221-0670-7a36-e788f71fb9a6,64,3464282,3595970,3600221,3477664,4251,135939,131688,0,0,0
3600493,55f3ad50-e2fb-b984-bab2-7bcea39c3bd5,32,3475538,3599278,3600493,3478985,1215,124955,123740,0,0,0
3600493,67c0518b-17ef-a621-081c-79d4c27437eb,64,3475526,3599872,3600493,3479369,621,124967,124346,0,0,0
3600697,6e3f683a-bf3c-5140-7f54-a51101fa964e,64,3475535,3599696,3600697,3479353,1001,125162,124161,0,0,0
3600757,7f6bd3c6-1b34-1937-c8e6-09391d2fed2a,64,3475527,3598700,3600745,3478911,2045,125218,123173,0,0,0
3600853,7b53359e-1bac-bd0d-af35-b30b4c68eb17,64,3475508,3600493,3600853,3479436,360,125345,124985,0,0,0
3601217,df162ec3-be84-8aa2-392c-04da5af3da5a,32,3470777,3598700,3601217,3478804,2517,130440,127923,0,0,0
3601277,502cf0ee-224a-66a6-ac0f-680115b24e1d,64,3475544,3599452,3601258,3479164,1806,125714,123908,0,0,0
3601337,3defa7ba-07d2-fd4d-ae61-716a1fb621ae,64,3475529,3597717,3601313,3478605,3596,125784,122188,0,0,0
3601772,1eb74b56-53ff-d3a2-4a19-35014169b9fc,64,3470742,3599756,3601772,3479366,2016,131030,129014,0,0,0
3601918,ba108217-0ad7-c9a2-7277-16ec59fefbbc,64,3475540,3600853,3601918,3479763,1065,126378,125313,0,0,0
3602148,c9ce44bd-7c3f-1add-da38-5db590eeb067,64,3470764,3600493,3602148,3479457,1655,131384,129729,0,0,0
3602547,28e333b6-4e8a-dc4b-7724-20411e43fbd2,64,3475508,3601337,3602547,3479798,1210,127039,125829,0,0,0
3602889,f387e1bd-2d59-72c6-134a-5a2fa7cf705c,64,3475510,3600697,3602889,3479601,2192,127379,125187,0,0,0
3602889,08e3f771-b6dc-bd05-da9b-ccc1e71c681a,64,3475541,3601918,3602889,3479837,971,127348,126377,0,0,0
3602949,94ad6252-15bc-2a3e-bf76-55d7f97c6c3c,64,3464287,3600221,3602926,3479403,2705,138639,135934,0,0,0
3603273,b2a6e468-d02b-1243-8091-3ac10463750e,64,3475542,3601772,3603273,3479830,1501,127731,126230,0,0,0
3603837,eb6c1016-cee6-24d0-9dac-6e8345241ea6,64,3475548,3603273,3603837,3480100,564,128289,127725,0,0,0
3604622,a0279a18-6576-a410-0d41-ee472a5fda18,64,3475537,3602148,3604622,3479923,2474,129085,126611,0,0,0
3604893,1674eb65-0f9c-5300-7aa1-c5678cf9eea9,64,3462886,3601277,3604893,3479775,3616,142007,138391,0,0,0
3604957,6b15c11b-b113-d50b-dea0-50c6eb9ed274,64,3475546,3602889,3604957,3479981,2068,129411,127343,0,0,0
3605146,74eff545-3e65-2603-78e3-654bfaf14ff0,64,3475541,3602949,3605146,3480049,2197,129605,127408,0,0,0
3606128,bf337a15-1e08-6f20-bdd1-51b0f64ab6ec,64,3475509,3605146,3606128,3480382,982,130619,129637,0,0,0
3606538,5e6fea07-c453-6f1d-4199-2fdfb31022f0,64,3475528,3602889,3606538,3479994,3649,131010,127361,0,0,0
3607131,7c0e8cd8-8573-e793-c715-b2b9c40c5d91,64,3475533,3606128,3607131,3480410,1003,131598,130595,0,0,0
3607800,96a9954f-dc33-e1f9-4c1f-55ab715629ee,64,3470782,3602547,3607800,3479963,5253,137018,131765,0,0,0
3608208,72f60958-12ef-6101-6082-786fca00ef58,64,3470471,3603837,3608208,3480123,4371,137737,133366,0,0,0
3608450,0e3141ec-5c31-1464-82c2-99f07487d772,64,3475517,3604622,3608450,3480270,3828,132933,129105,0,0,0
3608615,a34db7c5-760d-ebbb-3b70-b3a124a35cf2,64,3475507,3606538,3608615,3480440,2077,133108,131031,0,0,0
3608997,7387928a-29a3-db6d-39bf-ca38afe9be90,64,3470769,3600757,3608997,3479630,8240,138228,129988,0,0,0
3609057,e79f9f3d-19ee-2c3b-b93c-4b0bb93b770c,64,3475526,3608615,3609003,3480905,388,133477,133089,0,0,0
3609057,ada58417-5e2a-d32d-31ab-0b56d5c9fdc7,64,3470487,3607800,3609056,3480500,1256,138569,137313,0,0,0
3610012,fa34d2e8-dd3f-7d7e-a508-dc9513a4a492,64,3475532,3608208,3610012,3480630,1804,134480,132676,0,0,0
3610072,a175a9c3-d7b1-02a9-2332-a50e6992896e,64,3470577,3608997,3610069,3480906,1072,139492,138420,0,0,0
3610242,2e2bdc6c-b736-0c4f-dcc5-d97550fe8199,64,3470768,3604957,3610242,3480363,5285,139474,134189,0,0,0
3610552,bec39a37-9b3d-74bd-e91e-314e0c8e29e3,64,3475508,3608450,3610552,3480895,2102,135044,132942,0,0,0
3610763,702b7014-adab-2c2f-91a6-46dacd613988,64,3470560,3604893,3610763,3480321,5870,140203,134333,0,0,0
3611150,bc9a7998-6365-fc2a-6793-cb096b271eff,64,3475523,3610552,3611150,3481297,598,135627,135029,0,0,0
3611510,76492e64-f55d-ce6d-6d26-8b378f5242d3,64,3475521,3611150,3611510,3481480,360,135989,135629,0,0,0
3611575,44007d5a-e88d-a719-2624-2b40a5cb63a2,64,3470566,3607131,3611575,3480466,4444,141009,136565,0,0,0
3611977,d218c9d6-c093-bfb0-24e9-bcfd9647ff9f,64,3470756,3610763,3611977,3481475,1214,141221,140007,0,0,0
3612203,b7b8c1a5-9a45-693d-7227-890e4e76833a,64,3470753,3610072,3612203,3481115,2131,141450,139319,0,0,0
3612378,a79b44b6-da50-9fed-1d4a-3d81b3a7d0e0,64,3475515,3610242,3612378,3481287,2136,136863,134727,0,0,0
3613081,c9e26074-4f16-39a0-0a17-991ea5769411,64,3475525,3611575,3613081,3481723,1506,137556,136050,0,0,0
3613580,c8ebe27a-23a4-e70e-9dbc-15c02a7dc57c,64,3475530,3611510,3613580,3481595,2070,138050,135980,0,0,0
3613640,a48e40f1-d042-1dfa-56ab-087a8bc78e81,64,3470483,3609057,3613602,3480966,4545,143119,138574,0,0,0
3614099,13365c0c-82ff-1f2e-c78f-07cf170fa87b,64,3475515,3612203,3614099,3481964,1896,138584,136688,0,0,0
3614567,a9ba5a27-907b-fe36-9786-48f864de82e6,64,3470471,3612378,3614567,3482000,2189,144096,141907,0,0,0
3614776,8db06746-7927-9973-5e78-1fd794e0d3ba,64,3470760,3611977,3614776,3481809,2799,144016,141217,0,0,0
3614836,dd83ad03-7066-e289-1644-84a0d1151fff,64,3470773,3613580,3614790,3482121,1210,144017,142807,0,0,0
3614896,8eac0a33-cdf9-74a7-d882-b5c1f79efd70,64,3470794,3609057,3614854,3480942,5797,144060,138263,0,0,0
3614956,3c088990-54a2-7051-7b0c-cad9eee13cae,64,3475536,3614567,3614939,3482215,372,139403,139031,0,0,0
3615698,e0827f76-11a5-29b4-66a3-02d6f43e8c48,64,3475534,3613640,3615698,3482159,2058,140164,138106,0,0,0
3615758,aab612c9-415d-174a-75a6-69814104a8b5,64,3475547,3614776,3615743,3482455,967,140196,139229,0,0,0
3615818,b5cbe3f5-6a66-c184-7de1-bf5daf4847f0,64,3475545,3614836,3615807,3482739,971,140262,139291,0,0,0
3615878,098c60b3-efc9-909e-d9af-6e09b91e3d6e,64,3470742,3613081,3615878,3482048,2797,145136,142339,0,0,0
3615938,1dde7969-6886-13db-a634-8e784d5c55c7,64,3475467,3614956,3615920,3482812,964,140453,139489,0,0,0
3616070,7b07fd31-a424-4f23-0d5b-a7cd400035f0,64,3475531,3614896,3616070,3482744,1174,140539,139365,0,0,0
3616304,22bf18f5-1f65-2a87-333e-e3447dbf4bc1,64,3470742,3614099,3616304,3482208,2205,145562,143357,0,0,0
3616772,f1901b7e-c6b4-69ef-b74e-ba9310275b53,64,3475519,3615758,3616772,3482858,1014,141253,140239,0,0,0
3616772,8e969227-72e7-6b51-6e54-ac6d2ff8e87e,64,3475469,3615938,3616772,3483057,834,141303,140469,0,0,0
3616832,6aa0426d-f7c0-d5f7-69a5-3b4f8ff8869d,64,3470554,3610012,3616804,3480968,6792,146250,139458,0,0,0
3616832,90ce82e8-e9a5-3368-5812-9eb27c13f47a,64,3470544,3615698,3616824,3482825,1126,146280,145154,0,0,0
3617451,6e3cdd4f-55b1-45e4-70b2-7304545cd88d,32,3475522,3616832,3617451,3483306,619,141929,141310,0,0,0
3618016,5ef787b8-f2e6-195f-732e-2016add702c9,32,3470751,3614776,3618016,3482258,3240,147265,144025,0,0,0
3618450,aaf78c67-51d0-8109-fc90-2838d8741408,64,3475442,3616304,3618450,3483091,2146,143008,140862,0,0,0
3618921,816bcb9f-7426-b193-4b7e-6b3c87d292a6,64,3475514,3616832,3618921,3483241,2089,143407,141318,0,0,0
3619170,0c9e5550-3cd1-ff3f-b0c5-827854dccba5,64,3470471,3615818,3619170,3482994,3352,148699,145347,0,0,0
3619912,2747b93c-9ae7-7eab-084a-67809136f1f8,64,3475509,3618921,3619912,3483643,991,144403,143412,0,0,0
3621323,935f2b0a-a138-4ddc-e2d9-de5d6a18ce4c,64,3475466,3619170,3621323,3483709,2153,145857,143704,0,0,0
3621845,1d0bc9bd-e9b5-c5cf-d766-5cdafe049059,64,3470549,3617451,3621845,3483385,4394,151296,146902,0,0,0
3622007,966be275-c2fe-8954-cdfd-9531302b7831,64,3462886,3618450,3622007,3483486,3557,159121,155564,0,0,0
3622067,68d0a2a8-c4e7-f7dd-6929-de738693fd9d,32,3470552,3618450,3622067,3483432,3617,151515,147898,0,0,0
3622282,7a768555-a987-b218-ff84-faef5336723b,64,3470581,3616070,3622282,3483081,6212,151701,145489,0,0,0
3623001,1777e8cb-7468-5b98-d2fe-2fded918b3e5,64,3475438,3619912,3623001,3483837,3089,147563,144474,0,0,0
3623234,1fa382e8-895c-cd99-43b3-8eb403902c5d,64,3470480,3615878,3623234,3483005,7356,152754,145398,0,0,0
3625645,8991b01a-a2b0-3c4b-7c96-6b552f8d8ded,64,3464283,3616772,3625645,3483219,8873,161362,152489,0,0,0
3625705,a590fd3c-ad6e-cc57-a520-c3d0fbcdbf5e,64,3475459,3623001,3625649,3484437,2648,150190,147542,0,0,0
3626083,9780c215-2b2b-b8e9-a417-c09380a8a23d,64,3470477,3622007,3626083,3484416,4076,155606,151530,0,0,0
3626399,bbaa574f-e0e3-c5ce-44af-ecb79f2ebefc,64,3475453,3622282,3626399,3484436,4117,150946,146829,0,0,0
3626780,7ea5a387-363b-e5cb-d329-37246dfd171a,64,3475524,3625705,3626780,3484751,1075,151256,150181,0,0,0
3627150,c5f8e2f8-414f-4994-2845-77805e20c957,64,3470780,3616772,3627150,3483130,10378,156370,145992,0,0,0
3628432,1b0ae22e-ecc8-17a6-19a6-f80ef08ce6c2,64,3470758,3623234,3628432,3484464,5198,157674,152476,0,0,0
3629578,d773f98d-550c-2fe9-654c-11d9f2e61828,64,3475471,3621323,3629578,3483864,8255,154107,145852,0,0,0
3629638,3810ae66-5a31-b4cc-cd4b-69a99b689c88,64,3470777,3628432,3629628,3485040,1196,158851,157655,0,0,0
3630190,9620bee6-6406-face-53a5-e8508950ddd6,64,3475433,3626083,3630190,3484768,4107,154757,150650,0,0,0
3631166,1327f1bc-2784-378f-f84f-16b3a79fbfaf,64,3470491,3625645,3631166,3484491,5521,160675,155154,0,0,0
3631843,b65feea9-7d82-4264-1ba3-62e7afa415e5,64,3475460,3627150,3631843,3484959,4693,156383,151690,0,0,0
3632274,cc351e4f-703e-957f-35ab-8466b5578b00,64,3475441,3629638,3632274,3485317,2636,156833,154197,0,0,0
3633929,9191b363-4e2d-6645-6dc7-cac7fd72b050,64,3470558,3631843,3633929,3485850,2086,163371,161285,0,0,0
3634062,518b2f21-9cf2-0859-ee6e-2e7253f591dc,64,3470773,3629578,3634062,3485067,4484,163289,158805,0,0,0
3634168,46feacd4-fe13-93cd-0f2d-5c15eb346d3a,64,3470471,3626780,3634168,3484868,7388,163697,156309,0,0,0
3634426,14a34f7f-d90d-d19b-d3fb-e043af1d5a1a,64,3470562,3621845,3634426,3483872,12581,163864,151283,0,0,0
3634593,f758dce2-0556-daea-67b0-32831d7c0098,64,3470488,3631166,3634593,3485541,3427,164105,160678,0,0,0
3634888,2e85cb21-7631-de9d-dde9-f86322bd3388,32,3475433,3632274,3634888,3485863,2614,159455,156841,0,0,0
3635708,b1d81887-4739-cc7b-bff3-0c8d83ff3e96,64,3475433,3630190,3635708,3485492,5518,160275,154757,0,0,0
3636313,142e3df0-3c28-f5dc-d12d-aea8673d2920,64,3470504,3634062,3636313,3485995,2251,165809,163558,0,0,0
3636373,e9d6bb7e-361d-b014-7114-56de301c8db3,32,3470496,3632274,3636342,3485895,4068,165846,161778,0,0,0
3636663,304b2370-8270-1238-9b5f-8f39848b34f0,64,3470771,3634593,3636663,3486131,2070,165892,163822,0,0,0
3637340,373aedf8-431e-930f-0387-f74d1149d096,64,3470551,3626399,3637340,3484867,10941,166789,155848,0,0,0
3637454,b2414482-5198-94d8-8643-3603c92a7d7c,64,3475448,3634168,3637454,3486021,3286,162006,158720,0,0,0
3638051,092c4801-698f-04f8-6747-d24a1a46d536,64,3470487,3635708,3638051,3486375,2343,167564,165221,0,0,0
3638111,05000bc6-b20d-cb6e-f231-1f1795863a76,64,3470511,3634888,3638098,3486195,3210,167587,164377,0,0,0
3638388,893ad232-98c3-e3ca-7ff4-cec6e7b7b4c6,64,3470742,3637454,3638388,3486662,934,167646,166712,0,0,0
3638975,f2ce7eeb-4c56-fb8f-0bb4-32b3d2e76deb,64,3475446,3638111,3638975,3486865,864,163529,162665,0,0,0
3639511,812faa38-96f6-1c09-059c-1ba0bbec721d,64,3470742,3637340,3639511,3486519,2171,168769,166598,0,0,0
3640596,e5d6f6e6-9a6e-c2f5-ccc4-29038bcf53a1,32,3470742,3637340,3640596,3486486,3256,169854,166598,0,0,0
3641207,f200c261-4d29-d1ab-3455-12f701f7c7ec,64,3470762,3638051,3641207,3486828,3156,170445,167289,0,0,0
3641768,9293f705-0815-0147-3e00-980eae441e21,64,3470497,3638388,3641768,3486944,3380,171271,167891,0,0,0
3641893,56cb1ab0-62fb-26d7-f4db-ca07e506f670,64,3475469,3636313,3641893,3486442,5580,166424,160844,0,0,0
3641953,d56f0350-8c45-9ce2-67f4-8ad54d0b0d1a,64,3470494,3634426,3641935,3486034,7509,171441,163932,0,0,0
3642013,e10b1a47-7fae-b748-7781-321e83c501cb,64,3470766,3633929,3641994,3485953,8065,171228,163163,0,0,0
3642336,8ee9581a-e061-f65f-a859-6f8cd73418fe,64,3464279,3639511,3642336,3486996,2825,178057,175232,0,0,0
3643019,beed10b6-4f6e-274b-deda-b0276550f74a,64,3475455,3638975,3643019,3486984,4044,167564,163520,0,0,0
3643250,e53e5f4c-6c7e-9a2c-467f-358ba48aa108,64,3475433,3641953,3643250,3487263,1297,167817,166520,0,0,0
3643759,75b27455-04cc-3ede-6fac-16730ad45230,64,3470485,3641768,3643759,3487135,1991,173274,171283,0,0,0
3644164,2c913a7c-a340-4f08-b341-91b8ed6522b4,64,3475433,3642013,3644164,3487292,2151,168731,166580,0,0,0
3644883,741b77f5-4c24-a053-67f5-ae02af5b8f47,64,3475462,3636663,3644883,3486451,8220,169421,161201,0,0,0
3644943,2a35ce30-303c-b04b-c007-93365bf7dda1,64,3470470,3643019,3644921,3487632,1902,174451,172549,0,0,0
3645554,b6f6dbf1-d6d4-41cc-195d-82f8ee4a9b5d,32,3470774,3643019,3645554,3487485,2535,174780,172245,0,0,0
3645744,8bea75c1-b866-77aa-23d4-526b2b54ff7a,64,3475433,3644943,3645744,3488165,801,170311,169510,0,0,0
3645804,51facefa-d6f8-9f7a-c2fa-1da878308631,64,3470743,3641893,3645746,3487175,3853,175003,171150,0,0,0
3646346,dcb91d5f-593c-572b-4347-dbca7321a8b2,64,3470492,3641207,3646346,3487065,5139,175854,170715,0,0,0
3646406,a6eab79e-d21c-82f8-cada-4f80a9e782d4,64,3470477,3642336,3646383,3487358,4047,175906,171859,0,0,0
3646406,a0017720-200b-2903-4642-6c458d03f17a,64,3470491,3645554,3646396,3488234,842,175905,175063,0,0,0
3646566,bcf2fc3b-d958-74c2-6053-8c1ba84510a1,64,3475463,3645744,3646566,3488303,822,171103,170281,0,0,0
3646959,5fbbf0b1-8083-89c8-657e-01c90da23e5c,64,3470742,3644883,3646959,3487924,2076,176217,174141,0,0,0
3647888,afb28b3d-38ec-cb4d-b69f-5eabb9ff2c29,64,3470770,3646406,3647888,3488629,1482,177118,175636,0,0,0
3647951,8f158449-4f40-c22f-15b0-2530f020e992,64,3475456,3645804,3647951,3488332,2147,172495,170348,0,0,0
3648958,3e9639ba-0ed2-ec9d-3d17-5712d8b22277,32,3464279,3644164,3648958,3487910,4794,184679,179885,0,0,0
3649095,5fb8944d-de00-18aa-8439-6fc0c26e2706,64,3470768,3646346,3649095,3488451,2749,178327,175578,0,0,0
3649349,34323ec6-b0c4-a01c-69b7-c0fa26c432f6,64,3475464,3647888,3649349,3489071,1461,173885,172424,0,0,0
3650140,8ed8a80d-84cf-ee39-bf31-c29f82bbad84,64,3462885,3646566,3650140,3488936,3574,187255,183681,0,0,0
3650378,033e02f7-1e93-d127-2cf7-2140bd9bc648,64,3470569,3643759,3650378,3487873,6619,179809,173190,0,0,0
3651401,53f30073-83e9-6ef4-6d7d-f5d0d3b59af7,64,3470495,3650140,3651401,3489368,1261,180906,179645,0,0,0
3652146,9b69554d-7c54-535f-6c8c-3b6aa974d079,64,3470754,3646959,3652146,3489033,5187,181392,176205,0,0,0
3652258,b227462c-f53d-4330-cdda-24ba2d06e8cf,64,3470572,3649349,3652258,3489320,2909,181686,178777,0,0,0
3652477,59e7703a-70aa-5b0d-2a03-8ad4a667b982,64,3470764,3647951,3652477,3489072,4526,181713,177187,0,0,0
3653476,788fd0cd-65c0-6b93-c8ed-abdd4ef03f80,64,3464282,3643250,3653476,3487784,10226,189194,178968,0,0,0
3653564,439db29d-4bc8-1c16-fa2f-bd74fd1935cc,64,3470759,3646406,3653564,3488929,7158,182805,175647,0,0,0
3654439,e3ad64d4-eab9-eb02-2f1d-c1217d024c6d,64,3475445,3652258,3654439,3489926,2181,178994,176813,0,0,0
3655231,38e59b27-16dc-5a6e-a789-077055ec024a,64,3470570,3653476,3655231,3490199,1755,184661,182906,0,0,0
3656063,00a81de9-d20f-87d0-4465-6d6b81fb18b3,64,3475450,3651401,3656063,3489842,4662,180613,175951,0,0,0
3656158,30a5648e-efe9-b3d0-3639-08bf03ece8ff,64,3470788,3650378,3656158,3489486,5780,185370,179590,0,0,0
3656598,72c22a16-79eb-4168-1045-56e5bee3eb79,64,3475456,3654439,3656598,3490685,2159,181142,178983,0,0,0
3656802,6b352f85-504e-2687-70e7-e75604d9145e,64,3475452,3652146,3656802,3489862,4656,181350,176694,0,0,0
3657292,e9d68f23-b489-d070-7914-f8a8bea4ff31,64,3470766,3649095,3657292,3489125,8197,186526,178329,0,0,0
3658030,085eb489-4ac6-6780-3874-9f3cc2d49b56,64,3475433,3656598,3658030,3491059,1432,182597,181165,0,0,0
3658290,fbe94499-dbc0-80fd-46fb-7bf300b9d4a3,64,3475443,3656063,3658290,3490762,2227,182847,180620,0,0,0
3659228,77e490c7-1d7b-c313-cde2-2f1c56b60afc,64,3475433,3653564,3659228,3490280,5664,183795,178131,0,0,0
3660170,a2cd1590-58af-393c-8aa2-b4c93ba5bd76,64,3470563,3657292,3660170,3491210,2878,189607,186729,0,0,0
3660719,aca58d95-915a-1c30-4b86-b5a1ca6fbff8,64,3475440,3652477,3660719,3490167,8242,185279,177037,0,0,0
3660779,dd34aa18-9001-9ed4-0bb4-01e769f753f1,64,3475434,3658030,3660752,3491310,2722,185318,182596,0,0,0
3660839,586a346a-dc5b-e7d1-fcef-1972bbf483ce,64,3475454,3655231,3660787,3490760,5556,185333,179777,0,0,0
3661538,a7dc2bc0-bd9c-4693-b6ca-1127e9f87970,64,3475433,3656802,3661538,3491097,4736,186105,181369,0,0,0
3663306,f99cea5c-b65a-d0f1-4350-ab061059ea28,32,3470506,3659228,3663306,3491540,4078,192800,188722,0,0,0
3663366,503b4078-a39c-9ec6-f746-4c02871854c1,64,3470749,3658290,3663351,3491472,5061,192602,187541,0,0,0
3664138,ab0b4cc5-15f0-ea19-18c1-80d2aadf3692,64,3470471,3660779,3664138,3492043,3359,193667,190308,0,0,0
3664652,8da03d88-0c6f-3051-bc78-842387c5f526,64,3470510,3660719,3664652,3492001,3933,194142,190209,0,0,0
3664782,370b9a29-0a53-0df9-9a72-083cb266986c,64,3470749,3660839,3664782,3492225,3943,194033,190090,0,0,0
3664842,0f5ae9d3-8e6e-5003-214f-3f12cfd01cbd,64,3470505,3656158,3664823,3491026,8665,194318,185653,0,0,0
3665123,27d415b6-0d77-c5a0-e222-b6a615bfbe97,64,3470751,3664138,3665123,3492422,985,194372,193387,0,0,0
3665559,ed1115d7-50a4-6c85-d9d5-7b0242d04d55,64,3475473,3663366,3665559,3492356,2193,190086,187893,0,0,0
3665993,e6e987ca-b87b-6384-9fdd-de2ea8a2b7ad,64,3470752,3660170,3665993,3491972,5823,195241,189418,0,0,0
3667389,600b4b35-6a0a-a7d5-a0b8-575544caa5a2,64,3470755,3665559,3667389,3492951,1830,196634,194804,0,0,0
3667760,f004e897-a15b-2e18-afb0-64065f4b1a97,64,3475464,3665123,3667760,3492908,2637,192296,189659,0,0,0
3668782,45c45a3e-e9da-484a-8075-9f1f87e5f0fe,64,3470471,3661538,3668782,3492318,7244,198311,191067,0,0,0
3668912,2c154804-0997-59a3-7919-955c9be4f19f,64,3470580,3665993,3668912,3492989,2919,198332,195413,0,0,0
3669109,b5b453ca-3d42-993c-cc9f-d3349bdf0377,64,3470579,3664652,3669109,3492652,4457,198530,194073,0,0,0
3669568,97fa7f04-8363-9007-5cae-9610c72c1fe3,64,3475458,3664782,3669568,3492794,4786,194110,189324,0,0,0
3670339,9e91a71c-7374-ccbf-d78c-57d3508850d3,64,3475451,3669109,3670339,3493611,1230,194888,193658,0,0,0
3670820,7a4a902f-21d6-3b0f-b1ac-040d6c1cc405,64,3470506,3669568,3670820,3493633,1252,200314,199062,0,0,0
3670914,a6129a1c-889d-4b76-775c-30b561730c48,64,3470762,3664842,3670914,3492826,6072,200152,194080,0,0,0
3671544,960be0f4-9513-2c22-1583-9b99a50a13dc,64,3475440,3667389,3671544,3493326,4155,196104,191949,0,0,0
3671922,ac9ed156-f63f-ce41-3a9a-ca5e176132ed,64,3470793,3670914,3671922,3494182,1008,201129,200121,0,0,0
3672056,cac4d0eb-3373-730e-fc31-a5971f119c0f,64,3475449,3670820,3672056,3494121,1236,196607,195371,0,0,0
3672532,50032b35-1857-8baf-bac7-e2b96a7e4c36,64,3475467,3670339,3672532,3493874,2193,197065,194872,0,0,0
3674132,e3de4ec0-4dfa-21be-a335-b2c89e7b1e95,64,3475473,3671922,3674132,3494264,2210,198659,196449,0,0,0
3674494,e1721c83-ef5e-4376-a723-fb72682b163a,64,3470578,3672532,3674494,3494500,1962,203916,201954,0,0,0
3674570,989bc4da-9b37-a22b-6a8a-616fc3b290d0,64,3464287,3659228,3674570,3491848,15342,210283,194941,0,0,0
3674630,f2f5b176-2c41-cbd3-72f4-44abc1d71f4a,64,3475444,3668912,3674624,3493609,5712,199180,193468,0,0,0
3675092,16c8e3d7-abf0-263e-0343-8b6400b3700f,64,3470471,3667760,3675092,3493357,7332,204621,197289,0,0,0
3676460,9d3616a1-08de-c921-260c-b547e2280fe3,64,3470503,3674494,3676460,3496462,1966,205957,203991,0,0,0
3677309,501ba851-5ee6-8495-3400-29c3ea11905b,64,3464286,3674630,3677309,3498705,2679,213023,210344,0,0,0
3678170,bc10fa52-bf5d-2fdf-89c8-d2ab6b44fa8d,64,3470484,3674132,3678170,3496026,4038,207686,203648,0,0,0
3678662,52961fb3-4d40-7b28-5628-ddcd19dd3e8c,64,3470472,3676460,3678662,3502021,2202,208190,205988,0,0,0
3679764,be153187-b783-e1d5-d264-04b923f47a55,64,3475461,3671544,3679764,3494224,8220,204303,196083,0,0,0
3681277,7e8adee7-0758-e201-561e-16d16105716b,32,3470471,3674630,3681277,3497771,6647,210806,204159,0,0,0
3681502,ef2ddcc4-8df6-61da-5f07-c1a5dfc620ce,64,3470494,3668782,3681502,3493390,12720,211008,198288,0,0,0
3681838,032a09e0-5071-e5f0-a7ac-590c42f90f92,64,3470478,3674570,3681838,3496501,7268,211360,204092,0,0,0
3682799,d9750f00-d5ab-a8ae-9112-fbc03d8f95f4,64,3470498,3677309,3682799,3502081,5490,212301,206811,0,0,0
3686360,a1a27485-7134-8c2a-780b-3657117b355b,32,3470500,3679764,3686360,3504324,6596,215860,209264,0,0,0
3687169,82dc4c8e-36b5-229a-acf5-e81e71316269,64,3470564,3682799,3687169,3508846,4370,216605,212235,0,0,0
3689776,ff4c96d6-71f2-ce8f-b69f-68c3e60fd420,64,3470556,3675092,3689776,3500211,14684,219220,204536,0,0,0
3690423,1986b4b2-70b7-e868-d854-80f0dfcaf0b7,64,3470545,3678170,3690423,3502582,12253,219878,207625,0,0,0
3690531,3a3c8a71-ff57-4e2b-4991-ab9bebc2026f,64,3470509,3678662,3690531,3502603,11869,220022,208153,0,0,0
3690873,6b2d5b09-8707-9ad4-80be-7e3561c2645a,64,3470552,3687169,3690873,3511683,3704,220321,216617,0,0,0
3694122,5a104129-54ae-bd1b-8ce6-424dbef59fe6,64,3470569,3690423,3694122,3512614,3699,223553,219854,0,0,0
3694219,f6eab3a0-0153-9221-2331-0a28c550eca8,64,3470582,3681838,3694219,3507973,12381,223637,211256,0,0,0
3696278,74eda60e-3b2d-520b-a4f3-418541822509,64,3470545,3681502,3696278,3507367,14776,225733,210957,0,0,0
3698061,1a43db54-523a-e993-4b34-46bc8ba435cc,64,3470573,3672056,3698061,3494366,26005,227488,201483,0,0,0
3698121,dbd30aec-0b46-1173-00a8-547382425912,64,3470574,3694219,3698094,3516374,3875,227520,223645,0,0,0
3700055,5f32d5d8-2abe-1585-425e-0259b88416d2,64,3470480,3689776,3700055,3511819,10279,229575,219296,0,0,0
3703288,7daec949-d700-b461-8cb6-b0ba925f8199,64,3470500,3690531,3703288,3515111,12757,232788,220031,0,0,0
3704033,2fe5b140-23ea-7956-49f1-137d7d592e19,64,3470544,3694122,3704033,3516157,9911,233489,223578,0,0,0
3704709,1139fa12-34c1-c3ea-3d9c-4e6404015ced,64,3470571,3690873,3704709,3515743,13836,234138,220302,0,0,0
3705021,339b77a8-4b1f-0d7b-0977-c513752a7d25,64,3556406,3704033,3705021,3560932,988,148615,147627,0,0,0
3705891,d2938e6e-ff4d-0930-33b0-fb536f75ee8a,64,3556409,3705021,3705891,3561972,870,149482,148612,0,0,0
3705951,3610901c-2196-b3b5-fc21-109bba27bc64,64,3470561,3681277,3705899,3506540,24622,235338,210716,0,0,0
3706228,9c89d374-c664-95a7-8077-3e33690e7e62,64,3556410,3704709,3706228,3561648,1519,149818,148299,0,0,0
3707831,8ece1128-56ce-4b42-fc9e-1dcbcb7e6268,64,3556413,3705891,3707831,3562712,1940,151418,149478,0,0,0
3707891,5c62b3a2-3a3c-563e-4bd6-cee631b1b099,64,3556411,3706228,3707850,3563067,1622,151439,149817,0,0,0
3708923,67ce378f-e5a4-983b-a383-889adb2c6ac8,64,3556409,3707891,3708923,3565000,1032,152514,151482,0,0,0
3709163,6e191042-370b-c063-dd90-e79eb888f6ed,64,3556407,3705951,3709163,3562910,3212,152756,149544,0,0,0
3709322,a7d4cf50-f791-f1e5-43f9-cd6b797ebe87,64,3470501,3696278,3709322,3516494,13044,238821,225777,0,0,0
3709707,c8d0f9e5-9919-65ea-98d0-0c2c17d30f32,64,3470555,3700055,3709707,3547189,9652,239152,229500,0,0,0
3709932,fcc4091b-f457-07c6-7894-6a15c34201db,64,3556414,3708923,3709932,3565911,1009,153518,152509,0,0,0
3710278,fb481ded-0f03-7337-b9f6-143bb2383056,64,3556405,3709707,3710278,3566863,571,153873,153302,0,0,0
3710844,6786d506-38ba-8abc-4b53-05e517d2582e,64,3556406,3710278,3710844,3567406,566,154438,153872,0,0,0
3711637,f3abea0d-5be9-fdb3-dd92-dd7c0db977a9,64,3556409,3707831,3711637,3563326,3806,155228,151422,0,0,0
3711870,e723ada3-8c32-bdb2-d42a-895e0fcf601f,64,3556413,3710844,3711870,3567650,1026,155457,154431,0,0,0
3712255,2976aab2-2a26-f770-4ddb-1b36272c0588,64,3470552,3698061,3712255,3516794,14194,241703,227509,0,0,0
3712997,3acb43a3-d2c7-bffb-6118-433b882ccd1e,64,3556406,3709322,3712997,3566676,3675,156591,152916,0,0,0
3713070,2cd94cbb-c19a-d58c-c35b-1c8c0a4c9f7f,64,3556408,3709932,3713070,3566947,3138,156662,153524,0,0,0
3713903,a075e927-5110-b492-f442-7e0b61484bb3,64,3556410,3712997,3713903,3568282,906,157493,156587,0,0,0
3714016,ebc1bb52-82e4-dd4a-143a-c1c54f560ed5,64,3557387,3711870,3714016,3567786,2146,156629,154483,0,0,0
3714596,f5b78cc7-e6b3-c944-cb32-3e357922bac2,64,3470545,3698121,3714596,3526137,16475,244051,227576,0,0,0
3714656,a5135ea0-fa53-e34d-e6d5-901d8b621d41,64,3556409,3712255,3714616,3568064,2361,158207,155846,0,0,0
3714716,fd08b32c-62d6-0e93-6198-5d54cfb87e6f,64,3556413,3713070,3714680,3568363,1610,158267,156657,0,0,0
3714776,55ab946d-a5b5-cdc2-a181-c85eca0ac6ac,64,3556415,3709163,3714763,3566473,5600,158348,152748,0,0,0
3714908,fa745761-6f18-c108-1723-199dbf2c14a0,64,3556405,3713903,3714908,3568646,1005,158503,157498,0,0,0
3715354,e8dd5e5a-1712-fb16-21a4-344fbb7bee03,64,3556410,3711637,3715354,3567664,3717,158944,155227,0,0,0
3715663,439e754c-6930-16ea-e0bd-a1ee5807cf74,64,3556411,3714596,3715663,3570280,1067,159252,158185,0,0,0
3716649,7b90942f-973b-6977-e946-28206a80cac2,32,3556414,3714596,3716649,3570261,2053,160235,158182,0,0,0
3717653,5cd8fe1a-dafe-c8a9-3c71-e0bef3579560,64,3556406,3714016,3717653,3568790,3637,161247,157610,0,0,0
3717713,42d943ee-5197-6e75-0523-d4fd4b7f2183,64,3556405,3714656,3717687,3570304,3031,161282,158251,0,0,0
3722560,92701d60-7c4f-48e4-a7a0-2a3d620f230b,64,3556405,3714716,3722560,3574391,7844,166155,158311,0,0,0
3730372,1dba1267-7e1c-a5a1-fef5-18a64dead645,64,3547590,3703288,3730372,3560317,27084,182782,155698,0,0,0
3734560,54e38579-c0af-d193-f780-ef2f664d5922,64,3561841,3714776,3734560,3581010,19784,172719,152935,0,0,0
3762233,9c678393-2ced-3c0d-3173-04b5c1dd484a,64,3656459,3714908,3762233,3714949,47325,105774,58449,0,0,0
3922235,2c78644f-d860-65a2-fdd5-b0f8d6d744fd,64,3822764,3822764,3922235,3941216,99471,99471,0,0,0,0
4075086,6772fe9f-999b-c859-cf5e-0f0bcd67b5df,64,4070334,4070338,4075086,4085188,4748,4752,4,0,0,0
4075308,24108e9a-3f77-9cae-7318-b96d44790612,64,4070397,4070398,4075308,4093473,4910,4911,1,0,0,0
4078616,a879d8f8-9042-2eb7-8b04-0f53e63949d4,64,4063911,4063911,4078616,4077354,14705,14705,0,0,0,0
4079935,11df12d7-dd30-de89-22f2-35f2e11b868d,32,4070280,4070338,4079935,4096118,9597,9655,58,0,0,0
4084006,585d3f86-1d23-24e6-8329-20b7c143f426,64,4070288,4070338,4084006,4145956,13668,13718,50,0,0,0
4085357,0406ff44-7ce4-0679-a8c6-dbc07bb3447b,64,4076790,4076823,4085357,4101072,8534,8567,33,0,0,0
4085814,551ac8ea-585a-0afa-7bfd-cc1289e06ab3,64,4076783,4076823,4085814,4099704,8991,9031,40,0,0,0
4086423,b9a5d4d0-4237-01f1-bdac-dc5e20c0f275,64,4070278,4070278,4086423,4121105,16145,16145,0,0,0,0
4088847,03edd1f8-74f9-3d17-e912-b4bf86a4bae4,64,4076763,4076763,4088847,4093928,12084,12084,0,0,0,0
4089476,f6d22a7b-aec7-6a82-148b-4376602a4e57,64,4076791,4076823,4089476,4099916,12653,12685,32,0,0,0
4103624,5a304528-0b59-9562-2227-219f551ff086,64,4076839,4076883,4103624,4143000,26741,26785,44,0,0,0
4130532,46fde062-a33d-c7af-d701-410d3f4b1a70,64,4076795,4076823,4130532,4106216,53709,53737,28,0,0,0
4144495,b8e19f56-8787-ea21-0448-2a220308aa5e,64,4134795,4134795,4144495,4144347,9700,9700,0,0,0,0
4256366,964db03f-9340-3fad-dc4a-d56bd6016237,32,4256084,4256084,4256309,4257052,225,225,0,0,0,0
4257020,2b843ef3-d86d-655d-4cd9-916481df62f4,64,4256421,4256426,4257020,4258780,594,599,5,0,0,0
4257083,22b5f457-1860-ad28-d0af-b235ade68f51,32,4256518,4256546,4257083,4258657,537,565,28,0,0,0
4257143,c7f4f4f9-8222-1ad3-eca3-91d47ba16dd7,64,4256414,4256426,4257130,4257416,704,716,12,0,0,0
4257143,d4f76322-b362-c0d2-6498-8bdecd0254db,64,4256728,4256728,4257133,4257764,405,405,0,0,0,0
4257203,0cbd3c03-9e2a-a4ac-c122-b5b3284c03d2,64,4256430,4256486,4257196,4258169,710,766,56,0,0,0
4257323,a9f25336-83f4-a9a9-48a6-39d015b52908,64,4256306,4256306,4257273,4259895,967,967,0,0,0,0
4257422,950df1a0-7aaf-2001-9912-316afd9e8e20,64,4256370,4256426,4257422,4258916,996,1052,56,0,0,0
4257543,8cc36f3b-c3af-fcfe-734a-6ca38116e3fc,64,4257261,4257263,4257543,4260701,280,282,2,0,0,0
4258896,1a89b71e-a0d5-72c8-a837-fe68bba205ca,64,4258639,4258639,4258896,4260306,257,257,0,0,0,0
4258956,54b58635-3dab-1614-5215-0ed87ddca413,64,4258643,4258699,4258918,4260507,219,275,56,0,0,0
4259097,09b7fdf7-7d8d-3ddd-2cf1-49cb4f1e1a37,64,4258639,4258639,4259097,4261921,458,458,0,0,0,0
4259157,1e26ed31-d9e9-2758-76b9-04364b46ef33,64,4258305,4258305,4259102,4260999,797,797,0,0,0,0
4259217,96053035-6545-c030-a981-fa54f121e129,64,4258640,4258699,4259161,4262147,462,521,59,0,0,0
4259277,72d35458-61ea-2f30-e42e-707afe2bd987,32,4258644,4258699,4259238,4259965,539,594,55,0,0,0
4259968,94fb09f0-53c9-3ae7-7cf0-7bb3f343d9eb,64,4259729,4259778,4259968,4260923,190,239,49,0,0,0
4260078,ae62990c-19bd-4f93-78ef-7666b7a4c719,64,4259728,4259778,4260078,4262420,300,350,50,0,0,0
4260195,3735262d-4184-3b03-04dd-7054144823f7,64,4259718,4259718,4260195,4260367,477,477,0,0,0,0
4260771,2877f5d9-0f56-75f8-b048-faa112ae5c22,64,4260628,4260628,4260771,4263753,143,143,0,0,0,0
4260831,0075d3d5-ba94-aa66-2d7e-4a452099e71f,64,4259751,4259778,4260786,4262697,1008,1035,27,0,0,0
4260967,ef158d5b-2d00-7d05-d66d-4627e1dace6a,64,4259177,4259217,4260967,4261989,1750,1790,40,0,0,0
4261133,e00da49d-effa-2002-3040-413c4690fb15,64,4260886,4260891,4261133,4263681,242,247,5,0,0,0
4261193,cbb18c79-1036-708d-d9a0-90075bb47c18,64,4260881,4260891,4261136,4261955,245,255,10,0,0,0
4261262,907276ea-44c0-7a9a-d64a-cb1f39eb038a,64,4260882,4260891,4261262,4262207,371,380,9,0,0,0
4261767,b495db4e-8245-6fb4-4ab7-706eb77350ca,64,4260879,4260891,4261767,4263478,876,888,12,0,0,0
4261848,9b4e2c24-9479-e1e6-c927-7d9b6e0d2648,64,4260851,4260891,4261848,4263224,957,997,40,0,0,0
4261978,4223623b-cc3e-bdde-5ad5-cf06364d7c87,64,4260829,4260831,4261978,4262630,1147,1149,2,0,0,0
4320665,0f3f0f48-52d6-b779-de43-79cbd8230076,32,4320324,4320364,4320665,4325825,301,341,40,0,0,0
4320725,1901ef87-0dbf-0caf-588a-3f87f96d40f8,64,4320250,4320304,4320710,4325154,406,460,54,0,0,0
4320785,5b80b8d1-8788-dfed-78c0-4ed8fdd4ff21,64,4320345,4320364,4320757,4324037,393,412,19,0,0,0
4321070,5df06e8c-878a-aed9-233f-fc8292ec89af,32,4320244,4320244,4321070,4325724,826,826,0,0,0,0
4321130,750d112e-8164-ceec-64ab-851bf1fac6e7,64,4320256,4320304,4321128,4325183,824,872,48,0,0,0
4321397,16de66c9-6210-def6-3a9c-43081221cddf,64,4320322,4320364,4321397,4322847,1033,1075,42,0,0,0
4321799,a8535961-632d-0302-1a82-833c20dda0ff,64,4320254,4320304,4321799,4324154,1495,1545,50,0,0,0
4321859,00c59f30-d103-1424-4124-1bb4655ce508,64,4320323,4320364,4321849,4324076,1485,1526,41,0,0,0
4321928,57423882-f34a-7949-74ca-0ad7abe5be96,64,4320386,4320424,4321928,4322966,1504,1542,38,0,0,0
4323268,0986bbeb-f23e-323d-0b9b-d93423c86d30,64,4320508,4320665,4323268,4325902,2603,2760,157,0,0,0
4376003,91519998-f293-3585-5a07-d758b357f3f9,64,4348122,4348181,4376003,4410438,27822,27881,59,0,0,0
4395476,4c9bff5c-e188-7eaf-5e18-85c35037cd6b,64,4348121,4348121,4395476,4427597,47355,47355,0,0,0,0
4405959,43bfd931-3605-bf54-a021-c0ca3531968d,64,4384354,4384354,4405959,4395236,21605,21605,0,0,0,0
4414736,2620f9a9-74fd-33d1-84f2-fd0f79474bfa,64,4384203,4384203,4414736,4415338,30533,30533,0,0,0,0
4474412,44d7df9a-238b-05b7-2b64-777c6177a771,64,4348121,4348121,4474412,4480776,126291,126291,0,0,0,0
4512887,891f6912-17ab-b863-5efe-ef4fd8ddbbc0,64,4436677,4436677,4512887,4505503,76210,76210,0,0,0,0
4566580,6319629b-d73e-7bb9-0f9c-a17b8db8dadf,32,4564366,4564366,4566580,4567466,2214,2214,0,0,0,0
4615436,a3595d1f-7fe4-a42e-3db7-88a61cdcc4c2,64,4593424,4593424,4615436,4618561,22012,22012,0,0,0,0
4685610,e49d681d-51d8-7c64-55fa-1ab8458f1f19,64,4676500,4676500,4685610,4694532,9110,9110,0,0,0,0
4703384,6553867d-a881-bfd3-d47d-577bfa5a91ca,64,4679121,4679121,4703384,4711941,24263,24263,0,0,0,0
4848782,c05db774-132a-5e58-2a57-e880de9205ea,64,4848400,4848400,4848782,4849192,382,382,0,0,0,0
4856588,46a02a9b-65ec-7acd-0f80-35f55bd20c98,64,4816632,4816632,4856588,4867846,39956,39956,0,0,0,0
4870932,0b251279-785a-c5d0-df92-a62163f4c69d,64,4817634,4817634,4870932,4901204,53298,53298,0,0,0,0
