time,job_id,num_gpu,submit_time,start_time,end_time,ddl,executed_time,JCT,pending_time,preempt,promote,best_effort_job
26184,930dd644-e119-8ce9-0935-e6148a7c7bed,1,9940,9940,26184,25913,16244,16244,0,0,0,0
27268,ae858270-d60b-79da-8e7a-d444a656f2e3,1,11093,11146,27268,26305,16122,16175,53,0,0,0
27463,b39f4d4b-fe63-1535-6c58-930f1c50bf4e,1,11326,11326,27463,33269,16137,16137,0,0,0,0
27722,5c338a83-7c80-c067-9afc-00ac9bd2ce6b,1,11086,11086,27722,21749,16636,16636,0,0,0,0
27917,382310f0-949d-9991-e9b4-3912dba8bb55,1,11709,11724,27917,25493,16193,16208,15,0,0,0
28035,2e7f23b7-49a9-c27a-b065-89db136209c4,1,11664,11664,28035,27828,16371,16371,0,0,0,0
28179,4b677169-a8ac-9025-ce52-585435a4463b,1,11851,11851,28179,31324,16328,16328,0,0,0,0
28397,13fb0fdf-547c-de4a-6797-e7d69fb731b8,1,12219,12219,28397,27137,16178,16178,0,0,0,0
28627,a2f22ccc-d2cb-e0f6-c34d-740c904df24b,1,11934,11934,28627,31023,16693,16693,0,0,0,0
28895,c868e18d-b098-0298-f811-744f4e0929a0,1,12324,12324,28895,30085,16571,16571,0,0,0,0
29411,c0fed388-c8a0-7df4-21ac-b714262d0dee,1,12759,12759,29411,27534,16652,16652,0,0,0,0
30044,153d116c-54bf-a765-a923-0fd49e806e18,1,13011,13011,30044,25996,17033,17033,0,0,0,0
30280,a4734908-e057-b549-b19f-0c07ad28d2be,1,13621,13621,30280,27957,16659,16659,0,0,0,0
30323,2e76bf9c-fa2b-8231-187b-88da5a763c0a,1,13938,13938,30323,36985,16385,16385,0,0,0,0
30438,8dcecce2-537e-46b7-aa78-dfb22252b6d0,1,14159,14166,30438,28940,16272,16279,7,0,0,0
30569,08142d39-0cd1-e657-3340-f08fe7989b29,1,14229,14229,30569,33947,16340,16340,0,0,0,0
30792,b9736cde-21bb-9549-c0ad-720a01a5bbef,1,14106,14106,30792,24832,16686,16686,0,0,0,0
31217,b275fc8c-d0d4-d137-f0d2-7cb3083c1697,1,14594,14645,31217,33926,16572,16623,51,0,0,0
38896,e668117f-348a-7799-df53-4e10e2609f42,1,36801,36854,38896,38083,2042,2095,53,0,0,0
38911,4686de3a-bae3-1876-8d3a-39f02d911d74,1,36802,36854,38911,39409,2057,2109,52,0,0,0
40802,4195a84f-1724-7b00-e79e-b5a640b6a2a0,1,36803,36854,40802,42106,3948,3999,51,0,0,0
40841,d0d7a392-f011-7f02-959f-da8105e1b554,1,36803,36854,40841,41987,3987,4038,51,0,0,0
40890,c06273d4-30bc-5949-0280-0ae9ef9bf9c7,1,36804,36854,40890,42206,4036,4086,50,0,0,0
42349,2eb7f6e1-5365-728c-8bd3-6f9d54fdfb9b,1,36843,36854,42349,40631,5495,5506,11,0,0,0
42385,0f7ea0c1-9e1e-2e74-12fd-be379b9e5d9c,1,36841,36854,42385,43541,5531,5544,13,0,0,0
42377,957625c5-2622-8dcd-7cf5-04df6b746257,1,36841,36854,42377,44480,5523,5536,13,0,0,0
42388,b782eda6-7595-7441-69b0-983df350e590,1,36842,36854,42388,41758,5534,5546,12,0,0,0
42380,0f102772-9418-3382-4da5-1e0e4202b24a,1,36842,36854,42380,42177,5526,5538,12,0,0,0
42404,49e1850c-6071-5481-b0e6-88bb996ab5f7,1,36842,36854,42404,41915,5550,5562,12,0,0,0
42372,8ef35559-4b4e-9a40-833d-ed118a62b89f,1,36842,36854,42372,41114,5518,5530,12,0,0,0
42396,7e763562-a4e2-0715-4bda-2a5f0be1de5d,1,36846,36854,42396,41140,5542,5550,8,0,0,0
42405,5e6319e3-588f-948d-0177-2a6126953abf,1,36847,36854,42405,42459,5551,5558,7,0,0,0
42397,5bd9b107-42cd-5bde-0a38-7a399332a300,1,36847,36854,42397,44406,5543,5550,7,0,0,0
42379,71361b64-afe8-d49e-63f1-5584f8ca43f8,1,36847,36854,42379,40825,5525,5532,7,0,0,0
42436,6394aac8-6c85-d90c-a8f1-90e94e4ff148,1,36841,36854,42436,42966,5582,5595,13,0,0,0
42411,490f937a-fe99-0bb5-cb37-83bda4607a75,1,36842,36854,42411,44059,5557,5569,12,0,0,0
42458,2d35641a-a6f5-3bec-ff5e-8fc148d01517,1,36842,36854,42458,40735,5604,5616,12,0,0,0
42420,8aeef822-ed1f-f9f6-2cfe-6541f9f2bed7,1,36846,36854,42420,43148,5566,5574,8,0,0,0
42426,b315d141-f9b7-1d25-f251-ef023c09e20d,1,36847,36854,42426,43616,5572,5579,7,0,0,0
42477,836285c6-1f61-fb86-7bad-b0f417bddaf0,1,36847,36854,42477,43714,5623,5630,7,0,0,0
42478,fc2dbf2f-f7b9-8b53-0dae-48adea21fea7,1,36848,36854,42478,41090,5624,5630,6,0,0,0
43256,ff7a5ced-e678-e5a3-c4f6-14cf40e57890,1,36794,36794,43256,45338,6462,6462,0,0,0,0
43302,4d80b9d4-a4d8-837a-492c-40057204d88b,1,36794,36794,43302,43116,6508,6508,0,0,0,0
43294,a75401c7-c18f-112c-fe6a-950a162d423a,1,36794,36794,43294,42784,6500,6500,0,0,0,0
43264,0b6ee5f9-eb9d-c0bb-bb6b-106823b39ca8,1,36794,36794,43264,45536,6470,6470,0,0,0,0
43354,548dea62-21ec-505a-8bbd-93915133e308,1,36794,36794,43354,42823,6560,6560,0,0,0,0
43362,d1e80ced-3dcd-010e-cd7f-7341e51d90b7,1,36794,36794,43362,45795,6568,6568,0,0,0,0
43339,912baedc-956d-840a-9a0a-3a1f1e950771,1,36795,36854,43339,45213,6485,6544,59,0,0,0
43361,9758e08c-9d01-d427-b230-e7871b65174f,1,36795,36854,43361,40397,6507,6566,59,0,0,0
43317,c907b6ea-c2fa-16ab-bb61-ae51766958eb,1,36797,36854,43317,46063,6463,6520,57,0,0,0
43363,59ab9a30-6d32-17de-bfd2-e4da9f1f083c,1,36798,36854,43363,45870,6509,6565,56,0,0,0
43349,746567a2-6436-66fe-b18b-a37a553bcc8c,1,36799,36854,43349,41587,6495,6550,55,0,0,0
43421,6dc47a63-d767-8828-9e78-8dd3304182fd,1,36795,36854,43421,43405,6567,6626,59,0,0,0
43406,e34b2dab-5590-babf-52ab-7f212cdf8f26,1,36797,36854,43406,41189,6552,6609,57,0,0,0
43415,8972cc7a-6f53-e83f-cb3c-ed43732fae63,1,36797,36854,43415,42938,6561,6618,57,0,0,0
43417,4cf21d8c-8188-5c0b-0b07-4323d7d30613,1,36798,36854,43417,43802,6563,6619,56,0,0,0
43385,51e6c6d5-d555-eb38-ca14-f58bcdd0830d,1,36798,36854,43385,40125,6531,6587,56,0,0,0
43401,76ab5b52-0655-230e-4747-62f819693375,1,36799,36854,43401,42541,6547,6602,55,0,0,0
43378,35d0e9ea-fee0-6cbe-5349-49049ae110f2,1,36799,36854,43378,43098,6524,6579,55,0,0,0
43474,461cd3de-7663-3886-1d38-bef3fd9d8072,1,36797,36854,43474,45927,6620,6677,57,0,0,0
43437,9ec68909-096e-3ad9-0082-9b7cfe157a74,1,36798,36854,43437,44645,6583,6639,56,0,0,0
45976,1a5162ca-ef48-e905-ab01-bf7edbddc6e8,1,36850,36854,45976,41435,9122,9126,4,0,0,0
45993,1920a85c-8e0c-d118-5f9f-27ac39f7bed9,1,36850,36854,45993,42799,9139,9143,4,0,0,0
46010,89230c23-544a-2c1f-46ea-a920849dda7c,1,36854,36854,46010,49953,9156,9156,0,0,0,0
46034,76394891-adcf-4c66-4f41-4a69ad4612cc,1,36856,36914,46034,43690,9120,9178,58,0,0,0
46091,a6653bd7-bda5-428b-5de8-8ea2ccff637a,1,36848,36854,46091,48444,9237,9243,6,0,0,0
46047,e3528187-90ad-fa1f-fe1d-e3e18422e552,1,36848,36854,46047,47308,9193,9199,6,0,0,0
46087,e38853ce-f727-fe36-dd1d-9f3a23a20b5e,1,36850,36854,46087,48582,9233,9237,4,0,0,0
51801,f3083f27-25e7-f2f2-490f-401963fc78b8,1,51173,51173,51801,51526,628,628,0,0,0,0
52089,7df95ce6-3b1c-cbe3-0e80-cc8018ca6fea,1,51429,51429,52089,51833,660,660,0,0,0,0
62119,daf5c46c-1f7e-05de-842d-29bc42a6a10d,1,32465,32465,62119,73562,29654,29654,0,0,0,0
70074,008494a3-98d7-35eb-d3b4-8062c191ecc1,1,53514,53514,70074,77280,16560,16560,0,0,0,0
70393,4b571bba-02bc-7054-b92d-e530171b3e86,1,53702,53702,70393,76526,16691,16691,0,0,0,0
70421,a52c745d-1c78-12f6-814f-cc5e1b917589,1,53945,53945,70421,74015,16476,16476,0,0,0,0
70765,b08b5c22-d4ea-fd19-799c-f2483a175c81,1,54376,54395,70765,69897,16370,16389,19,0,0,0
70793,18783d06-bee7-8217-ea31-703bfa0e4b77,1,54118,54160,70793,64581,16633,16675,42,0,0,0
70864,638d2e48-120f-70c2-b0f7-4249adbef178,1,54100,54100,70864,66842,16764,16764,0,0,0,0
70931,3464077c-896b-37a1-3d67-c8e078c2c0a5,1,54335,54335,70931,63378,16596,16596,0,0,0,0
71083,b18705cf-cdbd-174a-5276-043d41eefcca,1,54859,54911,71083,63726,16172,16224,52,0,0,0
71126,e8d5dc8c-24be-3697-d183-9b26d48e3812,1,54791,54791,71126,67956,16335,16335,0,0,0,0
71158,ba7eee6e-11cb-16a5-d4ec-23e8e37a9524,1,54862,54911,71158,64873,16247,16296,49,0,0,0
71251,309c33ac-ede0-ddd7-74d6-69bf11ea4ad3,1,54848,54851,71251,63962,16400,16403,3,0,0,0
71251,f16f2ce4-2220-239e-c401-1f9f439741b4,1,54888,54911,71251,72728,16340,16363,23,0,0,0
71390,5b612cb1-b605-2cb5-ff2a-e006c8ab7726,1,54852,54911,71390,67575,16479,16538,59,0,0,0
71490,d42bf020-aa99-f8eb-3910-b6eecca715c0,1,55009,55031,71490,74474,16459,16481,22,0,0,0
71490,117b17f7-538a-fddf-d02a-c4594a62bf23,1,55272,55331,71490,69315,16159,16218,59,0,0,0
71518,ce7e8e4b-0ba2-58f0-2115-d7c0bdd4c3ac,1,55251,55271,71518,70344,16247,16267,20,0,0,0
71639,b32ba7d2-645b-a118-06c9-58ac63ae4074,1,54933,54971,71639,64379,16668,16706,38,0,0,0
71672,01ba35c8-58e2-a599-4584-4eaa5512dcb8,1,54851,54851,71672,69988,16821,16821,0,0,0,0
71648,a1d53006-f19d-2b2e-f31e-9cdbf353f39f,1,55090,55091,71648,65633,16557,16558,1,0,0,0
71793,6b5761c7-ca95-0fbd-62dd-99e728c286b6,1,55196,55211,71793,74239,16582,16597,15,0,0,0
71849,463371f5-63e2-27d4-7fe1-6def1c824f27,1,54833,54851,71849,71658,16998,17016,18,0,0,0
71853,5155e005-2f9b-b8f5-2ef4-c766e95b98fe,1,54857,54911,71853,71822,16942,16996,54,0,0,0
71878,2139a4da-9efa-882e-ae1b-6c34d538e8db,1,55095,55151,71878,77851,16727,16783,56,0,0,0
72343,be4538af-81d1-51e4-0165-eac447cd38da,1,55874,55874,72343,77073,16469,16469,0,0,0,0
72575,7226d9ca-f5d0-563e-3d4c-90e4b71a0cd7,1,55918,55934,72575,66565,16641,16657,16,0,0,0
72751,c194a479-0175-01bf-74d0-70c376e1dad3,1,56441,56441,72751,64709,16310,16310,0,0,0,0
72927,39e5931e-146b-1681-b207-8342937eea02,1,56639,56639,72927,64751,16288,16288,0,0,0,0
73076,2daaf187-0d2d-8a6f-91a1-4d877eb414f1,1,56489,56501,73076,81096,16575,16587,12,0,0,0
73180,19f2e1da-5932-87e1-39c3-e1dacdac1d98,1,56679,56699,73180,79207,16481,16501,20,0,0,0
73239,4c3246cb-249a-0387-43d6-f6e1ba2a846b,1,56937,56937,73239,78121,16302,16302,0,0,0,0
73306,babaaedd-400d-1df1-d9a7-cae4882f8f28,1,56654,56699,73306,68718,16607,16652,45,0,0,0
73371,66a4d9da-63c6-258f-296f-5e9f62001a95,1,57148,57202,73371,76864,16169,16223,54,0,0,0
73422,9afaf23a-a9c1-5552-aa2d-03d503785062,1,57142,57142,73422,70295,16280,16280,0,0,0,0
73696,55f39eb4-2062-06d6-7c22-5ec2dfcd4047,1,57507,57535,73696,68821,16161,16189,28,0,0,0
74018,1fccc483-e4f4-3420-6427-04a925303f21,1,57148,57202,74018,67722,16816,16870,54,0,0,0
74257,1b4f6acc-f28a-00cc-b86d-81fc865a1675,1,57806,57806,74257,74846,16451,16451,0,0,0,0
74323,2a3d3bca-6e32-2985-7b93-e3f8068f63ee,1,57979,57979,74323,79367,16344,16344,0,0,0,0
75012,38fe4364-3476-b73a-f5df-482f21cc9e40,1,58293,58346,75012,68820,16666,16719,53,0,0,0
75049,ba94b37d-6af7-87f4-b18a-aed2c656969d,1,58532,58586,75049,69021,16463,16517,54,0,0,0
75277,e10ea0c4-e32c-192a-92cd-360c71e48da9,1,58407,58466,75277,81070,16811,16870,59,0,0,0
75340,c165c3d1-4c0f-56e0-b4e9-61578b42917e,1,58756,58801,75340,70229,16539,16584,45,0,0,0
75371,1ed1b9b0-ae62-1e9e-ee39-fdc795a51e98,1,58741,58741,75371,73760,16630,16630,0,0,0,0
75439,5697b4e0-d9f0-cd26-6efb-ef2691bbe0a9,1,58539,58586,75439,79023,16853,16900,47,0,0,0
75545,a80986a1-612f-23ed-22bc-eacf9bbaab78,1,58830,58861,75545,71152,16684,16715,31,0,0,0
75996,3a1b8ef9-f87a-dc1e-5b3c-f9c57b7b4dc5,1,59260,59260,75996,67902,16736,16736,0,0,0,0
105339,420216d7-80ad-3e9c-ef59-06b55564f88a,8,101854,101854,105339,105179,3485,3485,0,0,0,0
113014,0c802537-bb19-03a1-a9a2-d510374e79e8,8,101856,101914,113014,115493,11100,11158,58,0,0,0
120897,19618156-141d-5dc7-6555-0121511cb128,1,104172,104172,120897,119065,16725,16725,0,0,0,0
121268,0eac0df1-94cd-36a9-667b-8d514af6bd7f,1,104931,104931,121268,125982,16337,16337,0,0,0,0
121324,ead9ee61-b6ce-f198-27e1-8a115c6bbcfa,1,104761,104761,121324,120941,16563,16563,0,0,0,0
121559,ff829517-5753-dbe1-826f-e5542b4820ca,1,104941,104991,121559,122155,16568,16618,50,0,0,0
121691,81e55410-680c-dc8c-1838-279dbe7ab5b6,1,105586,105586,121691,124050,16105,16105,0,0,0,0
121992,3c6af9a5-4156-e961-14c1-469a5e0c7d6a,1,105725,105725,121992,116756,16267,16267,0,0,0,0
122003,22dfb1a2-b862-811c-777c-99ae356870c9,1,105644,105646,122003,125649,16357,16359,2,0,0,0
122175,aadd6cd2-6a84-9d26-0e87-a7b27d4da87b,1,105290,105290,122175,123331,16885,16885,0,0,0,0
122249,176da6f3-ef66-2c59-9ca0-43125372bb00,1,105618,105646,122249,119362,16603,16631,28,0,0,0
122429,38690be2-5fae-e956-24b8-c86a396f60af,1,105915,105915,122429,118308,16514,16514,0,0,0,0
122851,6505bd24-06bc-0772-6392-bcba49a7a1b1,1,106570,106570,122851,116715,16281,16281,0,0,0,0
123118,62b292c5-d351-f38d-e58b-30d4811fb103,1,106892,106892,123118,120438,16226,16226,0,0,0,0
123281,4ad86151-73d5-578d-045d-47433a3ed132,1,106951,106952,123281,125959,16329,16330,1,0,0,0
123287,41550ec8-e5fd-2605-d4f5-a257cec2bf2a,1,106823,106823,123287,115859,16464,16464,0,0,0,0
123447,0f7371c7-ceed-e1c6-4c85-8c439ca98a58,1,107370,107417,123447,125108,16030,16077,47,0,0,0
123477,7401b531-dd06-d8db-315e-590129fe5693,1,107003,107012,123477,124467,16465,16474,9,0,0,0
123646,03557f4f-4c86-fe01-ec0c-05d79f1bf57b,1,107357,107357,123646,129298,16289,16289,0,0,0,0
123795,087d86ca-c072-3d34-939f-cfed75107ab3,1,107462,107477,123795,119581,16318,16333,15,0,0,0
124107,75e6b963-b70c-f147-dc93-45d01f5ebfa6,1,107827,107827,124107,117837,16280,16280,0,0,0,0
124636,59e17c9f-3773-b211-3b7c-1723184dab14,1,108150,108150,124636,117172,16486,16486,0,0,0,0
125197,bf8b2e2d-ca93-a42a-e6d1-05c0f4567c13,1,108467,108467,125197,127354,16730,16730,0,0,0,0
130219,e3af176a-dfc7-13d7-5c22-6af0f22c52f2,8,101854,101854,130219,140331,28365,28365,0,0,0,0
140012,30a11898-2bb4-a3eb-27ff-dd49e14bb33c,1,138142,138148,140012,139131,1864,1870,6,0,0,0
140349,b1af8f3e-42cb-f2f1-e885-74637299cda1,1,138028,138028,140349,140350,2321,2321,0,0,0,0
140638,6efea2c7-520f-9902-e199-05e16c71775b,1,138764,138764,140638,140667,1874,1874,0,0,0,0
141168,b9a3024e-4b3e-349e-a8cf-a67c18e5c027,1,138770,138824,141168,140205,2344,2398,54,0,0,0
141211,f49fe4ba-af8e-3a47-36f0-f7c22a013f60,1,138857,138884,141211,140288,2327,2354,27,0,0,0
154606,af233c23-53bc-2a01-e27b-8f7694cab70d,1,138192,138208,154606,149253,16398,16414,16,0,0,0
154675,7daf3ac2-b591-fa73-c915-de9b0ade6c31,1,138086,138088,154675,148479,16587,16589,2,0,0,0
154710,b1cd69ce-544f-cc20-28c6-5bf1591ff0de,1,138076,138088,154710,151582,16622,16634,12,0,0,0
154954,e19b8954-379c-9331-a466-12208cfc5291,1,138384,138384,154954,161544,16570,16570,0,0,0,0
155237,572fb1a9-920e-ffb6-9e4d-b59dbca40a89,1,138869,138884,155237,151132,16353,16368,15,0,0,0
155364,84ad412a-f61c-6ec0-3955-73f257133ccd,1,139315,139315,155364,150610,16049,16049,0,0,0,0
156097,2eaba5c6-b7c3-dd7a-adc7-dacd067f3774,1,139694,139694,156097,160542,16403,16403,0,0,0,0
156411,345021df-ccb9-c6c0-f484-b126405357bd,1,139526,139526,156411,153499,16885,16885,0,0,0,0
157152,2e316a66-95ac-9160-0b0f-26217f8052ce,1,140578,140578,157152,159077,16574,16574,0,0,0,0
157195,05adda3f-2d4d-d439-4031-62682b22988f,1,140770,140770,157195,156028,16425,16425,0,0,0,0
157234,67395171-a92e-5dba-f486-39c9b738bce0,1,140784,140830,157234,156152,16404,16450,46,0,0,0
157468,4524fab2-380b-6af7-b2d8-d31e6a3a5bad,1,140702,140702,157468,165225,16766,16766,0,0,0,0
158837,53d196ae-434d-1335-3481-838ddddca162,1,142085,142085,158837,166066,16752,16752,0,0,0,0
159124,a3541f4d-e4da-0a27-669a-ace02aaf5650,1,142377,142377,159124,162102,16747,16747,0,0,0,0
159212,ff54dcfc-f14a-eb52-51de-47b6b0205d7d,1,142824,142835,159212,156455,16377,16388,11,0,0,0
159359,3d321357-3872-0ab1-4a86-96464aefc2cf,1,142775,142775,159359,165406,16584,16584,0,0,0,0
166900,f3855431-46c4-5d07-07fe-95c22db3701f,1,150769,150814,166900,164761,16086,16131,45,0,0,0
167083,811f5131-346f-f5d0-c2dd-c5d8a3d02e51,1,150989,150994,167083,173980,16089,16094,5,0,0,0
167135,2011e763-0de8-bb3f-cb38-cdda086ae1cd,1,150750,150754,167135,169777,16381,16385,4,0,0,0
167247,99bd3e5a-14a3-a8cf-3164-c8d938d740ce,1,150782,150814,167247,159433,16433,16465,32,0,0,0
167340,015c6370-f2bb-deeb-4e47-46cd236393d3,1,150790,150814,167340,163333,16526,16550,24,0,0,0
167355,a4b65786-a796-87dd-8236-7bbd00d62e5c,1,150694,150694,167355,171213,16661,16661,0,0,0,0
167384,c56e1f7c-f8d4-b8c4-34c5-c3fc7fd5a152,1,150857,150874,167384,166039,16510,16527,17,0,0,0
167454,5d8f3db9-05c0-47a8-5435-6247bc2e2fc5,1,150695,150754,167454,160228,16700,16759,59,0,0,0
167445,d8348456-854e-0330-becd-0ffc54e9764f,1,150717,150754,167445,161160,16691,16728,37,0,0,0
167438,5d8600b8-93a2-101b-563d-d833e69ea47c,1,151048,151054,167438,161416,16384,16390,6,0,0,0
167479,d597e1f5-f55a-44fd-1722-656287db1e6b,1,150975,150994,167479,166851,16485,16504,19,0,0,0
167601,f521db4d-7781-8ffa-d312-dfeb90e9a5d8,1,150750,150754,167601,170513,16847,16851,4,0,0,0
167629,8b463057-788a-277b-c244-89e9f9f86f58,1,150980,150994,167629,164185,16635,16649,14,0,0,0
167647,b16a0f1a-4fc7-11d2-9534-3ce212c11632,1,150921,150934,167647,163784,16713,16726,13,0,0,0
167698,0da4b892-e5ba-6576-792e-37975eb92c42,1,150965,150994,167698,173023,16704,16733,29,0,0,0
167676,30492516-3abc-f98b-bd99-1cd7d00da08d,1,150981,150994,167676,170336,16682,16695,13,0,0,0
167658,1b381495-0ba1-bbc0-059b-9cc076c77bc0,1,150987,150994,167658,169095,16664,16671,7,0,0,0
167679,f3829aea-a8b3-a9b7-7c69-085173b07ee7,1,151192,151192,167679,168534,16487,16487,0,0,0,0
167756,23fed884-e1a5-fc64-e06a-ab873d336c3c,1,150779,150814,167756,174787,16942,16977,35,0,0,0
167748,e3852f22-5d63-b713-e29d-9f4f49de739e,1,150967,150994,167748,169124,16754,16781,27,0,0,0
167757,e190d165-f54a-61d7-136b-97e554f1f97f,1,151196,151252,167757,174340,16505,16561,56,0,0,0
167745,8c17b9c9-1936-3c45-d3ba-4224e0f7b1fe,1,151246,151252,167745,160993,16493,16499,6,0,0,0
167805,80e4025e-16b7-bd82-3580-64f18aa7e441,1,150968,150994,167805,171422,16811,16837,26,0,0,0
167809,07a60d80-f2f5-78b6-c75c-13b9ed6cd0e7,1,150988,150994,167809,161867,16815,16821,6,0,0,0
167828,8fe1b6f3-6c78-9a94-8d90-2db3cd942ee2,1,150973,150994,167828,173916,16834,16855,21,0,0,0
168051,6f0c1276-c1ee-4b4e-6c6e-475a0deba9b9,1,151132,151132,168051,172963,16919,16919,0,0,0,0
168039,8931ad05-3cde-dcbb-93c1-9f61d654cea9,1,151354,151354,168039,175473,16685,16685,0,0,0,0
168126,d7e0a041-ee23-d837-4431-00e0b1988656,1,151576,151635,168126,166820,16491,16550,59,0,0,0
168237,1f86bcd4-bbdb-b166-63e8-816d781576ea,1,151515,151515,168237,165681,16722,16722,0,0,0,0
168327,dc3c9c95-aed2-a945-9d02-38b457de52f6,1,151567,151575,168327,165676,16752,16760,8,0,0,0
168350,a46389de-2d6b-09ba-b1b7-324f235c4a83,1,151568,151575,168350,166099,16775,16782,7,0,0,0
168406,90555578-8fd7-fd91-273b-7e788299e2d1,1,151570,151575,168406,173460,16831,16836,5,0,0,0
168444,27fa695d-e364-b332-df27-38ac4fc5e0a6,1,152235,152283,168444,170031,16161,16209,48,0,0,0
168513,a6f4f1ea-7680-49e1-0144-5bef37b8fbb0,1,151856,151856,168513,171403,16657,16657,0,0,0,0
168728,8974789e-d820-afba-26d2-ec57057d355e,1,152239,152283,168728,165156,16445,16489,44,0,0,0
168777,1a099add-a72b-6f1a-bc9d-6d7f4d9645cb,1,152118,152118,168777,165135,16659,16659,0,0,0,0
168906,71428419-f586-6b79-f969-c0a5394e0293,1,152223,152223,168906,172795,16683,16683,0,0,0,0
168924,33f21121-6e2f-a24a-909b-ab3bb9ea6410,1,152444,152444,168924,168610,16480,16480,0,0,0,0
169021,3372d3fe-c770-4f1b-906a-a3a54f1ef738,1,152495,152504,169021,171176,16517,16526,9,0,0,0
169103,81e2db6e-be49-1a02-58f9-8c93929b98d1,1,152636,152636,169103,173854,16467,16467,0,0,0,0
169179,b18ea9e8-02c7-9efa-eac3-7e6973f04590,1,152226,152283,169179,171948,16896,16953,57,0,0,0
169226,1d827153-8f41-2ef9-07ab-04ec75cf5b32,1,152239,152283,169226,161549,16943,16987,44,0,0,0
169347,888f9861-e5f7-473e-1ee3-80594d7a120c,1,152648,152696,169347,163079,16651,16699,48,0,0,0
169354,751cc652-80fc-1f5d-23b7-6e4069007510,1,152682,152696,169354,160951,16658,16672,14,0,0,0
169672,4efa632d-4b2e-f2b1-e814-ad2feafa5512,1,152911,152911,169672,171851,16761,16761,0,0,0,0
169771,8b63b556-37e8-92f2-e82c-91154c780ed5,1,152921,152971,169771,175167,16800,16850,50,0,0,0
170042,6bdfab27-3dde-3337-5309-7a1146f786a7,1,153247,153247,170042,173042,16795,16795,0,0,0,0
170163,a2048167-88c1-c990-9a00-dc1cb2c1b2e1,1,153728,153770,170163,172788,16393,16435,42,0,0,0
170212,5aabaad3-3dc6-ad61-7ce0-be19e8881ebc,1,153255,153307,170212,175591,16905,16957,52,0,0,0
170459,d221e599-db15-e6a3-83a6-ffe399c21ff3,1,153710,153710,170459,163643,16749,16749,0,0,0,0
170496,4ac173ad-191c-a696-2e46-6caa1cbbfd66,1,153642,153642,170496,175366,16854,16854,0,0,0,0
170623,af156c28-afd8-4bdb-a231-59b4a8851759,1,154086,154133,170623,170253,16490,16537,47,0,0,0
170692,fdefbebe-aa9b-a284-58c3-3a05e25aa003,1,153742,153770,170692,170020,16922,16950,28,0,0,0
170967,2ce80248-4d2a-2902-80cf-2e665663fe16,1,154097,154133,170967,165714,16834,16870,36,0,0,0
171081,d7b2c0ee-4da6-bd8a-d3a9-fcc64bbc0706,1,154641,154687,171081,166011,16394,16440,46,0,0,0
171042,df1846da-2595-3e92-55ea-4bc9391aea7f,1,154935,154950,171042,168711,16092,16107,15,0,0,0
171113,1d5c94c5-fdcd-115c-d994-0dc7b42fdf52,1,153773,153830,171113,177985,17283,17340,57,0,0,0
171353,55d95fd0-ec82-59d2-63bb-23ed82b86253,1,154992,155010,171353,169433,16343,16361,18,0,0,0
171450,c1b05d60-ea5a-dc19-0bc3-7aa4b91903f4,1,154999,155010,171450,169270,16440,16451,11,0,0,0
171541,62b486e7-dcb9-c25b-6a93-7f4eecd2e829,1,154905,154950,171541,165741,16591,16636,45,0,0,0
171592,de5abaa2-8829-092b-f941-e08f9bf990db,1,154922,154950,171592,168184,16642,16670,28,0,0,0
171579,1466c6cd-8627-eaf3-78b9-00d6467e846c,1,154934,154950,171579,168732,16629,16645,16,0,0,0
171764,745b6cc3-69e5-918c-c2cb-dfddeb01bebd,1,154970,155010,171764,164166,16754,16794,40,0,0,0
171961,e6f6c747-1d83-9b2c-8989-44ed33f80a58,1,155527,155527,171961,169238,16434,16434,0,0,0,0
172169,f0a94ac5-55b9-2286-a177-bd2ba2588ba4,1,155745,155745,172169,176711,16424,16424,0,0,0,0
172289,0319384d-77b0-6a4d-cecb-2da462155e10,1,155868,155925,172289,164330,16364,16421,57,0,0,0
172479,38472b9f-4796-ccf4-d6d7-6a3657792813,1,155762,155805,172479,172942,16674,16717,43,0,0,0
172486,a8e029c4-cbd8-ffbd-2499-04f29e77991b,1,155771,155805,172486,175857,16681,16715,34,0,0,0
172506,5990acba-e976-beca-64d3-c0649b20936e,1,155772,155805,172506,177077,16701,16734,33,0,0,0
172599,0e2b8dfe-d71c-5876-87a7-7338221fe89b,1,155789,155805,172599,176749,16794,16810,16,0,0,0
172657,09e1341c-3885-549e-66a1-e8c4c0d71226,1,155745,155745,172657,165318,16912,16912,0,0,0,0
172621,e9883cd5-33bf-86c8-45fe-a358053113c5,1,156079,156105,172621,167260,16516,16542,26,0,0,0
172677,b62723d5-0f56-7c26-e04b-7968b786ee02,1,155822,155865,172677,165151,16812,16855,43,0,0,0
172705,b6ebd95a-5322-5ba5-bc9f-455916de1854,1,156503,156531,172705,169039,16174,16202,28,0,0,0
172848,e4f05cef-e1e4-cf15-bda5-a12d25dac12f,1,156101,156105,172848,166418,16743,16747,4,0,0,0
172934,5e807c75-9239-f8f5-b611-b446ee839f01,1,156416,156471,172934,172046,16463,16518,55,0,0,0
172960,8d4ff273-1d18-a17a-8c13-3576bde8c518,1,156101,156105,172960,173920,16855,16859,4,0,0,0
173129,ab7aae5c-81ec-aca7-b8bc-a5c08d576dc6,1,156244,156286,173129,175366,16843,16885,42,0,0,0
173214,d2670d8e-c143-069e-58dd-021852739052,1,156309,156346,173214,181030,16868,16905,37,0,0,0
173245,19706349-24cb-6b23-f214-d81053638a3c,1,156303,156346,173245,167000,16899,16942,43,0,0,0
173414,7359729d-3c85-1bd6-a6bd-d8b86ae81fc2,1,156698,156711,173414,181356,16703,16716,13,0,0,0
173519,bb41d8e1-1e45-778c-5471-935288f345fe,1,156811,156811,173519,167855,16708,16708,0,0,0,0
173592,f5ae5196-c750-e3ea-7cb6-0d982b04220c,1,156841,156871,173592,168435,16721,16751,30,0,0,0
173668,7695d047-5c05-4714-a771-426c8c2c4d55,1,156413,156471,173668,174717,17197,17255,58,0,0,0
173772,3c0b0e03-7e5e-1f11-1e43-6cce1d91c6cf,1,157354,157354,173772,167340,16418,16418,0,0,0,0
173972,a1713120-85bf-d71f-62d5-da5de59cb2c0,1,157530,157534,173972,180794,16438,16442,4,0,0,0
174099,7fbaf0b9-48aa-cd0a-0ffd-ab65f12e608b,1,157568,157594,174099,170730,16505,16531,26,0,0,0
174106,4c61d7ba-3aa1-9b2d-9d90-ec9f1124bcca,1,157566,157594,174106,168614,16512,16540,28,0,0,0
174355,16d312b4-cdc2-e320-a10b-f5beceb53406,1,157530,157534,174355,174106,16821,16825,4,0,0,0
174462,5a6f96f3-0c41-353c-edbd-ac591dfd55f5,1,157845,157845,174462,167622,16617,16617,0,0,0,0
174534,95e2bc75-fc9b-3cb3-53e3-f02374dd877d,1,157575,157594,174534,169003,16940,16959,19,0,0,0
174562,1c6e2488-59a2-f7fe-716f-1405defba82f,1,157919,157919,174562,177741,16643,16643,0,0,0,0
174767,42cfd58b-5553-1aed-6718-ea95c97bed8e,1,158019,158039,174767,179270,16728,16748,20,0,0,0
174866,52476273-09bc-f981-d76d-2a5d28621722,1,158576,158579,174866,182422,16287,16290,3,0,0,0
174960,042c9f7c-a498-4247-3c9c-b2020d082eb5,1,158168,158219,174960,176085,16741,16792,51,0,0,0
175253,2798448a-a69e-d347-3fbe-425d94d985c6,1,158477,158519,175253,182237,16734,16776,42,0,0,0
175274,77d5e0cb-5dac-3452-8410-e65ca79d5cde,1,158827,158827,175274,176555,16447,16447,0,0,0,0
175650,df97c7d5-c889-4665-9bc3-06229afa5feb,1,158839,158887,175650,172406,16763,16811,48,0,0,0
175777,9a5e6358-1620-5a6d-05e7-0553575de9f6,1,159657,159664,175777,183092,16113,16120,7,0,0,0
175780,a3d781ac-fe37-7a37-b52c-4b2cf67cb759,1,159029,159067,175780,182737,16713,16751,38,0,0,0
175906,4341024d-5468-3e86-cf5c-daa37d8a551e,1,159122,159127,175906,174313,16779,16784,5,0,0,0
175966,3157e5a3-06a8-45d2-34cb-66588358b21c,1,159149,159187,175966,183734,16779,16817,38,0,0,0
176048,07b32ee8-ecb3-6230-3aa6-78051d5148d4,1,159617,159664,176048,183777,16384,16431,47,0,0,0
176069,f85363a7-b3c9-6d01-bb26-f62de8605780,1,159139,159187,176069,168367,16882,16930,48,0,0,0
176254,d2e42dac-cff4-1731-7f2d-0b4dedc28400,1,159884,159885,176254,180184,16369,16370,1,0,0,0
176354,adf9d8d3-df4b-773c-22c3-b03ab3a55694,1,159214,159247,176354,184006,17107,17140,33,0,0,0
176410,72e97caf-b237-a0f6-d695-a986efc62180,1,159828,159885,176410,170326,16525,16582,57,0,0,0
176485,2b2e9823-67ec-df6f-c221-cac45b2ae3f0,1,160070,160077,176485,180793,16408,16415,7,0,0,0
176531,caeac902-899f-3617-77db-83649230dff1,1,159845,159885,176531,169322,16646,16686,40,0,0,0
176517,10b83d9e-6e5e-a06f-3561-d92a16fe4a95,1,159882,159885,176517,172038,16632,16635,3,0,0,0
176597,7d368453-d398-02f0-5fe9-4f3bf267f94c,1,160195,160197,176597,183868,16400,16402,2,0,0,0
176629,13692872-d0cb-b783-ec14-897375afbb89,1,160174,160197,176629,178259,16432,16455,23,0,0,0
176816,8103ec15-9870-3b70-a02e-795bc802d3e6,1,160066,160077,176816,183938,16739,16750,11,0,0,0
176914,435d708f-989f-a18c-cb9f-182335bda475,1,160685,160688,176914,176130,16226,16229,3,0,0,0
176958,30ada63e-745b-26d8-19eb-f36a39a18d9a,1,160405,160405,176958,170094,16553,16553,0,0,0,0
177097,243c3e1f-f809-bd43-4fcc-bfcd4b12c617,1,160695,160748,177097,181694,16349,16402,53,0,0,0
177112,80d89ec7-ad1b-42cd-3149-2d3348c66c75,1,160224,160257,177112,183489,16855,16888,33,0,0,0
177311,ec58849f-db76-54cd-6809-fbc95ac8fca9,1,160661,160688,177311,176670,16623,16650,27,0,0,0
177354,d0d8c752-510a-067f-97b0-c8c13f860104,1,160662,160688,177354,180744,16666,16692,26,0,0,0
177377,b7784aec-cf7e-49af-703b-99e190b28dea,1,160662,160688,177377,181085,16689,16715,26,0,0,0
177447,7b1446e2-01d6-8d62-eb26-54f8133606a0,1,160684,160688,177447,175643,16759,16763,4,0,0,0
177676,27d2de1e-1117-619e-28f1-4e03b6c720af,1,160955,160969,177676,185720,16707,16721,14,0,0,0
177810,3f319b0f-de45-be09-519b-ef718894469d,1,160970,161029,177810,176521,16781,16840,59,0,0,0
177929,a781dac1-1212-9c91-d2be-654727f395e4,1,161107,161149,177929,185296,16780,16822,42,0,0,0
178060,8388bd13-8148-b607-d4c3-ed4fcb4bdbe6,1,161817,161838,178060,179132,16222,16243,21,0,0,0
178214,3ea4997d-2225-70ec-3245-903644b627d6,1,161361,161414,178214,171011,16800,16853,53,0,0,0
178264,04842e8d-9c45-5093-15fc-16f574106831,1,161454,161474,178264,182060,16790,16810,20,0,0,0
178330,bc694263-7ca5-718c-9127-8951d9a4b536,1,161799,161838,178330,176847,16492,16531,39,0,0,0
178420,7d5e9c56-be67-b923-d893-c168949fea04,1,162045,162045,178420,183597,16375,16375,0,0,0,0
178713,87f6cc62-b0a0-ad7c-3c4b-1b15df7f6c4a,1,161592,161594,178713,180793,17119,17121,2,0,0,0
178792,fa89bb0c-12f2-e31f-b822-b8f52a58349e,1,162157,162165,178792,181649,16627,16635,8,0,0,0
178863,300861dc-fc08-23ca-d550-642678e2333f,1,162331,162345,178863,171682,16518,16532,14,0,0,0
179366,d39ca202-9e60-0f73-285d-c4a812a9d9cf,1,162795,162818,179366,172256,16548,16571,23,0,0,0
179409,20363767-9d3f-6257-2885-8b9cc9e40ef4,1,162758,162758,179409,182342,16651,16651,0,0,0,0
179415,1ad118d2-c316-7d38-613b-9a28756019c6,1,162988,163039,179415,181876,16376,16427,51,0,0,0
179664,05764a93-a61f-48fc-3027-e4cb15780574,1,163259,163279,179664,173175,16385,16405,20,0,0,0
179723,69f611cb-8d6a-773e-09cb-5a7da372a0aa,1,163101,163159,179723,187416,16564,16622,58,0,0,0
179705,2d8011e7-cf82-2ede-cf44-79ee2cd366d9,1,163271,163279,179705,177544,16426,16434,8,0,0,0
179904,2b63b9a4-7d7d-5da3-18f7-3f1bf8b5b16f,1,163259,163279,179904,182119,16625,16645,20,0,0,0
179924,a54b820d-9d45-9072-af68-6b0f67247b00,1,163459,163512,179924,173604,16412,16465,53,0,0,0
179918,71723f3a-1719-0958-36fc-edfdbe9e3c56,1,163477,163512,179918,175394,16406,16441,35,0,0,0
179951,5cce5193-3440-2eed-dd65-6c9c0aa4effe,1,163516,163572,179951,181168,16379,16435,56,0,0,0
180302,0792c39c-097b-3ec8-1dd8-273ffb1eb382,1,163695,163752,180302,181111,16550,16607,57,0,0,0
180505,5f96a379-0628-b83b-905c-0d246b3dae08,1,164086,164123,180505,179117,16382,16419,37,0,0,0
180527,81cc9a26-ce7e-6d5c-a39d-be001e0417b1,1,163744,163752,180527,174140,16775,16783,8,0,0,0
180570,b36ff466-7761-38b6-4861-afa9325c44ec,1,163860,163872,180570,188350,16698,16710,12,0,0,0
180629,ab84f394-5d31-2a55-d1ae-f695bd54339c,1,163718,163752,180629,175668,16877,16911,34,0,0,0
180642,255d3d4f-5e1f-be50-d45a-4ac1ee6e3fdd,1,164089,164123,180642,188541,16519,16553,34,0,0,0
180713,ba32211e-25de-03b2-3acb-e6fb2886fe1e,1,164329,164363,180713,175962,16350,16384,34,0,0,0
180878,f3bbd68b-d6f2-ce3c-e5d3-1f40db56a0f7,1,164112,164123,180878,178793,16755,16766,11,0,0,0
180997,15e4001b-70c0-518e-1303-c04ba05ca129,1,163859,163872,180997,178149,17125,17138,13,0,0,0
181222,2cfc3076-fd9e-38aa-136b-d3cb484f3265,1,164102,164123,181222,188505,17099,17120,21,0,0,0
190041,fd6b215e-987a-c7ba-f075-87ab93ff5cab,8,101856,101914,190041,177977,88127,88185,58,0,0,0
488359,ce5e9e60-6f43-cd77-1f54-6fb00b4cfbb4,1,487393,487393,488359,488349,966,966,0,0,0,0
488365,233c2cdf-6f68-eb5b-b22b-ce2b19e9dc59,1,487393,487393,488365,487887,972,972,0,0,0,0
488372,520a7db0-0dbe-5823-74dc-8e30ae9ba657,1,487393,487393,488372,487886,979,979,0,0,0,0
488401,3324a111-9b9b-1dcb-1a27-9621bc71df3f,1,487401,487453,488401,488089,948,1000,52,0,0,0
488394,3a30fa21-b93c-5492-d41c-06e11c53d773,1,487401,487453,488394,488637,941,993,52,0,0,0
488393,0a58785d-93a9-fd74-252e-19dbe1763970,1,487401,487453,488393,488158,940,992,52,0,0,0
488432,5b444ff0-f9bd-97ea-3bee-00d897e7253f,1,487394,487453,488432,488103,979,1038,59,0,0,0
488435,309c9c24-7f50-a04c-7f7c-f96463ced67c,1,487394,487453,488435,487916,982,1041,59,0,0,0
488425,c994391e-1a9c-f4c5-a1d1-185c96832dba,1,487394,487453,488425,487878,972,1031,59,0,0,0
488442,80a21778-8ad9-7448-1e8e-98cc18b1f6e8,1,487394,487453,488442,488547,989,1048,59,0,0,0
488432,d4e0097e-0e05-a305-c527-dbd9cac965b7,1,487394,487453,488432,488366,979,1038,59,0,0,0
488442,ea402b5a-d6c0-284e-e4f2-9f4b56e2a456,1,487395,487453,488442,488497,989,1047,58,0,0,0
488441,274d8fd1-882a-0b7b-b140-055755ac002a,1,487396,487453,488441,488184,988,1045,57,0,0,0
488441,37dc6268-6503-6276-eaa0-555a688286d1,1,487396,487453,488441,487901,988,1045,57,0,0,0
488441,fd950e8b-30f2-b53f-f16b-83b600a90fa8,1,487397,487453,488441,488719,988,1044,56,0,0,0
488454,094b17e9-a2a4-8782-030a-ec1eade3c670,1,487397,487453,488454,488627,1001,1057,56,0,0,0
488439,67eecb02-9242-049b-adcb-e79511af1ae7,1,487397,487453,488439,488029,986,1042,56,0,0,0
488448,73183470-5c91-9eb3-4942-73b9cbb1fc79,1,487398,487453,488448,488380,995,1050,55,0,0,0
488462,00e719eb-0d18-e6ff-34c2-fc3025680b66,1,487398,487453,488462,488583,1009,1064,55,0,0,0
488460,80347fa3-0d58-70da-7f76-2d1da098629c,1,487398,487453,488460,488722,1007,1062,55,0,0,0
488446,94151b7c-2929-7519-7881-78ab72073796,1,487399,487453,488446,488165,993,1047,54,0,0,0
488446,7ed611e0-3b08-a367-f2aa-825cc1770064,1,487400,487453,488446,488832,993,1046,53,0,0,0
488446,cac5f34e-2518-8702-1981-53adca83f6d5,1,487400,487453,488446,488849,993,1046,53,0,0,0
488452,fe1a76f8-b1d3-0d4d-1d43-a586504db123,1,487400,487453,488452,488439,999,1052,53,0,0,0
488446,15d2b246-a727-4637-7509-3ae4f291e779,1,487401,487453,488446,488463,993,1045,52,0,0,0
488609,3c678ad5-ee45-a8cc-2a04-80c12f341515,1,487031,487031,488609,489137,1578,1578,0,0,0,0
491941,30950ae5-bc09-d7c4-3609-66943c35b27d,1,491325,491325,491941,491894,616,616,0,0,0,0
492003,eb383807-e2a6-9838-2d6a-c07746a36a8e,1,491341,491385,492003,491971,618,662,44,0,0,0
492059,3276df06-337b-9b20-87a9-4f0fcffd6588,1,491326,491385,492059,492185,674,733,59,0,0,0
492059,0e766953-802a-893a-c759-49dd30566dcb,1,491334,491385,492059,491833,674,725,51,0,0,0
492031,ba88b030-c90f-bfd6-78fc-15c456f5238e,1,491336,491385,492031,492145,646,695,49,0,0,0
492012,7f250ab4-3557-d764-e4f0-2f6e39579142,1,491347,491385,492012,492105,627,665,38,0,0,0
492033,ab6754b0-81bd-7533-0ee6-94bb71e7915f,1,491349,491385,492033,492029,648,684,36,0,0,0
492098,4aa5cdd3-7c5a-a5dd-3f87-03c556dbb0b1,1,491414,491445,492098,492034,653,684,31,0,0,0
492120,1a7a4b25-d0ce-67c7-a226-ccb626f8b1ef,1,491504,491505,492120,492150,615,616,1,0,0,0
492192,12168355-1d23-1447-92e9-16a1aab7f4be,1,491508,491565,492192,492075,627,684,57,0,0,0
492234,38129127-c176-4999-a5e1-9f2eb1f04f81,1,491617,491625,492234,492182,609,617,8,0,0,0
492317,a655f427-37fa-203c-e8b2-afcfc6faf9a0,1,491592,491625,492317,492227,692,725,33,0,0,0
511964,c76c5a12-ad6d-5077-4912-e293e158142d,1,503915,503915,511964,514886,8049,8049,0,0,0,0
513062,07706e2a-b8ef-5a58-0c06-11fe10389b79,1,496711,496711,513062,520312,16351,16351,0,0,0,0
513542,c0bec4b4-64d5-ffb8-24a0-ff58fc33e632,1,496991,496991,513542,512607,16551,16551,0,0,0,0
513596,389d2884-c7f9-ddef-de45-cba6d8f1ebd4,1,497034,497051,513596,506630,16545,16562,17,0,0,0
513631,c23cd520-559c-74fe-3d86-c3beb705de2c,1,496896,496896,513631,519520,16735,16735,0,0,0,0
513613,d57c1c57-6e92-04fe-c99d-cf2477d05d73,1,497061,497111,513613,512441,16502,16552,50,0,0,0
513640,e80d2012-155e-0dc9-61e2-1b852afc787b,1,497285,497285,513640,513860,16355,16355,0,0,0,0
513688,0e8ce909-8a32-699a-14ce-462789ab086a,1,497067,497111,513688,516848,16577,16621,44,0,0,0
513761,93efc78e-4109-ede3-7762-d02971d3c36b,1,497369,497369,513761,510082,16392,16392,0,0,0,0
513779,d357058b-685a-57b5-6c21-16143aebed24,1,497396,497429,513779,515000,16350,16383,33,0,0,0
513804,aca2317a-be38-7527-bf6c-7208009411a5,1,497010,497051,513804,510281,16753,16794,41,0,0,0
513793,feeb10cc-3301-6eb3-4e0c-e7ad5c24a4a1,1,497476,497489,513793,509955,16304,16317,13,0,0,0
513845,7bc47a3c-b843-0fd5-7188-2238295fa635,1,497444,497489,513845,519632,16356,16401,45,0,0,0
514004,e103f40a-7039-ac54-b8ad-0d715f034080,1,497441,497489,514004,522013,16515,16563,48,0,0,0
514042,e085f9ed-98dd-2936-d387-bfd398f186cb,1,497871,497923,514042,512563,16119,16171,52,0,0,0
514275,11f1abc3-6fc9-7565-1c57-e0447ad96685,1,497863,497863,514275,508139,16412,16412,0,0,0,0
514334,50768cda-643d-7a57-a703-7ce65f33c576,1,497889,497923,514334,515204,16411,16445,34,0,0,0
514577,902c96e3-62fa-5ace-4001-50558d54f365,1,497900,497923,514577,508139,16654,16677,23,0,0,0
514630,f2d6f5eb-4471-0551-6d5f-aa530cbb1654,1,497736,497736,514630,512071,16894,16894,0,0,0,0
514623,30966084-a69b-0122-1d07-06d52cc3602e,1,498001,498001,514623,507319,16622,16622,0,0,0,0
514618,647df75d-e3ab-6f3c-ec5d-66f58a0f9ff0,1,498071,498071,514618,518127,16547,16547,0,0,0,0
515363,4f7cc5e3-dce3-42f0-488a-0860ff559199,1,498607,498607,515363,511936,16756,16756,0,0,0,0
515403,3e7e43a5-c4ad-e9ac-5f05-4fdc666814e8,1,498618,498667,515403,511860,16736,16785,49,0,0,0
515585,7eb7dd5e-95b6-ddab-364b-b6660fcb6dff,1,498967,498967,515585,523123,16618,16618,0,0,0,0
515627,24193af8-2e40-db4b-51cf-a3c757fa0401,1,498977,499027,515627,518985,16600,16650,50,0,0,0
515745,69e69e79-d4c3-2d83-222f-378d6ab03fbc,1,499533,499533,515745,508624,16212,16212,0,0,0,0
516040,ca8d9c30-31b3-37da-798a-a939b487d049,1,499382,499382,516040,512121,16658,16658,0,0,0,0
516159,31237ee4-9733-65d2-72df-95ff2d455678,1,499083,499087,516159,523178,17072,17076,4,0,0,0
516200,86d6dc2f-7080-e20d-c8fb-a112fac5f845,1,499602,499602,516200,513412,16598,16598,0,0,0,0
516336,a0193b47-9df5-8c2d-322b-48edcf171269,1,499628,499662,516336,511130,16674,16708,34,0,0,0
516476,a5c289c9-94f8-b7a7-e16c-de6546314c18,1,499665,499722,516476,510803,16754,16811,57,0,0,0
516518,37716dc3-1573-79c8-69e6-1237e7513650,1,500233,500271,516518,519595,16247,16285,38,0,0,0
516550,b7f792b2-f977-f6d3-4e1e-c9c5b8f68966,1,499918,499918,516550,511817,16632,16632,0,0,0,0
516986,dc13ae19-83de-4363-40c8-edb17ddab0ba,1,500676,500676,516986,520339,16310,16310,0,0,0,0
517591,5bef7a70-97b7-477b-86ac-bca2ff5355b8,1,501219,501238,517591,513452,16353,16372,19,0,0,0
518143,e3d099cf-50aa-b2c8-9e89-48ab4764b469,1,501518,501518,518143,510014,16625,16625,0,0,0,0
518327,4502cff1-ff5e-a3e5-588a-7be0ff4fef13,1,501837,501837,518327,511823,16490,16490,0,0,0,0
518837,e24740a5-3de4-e97d-f5f1-6da6f7e4b2af,1,502601,502601,518837,520011,16236,16236,0,0,0,0
519627,2af38599-ddf1-b035-196c-6dc8e503d716,1,503222,503237,519627,514168,16390,16405,15,0,0,0
520672,c6054161-fd38-b96f-3a28-4ba51def72aa,1,504126,504126,520672,528685,16546,16546,0,0,0,0
537356,f7eb0070-e14c-6307-10c0-0b6fde9cdd09,1,533184,533184,537356,538916,4172,4172,0,0,0,0
539804,3c78f8f3-4416-675c-1e84-3e0d8bac7e4b,1,531563,531563,539804,542767,8241,8241,0,0,0,0
540101,7ddacc92-b663-53be-3eae-13a7a3e77ae0,1,531935,531976,540101,541637,8125,8166,41,0,0,0
540115,3f2e6062-1a2f-a29e-7ea8-68b500e77c85,1,532044,532044,540115,543401,8071,8071,0,0,0,0
540192,c434e6fd-9197-1540-5d23-59976e4943dc,1,531916,531916,540192,540542,8276,8276,0,0,0,0
540163,27825da2-2198-11ae-7254-4f4141e2089d,1,531953,531976,540163,536701,8187,8210,23,0,0,0
540449,4ba9d84e-411b-5175-df66-8c9985af9ca3,1,532310,532336,540449,537655,8113,8139,26,0,0,0
540458,cff10b3d-44ab-8ece-c6c0-3a3abf468efb,1,532276,532276,540458,536424,8182,8182,0,0,0,0
540489,20a2205d-0dcc-9c76-b4a9-5785aaf698e0,1,532365,532396,540489,538099,8093,8124,31,0,0,0
540585,5d0e02ad-aec7-9a98-de8c-afb3ddf1df89,1,532303,532336,540585,544514,8249,8282,33,0,0,0
541035,3b8d07ac-b930-b125-4b8b-4d2da04e6999,1,532789,532789,541035,537171,8246,8246,0,0,0,0
541750,6351a4e9-1963-9085-a6a5-6b5ed93dfe43,1,533510,533510,541750,540907,8240,8240,0,0,0,0
541874,3771af9e-0aa1-0a2e-b33b-57e8c9bb859f,1,533812,533812,541874,542166,8062,8062,0,0,0,0
542089,9b08aa1d-761f-6db0-0b3e-1aeae6c78416,1,533821,533872,542089,543054,8217,8268,51,0,0,0
545551,5594b6b4-9c0b-337d-14ec-f34a30e0780f,8,518201,518203,545551,547469,27348,27350,2,0,0,0
548287,bbbb2902-ea46-801e-432a-d975b006a6a3,1,531792,531792,548287,555650,16495,16495,0,0,0,0
548628,e35b1be0-5f8c-cebe-d70e-35932187e362,1,532310,532336,548628,541315,16292,16318,26,0,0,0
548925,55b17fd3-8561-9d1d-59cb-54ceebf3d015,1,532702,532724,548925,548701,16201,16223,22,0,0,0
549294,adef324e-2df6-18f4-f6ca-4270e7e2866f,1,532895,532895,549294,547993,16399,16399,0,0,0,0
549360,e2b51013-e58e-c83e-126b-d0ece83e74ee,1,532664,532664,549360,556491,16696,16696,0,0,0,0
549364,63f682df-bfbd-3aa5-8afb-46c56965ad3d,1,532709,532724,549364,549123,16640,16655,15,0,0,0
549449,7b9adb55-c138-d80c-6782-e0922e5735a6,1,532450,532456,549449,553571,16993,16999,6,0,0,0
549862,9df97618-52df-8e23-8cb5-450057c549b8,1,533215,533244,549862,555054,16618,16647,29,0,0,0
549958,268f1e73-2914-8d0b-f617-8a839031510e,1,533685,533685,549958,542152,16273,16273,0,0,0,0
550197,f0c3c3dc-a885-7f61-81f2-11d7153db7db,1,533989,534048,550197,557913,16149,16208,59,0,0,0
550266,92243729-df9e-751a-0645-3bc95d0ec3ec,1,533558,533570,550266,552086,16696,16708,12,0,0,0
550273,11c40271-92ec-ee44-88d9-df82f5353069,1,533541,533570,550273,543512,16703,16732,29,0,0,0
550418,e4becbea-649d-8651-ddf1-e716a4ec9017,1,533825,533872,550418,543782,16546,16593,47,0,0,0
550533,45ccb33f-764e-db9a-2829-d5c77234c843,1,533872,533872,550533,555947,16661,16661,0,0,0,0
550623,935b5a4e-3ea3-d70a-45f2-3922d0394481,1,533988,533988,550623,543315,16635,16635,0,0,0,0
551063,7dbfb98f-4913-bc9e-e015-7b4247479600,1,534004,534048,551063,557646,17015,17059,44,0,0,0
619573,5c01b4f4-5e3a-94ee-1867-a7802cd37a65,8,609561,609561,619573,616989,10012,10012,0,0,0,0
626852,a67c1311-435d-6233-d9e2-29a16d1a9231,8,601643,601643,626852,639257,25209,25209,0,0,0,0
633564,c04b4543-c38b-3490-0c67-5024ab4476dd,8,609581,609621,633564,627064,23943,23983,40,0,0,0
679045,96f3b09f-213d-1f01-99b0-87332dc11b12,1,670945,670945,679045,677346,8100,8100,0,0,0,0
679550,c3c41672-8244-bfa3-fe7e-68af73dcf7d6,1,671213,671213,679550,679804,8337,8337,0,0,0,0
680342,5f20c61b-877a-ec13-0b78-7f4e092a5310,1,671999,671999,680342,678498,8343,8343,0,0,0,0
681051,b3e771d3-23d0-a1a1-3fa3-30ffebd66712,1,672938,672938,681051,682075,8113,8113,0,0,0,0
681913,9ead70d9-f0bd-4fe4-03c8-eb113b41f06d,1,673715,673715,681913,684664,8198,8198,0,0,0,0
681993,9819c004-6fd3-5ccb-5396-f06d0e573c50,1,673737,673775,681993,685570,8218,8256,38,0,0,0
681975,c611858d-ab59-c31a-44b1-8939eb7317c7,1,675397,675397,681975,682506,6578,6578,0,0,0,0
681979,145df5f4-73bd-c17c-37f5-a6c9acadb6d9,1,675397,675397,681979,681271,6582,6582,0,0,0,0
681970,e381a3da-0f3b-ad0f-e7fd-636327acb4e6,1,675397,675397,681970,682366,6573,6573,0,0,0,0
681983,409c402a-b29b-9232-1de2-2a37520495f1,1,675397,675397,681983,682250,6586,6586,0,0,0,0
681995,0d350ff5-e30a-4310-ec53-8d8a712fb424,1,675397,675397,681995,681244,6598,6598,0,0,0,0
682009,72b118d2-d1da-b0ff-c755-5403437b4019,1,675399,675457,682009,678856,6552,6610,58,0,0,0
682009,b4dd2c13-e5a2-4a6c-5214-4d02a0a00cad,1,675399,675457,682009,680674,6552,6610,58,0,0,0
682003,aa08af38-bf25-73a6-6f49-21b3f475fb47,1,675401,675457,682003,685119,6546,6602,56,0,0,0
681975,d6074401-940e-9c4f-b1cc-e1619bdfc447,1,675401,675457,681975,684100,6518,6574,56,0,0,0
681982,92c76c37-e911-b316-563f-277e5c20df07,1,675401,675457,681982,680292,6525,6581,56,0,0,0
681977,f9e6ffd0-0345-a9e3-4472-1115bf1053ff,1,675402,675457,681977,684144,6520,6575,55,0,0,0
681982,b7e94ddf-31a5-7087-6246-50462e9b106a,1,675402,675457,681982,681309,6525,6580,55,0,0,0
681983,a667861e-b9e1-cd5b-f68f-3df1d97b98b3,1,675402,675457,681983,684410,6526,6581,55,0,0,0
682013,9b890c38-f978-ecef-1d3b-14e226b1fe1f,1,675403,675457,682013,683464,6556,6610,54,0,0,0
681971,a9a2e013-5c3e-0324-1e48-6a848039ce01,1,675407,675457,681971,684742,6514,6564,50,0,0,0
682040,daaecc18-8625-fb26-9113-a3b4f1c5c347,1,675398,675457,682040,679237,6583,6642,59,0,0,0
682058,4c0ea187-fe41-15d5-e734-5a2cbf3e16b1,1,675398,675457,682058,679889,6601,6660,59,0,0,0
682053,602e69a9-cf2c-d641-dbc8-e835e854bd94,1,675398,675457,682053,679033,6596,6655,59,0,0,0
682030,ce0dfb62-fbe5-774d-3eab-fda283b3a8f1,1,675403,675457,682030,678802,6573,6627,54,0,0,0
682053,f30e229a-80ec-b2de-1bc3-0ae71302458d,1,675403,675457,682053,681960,6596,6650,54,0,0,0
682036,376ce05b-9ebb-dd98-24c0-b72abb6c3688,1,675404,675457,682036,683287,6579,6632,53,0,0,0
682022,34a48ccb-1423-3391-8aff-b7bd47d42711,1,675404,675457,682022,682581,6565,6618,53,0,0,0
682025,6248fb6e-f75a-c51e-3023-5816b2dcfc8e,1,675406,675457,682025,683176,6568,6619,51,0,0,0
682055,9a4a81d5-0fd3-1e5b-adf5-9c08ee108ba9,1,675406,675457,682055,683627,6598,6649,51,0,0,0
682049,b24ecc2a-34e6-09a1-f122-8ebb23c2063a,1,675407,675457,682049,682535,6592,6642,50,0,0,0
682657,7e89b114-e9e4-b546-84c9-279d71958eac,1,674392,674392,682657,683463,8265,8265,0,0,0,0
682846,6afea56e-289f-aec2-8ac9-abcf3bde1e84,1,674641,674641,682846,685494,8205,8205,0,0,0,0
683558,1ed2ad31-82df-ea6e-e30a-f98288581174,1,675440,675457,683558,682073,8101,8118,17,0,0,0
684995,c13a45ae-14f7-8055-fbce-12500b9f536e,1,676719,676719,684995,688002,8276,8276,0,0,0,0
686549,c8292e8e-b34d-04b1-bcfe-c901d7e539bb,1,678563,678563,686549,684403,7986,7986,0,0,0,0
686889,0d83689f-d73a-d9bc-713e-71126ffcf398,1,678805,678832,686889,685007,8057,8084,27,0,0,0
686903,45aaa872-ab9a-8fc1-4555-ce0a5e736ba1,1,678634,678634,686903,688580,8269,8269,0,0,0,0
687012,81e93b12-3b7f-21cb-da79-434d240533d4,1,678797,678832,687012,690338,8180,8215,35,0,0,0
688465,4036d3f7-4dbf-ba86-5b18-0366c500c091,1,680521,680521,688465,691292,7944,7944,0,0,0,0
688512,b39ff009-13e7-f43e-efde-aed4d7479ab4,1,680370,680402,688512,690305,8110,8142,32,0,0,0
689515,6b752f1d-e1f1-9b24-5557-bfc91be79ff4,1,681553,681553,689515,688202,7962,7962,0,0,0,0
689716,8725268a-50b7-5b84-e188-1d0359e31fc9,1,681701,681717,689716,687568,7999,8015,16,0,0,0
806131,a30eeb05-7e7b-7566-eca9-388a21cc0651,1,789909,789959,806131,809527,16172,16222,50,0,0,0
806189,3a2ef0d4-e6a7-7db2-a0ee-052ce563538c,1,789991,790019,806189,800901,16170,16198,28,0,0,0
806550,8deeb109-437c-3a24-a3f5-bd11e5880a96,1,789899,789899,806550,812173,16651,16651,0,0,0,0
806900,48b274d1-befe-65f7-dd73-e64544a4adc3,1,790520,790520,806900,808826,16380,16380,0,0,0,0
807124,1b9cc2b5-371a-2bef-83d2-208296d7b5e9,1,790368,790368,807124,811684,16756,16756,0,0,0,0
807307,8bf87778-421e-552f-7078-bc77a7cdf87e,1,790632,790632,807307,814724,16675,16675,0,0,0,0
807340,be7bf82c-3578-1a11-5c1d-a13897a23064,1,790959,790959,807340,800763,16381,16381,0,0,0,0
807487,80f7360d-4d66-ea8e-ea90-5ba45facc09e,1,791119,791119,807487,809284,16368,16368,0,0,0,0
807913,d4eecf3c-84b6-d35e-d618-0953fdf354e4,1,791440,791440,807913,811890,16473,16473,0,0,0,0
808353,470dc933-0ea2-da98-0a02-81a6d9889ac9,1,791946,791946,808353,808432,16407,16407,0,0,0,0
808759,39288a6b-bf2e-47ff-0f26-4fec76dabfd2,1,792441,792441,808759,802303,16318,16318,0,0,0,0
808992,4b3b5db6-0384-640a-61c6-8dd3ced0ed87,1,792779,792779,808992,801708,16213,16213,0,0,0,0
810753,1e3a98b4-0bcb-3b12-cf64-0926610b4a8d,1,794765,794819,810753,807693,15934,15988,54,0,0,0
810994,8f96e5bf-ba6a-76c3-f97e-e920cc3e9fac,1,794709,794759,810994,814079,16235,16285,50,0,0,0
811175,c31e570f-7a3b-e3f3-7e95-f4bd69723504,1,794544,794584,811175,805782,16591,16631,40,0,0,0
811246,85c3cb19-7fe3-6795-5653-e85f3d5feb58,1,794524,794524,811246,808386,16722,16722,0,0,0,0
958958,ea4fc671-22e8-2307-dea8-b3b242dd1131,1,958083,958127,958958,958943,831,875,44,0,0,0
959060,328ddd5a-4413-2b8c-b9e3-1afc56354a26,1,958177,958187,959060,959142,873,883,10,0,0,0
959085,731a9d05-7e33-a416-52bf-d4d2be104b91,1,958302,958307,959085,958808,778,783,5,0,0,0
959129,ad2a583e-5ee8-b605-7b69-303acf1533af,1,958299,958307,959129,958998,822,830,8,0,0,0
959185,b62294df-8911-b9f4-870e-b41f0cd6319b,1,958119,958127,959185,959276,1058,1066,8,0,0,0
959177,4d180e38-3699-2fc4-5565-cf0e0f319c37,1,958234,958247,959177,959013,930,943,13,0,0,0
959198,4ae170bc-b1c3-deec-f78d-8d387a171522,1,958245,958247,959198,959240,951,953,2,0,0,0
959257,08edd1e3-31a0-932f-4c79-71ec9e9228e0,1,958243,958247,959257,959161,1010,1014,4,0,0,0
959397,a07391d0-da02-25c2-6e8e-21c1923e51ef,1,958305,958307,959397,959679,1090,1092,2,0,0,0
959380,2e351b81-4703-9aaf-1428-43c84ae3981c,1,958429,958487,959380,959346,893,951,58,0,0,0
959443,0164d35d-3b72-3a77-94f5-8c78659a5d0c,1,958434,958487,959443,959767,956,1009,53,0,0,0
959488,2db6fa6c-dafe-345a-ae51-463af1e8f042,1,958018,958067,959488,959721,1421,1470,49,0,0,0
959643,33f111d8-1a64-9322-9e30-378146896020,1,958122,958127,959643,960268,1516,1521,5,0,0,0
959621,c32e45fc-0707-e950-6ae2-34b56d84c6b1,1,958168,958187,959621,960273,1434,1453,19,0,0,0
959645,f3bde14b-b221-b4eb-19a2-19eaa8aa890a,1,958172,958187,959645,958945,1458,1473,15,0,0,0
959651,e2b94f55-dd4f-274c-8335-68df97dd6541,1,958471,958487,959651,960146,1164,1180,16,0,0,0
959721,65424c44-a6aa-dfb3-42f5-716e722979b5,1,958084,958127,959721,959791,1594,1637,43,0,0,0
959807,18c71b92-d61c-3ccc-b2b8-63d5c1ddb7f2,1,958067,958067,959807,959684,1740,1740,0,0,0,0
959784,77ca6681-fb97-69a9-7bad-e159e9b259ba,1,958145,958187,959784,959671,1597,1639,42,0,0,0
959856,28dc3667-2fcf-aaef-b620-1155a0df18e1,1,958014,958067,959856,959715,1789,1842,53,0,0,0
959867,701e1d87-48e3-c3ac-e630-57d4104853ed,1,958075,958127,959867,960068,1740,1792,52,0,0,0
959983,7ab7dba3-4866-fa2c-c27b-99f90cb8ea81,1,958103,958127,959983,959139,1856,1880,24,0,0,0
959993,0f0e82c6-78da-d30a-3f4b-8e5bb94d9645,1,958124,958127,959993,960736,1866,1869,3,0,0,0
959990,a041dea0-86ca-fcb5-fe95-00ab563df888,1,958320,958367,959990,959469,1623,1670,47,0,0,0
959990,0dc7f022-2f3b-bbf9-ba2c-10d1adf82230,1,958549,958549,959990,959482,1441,1441,0,0,0,0
960058,66f23510-902f-c13b-aec7-92ace160352e,1,958053,958067,960058,959847,1991,2005,14,0,0,0
960022,b8c651f9-cb11-2561-613c-e8956051b970,1,958063,958067,960022,960333,1955,1959,4,0,0,0
960033,1bee5346-f08f-4d98-d770-4f1450992b7d,1,958313,958367,960033,960101,1666,1720,54,0,0,0
960108,5042870b-a1ab-c173-5066-65c26c03d7b7,1,959233,959284,960108,960299,824,875,51,0,0,0
960228,91cfccef-2c21-b528-8c87-30e10bfaf3a5,1,958042,958067,960228,960990,2161,2186,25,0,0,0
960328,25dcf4e2-33e0-b555-bc85-8724645cad0f,1,958007,958007,960328,960523,2321,2321,0,0,0,0
960307,24a88faa-76be-e87c-256e-5aef6451fba0,1,958177,958187,960307,960763,2120,2130,10,0,0,0
960371,1afc164f-1ffe-0ae3-e202-1264286e476b,1,958173,958187,960371,961018,2184,2198,14,0,0,0
960371,b43f4733-c731-36b1-de34-9151083428e5,1,958375,958427,960371,959746,1944,1996,52,0,0,0
960438,5248a167-ed1a-45c0-4093-698bdff509d7,1,958149,958187,960438,961052,2251,2289,38,0,0,0
960433,e2709336-8911-a637-ae58-801427005d90,1,959233,959284,960433,960688,1149,1200,51,0,0,0
960581,560afa6c-2457-4ff9-8908-fe6a5e15d0be,1,959651,959704,960581,960312,877,930,53,0,0,0
960705,2a13f6ba-7f09-27bb-041d-72a2f8c32a72,1,958288,958307,960705,960792,2398,2417,19,0,0,0
960709,7e442934-f5be-fb3a-984c-3f3b18c8f31c,1,959165,959224,960709,961251,1485,1544,59,0,0,0
960756,7c809dad-e5cf-2fff-dbaf-aa615099b34b,1,959973,960004,960756,960630,752,783,31,0,0,0
960799,1cc24867-104a-d5f2-05d2-9819f14b76ec,1,960006,960064,960799,960697,735,793,58,0,0,0
961215,5a971457-3db2-8905-3514-cd4f62bad244,1,960039,960064,961215,961713,1151,1176,25,0,0,0
961182,bc951432-b554-7345-789d-55f9a13ab5bb,1,960301,960328,961182,961035,854,881,27,0,0,0
961279,73552401-9e3c-5f31-4e91-c9f8231b392c,1,959395,959404,961279,960911,1875,1884,9,0,0,0
961240,b736df97-5168-e445-b15f-112dc0b39906,1,960028,960064,961240,960958,1176,1212,36,0,0,0
961411,61fa3357-0ff3-a645-37cf-792e9978247d,1,959873,959884,961411,960771,1527,1538,11,0,0,0
961415,bf9546dc-df2c-3adf-2a57-e132293b7b1f,1,959888,959944,961415,961133,1471,1527,56,0,0,0
961445,758014b1-09d8-0008-f597-fd9adb50764b,1,959888,959944,961445,960803,1501,1557,56,0,0,0
961452,0bc7e4b8-f1c1-ffc1-b9e4-c9981d4fe191,1,959892,959944,961452,960657,1508,1560,52,0,0,0
961513,362fa786-f539-dca0-eeea-8ac8a86a7ac1,1,960326,960328,961513,961465,1185,1187,2,0,0,0
961879,63bb3cfa-43e5-fee5-0a6c-a4e73c36d8ff,1,959428,959464,961879,961422,2415,2451,36,0,0,0
962248,71f3a429-c29f-dbce-84e8-7282389f1f2b,1,960302,960328,962248,961623,1920,1946,26,0,0,0
966892,c9d39a27-2564-4d8a-09ed-377f65467cfd,1,958601,958609,966892,964836,8283,8291,8,0,0,0
966863,311080ea-0eab-8f3c-7e9f-15d5028f0830,1,958684,958684,966863,969241,8179,8179,0,0,0,0
966900,7a764894-184e-b9e4-2060-be2e4c1e9a9c,1,958742,958744,966900,970398,8156,8158,2,0,0,0
966924,e7c6f661-a1f9-501c-8fc1-53a5f26dd964,1,958720,958744,966924,968124,8180,8204,24,0,0,0
967017,13692b61-eea1-6f8c-6407-86c2a4352372,1,958743,958744,967017,963419,8273,8274,1,0,0,0
967021,c5932f0b-1154-ad5d-ff87-b41606efe57f,1,958775,958804,967021,965059,8217,8246,29,0,0,0
967058,10f51dc7-3d5e-c04b-2632-5600378a5a01,1,958706,958744,967058,965483,8314,8352,38,0,0,0
967123,c169ca9e-a6e4-1ad6-3033-06bad7c1c44c,1,958876,958924,967123,963461,8199,8247,48,0,0,0
967180,fff4a005-887a-5838-01c2-de3a000a572e,1,958834,958864,967180,965390,8316,8346,30,0,0,0
967166,7f3e5e2a-c578-a5f0-cb8f-f16c003a5ebc,1,959029,959044,967166,969598,8122,8137,15,0,0,0
967257,526827db-aae9-4a38-40c7-1a7f07d0f6fc,1,959021,959044,967257,970021,8213,8236,23,0,0,0
967239,396f0d03-62f4-18f7-207b-1217edbbf017,1,959046,959104,967239,970536,8135,8193,58,0,0,0
967325,bbcd2da5-ba29-5407-17f7-f279f478e343,1,959059,959104,967325,964167,8221,8266,45,0,0,0
967313,57a28da9-10cc-faaf-dd5b-fec58d8c22db,1,959067,959104,967313,968181,8209,8246,37,0,0,0
967385,3c22e67f-cbe6-1fc4-09f6-886962e51517,1,959097,959104,967385,968994,8281,8288,7,0,0,0
967440,c37b9fc1-1357-1b70-5da0-17d36c26e41d,1,959228,959284,967440,967652,8156,8212,56,0,0,0
967469,8b365373-f079-b5d3-5487-dd43355b29db,1,958941,958984,967469,968810,8485,8528,43,0,0,0
967481,93f76127-9419-a183-9b27-3fcef5c9191c,1,959208,959224,967481,971108,8257,8273,16,0,0,0
967528,3530d627-0c33-d175-bebf-7630adc9f721,1,959326,959344,967528,967620,8184,8202,18,0,0,0
967618,f695ab3e-e1fc-e5a5-7838-ceb383e1d6e1,1,959118,959164,967618,966739,8454,8500,46,0,0,0
967577,782d264d-5fde-c350-53e9-a11542a65226,1,959201,959224,967577,964589,8353,8376,23,0,0,0
967598,1de4e858-74aa-931b-5c5b-7b8b0748d24e,1,959279,959284,967598,970025,8314,8319,5,0,0,0
967574,18c7a05e-94dd-53b8-aaa9-9c4d8f256109,1,959317,959344,967574,968494,8230,8257,27,0,0,0
967571,affc4c90-8096-7b47-beba-a8f6b2c440be,1,959373,959404,967571,964107,8167,8198,31,0,0,0
967645,378ca8bb-041d-45f5-d10f-e0a545b0bb74,1,959203,959224,967645,965651,8421,8442,21,0,0,0
967659,079be1ac-ca19-0426-5655-4b435684d4ac,1,959320,959344,967659,964139,8315,8339,24,0,0,0
967657,4f5be1f7-0ac4-2f1c-fc38-bfd306b17eec,1,959345,959404,967657,971367,8253,8312,59,0,0,0
967655,93f4c33e-dfcd-1ef0-35ee-19d26567256b,1,959393,959404,967655,966523,8251,8262,11,0,0,0
967670,7adbd387-4b56-521a-df5c-107c75a9e99b,1,959448,959464,967670,963503,8206,8222,16,0,0,0
967726,7f0868cf-e70a-8a3c-f631-39b8f1e0a4dd,1,959345,959404,967726,970605,8322,8381,59,0,0,0
967770,459908d4-c064-58cd-59ca-2ce0055d56c6,1,959477,959524,967770,964894,8246,8293,47,0,0,0
967861,2f25733d-dbc2-ae49-365c-b63810b8b54c,1,959539,959584,967861,970210,8277,8322,45,0,0,0
967836,b2a8d87d-56b4-aa33-680e-cdd91132eb2a,1,959564,959584,967836,968354,8252,8272,20,0,0,0
967848,ad03648c-dcff-cf66-9a37-ebecba3d5b0a,1,959590,959644,967848,963760,8204,8258,54,0,0,0
967826,b1773262-65db-2f00-9da9-4ad2c2cc7a13,1,959672,959704,967826,971537,8122,8154,32,0,0,0
967871,e7772cc1-1330-8532-c8e3-aaef7af0e407,1,959555,959584,967871,967785,8287,8316,29,0,0,0
967919,22b4d170-7e8c-55a4-8682-7f120be50937,1,959569,959584,967919,971396,8335,8350,15,0,0,0
967902,595f8883-2257-4ae3-ac7a-6409d7d31e15,1,959629,959644,967902,966578,8258,8273,15,0,0,0
967911,d5ac4492-fd46-353b-d078-32bb2d195bf4,1,959662,959704,967911,967963,8207,8249,42,0,0,0
967906,9be1c567-bb77-2de6-dd15-582c25d0dc76,1,959756,959764,967906,969642,8142,8150,8,0,0,0
967933,a6949098-f882-633c-e9dd-4606b6fc8076,1,959593,959644,967933,966223,8289,8340,51,0,0,0
967959,50e0c0c1-2fd2-0944-9498-15815fc158f5,1,959631,959644,967959,971807,8315,8328,13,0,0,0
967953,d4026da4-20cd-9d93-6362-b8b2b277adc0,1,959697,959704,967953,966542,8249,8256,7,0,0,0
967976,98c0ca0d-d2ba-d78f-b254-79c6091dc857,1,959798,959824,967976,967608,8152,8178,26,0,0,0
968001,00d8fc51-4839-8203-eb0e-11fa2a505852,1,959647,959704,968001,964602,8297,8354,57,0,0,0
968037,329d791c-2cf1-e070-9225-a71cc10f3ed9,1,959675,959704,968037,964539,8333,8362,29,0,0,0
968039,bf2997cc-549d-8c87-eeb4-023d0aba4ae0,1,959815,959824,968039,964032,8215,8224,9,0,0,0
967992,5b00b3cf-f4d3-3ca5-538e-f58e19d56bd5,1,959883,959884,967992,969849,8108,8109,1,0,0,0
968130,e477d800-dec4-6536-8335-64a9caa8c484,1,959907,959944,968130,964209,8186,8223,37,0,0,0
968140,b69f38ec-9764-c00f-e231-56c2dd6c6e3b,1,959994,960004,968140,964441,8136,8146,10,0,0,0
968262,2d0f5390-01f0-bd18-c8e8-68567c60ebb4,1,960015,960064,968262,971792,8198,8247,49,0,0,0
968235,685fbe1b-cc6b-f4db-6c03-18b53982f87f,1,960023,960064,968235,970119,8171,8212,41,0,0,0
968346,668a73e8-fa24-4128-c1b3-227e4a505020,1,960119,960124,968346,965368,8222,8227,5,0,0,0
968440,5c0c0646-cdc0-bd46-257c-4c9d35ced857,1,959992,960004,968440,967594,8436,8448,12,0,0,0
968458,89decc0b-27c9-407b-9a9e-a87f39d160ef,1,960302,960328,968458,966446,8130,8156,26,0,0,0
968507,d5e9bcc3-e246-77af-df2b-2b2ef800dfdd,1,960208,960208,968507,969488,8299,8299,0,0,0,0
968496,c20b5d7f-0ffb-51ff-5abe-8296296c2114,1,960440,960448,968496,971835,8048,8056,8,0,0,0
968657,209e55a5-cdc7-3f6d-5a34-a01e1f96431f,1,960554,960568,968657,966850,8089,8103,14,0,0,0
968704,a6ed55f1-f96f-ffcf-8392-5ad8e4cfdf66,1,967795,967805,968704,968682,899,909,10,0,0,0
968763,f37beacb-e7db-a657-8040-da10d9ab7ab4,1,960456,960508,968763,965915,8255,8307,52,0,0,0
968819,bfe2e249-6f07-b1c4-eaf6-d28e3c343057,1,960667,960688,968819,966878,8131,8152,21,0,0,0
968838,8bd06951-1375-c9a0-5346-70e2656d9cf8,1,960667,960688,968838,972512,8150,8171,21,0,0,0
968871,5df14e35-7e0e-82a4-9632-adcdc4b57362,1,967804,967805,968871,969148,1066,1067,1,0,0,0
968938,b4309ba8-74b8-706e-ecde-2509c3f5a337,1,960665,960688,968938,970148,8250,8273,23,0,0,0
968920,2c94e238-0fe0-6e72-f122-5ed1a1508448,1,960703,960748,968920,965862,8172,8217,45,0,0,0
968922,0b246322-8a66-56a6-68e7-ee786dee221d,1,961952,962004,968922,968188,6918,6970,52,0,0,0
969026,d8cdc175-2d71-2b28-1f2c-da258d2a5aca,1,960735,960748,969026,969769,8278,8291,13,0,0,0
969015,2670f38a-9aa6-bb08-c0ec-cb7aa6829e4a,1,960736,960748,969015,968339,8267,8279,12,0,0,0
969007,c2110d94-991f-8cd8-4447-81be237f54da,1,960742,960748,969007,972783,8259,8265,6,0,0,0
969116,804ccac1-7bc6-afa8-baaf-dbe306bdebc5,1,960839,960868,969116,965646,8248,8277,29,0,0,0
969135,d1c403b5-dbc8-2d26-abf6-dd5c9e1f05ce,1,960999,960999,969135,965624,8136,8136,0,0,0,0
969149,942c3f30-6333-9f7a-da02-940410470571,1,967820,967865,969149,969157,1284,1329,45,0,0,0
969216,26050196-f2fb-dac1-3685-0ced7d99b3ec,1,961045,961059,969216,968813,8157,8171,14,0,0,0
969280,ff770176-b754-e573-97dd-1fc968028b98,1,961115,961119,969280,969613,8161,8165,4,0,0,0
969300,b565f464-4694-6a4a-f332-cc10702fec9e,1,961152,961179,969300,968533,8121,8148,27,0,0,0
969324,05e4ea90-ffc9-a8bc-4160-2fe228979508,1,961011,961059,969324,967891,8265,8313,48,0,0,0
969358,28d28f80-1b09-4758-f9a6-335a6d39a82e,1,961190,961239,969358,970968,8119,8168,49,0,0,0
969388,bdf2d2ca-f332-0769-6f87-ba205e145aef,1,961168,961179,969388,972593,8209,8220,11,0,0,0
969486,4274850c-56d3-c165-18ef-67f114eb391f,1,961069,961119,969486,970616,8367,8417,50,0,0,0
969500,1a553d81-a4b8-acf1-4bfa-7b9feaadc4cc,1,961121,961179,969500,970541,8321,8379,58,0,0,0
969509,9793caf2-0ac8-db80-2f7a-0b07c6eaa830,1,961246,961299,969509,967628,8210,8263,53,0,0,0
969523,e9aa7c98-190a-ed3f-319b-4bf071259cc2,1,961267,961299,969523,969288,8224,8256,32,0,0,0
969542,8990644e-90fc-a6df-110e-ca69a6e624d3,1,961367,961367,969542,967569,8175,8175,0,0,0,0
969627,73a7f877-a58e-b75e-7a73-2407e7005cf0,1,961224,961239,969627,966240,8388,8403,15,0,0,0
969663,c058e76c-b85e-8a84-b758-cf51a8ffb81c,1,961472,961487,969663,967088,8176,8191,15,0,0,0
969706,97ce8e00-d36d-3a41-21c2-85cf98f7f224,1,961373,961427,969706,968229,8279,8333,54,0,0,0
969770,29aa93f5-27ce-58e8-4d9d-045eabb08a67,1,961463,961487,969770,973548,8283,8307,24,0,0,0
969753,642ff652-23a5-096e-5586-2c7539ce3af7,1,961497,961547,969753,969581,8206,8256,50,0,0,0
969791,44028558-57e2-4aab-02b0-61129c2fb39c,1,961626,961667,969791,969911,8124,8165,41,0,0,0
969792,71f1d500-b1fa-2592-5087-477720b8834c,1,968212,968225,969792,970085,1567,1580,13,0,0,0
969857,953d3351-1088-c3ac-93e1-d7a513c653c9,1,961395,961427,969857,972345,8430,8462,32,0,0,0
969852,10d5309e-9a5d-a586-0e27-495814e352e8,1,961497,961547,969852,973141,8305,8355,50,0,0,0
969820,e84f55d0-9554-f22d-5dd1-84dc62255dd3,1,961604,961607,969820,973102,8213,8216,3,0,0,0
969869,d01fc1db-2213-9dc3-2775-0e9b15c78870,1,961626,961667,969869,971125,8202,8243,41,0,0,0
969883,6ce65510-8f1c-6ed3-096c-d6d0e9b75435,1,961641,961667,969883,973488,8216,8242,26,0,0,0
969900,d2088692-b1cc-56af-5435-b8a755b0ef97,1,961750,961750,969900,970753,8150,8150,0,0,0,0
969890,cd9f09dd-8348-c399-9fe3-c493aaa718d5,1,961750,961750,969890,968374,8140,8140,0,0,0,0
969965,e6ee06e4-be73-6442-9180-de3b3ad9d536,1,961656,961667,969965,971906,8298,8309,11,0,0,0
969970,4d02152d-76c1-6764-d082-e0c03a29f767,1,961839,961884,969970,969832,8086,8131,45,0,0,0
969994,82e612a8-4597-0767-331f-fe8e7d6be102,1,961647,961667,969994,972962,8327,8347,20,0,0,0
970007,6ca35285-1715-9700-2c4f-6c1ad8fca16d,1,961824,961824,970007,972006,8183,8183,0,0,0,0
970011,2d02fce7-b5dc-24d5-859f-9b568425fd0c,1,961848,961884,970011,969810,8127,8163,36,0,0,0
970020,2f633c95-9f42-d72e-3893-8b956b32497b,1,961870,961884,970020,972868,8136,8150,14,0,0,0
970066,04ef166d-b00d-a0bc-038e-13f48c7f34d9,1,961642,961667,970066,969430,8399,8424,25,0,0,0
970128,852be367-6b5d-af60-8585-e78efc58282f,1,961982,962004,970128,972514,8124,8146,22,0,0,0
970171,dd646719-f706-ca01-4c0f-d44e232e99a8,1,961997,962004,970171,967422,8167,8174,7,0,0,0
970216,2a5afd30-b1f4-02d1-50bb-f4a18a9b7add,1,962102,962124,970216,967004,8092,8114,22,0,0,0
970273,7954c226-ebe3-d009-1259-932112034ffe,1,962035,962064,970273,973375,8209,8238,29,0,0,0
970293,b646d2bc-9455-04d2-812c-e2c6be46aa49,1,962046,962064,970293,970541,8229,8247,18,0,0,0
970294,005b620c-ff23-4e65-1893-c05c7197f8d3,1,962072,962124,970294,967312,8170,8222,52,0,0,0
970305,01fc2721-7bc4-2eb1-c429-586076ee1bba,1,962141,962184,970305,973414,8121,8164,43,0,0,0
970373,4804a28f-856d-bbd5-5e64-5459eface4ba,1,962018,962064,970373,970608,8309,8355,46,0,0,0
970388,2505e117-8131-e4db-bc6f-5f5ec10a80e5,1,962029,962064,970388,971320,8324,8359,35,0,0,0
970457,6ca4c622-ee06-0a2d-5801-53b01496059f,1,962353,962364,970457,969945,8093,8104,11,0,0,0
970583,40421839-ca50-1415-016d-6695771e3708,1,962373,962424,970583,973912,8159,8210,51,0,0,0
970553,0563c684-5ac2-bfe0-e479-f626562efbec,1,962389,962424,970553,970361,8129,8164,35,0,0,0
970587,ea9bab95-3577-7499-1d04-f5c4c15e4aaf,1,962444,962484,970587,968036,8103,8143,40,0,0,0
970600,3617da3d-f1fc-1bec-1fec-ba38f38a50ca,1,962405,962424,970600,973409,8176,8195,19,0,0,0
970705,44a1f896-a038-c127-2390-40408d6173f2,1,962435,962484,970705,971269,8221,8270,49,0,0,0
970754,78f6b995-47b3-4eb8-fda4-c3c6513d5e91,1,962379,962424,970754,966750,8330,8375,45,0,0,0
970714,8ec6c7fd-3dc5-ea4b-50e0-dd8911a645cf,1,962461,962484,970714,970947,8230,8253,23,0,0,0
970784,c4abc0e1-94a5-061c-6be1-468748f333f8,1,962666,962724,970784,971265,8060,8118,58,0,0,0
970862,39417658-761c-22d4-ed4b-d0fa65b3a498,1,962522,962544,970862,970599,8318,8340,22,0,0,0
970871,26f4c8ac-c38a-3adf-556d-49063f2c5757,1,962693,962724,970871,973086,8147,8178,31,0,0,0
970864,dd97582f-73e8-339c-a96d-61d4388b899a,1,962696,962724,970864,969021,8140,8168,28,0,0,0
970945,9e31e2fc-46a2-f7dc-e87f-5e93b7b4b5c8,1,962820,962844,970945,969113,8101,8125,24,0,0,0
970954,e290cb13-c043-fc22-c57f-d3242bf56fe2,1,962666,962724,970954,968165,8230,8288,58,0,0,0
970949,5a41e7f9-6137-8bba-28f4-5ce307460647,1,962670,962724,970949,970287,8225,8279,54,0,0,0
971005,a4b35119-9969-159a-9111-8ec1e694a0f2,1,962690,962724,971005,969438,8281,8315,34,0,0,0
970985,d494e01e-a62d-6cdb-5fcb-0446e245f562,1,962695,962724,970985,970247,8261,8290,29,0,0,0
970966,bc9ae353-6df2-c43e-e28e-1939db2359ec,1,962824,962844,970966,968647,8122,8142,20,0,0,0
971110,b344d1f9-4219-cc75-77a8-89dc4e35853d,1,962826,962844,971110,967947,8266,8284,18,0,0,0
971140,4535e6f0-5ac6-708e-54e0-af9b1b82c11c,1,962863,962904,971140,974530,8236,8277,41,0,0,0
971135,d8b6aa73-a6ba-dd00-5b9d-e09f3c6812bd,1,962881,962904,971135,968538,8231,8254,23,0,0,0
971225,a08b2654-6d94-d0d3-f75f-056f5a971a73,1,962986,963024,971225,971532,8201,8239,38,0,0,0
971289,52c2cd55-9ed9-b18c-a33b-ecdd6f0115c3,1,963181,963204,971289,967836,8085,8108,23,0,0,0
971329,fdd04ae7-2cc6-dc4c-7119-271b3b1bf5fa,1,963088,963144,971329,967987,8185,8241,56,0,0,0
971391,0387bdbd-042a-f11f-aed9-2268f53fba13,1,963094,963144,971391,972207,8247,8297,50,0,0,0
971361,ca948048-46ee-9aa1-c459-2bcd2c424877,1,963111,963144,971361,974425,8217,8250,33,0,0,0
971376,1057e631-8d6e-3659-5ca5-ebb81d11724d,1,963132,963144,971376,970371,8232,8244,12,0,0,0
971376,b34dfd44-8249-23f6-9263-92a1a74b03a8,1,963218,963264,971376,971068,8112,8158,46,0,0,0
971443,1673d079-b26e-6980-bfec-4a4804bd08a6,1,963293,963324,971443,968122,8119,8150,31,0,0,0
971508,c3af0630-19a9-74c0-8090-c133d7c0f091,1,963158,963204,971508,972046,8304,8350,46,0,0,0
972888,47a5269b-279d-591b-669b-cb41a1c9bcd0,1,972129,972129,972888,972672,759,759,0,0,0,0
973724,4fd854ef-828c-4331-7b91-19d32b3b5856,1,972006,972006,973724,973212,1718,1718,0,0,0,0
973803,dbd30172-cdff-0a57-54a4-c4c232c441b9,1,971893,971893,973803,973580,1910,1910,0,0,0,0
975957,07bb2ed4-125c-79a5-8548-55734420bc9e,4,966055,966065,975957,975053,9892,9902,10,0,0,0
976143,d90690b0-dd8f-221f-f752-d4f934afef41,4,966217,966245,976143,977599,9898,9926,28,0,0,0
982948,80c084d5-bb5c-ddf8-211b-d76c18de4236,1,972589,972589,982948,980759,10359,10359,0,0,0,0
983201,769e33fd-5a7e-e3ba-a588-516ae0e6f8b4,1,972635,972649,983201,982092,10552,10566,14,0,0,0
983500,990836b0-ef7d-c45a-6ebe-64f27ca84415,1,973148,973148,983500,981463,10352,10352,0,0,0,0
992764,26c6c6ff-4018-5c59-44f8-8f98f0b5330c,1,972916,972948,992764,1000739,19816,19848,32,0,0,0
994244,31f46bcb-798e-af0b-a8dc-711da3e6f29d,8,930955,930955,994244,1001865,63289,63289,0,0,0,0
1158652,7cee4e40-bafa-8118-91bb-f5d145860ec8,1,1149724,1149724,1158652,1154643,8928,8928,0,0,0,0
1670866,aa78811f-0f64-75c2-7867-bf896b405e86,1,1660463,1660463,1670866,1675509,10403,10403,0,0,0,0
1671054,78b60776-9bd7-250c-7c31-e9318a94c305,1,1660544,1660544,1671054,1665915,10510,10510,0,0,0,0
1688192,efee1f9f-87d8-88f9-baaf-9fe5b15bed98,1,1674993,1674993,1688192,1686777,13199,13199,0,0,0,0
1695858,8c5568b2-ea54-7b7e-9087-3bbf45ede680,1,1694588,1694588,1695858,1695797,1270,1270,0,0,0,0
1696423,cada4d07-6188-4177-9d1f-08d10f989310,1,1694588,1694588,1696423,1697276,1835,1835,0,0,0,0
1696447,11e2c479-6dfb-cd94-d24b-a9a98b89e943,1,1694588,1694588,1696447,1696501,1859,1859,0,0,0,0
1696432,143ed6ce-3648-bdc2-54c1-2a2fc2799d9d,1,1694589,1694648,1696432,1696694,1784,1843,59,0,0,0
1696551,d2ecb5b2-ac60-0a51-8a86-bbcf088ab3fd,1,1694603,1694648,1696551,1696771,1903,1948,45,0,0,0
1696651,6ebba00b-f56d-1583-ae9e-951be67620a5,1,1694590,1694648,1696651,1696345,2003,2061,58,0,0,0
1696750,c1fdb3ad-c410-8e3e-af5b-a0084f2991c3,1,1694588,1694588,1696750,1696635,2162,2162,0,0,0,0
1696825,74c2936e-9797-9761-81f0-1ed7d54745f9,1,1694591,1694648,1696825,1696567,2177,2234,57,0,0,0
1696822,62577534-0b12-b2c4-7bbf-bd9f0c9433fd,1,1694601,1694648,1696822,1696853,2174,2221,47,0,0,0
1696907,cf8513c7-ec7d-59b1-4cce-56455b2f4f5d,1,1694594,1694648,1696907,1697197,2259,2313,54,0,0,0
1696952,8fbf62f7-c45e-cc04-00b1-43277cfb480f,1,1694589,1694648,1696952,1696993,2304,2363,59,0,0,0
1696975,48808d7d-442a-b2d4-ce8b-74ff527e0d7e,1,1694592,1694648,1696975,1697869,2327,2383,56,0,0,0
1696926,0a463933-42cf-0979-6d28-09676a098c6c,1,1694594,1694648,1696926,1696399,2278,2332,54,0,0,0
1696980,6d008df6-819a-99cb-3d1f-4ffbbcea2fb4,1,1694595,1694648,1696980,1696641,2332,2385,53,0,0,0
1696931,3e4efa4f-5339-f70e-8911-fd1446007375,1,1694602,1694648,1696931,1696812,2283,2329,46,0,0,0
1696937,9da42cf1-b19b-aa2f-73b5-01c33654188e,1,1694604,1694648,1696937,1696182,2289,2333,44,0,0,0
1697093,2b5239fe-e720-e211-3523-a22a6190a494,1,1694598,1694648,1697093,1697192,2445,2495,50,0,0,0
1697087,d02b518a-2ed5-27df-a100-37819965e32c,1,1694598,1694648,1697087,1695922,2439,2489,50,0,0,0
1697087,5e9c7213-9813-d21f-732d-5b012729a911,1,1694599,1694648,1697087,1697095,2439,2488,49,0,0,0
1697062,8b6c881d-0a63-00bc-f1f0-63629c0b1323,1,1694600,1694648,1697062,1696030,2414,2462,48,0,0,0
1697145,b0f9d52e-9245-0bb7-dbde-9c0d18149d8d,1,1696170,1696170,1697145,1696752,975,975,0,0,0,0
1697238,faffe929-6885-7196-728d-691e6d4998ea,1,1696170,1696170,1697238,1697645,1068,1068,0,0,0,0
1697338,e8a6d8d6-f877-0779-befc-8c3e8eff12c0,1,1696177,1696230,1697338,1697096,1108,1161,53,0,0,0
1697435,c58425f2-8068-695b-d0e9-8787cf210533,1,1696179,1696230,1697435,1696829,1205,1256,51,0,0,0
1697738,b016cb84-636e-8be2-dfde-baddd91c8dbf,1,1696173,1696230,1697738,1697543,1508,1565,57,0,0,0
1697947,2e3a29c6-ef9c-c278-956d-179b3c5f3e7d,1,1696177,1696230,1697947,1697754,1717,1770,53,0,0,0
1698181,d9b4e887-f386-da5f-acfa-fe50eabf6669,1,1696172,1696230,1698181,1698153,1951,2009,58,0,0,0
1701544,2c43815d-f2d5-9951-f2b1-4a6b87d840ce,1,1689745,1689771,1701544,1700394,11773,11799,26,0,0,0
1701665,b588ff49-0acf-3540-756e-57304d957d48,1,1689811,1689831,1701665,1699081,11834,11854,20,0,0,0
1701964,18e67933-c27f-47e7-d065-4a30cc620920,1,1690017,1690017,1701964,1697301,11947,11947,0,0,0,0
1707862,7d8ce457-9ed4-3990-be12-e71410411914,4,1704527,1704527,1707862,1706492,3335,3335,0,0,0,0
1710838,a0d694c1-14c0-f979-58ae-6db53a9a3465,2,1710177,1710233,1710838,1710885,605,661,56,0,0,0
1710876,96c0477c-161f-38ce-7a0e-d07516b7fe49,2,1710177,1710233,1710876,1710583,643,699,56,0,0,0
1710889,70425e95-8cc3-a604-c3d5-ca0b140566c3,2,1710178,1710233,1710889,1710554,656,711,55,0,0,0
1710856,96442dfd-c4b3-7c8e-f7ba-63e8d7955e3b,2,1710178,1710233,1710856,1710746,623,678,55,0,0,0
1710911,dfefc5ca-4aca-af69-79a7-fca41b0eef40,2,1710173,1710173,1710911,1710631,738,738,0,0,0,0
1710943,bb45440c-60c9-5b63-203a-339935633517,2,1710174,1710233,1710943,1710537,710,769,59,0,0,0
1710950,55ca8638-a4e5-ace3-ac31-20698983cf11,2,1710174,1710233,1710950,1710888,717,776,59,0,0,0
1710937,95bb1c32-c16b-a3e1-e21a-5a8759e2ecda,2,1710174,1710233,1710937,1710605,704,763,59,0,0,0
1711003,e74dea71-443e-1978-d62a-ceb3c62f733d,2,1710174,1710233,1711003,1710900,770,829,59,0,0,0
1710988,8e70d8bd-b7b9-e1a7-5f7d-402a2cda5c45,2,1710174,1710233,1710988,1710802,755,814,59,0,0,0
1710981,2909a964-f27b-b8ee-7b72-5c70e984c77f,2,1710175,1710233,1710981,1711037,748,806,58,0,0,0
1710974,4808b240-8ed1-be4c-9891-4bb446750fec,2,1710178,1710233,1710974,1710724,741,796,55,0,0,0
1710961,51fbc802-f38b-9ad8-cb7b-a896346da7a8,2,1710179,1710233,1710961,1710932,728,782,54,0,0,0
1711012,43eeb1cc-baec-4522-1d45-42c00b69f087,2,1710179,1710233,1711012,1711022,779,833,54,0,0,0
1710980,11faac50-173f-3ed4-9b73-041438da55d2,2,1710179,1710233,1710980,1710753,747,801,54,0,0,0
1710969,7efc1643-6c0d-1c67-a8f0-88e960f197c5,2,1710179,1710233,1710969,1710985,736,790,54,0,0,0
1710997,5534184c-b54a-5547-0d20-bdd9aaf0e7c5,2,1710183,1710233,1710997,1711124,764,814,50,0,0,0
1711020,4dd38b47-17d1-cdcc-de45-e3f17aec63ec,2,1710174,1710233,1711020,1710951,787,846,59,0,0,0
1711033,edbf6f16-2cca-1c0a-cf65-0bc0b4395924,2,1710175,1710233,1711033,1710862,800,858,58,0,0,0
1711023,55a94753-1409-740b-2da7-563bf9102e2c,2,1710181,1710233,1711023,1710654,790,842,52,0,0,0
1715263,ce19b238-5a9b-a182-9125-35eaad3de6f6,1,1689531,1689531,1715263,1727788,25732,25732,0,0,0,0
1717024,2d992315-eb39-c925-ddb3-1b547615ca64,1,1689673,1689711,1717024,1714618,27313,27351,38,0,0,0
1717411,b9ee53ce-a9e1-6008-bab4-88fef7ee6cf8,1,1689867,1689891,1717411,1708071,27520,27544,24,0,0,0
1731767,5ef7c6b4-bdbd-d515-4cbe-a96b66c4c628,1,1689550,1689591,1731767,1730596,42176,42217,41,0,0,0
1732965,207b7acf-dd39-6b8d-a336-54254fdcdd46,1,1689671,1689711,1732965,1728015,43254,43294,40,0,0,0
1733208,db25d662-f175-3f12-8272-08df3ad4c3c4,1,1689691,1689711,1733208,1738649,43497,43517,20,0,0,0
1738023,28d8c539-a867-c2b0-a6f0-3ec4a3a0ef5b,1,1689600,1689651,1738023,1730591,48372,48423,51,0,0,0
1750052,59a4b3cc-08f1-5953-612c-117491c9d64a,1,1749045,1749045,1750052,1749616,1007,1007,0,0,0,0
1750809,326ab4b1-c251-13c7-8991-2512a304d72d,1,1749813,1749813,1750809,1751066,996,996,0,0,0,0
1750998,124e0183-19e3-086a-5f16-8191f0517dcf,1,1750017,1750017,1750998,1750735,981,981,0,0,0,0
1752356,f49bf8fc-928a-cbe8-754b-a51094c9495c,1,1751364,1751364,1752356,1752589,992,992,0,0,0,0
1753026,df66d41e-08ad-32ec-adbc-f54a79d9ffd8,1,1752026,1752026,1753026,1753328,1000,1000,0,0,0,0
1753712,91ea7157-8de1-b73e-e163-425ea303e768,1,1752664,1752664,1753712,1753574,1048,1048,0,0,0,0
1755073,080eb8ee-234d-6212-5eb4-64d34eda8549,1,1754082,1754082,1755073,1755265,991,991,0,0,0,0
1756609,12003e4e-2543-0ae5-fbe8-0f9c3d3d703e,1,1755617,1755617,1756609,1756338,992,992,0,0,0,0
1756798,c36089c0-052e-fafc-41e0-1f77beb7be1f,1,1689673,1689711,1756798,1761467,67087,67125,38,0,0,0
1757105,a4bc76bc-bf5b-4949-f3e1-ef113ee98430,1,1756119,1756119,1757105,1756899,986,986,0,0,0,0
1757252,bc8e1666-03c5-8a3f-3a82-93e875998090,1,1756250,1756250,1757252,1756853,1002,1002,0,0,0,0
1757299,66e8dfef-ae36-a967-897b-3686b9ddb571,1,1756255,1756310,1757299,1756972,989,1044,55,0,0,0
1757375,50bce3f8-39d4-481d-74fb-637ab3efc618,1,1756345,1756370,1757375,1756969,1005,1030,25,0,0,0
1758532,21d54509-2d41-eb5e-0dde-3b294d234908,1,1757513,1757527,1758532,1758294,1005,1019,14,0,0,0
1758603,2d943223-d6f4-0379-b940-74e1ba35054a,1,1748031,1748031,1758603,1754081,10572,10572,0,0,0,0
1759245,44627f67-e1e0-e163-796b-ad22e2264337,1,1758247,1758247,1759245,1759334,998,998,0,0,0,0
1759387,faf223e2-9000-d3c9-0beb-dfb12faad536,1,1758318,1758367,1759387,1758974,1020,1069,49,0,0,0
1759710,d2ea70ab-64e5-bf84-4a64-7ed34a8e504a,1,1758696,1758722,1759710,1759732,988,1014,26,0,0,0
1759717,bfa7319e-6c2b-29b1-946f-2d6669571f0e,1,1758709,1758722,1759717,1759700,995,1008,13,0,0,0
1760015,1ea2418d-8ca5-6f42-a15f-47394a714b3e,1,1758983,1759001,1760015,1759976,1014,1032,18,0,0,0
1760345,2331332a-ca84-744b-07b4-bf8ca124da3f,1,1749707,1749707,1760345,1763229,10638,10638,0,0,0,0
1760442,14941a7d-3103-97b1-9b32-039d5fe4863b,1,1759381,1759425,1760442,1760121,1017,1061,44,0,0,0
1760476,7cfd2721-3783-d063-dbed-440fbde3b8ef,1,1759466,1759485,1760476,1760531,991,1010,19,0,0,0
1760505,d932961a-a3ab-75f1-c307-afdc637ca94e,1,1701269,1701323,1760505,1769580,59182,59236,54,0,0,0
1760974,03203553-4e2d-e816-bbe3-25560896b021,1,1701269,1701323,1760974,1738132,59651,59705,54,0,0,0
1761067,d1015796-3cf8-1641-65e6-53b9413d54e0,1,1701265,1701323,1761067,1789032,59744,59802,58,0,0,0
1761048,e47f8236-6b5b-2269-bd39-de2e8914400a,1,1701268,1701323,1761048,1762141,59725,59780,55,0,0,0
1761055,d12ed793-d4c3-95ff-c28d-1bf50674cdbe,1,1750166,1750166,1761055,1757677,10889,10889,0,0,0,0
1761088,e8459fc5-5f6a-03fb-98fc-ad7bbe2936f4,1,1701263,1701263,1761088,1759058,59825,59825,0,0,0,0
1761115,6415beeb-eb8c-4af5-a450-420f5f3b02c3,1,1701267,1701323,1761115,1772731,59792,59848,56,0,0,0
1761075,ce7a0ccf-65b1-c7c3-e1e0-9996fad58953,1,1701273,1701323,1761075,1774413,59752,59802,50,0,0,0
1761252,bfc81225-bbd4-e089-088d-1a97a9dff239,1,1701263,1701263,1761252,1757399,59989,59989,0,0,0,0
1761217,29f08c1d-63ba-5ebf-de2b-46085601c842,1,1701272,1701323,1761217,1771585,59894,59945,51,0,0,0
1761364,a2609aea-4db4-02b1-b49f-6c201867d606,1,1701264,1701323,1761364,1758264,60041,60100,59,0,0,0
1761358,75cf8665-3aa4-6a18-cfae-89a22f6fb81a,1,1760237,1760288,1761358,1761591,1070,1121,51,0,0,0
1761427,88a86757-49a8-6286-fbf5-a043cfd0ba4f,1,1701275,1701323,1761427,1787970,60104,60152,48,0,0,0
1761672,9c4531e1-f0be-ccc8-a520-a499af90ad17,1,1701270,1701323,1761672,1777926,60349,60402,53,0,0,0
1761812,2de27581-6bf1-c267-84f1-00b7e81c733b,1,1701263,1701263,1761812,1733198,60549,60549,0,0,0,0
1761797,331f6e0e-88f9-a694-6498-e236dd71f167,1,1701264,1701323,1761797,1743773,60474,60533,59,0,0,0
1761822,64a5ed42-feca-6f4d-81ec-3ce02ad78e9d,1,1701265,1701323,1761822,1782703,60499,60557,58,0,0,0
1761887,0d1fcd4e-7435-9a2a-7908-5291267c67af,1,1701273,1701323,1761887,1788970,60564,60614,50,0,0,0
1761965,31207a96-8f80-1572-f4e5-496e9e3f04c7,1,1760849,1760893,1761965,1761544,1072,1116,44,0,0,0
1761961,b9ea38a5-d596-1011-332c-bc014b95a3fe,1,1760904,1760953,1761961,1762318,1008,1057,49,0,0,0
1762105,2d0dac8c-e271-6a74-23fa-0420cf97dc91,1,1751417,1751424,1762105,1759917,10681,10688,7,0,0,0
1762320,bfc3bd84-a0e6-0c0e-80f3-f18bd96069eb,1,1761270,1761313,1762320,1762601,1007,1050,43,0,0,0
1763072,d25c4402-b28c-05dd-79f3-a49429e19dd1,1,1762054,1762054,1763072,1762660,1018,1018,0,0,0,0
1763395,5340b3b6-99c0-ba3a-aaad-82a74d4e715f,1,1762333,1762380,1763395,1763464,1015,1062,47,0,0,0
1763594,be7b8eb3-ac9a-5bf3-f0a9-e5bb439dbbdb,1,1752950,1752950,1763594,1767750,10644,10644,0,0,0,0
1763755,795f697d-4115-ad80-eba3-cc27ddcc4be5,1,1762704,1762742,1763755,1763410,1013,1051,38,0,0,0
1763815,54e5ad25-8c74-4f88-2a75-871ee9db387d,1,1762774,1762802,1763815,1764165,1013,1041,28,0,0,0
1763841,2fef2114-1e4f-e7e2-b63c-b0e793f20e46,1,1762706,1762742,1763841,1764305,1099,1135,36,0,0,0
1764168,a6b0a5a7-0251-1371-41bf-d84b02dc87af,1,1753576,1753576,1764168,1764463,10592,10592,0,0,0,0
1764555,9949135d-72ee-ac07-afea-9bb1d352f78a,1,1763498,1763543,1764555,1764224,1012,1057,45,0,0,0
1764789,e13676e5-1201-41c5-8534-65b63e49d3fa,1,1738434,1738493,1764789,1762747,26296,26355,59,0,0,0
1764820,d8bb6fad-44d1-dc54-d6ff-ed78701d5127,1,1738434,1738493,1764820,1757899,26327,26386,59,0,0,0
1764802,79aeef7b-4529-5a7e-7144-08c0997ca608,1,1738436,1738493,1764802,1759737,26309,26366,57,0,0,0
1764818,d34b5452-45c6-ddf4-41a3-7d25d1bba03f,1,1763771,1763815,1764818,1764561,1003,1047,44,0,0,0
1764862,425e94b8-1233-0bdb-ec05-63cbdde10ea7,1,1738436,1738493,1764862,1771484,26369,26426,57,0,0,0
1764932,6288ed2c-5814-9816-68fb-717a5bade135,1,1738433,1738433,1764932,1753624,26499,26499,0,0,0,0
1764930,b0b9a5c4-e947-46f0-62e0-5cc117a45b83,1,1738434,1738493,1764930,1769333,26437,26496,59,0,0,0
1764966,56ec3e45-0c4b-6393-dbe5-43a9d12639b8,1,1738437,1738493,1764966,1765303,26473,26529,56,0,0,0
1764924,02650521-2191-1eb7-b20f-98a21ce3cb65,1,1738912,1738964,1764924,1757472,25960,26012,52,0,0,0
1764924,890fee3b-5170-b79f-e45b-bfd55d0d1872,1,1763884,1763935,1764924,1764732,989,1040,51,0,0,0
1765009,75799318-93cd-6cdd-8b79-63bf344a2906,1,1738911,1738964,1765009,1760039,26045,26098,53,0,0,0
1765001,0b8a304f-c533-6996-fe7d-bc42769172e7,1,1738912,1738964,1765001,1764874,26037,26089,52,0,0,0
1765071,61405eab-b161-10d7-7fe8-026389fd4aab,1,1738437,1738493,1765071,1769200,26578,26634,56,0,0,0
1765038,0f53e008-124b-4f8d-78ef-e36fd7e1afc7,1,1754222,1754222,1765038,1762464,10816,10816,0,0,0,0
1765148,c350fed2-754c-7cc6-4cef-1d2db581063c,1,1738433,1738433,1765148,1754709,26715,26715,0,0,0,0
1765209,6e22bbe6-2446-d953-a499-78b84b610af2,1,1738904,1738904,1765209,1754600,26305,26305,0,0,0,0
1765209,cb7e4b94-e92a-b7aa-262b-0c56c5b100fc,1,1738904,1738904,1765209,1770002,26305,26305,0,0,0,0
1765190,52e01640-5fdd-ac1a-d2a4-81cf22983f21,1,1738914,1738964,1765190,1762342,26226,26276,50,0,0,0
1765238,d58f6960-b25c-037b-811b-da57fd7a44e1,1,1738433,1738433,1765238,1755922,26805,26805,0,0,0,0
1765264,8d351301-aedb-3060-def0-a59db24ffbac,1,1738904,1738904,1765264,1768276,26360,26360,0,0,0,0
1765229,1557bded-2b52-68f7-6455-63afdd5dc7fc,1,1738904,1738904,1765229,1761069,26325,26325,0,0,0,0
1765275,a145bae1-a783-3c30-a167-64a400c3e764,1,1738436,1738493,1765275,1756344,26782,26839,57,0,0,0
1765290,f9a18822-353d-d860-ec24-edb561188d28,1,1738910,1738964,1765290,1753772,26326,26380,54,0,0,0
1765390,a7d0508b-5b15-a645-ebe5-c5955dca9124,1,1738433,1738433,1765390,1768533,26957,26957,0,0,0,0
1765444,0a4f1e56-8053-6271-0410-1a5f1639f7ca,1,1738435,1738493,1765444,1758022,26951,27009,58,0,0,0
1765425,c3b34932-ef0f-46ec-4b85-142bc35e48ae,1,1738904,1738904,1765425,1765391,26521,26521,0,0,0,0
1765425,5f7e2169-3c50-8814-d724-dce7072e7082,1,1738911,1738964,1765425,1755559,26461,26514,53,0,0,0
1765456,b1c0dd85-ae06-89b4-76bd-56fc85ff34f4,1,1738437,1738493,1765456,1762034,26963,27019,56,0,0,0
1765472,37782151-c4b2-f307-1398-245f2777c328,1,1738437,1738493,1765472,1758457,26979,27035,56,0,0,0
1765455,62fbdb48-8a56-974e-d1b5-80e64706aed1,1,1738905,1738964,1765455,1771553,26491,26550,59,0,0,0
1765508,fdc41060-6e5c-f7cd-cdc9-a597e1ea3443,1,1738907,1738964,1765508,1764513,26544,26601,57,0,0,0
1765493,dfd8ed46-6568-a2ac-92e4-34df00ab61a5,1,1738907,1738964,1765493,1775095,26529,26586,57,0,0,0
1765477,00481819-d848-c84c-47ab-089fc47662b7,1,1738909,1738964,1765477,1760733,26513,26568,55,0,0,0
1765454,bc18e664-dc08-0358-f99e-a50f9bc12edd,1,1738909,1738964,1765454,1756109,26490,26545,55,0,0,0
1765532,bc3a80d7-8a52-a566-ecf4-fc9d3e1ea81e,1,1738905,1738964,1765532,1762185,26568,26627,59,0,0,0
1765540,6ebb2956-33dc-f3e8-1614-3d93abe71788,1,1738905,1738964,1765540,1766767,26576,26635,59,0,0,0
1765524,5705b90b-8ebc-3a52-95cc-f2e6c8ff7e66,1,1738905,1738964,1765524,1755422,26560,26619,59,0,0,0
1765549,3fc6cae1-2111-1d39-dd36-9a77cca9c5bd,1,1738907,1738964,1765549,1758163,26585,26642,57,0,0,0
1765556,77c23725-5132-b306-bc24-7acbe9659f05,1,1738908,1738964,1765556,1755319,26592,26648,56,0,0,0
1765523,ad3f527c-eca6-042a-4336-520b14b8bd95,1,1738908,1738964,1765523,1753385,26559,26615,56,0,0,0
1765523,cb7ee320-7a1c-76e5-d457-b738e0138f76,1,1738910,1738964,1765523,1756926,26559,26613,54,0,0,0
1765555,a159afa5-151b-fb76-9ace-ee51a62fd0cc,1,1738911,1738964,1765555,1770651,26591,26644,53,0,0,0
1765625,c357ff24-03b4-1c04-4203-b812dc2c82ce,1,1738437,1738493,1765625,1776729,27132,27188,56,0,0,0
1765623,7c202e52-429e-e933-92d8-fc8a9a2f1abc,1,1738905,1738964,1765623,1778478,26659,26718,59,0,0,0
1765580,80aff334-b8f5-380c-a9ed-b4767cf4437e,1,1754918,1754918,1765580,1760800,10662,10662,0,0,0,0
1765740,eea3316e-b1a7-8a11-84b5-7bb8f37b8d86,1,1738440,1738493,1765740,1770061,27247,27300,53,0,0,0
1765744,56e03e97-2d42-ff7f-1326-5657a56a0e3a,1,1755056,1755056,1765744,1767309,10688,10688,0,0,0,0
1766802,9f2422ce-cc2f-7532-efb7-4b06d0fdb7f5,1,1756027,1756027,1766802,1768549,10775,10775,0,0,0,0
1767063,835b0b86-790c-71d2-2788-51f8f1d486dc,1,1766016,1766057,1767063,1766840,1006,1047,41,0,0,0
1767165,a1b59075-0987-3a45-7e5c-09b70b5f99f9,1,1766158,1766177,1767165,1767425,988,1007,19,0,0,0
1767207,5be9adfc-9401-4ec0-bcc0-f9712119f698,1,1756523,1756523,1767207,1770173,10684,10684,0,0,0,0
1767178,af624455-c85d-c72d-f365-3755f9fdbd64,1,1766139,1766177,1767178,1767202,1001,1039,38,0,0,0
1767304,52787889-4b7a-96c6-6988-ff47a407bbae,1,1766266,1766307,1767304,1766888,997,1038,41,0,0,0
1767298,b4f10c9a-118a-bb38-ad64-cf1c1723c805,1,1766284,1766307,1767298,1767136,991,1014,23,0,0,0
1767361,294a61ce-cc13-1202-c339-7a0165084ebc,1,1738434,1738493,1767361,1758697,28868,28927,59,0,0,0
1767376,2f0b58f7-e06c-1ac2-d03b-479af4443e01,1,1756648,1756669,1767376,1769819,10707,10728,21,0,0,0
1767553,320128ad-4433-1338-891d-067b8bccd2b9,1,1756951,1756951,1767553,1765380,10602,10602,0,0,0,0
1767534,6950cbe2-8ae0-80cf-eca6-2f9cd6c0d59d,1,1766523,1766547,1767534,1767812,987,1011,24,0,0,0
1767572,bf55b865-9829-1d71-3e7e-a016a1d3e422,1,1766527,1766547,1767572,1768032,1025,1045,20,0,0,0
1767640,f957623c-d3e8-d1cb-3545-1ff03da70b4e,1,1766497,1766547,1767640,1767957,1093,1143,50,0,0,0
1767776,8a2a9c24-db48-4ee2-5588-9b91b5704770,1,1738437,1738493,1767776,1773475,29283,29339,56,0,0,0
1767785,34624de1-0012-e1e1-c463-1d0b786bceee,1,1766732,1766787,1767785,1767300,998,1053,55,0,0,0
1767909,67d96f23-c162-746a-5336-065044b454fe,1,1757227,1757227,1767909,1768274,10682,10682,0,0,0,0
1767896,9517b43e-de48-dd9c-a55f-242e4fb7263c,1,1766863,1766907,1767896,1767930,989,1033,44,0,0,0
1767958,14afc60e-01c0-45fa-98d8-b69958d6fa81,1,1766964,1766967,1767958,1768406,991,994,3,0,0,0
1768078,80101459-6f85-ea52-97cd-0d0cd1f7f21c,1,1738434,1738493,1768078,1753713,29585,29644,59,0,0,0
1768164,e5435bf1-55fb-6a21-1b96-73a3c11ff962,1,1767140,1767171,1768164,1767842,993,1024,31,0,0,0
1768537,915dcc2f-f301-6bd4-c7d9-b871597ba302,1,1767529,1767531,1768537,1769006,1006,1008,2,0,0,0
1768706,13832588-0c34-5047-bbd1-0ddf68725a65,1,1767707,1767711,1768706,1768662,995,999,4,0,0,0
1769129,ca4f4f1d-8880-f9c5-1bff-86947fe0463c,1,1758292,1758307,1769129,1768420,10822,10837,15,0,0,0
1769120,a27463a8-66de-765d-afac-bea6f9b71f30,1,1768015,1768071,1769120,1768528,1049,1105,56,0,0,0
1769256,9d9602e8-a123-2879-dc4b-24c1098c3ecc,1,1758328,1758367,1769256,1769744,10889,10928,39,0,0,0
1769386,1d0b06dc-f8e7-894a-f9b7-63d0efbfe87e,1,1758602,1758602,1769386,1771646,10784,10784,0,0,0,0
1769374,3d83960d-0543-fc4b-56ed-859296e81057,1,1768265,1768311,1769374,1769752,1063,1109,46,0,0,0
1769688,fcedb87c-82f5-2de1-9392-009fba9ada63,1,1758941,1758941,1769688,1767413,10747,10747,0,0,0,0
1769730,4740cf17-f489-3bc0-b9f1-818ec8d9c817,1,1768670,1768671,1769730,1769364,1059,1060,1,0,0,0
1769917,6807f6fd-1896-d3be-b8c6-2324a1d9e80b,1,1768852,1768911,1769917,1769541,1006,1065,59,0,0,0
1769979,274a95b2-1e21-b75e-a654-ec7fc30d30e6,1,1768963,1768971,1769979,1770433,1008,1016,8,0,0,0
1770025,5a686f9c-c803-cc1b-e492-445bf7e3f724,1,1759032,1759061,1770025,1772497,10964,10993,29,0,0,0
1770015,4d4f4646-8766-e31f-c8fd-7982833946b1,1,1759288,1759305,1770015,1772959,10710,10727,17,0,0,0
1770048,d561318f-7285-fe4c-c5a7-46f355cc9948,1,1768998,1769031,1770048,1770258,1017,1050,33,0,0,0
1770099,51abb11b-d557-4d27-d16f-6f572b8537e6,1,1769052,1769091,1770099,1769754,1008,1047,39,0,0,0
1770265,3d6a9e9c-49f7-6746-0dd5-72e4edf89045,1,1759324,1759365,1770265,1773856,10900,10941,41,0,0,0
1770282,53ccf6f2-fb68-460a-7e8b-52971a0b090b,1,1759282,1759305,1770282,1773473,10977,11000,23,0,0,0
1770277,a29486c7-e5b0-0616-d02b-cd4338492d21,1,1769244,1769271,1770277,1769901,1006,1033,27,0,0,0
1770428,c95612c2-a4cd-58be-8474-495e761a8f3b,1,1759378,1759425,1770428,1772456,11003,11050,47,0,0,0
1770504,becec9eb-2c81-ef99-a153-74b0f6257ed1,1,1759794,1759830,1770504,1769192,10674,10710,36,0,0,0
1770453,46a195a6-28e3-293e-d9cd-e7e760e09912,1,1769439,1769451,1770453,1770005,1002,1014,12,0,0,0
1770603,82ed78cb-b7af-f6d5-8214-c32603592448,1,1759809,1759830,1770603,1771516,10773,10794,21,0,0,0
1770648,7cff0d7d-a523-28ff-fb1b-061d5f39c43d,1,1759818,1759830,1770648,1768237,10818,10830,12,0,0,0
1770638,846a0b4a-b8be-9f1d-5e15-ca3efac7d04c,1,1769577,1769631,1770638,1771021,1007,1061,54,0,0,0
1770757,782b84b7-6d8d-dd5d-c817-ad2a40597ac5,1,1759899,1759950,1770757,1770640,10807,10858,51,0,0,0
1770793,2c864b3e-6fc7-b32a-0602-f8c4dc3520c8,1,1759921,1759950,1770793,1769864,10843,10872,29,0,0,0
1770838,4493af50-6eef-687c-2227-339e9eccf0f5,1,1759839,1759890,1770838,1772654,10948,10999,51,0,0,0
1770809,04d61adc-9d54-175f-b69a-a66d1d686bcd,1,1769762,1769811,1770809,1771071,998,1047,49,0,0,0
1770880,ecc5fd3b-97ef-1578-6b35-408553727b90,1,1759821,1759830,1770880,1770723,11050,11059,9,0,0,0
1770924,729b4f6d-6bfb-be67-83c2-366ea8c8267a,1,1759831,1759890,1770924,1769096,11034,11093,59,0,0,0
1770872,7ddfcbef-5107-3f76-6b55-633bc51c8fb7,1,1759901,1759950,1770872,1768838,10922,10971,49,0,0,0
1770912,6596600a-05fa-2319-764f-56c8ae85f846,1,1759926,1759950,1770912,1774414,10962,10986,24,0,0,0
1770987,871b0218-8e07-fda1-5f4a-5aa7161decbe,1,1760168,1760168,1770987,1770583,10819,10819,0,0,0,0
1771047,d8058b9a-0752-63d7-74b9-150b3c56fd6b,1,1760253,1760288,1771047,1767891,10759,10794,35,0,0,0
1771120,02fcff0f-8087-8889-81c4-7186e15696c2,1,1760226,1760228,1771120,1770036,10892,10894,2,0,0,0
1771144,ca2ed981-decc-c4c8-91b3-a3c3852ca581,1,1760293,1760348,1771144,1772653,10796,10851,55,0,0,0
1771211,580f4214-6393-8761-9a61-f1e0ea093048,1,1760255,1760288,1771211,1772476,10923,10956,33,0,0,0
1771175,2b87bc13-f3dd-0dc5-2e54-e811263444a1,1,1760266,1760288,1771175,1767493,10887,10909,22,0,0,0
1771255,48cf59b3-86b9-45fb-0f7a-d640e5dc4c99,1,1760476,1760502,1771255,1773025,10753,10779,26,0,0,0
1771238,3e6d9984-3ac5-b757-6669-f5cb6b356836,1,1760528,1760562,1771238,1766502,10676,10710,34,0,0,0
1771337,ae087b18-8d37-ce72-819a-503347b76350,1,1760489,1760502,1771337,1770330,10835,10848,13,0,0,0
1771438,f4a4bf6c-14a0-40c5-1fd7-3a282443bee2,1,1760466,1760502,1771438,1775356,10936,10972,36,0,0,0
1771449,31bed890-c397-bfca-0a34-168a15051363,1,1760492,1760502,1771449,1776285,10947,10957,10,0,0,0
1771450,fc3579a6-f1ac-50e5-d110-bd615822e787,1,1760536,1760562,1771450,1770864,10888,10914,26,0,0,0
1771422,60c1fbb1-6db3-fdbe-ec28-801147df405d,1,1760556,1760562,1771422,1767687,10860,10866,6,0,0,0
1771450,9b5737d1-ac52-398f-a5bf-118930b2bb89,1,1770302,1770325,1771450,1771118,1125,1148,23,0,0,0
1771489,7b1cb6cb-d979-c487-0dc9-425f784663a6,1,1760514,1760562,1771489,1767372,10927,10975,48,0,0,0
1771634,16709094-c9f7-4c62-50e6-7472d3e13f66,1,1770577,1770625,1771634,1771828,1009,1057,48,0,0,0
1771693,93d678e1-d648-dd53-fd68-85af2e35ee60,1,1760773,1760773,1771693,1769908,10920,10920,0,0,0,0
1771777,2643fb7b-967f-b945-ceca-08e3fcb1e583,1,1760843,1760893,1771777,1776233,10884,10934,50,0,0,0
1771880,594525fc-fced-19bc-72a5-feb1e9fd6697,1,1761017,1761073,1771880,1772630,10807,10863,56,0,0,0
1771853,d6346a4d-4057-ac62-0a10-3b4d2586c05f,1,1770857,1770865,1771853,1771760,988,996,8,0,0,0
1771935,3790e2e8-d1bc-4f11-8959-fcb6d1d0fc1c,1,1760985,1761013,1771935,1773485,10922,10950,28,0,0,0
1771921,b6cd1a0c-b404-0d42-e57a-8629d51ab7db,1,1761132,1761133,1771921,1767893,10788,10789,1,0,0,0
1771951,764d62ee-1526-adbe-5572-d063e2a6a74e,1,1770879,1770925,1771951,1772040,1026,1072,46,0,0,0
1772008,43430652-bdfa-6b79-59fd-778252382e32,1,1761169,1761193,1772008,1776125,10815,10839,24,0,0,0
1772009,b239f59e-92ec-ed08-2605-1829b7355d63,1,1761230,1761253,1772009,1772504,10756,10779,23,0,0,0
1772050,ad662890-ddde-baea-9159-dc530cc025b9,1,1771037,1771047,1772050,1771786,1003,1013,10,0,0,0
1772305,665463ad-0a00-8974-68b8-2a4aed1cec0d,1,1761495,1761553,1772305,1776858,10752,10810,58,0,0,0
1772425,10e471b1-de63-9f87-f27d-48e5e70dbcba,1,1761512,1761553,1772425,1767747,10872,10913,41,0,0,0
1772510,a92e1749-ef70-f7e4-2f57-8774cbbcd7ff,1,1761591,1761613,1772510,1776735,10897,10919,22,0,0,0
1772491,7ed7a6fe-cbaf-a140-c0a6-efdbf3eee3ca,1,1761679,1761733,1772491,1771172,10758,10812,54,0,0,0
1772520,980b63f9-0d7e-a6a9-d88b-ae7736b246b9,1,1761805,1761853,1772520,1777394,10667,10715,48,0,0,0
1772646,5e27327b-5c7a-9881-73ec-7df0cd51f72b,1,1761704,1761733,1772646,1773128,10913,10942,29,0,0,0
1772599,c07818f7-c272-29fd-e587-49744953ffae,1,1771476,1771527,1772599,1772782,1072,1123,51,0,0,0
1772735,8dbe7f99-81e3-74bc-e577-6900c034a9c6,1,1771602,1771647,1772735,1772300,1088,1133,45,0,0,0
1772778,d6464538-d7ac-7c8c-8e47-b012df686e87,1,1761787,1761793,1772778,1773989,10985,10991,6,0,0,0
1773100,ac0d40d6-626a-b5f1-9a5e-4a5d2e0ce312,1,1762103,1762114,1773100,1770684,10986,10997,11,0,0,0
1773151,1e8d6bb9-76cb-4397-ec20-016cea8f1422,1,1762419,1762440,1773151,1776661,10711,10732,21,0,0,0
1773252,a601aa9a-4219-1225-dfc9-432af9096777,1,1762349,1762380,1773252,1770049,10872,10903,31,0,0,0
1773201,2cb5c00a-497b-57f9-8053-4d644f862de0,1,1772103,1772127,1773201,1772614,1074,1098,24,0,0,0
1773330,8f146c59-70a4-f7e1-d42a-aab286126a36,1,1762375,1762380,1773330,1773146,10950,10955,5,0,0,0
1773361,b4f27769-6834-a474-0984-e66cdaa4340d,1,1762562,1762562,1773361,1772381,10799,10799,0,0,0,0
1773348,1e447d25-a2c6-12b8-81a7-a66ebb7657d9,1,1762610,1762622,1773348,1769489,10726,10738,12,0,0,0
1773516,ec47409f-e3e8-50fa-2190-06c000f036b0,1,1772428,1772467,1773516,1773131,1049,1088,39,0,0,0
1773618,04af167d-12bc-3f83-b2b9-1e4d685ae22a,1,1762717,1762742,1773618,1769379,10876,10901,25,0,0,0
1773716,850a5392-48dc-a33f-e8cf-d623f896b4de,1,1762747,1762802,1773716,1771920,10914,10969,55,0,0,0
1773723,b77505e6-732a-dbb0-debd-53571da7ce46,1,1772708,1772714,1773723,1773495,1009,1015,6,0,0,0
1773739,b9501658-2016-1fcf-6ac3-4342f504c7ca,1,1763016,1763016,1773739,1777710,10723,10723,0,0,0,0
1773760,77ee874c-e8b0-0b98-7020-2c67b139e02b,1,1763062,1763076,1773760,1772264,10684,10698,14,0,0,0
1773791,5010c6dc-86c0-c451-fbae-0ac12a3e077c,1,1763077,1763136,1773791,1771619,10655,10714,59,0,0,0
1773821,dcb3be81-f6a2-d9ad-58e1-872304871f92,1,1772829,1772834,1773821,1774287,987,992,5,0,0,0
1773954,da289191-e0ee-a964-8650-43dc2e93f722,1,1772841,1772894,1773954,1774056,1060,1113,53,0,0,0
1774086,c650f640-8f3b-2147-0e3d-0f1bfd00e8fd,1,1773030,1773074,1774086,1773610,1012,1056,44,0,0,0
1774083,319653ea-d014-26d4-f43b-4627aaee37ac,1,1773059,1773074,1774083,1774353,1009,1024,15,0,0,0
1774201,679e6c1a-e506-de1e-50c1-044977b32474,1,1773144,1773194,1774201,1773717,1007,1057,50,0,0,0
1774201,9b178b33-1398-71f9-69ff-1191ac584c16,1,1773156,1773194,1774201,1774494,1007,1045,38,0,0,0
1774308,25972c0e-1bd3-1506-7bc0-d39f6f0aaaf3,1,1773264,1773314,1774308,1774272,994,1044,50,0,0,0
1774473,02306382-8644-833e-bc8b-6970730d2c44,1,1763800,1763815,1774473,1774194,10658,10673,15,0,0,0
1774482,7f104948-e583-13cd-6fc9-fada11497919,1,1773448,1773494,1774482,1774808,988,1034,46,0,0,0
1774489,adf5ff0f-404d-b308-6140-7aebd54d09eb,1,1773487,1773494,1774489,1773994,995,1002,7,0,0,0
1774534,77252c7e-a099-d92a-3bd3-c9f9562d0a8c,4,1759783,1759830,1774534,1781084,14704,14751,47,0,0,0
1774699,33a1476c-87e2-da56-d0f8-8c1edfec2d7e,1,1773652,1773674,1774699,1774717,1025,1047,22,0,0,0
1774727,06b1bdd2-8028-4f5f-c1d2-6c07ac9a7a0e,1,1773681,1773734,1774727,1775104,993,1046,53,0,0,0
1774907,67299293-5615-5253-5a54-49a5db2a05e9,1,1763888,1763935,1774907,1772104,10972,11019,47,0,0,0
1774929,758867c2-925b-adca-2c9c-0527b2f22637,1,1773907,1773914,1774929,1775320,1015,1022,7,0,0,0
1775648,d99a1095-02cd-8a77-ddd5-e32be0c139d7,1,1774608,1774648,1775648,1776052,1000,1040,40,0,0,0
1775758,aad4f643-8d48-7c32-b4be-74d0f9b09bff,1,1774714,1774768,1775758,1775430,990,1044,54,0,0,0
1775863,83a2492c-6622-9e1a-04a3-c8c4f0af2016,1,1765133,1765149,1775863,1778747,10714,10730,16,0,0,0
1776112,b31499c2-54fb-33ee-7f33-d9a3c7fc98df,1,1765312,1765329,1776112,1780695,10783,10800,17,0,0,0
1776164,6a02c81d-d11b-3751-850f-6ab7d0932803,1,1765510,1765510,1776164,1771114,10654,10654,0,0,0,0
1776262,c074eb8a-4e49-0dc6-e713-43007a36edb0,1,1765531,1765570,1776262,1771760,10692,10731,39,0,0,0
1776359,62dc25e2-a7d6-edeb-4f40-a019c8ca72c0,1,1765643,1765690,1776359,1772303,10669,10716,47,0,0,0
1776407,b146aed4-f0c2-e87a-8fbc-d825c14bf19f,1,1765659,1765690,1776407,1778556,10717,10748,31,0,0,0
1776563,087993a1-fc32-c016-c793-b529210c497a,1,1765563,1765570,1776563,1781735,10993,11000,7,0,0,0
1776627,ee05d46d-c546-3621-25d7-2faa5023de4c,1,1738492,1738493,1776627,1778453,38134,38135,1,0,0,0
1776759,7df8cfc1-cdc4-66d2-2333-a4dfc805a55b,1,1738493,1738493,1776759,1776343,38266,38266,0,0,0,0
1776790,099e875e-2306-ff89-0128-75e312004e76,1,1738494,1738553,1776790,1787285,38237,38296,59,0,0,0
1776802,8cc22491-3594-30af-2087-67acd6d1fa76,1,1765878,1765937,1776802,1780178,10865,10924,59,0,0,0
1776794,49d853e3-9a35-3a54-9c0b-370cf4a711b3,1,1765927,1765937,1776794,1773084,10857,10867,10,0,0,0
1776809,4c01de47-1d87-03db-a446-972a4e485411,1,1765935,1765937,1776809,1781403,10872,10874,2,0,0,0
1776905,2d815077-2c72-9710-5a16-fe6bdaa19e1c,1,1765940,1765997,1776905,1773427,10908,10965,57,0,0,0
1776921,645bb0df-b807-e850-5c90-a854e0ef2e90,1,1766075,1766117,1776921,1779043,10804,10846,42,0,0,0
1777000,689b6250-bb81-b676-280e-f2c3fafc2a87,1,1738490,1738493,1777000,1795719,38507,38510,3,0,0,0
1777018,eb592794-c537-d786-6987-74c3a3f36f78,1,1738494,1738553,1777018,1763218,38465,38524,59,0,0,0
1777017,39110403-abcd-1906-2ba2-656ff2092ee7,1,1766016,1766057,1777017,1780863,10960,11001,41,0,0,0
1777083,545baf6f-c834-7704-1105-672ed7dfef7a,1,1738495,1738553,1777083,1764895,38530,38588,58,0,0,0
1777110,b4f52d44-910e-9484-01a9-2f51eede7e78,1,1738496,1738553,1777110,1781048,38557,38614,57,0,0,0
1777160,d30b9a3a-15fb-cd95-231b-b7d07c1a53d1,1,1738495,1738553,1777160,1763090,38607,38665,58,0,0,0
1777150,838154f0-927b-50ab-48b7-c7ad042db109,1,1765888,1765937,1777150,1779860,11213,11262,49,0,0,0
1777190,7ef5383d-ceb0-5595-1794-6e7f4cd27f56,1,1776087,1776116,1777190,1777598,1074,1103,29,0,0,0
1777219,f032befa-bc04-5a1c-2018-c1fac988641d,1,1766291,1766307,1777219,1782118,10912,10928,16,0,0,0
1777257,c686b066-507a-4d80-f7a4-983284762417,1,1738494,1738553,1777257,1775488,38704,38763,59,0,0,0
1777279,4a97ee94-b427-8d71-f3cb-6c71163d93bc,1,1766247,1766247,1777279,1781562,11032,11032,0,0,0,0
1777301,e7afc04a-b378-02f0-be8b-bd0260b9bc36,1,1766350,1766367,1777301,1775529,10934,10951,17,0,0,0
1777319,a6e6150e-3f9b-aec2-3d02-3fc672abb327,1,1738490,1738493,1777319,1778796,38826,38829,3,0,0,0
1777396,eb6652c9-a5fa-6d26-065f-454903838638,1,1766487,1766487,1777396,1773960,10909,10909,0,0,0,0
1777397,19ea32d8-1ae7-21a2-8df7-b2c6d579d65c,1,1766506,1766547,1777397,1775022,10850,10891,41,0,0,0
1777451,35adf144-71b9-af82-2ae0-1cc74be6c9fc,1,1738490,1738493,1777451,1764140,38958,38961,3,0,0,0
1777555,1bcdd857-a02e-6ff9-a224-a8922f99bf79,1,1738490,1738493,1777555,1762783,39062,39065,3,0,0,0
1777610,db726e60-50e0-7901-4159-25ee40c5d32e,1,1766796,1766847,1777610,1781739,10763,10814,51,0,0,0
1777649,025b9d76-fd47-68b3-7733-56c1086f9afd,1,1738491,1738493,1777649,1762972,39156,39158,2,0,0,0
1777625,3949a542-46ad-b754-aef9-3c9a73f092e2,1,1738495,1738553,1777625,1771099,39072,39130,58,0,0,0
1777627,312ae3e7-4bb7-e145-a33b-de9a5620342c,1,1766591,1766607,1777627,1779252,11020,11036,16,0,0,0
1777706,856df308-ca8a-aa9b-52d8-f7a524a8d373,1,1738494,1738553,1777706,1780792,39153,39212,59,0,0,0
1777714,04a42239-3a65-f9ad-170e-12d5e19f3690,1,1766588,1766607,1777714,1773258,11107,11126,19,0,0,0
1777734,b619ad97-6d04-d346-14d1-6a86d6d18426,1,1766716,1766727,1777734,1774973,11007,11018,11,0,0,0
1777694,fb624f1c-14b1-3cd3-f7f7-3151ecda2ea8,1,1766810,1766847,1777694,1781106,10847,10884,37,0,0,0
1777746,212049a8-9f16-c65e-e3d7-9a723a7a1bb1,1,1701278,1701323,1777746,1740996,76423,76468,45,0,0,0
1777808,ede4b7f6-6c0e-16e1-2916-85747002450a,1,1738494,1738553,1777808,1770334,39255,39314,59,0,0,0
1777847,98b270f8-295f-533f-b23e-13c93f64a8cf,1,1767051,1767051,1777847,1777793,10796,10796,0,0,0,0
1777886,8d84e535-480d-5394-9d9b-038bc0f1b5d2,1,1701275,1701323,1777886,1804516,76563,76611,48,0,0,0
1777899,c501bb16-a634-3c63-7524-b4bca4945a0f,1,1767200,1767231,1777899,1780773,10668,10699,31,0,0,0
1777947,8d37a35e-7f0c-49b6-9dfc-5ace6b1e796c,1,1701277,1701323,1777947,1801373,76624,76670,46,0,0,0
1777920,634fc500-d748-a207-4b4f-94624d079752,1,1738491,1738493,1777920,1794852,39427,39429,2,0,0,0
1778027,a838e8dd-dc3a-d635-6f3b-716de37aa5a2,1,1767132,1767171,1778027,1773309,10856,10895,39,0,0,0
1778043,377ad5c8-cd38-2aa7-e8c6-0d04529964e7,1,1701279,1701323,1778043,1747702,76720,76764,44,0,0,0
1778149,6590d966-7e79-fc00-fcc9-feef45302005,1,1738492,1738493,1778149,1780253,39656,39657,1,0,0,0
1778106,8b84c3b9-d3d9-79e2-ad8a-8f2e39e141c1,1,1767274,1767291,1778106,1780570,10815,10832,17,0,0,0
1778216,4d82498d-0221-374b-55ae-99bcd110ee04,1,1767465,1767471,1778216,1777556,10745,10751,6,0,0,0
1778415,8d5d494c-e0e4-5483-4b25-331114344226,1,1767699,1767711,1778415,1775686,10704,10716,12,0,0,0
1778577,d563bf66-dff0-27bb-2217-ac2e955395ed,1,1767699,1767711,1778577,1782865,10866,10878,12,0,0,0
1778584,5a06e318-85c7-2e1e-63e0-d1177099a9e9,1,1767754,1767771,1778584,1775530,10813,10830,17,0,0,0
1778657,d944c6ca-551d-8f2b-e5d7-f7d8294bf6ed,1,1701279,1701323,1778657,1739905,77334,77378,44,0,0,0
1778661,16a87e5b-75c1-c89e-1839-8c5ece700666,1,1767767,1767771,1778661,1773820,10890,10894,4,0,0,0
1778788,0f33e69a-2711-5ca0-7db5-1329f90510ac,1,1767712,1767771,1778788,1781427,11017,11076,59,0,0,0
1778808,7f4dbf02-fc3c-75cf-0313-d6a098e4f31e,1,1777792,1777796,1778808,1779130,1012,1016,4,0,0,0
1778983,30a35f24-5fcc-638d-049e-2f138808c8fa,1,1768020,1768071,1778983,1776539,10912,10963,51,0,0,0
1779043,9418ec25-cb0d-0143-e4cd-a3d8f3376449,1,1768034,1768071,1779043,1775286,10972,11009,37,0,0,0
1779060,b068fddf-9435-0429-f172-4662473c7958,1,1768045,1768071,1779060,1773546,10989,11015,26,0,0,0
1779262,c3561acd-2fe0-f6a1-dbac-fbb0233ae530,1,1768248,1768251,1779262,1780170,11011,11014,3,0,0,0
1779243,59122d58-e027-9495-1210-b28c2052a926,1,1768431,1768431,1779243,1775462,10812,10812,0,0,0,0
1779391,447be43f-4975-38ae-e05c-b1da12200b58,1,1768403,1768431,1779391,1774643,10960,10988,28,0,0,0
1779526,c97d779c-ae83-fe4c-bf0c-5970536637f3,1,1768604,1768611,1779526,1777605,10915,10922,7,0,0,0
1779566,eba9e955-93f2-86a7-c44b-fd66fac1fc6a,1,1768766,1768791,1779566,1774420,10775,10800,25,0,0,0
1779544,bea78a51-4c62-58b8-6bdd-df69a46422ec,1,1778540,1778548,1779544,1779434,996,1004,8,0,0,0
1779719,2f890418-ec34-a5ba-7dc4-8573693ff665,1,1778785,1778814,1779719,1780023,905,934,29,0,0,0
1779781,41102f77-6969-91ae-daae-115be5fe9ce5,1,1778777,1778814,1779781,1779826,967,1004,37,0,0,0
1779840,f6d2212f-18f6-341e-e000-971d631f2b1b,1,1778754,1778754,1779840,1779862,1086,1086,0,0,0,0
1779811,301aebba-ba8e-9b98-c21b-cc38c731a91a,1,1778780,1778814,1779811,1779363,997,1031,34,0,0,0
1779873,61619b10-0664-e282-bfe8-de433d1e75d1,1,1778851,1778874,1779873,1779539,999,1022,23,0,0,0
1779948,b0ba920c-e2b9-37be-cee9-6f14bf181efa,1,1778769,1778814,1779948,1780197,1134,1179,45,0,0,0
1780028,565096de-dc7e-5343-deb0-e24410e48edd,1,1778797,1778814,1780028,1779641,1214,1231,17,0,0,0
1780070,6f2aa5c5-654e-83f6-cd22-d7b95756df54,1,1769175,1769211,1780070,1778333,10859,10895,36,0,0,0
1780088,6275188f-04c5-e02b-ea14-079a76fc41fe,1,1769180,1769211,1780088,1784026,10877,10908,31,0,0,0
1780055,3cdb2cf0-2604-cb7f-70b8-0647f77e65ac,1,1778770,1778814,1780055,1779845,1241,1285,44,0,0,0
1780138,f4dcc050-d24f-0314-393b-6c77e94ceced,1,1778760,1778814,1780138,1779455,1324,1378,54,0,0,0
1780181,e96a5228-1fdd-e07f-0d8a-0f07ad328e36,1,1778792,1778814,1780181,1780780,1367,1389,22,0,0,0
1780301,ee24d23e-b92e-9406-88bf-1c6a3f2423f2,1,1769364,1769391,1780301,1784421,10910,10937,27,0,0,0
1780386,40084bcb-90cc-941e-2097-358edda04e48,1,1769496,1769511,1780386,1774980,10875,10890,15,0,0,0
1780531,cb66839b-e81c-4c16-1072-d09b0aba474a,1,1769536,1769571,1780531,1776343,10960,10995,35,0,0,0
1780807,a40b1790-8d61-79ba-2bcc-ef52e3365f8c,1,1778785,1778814,1780807,1780142,1993,2022,29,0,0,0
1781016,8b528b40-d175-f31c-d0a0-de355ca038e6,1,1770007,1770051,1781016,1775899,10965,11009,44,0,0,0
1781067,5b77dcf6-95ca-026c-2e98-480e36e04754,1,1769913,1769931,1781067,1781521,11136,11154,18,0,0,0
1781174,aea2c1a1-7265-3447-403e-27f6e26d6c97,1,1770081,1770111,1781174,1775541,11063,11093,30,0,0,0
1781349,e46a92b1-26e8-b15e-e331-0e4351ea7701,1,1770327,1770385,1781349,1786494,10964,11022,58,0,0,0
1781371,76e239a2-d97a-69a0-2f60-3cf459fec3fe,1,1770344,1770385,1781371,1780661,10986,11027,41,0,0,0
1781318,1deb97c0-a448-dd54-36bb-c95281cb8f6d,1,1770432,1770445,1781318,1779149,10873,10886,13,0,0,0
1781767,811b964e-662c-9615-abab-24e178127005,1,1770720,1770745,1781767,1781519,11022,11047,25,0,0,0
1781935,98df7c10-f9e2-be52-4604-b010b80cf2b9,1,1770852,1770865,1781935,1780524,11070,11083,13,0,0,0
1782043,b6bdb2fd-57cb-72d7-dedf-2f18e95a02f5,1,1771111,1771167,1782043,1785600,10876,10932,56,0,0,0
1782699,c736453f-6b50-f4cf-d0af-a22c70ef2577,1,1771815,1771827,1782699,1778944,10872,10884,12,0,0,0
1783238,86bc2875-a227-b65d-2030-be57e8a925c0,1,1772465,1772467,1783238,1780435,10771,10773,2,0,0,0
1783417,1ae68cf4-b3e6-b96c-5d9c-9a45a25d7322,1,1772407,1772407,1783417,1778296,11010,11010,0,0,0,0
1783741,c368dd45-c5c7-6dbc-daf2-397d60b6475c,1,1772949,1772954,1783741,1787216,10787,10792,5,0,0,0
1783897,681452e7-8d3a-b47c-a076-50c8880bb42d,1,1773197,1773254,1783897,1782791,10643,10700,57,0,0,0
1783922,e7f2fb68-505b-9a66-dbcf-a9c498f7cf15,1,1773051,1773074,1783922,1788645,10848,10871,23,0,0,0
1783970,7658ef13-2c46-22e9-4abf-3028904fec88,1,1773085,1773134,1783970,1783868,10836,10885,49,0,0,0
1784209,216e5cd6-9571-2336-3713-b7b627c17c4a,1,1773318,1773374,1784209,1784821,10835,10891,56,0,0,0
1784360,1084bf4e-ddd9-0589-f7c7-5827bb5a8cb9,1,1773453,1773494,1784360,1785980,10866,10907,41,0,0,0
1784616,3e400184-7ccd-8dfd-7462-1066f36ec549,1,1773898,1773914,1784616,1784081,10702,10718,16,0,0,0
1784737,e782131a-24eb-0ef9-6c28-ae28e9e06ee0,1,1773874,1773914,1784737,1779452,10823,10863,40,0,0,0
1785075,2992c02a-0909-0686-3981-e014d70624f1,8,1777389,1777436,1785075,1784776,7639,7686,47,0,0,0
1785107,8015bbf6-2819-f878-8a75-6df211cf3655,1,1774148,1774168,1785107,1780975,10939,10959,20,0,0,0
1785158,d8a95f8a-e8ee-f50c-8396-0ce57f53e535,1,1774276,1774288,1785158,1786783,10870,10882,12,0,0,0
1785135,762cd511-f827-3761-be1c-2f0577d15700,1,1774437,1774468,1785135,1787690,10667,10698,31,0,0,0
1785272,f3b68ea1-f0dd-1f9d-f16e-934c79f74b97,1,1774571,1774588,1785272,1784593,10684,10701,17,0,0,0
1785395,c230d1b9-82ec-a8b9-f22b-22a83c764990,1,1774602,1774648,1785395,1783168,10747,10793,46,0,0,0
1785698,81ea87a2-c5d4-05a3-f7b5-f316cc077174,1,1774998,1775027,1785698,1780847,10671,10700,29,0,0,0
1786272,22027959-e15b-4f61-fda0-29e765daa73f,1,1775551,1775551,1786272,1783927,10721,10721,0,0,0,0
1786510,e6577b35-7689-8488-4e3a-40e32903092c,1,1775679,1775731,1786510,1788685,10779,10831,52,0,0,0
1786505,a476d652-ee2e-6458-159e-1a56e9df0e42,1,1775841,1775851,1786505,1788390,10654,10664,10,0,0,0
1787031,66048813-b345-59ba-b212-0875cf702de5,1,1786026,1786032,1787031,1786782,999,1005,6,0,0,0
1787106,cf803b6e-0124-fc39-218c-e6cda54aa860,1,1785982,1786032,1787106,1786812,1074,1124,50,0,0,0
1787210,a8478e7d-867d-12a6-8b2b-0a82a5b6e363,1,1776305,1776356,1787210,1790364,10854,10905,51,0,0,0
1787389,124154bb-00ba-2012-db59-e03d3b5d0022,1,1786282,1786332,1787389,1787190,1057,1107,50,0,0,0
1787403,cc2be061-2eeb-f167-ac25-9b7f7cbe134d,1,1786292,1786332,1787403,1787551,1071,1111,40,0,0,0
1787507,8ab056e9-c8de-3d95-3f76-4b41058709ef,1,1786394,1786452,1787507,1787780,1055,1113,58,0,0,0
1787513,c219134d-d9c9-a8a9-01fd-103ed59b9a4d,1,1786407,1786452,1787513,1787298,1061,1106,45,0,0,0
1788004,17be5699-c9a0-b272-ba44-abaae646af78,1,1777188,1777196,1788004,1783708,10808,10816,8,0,0,0
1788025,ec77d760-c661-df85-8d4e-aa1b672778db,1,1777224,1777256,1788025,1783870,10769,10801,32,0,0,0
1788084,91243e07-6a50-dc99-469e-b6d72ef3272f,1,1777132,1777136,1788084,1785220,10948,10952,4,0,0,0
1788069,085f608b-f7e7-3f7f-eba4-c1c6e1c826c0,1,1777183,1777196,1788069,1784099,10873,10886,13,0,0,0
1788158,6036c230-73e0-7861-30ea-11a32a512130,1,1787156,1787166,1788158,1788207,992,1002,10,0,0,0
1788199,d902f447-3265-47ad-498f-52211560bfd2,1,1787115,1787166,1788199,1788406,1033,1084,51,0,0,0
1788191,3c77b9fc-598d-32a8-fc4b-f5998375b370,1,1787141,1787166,1788191,1788579,1025,1050,25,0,0,0
1788244,299d73e0-7afc-189f-ec68-6b186b70ec2d,1,1777314,1777316,1788244,1786450,10928,10930,2,0,0,0
1788243,63cc0716-6f21-6d4d-5148-d3bf60ba3923,1,1777349,1777376,1788243,1787758,10867,10894,27,0,0,0
1788446,4a702423-dd3c-90cf-257c-f87abd19eacf,1,1787429,1787449,1788446,1788246,997,1017,20,0,0,0
1788623,24584e79-6250-1d1d-bde6-d77f1a7ea69d,1,1777758,1777796,1788623,1783296,10827,10865,38,0,0,0
1788783,aabe65eb-7115-42d5-600a-a90a9e655e78,1,1777801,1777856,1788783,1785744,10927,10982,55,0,0,0
1788810,1979074a-102d-c716-dfec-9ab21ee355b7,1,1777791,1777796,1788810,1791344,11014,11019,5,0,0,0
1788817,47fc7a48-40b4-3698-5bcf-f618951959ea,1,1777919,1777976,1788817,1790697,10841,10898,57,0,0,0
1788905,fc37053e-c735-ac46-d7e1-9cdff059952b,1,1777907,1777916,1788905,1793487,10989,10998,9,0,0,0
1789013,f4005199-7913-0b60-8f85-e4512537b2e9,1,1788000,1788000,1789013,1788557,1013,1013,0,0,0,0
1789128,4b3296c9-e1df-8da4-06bb-61119cc4444d,1,1788101,1788120,1789128,1789125,1008,1027,19,0,0,0
1789384,e3607026-06ae-2c01-8c51-f7d0ea5b5fe7,1,1788326,1788360,1789384,1789693,1024,1058,34,0,0,0
1789549,f345f1c9-65c6-9671-1bd9-651464d652cc,1,1778820,1778874,1789549,1785471,10675,10729,54,0,0,0
1789563,a85a513f-2cd3-bb2d-e898-3e902a5117b0,1,1788530,1788566,1789563,1789654,997,1033,36,0,0,0
1789570,d52af54b-8b89-1485-357f-a0165ff8c2d7,1,1788555,1788566,1789570,1789339,1004,1015,11,0,0,0
1789729,558d4025-1c23-ab67-db4c-4ff965d0654d,1,1788659,1788686,1789729,1789387,1043,1070,27,0,0,0
1789796,1a73d59c-d2b5-b9f2-4183-52c2316e76d3,1,1788700,1788746,1789796,1789355,1050,1096,46,0,0,0
1789882,39238edd-f050-4804-30a2-22acb1b34e8c,1,1788832,1788866,1789882,1789935,1016,1050,34,0,0,0
1789886,e8656f06-324f-3928-e920-246e6a2c8a90,1,1788825,1788866,1789886,1789725,1020,1061,41,0,0,0
1789949,27b01967-0530-d204-12fe-89f7529189c0,1,1788898,1788926,1789949,1789659,1023,1051,28,0,0,0
1790113,0f1511c2-54f7-8014-9723-52e9e6db4e5d,1,1788993,1788993,1790113,1790399,1120,1120,0,0,0,0
1790158,7be3db8d-d8e8-4d5c-cbc7-5daf75ea4d04,1,1789087,1789113,1790158,1790608,1045,1071,26,0,0,0
1790458,aeb000b4-5836-98d5-42b5-33d237c406b9,1,1789430,1789444,1790458,1790735,1014,1028,14,0,0,0
1790459,064504be-ec99-239f-07ee-4b28c0c0317a,1,1789439,1789444,1790459,1790305,1015,1020,5,0,0,0
1790527,afa075e7-ba99-2325-ad41-935dd102af13,1,1789530,1789530,1790527,1790363,997,997,0,0,0,0
1790581,b2ce43b7-b9ab-9dc5-2033-82d90990db06,1,1789568,1789590,1790581,1790383,991,1013,22,0,0,0
1790700,857ba98e-53cd-90da-5fa0-28dd646d5c9d,1,1789699,1789699,1790700,1791179,1001,1001,0,0,0,0
1790939,dd864484-271d-5208-69c8-1dbb9230d4ae,1,1789900,1789942,1790939,1790425,997,1039,42,0,0,0
1791944,ab5fce76-1c42-230f-49ef-997336047a7f,1,1790864,1790878,1791944,1791921,1066,1080,14,0,0,0
1792058,22013a2f-a832-85b1-431e-5ca628eef579,1,1790961,1790998,1792058,1792140,1060,1097,37,0,0,0
1792441,fae073dc-c170-109e-e28c-30ba259a28a1,1,1791356,1791390,1792441,1792269,1051,1085,34,0,0,0
1792824,3896aa19-8a0a-d2ea-050c-f1e6657030ff,1,1791771,1791818,1792824,1793131,1006,1053,47,0,0,0
1792838,5aea2745-b1a1-6b64-26b1-e5f03fb5ffb1,1,1791765,1791818,1792838,1792857,1020,1073,53,0,0,0
1794507,9d790e51-d903-93e9-2a3d-e9c4ac184546,8,1752232,1752232,1794507,1807833,42275,42275,0,0,0,0
1796821,67afbe2b-aae8-de7f-6192-ac1e195e4116,1,1785972,1785972,1796821,1800132,10849,10849,0,0,0,0
1797092,0b3cda99-dbfd-99cb-b1cd-be14c60b447c,1,1786386,1786392,1797092,1797190,10700,10706,6,0,0,0
1797383,36f73c19-7834-71b7-a25d-251c8c3ece4b,1,1786752,1786752,1797383,1794824,10631,10631,0,0,0,0
1798290,8091691b-d4ae-bbc5-db89-aa13745ec940,1,1787550,1787569,1798290,1797823,10721,10740,19,0,0,0
1798377,a160085f-ee9c-7ba6-b0be-d7e6be6a9aa5,1,1787562,1787569,1798377,1799695,10808,10815,7,0,0,0
1798343,b9fa04ff-599a-9bbb-b18e-2960a8e9644f,1,1787565,1787569,1798343,1798467,10774,10778,4,0,0,0
1798412,a92a75b6-8264-0fe7-6e0b-dec1f102bb8a,1,1787498,1787509,1798412,1795348,10903,10914,11,0,0,0
1798723,4ff9d153-d242-b087-6162-f3b0a9dee026,1,1788007,1788060,1798723,1798364,10663,10716,53,0,0,0
1799147,e25290a4-825b-693d-a751-3494b1e6c36d,1,1788501,1788506,1799147,1796842,10641,10646,5,0,0,0
1799162,a12a2031-92da-9b36-5879-27a2da212725,1,1794058,1794073,1799162,1798313,5089,5104,15,0,0,0
1799164,b3d34385-0aba-bfee-34aa-c887cfdfc159,1,1794058,1794073,1799164,1799998,5091,5106,15,0,0,0
1799215,cfae1689-3795-d24b-92d2-04059ee1e497,1,1788359,1788360,1799215,1796750,10855,10856,1,0,0,0
1799196,10351edf-751f-8804-00d4-daf42193657e,1,1794048,1794073,1799196,1796633,5123,5148,25,0,0,0
1799206,ba4d47f1-7e14-33c6-0696-9d787a69d39a,1,1794048,1794073,1799206,1800954,5133,5158,25,0,0,0
1799188,ef21c698-7281-127d-2e94-230ef93298e1,1,1794053,1794073,1799188,1799078,5115,5135,20,0,0,0
1799187,120161c0-6c22-8aba-27ac-4fb7600d828d,1,1794053,1794073,1799187,1801154,5114,5134,20,0,0,0
1799217,27bfad8e-29bf-48e4-3f04-e95582e9dbf9,1,1794056,1794073,1799217,1801606,5144,5161,17,0,0,0
1799175,0e1280e0-7ca6-2c80-1860-29edd7e44d12,1,1794058,1794073,1799175,1800000,5102,5117,15,0,0,0
1799205,e9f0fdd2-d1b4-5d49-1722-0b0b033fbd36,1,1794061,1794073,1799205,1799892,5132,5144,12,0,0,0
1799224,15f24b9d-e7bb-ec67-e787-21d0ed2447f1,1,1794062,1794073,1799224,1799935,5151,5162,11,0,0,0
1799265,d1eed993-d549-85ac-d18e-f1d80e5103b9,1,1788335,1788360,1799265,1796215,10905,10930,25,0,0,0
1799281,809589f0-ce17-b64d-d9ea-987d56f4fdf9,1,1788559,1788566,1799281,1798005,10715,10722,7,0,0,0
1799230,2ba3e7a0-2bde-5b35-6386-a9e2e749146a,1,1794052,1794073,1799230,1797640,5157,5178,21,0,0,0
1799244,112ddf3d-8508-d718-d789-ff74af469d86,1,1794052,1794073,1799244,1798785,5171,5192,21,0,0,0
1799260,bb8983ee-10ba-0b7f-24cc-2319a4037d84,1,1794059,1794073,1799260,1799393,5187,5201,14,0,0,0
1799254,ffc0900b-4ed7-676f-46c5-6cb23cb7f709,1,1794060,1794073,1799254,1801687,5181,5194,13,0,0,0
1799243,bb3825bc-37d4-e6f7-343e-ccad59e920ab,1,1794062,1794073,1799243,1799668,5170,5181,11,0,0,0
1799264,8d92aeea-35f7-df32-a3fd-aa7a7a83f852,1,1794064,1794073,1799264,1797803,5191,5200,9,0,0,0
1799317,027092f5-52cc-e092-be4d-31b17cc43920,1,1788495,1788506,1799317,1801933,10811,10822,11,0,0,0
1799307,bb13ac71-eb25-73e0-64e1-e8d5f3e06847,1,1794054,1794073,1799307,1797137,5234,5253,19,0,0,0
1799313,5b415586-7541-03a8-047e-d8e7e4290f62,1,1794056,1794073,1799313,1799403,5240,5257,17,0,0,0
1799385,04a55045-3c2b-b927-0d64-6bb183e71b17,1,1798341,1798383,1799385,1799480,1002,1044,42,0,0,0
1799541,b7c3c15f-8167-b874-5e87-9695f14f0cb0,1,1788556,1788566,1799541,1798906,10975,10985,10,0,0,0
1799787,968f3d16-3af8-fa9d-1465-78c23b30eac9,1,1788676,1788686,1799787,1801803,11101,11111,10,0,0,0
1799827,0e47124b-4561-b66a-35d7-80c87d4790e9,1,1798747,1798775,1799827,1799909,1052,1080,28,0,0,0
1799991,cbdd659c-306b-2cf4-7015-fda842b8da80,1,1798924,1798924,1799991,1800399,1067,1067,0,0,0,0
1800325,e27032d1-8e55-3c05-1af4-dd9819c7adb5,1,1789161,1789173,1800325,1804851,11152,11164,12,0,0,0
1800534,fbc87746-8dd3-6aa5-1886-7bbc212f4f68,1,1789736,1789759,1800534,1800861,10775,10798,23,0,0,0
1801028,f5e72660-b248-9f66-85a6-390ddc5dc02f,1,1800012,1800028,1801028,1800509,1000,1016,16,0,0,0
1801564,f6d81bca-c8f0-21ce-c3a4-771a04c90e0a,1,1800523,1800557,1801564,1801379,1007,1041,34,0,0,0
1801603,f97ffcbd-d05f-2c4a-b534-843973ea3d41,1,1790876,1790878,1801603,1799037,10725,10727,2,0,0,0
1801659,37bacd44-80f2-f239-da2f-ff3e1fc770af,1,1790656,1790698,1801659,1805211,10961,11003,42,0,0,0
1801741,e1cc79fc-23eb-dd11-797d-3e14ccd668fd,1,1790905,1790938,1801741,1800109,10803,10836,33,0,0,0
1801711,586a903e-0c68-8a77-4eb6-8d21989bdcfc,1,1790924,1790938,1801711,1806151,10773,10787,14,0,0,0
1801757,b9699685-016b-4a8e-db77-a6c71e683efa,1,1791020,1791058,1801757,1805760,10699,10737,38,0,0,0
1801763,e3baa72d-afe6-369e-8766-4a7f390f0e68,1,1801079,1801132,1801763,1801393,631,684,53,0,0,0
1801749,355b08dd-1278-e7dc-8f4f-7751ac7191b3,1,1801083,1801132,1801749,1801762,617,666,49,0,0,0
1801758,dd9faba8-2041-3701-dcbf-faef26c99634,1,1801130,1801132,1801758,1801907,626,628,2,0,0,0
1801851,a4b2eac2-bf11-cc7f-f3e6-46db0e1ecc9a,2,1773086,1773134,1801851,1788724,28717,28765,48,0,0,0
1801818,5d6357cf-633c-22aa-9286-2f26c6135eb8,1,1790986,1790998,1801818,1804465,10820,10832,12,0,0,0
1801853,2d45afaf-8e7c-c1f0-007e-7e1cb269b808,1,1791003,1791058,1801853,1800647,10795,10850,55,0,0,0
1801805,a8a1f9cc-495c-948f-d806-d32899adabdb,1,1801114,1801132,1801805,1801985,673,691,18,0,0,0
1801821,3c4e382a-26cd-c001-e1a9-9805cfed7556,1,1801135,1801192,1801821,1801510,629,686,57,0,0,0
1801806,7c3812d8-e91b-dfdc-80b2-c62c886572e6,1,1801138,1801192,1801806,1801817,614,668,54,0,0,0
1801807,4454e7f1-1e2c-1a1e-696f-98a44145fd23,1,1801140,1801192,1801807,1801790,615,667,52,0,0,0
1801842,a2fbbecb-53d7-bd62-3a7a-06450c6b23aa,1,1801140,1801192,1801842,1801592,650,702,52,0,0,0
1801849,fd412a49-3f77-3464-d7b1-eb03cd198549,1,1801143,1801192,1801849,1802035,657,706,49,0,0,0
1801810,33f426ca-aa64-8d31-2a14-b625d37bd618,1,1801171,1801192,1801810,1801765,618,639,21,0,0,0
1801870,00507e5b-bbf8-92a8-94fc-14f015644bb6,1,1801214,1801252,1801870,1802085,618,656,38,0,0,0
1801886,f0d68a97-2d92-ba3f-a283-d3233e4afb4e,1,1801221,1801252,1801886,1801733,634,665,31,0,0,0
1801963,587d52b4-3c63-dfca-be48-34fc0ca90fd2,2,1773114,1773134,1801963,1800574,28829,28849,20,0,0,0
1801972,7e32fa03-3969-29bd-c83c-b9339a6f8e2d,1,1801214,1801252,1801972,1802227,720,758,38,0,0,0
1802023,dbaedddd-9d5d-0f9d-9038-739d7ea27d22,1,1790943,1790998,1802023,1803413,11025,11080,55,0,0,0
1801999,a859a15a-92e0-0998-a171-9b1d7f711664,1,1791066,1791118,1801999,1797012,10881,10933,52,0,0,0
1801995,38955f64-3756-a924-90b5-83dcd2502c05,1,1791270,1791270,1801995,1797139,10725,10725,0,0,0,0
1802008,9ef32858-f1c0-5fdb-50bd-4a32310fe87c,1,1800210,1800210,1802008,1801620,1798,1798,0,0,0,0
1802014,8debef75-40ef-a2a7-3573-5bda687589da,1,1801012,1801012,1802014,1801893,1002,1002,0,0,0,0
1802072,bd0b7eef-0b71-6a15-f6c2-194f7e2dca62,1,1801042,1801072,1802072,1802344,1000,1030,30,0,0,0
1802156,25bee7a4-9c0f-fede-0138-5fb433d90cad,1,1791300,1791330,1802156,1802833,10826,10856,30,0,0,0
1802170,784bb709-2c48-82bb-82be-bb6bdff4b533,2,1773109,1773134,1802170,1800797,29036,29061,25,0,0,0
1802176,af454efe-1bd9-d156-4bcb-c392e5952436,1,1791392,1791450,1802176,1800021,10726,10784,58,0,0,0
1802197,bd595248-53a4-5fcc-fa54-9ee09a2bfc15,1,1791433,1791450,1802197,1800366,10747,10764,17,0,0,0
1802283,9d85f5b3-bebf-bd0d-f3ff-e0c8937a8283,1,1791426,1791450,1802283,1803883,10833,10857,24,0,0,0
1802289,3a544ed0-7d91-77d2-64b9-e4126553c2b8,1,1791374,1791390,1802289,1797420,10899,10915,16,0,0,0
1802319,b59fe038-e438-79a5-f0a5-d6a43b86fb86,1,1801306,1801312,1802319,1802647,1007,1013,6,0,0,0
1802451,4804a5e4-8c4a-bec6-b005-a9d783abecf2,1,1801426,1801432,1802451,1802801,1019,1025,6,0,0,0
1802519,4ca5761e-19e5-829a-67c4-3d5e02909627,1,1791724,1791758,1802519,1800808,10761,10795,34,0,0,0
1802614,4b90ba28-ec0c-61f9-4d08-6f3851c837b5,1,1791698,1791698,1802614,1800982,10916,10916,0,0,0,0
1802700,4f6dae6b-f829-27fe-3d65-c37ef4ace72f,1,1801960,1801984,1802700,1802883,716,740,24,0,0,0
1802927,fb4659e1-13e9-f0e3-2607-e444a19d13f1,1,1801892,1801924,1802927,1802687,1003,1035,32,0,0,0
1803226,e637ce3a-8d03-3a10-4543-bd17c6612680,1,1802170,1802224,1803226,1802936,1002,1056,54,0,0,0
1803432,043c42ef-f697-5ace-36c1-944d7f6d98de,1,1802380,1802404,1803432,1803602,1028,1052,24,0,0,0
1803846,60751dab-05ca-88a7-5cde-b99a29bfdaf1,1,1802781,1802794,1803846,1803751,1052,1065,13,0,0,0
1804089,f99f225f-d5f5-c973-149c-ce71d4254c1a,1,1802980,1803034,1804089,1804421,1055,1109,54,0,0,0
1804096,18f3ddd5-8eed-ee07-8885-d603a29d3ade,1,1803025,1803034,1804096,1804195,1062,1071,9,0,0,0
1804189,869dd92a-d2f8-f759-1907-7e575afe12ae,1,1803022,1803034,1804189,1803925,1155,1167,12,0,0,0
1804226,a689ae1a-b023-8a35-e039-bf7b1fb9af43,1,1803116,1803116,1804226,1803815,1110,1110,0,0,0,0
1804228,1952d749-82d8-9fd2-0e80-94a0302224fd,1,1803167,1803176,1804228,1804166,1052,1061,9,0,0,0
1804440,300fe45a-0c17-961c-ffee-d1feede5db18,1,1803240,1803296,1804440,1803953,1144,1200,56,0,0,0
1804476,19f77747-4f90-4f7a-9a38-4dbb07942b8c,1,1803363,1803416,1804476,1804348,1060,1113,53,0,0,0
1804472,a3c444b5-f4a1-1622-cc01-9145b9e1b4ca,1,1803369,1803416,1804472,1804435,1056,1103,47,0,0,0
1804812,83ae8d85-5e3d-b1a9-fbe5-0525db69a980,1,1803771,1803816,1804812,1804340,996,1041,45,0,0,0
1804838,d158811f-061c-0ef0-bad2-22fb894e1f0b,1,1803761,1803816,1804838,1804462,1022,1077,55,0,0,0
1804813,51c04ecb-bb60-f3e3-4123-8e20f98dd6a8,1,1803778,1803816,1804813,1805180,997,1035,38,0,0,0
1805317,d2b3e301-a70f-8cdb-99e0-706b0bf51c2e,1,1804305,1804309,1805317,1805174,1008,1012,4,0,0,0
1805380,0cda1cef-4438-b9ed-bee8-b82898c3eede,2,1773118,1773134,1805380,1801481,32246,32262,16,0,0,0
1805384,7f528700-47b3-0555-a81c-3cad425b8db7,1,1804314,1804369,1805384,1805436,1015,1070,55,0,0,0
1805681,1830f2e8-da45-f0e4-a96f-6a1596e7fa7f,1,1804675,1804675,1805681,1805188,1006,1006,0,0,0,0
1806254,b97495a1-d5a8-480d-47d4-187c0706aa56,1,1805255,1805255,1806254,1806697,999,999,0,0,0,0
1806316,d95ad8a3-2814-587b-5bab-2db4ee4f7876,1,1805303,1805315,1806316,1805890,1001,1013,12,0,0,0
1806600,331b32ce-ed96-4109-2893-e94e45fc0b77,1,1805570,1805599,1806600,1806389,1001,1030,29,0,0,0
1806915,37c862d4-b7e4-7e37-c67f-622c5b601f92,1,1805862,1805910,1806915,1806691,1005,1053,48,0,0,0
1807151,faf5eb30-3a30-14b2-0566-58319bfd3981,1,1806155,1806155,1807151,1806721,996,996,0,0,0,0
1807205,bc84f446-b3b1-7599-1ece-b836247581d8,1,1806158,1806215,1807205,1807085,990,1047,57,0,0,0
1807446,6083f85e-02f1-e5df-6af4-90aa96dc96d8,1,1806447,1806455,1807446,1807435,991,999,8,0,0,0
1807783,c6811b98-db42-79e7-0658-e3084219e247,1,1806656,1806695,1807783,1807233,1088,1127,39,0,0,0
1808133,e10af9ba-ef8e-7806-0df4-2e88408efdad,1,1807071,1807071,1808133,1808402,1062,1062,0,0,0,0
1808456,c1271bf4-7601-e58e-7043-63831d966851,1,1807387,1807391,1808456,1808337,1065,1069,4,0,0,0
1808641,436738eb-965c-e283-bfc0-4e279fac85fd,1,1807566,1807571,1808641,1808389,1070,1075,5,0,0,0
1808757,888a812a-8a5f-1809-f5f7-24f1ead53b44,1,1807722,1807751,1808757,1808895,1006,1035,29,0,0,0
1808841,c7f2607f-bd89-2a44-1633-70a0cd9c3446,1,1807810,1807811,1808841,1808731,1030,1031,1,0,0,0
1808989,fa3a37d4-fce4-59b2-2b95-426e38f6ea64,1,1807940,1807991,1808989,1808641,998,1049,51,0,0,0
1809087,e403ecf4-eede-1fe4-f89d-221fbacd247f,1,1808051,1808051,1809087,1809018,1036,1036,0,0,0,0
1809125,1116865b-c3d1-5dfd-f79f-362639f409b1,1,1798319,1798323,1809125,1805663,10802,10806,4,0,0,0
1809202,fdc92c33-ac9e-e35d-d3be-3397a2d05eb1,1,1808160,1808171,1809202,1808747,1031,1042,11,0,0,0
1809230,49c113d0-b1a4-d8df-68e3-83a8316d7279,1,1808172,1808231,1809230,1808692,999,1058,59,0,0,0
1809245,0d06d7b8-92de-882b-8021-3a4fc7e45938,1,1808179,1808231,1809245,1809420,1014,1066,52,0,0,0
1809235,4200d170-5c6d-7c7b-2b5a-d51f05efa8b1,1,1808198,1808231,1809235,1808776,1004,1037,33,0,0,0
1809525,8fc00138-5c01-e8c2-d3dc-dac2b2ec3f4f,1,1798678,1798715,1809525,1807410,10810,10847,37,0,0,0
1809551,f0ef857c-5dbf-0152-f27a-22ca801a6259,1,1808502,1808531,1809551,1809774,1020,1049,29,0,0,0
1809633,40962b3e-72a3-4542-e954-fd292647455f,1,1808615,1808615,1809633,1809670,1018,1018,0,0,0,0
1809790,454751c5-9706-21ba-1c28-aabbc004beaa,1,1798992,1799044,1809790,1814793,10746,10798,52,0,0,0
1809843,47c2df8f-6b27-e958-5b22-105975e8b99d,1,1798986,1799044,1809843,1807416,10799,10857,58,0,0,0
1809918,40d0cc0e-89f4-6205-59a1-5e3a0bd2f2c0,1,1799051,1799104,1809918,1810744,10814,10867,53,0,0,0
1810196,fa187f1c-3e42-cd57-23fd-a43260822bfa,1,1799493,1799493,1810196,1805683,10703,10703,0,0,0,0
1810221,eb811842-a42f-e367-da3d-a18b7bbdf826,1,1809172,1809215,1810221,1810200,1006,1049,43,0,0,0
1810335,27e63df0-bfdc-0201-5c3b-6de78bf02cc4,1,1809318,1809335,1810335,1810480,1000,1017,17,0,0,0
1810391,1eb85a88-1073-387f-962b-bc3a462a5502,1,1799524,1799553,1810391,1809637,10838,10867,29,0,0,0
1810467,13128fe5-c747-45dd-cefb-8ff2dca39ed1,1,1809417,1809455,1810467,1810220,1012,1050,38,0,0,0
1810536,1c62fbc4-16d3-7c76-61ad-7fc535b183cd,1,1799570,1799613,1810536,1806672,10923,10966,43,0,0,0
1810578,96ca79b2-a808-5003-5255-8378ed53583b,1,1809541,1809575,1810578,1810778,1003,1037,34,0,0,0
1810570,d28bf973-0209-b07f-c8ff-0a1b1f8808ed,1,1809571,1809575,1810570,1810485,995,999,4,0,0,0
1810709,5bac2dda-705e-411f-390b-c451f2da5eeb,1,1809671,1809695,1810709,1810356,1014,1038,24,0,0,0
1810752,49cd12fc-8544-dc28-56fa-5b6f92a3ccd2,1,1799968,1799968,1810752,1809143,10784,10784,0,0,0,0
1810761,d3e9b14a-abd6-a9c5-13be-a87d9f9d339f,1,1809720,1809755,1810761,1810308,1006,1041,35,0,0,0
1810817,da975f81-e9a7-abf3-016e-2ff3b5bc09d8,1,1800137,1800137,1810817,1815525,10680,10680,0,0,0,0
1810943,1d58fa42-2881-e009-5f51-249ed4d68297,1,1800013,1800028,1810943,1806853,10915,10930,15,0,0,0
1810998,f2835e38-58e6-2f0b-ffa0-c61e5a8b288c,1,1800022,1800028,1810998,1808541,10970,10976,6,0,0,0
1811125,920d2cc1-5e4d-ec8a-bd95-6748e9c61ca0,1,1800314,1800314,1811125,1814187,10811,10811,0,0,0,0
1811222,422853ef-8422-0521-a99e-f6f0aec58667,1,1800497,1800497,1811222,1808803,10725,10725,0,0,0,0
1811366,4b33a88e-4f40-c7fd-e56b-1be9a4ada718,1,1810262,1810310,1811366,1810880,1056,1104,48,0,0,0
1811493,a5291777-8ff0-b740-6621-833559a1f1ab,1,1800619,1800677,1811493,1815093,10816,10874,58,0,0,0
1811536,e3edba74-3b56-8200-2174-fa3bedfd34fb,1,1800635,1800677,1811536,1810725,10859,10901,42,0,0,0
1811591,3786a606-0a6a-cdf1-ff9e-6767f6d745be,1,1800342,1800374,1811591,1812613,11217,11249,32,0,0,0
1811545,b31b76f3-7ca0-8673-af2d-799af9a1595d,1,1800570,1800617,1811545,1815535,10928,10975,47,0,0,0
1811609,f60cf0d4-def0-ef3a-f286-8019e85e74bd,1,1800721,1800737,1811609,1806395,10872,10888,16,0,0,0
1811648,46632f77-0d24-697f-d30c-bdf3f28af1b0,1,1800918,1800918,1811648,1810091,10730,10730,0,0,0,0
1811854,21640271-145c-935f-ad3a-76e09a5dfa23,1,1810763,1810790,1811854,1812077,1064,1091,27,0,0,0
1811906,1a9efcd5-65a6-5491-f934-e46e9777528e,1,1810796,1810850,1811906,1811346,1056,1110,54,0,0,0
1811920,8efcb828-894a-733c-498f-2b6a5ae2304d,1,1810800,1810850,1811920,1811618,1070,1120,50,0,0,0
1812014,b499f94f-a0d7-346b-c8b5-ad440e8d5cc7,1,1801182,1801192,1812014,1810074,10822,10832,10,0,0,0
1812209,7a4d349f-48ad-9106-7653-1d3235b3863e,1,1801410,1801432,1812209,1812835,10777,10799,22,0,0,0
1812249,8c6f36d7-a9c5-235f-1d59-1d58d64e1e61,1,1811181,1811183,1812249,1811823,1066,1068,2,0,0,0
1812438,2c8f15ee-4179-8ff7-38f4-02f84cf1779b,1,1801418,1801432,1812438,1813251,11006,11020,14,0,0,0
1812437,b9276d12-e5f4-95dc-ed84-619a9a3b4bdf,1,1801646,1801684,1812437,1817058,10753,10791,38,0,0,0
1812486,a9c5baf4-14fe-7842-1064-f897e713ca88,1,1811448,1811483,1812486,1812151,1003,1038,35,0,0,0
1812597,2a81092d-3666-c39b-0318-f557e8d79f0f,1,1811579,1811603,1812597,1812993,994,1018,24,0,0,0
1812675,e6a16894-e85f-af14-a727-93bd2a3c9368,1,1811606,1811663,1812675,1812621,1012,1069,57,0,0,0
1812707,b6f68f85-a365-f738-637c-0a4f31d6d314,1,1811664,1811723,1812707,1812840,984,1043,59,0,0,0
1812836,9e2e9e65-2891-6253-ef29-1efcf9c30f65,1,1802016,1802044,1812836,1812631,10792,10820,28,0,0,0
1812934,cf1e8678-e24c-83c4-c19d-f9f589befdfc,1,1802045,1802104,1812934,1814883,10830,10889,59,0,0,0
1813142,7ca78b97-1adb-431a-b2b0-5ccbabaa49db,1,1802297,1802344,1813142,1810722,10798,10845,47,0,0,0
1813231,28d29c08-e987-a8de-153a-2a303d23825d,1,1802382,1802404,1813231,1807714,10827,10849,22,0,0,0
1813259,549510f4-6dcf-d838-96f9-bd50aa7791f0,1,1812220,1812261,1813259,1813285,998,1039,41,0,0,0
1813333,16a51a01-83e4-9c59-bbae-6ac10e7a12f6,1,1802172,1802224,1813333,1817744,11109,11161,52,0,0,0
1813380,f0670e4c-3bf9-9938-49b6-05d1f1d3babf,1,1802432,1802464,1813380,1818412,10916,10948,32,0,0,0
1813404,3a46f479-2644-3ffe-e56f-107ab7864e27,1,1812384,1812410,1813404,1813393,994,1020,26,0,0,0
1813608,5ad87125-6746-c88d-d96c-59522ee433f6,1,1802664,1802674,1813608,1814348,10934,10944,10,0,0,0
1814023,4b6ea945-e498-2932-31b5-a8ec8cf6f208,1,1803119,1803176,1814023,1809109,10847,10904,57,0,0,0
1814072,9cf86246-823b-23a3-4c9f-2bacdc502be1,1,1813035,1813070,1814072,1814024,1002,1037,35,0,0,0
1814232,7a1400a5-aaaa-76a8-99e0-002997277498,1,1803341,1803356,1814232,1815325,10876,10891,15,0,0,0
1814300,dded1786-692a-d3b1-6c48-c9f89ec752db,1,1803473,1803476,1814300,1816427,10824,10827,3,0,0,0
1814387,5be5c390-6751-edaf-2d57-a40d0cb8edaa,1,1813328,1813382,1814387,1814604,1005,1059,54,0,0,0
1814624,2a179285-eb94-0e28-045f-b3a4ba963dfa,1,1813608,1813608,1814624,1814485,1016,1016,0,0,0,0
1814693,c5c9033c-f7eb-55f1-205b-332a7a900e4c,1,1803654,1803693,1814693,1819097,11000,11039,39,0,0,0
1814866,1bc9a406-db54-ddef-6e61-8a74c631bbc6,1,1803932,1803936,1814866,1816934,10930,10934,4,0,0,0
1814884,a48258b9-4948-79b4-ceb4-489319d60226,1,1803945,1803996,1814884,1819407,10888,10939,51,0,0,0
1814838,b19180e9-33ff-3589-85ff-e12b8e822794,1,1813829,1813829,1814838,1814876,1009,1009,0,0,0,0
1814893,339985dc-6838-8909-149b-1186e4d91015,1,1813871,1813889,1814893,1814891,1004,1022,18,0,0,0
1815005,8d65696d-a97c-da20-01cd-9765b6a5e2c3,1,1814006,1814009,1815005,1814673,996,999,3,0,0,0
1815102,3be11bd0-f15a-47d0-ef6e-14c7e79690b5,1,1804362,1804369,1815102,1815505,10733,10740,7,0,0,0
1815148,8311a336-0d76-53fe-55bf-103fa6ffaa62,1,1804368,1804369,1815148,1818906,10779,10780,1,0,0,0
1815142,cdf8a63d-28fb-d881-d582-84beb5237ebb,1,1814080,1814129,1815142,1814737,1013,1062,49,0,0,0
1815189,d37607ce-c9d3-0eb5-fb95-151d5fde91e4,1,1814172,1814189,1815189,1815414,1000,1017,17,0,0,0
1815210,9369b261-6d85-48ba-3382-d11fa1338845,1,1804482,1804500,1815210,1813988,10710,10728,18,0,0,0
1815258,2b334b8b-b5dd-ab60-8e82-c18189a246d9,1,1814207,1814249,1815258,1815365,1009,1051,42,0,0,0
1815306,46a77192-98d3-fe5f-cdc6-f1ac98b6880a,1,1814289,1814309,1815306,1815407,997,1017,20,0,0,0
1815383,cdee9017-b9a5-01ff-8fc5-afb707fb089a,1,1814253,1814309,1815383,1814865,1074,1130,56,0,0,0
1815427,a1e3ba31-1c94-2928-fbfd-6b8765a6db98,1,1814353,1814369,1815427,1815007,1058,1074,16,0,0,0
1815730,29a58895-115f-b80b-ee5e-05eaa6574b5a,1,1804934,1804934,1815730,1819066,10796,10796,0,0,0,0
1815724,bb2c5f20-2e3c-1199-780e-951c45706685,1,1814618,1814652,1815724,1815351,1072,1106,34,0,0,0
1815841,d8ed92f3-a2a3-7340-6c53-956cb0d35d18,1,1805087,1805087,1815841,1815375,10754,10754,0,0,0,0
1815918,124e508d-4966-6fc4-7d72-3799d6474f5c,1,1804934,1804934,1815918,1814398,10984,10984,0,0,0,0
1815965,5f970bf5-033f-2cfd-684d-2236c39cf377,1,1814835,1814892,1815965,1816061,1073,1130,57,0,0,0
1816180,6d6e4146-843a-4977-dbcd-c7c7f4ae4f48,1,1805122,1805147,1816180,1811740,11033,11058,25,0,0,0
1816159,95f7b777-843d-362b-1a95-6662139bdf4f,1,1805292,1805315,1816159,1817315,10844,10867,23,0,0,0
1816315,06fa3864-62f9-b1f6-4693-195461c18964,1,1805319,1805375,1816315,1821091,10940,10996,56,0,0,0
1816385,2d8d3852-7cb5-97cd-db7c-0f5236f4cf0f,1,1815347,1815372,1816385,1816505,1013,1038,25,0,0,0
1816618,70eeb7e3-249a-7b76-1c48-b945f589bbe3,1,1805647,1805659,1816618,1813075,10959,10971,12,0,0,0
1816664,65a2f27b-2b8d-ce57-43fa-c7edceda3ad1,1,1805850,1805850,1816664,1813419,10814,10814,0,0,0,0
1816699,9f649366-0679-9769-43db-6e3485a4a550,1,1805938,1805970,1816699,1820339,10729,10761,32,0,0,0
1816836,8ca00d57-ca69-1112-dd29-dfd4ca332c85,1,1805852,1805910,1816836,1817968,10926,10984,58,0,0,0
1817114,16573e58-3fab-d625-489c-e0784479fe28,1,1806301,1806335,1817114,1815475,10779,10813,34,0,0,0
1817139,ff0c7c0b-b250-e3b6-ee81-aa8217f58743,1,1816076,1816134,1817139,1817382,1005,1063,58,0,0,0
1817306,25596d6b-feef-da1d-af22-f2faac874a59,1,1806526,1806575,1817306,1814443,10731,10780,49,0,0,0
1817439,6dd7a130-78ee-2f94-37fc-b2611ee021c6,1,1816411,1816435,1817439,1817492,1004,1028,24,0,0,0
1817505,2e0fc6b3-a9f0-f6f2-10e7-22b1884c6d26,1,1806642,1806695,1817505,1814603,10810,10863,53,0,0,0
1817566,e10450b7-63cf-2406-d385-fa0af1aaa228,1,1806713,1806755,1817566,1821914,10811,10853,42,0,0,0
1817595,6cf6fbe8-3206-4d6e-29f8-8f8a127fe7aa,1,1806858,1806875,1817595,1818982,10720,10737,17,0,0,0
1817680,d591bf3e-6931-59c6-9fcd-9c7f32c836ee,1,1816666,1816675,1817680,1817954,1005,1014,9,0,0,0
1817928,59358c39-2b03-2d34-8f91-7aacf020592e,1,1807167,1807211,1817928,1813223,10717,10761,44,0,0,0
1818015,63465a0c-9c50-2e87-7d2b-6167cca6fbad,1,1807300,1807331,1818015,1816998,10684,10715,31,0,0,0
1818228,3b02d6bc-3f38-6c5c-1634-cfd5a635d9e7,1,1807389,1807391,1818228,1818010,10837,10839,2,0,0,0
1818300,90dd9b6d-ccbe-559f-8b81-ba955c01243f,1,1807455,1807511,1818300,1818150,10789,10845,56,0,0,0
1818319,3d6e1cc5-4eec-d004-1b57-fa34c98808d6,1,1817295,1817295,1818319,1818611,1024,1024,0,0,0,0
1818476,8da62b23-f2e9-1bc6-a036-31adde4c0dac,1,1817430,1817475,1818476,1818009,1001,1046,45,0,0,0
1818552,cfcdb5ad-3d76-c0bc-2e52-3a85f0366c0c,1,1807795,1807811,1818552,1820302,10741,10757,16,0,0,0
1818559,9e28601e-ea0d-3de3-7b41-cbc64aa8477a,1,1807742,1807751,1818559,1821567,10808,10817,9,0,0,0
1818678,2d190dc8-1276-ac7d-b11a-6b44c8580428,1,1807908,1807931,1818678,1821416,10747,10770,23,0,0,0
1818831,856cd061-8ff9-a43e-1f64-38a58b85a38e,1,1817783,1817835,1818831,1818753,996,1048,52,0,0,0
1818863,73b58290-b792-b242-6c94-417ea21d412f,1,1808038,1808051,1818863,1815563,10812,10825,13,0,0,0
1818892,97a3be2b-f57d-fa8c-12b2-2d507b2c9943,1,1817867,1817895,1818892,1819008,997,1025,28,0,0,0
1818936,241e7855-587d-5c08-0f84-244a72e5ac50,1,1808089,1808111,1818936,1820468,10825,10847,22,0,0,0
1818952,ea2df78b-2ff4-98cd-04ba-d7ba9e146912,1,1808337,1808351,1818952,1821893,10601,10615,14,0,0,0
1819099,78c4abfb-676a-10d5-ff1d-a70c36fd1ea9,1,1818086,1818086,1819099,1819080,1013,1013,0,0,0,0
1819185,abab1341-0b52-a621-8c45-7fac213ce169,1,1818189,1818189,1819185,1819168,996,996,0,0,0,0
1819489,b0a034aa-fc38-c950-c7c9-2f54a51d61bc,1,1818385,1818429,1819489,1819642,1060,1104,44,0,0,0
1819497,99a8e218-a85f-db39-10fe-889224236328,1,1818390,1818429,1819497,1818933,1068,1107,39,0,0,0
1819610,1e6e214b-e566-8c8e-5333-f19ed6cb960a,2,1818709,1818738,1819610,1819418,872,901,29,0,0,0
1819615,4533742a-cf73-1584-b7dd-accf97f494b5,2,1818714,1818738,1819615,1819333,877,901,24,0,0,0
1819631,6b6e4373-932c-88fd-a00b-e35cde04b62f,2,1818710,1818738,1819631,1819664,893,921,28,0,0,0
1819676,a536deec-0a23-a8b9-dffa-3da8e7773cb4,1,1818588,1818612,1819676,1819937,1064,1088,24,0,0,0
1819688,30deb85f-2cb8-7abc-5af4-859ae42bf894,2,1818744,1818798,1819688,1819752,890,944,54,0,0,0
1819734,a8e372d6-e2e7-eaa3-aabb-0de993666707,2,1818822,1818858,1819734,1819658,876,912,36,0,0,0
1819683,c862e3bc-e0e2-d96e-141e-43874aeca4d5,1,1808807,1808855,1819683,1816041,10828,10876,48,0,0,0
1819756,39ba7f63-24c5-711b-7eb0-cc132a9a6c2d,2,1818817,1818858,1819756,1819381,898,939,41,0,0,0
1819746,d0219bdf-c557-3873-35a3-dd256525645e,2,1818831,1818858,1819746,1819351,888,915,27,0,0,0
1819743,4bf093e0-0748-7bc3-4f6f-8b3171a2ae61,2,1818831,1818858,1819743,1819350,885,912,27,0,0,0
1819794,cc7dead9-7c5a-ab36-61c3-9c134ff0362f,2,1818871,1818918,1819794,1819599,876,923,47,0,0,0
1819799,199cdb59-6029-4fe4-8bdb-348fd33498cc,2,1818859,1818918,1819799,1819545,881,940,59,0,0,0
1819899,ef0133f9-fe93-2084-c691-0d97660f97c4,1,1818807,1818858,1819899,1819460,1041,1092,51,0,0,0
1819921,2dbdb4c6-e324-b1bd-a1b5-c2100da8e306,1,1808885,1808915,1819921,1820769,11006,11036,30,0,0,0
1819975,b19b79ac-da1d-9afe-5232-d8b8e0056459,1,1818896,1818918,1819975,1819481,1057,1079,22,0,0,0
1820003,b0867987-631a-4327-f1fb-6b7754bfd243,1,1809000,1809035,1820003,1819792,10968,11003,35,0,0,0
1819996,def79db5-6e7c-15cb-d1f1-d68cec3a2237,1,1809147,1809155,1819996,1824552,10841,10849,8,0,0,0
1820091,d2715d33-7b54-b3c1-0dbf-81bd3ad2fe78,1,1819012,1819038,1820091,1820482,1053,1079,26,0,0,0
1820090,c57cea70-dc0b-9d0a-848d-df0f7e0a0d48,1,1819023,1819038,1820090,1819522,1052,1067,15,0,0,0
1820117,2817ad77-1b83-4da9-464c-fc072f8e6eda,1,1809217,1809275,1820117,1822480,10842,10900,58,0,0,0
1820116,137de048-f8ce-ea46-bb67-3f53c5e2e469,1,1809322,1809335,1820116,1824576,10781,10794,13,0,0,0
1820285,ee86998f-679c-111d-18b6-d8c2e6121a25,1,1819255,1819278,1820285,1820257,1007,1030,23,0,0,0
1820323,f8c72774-428a-6ff2-fe09-95e02a4a23a1,1,1809459,1809515,1820323,1820395,10808,10864,56,0,0,0
1820332,2461e60a-63a9-58cb-4468-649b4f06c513,1,1809578,1809635,1820332,1818642,10697,10754,57,0,0,0
1820374,4795d660-6422-485d-b02a-4c30e0313ba5,1,1819376,1819376,1820374,1820600,998,998,0,0,0,0
1820651,9136ab79-9bf8-c59a-72c3-6a7e76294ff8,1,1809567,1809575,1820651,1821396,11076,11084,8,0,0,0
1820735,b462a90d-95c4-041f-b372-2a0e17731601,1,1819718,1819736,1820735,1821168,999,1017,18,0,0,0
1820824,f96e319f-5fab-48df-5826-525c7dd7db91,1,1810036,1810055,1820824,1821081,10769,10788,19,0,0,0
1821042,829c6d0a-2d66-152e-cfcd-2ece3c804122,1,1819983,1820036,1821042,1820734,1006,1059,53,0,0,0
1821032,ef4531dc-ac9b-1b56-1487-18a0d755db73,1,1819997,1820036,1821032,1820985,996,1035,39,0,0,0
1821107,4cca8c6d-526a-93ec-edad-8aa2d0005fd0,1,1820040,1820096,1821107,1821135,1011,1067,56,0,0,0
1821128,08306541-f760-9880-241a-dd896b366b20,1,1810263,1810310,1821128,1818416,10818,10865,47,0,0,0
1821351,151bfc7e-f24b-3fd5-2d1a-133c13a2c16e,1,1820324,1820345,1821351,1821549,1006,1027,21,0,0,0
1821414,50356c05-fec8-aaab-17de-d43c8f629a1a,1,1820366,1820405,1821414,1821538,1009,1048,39,0,0,0
1821593,56db94f3-bcd5-36e9-5784-c2fdcb7b03e9,1,1810643,1810670,1821593,1818997,10923,10950,27,0,0,0
1821554,c2fba784-4e9a-4061-3415-5cc0893647e6,1,1820523,1820523,1821554,1821675,1031,1031,0,0,0,0
1821645,481e9b30-3ce4-6a91-260b-a739149a4444,1,1820636,1820636,1821645,1821403,1009,1009,0,0,0,0
1821879,3b256850-bd60-3ed4-bc9e-223730515e52,1,1820838,1820876,1821879,1821691,1003,1041,38,0,0,0
1821945,82ba9ea6-42cb-006c-53f2-6ca3f566e9e9,1,1820943,1820943,1821945,1822333,1002,1002,0,0,0,0
1822009,62810c02-33ea-c0db-b697-4d1bc09585d6,1,1820950,1821003,1822009,1821623,1006,1059,53,0,0,0
1822007,345d9ab5-c139-3404-7d9a-c43180078fdf,1,1820993,1821003,1822007,1821683,1004,1014,10,0,0,0
1822073,e0153046-d109-6d1f-7af5-da530ef01e6c,1,1821031,1821063,1822073,1821807,1010,1042,32,0,0,0
1822121,5d0c5ce6-5d3c-252c-b08c-292b52c2c863,1,1811209,1811243,1822121,1825127,10878,10912,34,0,0,0
1822137,2dc22505-222d-4b49-53ee-66bab29cb58e,1,1821082,1821123,1822137,1822479,1014,1055,41,0,0,0
1822143,d5ec5cd5-5be1-ab73-35cf-7816d7eba9c1,1,1821117,1821123,1822143,1822570,1020,1026,6,0,0,0
1822194,7e8bdab5-bd7a-ff93-37bc-fcdfbea45a9b,1,1821176,1821183,1822194,1821896,1011,1018,7,0,0,0
1822245,37cc56c1-bbda-3804-5c00-0c6d5af11a3b,1,1821193,1821243,1822245,1821749,1002,1052,50,0,0,0
1822358,4619f355-d90d-b002-a11c-4a2b82bf0a5e,1,1815011,1815012,1822358,1822960,7346,7347,1,0,0,0
1822464,cbef0230-dd78-d426-eb41-b84e900025b0,1,1811686,1811723,1822464,1822605,10741,10778,37,0,0,0
1822479,0fe21064-f94a-5290-6fb2-5b78c9627d7c,1,1811765,1811783,1822479,1821001,10696,10714,18,0,0,0
1822589,daeccd67-324c-c519-b144-38034968db32,1,1811395,1811423,1822589,1825712,11166,11194,28,0,0,0
1822616,da908e59-51a0-8ea7-db56-d99d1d83f1e4,1,1821568,1821603,1822616,1823067,1013,1048,35,0,0,0
1822779,c9f84ad2-0f65-45bd-8384-edb5a8d07921,1,1821761,1821783,1822779,1822409,996,1018,22,0,0,0
1823049,626eb2a0-b1d9-a7eb-6889-d8b5bc9ac13b,1,1812141,1812141,1823049,1824981,10908,10908,0,0,0,0
1823238,77fd7a78-6593-53c4-485c-89eba50f1cf5,1,1812215,1812261,1823238,1819060,10977,11023,46,0,0,0
1823504,5c703fdf-43be-f577-0775-6467d89da95b,1,1822450,1822450,1823504,1822971,1054,1054,0,0,0,0
1823635,ed06ced5-cd05-1c2d-9b4a-21c3b192d170,1,1822513,1822570,1823635,1823621,1065,1122,57,0,0,0
1823736,0ed89b3f-dd2d-3232-a61b-e0160f5f2728,1,1812866,1812890,1823736,1821159,10846,10870,24,0,0,0
1823750,86679e55-1236-3afb-ca5b-1a0a1111d64e,1,1822649,1822690,1823750,1823899,1060,1101,41,0,0,0
1823749,70718530-0c06-47c9-c02e-57a8bf9ad280,1,1822649,1822690,1823749,1823721,1059,1100,41,0,0,0
1823762,c3d834f6-df9c-b843-3d3f-8d547731f5b8,1,1822678,1822690,1823762,1823235,1072,1084,12,0,0,0
1823856,c09b266e-b715-d4cf-1cbf-ccf0e8f4557e,1,1812864,1812890,1823856,1827619,10966,10992,26,0,0,0
1823831,761cd5da-516b-8815-4b1a-81f452ac3c4d,1,1812998,1813010,1823831,1818512,10821,10833,12,0,0,0
1823889,d9474341-935a-ed74-c052-0965fbf13906,1,1813040,1813070,1823889,1820514,10819,10849,30,0,0,0
1824101,ee4b725d-7e65-0a62-0b1a-2fd118ccf282,1,1813191,1813202,1824101,1829080,10899,10910,11,0,0,0
1824298,8c7e0e62-2cb2-33fb-dd53-ce885d1375fa,1,1813313,1813322,1824298,1828627,10976,10985,9,0,0,0
1824293,672e7c97-1da9-8e6b-27e5-de7ff9cfeef7,1,1813334,1813382,1824293,1819454,10911,10959,48,0,0,0
1824515,854775d8-dd4f-c25c-85ba-752dbc910d84,1,1823498,1823519,1824515,1824711,996,1017,21,0,0,0
1824698,e44e704b-32df-8c13-2411-ade816958f3d,1,1823677,1823695,1824698,1824981,1003,1021,18,0,0,0
1824755,4dc84796-162f-1473-9425-a25ceb772bd5,1,1823700,1823755,1824755,1824688,1000,1055,55,0,0,0
1824817,4737ed20-2889-76a5-d4a5-176536ef8c44,1,1823800,1823815,1824817,1824545,1002,1017,15,0,0,0
1824864,30e44cb8-6407-6bd6-b08d-9e12c007c979,1,1823872,1823875,1824864,1824866,989,992,3,0,0,0
1825076,eadc585b-fe43-fa6a-c65c-e8866c7799e4,1,1824026,1824071,1825076,1825138,1005,1050,45,0,0,0
1825100,8a597a67-788c-2fdb-b3f1-f770d9824c38,1,1824046,1824071,1825100,1824923,1029,1054,25,0,0,0
1825162,7bae0ac4-76f2-fbe1-4ddd-cc4f0dec0e1c,1,1814369,1814369,1825162,1826758,10793,10793,0,0,0,0
1825279,7292116b-3ca1-d72d-0a70-6181b8e60c1e,1,1814384,1814429,1825279,1824730,10850,10895,45,0,0,0
1825350,85641286-4e61-125e-0a31-cbfa05f0b34b,1,1814608,1814652,1825350,1828997,10698,10742,44,0,0,0
1825428,19e9f9fb-bd7a-7624-2db8-b62265b08038,1,1824376,1824397,1825428,1825138,1031,1052,21,0,0,0
1825467,d29c5edb-7793-a432-f896-1785abae73bd,1,1814579,1814592,1825467,1824790,10875,10888,13,0,0,0
1825473,41c1e536-47ff-2895-217b-60cf976b7fa7,1,1824443,1824457,1825473,1825305,1016,1030,14,0,0,0
1825462,8d3e1005-e056-6fff-67cc-0ee4dab7fdcc,1,1824452,1824457,1825462,1825789,1005,1010,5,0,0,0
1825529,16e21c4c-2245-80a1-784c-a10c67ebb302,1,1824492,1824517,1825529,1825717,1012,1037,25,0,0,0
1825624,99a0afd8-0771-e287-9050-20dc7e6653b5,1,1824612,1824637,1825624,1825455,987,1012,25,0,0,0
1825803,d6637075-208a-379f-5f51-63c8c71a69ce,1,1815009,1815012,1825803,1821267,10791,10794,3,0,0,0
1826151,a3825741-83a5-1c01-81c0-17f12fb72d0c,1,1825118,1825156,1826151,1826220,995,1033,38,0,0,0
1826278,3f45b0df-8532-70b4-041f-728c66699735,1,1825276,1825276,1826278,1826703,1002,1002,0,0,0,0
1826330,cac06ea4-2fb6-695f-3802-363e707439f1,1,1815534,1815552,1826330,1825696,10778,10796,18,0,0,0
1826448,ae6a925f-eb1b-69fa-9c45-31c5e87b6948,1,1815615,1815672,1826448,1827796,10776,10833,57,0,0,0
1826747,73a7f879-9773-8dd4-aef4-173096cfd90f,1,1816074,1816074,1826747,1829867,10673,10673,0,0,0,0
1826831,3db673e5-c2dc-985c-a688-800f38b7aa21,1,1815823,1815823,1826831,1825944,11008,11008,0,0,0,0
1826875,7a0bb304-9a94-3861-0532-3507fd077e0f,1,1825864,1825864,1826875,1827021,1011,1011,0,0,0,0
1826944,196da162-e639-9b35-b62e-9682310c7e7e,1,1816115,1816134,1826944,1827401,10810,10829,19,0,0,0
1826986,7b6d1f90-082e-7191-05f9-579e034a0740,1,1825962,1825984,1826986,1827200,1002,1024,22,0,0,0
1826984,c1a87e28-4c75-353b-ad61-8c33254dc4f1,1,1825982,1825984,1826984,1826518,1000,1002,2,0,0,0
1827028,8e2d50fb-c9ad-5ded-b6f4-64ecf6c6eeb2,1,1816134,1816134,1827028,1824351,10894,10894,0,0,0,0
1827113,62aff41d-a4a7-696c-ca85-b6e042d7c266,1,1826092,1826092,1827113,1827504,1021,1021,0,0,0,0
1827394,077ef8fe-78c7-c652-c5c2-9f4cafb75410,1,1826398,1826398,1827394,1827250,996,996,0,0,0,0
1827458,c204ca38-2a82-e197-48ef-a84610cb51c6,1,1826424,1826458,1827458,1827115,1000,1034,34,0,0,0
1827528,9a6cb085-08e1-4a8d-cf7a-7165831c2dac,1,1826529,1826529,1827528,1827955,999,999,0,0,0,0
1827629,2ca06dbb-8ee1-b7a6-da66-b7b11e27fdde,1,1816889,1816896,1827629,1827766,10733,10740,7,0,0,0
1827700,b661fecc-9cc8-879d-9409-432fa2fc04f8,1,1826631,1826649,1827700,1827631,1051,1069,18,0,0,0
1827970,90faa53c-8c96-094e-bb65-18436a30d480,1,1826886,1826891,1827970,1827934,1079,1084,5,0,0,0
1828131,f790084a-9c39-5b68-e533-46fe663dd37b,1,1827061,1827071,1828131,1828121,1060,1070,10,0,0,0
1828187,18b9335b-4c2b-780a-19ea-2e275e692ecc,1,1827123,1827131,1828187,1827817,1056,1064,8,0,0,0
1828245,307404df-bd72-678d-f243-9887d6f4ab87,1,1827158,1827191,1828245,1827926,1054,1087,33,0,0,0
1828282,7618a8e8-ee07-5686-734f-0188877527c0,1,1817468,1817475,1828282,1830616,10807,10814,7,0,0,0
1828264,0878c36b-625b-3804-696a-44a886db0f10,1,1827138,1827191,1828264,1828466,1073,1126,53,0,0,0
1828317,455a7cdb-a1df-a4c9-0c12-9f097e55c073,1,1817403,1817415,1828317,1825752,10902,10914,12,0,0,0
1828667,9f24c89b-ddae-6a33-f561-54184a548d12,1,1817933,1817955,1828667,1829784,10712,10734,22,0,0,0
1828737,420c4d50-71e5-0258-90d5-50d1b14a663d,1,1817704,1817715,1828737,1823494,11022,11033,11,0,0,0
1829042,bef2c2e9-6e32-cc6d-b559-bc7043042918,1,1818214,1818249,1829042,1824649,10793,10828,35,0,0,0
1829932,a0324b57-116a-127c-aacd-09c658d1c7ac,1,1819220,1819278,1829932,1829128,10654,10712,58,0,0,0
1831128,995bad11-e365-ab2c-af80-0a845bae64a3,1,1820367,1820405,1831128,1827336,10723,10761,38,0,0,0
1831372,73ff8f60-aa16-53da-85f5-6a77e45d8aac,1,1820647,1820696,1831372,1835681,10676,10725,49,0,0,0
1831593,2057fc5d-ddbf-5327-b04c-706c80ca131f,1,1820812,1820816,1831593,1829762,10777,10781,4,0,0,0
1831918,c8197cac-9656-ea76-c2ad-4f7be36585bf,1,1821218,1821243,1831918,1832731,10675,10700,25,0,0,0
1832149,ead2d29a-f633-f59d-029d-ca45b084435c,1,1821338,1821363,1832149,1834233,10786,10811,25,0,0,0
1832358,ae94a741-1e17-400a-1fd6-0a718e291488,1,1821468,1821483,1832358,1835535,10875,10890,15,0,0,0
1832370,8d87ff37-9160-5995-50aa-855fd691176e,1,1821537,1821543,1832370,1831075,10827,10833,6,0,0,0
1834524,9423482e-0b55-6913-8375-70348e602083,1,1823704,1823755,1834524,1830873,10769,10820,51,0,0,0
1834766,a3b9591d-3755-2a80-b56b-1afe35320401,1,1823851,1823875,1834766,1836670,10891,10915,24,0,0,0
1835109,86451bd4-e2db-0af3-bd04-bd9af069a543,1,1824247,1824277,1835109,1832694,10832,10862,30,0,0,0
1835354,92013211-cbf9-4e47-5152-6970daea5381,1,1824354,1824397,1835354,1836840,10957,11000,43,0,0,0
1835435,6dd51a22-11ff-ce93-efdc-b45195973c89,1,1824583,1824637,1835435,1833189,10798,10852,54,0,0,0
1835617,1c4ce594-2e66-2c1b-4f90-0ff56f0ebf80,1,1824846,1824877,1835617,1837125,10740,10771,31,0,0,0
1836196,c54010ea-4292-9163-c814-7819825f5cb7,1,1825321,1825336,1836196,1834351,10860,10875,15,0,0,0
1836294,30800021-1c53-7ff3-b0a0-bf908c5f31dd,1,1825576,1825576,1836294,1831125,10718,10718,0,0,0,0
1836647,8ef9f64b-374b-4530-4e95-9661bad32bcc,1,1825865,1825924,1836647,1839031,10723,10782,59,0,0,0
1836715,193d99e7-3fd8-dbc1-1f09-17759151fe68,1,1825956,1825984,1836715,1836772,10731,10759,28,0,0,0
1837718,707e1ce9-b1cb-09dc-9b8a-db8311f2a2df,1,1826874,1826891,1837718,1841629,10827,10844,17,0,0,0
1837724,3edd9d89-43ef-b706-0b0a-85bb0ef1591d,1,1826967,1827011,1837724,1837291,10713,10757,44,0,0,0
1837780,5200bc12-b519-7a15-0eca-885079671286,8,1777423,1777436,1837780,1844576,60344,60357,13,0,0,0
1841424,fc0b97e9-2c42-735a-afa5-97304cd7b45f,1,1836635,1836688,1841424,1840341,4736,4789,53,0,0,0
1845611,f7f29986-092f-9512-5ba0-e50a7f78dd6a,1,1824333,1824337,1845611,1843200,21274,21278,4,0,0,0
1845906,9fd80d62-b21f-1000-4a34-fda58697cfa0,1,1836634,1836688,1845906,1841337,9218,9272,54,0,0,0
1845959,44a3bd3f-aadc-7a68-84f9-15cb5f875513,1,1836629,1836688,1845959,1842829,9271,9330,59,0,0,0
1845987,4496946b-2360-3179-4250-bfc14e128342,1,1836629,1836688,1845987,1842863,9299,9358,59,0,0,0
1845992,b6ff9f37-e133-e9e8-3b78-35067d785031,1,1836629,1836688,1845992,1843610,9304,9363,59,0,0,0
1846018,1bab4130-0b6a-3955-bf02-7b839b3aae1b,1,1836629,1836688,1846018,1841529,9330,9389,59,0,0,0
1846010,4bd23416-f7fb-2463-1815-5afaf9a8cccc,1,1836630,1836688,1846010,1841634,9322,9380,58,0,0,0
1846016,932e05ea-91cd-9b77-a79f-5545aae29e1f,1,1836635,1836688,1846016,1848508,9328,9381,53,0,0,0
1846057,9c694a79-8a3d-54b6-ebc7-021aac472c44,1,1836628,1836628,1846057,1843644,9429,9429,0,0,0,0
1846082,f3a60fd2-e812-2732-7e12-ff9bac4bb92f,1,1836629,1836688,1846082,1850163,9394,9453,59,0,0,0
1846053,55c1216e-463e-900c-c583-c8be300f2907,1,1836629,1836688,1846053,1842335,9365,9424,59,0,0,0
1846069,0bc44b11-e45a-c5af-3219-f9f136049263,1,1836633,1836688,1846069,1844429,9381,9436,55,0,0,0
1846081,74d54610-ae4b-3031-1dd7-2830d3eb39bb,1,1836634,1836688,1846081,1846323,9393,9447,54,0,0,0
1846091,3ec41a40-705e-09ca-382c-4a06d4ac17e4,1,1836629,1836688,1846091,1843159,9403,9462,59,0,0,0
1846098,1437ef49-c206-65e1-4dc7-cb060472dba6,1,1836633,1836688,1846098,1844765,9410,9465,55,0,0,0
1846109,d8ad9dce-f9fa-3ffe-05a4-368e7fe40fca,1,1836633,1836688,1846109,1843077,9421,9476,55,0,0,0
1846087,9d72a141-4acb-8a9a-0f3b-42257f080c92,1,1836635,1836688,1846087,1848499,9399,9452,53,0,0,0
1846183,ca6e539d-f6b6-1724-b647-998e453681d9,1,1836635,1836688,1846183,1844287,9495,9548,53,0,0,0
1846229,61216ff6-1e95-3031-3df4-70fbb87e2cdd,1,1836635,1836688,1846229,1844727,9541,9594,53,0,0,0
1846269,763871bb-d5ed-d777-0c08-c86d196736c6,1,1836629,1836688,1846269,1845770,9581,9640,59,0,0,0
1847163,599fda98-41e6-88dc-e291-c247c395c9a1,1,1794052,1794073,1847163,1855917,53090,53111,21,0,0,0
1847309,4df55341-e3d2-e942-ddc6-47508b72b68e,1,1794049,1794073,1847309,1825432,53236,53260,24,0,0,0
1847316,7758a1ca-e02f-bf81-fba4-854dc7fc68aa,1,1794051,1794073,1847316,1857854,53243,53265,22,0,0,0
1872469,11cabff4-e48e-bcdd-9491-b1edb443bec6,1,1871397,1871454,1872469,1872105,1015,1072,57,0,0,0
1872489,ec297d65-d915-157f-779b-e6b88ca8c99c,1,1871415,1871454,1872489,1872953,1035,1074,39,0,0,0
1872472,34e46f07-380c-b52f-e294-5c5936981525,1,1871419,1871454,1872472,1872247,1018,1053,35,0,0,0
1872496,b3b45a32-87f6-4395-dbc7-d2366f8133b1,1,1871422,1871454,1872496,1872336,1042,1074,32,0,0,0
1872512,88309d62-b0ed-40ce-f521-cbe94cb5d8e3,1,1871476,1871514,1872512,1872024,998,1036,38,0,0,0
1872525,7039ac7c-80b7-43d9-bbe6-90b91268a148,1,1871461,1871514,1872525,1872339,1011,1064,53,0,0,0
1872534,54a1f581-7f98-c22b-f929-b8887ef381a3,1,1871466,1871514,1872534,1872197,1020,1068,48,0,0,0
1872517,529b91f9-2c33-39eb-2a40-8161b5d712c4,1,1871473,1871514,1872517,1872041,1003,1044,41,0,0,0
1872527,d2055359-a58e-a332-d023-9d57fff8abee,1,1871477,1871514,1872527,1872487,1013,1050,37,0,0,0
1872523,9fc2810b-1d4d-344d-68e8-c27e77ab931a,1,1871504,1871514,1872523,1872336,1009,1019,10,0,0,0
1872557,b534c27f-d9cd-8814-2cf2-47e0dd50e974,1,1871513,1871514,1872557,1873057,1043,1044,1,0,0,0
1872586,94dd807f-e3ca-268a-db47-0eb359565a27,1,1871522,1871574,1872586,1872396,1012,1064,52,0,0,0
1872596,4d014aad-a2bb-555b-4ffa-c6a9e306a0b1,1,1871529,1871574,1872596,1872217,1022,1067,45,0,0,0
1872604,24c5e308-f950-80e4-f90e-967064380449,1,1871532,1871574,1872604,1872587,1030,1072,42,0,0,0
1872622,ceefe793-47a7-b207-8037-c3bdd9392e09,1,1871536,1871574,1872622,1872523,1048,1086,38,0,0,0
1872613,d476457b-c085-0534-02f2-67c9d3106bae,1,1871536,1871574,1872613,1872736,1039,1077,38,0,0,0
1872605,bbc9ed6f-c2b3-091c-1583-fab339855011,1,1871549,1871574,1872605,1872770,1031,1056,25,0,0,0
1872613,e056511f-2793-7c3f-0916-c7d14c94e99b,1,1871550,1871574,1872613,1872299,1039,1063,24,0,0,0
1872599,39945107-8b3f-398a-617c-d8673ea08bbb,1,1871559,1871574,1872599,1872080,1025,1040,15,0,0,0
1872591,68cb1472-6631-19f0-6b0a-d67fbf5c8bbc,1,1871568,1871574,1872591,1873015,1017,1023,6,0,0,0
1872600,0e5559a8-1b3c-1591-340e-b60863d9e205,1,1871569,1871574,1872600,1872976,1026,1031,5,0,0,0
1872602,e29a40db-f3e0-0569-b477-ce4b27a512db,1,1871572,1871574,1872602,1873085,1028,1030,2,0,0,0
1872599,e3c92605-20aa-25d8-3e08-4e456603035a,1,1871574,1871574,1872599,1873001,1025,1025,0,0,0,0
1872657,b63037d1-bd11-9175-d7ea-6028e56cf0f7,1,1871584,1871634,1872657,1872558,1023,1073,50,0,0,0
1872665,86d7bae2-aabd-38c4-4aae-c99480faadbf,1,1871599,1871634,1872665,1873055,1031,1066,35,0,0,0
1872640,9f9e4579-3b0d-33e1-6d7c-26c5d3e666eb,1,1871608,1871634,1872640,1872848,1006,1032,26,0,0,0
1872682,db3f94af-636c-e195-cb82-7cb5a1232bc8,1,1871611,1871634,1872682,1872408,1048,1071,23,0,0,0
1872656,aa97899d-0b49-e375-e13f-0a1be681b071,1,1871619,1871634,1872656,1872763,1022,1037,15,0,0,0
1872648,f92cc0e6-8663-6c8f-6ae4-641aa16de5b9,1,1871627,1871634,1872648,1872324,1014,1021,7,0,0,0
1872724,e2706aa7-455a-16c6-bb7a-744f2b1987f7,1,1871636,1871694,1872724,1872316,1030,1088,58,0,0,0
1872700,676148be-6d13-84fe-6302-42e93f922d40,1,1871637,1871694,1872700,1872174,1006,1063,57,0,0,0
1872718,0fbf4890-7a45-b955-bc0f-9e4668d4f295,1,1871652,1871694,1872718,1872770,1024,1066,42,0,0,0
1872719,429dd74d-e13d-6324-d5a1-50582eb09c5c,1,1871659,1871694,1872719,1873070,1025,1060,35,0,0,0
1872738,aba31526-fda4-6747-2ab0-4032ab5b9480,1,1871661,1871694,1872738,1872590,1044,1077,33,0,0,0
1872721,1eda3c66-c200-bb60-d589-985c09582cee,1,1871668,1871694,1872721,1872708,1027,1053,26,0,0,0
1872712,ad28ddcf-9ddb-99b0-72c7-04154b4e170e,1,1871668,1871694,1872712,1872735,1018,1044,26,0,0,0
1872706,c6db1d77-a1b7-2d0a-b612-3aeb64f04f7d,1,1871677,1871694,1872706,1872377,1012,1029,17,0,0,0
1872734,ae1e68e4-bf1d-767a-e6c3-0d203c527a80,1,1871678,1871694,1872734,1872409,1040,1056,16,0,0,0
1872726,b350fe40-63ae-9d8b-527a-3a82ff4fd05e,1,1871681,1871694,1872726,1873184,1032,1045,13,0,0,0
1872715,7fa6dc74-8a86-90b8-9dcf-3a7ec56a6bc4,1,1871691,1871694,1872715,1872214,1021,1024,3,0,0,0
1872717,d03d8cf7-6202-d24f-e2e9-b61319eef2ee,1,1871694,1871694,1872717,1872328,1023,1023,0,0,0,0
1872859,1213b82f-c081-f1f9-acda-a21685b7c866,1,1871706,1871754,1872859,1872915,1105,1153,48,0,0,0
1872833,9283c0a8-80c4-8aa6-b48b-014aa5d97930,1,1871718,1871754,1872833,1873100,1079,1115,36,0,0,0
1872841,22ff7e6b-9409-8be5-7e41-52799079f433,1,1871718,1871754,1872841,1872614,1087,1123,36,0,0,0
1872845,66e286f4-8757-2d9c-ce69-b53ab1449d12,1,1871732,1871754,1872845,1872427,1091,1113,22,0,0,0
1872880,e9ad6453-a639-53e2-9c44-588f6659d2e2,1,1871785,1871814,1872880,1872985,1066,1095,29,0,0,0
1872877,e90b16cd-c150-3dd9-44f7-6f5309249e1e,1,1871804,1871814,1872877,1873069,1063,1073,10,0,0,0
1872965,935552c7-e40d-abc7-775c-88295fb5634f,1,1871841,1871874,1872965,1872380,1091,1124,33,0,0,0
1872941,affbaa8d-ebb0-9d20-5471-86ded2fd54b6,1,1871842,1871874,1872941,1872504,1067,1099,32,0,0,0
1872948,884eac25-22f9-a0c8-5c52-aa836a0134f7,1,1871845,1871874,1872948,1873100,1074,1103,29,0,0,0
1873020,fab8f016-c47c-3053-2e35-d484eb9bab86,1,1871875,1871934,1873020,1873291,1086,1145,59,0,0,0
1873005,26e96c5c-9a31-9f6f-201c-474e6e083a52,1,1871891,1871934,1873005,1872408,1071,1114,43,0,0,0
1873013,ea1e3f90-9795-10e0-bf88-4d12fdf89a3d,1,1871892,1871934,1873013,1872595,1079,1121,42,0,0,0
1873014,b9f0b2e7-80a5-e3ef-a81c-2c6d94a9eb1e,1,1871910,1871934,1873014,1872483,1080,1104,24,0,0,0
1873046,6d1c468e-6691-cb08-0125-5ccf8b2113c1,1,1871965,1871994,1873046,1873166,1052,1081,29,0,0,0
1873055,5f6579e8-e840-2928-7c0c-daacceb98163,1,1871974,1871994,1873055,1873110,1061,1081,20,0,0,0
1873055,6c3105c4-9093-5fce-8cee-4676d08dc2db,1,1871986,1871994,1873055,1872672,1061,1069,8,0,0,0
1873058,823d8c3a-00bb-b670-2742-dc479fa76fbf,1,1871941,1871994,1873058,1872657,1064,1117,53,0,0,0
1873067,ab261b09-f102-57a5-6212-c80266d75539,1,1871957,1871994,1873067,1872730,1073,1110,37,0,0,0
1873085,ce3f4c13-bc33-0b5a-0fdc-6567b8314def,1,1871957,1871994,1873085,1873323,1091,1128,37,0,0,0
1873112,ff378c69-4a8b-7601-a624-4adef18d5551,1,1872027,1872054,1873112,1873103,1058,1085,27,0,0,0
1873100,aebd86eb-051e-7870-598d-42b23590a0e0,1,1872034,1872054,1873100,1873128,1046,1066,20,0,0,0
1873116,b7aebcd2-0a1b-15a2-353a-830e26283082,1,1871995,1872054,1873116,1872890,1062,1121,59,0,0,0
1873125,f0e5e518-6ef6-f9af-b525-d69a54c63a92,1,1872018,1872054,1873125,1873280,1071,1107,36,0,0,0
1873171,ffcb7e2c-e34e-c581-dd3f-11c44a7ddea6,1,1872055,1872114,1873171,1873094,1057,1116,59,0,0,0
1873183,c3aa492a-3911-5105-8678-4d78330c4f64,1,1872087,1872114,1873183,1873221,1069,1096,27,0,0,0
1873187,4d4aa463-d34d-e3fb-5b70-6265a9798b68,1,1872089,1872114,1873187,1873551,1073,1098,25,0,0,0
1873178,b27a9ff5-3466-2d81-df2a-93e09d6a85c6,1,1872099,1872114,1873178,1873303,1064,1079,15,0,0,0
1873195,3367c15e-f93c-3b06-c822-59fffcdc5ebf,1,1872102,1872114,1873195,1873326,1081,1093,12,0,0,0
1873186,aeaeb223-934b-db15-43b7-7afcb85796a8,1,1872108,1872114,1873186,1872933,1072,1078,6,0,0,0
1873247,42b0c420-ee79-da20-3f87-2ae31114ab10,1,1872124,1872174,1873247,1873633,1073,1123,50,0,0,0
1873255,9a60e106-d6c3-f2d8-5aa1-031d8d23398c,1,1872139,1872174,1873255,1872781,1081,1116,35,0,0,0
1873246,26944510-ffa5-f72a-c37d-895334cfafec,1,1872152,1872174,1873246,1873027,1072,1094,22,0,0,0
1873249,0ccd1516-e7d0-e077-a894-644668cdf597,1,1872156,1872174,1873249,1872733,1075,1093,18,0,0,0
1873293,0c7b722e-aed2-cd14-92ef-f3a47c5c13f5,1,1872217,1872234,1873293,1872956,1059,1076,17,0,0,0
1873455,5ba47d15-fe02-c8d5-b0e2-5e74e4195bd1,1,1872395,1872395,1873455,1873797,1060,1060,0,0,0,0
1873524,1bf41192-2943-1001-1daa-db3f5f60eca8,1,1872452,1872455,1873524,1873139,1069,1072,3,0,0,0
1873593,cad203fb-bb12-4fc7-7b52-2776a34b0f88,1,1872471,1872515,1873593,1873158,1078,1122,44,0,0,0
1873698,813f5e4c-f7e8-f15e-8658-5a501aa65a86,1,1872579,1872635,1873698,1873145,1063,1119,56,0,0,0
1873798,436f8858-16c2-0199-a767-df033a0b5b0d,1,1872789,1872815,1873798,1873282,983,1009,26,0,0,0
1873813,4a3fd64e-9f35-5e67-93d7-50c3874ed236,1,1872796,1872815,1873813,1873890,998,1017,19,0,0,0
1874169,92e6c67e-86c0-9157-90d0-5ddaf9d5e43c,1,1873124,1873175,1874169,1874539,994,1045,51,0,0,0
1874390,4d9bc918-8e9f-b8b6-236f-4ce6f4d4fbe4,1,1873385,1873385,1874390,1873908,1005,1005,0,0,0,0
1874439,ece5ad25-d196-8c7f-e647-bdd507b4de42,1,1873397,1873445,1874439,1874110,994,1042,48,0,0,0
1874752,6e5e3b8e-b3c9-76e8-2e5a-a2920d1b149c,1,1873722,1873745,1874752,1875053,1007,1030,23,0,0,0
1874770,bfaa8cc5-a66d-49b1-a694-111bf65b74d9,1,1873735,1873745,1874770,1874566,1025,1035,10,0,0,0
1876723,ff1ce58e-4ccc-b5ad-7f6a-6146d12ba27d,1,1874219,1874225,1876723,1876454,2498,2504,6,0,0,0
1877013,15c87683-e54a-0d90-e630-909c4b8e57e4,1,1874510,1874525,1877013,1877614,2488,2503,15,0,0,0
1877168,7ca8008a-4ca1-430e-fce1-e65ed28bcdb0,1,1874671,1874705,1877168,1876361,2463,2497,34,0,0,0
1877210,3b4d0690-904e-001a-4768-a0b8c161e3cb,1,1874601,1874645,1877210,1876907,2565,2609,44,0,0,0
1877440,00f7b844-c7cf-9be2-4783-0027ce02897c,1,1874962,1875005,1877440,1877420,2435,2478,43,0,0,0
1880901,ba538b23-6b49-85c9-4a9b-f1b7f27409ef,1,1870074,1870074,1880901,1884113,10827,10827,0,0,0,0
1881017,6132b11f-0c12-76a2-280e-a52904c05606,1,1870186,1870194,1881017,1878371,10823,10831,8,0,0,0
1881108,449b0580-e9bb-0bf9-2c40-622ec67d1be1,1,1870115,1870134,1881108,1883852,10974,10993,19,0,0,0
1881110,a3f5581e-d385-9ea0-36cd-3c09a8a0da2a,1,1870180,1870194,1881110,1881401,10916,10930,14,0,0,0
1881157,77666404-da81-a6f3-2aa8-6859edc826f7,1,1870108,1870134,1881157,1878578,11023,11049,26,0,0,0
1881169,7f7e2d3b-993b-7d75-74d6-1a8126413a68,1,1870161,1870194,1881169,1877237,10975,11008,33,0,0,0
1881155,dad030d2-1d54-f553-43e0-6989e6c04953,1,1870246,1870254,1881155,1878601,10901,10909,8,0,0,0
1881133,0e73d29d-3b07-092c-fd52-6f8b32238e9d,1,1870311,1870314,1881133,1881548,10819,10822,3,0,0,0
1881192,904c91e5-2384-ee78-d20a-d3bd8f8b9cd2,1,1870170,1870194,1881192,1884609,10998,11022,24,0,0,0
1881194,344927b3-a4a7-4bd2-e51e-32b29a2d7598,1,1870241,1870254,1881194,1882924,10940,10953,13,0,0,0
1881310,89f9767f-d16a-774e-2924-24360b17f3e6,1,1870284,1870314,1881310,1885199,10996,11026,30,0,0,0
1881294,059cd081-f2d7-703d-cb64-ae4abf2294d5,1,1870467,1870494,1881294,1880718,10800,10827,27,0,0,0
1881322,14e6625c-e012-4b22-f87d-3214fe757cec,1,1870410,1870434,1881322,1882917,10888,10912,24,0,0,0
1881356,68919e4b-eed8-2f25-b72e-bdefe73ec0b7,1,1870443,1870494,1881356,1878795,10862,10913,51,0,0,0
1881407,f1fef266-c66f-615b-233e-b348715f2fb9,1,1870476,1870494,1881407,1885252,10913,10931,18,0,0,0
1881419,c598006a-4e1c-ea92-2f78-c321c9c23ec1,1,1870536,1870554,1881419,1882573,10865,10883,18,0,0,0
1881458,b039994d-8e6b-dbec-7904-8f016e3738bc,1,1870320,1870374,1881458,1883880,11084,11138,54,0,0,0
1881470,527b8153-3682-4182-f8fa-31fb04b96633,1,1870539,1870554,1881470,1877329,10916,10931,15,0,0,0
1881446,380c8f7c-3883-56eb-0ff9-9d870d9aa9dc,1,1870568,1870614,1881446,1878627,10832,10878,46,0,0,0
1881479,70e6d99f-3fd1-4a8c-ebed-4a5bd3aedf22,1,1870577,1870614,1881479,1880426,10865,10902,37,0,0,0
1881463,b8c2bbfb-dc70-09c5-cfea-a2e4bc8ad1c7,1,1870582,1870614,1881463,1886671,10849,10881,32,0,0,0
1881477,6bfc0bea-3865-0ef8-8f7c-ce9f9d0af469,1,1870632,1870674,1881477,1877779,10803,10845,42,0,0,0
1881496,cda61735-33f1-a9d6-1e02-a17a26dd845b,1,1870327,1870374,1881496,1877379,11122,11169,47,0,0,0
1881533,972d3e9a-00d0-eab1-581a-d0b3ca1a55ec,1,1870444,1870494,1881533,1884788,11039,11089,50,0,0,0
1881495,8f76aa72-47e0-f9a8-85c8-4135bf596434,1,1870474,1870494,1881495,1884628,11001,11021,20,0,0,0
1881535,9b79e1b0-2021-9ee7-acde-4171d0cd6fee,1,1870537,1870554,1881535,1884101,10981,10998,17,0,0,0
1881497,8a1ccfa4-d809-61ab-9336-26f5a9ae41b3,1,1870574,1870614,1881497,1885521,10883,10923,40,0,0,0
1881531,bb7500c7-44eb-f1aa-72d8-66fb5cefe17f,1,1870605,1870614,1881531,1880287,10917,10926,9,0,0,0
1881525,f2ef3c48-1201-b750-03b3-e31415444794,1,1870716,1870734,1881525,1881316,10791,10809,18,0,0,0
1881564,986cfee7-21f0-1652-305d-35576e1fb42a,1,1870452,1870494,1881564,1884124,11070,11112,42,0,0,0
1881569,19a7c4b1-3a5c-532e-df34-3a20c650a8d4,1,1870567,1870614,1881569,1883294,10955,11002,47,0,0,0
1881555,44d1c371-0761-409f-1f8b-88da1a452e25,1,1870609,1870614,1881555,1885452,10941,10946,5,0,0,0
1881603,b4bfd751-0ad7-5fea-7fef-f809c1d82810,1,1870613,1870614,1881603,1879147,10989,10990,1,0,0,0
1881551,b1c5299a-81ce-f0bd-b14f-6085b80b626a,1,1870619,1870674,1881551,1884458,10877,10932,55,0,0,0
1881551,7b83b652-6c8f-f99f-ff47-9e5aeda02c98,1,1870621,1870674,1881551,1880869,10877,10930,53,0,0,0
1881607,eb5bf015-2375-4fd1-ffb6-8b78601579bd,1,1870688,1870734,1881607,1886369,10873,10919,46,0,0,0
1881551,3a70cd9d-57c3-f85b-1d28-b88bb6a846ba,1,1870710,1870734,1881551,1885868,10817,10841,24,0,0,0
1881566,c6ec31ae-a42f-9410-e8f3-f24ff1de1c28,1,1870711,1870734,1881566,1883557,10832,10855,23,0,0,0
1881628,a8b59f56-21c2-c8d0-b135-f6066b7e7422,1,1870605,1870614,1881628,1879733,11014,11023,9,0,0,0
1881616,04b82e8b-0d60-532b-f9f6-380bbd365893,1,1870624,1870674,1881616,1879724,10942,10992,50,0,0,0
1881652,44e24fa0-5f71-0b13-2b32-ae3b79938df7,1,1870648,1870674,1881652,1879245,10978,11004,26,0,0,0
1881611,e2936633-30fa-6223-5252-ead221127a4d,1,1870666,1870674,1881611,1885938,10937,10945,8,0,0,0
1881653,9043ea57-30f6-8639-8529-4edc7c256240,1,1870688,1870734,1881653,1883463,10919,10965,46,0,0,0
1881638,e00640df-8f88-4a79-dfd0-551ba84347ab,1,1870696,1870734,1881638,1876571,10904,10942,38,0,0,0
1881631,566237e0-af54-8fac-8db6-8b53b7945f17,1,1870702,1870734,1881631,1884563,10897,10929,32,0,0,0
1881706,1c0eb646-7756-2b24-70d5-018277125b33,1,1870560,1870614,1881706,1879920,11092,11146,54,0,0,0
1881694,42df8106-52b6-8f16-52d3-417b8050d744,1,1870772,1870794,1881694,1878697,10900,10922,22,0,0,0
1881671,1caa143d-b768-36f2-d7fb-78edcec784ae,1,1870773,1870794,1881671,1877829,10877,10898,21,0,0,0
1881726,5012c4ad-227d-4c86-086c-8ae50c0bbce5,1,1870805,1870854,1881726,1886724,10872,10921,49,0,0,0
1881694,3ba55e2c-1486-e673-64e6-d311ec9a8fea,1,1870812,1870854,1881694,1880048,10840,10882,42,0,0,0
1881711,4c64a74e-f13f-7db8-edb0-4c031e6c0ca6,1,1870815,1870854,1881711,1886285,10857,10896,39,0,0,0
1881728,c86e936e-87a5-c2c8-7667-f80ae259b63d,1,1870868,1870914,1881728,1881811,10814,10860,46,0,0,0
1881737,4904d181-eb7a-c307-35fc-7afe00a45845,1,1870623,1870674,1881737,1883628,11063,11114,51,0,0,0
1881762,57ee6a27-edf7-fe79-0d91-599c6d90e3ee,1,1870638,1870674,1881762,1882263,11088,11124,36,0,0,0
1881777,783aae25-1478-c131-3583-355304eef7e0,1,1870699,1870734,1881777,1884485,11043,11078,35,0,0,0
1881784,632e6d7f-6991-ec16-179d-d3ab954f5689,1,1870720,1870734,1881784,1881725,11050,11064,14,0,0,0
1881767,cd48d023-04c1-af17-6f56-215036e7cf32,1,1870731,1870734,1881767,1882658,11033,11036,3,0,0,0
1881766,8ff62a46-912f-5de4-e778-f4295c962f62,1,1870753,1870794,1881766,1883088,10972,11013,41,0,0,0
1881770,92552c73-4497-5bae-c8f2-495d1e025484,1,1870773,1870794,1881770,1882027,10976,10997,21,0,0,0
1881745,a3dfe911-1260-dde6-fe9b-5c90a8f65e84,1,1870785,1870794,1881745,1881716,10951,10960,9,0,0,0
1881753,81fc1d3f-56bd-793e-df15-541168379668,1,1870816,1870854,1881753,1876721,10899,10937,38,0,0,0
1881732,25d5a956-1926-7252-05f3-67c82bb092e8,1,1870825,1870854,1881732,1884907,10878,10907,29,0,0,0
1881780,eca74d46-dc97-0cb8-6a8b-6b0e76a3fc22,1,1870848,1870854,1881780,1883860,10926,10932,6,0,0,0
1881758,dd3807eb-7fd9-e280-403a-730c56b5a246,1,1870900,1870914,1881758,1884900,10844,10858,14,0,0,0
1881809,4988a87c-e2f3-d139-bdd9-a82fa8cc8ad2,1,1870688,1870734,1881809,1877417,11075,11121,46,0,0,0
1881791,c08467c0-030e-e132-49c2-975e97cd252b,1,1870753,1870794,1881791,1880608,10997,11038,41,0,0,0
1881825,c27384f4-9ffa-d7fc-be3f-83da5e320883,1,1870766,1870794,1881825,1884338,11031,11059,28,0,0,0
1881812,493754ac-8041-63d5-fe5c-0d39b83cbed5,1,1870776,1870794,1881812,1880423,11018,11036,18,0,0,0
1881850,1e005657-d048-5e32-138f-627626dea97b,1,1870809,1870854,1881850,1877272,10996,11041,45,0,0,0
1881802,a8a36936-6670-bb4f-0d5d-d304fd7178f6,1,1870823,1870854,1881802,1880299,10948,10979,31,0,0,0
1881818,41515349-32a7-d6a8-4f70-6a442f45a700,1,1870839,1870854,1881818,1878930,10964,10979,15,0,0,0
1881802,3ae063f5-4eda-4cfa-0db4-ba58c294f0c4,1,1870849,1870854,1881802,1883204,10948,10953,5,0,0,0
1881839,481a7a3f-7162-c34d-35f5-4cbb046fe166,1,1870850,1870854,1881839,1877607,10985,10989,4,0,0,0
1881819,e8ed514c-5509-531d-c4da-657f0a01b5df,1,1870963,1870974,1881819,1877141,10845,10856,11,0,0,0
1881898,5d8e3949-73a0-2648-f33a-562457102ec2,1,1870589,1870614,1881898,1876494,11284,11309,25,0,0,0
1881859,b2c59b83-4815-0bbf-3330-b64c7a14ecb7,1,1870865,1870914,1881859,1879016,10945,10994,49,0,0,0
1881940,8f9df875-606c-186c-17a4-f06e2e5fcb10,1,1870751,1870794,1881940,1883535,11146,11189,43,0,0,0
1881935,5ad45157-0729-80fd-4a2e-03536b767be8,1,1870754,1870794,1881935,1885576,11141,11181,40,0,0,0
1881913,7ce33348-048e-7dd2-5f16-51d6fee97df3,1,1870859,1870914,1881913,1885945,10999,11054,55,0,0,0
1881969,9c5cf1bb-fe44-68b0-e837-db8df8222e50,1,1870921,1870974,1881969,1881907,10995,11048,53,0,0,0
1881941,d6e9cfea-6724-f909-4239-a86152fedb98,1,1870981,1871034,1881941,1876423,10907,10960,53,0,0,0
1881945,6227b45e-c46c-4623-f3ce-33c4db9c83a1,1,1871055,1871094,1881945,1879868,10851,10890,39,0,0,0
1881981,d210d218-3ba3-99b3-2c7b-084d774542dd,1,1871004,1871034,1881981,1882965,10947,10977,30,0,0,0
1881996,cb74b50e-0761-f383-b1c1-15a6cbc666c2,1,1871124,1871154,1881996,1879639,10842,10872,30,0,0,0
1882049,f72f8ddf-2203-247b-47fe-9e97f87d7a9a,1,1871016,1871034,1882049,1878685,11015,11033,18,0,0,0
1882047,98fd7b35-45ef-764a-9e9e-883a7a2ca21e,1,1871036,1871094,1882047,1882447,10953,11011,58,0,0,0
1882080,5d8a61fa-c1d0-d5d4-706a-9b4576467626,1,1871083,1871094,1882080,1883232,10986,10997,11,0,0,0
1882079,dc5aaa16-f7b1-9830-a488-aa8862123caf,1,1871174,1871214,1882079,1886319,10865,10905,40,0,0,0
1882138,33191a78-5a67-9427-be2f-0bbe417f8a0d,1,1871039,1871094,1882138,1885335,11044,11099,55,0,0,0
1882137,6ec1f3a9-c5ec-ff2e-25d4-9b63d71592b2,1,1871138,1871154,1882137,1887427,10983,10999,16,0,0,0
1882127,3d13f5c8-1669-db97-3969-5c058f9b7a5c,1,1871158,1871214,1882127,1877385,10913,10969,56,0,0,0
1882108,7db3efc5-975f-4450-87d0-1fa2abc508c5,1,1871249,1871274,1882108,1879105,10834,10859,25,0,0,0
1882131,d3741d58-e2c1-c800-4390-b4dab0987d19,1,1871254,1871274,1882131,1886687,10857,10877,20,0,0,0
1882146,ce3a2cd1-57da-8d2f-85f8-5ecc69739c14,1,1871263,1871274,1882146,1882524,10872,10883,11,0,0,0
1882113,94236864-e60b-d3f4-9513-f63ce24a1913,1,1871296,1871334,1882113,1876897,10779,10817,38,0,0,0
1882154,1c681abf-2f69-e949-8272-196fc93f1d8b,1,1871278,1871334,1882154,1879330,10820,10876,56,0,0,0
1882155,9d489a43-f4d2-7a14-8a59-07026c84d643,1,1871310,1871334,1882155,1881589,10821,10845,24,0,0,0
1882182,95bc047c-4dee-33d4-b699-dc57cf028be2,1,1871400,1871454,1882182,1884245,10728,10782,54,0,0,0
1882208,1b347de6-8b82-bdb6-0cf7-825705261c59,1,1871429,1871454,1882208,1877008,10754,10779,25,0,0,0
1882220,2951f423-244d-e797-c75c-79304d3fe85b,1,1871208,1871214,1882220,1885581,11006,11012,6,0,0,0
1882226,9b37bd67-8665-6459-8688-1e5902615b17,1,1871301,1871334,1882226,1877366,10892,10925,33,0,0,0
1882234,4257ee34-fc85-2065-ad67-92bb5b327b7b,1,1871364,1871394,1882234,1885168,10840,10870,30,0,0,0
1882211,1a61e58a-2c4e-1ae2-6097-c5127fa876b3,1,1871365,1871394,1882211,1879049,10817,10846,29,0,0,0
1882239,ec895500-06e8-ccbd-5ef4-4f9aec4044f4,1,1871440,1871454,1882239,1880650,10785,10799,14,0,0,0
1882263,d57097e6-6fd4-260a-fca5-2a0786302ad7,1,1871534,1871574,1882263,1887304,10689,10729,40,0,0,0
1882274,8c74ac32-c8c4-621c-945b-ba9d3d84d059,1,1871350,1871394,1882274,1884826,10880,10924,44,0,0,0
1882321,f3e42a59-d7b4-2a1f-5806-07e7afef5a22,1,1871408,1871454,1882321,1882955,10867,10913,46,0,0,0
1882346,ede453cb-5da0-52c7-cf23-f0e291f20dce,1,1871288,1871334,1882346,1883958,11012,11058,46,0,0,0
1882338,2f8e342a-9571-e77d-c7d5-af34f25178cd,1,1871399,1871454,1882338,1878082,10884,10939,55,0,0,0
1882437,c6c240f3-71d4-42cf-18f8-4cb0502a5468,1,1871395,1871454,1882437,1884894,10983,11042,59,0,0,0
1882409,4f8d66d6-3527-6a82-eceb-b1384d707d44,1,1871408,1871454,1882409,1882182,10955,11001,46,0,0,0
1882445,1bbb5a1d-8ba3-399f-bb8e-8dede897cab8,1,1871459,1871514,1882445,1883653,10931,10986,55,0,0,0
1882400,2c5c99d2-343a-a67e-bd57-7957bb6ad59d,1,1871465,1871514,1882400,1883517,10886,10935,49,0,0,0
1882409,8f5939b7-9068-b53e-a767-e0fe8891971a,1,1871500,1871514,1882409,1885512,10895,10909,14,0,0,0
1882602,4f002ae9-e401-16f2-f745-752bb0424784,1,1871649,1871694,1882602,1881765,10908,10953,45,0,0,0
1882604,beccaf09-6527-62aa-dd43-1d3f76c880ae,1,1871912,1871934,1882604,1885940,10670,10692,22,0,0,0
1882688,d34b906b-3d1b-e5c6-2457-301c07314c53,1,1871695,1871754,1882688,1880984,10934,10993,59,0,0,0
1882676,fa726e14-c885-b3cc-3647-302586500714,1,1871840,1871874,1882676,1884122,10802,10836,34,0,0,0
1882662,336d2449-3b53-e59c-2ca7-a08a17af487f,1,1871901,1871934,1882662,1878472,10728,10761,33,0,0,0
1882858,7c133838-8a3d-0f6c-963a-d4e512194557,1,1872079,1872114,1882858,1883789,10744,10779,35,0,0,0
1882957,290007a8-aaf2-9622-a068-ce69e36b4fca,1,1872282,1872294,1882957,1887183,10663,10675,12,0,0,0
1883071,96ef471c-4a36-9218-0cfc-30be40e2008c,1,1872190,1872234,1883071,1879096,10837,10881,44,0,0,0
1883236,d6e087af-c962-09ef-9cb4-29336a83f667,1,1881868,1881910,1883236,1883639,1326,1368,42,0,0,0
1883282,8e99313e-790c-b055-dc2c-2396fb8c3553,1,1881672,1881730,1883282,1883406,1552,1610,58,0,0,0
1883511,53e84f51-33a0-527c-efee-3ce52339a91b,1,1872543,1872575,1883511,1882703,10936,10968,32,0,0,0
1883486,9474e768-f83f-c81b-29ac-d633051e04ee,1,1881881,1881910,1883486,1883714,1576,1605,29,0,0,0
1883586,aceab166-ee99-cc6b-acb1-21eeeca09df2,1,1882214,1882270,1883586,1883252,1316,1372,56,0,0,0
1883607,9fbc535e-adce-74f6-b896-894e58b1c0fd,1,1882019,1882030,1883607,1884207,1577,1588,11,0,0,0
1883602,0b0b9c97-a28b-94fa-83d4-ec666b54077f,1,1882020,1882030,1883602,1884047,1572,1582,10,0,0,0
1883751,8af7c297-38fa-f8be-c4b4-87db0a51ca64,1,1882073,1882090,1883751,1883438,1661,1678,17,0,0,0
1883874,a53e7c25-beb0-1de3-3f58-fa585db04d91,1,1882532,1882570,1883874,1884038,1304,1342,38,0,0,0
1883879,33ec16af-fb52-93cd-ce91-b9960925d371,1,1882280,1882330,1883879,1883609,1549,1599,50,0,0,0
1883895,29e7de22-97a6-6f22-dedc-130bc35430fe,1,1882281,1882330,1883895,1883241,1565,1614,49,0,0,0
1883881,1360b884-a8a6-0104-54fd-09e5b1cc309f,1,1882291,1882330,1883881,1883069,1551,1590,39,0,0,0
1884024,ea6c1008-5c7f-1975-ffe2-a962d3477692,1,1882426,1882450,1884024,1883961,1574,1598,24,0,0,0
1884051,5f7a0ffc-d703-9f08-6530-454a4e0627fa,1,1882475,1882510,1884051,1884386,1541,1576,35,0,0,0
1884094,6717bc17-f6ca-0c0b-df68-1f0e7b268b93,1,1882472,1882510,1884094,1883685,1584,1622,38,0,0,0
1884118,87cb5ed4-5421-e3c0-fccd-5bf99b96155f,1,1882503,1882510,1884118,1884493,1608,1615,7,0,0,0
1884168,68751de0-0613-1a59-4fd2-d97174a26b1e,1,1882527,1882570,1884168,1884362,1598,1641,43,0,0,0
1884148,730c129f-7fad-6e6c-e195-41b974dfe634,1,1882540,1882570,1884148,1883823,1578,1608,30,0,0,0
1884199,859dd272-e83e-2a68-24ac-0bc99726dade,1,1873540,1873565,1884199,1882135,10634,10659,25,0,0,0
1884175,cb046828-0264-f80b-18ef-cd8f16a1a9bc,1,1882527,1882570,1884175,1884394,1605,1648,43,0,0,0
1884238,e2d79fd9-c4a6-6edc-d76a-08df6f4a2af2,1,1882662,1882690,1884238,1883783,1548,1576,28,0,0,0
1884274,18f77559-297a-7a8c-6af6-65b12a66883b,1,1882713,1882750,1884274,1884392,1524,1561,37,0,0,0
1884253,2810ced7-a97e-af2a-1e1e-48d7cfcf992a,1,1882714,1882750,1884253,1883917,1503,1539,36,0,0,0
1884275,171cf636-e523-e63c-9846-e30a37328293,1,1882717,1882750,1884275,1884650,1525,1558,33,0,0,0
1884287,d9ada054-89ed-2eea-456b-e6a0d5bbed9e,1,1882738,1882750,1884287,1884903,1537,1549,12,0,0,0
1884286,2eaf06fa-ee0e-bec9-11ce-e452512279f3,1,1882739,1882750,1884286,1884483,1536,1547,11,0,0,0
1884305,2632c7a0-bc52-17ca-91fd-7157fea5d6c5,1,1882707,1882750,1884305,1883770,1555,1598,43,0,0,0
1884317,56be1c30-c0e8-0e9c-3694-5e84f4a82236,1,1882727,1882750,1884317,1884711,1567,1590,23,0,0,0
1884443,11b45f93-fa32-cfae-e059-a5e6a395a2d5,1,1883094,1883131,1884443,1884090,1312,1349,37,0,0,0
1884461,5241c559-95f0-b34f-5525-e32b8f99a7c5,1,1882930,1882930,1884461,1883938,1531,1531,0,0,0,0
1884606,27f2cfa9-72ee-3ee1-db18-7e811fb055bc,1,1873695,1873745,1884606,1889027,10861,10911,50,0,0,0
1884807,aa88178c-52da-afcf-74f1-d50e3d91c9d7,1,1883282,1883296,1884807,1884991,1511,1525,14,0,0,0
1884872,704d8397-06ee-08e9-b81b-07a1e0f03653,1,1883301,1883356,1884872,1885358,1516,1571,55,0,0,0
1884996,9334606d-f6d6-d025-416d-4a59cdedc09c,1,1883467,1883476,1884996,1885131,1520,1529,9,0,0,0
1885048,8dad3564-13ac-80ee-ab8b-1ad3046fd7a3,1,1874278,1874285,1885048,1883122,10763,10770,7,0,0,0
1885125,90e2f928-1ffb-c52b-7ed7-073575ea47c6,1,1874293,1874345,1885125,1888221,10780,10832,52,0,0,0
1885132,21637f26-d44c-f025-f232-9954ff54712c,1,1883559,1883596,1885132,1885352,1536,1573,37,0,0,0
1885219,91c4385d-f710-a7a0-1021-745d9cbca1ad,1,1883716,1883716,1885219,1885083,1503,1503,0,0,0,0
1885268,3c00fc6d-5b2e-a703-81ae-a06cfabfac20,1,1874397,1874405,1885268,1881957,10863,10871,8,0,0,0
1885244,7541152b-5fdf-b851-73eb-7251694c79af,1,1874417,1874465,1885244,1885642,10779,10827,48,0,0,0
1885253,c9926492-b2ae-8b5a-46f3-c49a448740f4,1,1883706,1883716,1885253,1885669,1537,1547,10,0,0,0
1885311,3ae8b673-25ca-0637-b416-61188af45bf6,1,1883729,1883776,1885311,1885497,1535,1582,47,0,0,0
1885404,2fa565f5-42c4-ca3d-df89-4357a5ec8951,1,1883931,1883934,1885404,1884989,1470,1473,3,0,0,0
1885408,3338ec24-9a6a-d6a0-4a8f-fd65aed80127,1,1874363,1874405,1885408,1885385,11003,11045,42,0,0,0
1885556,6ea8ede0-94b8-e6b6-09f9-589344262809,1,1874735,1874765,1885556,1882917,10791,10821,30,0,0,0
1885563,79b371cc-bb52-a663-a401-bc47294f08cc,1,1884300,1884354,1885563,1884960,1209,1263,54,0,0,0
1885661,994a4a8c-e3dd-94c9-6537-e16fc63f6d71,1,1874738,1874765,1885661,1890888,10896,10923,27,0,0,0
1885667,fcdcbe70-917c-4d09-ec31-2fa2ca436e9f,1,1884167,1884174,1885667,1884922,1493,1500,7,0,0,0
1885715,6bd6ba48-0231-3061-894d-34c978fb8609,1,1874677,1874705,1885715,1881092,11010,11038,28,0,0,0
1885730,5a95a1e1-bb43-3b8f-49bb-bf04ee5c75ee,1,1874721,1874765,1885730,1889462,10965,11009,44,0,0,0
1885760,695759f3-5f86-0297-4670-74e573dede45,1,1874944,1874945,1885760,1883094,10815,10816,1,0,0,0
1885741,1df92a45-9313-2768-43ec-babb6010e38b,1,1884150,1884174,1885741,1885357,1567,1591,24,0,0,0
1885768,c8ba9526-fd28-0f8e-a07c-adbafccd04dd,1,1884261,1884294,1885768,1885525,1474,1507,33,0,0,0
1885817,1b400871-4c54-d7ac-1ac6-439759331d07,1,1875105,1875125,1885817,1888467,10692,10712,20,0,0,0
1885852,3d1a508d-79a0-ea8f-20ca-37b95f4527d6,1,1875107,1875125,1885852,1889733,10727,10745,18,0,0,0
1885914,e7c22c8c-0ee0-cd32-dc6c-d1e535f73c12,1,1875088,1875125,1885914,1883874,10789,10826,37,0,0,0
1885887,7e507bd3-2ff2-709a-bd9c-cccc90f2fe93,1,1875098,1875125,1885887,1881932,10762,10789,27,0,0,0
1885890,d4be1299-20d1-cc2e-223a-335d91a2da0b,1,1884351,1884354,1885890,1886430,1536,1539,3,0,0,0
1885939,c7cc7bf6-145f-5292-0bd4-049c4dac7a28,1,1874923,1874945,1885939,1889135,10994,11016,22,0,0,0
1885942,48c2b3b3-7ee9-0fa3-1bfe-105c887b017d,1,1875088,1875125,1885942,1885371,10817,10854,37,0,0,0
1885932,47259817-ebd1-21d9-0814-78d5bbd7f2fa,1,1875115,1875125,1885932,1886006,10807,10817,10,0,0,0
1885932,ee888d3c-241c-55b3-d066-3b33348ad2ff,1,1875118,1875125,1885932,1882402,10807,10814,7,0,0,0
1885917,ae251a0d-4dbf-67e5-0916-8fa7d7d5c5a6,1,1875150,1875185,1885917,1888321,10732,10767,35,0,0,0
1885932,0d331e35-225b-0887-580d-806b9671e209,1,1875162,1875185,1885932,1889130,10747,10770,23,0,0,0
1886025,b1c538cf-e90e-a5ad-d3d0-5b49f925f1c5,1,1875115,1875125,1886025,1891235,10900,10910,10,0,0,0
1886018,686b0062-52e8-19cb-8bd2-119180277058,1,1875210,1875245,1886018,1880990,10773,10808,35,0,0,0
1886043,3970bb0e-9eb7-fa83-1d4f-0569bab9f740,1,1875131,1875185,1886043,1889521,10858,10912,54,0,0,0
1886041,5ed69b88-fdbe-2e47-1edf-5358756b17cc,1,1875165,1875185,1886041,1883175,10856,10876,20,0,0,0
1886048,8148605d-d75c-6c2d-d4c4-a4abfd99ddd8,1,1875167,1875185,1886048,1886183,10863,10881,18,0,0,0
1886077,b0e00fc4-cb87-9110-fc21-3ab1f6797d4d,1,1875167,1875185,1886077,1890422,10892,10910,18,0,0,0
1886064,be848a7e-e4b5-3ef2-2b0e-fa58aae569b4,1,1875170,1875185,1886064,1887610,10879,10894,15,0,0,0
1886093,ad58f8c5-6aa4-fc98-600c-55f4826e58e2,1,1875203,1875245,1886093,1883343,10848,10890,42,0,0,0
1886076,166a23c0-2f92-5644-65ff-893099b414d3,1,1875215,1875245,1886076,1890715,10831,10861,30,0,0,0
1886061,2384e812-a2bb-c375-5d45-fadfe063383f,1,1875235,1875245,1886061,1887362,10816,10826,10,0,0,0
1886140,79334f20-ecfd-af5b-3946-18b0986ce3c4,1,1875138,1875185,1886140,1881480,10955,11002,47,0,0,0
1886141,a3d0fce2-6e78-7a29-004b-c8fb0acbd88f,1,1875148,1875185,1886141,1887361,10956,10993,37,0,0,0
1886141,da34bac3-e25e-d56c-1ba8-0c6e94e20f15,1,1875152,1875185,1886141,1889662,10956,10989,33,0,0,0
1886136,b1ae9176-f6dc-49f6-c84b-5f169a21aea8,1,1875155,1875185,1886136,1886507,10951,10981,30,0,0,0
1886114,f61e01b0-80d9-152c-648b-b921efd09414,1,1875197,1875245,1886114,1885857,10869,10917,48,0,0,0
1886153,8439c0df-b409-c669-c49a-592381b150a4,1,1875204,1875245,1886153,1886443,10908,10949,41,0,0,0
1886103,2c96c85c-8438-a672-eab0-a8261fa5c025,1,1875231,1875245,1886103,1886857,10858,10872,14,0,0,0
1886128,9f6fafab-c5c8-1deb-7546-5a86966fb451,1,1875250,1875305,1886128,1888483,10823,10878,55,0,0,0
1886118,27bf1cbe-cb40-0de3-96c1-68efd8be38bb,1,1884570,1884570,1886118,1886704,1548,1548,0,0,0,0
1886169,7012afb9-7a32-da03-86a4-a82092d722e4,1,1875216,1875245,1886169,1886640,10924,10953,29,0,0,0
1886196,f4a9920e-d969-6ac6-9035-ee30b940d281,1,1875237,1875245,1886196,1881064,10951,10959,8,0,0,0
1886175,ca95ad7e-8a50-c152-4fe3-4ba830d914d9,1,1884734,1884734,1886175,1886358,1441,1441,0,0,0,0
1886228,a6f0f944-8d4f-fd42-5254-65553128099f,1,1875210,1875245,1886228,1883809,10983,11018,35,0,0,0
1886244,d1d6e0a1-9ac9-79f4-1133-a266c685400f,1,1884977,1885034,1886244,1886694,1210,1267,57,0,0,0
1886322,4da8af06-1904-350c-4ac3-c0afa8164418,1,1875226,1875245,1886322,1881402,11077,11096,19,0,0,0
1886290,1d520f58-0288-24b2-5f9d-e8be9edc8afb,1,1884749,1884794,1886290,1886386,1496,1541,45,0,0,0
1886341,ca58122f-04ba-5547-02ef-c3f3672cc83a,1,1884909,1884914,1886341,1886471,1427,1432,5,0,0,0
1886474,f46e132a-14c0-f2e2-d860-cb3c745e126e,1,1884973,1884974,1886474,1886789,1500,1501,1,0,0,0
1886483,22355888-1b21-8d1a-c8f4-226af7d32ec4,1,1884974,1884974,1886483,1887116,1509,1509,0,0,0,0
1886484,5f22e897-2654-ab92-964b-181d825e30d2,1,1884983,1885034,1886484,1886884,1450,1501,51,0,0,0
1886584,bd61f49a-b019-34ed-edb4-7a57ecea9809,1,1875575,1875609,1886584,1891768,10975,11009,34,0,0,0
1886653,416ad0d7-c3fe-d61e-3775-2fe189f5e9ad,1,1875641,1875669,1886653,1882339,10984,11012,28,0,0,0
1886771,a02698ea-985c-756b-ce7d-30e34c8c230e,1,1884330,1884354,1886771,1886081,2417,2441,24,0,0,0
1886915,71e3cccd-b739-d811-2e66-6098330402d6,8,1884921,1884974,1886915,1886338,1941,1994,53,0,0,0
1887010,b2b5c888-9931-3197-6f02-7617cbbf61c3,8,1884920,1884974,1887010,1887630,2036,2090,54,0,0,0
1887016,79d50b46-1430-d9a9-0deb-011d26b6dd29,8,1884918,1884974,1887016,1887061,2042,2098,56,0,0,0
1887237,7981a03e-8317-1596-ba3a-c81a749fb0b3,1,1884742,1884794,1887237,1886382,2443,2495,52,0,0,0
1887364,6e58fe09-6b3d-90a0-a894-aa9065b7f765,1,1884914,1884914,1887364,1886874,2450,2450,0,0,0,0
1887373,dd14d35e-3af4-e2dc-62bc-2502600aca3c,1,1884746,1884794,1887373,1888179,2579,2627,48,0,0,0
1887442,c530bec7-8a34-b09d-e559-52e50564862b,1,1884952,1884974,1887442,1886434,2468,2490,22,0,0,0
1887610,285cf32c-c338-84ad-6065-3dcceabf3e52,8,1884910,1884914,1887610,1886231,2696,2700,4,0,0,0
1887669,b22c8c07-e02f-d093-9398-f71bace0a734,8,1884914,1884914,1887669,1887022,2755,2755,0,0,0,0
1889417,bfda7bb5-066b-5a7e-f7ee-61458248dd9d,8,1884917,1884974,1889417,1890197,4443,4500,57,0,0,0
1889482,30503e38-c166-9242-a3d2-24f847a2746a,8,1884906,1884914,1889482,1890020,4568,4576,8,0,0,0
1890184,2447ba02-7e12-abb1-a568-6247842f9ae0,8,1884909,1884914,1890184,1887746,5270,5275,5,0,0,0
1890886,ee8f35f5-c1ad-9904-18a4-513024fab3bb,8,1884910,1884914,1890886,1888139,5972,5976,4,0,0,0
1890898,c84c7e0a-8a8e-0597-d2ac-35da4d40adf2,8,1884913,1884914,1890898,1892160,5984,5985,1,0,0,0
1891003,3242f302-6c1a-41f5-df46-da32251cac45,8,1884915,1884974,1891003,1888524,6029,6088,59,0,0,0
1894141,48662734-1784-bcfc-8bb4-56618263b1ea,1,1883390,1883416,1894141,1896767,10725,10751,26,0,0,0
1894235,006bc64f-79f0-bd12-aa8d-9e258b976174,1,1883317,1883356,1894235,1898162,10879,10918,39,0,0,0
1894283,9666b13d-bdd8-7098-05c2-856ce583e8de,1,1883435,1883476,1894283,1889100,10807,10848,41,0,0,0
1894302,d660363d-2284-2d54-223e-74bfb5862dd8,1,1883343,1883356,1894302,1893885,10946,10959,13,0,0,0
1894320,38290fcb-4b6c-b2b0-1e6b-2ef096872a23,1,1883439,1883476,1894320,1896004,10844,10881,37,0,0,0
1894350,7a6efe0d-6f30-0fca-5d86-f0bf1c952e7b,1,1883440,1883476,1894350,1893504,10874,10910,36,0,0,0
1894479,33b9041a-5209-81cf-ed3d-a93bdd1be142,1,1883372,1883416,1894479,1895630,11063,11107,44,0,0,0
1894745,dbebc863-e5c5-aed0-b8f0-d38ff862ccad,1,1883958,1883994,1894745,1895727,10751,10787,36,0,0,0
1898818,bd03e398-ac8e-c9ae-d03a-83c07bf07f54,8,1884923,1884974,1898818,1898701,13844,13895,51,0,0,0
1899412,31452d7f-01e0-58c1-9440-e3d5a3c32fcb,8,1884923,1884974,1899412,1896193,14438,14489,51,0,0,0
1900814,f8be5ca2-81a1-139f-effa-c21454f1a244,8,1884924,1884974,1900814,1894121,15840,15890,50,0,0,0
1903178,a5e01dc4-85f2-9ff7-ee9a-3c6cb85cfeda,8,1884928,1884974,1903178,1894261,18204,18250,46,0,0,0
1904278,ceaade53-2032-019e-425e-f87bea1403f5,8,1884916,1884974,1904278,1901398,19304,19362,58,0,0,0
1904629,71a60d72-3589-8481-3bff-cf891163bec0,8,1884923,1884974,1904629,1905826,19655,19706,51,0,0,0
1905342,15ea3f98-aa86-067a-986a-0c91529b58e6,8,1884912,1884914,1905342,1910657,20428,20430,2,0,0,0
1905378,9b2a50be-2d34-80c8-a198-1a4bd1da128e,8,1884916,1884974,1905378,1911730,20404,20462,58,0,0,0
1905468,79448aad-fb30-6592-40b0-2f61276242fe,8,1884908,1884914,1905468,1909319,20554,20560,6,0,0,0
1906169,ac977f70-d11a-68ed-f421-40267ef57e55,8,1884927,1884974,1906169,1903970,21195,21242,47,0,0,0
1907424,39cd0278-116f-2be4-f2d2-b2ee4ef0137d,8,1884903,1884914,1907424,1909619,22510,22521,11,0,0,0
1907519,c12ad892-9249-01e9-e9ce-baca1141365e,8,1884905,1884914,1907519,1899420,22605,22614,9,0,0,0
1907611,9b5bfd6a-d515-e880-4f1a-9d593dd92173,8,1884926,1884974,1907611,1897528,22637,22685,48,0,0,0
1907976,41c61440-e502-54f8-2d1e-396abecc8b1b,8,1884902,1884914,1907976,1903002,23062,23074,12,0,0,0
1908302,b4b60591-78f5-d15f-efd8-bec8b95e7269,8,1884930,1884974,1908302,1908472,23328,23372,44,0,0,0
1909003,c46cad2c-5722-24ee-ae07-30caff9bc071,8,1884905,1884914,1909003,1909046,24089,24098,9,0,0,0
1909209,3332323b-4f75-0a96-c1a6-034aa7ef610e,8,1884903,1884914,1909209,1904111,24295,24306,11,0,0,0
1909610,b1ef1871-1262-d6cf-8c0d-6a8487983fcc,8,1884906,1884914,1909610,1904232,24696,24704,8,0,0,0
1909706,a373ff1b-027f-45f3-2303-64bee43554f2,8,1884903,1884914,1909706,1910790,24792,24803,11,0,0,0
1910508,d5df9347-92c9-1165-c10a-0dba69576502,8,1884925,1884974,1910508,1906919,25534,25583,49,0,0,0
1912040,cbcb02f0-2518-4946-fbd3-9f0f41721720,8,1884903,1884914,1912040,1919871,27126,27137,11,0,0,0
1913291,b706b5c0-811c-f5fe-1505-6dc8ab54e126,8,1828844,1828891,1913291,1925339,84400,84447,47,0,0,0
2020949,3f4de8fe-aa87-c37a-2188-df68b143bd38,4,1816551,1816555,2020949,2064897,204394,204398,4,0,0,0
2203271,861cf281-7c60-3d41-8fd2-e25542712423,1,2201789,2201789,2203271,2202914,1482,1482,0,0,0,0
2208921,efc45eec-ac54-2b5d-8998-849cec6d9447,1,2201259,2201259,2208921,2211152,7662,7662,0,0,0,0
2209282,b3577978-cd25-c290-e1ee-9a3c3c3bb41b,1,2201557,2201557,2209282,2207300,7725,7725,0,0,0,0
2209431,578eb12e-eeb1-d65a-0578-7987cd227601,1,2201699,2201699,2209431,2206275,7732,7732,0,0,0,0
2209558,7583bd18-48ee-4460-0b40-11c11c5e230f,1,2201845,2201849,2209558,2208446,7709,7713,4,0,0,0
2209702,c785235b-727a-8a81-417a-a4afcc1f0b70,1,2201949,2201969,2209702,2207155,7733,7753,20,0,0,0
2209818,1af42a0d-21fb-f28e-a4cd-a401adf81e94,1,2201870,2201909,2209818,2211373,7909,7948,39,0,0,0
2209851,0d756bea-2d5d-dcda-71a3-cb338b01b0c2,1,2202075,2202075,2209851,2209252,7776,7776,0,0,0,0
2209862,4861c734-03fc-245f-d7c7-782d09982fa4,1,2202164,2202164,2209862,2211098,7698,7698,0,0,0,0
2209946,26a87038-1bfd-33fe-3854-f204bc54010a,1,2202241,2202241,2209946,2212564,7705,7705,0,0,0,0
2209939,d0579aef-145a-02f7-7b28-a4a59a8019e8,1,2202259,2202301,2209939,2213600,7638,7680,42,0,0,0
2209955,1f42ec8c-2c4a-2e2c-03b5-2e867a6c3062,1,2202315,2202361,2209955,2211737,7594,7640,46,0,0,0
2210054,7fe407ef-eca5-b627-1153-3f962c48332e,1,2202258,2202301,2210054,2212654,7753,7796,43,0,0,0
2210112,e2f7608a-809a-de2d-b9b9-272169317b55,1,2202392,2202421,2210112,2210696,7691,7720,29,0,0,0
2210099,7f69ceb9-ff44-f189-9009-acaaec8a1e86,1,2202553,2202553,2210099,2212020,7546,7546,0,0,0,0
2210153,0d139b18-31a9-a467-7faf-4b307706a713,1,2202342,2202361,2210153,2210648,7792,7811,19,0,0,0
2210171,15d12089-80ff-aee8-a727-902bf563f9c0,1,2202356,2202361,2210171,2211474,7810,7815,5,0,0,0
2210286,fc1663ab-0095-43f5-3c3b-88ce4972fb40,1,2202670,2202670,2210286,2211282,7616,7616,0,0,0,0
2210345,5b4be0ff-4c87-49da-1ce0-b264c608e8b1,1,2202834,2202834,2210345,2210980,7511,7511,0,0,0,0
2210597,894ba14b-f9fa-b26f-51fd-eedf6f36a9c9,1,2203095,2203095,2210597,2212247,7502,7502,0,0,0,0
2210624,b778ea24-d3bf-37ab-a8f4-dd83a91f262e,1,2202894,2202894,2210624,2210863,7730,7730,0,0,0,0
2210774,070be0ef-ca8c-ba2a-a45b-5e2d78fc8716,1,2203127,2203155,2210774,2208746,7619,7647,28,0,0,0
2210831,7785d854-23e4-45bf-c3a2-5f768f736feb,1,2203348,2203348,2210831,2209383,7483,7483,0,0,0,0
2210990,ac5b60f3-8e5c-b9f2-924d-0581b8573d94,1,2203357,2203408,2210990,2210666,7582,7633,51,0,0,0
2211069,3d69410c-1c65-b270-e831-b595ea71fc0e,1,2203416,2203468,2211069,2212264,7601,7653,52,0,0,0
2211042,47a2b724-2d72-58dc-1610-ded7dd5291df,1,2203541,2203541,2211042,2209463,7501,7501,0,0,0,0
2211263,ac100258-f97c-093a-b1e8-24e81c3618b1,1,2203606,2203661,2211263,2208875,7602,7657,55,0,0,0
2211358,7a350455-0fe0-b1f2-f371-4a30267e693d,1,2203597,2203601,2211358,2208363,7757,7761,4,0,0,0
2211321,1ef18041-fb55-ef2d-0bf5-a774d4c8c396,1,2203658,2203661,2211321,2213479,7660,7663,3,0,0,0
2211365,c7752a28-a772-45f2-9cef-a72a32458e39,1,2203662,2203721,2211365,2214702,7644,7703,59,0,0,0
2211386,e53b4994-25d7-b127-83c8-8104caf35eeb,1,2203703,2203721,2211386,2214141,7665,7683,18,0,0,0
2211461,f5f08d95-360b-8d34-3c4e-05385e95aa5c,1,2203843,2203843,2211461,2208096,7618,7618,0,0,0,0
2211543,3cdd7ed3-2cfe-187b-bbe4-b9ec846af755,1,2203932,2203932,2211543,2211071,7611,7611,0,0,0,0
2211635,77759b1b-d67a-c620-3b1b-9e9ef717b06e,1,2203966,2203992,2211635,2212675,7643,7669,26,0,0,0
2211667,91077679-8e7b-0c2c-165a-d69ee89f396f,1,2204024,2204052,2211667,2212681,7615,7643,28,0,0,0
2211941,f733f5e5-1857-c3fb-763e-851f58162f00,1,2204158,2204158,2211941,2213368,7783,7783,0,0,0,0
2212175,14d2d62e-513f-b3f6-ce4b-f64ab4c83703,1,2204459,2204459,2212175,2213846,7716,7716,0,0,0,0
2212285,f5282b37-8c97-6c5c-9309-cd561ad9ee47,1,2204588,2204634,2212285,2212067,7651,7697,46,0,0,0
2212364,f8f30c22-7a90-603d-e740-ca34a25ad367,1,2204580,2204634,2212364,2213697,7730,7784,54,0,0,0
2212378,ba6dbd38-115a-9359-4984-fcee38bb30ab,1,2204678,2204694,2212378,2210707,7684,7700,16,0,0,0
2212381,030cb0a7-26a9-4d9e-ef72-3c6e2d017433,1,2204753,2204754,2212381,2211283,7627,7628,1,0,0,0
2212400,fbabb543-270c-3c3d-dd75-9a71bf58b0b1,1,2204700,2204754,2212400,2210853,7646,7700,54,0,0,0
2212528,de136628-88bd-f52c-1754-6b3efe0e0ca3,1,2204834,2204834,2212528,2215171,7694,7694,0,0,0,0
2212549,bcc0d0c3-1c73-ded4-d884-54aa7722f634,1,2204712,2204754,2212549,2209911,7795,7837,42,0,0,0
2212542,a606d8bb-cd82-ef51-a3f8-a128af2cb10d,1,2204912,2204954,2212542,2210641,7588,7630,42,0,0,0
2212683,1f75d3b9-7878-de8d-59b2-7bdab654dded,1,2204983,2205014,2212683,2211969,7669,7700,31,0,0,0
2212739,4ca477df-c03d-f516-e164-9a576bcc33d4,1,2204992,2205014,2212739,2213314,7725,7747,22,0,0,0
2212788,a8b097f8-9986-d76c-0a01-ec4373eab180,1,2205041,2205074,2212788,2216178,7714,7747,33,0,0,0
2212767,10b100a6-6cff-3c34-f481-f04eb1d8bf7b,1,2205075,2205134,2212767,2212816,7633,7692,59,0,0,0
2213175,9ed69269-b02c-78d1-b78b-f9dd7828de04,1,2205482,2205494,2213175,2216514,7681,7693,12,0,0,0
2213187,6b67998a-09fb-7b06-a10b-04df1819c084,1,2205446,2205494,2213187,2214751,7693,7741,48,0,0,0
2251437,8f492e32-93e3-d9df-af6f-db64873bbabf,1,2243867,2243905,2251437,2249081,7532,7570,38,0,0,0
2251693,b7ae9b51-cdba-1ac3-a975-215cf58ae9cf,1,2244079,2244079,2251693,2252940,7614,7614,0,0,0,0
2251872,fece8f34-cebe-94cd-a4f0-bff9ff37999b,1,2244316,2244340,2251872,2248690,7532,7556,24,0,0,0
2252101,da1484a0-1265-17b8-2b10-4b8b6fdb862a,1,2244442,2244463,2252101,2255235,7638,7659,21,0,0,0
2252159,c244e298-5296-82f1-8e31-a915c9e37188,1,2244410,2244463,2252159,2255304,7696,7749,53,0,0,0
2252388,4621207c-b451-2537-2959-0a1083935cc2,1,2244805,2244805,2252388,2254466,7583,7583,0,0,0,0
2252440,532c73b2-d429-b1c8-aa50-bf1904f2c8e8,1,2244848,2244865,2252440,2254228,7575,7592,17,0,0,0
2252454,86f4ae8a-0e32-3e12-2cc4-f7e28301c917,1,2244860,2244865,2252454,2252341,7589,7594,5,0,0,0
2254851,d32fa160-9b9f-1648-5bcc-5a3cb5ed038c,1,2247280,2247291,2254851,2257463,7560,7571,11,0,0,0
2255021,d82c39bc-e536-96d8-1a46-73ec78237588,1,2247251,2247291,2255021,2257580,7730,7770,40,0,0,0
2256968,2d9be2d2-95d7-d47d-43bc-32e72e6a23ed,1,2249206,2249206,2256968,2254583,7762,7762,0,0,0,0
2258323,98154259-2c1b-2ea9-a2f0-b3c4ae933082,1,2243845,2243845,2258323,2254671,14478,14478,0,0,0,0
2258552,080315b6-43bf-1843-265b-e8155fd3d9ae,1,2244079,2244079,2258552,2260753,14473,14473,0,0,0,0
2258889,5f4d6f5e-73a5-e2fb-ef1a-dcfb41fe4fb8,1,2243972,2243972,2258889,2256020,14917,14917,0,0,0,0
2258948,5c223792-cdff-9f5a-41a5-4c77ca523dc2,1,2244472,2244523,2258948,2261863,14425,14476,51,0,0,0
2258926,8bc8d901-3d52-9634-9f8a-84604fe8bc12,1,2251314,2251348,2258926,2259272,7578,7612,34,0,0,0
2258957,f40ae3c6-3153-16cf-e0c9-e68cdf55bc05,1,2244403,2244403,2258957,2253398,14554,14554,0,0,0,0
2259071,6332437d-8edc-a98c-6455-ec23ece78bb8,1,2244488,2244523,2259071,2264950,14548,14583,35,0,0,0
2259105,17eed41c-f2ff-7a3b-0edc-1761168e80f1,1,2244280,2244280,2259105,2256423,14825,14825,0,0,0,0
2259162,2197f7b7-0439-5b6b-3968-a485dab1d151,1,2244320,2244340,2259162,2259870,14822,14842,20,0,0,0
2259331,a5bf5b50-da5b-2bf4-3bed-453a95ddb09e,1,2244867,2244925,2259331,2255511,14406,14464,58,0,0,0
2259527,91888926-5c22-fb84-da2d-d7e338e30dca,1,2244963,2244985,2259527,2262373,14542,14564,22,0,0,0
2259622,747a6035-82e8-78dc-a05f-a20b62cf8e7e,1,2252093,2252134,2259622,2257048,7488,7529,41,0,0,0
2259670,d3814c27-6a85-c0f7-5912-f10962ec5d80,1,2252106,2252134,2259670,2261045,7536,7564,28,0,0,0
2259767,a23c2390-fc2a-4d41-b8e9-f3348796cc19,1,2252110,2252134,2259767,2257348,7633,7657,24,0,0,0
2259851,ebcca83c-dad9-d1a2-38c7-72350be381a8,1,2252135,2252194,2259851,2257717,7657,7716,59,0,0,0
2261835,930313a6-a233-edf0-fc4a-558a1b935362,1,2247349,2247351,2261835,2262951,14484,14486,2,0,0,0
2262507,62f31a1a-598e-e101-a9c6-ec4f72c7a0a7,1,2254802,2254802,2262507,2259382,7705,7705,0,0,0,0
2265179,67eb91a9-0b5e-aa99-c64b-b38b533a66a5,1,2257593,2257593,2265179,2262923,7586,7586,0,0,0,0
2265309,8dbfc11c-d6d5-b8eb-dddb-ad239ccf72fe,1,2257611,2257653,2265309,2268022,7656,7698,42,0,0,0
2265460,40095930-a3ad-ad40-7a02-671b340f70b7,1,2257836,2257836,2265460,2262032,7624,7624,0,0,0,0
2265543,2243e46c-b32a-74c3-b66f-200dbb0f5aea,1,2257859,2257896,2265543,2268672,7647,7684,37,0,0,0
2266773,b823b2b3-837b-1dc5-f454-2acb337d3f2d,1,2252190,2252194,2266773,2263102,14579,14583,4,0,0,0
2268435,d8590e90-9d3d-3f52-931e-53f45b565144,1,2253520,2253520,2268435,2266736,14915,14915,0,0,0,0
2269278,74d033a1-0d82-f2a5-68d1-23cdb0cf1272,1,2261734,2261759,2269278,2272099,7519,7544,25,0,0,0
2269298,f8624c2b-c40f-ae82-7fb2-7891363d3b7f,1,2261699,2261699,2269298,2271446,7599,7599,0,0,0,0
2269290,945d09a4-7841-1920-1f01-8aad9f50d468,1,2261705,2261759,2269290,2269866,7531,7585,54,0,0,0
2270989,c2f04e50-2ac6-6e9b-29e7-d32cb3d7071b,1,2263365,2263365,2270989,2269507,7624,7624,0,0,0,0
2271289,1ef02da5-8edb-5fe1-aba9-4a0ce43144ed,1,2263607,2263634,2271289,2270853,7655,7682,27,0,0,0
2271323,62dc1ae6-2c17-b9a3-f284-0d390f8dae26,1,2268586,2268586,2271323,2271394,2737,2737,0,0,0,0
2271369,1c1a9a23-c682-aa52-386d-0d34bb8a033c,1,2263574,2263574,2271369,2274502,7795,7795,0,0,0,0
2271449,2521ead4-7044-e022-ca6a-518f17cc3ea3,1,2268692,2268692,2271449,2272259,2757,2757,0,0,0,0
2271552,b03cbb07-8493-192b-cb1d-b4d4996398e8,1,2268811,2268811,2271552,2272123,2741,2741,0,0,0,0
2271952,b959971e-251f-f5c1-af06-dff31a66f9ec,1,2264358,2264358,2271952,2272939,7594,7594,0,0,0,0
2272181,41bf7a21-cbd0-e8d1-67f2-411bd332f361,1,2257690,2257713,2272181,2267015,14468,14491,23,0,0,0
2272345,c66c7f79-f1c0-fa84-f95d-5953d0c17441,1,2264840,2264862,2272345,2273074,7483,7505,22,0,0,0
2272416,d740e77d-e942-c04b-7bd4-69abf03444fb,1,2264878,2264922,2272416,2270293,7494,7538,44,0,0,0
2272509,2ede4422-c162-ee8e-f7d3-534d48bf00d0,1,2257843,2257896,2272509,2267738,14613,14666,53,0,0,0
2272604,d6eec310-13ae-642b-0090-f561624f699c,1,2264970,2264982,2272604,2275904,7622,7634,12,0,0,0
2272709,40116273-42da-f860-a60f-dbbfa0895a9d,1,2257687,2257713,2272709,2269446,14996,15022,26,0,0,0
2272786,f3b8b707-361d-daad-8b03-f08af26a71e9,1,2257845,2257896,2272786,2274168,14890,14941,51,0,0,0
2272790,3ef0a8b5-5f83-4fe9-2630-a7485e45cac2,1,2265050,2265102,2272790,2269180,7688,7740,52,0,0,0
2277766,6fcf5292-f733-9a3c-3b21-72f0dd0b5755,1,2269969,2270023,2277766,2277697,7743,7797,54,0,0,0
2277798,a12f9473-9dfb-d067-ed5f-82b3c542806f,1,2269963,2269963,2277798,2276622,7835,7835,0,0,0,0
2278422,ebfe213e-21b0-319d-a037-ff939b47338b,1,2270808,2270808,2278422,2281373,7614,7614,0,0,0,0
2279430,ff02aafa-e0e2-2efe-1d51-16c2796b584b,1,2271736,2271736,2279430,2281665,7694,7694,0,0,0,0
2279558,4c2c39d1-a1b7-f5d9-3339-dfb8778aa5bb,1,2271371,2271409,2279558,2281379,8149,8187,38,0,0,0
2279534,0ad2be24-14f4-884f-59df-2af88bb3870b,1,2271372,2271409,2279534,2275776,8125,8162,37,0,0,0
2279559,2ac5a601-4196-1a47-84d2-1b65ab94d7e3,1,2271372,2271409,2279559,2282273,8150,8187,37,0,0,0
2279558,b35707fc-f0bc-3792-aacb-644c9bf8621b,1,2271372,2271409,2279558,2282985,8149,8186,37,0,0,0
2279564,6bc6ec62-3f86-6bf1-4aa0-953af82c4c7b,1,2271372,2271409,2279564,2279651,8155,8192,37,0,0,0
2279550,ab192581-9692-f2d1-c26b-a7c64b6ab93c,1,2271372,2271409,2279550,2278750,8141,8178,37,0,0,0
2279550,b0b59f70-1dc2-4708-c86d-7a24673b547a,1,2271373,2271409,2279550,2275823,8141,8177,36,0,0,0
2279543,23b55749-95dd-8c7d-4d34-28e7a2ce9d90,1,2271375,2271409,2279543,2279551,8134,8168,34,0,0,0
2279560,dbbf300b-f053-526e-8210-703ce4d553f7,1,2271376,2271409,2279560,2275880,8151,8184,33,0,0,0
2279532,330c6855-734d-7bc5-eab6-15cd8697dcad,1,2271377,2271409,2279532,2283118,8123,8155,32,0,0,0
2279539,ae00bf9d-861b-4490-2a9b-b1edd5ad1c06,1,2271377,2271409,2279539,2279360,8130,8162,32,0,0,0
2279518,f421936d-4f92-477a-0ec5-47720e850e6b,1,2271377,2271409,2279518,2278649,8109,8141,32,0,0,0
2279551,9d3997a2-8939-e31a-ef27-865bcefd51e4,1,2271377,2271409,2279551,2282039,8142,8174,32,0,0,0
2279551,b6a99227-b96f-d06b-4d3d-a7b8a36cb32b,1,2271378,2271409,2279551,2282911,8142,8173,31,0,0,0
2279552,02506469-4c61-0136-c9e6-6d52accb60ff,1,2271379,2271409,2279552,2278535,8143,8173,30,0,0,0
2279546,f57e6f5d-00e9-6548-7178-0a92e6eeba72,1,2271380,2271409,2279546,2279847,8137,8166,29,0,0,0
2279555,e84e3bd6-753b-e46c-c264-9cacffc7b392,1,2271380,2271409,2279555,2282234,8146,8175,29,0,0,0
2279540,1f244b3a-a251-86b3-f3a2-2d6a14a607f1,1,2271381,2271409,2279540,2279402,8131,8159,28,0,0,0
2279522,4ccf9f22-16a8-778a-5b50-c965576818b5,1,2271777,2271796,2279522,2276765,7726,7745,19,0,0,0
2279593,7f5c6add-c366-77fd-17e6-78cb909e188b,1,2271372,2271409,2279593,2283042,8184,8221,37,0,0,0
2279566,d7b41c99-75c5-a2c6-2859-b98f8bd16f49,1,2271372,2271409,2279566,2279640,8157,8194,37,0,0,0
2279601,f625a53a-639d-2d06-0730-16c6cabb8a7c,1,2271373,2271409,2279601,2283459,8192,8228,36,0,0,0
2279567,56029ffd-8349-7250-ca12-f4df3feed839,1,2271376,2271409,2279567,2278474,8158,8191,33,0,0,0
2279572,f44d058a-b792-04eb-c623-d9d0df8f2b69,1,2271377,2271409,2279572,2277866,8163,8195,32,0,0,0
2279567,3904a036-0ab5-b0af-0286-3337efe7d24b,1,2271380,2271409,2279567,2278564,8158,8187,29,0,0,0
2279592,95adb91b-de4d-da34-ca3e-15b19ffc974c,1,2271382,2271409,2279592,2281659,8183,8210,27,0,0,0
2279783,c9b11bcc-68f4-5844-9dcb-7141f350c217,1,2264954,2264982,2279783,2273697,14801,14829,28,0,0,0
2280764,fe8ce2e2-8661-cad0-6af2-7ff46dd69c92,1,2262536,2262567,2280764,2289543,18197,18228,31,0,0,0
2283145,25aad0d9-4c1d-1f89-0eec-639a4c0c2acd,1,2275648,2275648,2283145,2283735,7497,7497,0,0,0,0
2283164,890e8799-d697-27e7-f376-ecfa5c551f7b,1,2275673,2275708,2283164,2286830,7456,7491,35,0,0,0
2284502,28848e97-5a69-9dab-9d1b-779dcc2d9252,1,2276917,2276917,2284502,2284657,7585,7585,0,0,0,0
2284772,63083744-2381-6061-4aee-a8e37c430d7a,1,2277061,2277100,2284772,2286209,7672,7711,39,0,0,0
2285339,4a70d943-e232-361b-b96c-4eb76bd14d9b,1,2277589,2277589,2285339,2285208,7750,7750,0,0,0,0
2285708,876fade3-c538-56f4-0643-b3b9947d02d6,1,2278150,2278150,2285708,2287139,7558,7558,0,0,0,0
2285835,0c2e502a-ea19-1838-6f22-0182097e2680,1,2278283,2278283,2285835,2287276,7552,7552,0,0,0,0
2285960,55981136-0d82-e907-d62e-1e2b0afbabe1,1,2278420,2278420,2285960,2285916,7540,7540,0,0,0,0
2286007,649f6efd-6af6-6328-001d-0b474e6466f4,1,2278434,2278480,2286007,2283517,7527,7573,46,0,0,0
2286464,7f5f056c-d13b-e2f7-2e4e-f21a799c7542,1,2271658,2271674,2286464,2285276,14790,14806,16,0,0,0
2286888,4a45609d-2350-810b-5d27-a126ed9f8d7c,1,2279330,2279384,2286888,2290448,7504,7558,54,0,0,0
2286994,d31e1d2c-4eb1-6c16-d733-909426b71b11,1,2279324,2279324,2286994,2283536,7670,7670,0,0,0,0
2287064,0bc5aa9b-1570-43b1-eb7e-987635418d1a,1,2279335,2279384,2287064,2290652,7680,7729,49,0,0,0
2287045,cac7ab8f-267e-8f89-6616-918475cf3261,1,2279355,2279384,2287045,2285743,7661,7690,29,0,0,0
2290120,993c71b9-d5a7-e164-6115-51d626ca2c0f,1,2282576,2282576,2290120,2291191,7544,7544,0,0,0,0
2290184,4392f023-b3c0-0d0c-2e99-521ba24d2c43,1,2275697,2275708,2290184,2295785,14476,14487,11,0,0,0
2290188,abcd59d6-1fb4-6222-13f1-5f091b9ebf85,1,2282590,2282636,2290188,2287096,7552,7598,46,0,0,0
2290173,ee525fc1-d117-329c-28e3-63faa65eaeec,1,2282601,2282636,2290173,2288866,7537,7572,35,0,0,0
2290262,0d201423-b6e4-1bd8-0723-9b3f7a63342b,1,2282599,2282636,2290262,2289496,7626,7663,37,0,0,0
2290328,c61186bd-3aea-b088-37ee-beccaef35465,1,2275721,2275768,2290328,2283995,14560,14607,47,0,0,0
2290381,47b94c61-073d-7123-cb2e-29450cb0153d,1,2282642,2282696,2290381,2288968,7685,7739,54,0,0,0
2290496,6ccb00fc-4d14-a4e0-ba2f-7c38f07ee76a,1,2282941,2282996,2290496,2292630,7500,7555,55,0,0,0
2290591,2cddbe4d-4c5f-eada-e3d9-1ce29b8c9417,1,2282958,2282996,2290591,2292893,7595,7633,38,0,0,0
2291693,164d72ea-fff8-e63a-a87e-6f47558fa5ae,1,2277040,2277040,2291693,2292189,14653,14653,0,0,0,0
2292490,cd8074b7-b478-27ed-2649-30134a82a7ea,1,2277936,2277936,2292490,2298690,14554,14554,0,0,0,0
2293300,a5efd256-9588-122c-8b14-4f94c1e7c308,1,2278473,2278480,2293300,2287246,14820,14827,7,0,0,0
2293875,ca6de99b-f4f3-015e-b3e4-314571e77582,1,2286356,2286371,2293875,2296921,7504,7519,15,0,0,0
2294091,3f3e1d01-6582-c5b0-84e1-83e9b099f4b5,1,2279501,2279504,2294091,2298102,14587,14590,3,0,0,0
2294208,b8f63f3c-844d-1991-b40a-e22efb91beaa,1,2286629,2286640,2294208,2295934,7568,7579,11,0,0,0
2294428,0bfeb31f-b7ea-ece0-130c-7a15afa471a6,1,2286801,2286820,2294428,2292540,7608,7627,19,0,0,0
2294446,5e219c30-aa9e-500c-1558-e6c0b314ae42,1,2279443,2279444,2294446,2292404,15002,15003,1,0,0,0
2294749,cf32027b-d6cf-6f1c-aff7-7e48a2b2f049,1,2287092,2287097,2294749,2294271,7652,7657,5,0,0,0
2294726,481edaa3-6d49-73e2-9dda-e5a0757a5d0a,1,2287267,2287267,2294726,2293052,7459,7459,0,0,0,0
2295028,b6ee88fa-0aa2-2a84-98e8-9c5584e0578a,1,2287508,2287508,2295028,2294222,7520,7520,0,0,0,0
2295375,de199b18-574c-e1d0-8d29-6b30c696af69,1,2287796,2287796,2295375,2297689,7579,7579,0,0,0,0
2295614,f69383cf-5723-6264-e336-32e1408cb9ea,1,2287943,2287943,2295614,2297731,7671,7671,0,0,0,0
2295750,e9ae8b90-e223-8e52-2f00-3de48a863662,1,2288233,2288233,2295750,2292653,7517,7517,0,0,0,0
2296023,e5434435-30d8-c58e-be13-6352cc6ef907,1,2288499,2288499,2296023,2296183,7524,7524,0,0,0,0
2296221,4c19b936-eb25-f47f-d331-89419f46e04f,1,2288655,2288655,2296221,2292925,7566,7566,0,0,0,0
2296771,aab87f0f-5454-f4d3-355f-6942f6b46328,1,2289058,2289058,2296771,2298221,7713,7713,0,0,0,0
2296781,965250ee-2444-d471-ce75-6d6153cf6453,1,2289198,2289198,2296781,2298330,7583,7583,0,0,0,0
2297155,f142b1ca-ea1c-4acc-35db-7bf012a60a3c,1,2282609,2282636,2297155,2295563,14519,14546,27,0,0,0
2297328,ec3fd2c2-515b-3539-c3b1-940e3434a281,1,2282621,2282636,2297328,2301142,14692,14707,15,0,0,0
2297321,fde0a8e5-461d-3376-ae3d-16ba57e44133,1,2289562,2289562,2297321,2294635,7759,7759,0,0,0,0
2297315,3641b4dd-a333-b746-197c-93407e36c219,1,2289681,2289690,2297315,2297013,7625,7634,9,0,0,0
2297638,6ed68c77-11f7-c7fe-155a-7be40686f21e,1,2282927,2282936,2297638,2292774,14702,14711,9,0,0,0
2297767,aed20342-04f6-d028-1a53-83cf7d6d99f3,1,2290177,2290199,2297767,2295599,7568,7590,22,0,0,0
2298350,f02a2faa-9014-9ac6-722b-80d189800ffc,1,2290723,2290723,2298350,2296426,7627,7627,0,0,0,0
2298629,4b14469d-d4d8-fd21-75c1-423f96520c90,1,2283662,2283662,2298629,2301702,14967,14967,0,0,0,0
2299209,173414ad-0977-2659-8d6d-821e95355248,1,2291603,2291635,2299209,2297801,7574,7606,32,0,0,0
2299246,31ed5e54-6407-e982-35b2-efd8c0dbd3aa,1,2291575,2291575,2299246,2296202,7671,7671,0,0,0,0
2299908,434f03ee-8c86-cb3e-54e0-6cf4804ca128,1,2292327,2292353,2299908,2296319,7555,7581,26,0,0,0
2301174,3c040d00-58a1-80ea-14fa-60545386793f,1,2286580,2286580,2301174,2297312,14594,14594,0,0,0,0
2301551,8d6837f6-c001-0105-acfd-faf14216a82d,1,2293991,2294025,2301551,2302398,7526,7560,34,0,0,0
2301610,1ef6363e-ceb6-da79-3c4d-58c5092b7823,1,2293993,2294025,2301610,2302140,7585,7617,32,0,0,0
2301854,f18f94e5-0817-73e2-e243-8eed42ba45cf,1,2294096,2294145,2301854,2299461,7709,7758,49,0,0,0
2302234,d4a1f06a-329c-ccec-8fe4-a9923fef21c2,1,2294528,2294548,2302234,2303229,7686,7706,20,0,0,0
2302454,2f91867d-1c52-9fbc-93ec-61abcbe9dc55,1,2294695,2294695,2302454,2304205,7759,7759,0,0,0,0
2302642,af106b08-1689-0060-32f6-7c85f7c9fdd4,1,2287703,2287703,2302642,2307564,14939,14939,0,0,0,0
2302693,5228f6b1-29be-2c5e-ee0f-13a4e8600d28,1,2294997,2295055,2302693,2304852,7638,7696,58,0,0,0
2302762,ee07762b-2872-0c9f-e446-a66ba482e73a,1,2295155,2295175,2302762,2303927,7587,7607,20,0,0,0
2303029,41167703-c5b3-98d6-436c-00aacd590016,1,2295482,2295495,2303029,2302454,7534,7547,13,0,0,0
2303062,b03b1bb7-640a-9390-b3a8-df5e148c5b22,1,2295406,2295435,2303062,2302409,7627,7656,29,0,0,0
2303213,b3528c45-d00c-4557-0700-97be3f74de39,1,2295648,2295675,2303213,2306334,7538,7565,27,0,0,0
2303260,701f3bb6-cc0c-4032-485e-64bd4a4855b2,1,2295632,2295675,2303260,2302924,7585,7628,43,0,0,0
2303448,8787c16c-218b-b19c-a4a7-80117804a35d,1,2295845,2295870,2303448,2305018,7578,7603,25,0,0,0
2303516,39c73459-71eb-1719-ee42-f488643b0587,1,2288978,2288978,2303516,2301739,14538,14538,0,0,0,0
2304431,ec96a732-848f-0ea1-0642-0aa22ffb63a2,1,2296682,2296682,2304431,2302065,7749,7749,0,0,0,0
2304700,4676209d-fa24-3a22-6e07-db80e92738ed,1,2296887,2296891,2304700,2303829,7809,7813,4,0,0,0
2304769,1d2c951f-8427-a8d7-ed16-dc604f818984,1,2290378,2290379,2304769,2303251,14390,14391,1,0,0,0
2304954,9fff056b-3b1b-25fc-32e8-e10d9fdec1c1,1,2297165,2297215,2304954,2304362,7739,7789,50,0,0,0
2305385,a1bbaa6e-e974-25ae-c2cb-40e836f70e19,1,2290383,2290439,2305385,2304978,14946,15002,56,0,0,0
2306279,c1687428-138f-2b44-a51f-5f81ec9e0dae,1,2291683,2291695,2306279,2300721,14584,14596,12,0,0,0
2307056,5d2714df-6d00-6ab4-525e-648cd308d6ab,1,2292534,2292550,2307056,2309954,14506,14522,16,0,0,0
2307863,584f0eeb-4517-7af7-266e-edabe98c9cdd,1,2293046,2293065,2307863,2301497,14798,14817,19,0,0,0
2308575,8a28a9ea-64c8-6737-91cb-4c9b21fb7428,1,2293949,2293965,2308575,2301244,14610,14626,16,0,0,0
2309152,860739ff-2b4a-b7e9-43de-56823a961713,1,2294530,2294548,2309152,2308376,14604,14622,18,0,0,0
2311856,aaf776a0-a269-3bf9-4924-4e4211a4a490,1,2297321,2297335,2311856,2309455,14521,14535,14,0,0,0
2312184,3652b8c4-7656-c7eb-9fe8-45d7a32f8df0,1,2297241,2297275,2312184,2309768,14909,14943,34,0,0,0
2356459,11914d3d-b4ca-6c69-6a0c-364c5fa939e6,1,2348855,2348855,2356459,2355004,7604,7604,0,0,0,0
2356719,c0b33263-ee67-971e-42c1-6b47ed33974e,1,2349223,2349223,2356719,2356675,7496,7496,0,0,0,0
2356987,4e6e7125-e822-7203-3004-66a15c0756dd,1,2349387,2349387,2356987,2354321,7600,7600,0,0,0,0
2358834,6586fee0-b5b6-4655-cf2d-8d408b6bc77c,1,2351138,2351138,2358834,2356050,7696,7696,0,0,0,0
2359223,9ecbef4e-744f-69c1-0a6b-804747cba7c8,1,2351703,2351703,2359223,2361780,7520,7520,0,0,0,0
2362810,f90ee4c5-7132-188d-f3e9-13ce2bad09ae,1,2355136,2355136,2362810,2363275,7674,7674,0,0,0,0
2363520,e450bf98-39bf-468b-5775-29ae47b2d92e,1,2355964,2355964,2363520,2363242,7556,7556,0,0,0,0
2364863,baa7df4d-9347-2063-9902-3d836a1f6b87,1,2357373,2357373,2364863,2362135,7490,7490,0,0,0,0
2365306,902a3cf3-9216-d408-9ca2-a477dfdf52bc,1,2350811,2350811,2365306,2360437,14495,14495,0,0,0,0
2365415,4fef49cc-842c-5546-d8a4-e09af5efffb6,1,2350836,2350871,2365415,2359753,14544,14579,35,0,0,0
2365564,ba18b63b-e018-c842-71c1-b81754e932b0,1,2350889,2350931,2365564,2363834,14633,14675,42,0,0,0
2365785,0cc3d4f8-6996-8407-0ef6-f8054782ab6b,1,2358151,2358178,2365785,2366531,7607,7634,27,0,0,0
2365844,2041fc4e-3f15-693d-c81c-0bf9794deba8,1,2358215,2358238,2365844,2367552,7606,7629,23,0,0,0
2367481,d56d743f-c452-74c1-bf47-601574bb89c5,1,2353080,2353080,2367481,2373840,14401,14401,0,0,0,0
2368230,0b535892-3068-dadd-f4b5-de9bad493c66,1,2353573,2353573,2368230,2363874,14657,14657,0,0,0,0
2368855,d3cc2e59-c694-7752-e89e-e608b6d81ab0,1,2361118,2361139,2368855,2368674,7716,7737,21,0,0,0
2368998,27b3d866-2803-82c4-5bb9-f184ab678c1d,1,2354348,2354368,2368998,2362808,14630,14650,20,0,0,0
2369189,c466fcbd-890d-3b73-d4e9-bb0cb195156b,1,2354308,2354308,2369189,2364252,14881,14881,0,0,0,0
2369276,9082575e-10ac-6b96-330f-2c127dfc3668,1,2361569,2361613,2369276,2370508,7663,7707,44,0,0,0
2369428,95f7c4b4-c308-cbdb-db06-96a1ce575d16,1,2361703,2361733,2369428,2372276,7695,7725,30,0,0,0
2369501,46d4e800-b94a-55b5-3566-8f5b6a775e3f,1,2361871,2361871,2369501,2370942,7630,7630,0,0,0,0
2369582,5a3ff163-06cd-0f2f-684a-d9cc466da5cf,1,2354679,2354679,2369582,2368621,14903,14903,0,0,0,0
2369569,eb00c61b-08e6-f460-ce27-4d471158fcad,1,2361887,2361931,2369569,2372943,7638,7682,44,0,0,0
2369888,c3d81f1c-f74e-0d09-4857-115e6b2e4031,1,2362268,2362268,2369888,2372936,7620,7620,0,0,0,0
2369912,ef4da4fe-7177-3418-3d7e-09e6c60c3cd4,1,2355449,2355449,2369912,2372172,14463,14463,0,0,0,0
2370746,1ed30ffb-f93d-ed9b-ce2d-19cc7ad539fb,1,2363042,2363065,2370746,2368966,7681,7704,23,0,0,0
2370916,1f1300c0-c9dc-53aa-a819-40bd51816c0f,1,2363243,2363289,2370916,2374143,7627,7673,46,0,0,0
2371105,069eb35f-8a38-c4af-999e-878fd1aaf53d,1,2356519,2356552,2371105,2374064,14553,14586,33,0,0,0
2371576,249b6445-d46a-312f-82f2-a96eeaf45eca,1,2356529,2356552,2371576,2366797,15024,15047,23,0,0,0
2371781,ea631029-bb2d-e18e-0591-dcc5bf28d3e4,1,2364029,2364029,2371781,2375016,7752,7752,0,0,0,0
2371946,a6c0601f-4d13-bf6d-5378-35c5eb9c30db,1,2357413,2357433,2371946,2366828,14513,14533,20,0,0,0
2372268,d72e6e5a-1403-caf3-309d-b4faaf52a471,1,2364502,2364502,2372268,2373748,7766,7766,0,0,0,0
2372451,7fe7a5b4-9486-0781-93ce-40d5ee453188,1,2364772,2364828,2372451,2374467,7623,7679,56,0,0,0
2372488,0a0c4ea6-0007-e233-1519-c716eeca9950,1,2357678,2357687,2372488,2377562,14801,14810,9,0,0,0
2372534,d2e3903d-1ca0-b929-0335-16da33caca35,1,2357965,2357998,2372534,2379571,14536,14569,33,0,0,0
2372539,f6c8ae05-d84f-588e-03dd-3d6b56b4be33,1,2364768,2364768,2372539,2373385,7771,7771,0,0,0,0
2372693,603c50b9-c597-3765-ae58-56480178432d,1,2364903,2364948,2372693,2369034,7745,7790,45,0,0,0
2372842,2af53bba-e558-9049-3489-9ff30503812f,1,2365089,2365089,2372842,2375509,7753,7753,0,0,0,0
2373305,49943c81-6ef0-4ffd-986a-470dbfb78812,1,2358540,2358540,2373305,2376128,14765,14765,0,0,0,0
2373380,2ab52672-ddc5-c99b-f512-196a35935cc2,1,2358687,2358687,2373380,2377153,14693,14693,0,0,0,0
2373551,73f387c3-7d6b-ed39-be96-7bc1bb7be5ce,1,2359175,2359175,2373551,2373526,14376,14376,0,0,0,0
2373576,bda0d84b-7236-3ae1-f278-7bc7089ad85d,1,2365855,2365905,2373576,2374370,7671,7721,50,0,0,0
2373852,19bbbcd5-cf7b-1add-09ad-0c12ab1dd67f,1,2366057,2366057,2373852,2377417,7795,7795,0,0,0,0
2373989,2eb7b9ea-3458-3555-0907-b93b0488d6ea,1,2366202,2366202,2373989,2375028,7787,7787,0,0,0,0
2374042,a82d201f-31f4-5a7b-cac3-e2258438e796,1,2359631,2359631,2374042,2376486,14411,14411,0,0,0,0
2374114,d64a5ad9-3952-e0ff-89a9-86302074bfce,1,2359340,2359355,2374114,2378506,14759,14774,15,0,0,0
2374220,de760cf4-59e0-3782-64c0-efa6e0940f80,1,2359746,2359746,2374220,2378500,14474,14474,0,0,0,0
2374716,db3af9c7-c250-d925-8c2f-9a9e74ad3a0d,1,2366950,2366956,2374716,2375112,7760,7766,6,0,0,0
2375469,0545be30-3684-5352-9461-62dfa27b4e40,1,2360959,2360959,2375469,2373063,14510,14510,0,0,0,0
2375743,e0cd50cf-cdf3-225f-196d-3d73eaf1ea4b,1,2361041,2361079,2375743,2371246,14664,14702,38,0,0,0
2375823,7c45de70-cdab-36c5-1648-43921d0c3e08,1,2361041,2361079,2375823,2369974,14744,14782,38,0,0,0
2473274,d996effa-c685-3254-8cd2-6500939a3d2b,1,2467599,2467657,2473274,2475192,5617,5675,58,0,0,0
2476753,37d8d41d-f35b-b72a-6b4e-da4450e9b5ff,1,2467597,2467597,2476753,2476956,9156,9156,0,0,0,0
2476766,ced0e381-2dfa-753b-9214-faf8457326fd,1,2467597,2467597,2476766,2475254,9169,9169,0,0,0,0
2476806,570e9fa3-2645-3284-4cc1-9b1fba478d78,1,2467597,2467597,2476806,2475598,9209,9209,0,0,0,0
2476843,e4dd5b35-2450-f447-218b-8dbb4fbebd09,1,2467597,2467597,2476843,2473112,9246,9246,0,0,0,0
2476852,cb5cb78b-ed46-1810-6286-9ca9c4ee633f,1,2467597,2467597,2476852,2475672,9255,9255,0,0,0,0
2476843,2144e562-e4a1-3386-fcf6-1b8ad58ed942,1,2467597,2467597,2476843,2472226,9246,9246,0,0,0,0
2476852,5182dcba-a8c8-5c1e-fbd7-627974606ba3,1,2467597,2467597,2476852,2475159,9255,9255,0,0,0,0
2476860,c1785413-d8c4-8c88-ed42-56c5ba7240a2,1,2467600,2467657,2476860,2476625,9203,9260,57,0,0,0
2476846,13dea383-c5fc-931c-8eec-ba83a7f70a80,1,2469222,2469222,2476846,2473653,7624,7624,0,0,0,0
2476924,ab3d2457-4341-d4d3-57d2-043d1b151a9b,1,2467600,2467657,2476924,2481093,9267,9324,57,0,0,0
2476889,a96af085-c063-be50-24de-a1db229066fb,1,2467600,2467657,2476889,2477541,9232,9289,57,0,0,0
2476914,e14e4344-17f6-d756-88b7-888dd4fc11a5,1,2467600,2467657,2476914,2472550,9257,9314,57,0,0,0
2476915,99f09228-8444-0efa-9f25-84d2f68b0853,1,2467600,2467657,2476915,2480708,9258,9315,57,0,0,0
2476925,e36635d1-c30d-6cc1-62e3-51a8b1203bde,1,2467601,2467657,2476925,2473978,9268,9324,56,0,0,0
2476992,ff92e420-75b2-4f97-43e7-39bd16698f09,1,2467597,2467597,2476992,2481155,9395,9395,0,0,0,0
2476990,e139616f-7e7d-d330-e1b9-70f88721b0b3,1,2467600,2467657,2476990,2474800,9333,9390,57,0,0,0
2477010,373efa41-0f42-9228-12eb-7bd6ec20605c,1,2467601,2467657,2477010,2474501,9353,9409,56,0,0,0
2477017,e874d57a-b241-7db3-2c8f-b1976009980f,1,2467601,2467657,2477017,2473574,9360,9416,56,0,0,0
2477545,d7e281fc-68bb-6647-dbbc-1cb844cce723,1,2470026,2470026,2477545,2480732,7519,7519,0,0,0,0
2478333,42e26965-6b31-a530-48a1-0b40478ba882,1,2470528,2470528,2478333,2477482,7805,7805,0,0,0,0
2478512,871ff1c9-e63e-0568-8853-b66ab5d0ec45,1,2470751,2470751,2478512,2479466,7761,7761,0,0,0,0
2479598,7e5083b9-dd80-1c37-30b7-6ffe7265275d,1,2472044,2472044,2479598,2482805,7554,7554,0,0,0,0
2479692,22536c0f-b9a3-ff8c-784d-1c98c44a425c,1,2472051,2472104,2479692,2482770,7588,7641,53,0,0,0
2480911,c0fbba4e-e5d6-0e4e-8dda-f5e0742e42fa,1,2473221,2473221,2480911,2477705,7690,7690,0,0,0,0
2481341,6eed692b-8cc2-b0c5-12a1-9abf77a16e68,1,2473677,2473677,2481341,2480041,7664,7664,0,0,0,0
2482441,b999ddc0-f6f0-f561-9457-552fc9fe77ff,1,2467930,2467930,2482441,2488783,14511,14511,0,0,0,0
2483494,3a289a44-7608-a31b-f27d-216c5bd24f53,1,2468805,2468805,2483494,2479711,14689,14689,0,0,0,0
2484917,d2ad61b3-5736-815c-bae1-6bf2ffbdfd1f,1,2477285,2477285,2484917,2484889,7632,7632,0,0,0,0
2485312,f6d4beb8-4987-bf32-bb67-2fd6c2c11f7f,1,2470831,2470831,2485312,2478852,14481,14481,0,0,0,0
2487241,7acc0b9c-6496-f68e-8b9a-85bc41e7528b,1,2472273,2472273,2487241,2487268,14968,14968,0,0,0,0
2488030,0b178746-7fd9-d256-bfad-f4fc79bd7668,1,2473098,2473098,2488030,2480642,14932,14932,0,0,0,0
2488643,f33bc866-cf3c-36fa-7005-ba8d6c7c9669,1,2481028,2481055,2488643,2486077,7588,7615,27,0,0,0
2488749,05eb3714-2d8a-bb8d-8ce8-06aa6ceaf7eb,1,2481129,2481129,2488749,2490045,7620,7620,0,0,0,0
2488871,f6c45ed5-868d-5efb-eb87-aab3f170b904,1,2474360,2474360,2488871,2493594,14511,14511,0,0,0,0
2488923,c6adf5ae-5cdc-a45e-01b5-fd3911f73436,1,2481283,2481283,2488923,2491132,7640,7640,0,0,0,0
2489517,8659b285-117b-6132-356a-8f9eacc979e2,1,2474670,2474670,2489517,2483887,14847,14847,0,0,0,0
2489748,854d8630-83e6-c80f-35e9-7e8289ea0125,1,2482030,2482088,2489748,2487166,7660,7718,58,0,0,0
2490370,a1a2bd10-c75d-8736-f16a-e216d575c7dd,1,2482660,2482704,2490370,2487061,7666,7710,44,0,0,0
2490402,7d463473-8a78-980f-d5f2-0495ab26beba,1,2482807,2482807,2490402,2487683,7595,7595,0,0,0,0
2490517,0b705e63-0bd0-8e3f-e338-3bd72056c44d,1,2482937,2482937,2490517,2493855,7580,7580,0,0,0,0
2490689,39d89067-81e7-c7c0-57cc-90ecb24bc220,1,2482958,2482997,2490689,2487015,7692,7731,39,0,0,0
2490816,da004752-5298-e6bb-8602-29a4ea55292d,1,2475981,2475981,2490816,2496620,14835,14835,0,0,0,0
2490863,aa86ab4d-52fc-4068-0839-024fae818cf0,1,2483261,2483306,2490863,2487820,7557,7602,45,0,0,0
2490974,7d894735-a26c-599e-4307-f13d5cdf9d3f,1,2483314,2483366,2490974,2494314,7608,7660,52,0,0,0
2491537,aeee9c64-2ccd-55ad-dc98-59940df39203,1,2483805,2483846,2491537,2488504,7691,7732,41,0,0,0
2491529,fb51cad2-16d7-dcab-bf0f-f8233a3371b5,1,2483824,2483846,2491529,2493719,7683,7705,22,0,0,0
2491679,161683aa-95ba-5f95-6c07-aedaf70f47b3,1,2483902,2483906,2491679,2493074,7773,7777,4,0,0,0
2492734,dc217d0c-bdb9-3de6-618b-071c87c5c0f3,1,2485050,2485050,2492734,2491254,7684,7684,0,0,0,0
2492977,a2c1c19a-7cf2-787e-39b5-dc0b7947350a,1,2485406,2485415,2492977,2492783,7562,7571,9,0,0,0
2493156,cccebde7-b7d2-d49a-89a8-29aa142577ad,1,2485455,2485475,2493156,2493560,7681,7701,20,0,0,0
2493822,f644ac1a-d4c5-12d3-16de-e31562b0e537,1,2486199,2486212,2493822,2496775,7610,7623,13,0,0,0
2493904,b9dca645-1228-8aa5-f5b7-b90df95f7e4b,1,2486238,2486272,2493904,2494809,7632,7666,34,0,0,0
2494109,6881bd60-ef37-37ef-fcd3-875cfe01d2f9,1,2486342,2486392,2494109,2491776,7717,7767,50,0,0,0
2494108,bf2274ef-b69e-61ee-b2df-af5fdbabaf59,1,2486433,2486452,2494108,2496528,7656,7675,19,0,0,0
2494290,3f344fe7-12a5-0d3f-73b8-f06aa1af5571,1,2479865,2479865,2494290,2497196,14425,14425,0,0,0,0
2494379,33e84036-5e51-203b-338a-2386f4e5fdb5,1,2486847,2486861,2494379,2492288,7518,7532,14,0,0,0
2494493,6242f22c-271a-a1fd-a201-4d471349ebb0,1,2486767,2486801,2494493,2495225,7692,7726,34,0,0,0
2494569,a3a2f7f5-fb1b-f23c-1229-364d4cfe1c52,1,2480147,2480148,2494569,2497687,14421,14422,1,0,0,0
2494649,9c492c58-27d4-9c69-8189-03115329981d,1,2480028,2480028,2494649,2492863,14621,14621,0,0,0,0
2494758,fa7baa06-24c3-683e-e0ea-09556249279d,1,2480054,2480088,2494758,2495499,14670,14704,34,0,0,0
2494719,a3c62bff-867c-8ce5-c1a1-8c35e5fd0fda,1,2480215,2480215,2494719,2489146,14504,14504,0,0,0,0
2494745,c927f6f2-09b1-1a9a-144a-724d4adf54a4,1,2480254,2480275,2494745,2500471,14470,14491,21,0,0,0
2494797,2bbe1ee5-250e-7d1a-06b0-8b508f9d04e6,1,2480041,2480088,2494797,2495634,14709,14756,47,0,0,0
2494814,8a359d30-8731-1e2e-83d9-d707799d3357,1,2480047,2480088,2494814,2499212,14726,14767,41,0,0,0
2494795,9b2541fe-22e4-65b9-49e3-9bf52acef1e0,1,2487127,2487143,2494795,2492489,7652,7668,16,0,0,0
2494976,7b325b2f-0fd4-82dc-98ac-d67fbcd631a0,1,2480128,2480148,2494976,2497142,14828,14848,20,0,0,0
2494979,1045accf-d6de-5eb3-0718-93f517a4507f,1,2480278,2480335,2494979,2494702,14644,14701,57,0,0,0
2495002,b170926d-5dc0-22d2-55e7-f3d777b210e8,1,2480323,2480335,2495002,2495589,14667,14679,12,0,0,0
2495083,2a0d516b-69c9-6a9a-5d9e-544fef9f8a4f,1,2480040,2480088,2495083,2494554,14995,15043,48,0,0,0
2495084,7255304a-f938-cfda-e5e0-80ec3ed5b277,1,2480369,2480395,2495084,2501850,14689,14715,26,0,0,0
2495076,396f62ff-36e3-256c-8f60-0d64027c2cb8,1,2487268,2487323,2495076,2497262,7753,7808,55,0,0,0
2495159,f32491e9-9357-23d1-005f-4cbf93c0d448,1,2480455,2480455,2495159,2494934,14704,14704,0,0,0,0
2495187,d26a42fe-6c3a-623c-cfcf-8ef9fdf80988,1,2487621,2487623,2495187,2495493,7564,7566,2,0,0,0
2495235,77f0cdad-c759-01b9-0222-107aa66a634e,1,2480039,2480088,2495235,2493594,15147,15196,49,0,0,0
2495292,a9671388-36fc-e71f-267a-5b70a246f649,1,2480465,2480515,2495292,2501699,14777,14827,50,0,0,0
2495281,9b08292c-a20b-0cee-7d94-cf7ce54b724d,1,2480479,2480515,2495281,2500727,14766,14802,36,0,0,0
2495358,f8f55496-ee83-7046-6417-eb446bb33d6b,1,2487735,2487743,2495358,2493841,7615,7623,8,0,0,0
2495400,f0a30c15-9a1a-a54d-d91c-a6af4d9dbcd1,1,2480860,2480875,2495400,2498232,14525,14540,15,0,0,0
2495455,5b8a4369-0524-c21e-6779-8c5b49e0c733,1,2480521,2480575,2495455,2496457,14880,14934,54,0,0,0
2495456,a0de7b0f-8bcb-0dac-b59c-946ccb082d03,1,2480596,2480635,2495456,2492952,14821,14860,39,0,0,0
2495459,dcb1e223-713d-3cf5-4e92-93fdb7ee30ee,1,2480914,2480935,2495459,2497066,14524,14545,21,0,0,0
2495591,b3b2a792-eb0a-e17c-d7ab-3a41aa41ec2e,1,2480635,2480635,2495591,2491031,14956,14956,0,0,0,0
2495615,b884c6c9-4786-dd5f-a5d0-15d75ab12511,1,2480669,2480695,2495615,2497500,14920,14946,26,0,0,0
2495680,40735f96-6a92-954e-58a8-1e6fc768e2d6,1,2480804,2480815,2495680,2488725,14865,14876,11,0,0,0
2495682,cf1b57b7-9115-4679-cd76-6087abb91dce,1,2488046,2488103,2495682,2492566,7579,7636,57,0,0,0
2495778,99ca4469-151b-a8ab-dc21-ed6399d9b808,1,2480737,2480755,2495778,2491022,15023,15041,18,0,0,0
2495871,ed84c7a3-383f-fa63-1c55-c19cdfd47ee5,1,2480789,2480815,2495871,2493896,15056,15082,26,0,0,0
2496037,e2f40614-6a76-7a24-7ca2-cd1f368efa54,1,2481293,2481343,2496037,2494649,14694,14744,50,0,0,0
2496036,afe5a779-01dd-95e7-b29b-44cb32049bc9,1,2488308,2488343,2496036,2495313,7693,7728,35,0,0,0
2496172,9de600bb-4147-c6b5-9b9d-d20ff9f5176d,1,2488616,2488664,2496172,2499217,7508,7556,48,0,0,0
2496725,0e63aaa7-a377-1146-22b1-f74f45aae845,1,2482028,2482028,2496725,2493343,14697,14697,0,0,0,0
2496738,76f327b1-e0e2-514b-34f5-f48c3978c80a,1,2489115,2489167,2496738,2493015,7571,7623,52,0,0,0
2496863,f219fe17-88f8-38c4-aea5-f3cbe3f98b20,1,2482050,2482088,2496863,2498968,14775,14813,38,0,0,0
2496880,c3c59fbd-1356-0e3a-2503-af1126d30c9c,1,2482070,2482088,2496880,2502507,14792,14810,18,0,0,0
2496856,7f964fb4-3704-4da5-bcb7-6391b7695c70,1,2489152,2489167,2496856,2496609,7689,7704,15,0,0,0
2497063,6169c7c8-149a-44a7-1754-66dfa41a3a35,1,2482268,2482268,2497063,2493702,14795,14795,0,0,0,0
2497202,49724da2-ff7c-461f-b8b1-93fc48a03477,1,2482670,2482704,2497202,2498176,14498,14532,34,0,0,0
2497253,43e00d99-fb90-8bab-2649-3fa9323d6dd7,1,2482326,2482328,2497253,2497991,14925,14927,2,0,0,0
2497246,bea2e321-1e4a-c06f-8c08-6feefcd2c914,1,2489608,2489647,2497246,2494760,7599,7638,39,0,0,0
2497338,d96d4d5b-7e4e-d23f-82ea-8e907050f2a7,1,2482417,2482417,2497338,2491707,14921,14921,0,0,0,0
2497394,6d47ce2e-e1d2-4e8d-ce7e-bbd6a5bc2bb7,1,2489656,2489707,2497394,2494782,7687,7738,51,0,0,0
2497488,d3214385-6866-bb19-b53e-b06f2167f474,1,2482857,2482867,2497488,2496244,14621,14631,10,0,0,0
2497537,5faf467c-3381-eec4-c62f-ed82d8cae745,1,2489955,2489965,2497537,2497652,7572,7582,10,0,0,0
2497590,c8b0abb5-d51d-c4b1-cfb5-3bb7bddb927a,1,2482584,2482584,2497590,2504602,15006,15006,0,0,0,0
2497585,743be35f-2492-022f-8260-1b455b254ba7,1,2489820,2489827,2497585,2496056,7758,7765,7,0,0,0
2497675,cf6fede6-0778-07a5-b1db-d7a70929bf8b,1,2482636,2482644,2497675,2502848,15031,15039,8,0,0,0
2497801,57f9f551-3a5c-26c1-8875-6eca1568e054,1,2483290,2483306,2497801,2492529,14495,14511,16,0,0,0
2497977,17dfc78a-e5b1-d2b0-2ace-f9c7dbe1be46,1,2490199,2490231,2497977,2494387,7746,7778,32,0,0,0
2498028,fdc570b4-c651-7a6f-3af5-104be08a4f96,1,2483400,2483426,2498028,2492930,14602,14628,26,0,0,0
2498031,59cabae3-9832-0286-3a76-ff86e4f1a79f,1,2490292,2490351,2498031,2494113,7680,7739,59,0,0,0
2498085,113d3c39-7c6a-571e-d8fb-96c76c19fc02,1,2490416,2490471,2498085,2501595,7614,7669,55,0,0,0
2498208,8f3e3c81-ae0d-0163-fee5-cb8c09ec9785,1,2490489,2490531,2498208,2494932,7677,7719,42,0,0,0
2498260,33e46fcf-9cc4-3102-8779-a5571770ccad,1,2483508,2483546,2498260,2501558,14714,14752,38,0,0,0
2498209,f5058c4d-2f2a-9802-06b9-53a7562e7c6d,1,2483577,2483606,2498209,2498659,14603,14632,29,0,0,0
2498376,cb291049-8abc-5819-974e-2b097689f852,1,2483572,2483606,2498376,2499947,14770,14804,34,0,0,0
2498597,971e6552-48ef-a878-4e3c-302ac5f8f36e,1,2491042,2491071,2498597,2500142,7526,7555,29,0,0,0
2498915,521694ff-73a6-6ba1-7528-d7248178379b,1,2483915,2483966,2498915,2500784,14949,15000,51,0,0,0
2498915,fdec9577-4595-bb61-fb1b-4664b8c399ab,1,2484451,2484506,2498915,2492081,14409,14464,55,0,0,0
2499141,59a35d82-638d-8c3f-b095-5e374a8cc1c0,1,2484268,2484326,2499141,2496312,14815,14873,58,0,0,0
2499127,cb42bff3-f215-bf1e-a93e-cce40187647b,1,2484605,2484626,2499127,2495087,14501,14522,21,0,0,0
2499207,ffed8d32-9dba-c59b-d5c7-984368993997,1,2484182,2484206,2499207,2502022,15001,15025,24,0,0,0
2499281,b0ee1ea9-9cf0-cfea-f217-8529e8e780e8,1,2484187,2484206,2499281,2492890,15075,15094,19,0,0,0
2499293,5d0c6156-7b95-3ece-6c8d-cdfe41b1419e,1,2491649,2491707,2499293,2495566,7586,7644,58,0,0,0
2499324,8a97afc8-abd8-1bfa-f62d-b6b330ebebdd,1,2491654,2491707,2499324,2500886,7617,7670,53,0,0,0
2499352,93ce7a5a-f027-e875-5d23-0b5903d0a5ba,1,2484795,2484795,2499352,2495174,14557,14557,0,0,0,0
2499539,7da5eec1-91c4-5d4f-8e3c-5c30dc880691,1,2484866,2484866,2499539,2503013,14673,14673,0,0,0,0
2499604,96bb1ee9-6326-c4a7-c92f-8790bb39b253,1,2491875,2491887,2499604,2495688,7717,7729,12,0,0,0
2499765,a2a9f176-52d8-94bb-5181-74c6cf055030,1,2485295,2485295,2499765,2504258,14470,14470,0,0,0,0
2499854,4276449e-f0db-e27d-50a0-c8cde0617fb5,1,2485067,2485110,2499854,2499522,14744,14787,43,0,0,0
2499924,cc7ac319-26b0-4819-e5ea-de18a95599f9,1,2492318,2492355,2499924,2498924,7569,7606,37,0,0,0
2500034,a2bf4dca-a627-197e-1f2d-86a6a9ec5bd2,1,2485439,2485475,2500034,2497470,14559,14595,36,0,0,0
2500099,e3bccb23-ae22-a98f-ae9f-43ceadd8abeb,1,2485227,2485227,2500099,2502212,14872,14872,0,0,0,0
2500134,90bf35f7-9b9c-034a-ed39-391addf69392,1,2485407,2485415,2500134,2504052,14719,14727,8,0,0,0
2500263,769d174e-2b34-73a4-9ca6-cfecf3b2a9b7,1,2485796,2485852,2500263,2497567,14411,14467,56,0,0,0
2500446,28e0ba28-c35d-cd8a-cc34-6464efea8c43,1,2485541,2485541,2500446,2493716,14905,14905,0,0,0,0
2500462,96e9f97c-7738-5b5c-fcca-ee6009e2a2b2,1,2485583,2485601,2500462,2495924,14861,14879,18,0,0,0
2500533,b03cb74d-2636-c4db-ba61-c1bff7f9e2b1,1,2485997,2486032,2500533,2503566,14501,14536,35,0,0,0
2500676,6030c3ca-caff-b9c0-116c-5a1edb6c4930,1,2486068,2486092,2500676,2504117,14584,14608,24,0,0,0
2500733,eef20a89-cc30-5dfa-aff4-6fc607769828,1,2492927,2492974,2500733,2502657,7759,7806,47,0,0,0
2500802,71cfc1cb-3ffb-48ef-81f5-c0941385878a,1,2485770,2485792,2500802,2505846,15010,15032,22,0,0,0
2500797,70f079b9-ef7d-5315-6592-1a0f608ba216,1,2485778,2485792,2500797,2499758,15005,15019,14,0,0,0
2500852,a0806187-b4cf-91cf-d921-9fcd852a8441,1,2485987,2486032,2500852,2500747,14820,14865,45,0,0,0
2500843,a06ebb06-5774-0216-4545-330a04be618c,1,2486110,2486152,2500843,2505010,14691,14733,42,0,0,0
2500797,b72938d8-740b-461d-6b2b-8eace3d1a77b,1,2486303,2486332,2500797,2504538,14465,14494,29,0,0,0
2500890,27d0b36f-b2b3-eef2-12e5-f47b362c384c,1,2486312,2486332,2500890,2501387,14558,14578,20,0,0,0
2500997,7ced706b-106b-0b50-070b-1c579bb15579,1,2486340,2486392,2500997,2501496,14605,14657,52,0,0,0
2501076,05584e09-9f99-1fb3-6612-9e021a7e98f7,1,2486228,2486272,2501076,2500055,14804,14848,44,0,0,0
2501137,cb884bfe-fa70-c811-62e8-e52550528066,1,2486258,2486272,2501137,2499279,14865,14879,14,0,0,0
2501104,3a703743-7664-28bf-90eb-7808fd2d62b8,1,2486333,2486392,2501104,2507168,14712,14771,59,0,0,0
2501230,fe1a2f1d-04ac-2d09-af43-dc5dca3df68e,1,2486489,2486512,2501230,2495038,14718,14741,23,0,0,0
2501287,6df59b46-a29a-2387-bee8-53bad65b17e0,1,2486805,2486861,2501287,2507748,14426,14482,56,0,0,0
2501474,660a4265-8988-a2d9-ca78-55942bc5deea,1,2493870,2493880,2501474,2499043,7594,7604,10,0,0,0
2501591,774fd574-61c7-d2b2-a60f-bb6d4e1d1754,1,2487023,2487023,2501591,2506360,14568,14568,0,0,0,0
2501658,67e5630f-e5f5-cd49-294e-9c0df14c8b95,1,2486858,2486861,2501658,2497810,14797,14800,3,0,0,0
2501654,fc5740be-d726-8fab-47a3-761ca76f23a2,1,2493921,2493940,2501654,2500545,7714,7733,19,0,0,0
2501692,2cada219-e7b5-ac9d-f894-b80cc609c77c,1,2487077,2487083,2501692,2499157,14609,14615,6,0,0,0
2501703,75d65450-4e16-6276-4816-ab3676f3bd57,1,2494132,2494146,2501703,2500443,7557,7571,14,0,0,0
2501763,adde0f60-afaf-40b8-b9f8-26c95cbd6266,1,2494162,2494206,2501763,2500611,7557,7601,44,0,0,0
2501788,016866e8-625c-25e7-5478-71fd0c3547d1,1,2494195,2494206,2501788,2503346,7582,7593,11,0,0,0
2501853,07d0a9d6-ddfe-99a1-00d2-51d083883275,1,2486798,2486801,2501853,2502992,15052,15055,3,0,0,0
2502044,bd9bdcf0-fdaa-7b35-03f7-ee364d4f20fd,1,2487612,2487623,2502044,2502280,14421,14432,11,0,0,0
2502055,aef2d00b-c0f8-931a-4a3f-68d38a212616,1,2494414,2494470,2502055,2500015,7585,7641,56,0,0,0
2502204,71a2b93c-96e1-de8d-8170-b553cc97d77d,1,2487634,2487683,2502204,2506425,14521,14570,49,0,0,0
2502236,3f8b94ca-312d-cc0b-9438-ceff61b7461d,1,2487307,2487323,2502236,2504050,14913,14929,16,0,0,0
2502221,b76802fe-6a6c-9c65-51ca-a6d663b511bd,1,2487388,2487443,2502221,2505194,14778,14833,55,0,0,0
2502574,a42d9741-2808-ee64-919a-c35c50d2f843,1,2487586,2487623,2502574,2495199,14951,14988,37,0,0,0
2502856,6e3de4eb-9197-7238-0d7f-1e82cd15f291,1,2495114,2495130,2502856,2502900,7726,7742,16,0,0,0
2502856,309764c8-a3e2-8542-ab9b-9ef581c3af50,1,2495248,2495250,2502856,2503185,7606,7608,2,0,0,0
2502912,25ae006c-a648-362e-a4ed-87f135d9731d,1,2488097,2488103,2502912,2503751,14809,14815,6,0,0,0
2502974,e0e225fd-5ea5-6ff6-aeea-ff143059db61,1,2488237,2488283,2502974,2499427,14691,14737,46,0,0,0
2502929,a4865f78-4d5f-a1ca-07d9-b67de75a8e40,1,2495327,2495370,2502929,2502837,7559,7602,43,0,0,0
2502981,a562540e-0eb2-d9a1-bcb4-de961420484a,1,2495310,2495310,2502981,2501576,7671,7671,0,0,0,0
2503328,a49b8476-5f09-f3f3-6dba-40f5df0de66d,1,2488823,2488844,2503328,2498494,14484,14505,21,0,0,0
2503331,2af3296b-1570-fc6d-6ec8-643cc345d1f2,1,2488681,2488724,2503331,2497997,14607,14650,43,0,0,0
2503358,9b12cf22-1226-aece-9dc7-fbfe4ddfcf42,1,2495656,2495711,2503358,2504319,7647,7702,55,0,0,0
2503447,222fd3a2-8bc8-b5a6-db1d-791e831296fd,1,2495780,2495838,2503447,2505481,7609,7667,58,0,0,0
2503487,d3506254-178b-c579-8b3c-3393a03e18d8,1,2488623,2488664,2503487,2506531,14823,14864,41,0,0,0
2503532,c8b9f00d-cb14-211a-77f2-bb608c548f9b,1,2488843,2488844,2503532,2507379,14688,14689,1,0,0,0
2503707,ef535d3b-958c-a058-c10d-f3f37d0384a2,1,2488609,2488664,2503707,2504927,15043,15098,55,0,0,0
2503751,1f77e93a-f059-1038-e38a-bca559d33f50,1,2488972,2489024,2503751,2507293,14727,14779,52,0,0,0
2503907,4d059883-1778-b020-dedd-3b3aef85866b,1,2496220,2496229,2503907,2506395,7678,7687,9,0,0,0
2504066,26940b74-f69e-1dd8-dcbf-d026e392442a,1,2496310,2496349,2504066,2506608,7717,7756,39,0,0,0
2504145,b0136c9d-006e-11e9-98b4-eef2a8e6078d,1,2489224,2489227,2504145,2508295,14918,14921,3,0,0,0
2504195,3819db12-b215-01e1-8a1e-89315eb2ef2d,1,2489235,2489287,2504195,2499748,14908,14960,52,0,0,0
2504221,270a3c97-ce28-c1b6-c843-972ecb8c9347,1,2489527,2489527,2504221,2498858,14694,14694,0,0,0,0
2504222,8b6b4098-079b-f6e3-e977-2cde344d4e07,1,2496390,2496409,2504222,2502573,7813,7832,19,0,0,0
2504270,9aac53f8-8042-d3df-1c5b-ae3778a8cefc,1,2489268,2489287,2504270,2505956,14983,15002,19,0,0,0
2504364,3798f443-2178-2c6c-c5e1-82594ed62ef1,1,2489524,2489527,2504364,2504915,14837,14840,3,0,0,0
2504405,aed0a9bc-0b8c-a974-0466-184534f222bd,1,2489782,2489827,2504405,2499792,14578,14623,45,0,0,0
2504490,2b8e6963-4d27-b069-0514-6e32de67ed32,1,2496808,2496845,2504490,2504002,7645,7682,37,0,0,0
2504560,6bd11bf2-a6eb-32c7-affc-b034cd33e10c,1,2489621,2489647,2504560,2504121,14913,14939,26,0,0,0
2504621,42733387-91ed-d5db-3a32-f1e29e3505d3,1,2489590,2489647,2504621,2509093,14974,15031,57,0,0,0
2504621,9dad9ff2-ed7d-4e5d-82e0-4a3225c3904f,1,2489966,2490025,2504621,2497518,14596,14655,59,0,0,0
2504672,9ff85d50-1734-ef9b-08dc-b558cd08d29b,1,2490111,2490111,2504672,2507922,14561,14561,0,0,0,0
2504775,5d09b1ce-c2ad-18f2-7ba4-e9d961bfe2a2,1,2489503,2489527,2504775,2509727,15248,15272,24,0,0,0
2504804,7dcb2203-d10b-37ff-485c-b6a37f2fbc94,1,2490273,2490291,2504804,2498443,14513,14531,18,0,0,0
2505117,9f3731ac-09fb-836a-8672-63067b214449,1,2490568,2490591,2505117,2504800,14526,14549,23,0,0,0
2505125,4d1bcb0a-ecc3-2949-b3d4-1d2a304e18c8,1,2490168,2490171,2505125,2500927,14954,14957,3,0,0,0
2505196,ab3e16d5-60e4-8909-2668-fad175a473f4,1,2490181,2490231,2505196,2498039,14965,15015,50,0,0,0
2505411,b698cd27-eeaa-bf7e-470f-dfb6c52b30a5,1,2490747,2490771,2505411,2502338,14640,14664,24,0,0,0
2505434,1c9318ef-8e25-3846-45bf-59549f9dd190,1,2490439,2490471,2505434,2507858,14963,14995,32,0,0,0
2505831,d4899b95-0bcb-3af7-abb6-70784758d63f,1,2491395,2491395,2505831,2508351,14436,14436,0,0,0,0
2505842,bd94776b-963c-abb0-a4c0-9b48a4a9a9b1,1,2498071,2498108,2505842,2508095,7734,7771,37,0,0,0
2505958,09950822-b531-1b8c-344c-e24ab64bcd2d,1,2491057,2491071,2505958,2509877,14887,14901,14,0,0,0
2505996,786f3a5f-8439-452d-639f-c4c6b0cd7b41,1,2491090,2491131,2505996,2510398,14865,14906,41,0,0,0
2506186,f8c7ca32-6310-1399-e4a6-990b64b5ece2,1,2491601,2491647,2506186,2509459,14539,14585,46,0,0,0
2506398,1b09a44c-e3d6-a6a4-ffee-a0512242b585,1,2491721,2491767,2506398,2505325,14631,14677,46,0,0,0
2506507,73384122-8c29-7bba-9bec-c3a7464cdf91,1,2498769,2498769,2506507,2507783,7738,7738,0,0,0,0
2506749,66084908-b374-39f9-1fdc-f0adf2fe862b,1,2491919,2491947,2506749,2500330,14802,14830,28,0,0,0
2506937,8ba0a62a-fcb2-00f8-dbf3-d432d598a991,1,2492044,2492067,2506937,2506958,14870,14893,23,0,0,0
2506965,64786e9a-7725-2b35-bb00-705a4ba57fed,1,2492422,2492475,2506965,2501385,14490,14543,53,0,0,0
2506966,e8fc7e50-1595-e89e-c3cd-63fe9ebf3c70,1,2492109,2492127,2506966,2506696,14839,14857,18,0,0,0
2507146,628f0288-f5d0-7058-e068-1b8d0dd0a151,1,2499654,2499659,2507146,2507215,7487,7492,5,0,0,0
2507357,0a037f1b-e8e5-0096-bfa0-b56121f780f3,1,2492735,2492794,2507357,2513264,14563,14622,59,0,0,0
2507416,48988497-6a08-4141-dca0-c53d5f8d48ac,1,2492858,2492914,2507416,2508260,14502,14558,56,0,0,0
2507402,5aea1756-4891-a9f1-8d26-2786cb10d361,1,2499831,2499839,2507402,2504680,7563,7571,8,0,0,0
2507457,5d9acd6d-8fb4-1ad8-f575-e5c616688181,1,2492295,2492295,2507457,2504585,15162,15162,0,0,0,0
2507444,f09c31bc-f133-d4c4-1300-d3e075cc1603,1,2492861,2492914,2507444,2511757,14530,14583,53,0,0,0
2508403,89f687ff-5069-d891-83c6-7b58778f541f,1,2500772,2500796,2508403,2510816,7607,7631,24,0,0,0
2508497,1bccd5ec-54a9-e836-d886-bcc46c056af8,1,2493637,2493640,2508497,2515458,14857,14860,3,0,0,0
2508788,972dbccb-3f6e-8786-9789-0011c1f96aea,1,2494179,2494206,2508788,2503995,14582,14609,27,0,0,0
2508905,26a518c9-beb1-82c6-e28b-8d9c043bbafa,1,2494374,2494410,2508905,2512228,14495,14531,36,0,0,0
2508946,3b57704e-f278-fab7-c27a-6d42710c2571,1,2494394,2494410,2508946,2505933,14536,14552,16,0,0,0
2509599,cc20d2ad-5812-d249-aa16-cbaa0114f16f,1,2494994,2495010,2509599,2511976,14589,14605,16,0,0,0
2510990,a8d60098-e9f1-15be-6af0-ebbeb76dc1d7,1,2503431,2503448,2510990,2514196,7542,7559,17,0,0,0
2511199,673466fd-efa6-0f33-5f8a-b0e30a098467,1,2503646,2503646,2511199,2508823,7553,7553,0,0,0,0
2511319,eb7b16e5-fa70-f971-007e-f41dbafde92f,1,2503816,2503826,2511319,2511910,7493,7503,10,0,0,0
2511532,1b1cff87-40a8-2540-93b7-bdbc06be11c0,1,2496574,2496608,2511532,2510663,14924,14958,34,0,0,0
2511676,fdbcb7e2-5da7-b09f-ebea-b9d7e798054f,1,2497150,2497208,2511676,2508950,14468,14526,58,0,0,0
2512231,861a9188-aa91-302f-5bc8-21129e1d7675,1,2504673,2504730,2512231,2515183,7501,7558,57,0,0,0
2514052,30687b1b-ba17-d5bd-8b25-34bb91560896,1,2499306,2499335,2514052,2512862,14717,14746,29,0,0,0
2514265,f755f0da-5aed-11b1-6c89-eaa538832b2d,1,2499054,2499095,2514265,2507432,15170,15211,41,0,0,0
2516052,ef4266df-05f8-48e7-f0db-49873c9422b2,1,2508456,2508477,2516052,2513277,7575,7596,21,0,0,0
2516346,fc84b218-f427-7ab2-d89a-8c5f3eeb89c3,1,2501425,2501483,2516346,2512411,14863,14921,58,0,0,0
2516985,0ef21853-5659-597f-20a3-a6c3ddb98d5b,1,2509412,2509412,2516985,2519426,7573,7573,0,0,0,0
2517280,ce8bef46-efec-5d65-f0d9-e747020b4359,1,2502504,2502504,2517280,2511131,14776,14776,0,0,0,0
2517375,c09bdc4c-3c2c-66b3-e488-aaa41754803d,1,2509850,2509885,2517375,2518788,7490,7525,35,0,0,0
2517407,ca583026-3d79-5f39-9fe5-7cefa004f656,1,2502560,2502564,2517407,2510086,14843,14847,4,0,0,0
2517881,8d4b41f5-7b73-42b2-b6b7-2117d39d7da9,1,2503020,2503036,2517881,2516036,14845,14861,16,0,0,0
2518036,ac1591b0-bd65-96b7-540f-4c4d3849d118,1,2503194,2503214,2518036,2516431,14822,14842,20,0,0,0
2518171,b8ffce23-069c-f9fe-74fe-fd13e0ebbf51,1,2503667,2503706,2518171,2524275,14465,14504,39,0,0,0
2518928,84083d9d-0ed2-923d-d983-442064563a20,1,2504527,2504550,2518928,2523926,14378,14401,23,0,0,0
2519531,603f1f97-1dc2-87e4-e875-dde764f5d967,1,2505042,2505042,2519531,2518756,14489,14489,0,0,0,0
2520809,147422d6-63f6-4077-2b2e-489449e577f2,1,2506376,2506420,2520809,2517018,14389,14433,44,0,0,0
2521559,ee5ae131-c185-4056-946c-be33635ed152,1,2513888,2513888,2521559,2521757,7671,7671,0,0,0,0
2521923,6fb62281-67db-5883-6603-15844acf1169,1,2507073,2507085,2521923,2523536,14838,14850,12,0,0,0
2522521,27784c03-dd48-a9aa-695d-48e2dae63c82,1,2514897,2514897,2522521,2524701,7624,7624,0,0,0,0
2522653,845b53db-1269-43e8-64b7-c43ced32e6ce,1,2507571,2507571,2522653,2524067,15082,15082,0,0,0,0
2522904,eeff0a6f-49d7-db98-eb7f-b56bf2aa3f3c,1,2515371,2515371,2522904,2522404,7533,7533,0,0,0,0
2522971,2137d28d-6407-4bcf-7258-6437f2fbeb31,1,2515468,2515522,2522971,2520940,7449,7503,54,0,0,0
2523083,e3c3e936-0598-6daa-d6f6-63e735ef7ab1,1,2508538,2508597,2523083,2520095,14486,14545,59,0,0,0
2524302,3b3f5276-82a7-4051-f415-d8e8321c9537,1,2509886,2509945,2524302,2521358,14357,14416,59,0,0,0
2525370,8f8bc81e-776c-2a6b-170c-8a75d95d5ba1,1,2510633,2510633,2525370,2528371,14737,14737,0,0,0,0
2527460,0f2880da-f9de-9055-454c-b16dad5dd76f,1,2512676,2512731,2527460,2533298,14729,14784,55,0,0,0
2527538,91b665cc-306f-09f7-e24f-922f1468968d,1,2512686,2512731,2527538,2533388,14807,14852,45,0,0,0
2528068,bbd9462b-7ebb-11fe-890e-cc001a23e18b,1,2520566,2520566,2528068,2526100,7502,7502,0,0,0,0
2529183,4b1b7e52-ffc2-361a-ddee-dd4cf841eb69,1,2521655,2521655,2529183,2525891,7528,7528,0,0,0,0
2529208,e1b9dc2c-f9b9-74e0-71c4-7f7372a21937,1,2514355,2514410,2529208,2521957,14798,14853,55,0,0,0
2530028,73d92721-38a5-dc95-a327-ecedf779ff42,1,2515462,2515462,2530028,2524816,14566,14566,0,0,0,0
2530160,ee127315-976a-2c82-a664-35d677e5ca82,1,2522695,2522696,2530160,2532485,7464,7465,1,0,0,0
2531011,039ed082-bf81-a05d-599d-0372deb94256,1,2516659,2516681,2531011,2537287,14330,14352,22,0,0,0
2531125,42c087a5-60e4-cc4b-b4f4-1148f78351b5,1,2516662,2516681,2531125,2529870,14444,14463,19,0,0,0
2531324,c9c54633-3918-8442-20eb-a26f90eeeec4,1,2523731,2523731,2531324,2527844,7593,7593,0,0,0,0
2531820,3058b4c5-af6b-c6cd-d9ae-8a4233bb6ccf,1,2517532,2517532,2531820,2536640,14288,14288,0,0,0,0
2532799,14a3bd3e-e0cf-0f97-3718-ebceda2146d4,1,2518124,2518124,2532799,2537412,14675,14675,0,0,0,0
2533213,c4d4c863-b2a6-b0a8-ea86-86b972ce353e,1,2518465,2518465,2533213,2539754,14748,14748,0,0,0,0
2534737,966391a2-94b7-5cf3-d14f-81460dabf86b,1,2520269,2520269,2534737,2530931,14468,14468,0,0,0,0
2534805,fa8a9170-5cc2-6fa0-0224-78758fa17bdf,1,2520090,2520104,2534805,2534167,14701,14715,14,0,0,0
2534995,523382b5-492a-a02d-be83-3efd03b567e7,1,2519924,2519924,2534995,2528170,15071,15071,0,0,0,0
2538970,94dfe716-50b4-03ff-da7c-57aa7dd9a0ab,1,2524265,2524265,2538970,2539499,14705,14705,0,0,0,0
2874153,385f69d5-bf27-62c4-d9bd-37d01d51c314,8,2872321,2872321,2874153,2873692,1832,1832,0,0,0,0
2934885,3f189b89-c7bc-edd3-0dd7-231745ed63f3,1,2933768,2933806,2934885,2934626,1079,1117,38,0,0,0
2934885,1c6e3139-3a2e-3141-7a66-a94928fadf8d,1,2933769,2933806,2934885,2934541,1079,1116,37,0,0,0
2934933,e9d22067-ce76-34fd-a242-5fce58d404d4,1,2933746,2933746,2934933,2935067,1187,1187,0,0,0,0
2934933,cfedb590-28cb-f93d-083a-082864a3e39b,1,2933746,2933746,2934933,2934728,1187,1187,0,0,0,0
2934926,71548490-940b-441d-36ac-9349fd34642b,1,2933758,2933806,2934926,2935297,1120,1168,48,0,0,0
2934895,ee480c15-a228-70c4-8b20-d6fcadf9d00f,1,2933766,2933806,2934895,2935088,1089,1129,40,0,0,0
2934925,613c07ec-a627-0251-77ba-bb3b0a003f9d,1,2933767,2933806,2934925,2934439,1119,1158,39,0,0,0
2934906,3c56da5b-b0b5-b341-c466-6aab42be1669,1,2933768,2933806,2934906,2934535,1100,1138,38,0,0,0
2934912,6faa526b-9193-f527-799e-7ebdafc15f9f,1,2933770,2933806,2934912,2935345,1106,1142,36,0,0,0
2934985,441e9f7a-1e00-e35e-437b-a45c29bcd70a,1,2933746,2933746,2934985,2934719,1239,1239,0,0,0,0
2934992,b9e01792-5ed4-9f1c-de6d-cc47bdc4087a,1,2933746,2933746,2934992,2935079,1246,1246,0,0,0,0
2934967,f4ca11cd-2425-0f11-1112-8c2d21a4c6c4,1,2933747,2933806,2934967,2935078,1161,1220,59,0,0,0
2934998,0a5a6b1a-14b3-4d37-24ee-cfeb5a8a41ce,1,2933747,2933806,2934998,2934451,1192,1251,59,0,0,0
2934986,d5ca1b11-9a10-c9a7-56ec-b60114879081,1,2933747,2933806,2934986,2934927,1180,1239,59,0,0,0
2934992,b7c660ca-e4f7-f9a2-3f9d-6ae69df3812d,1,2933753,2933806,2934992,2934885,1186,1239,53,0,0,0
2934998,1cc1d211-87cb-58fc-4203-bb3fcd6bd03e,1,2933754,2933806,2934998,2934407,1192,1244,52,0,0,0
2934971,b8735f57-e9b0-1de4-1c95-318202cb1725,1,2933759,2933806,2934971,2934646,1165,1212,47,0,0,0
2934991,b02e2a8a-0536-63a6-a776-b1abe4c12bc5,1,2933763,2933806,2934991,2934566,1185,1228,43,0,0,0
2935013,b8d1a219-633d-66f7-1299-0b0a4c05017a,1,2933747,2933806,2935013,2935489,1207,1266,59,0,0,0
2935039,40e5b82b-2e50-fad1-a06c-69065312a340,1,2933747,2933806,2935039,2934394,1233,1292,59,0,0,0
2935061,8c189a26-7736-5110-f15e-574ef14f996b,1,2933747,2933806,2935061,2934593,1255,1314,59,0,0,0
2935060,e6f93867-59d5-6250-1bf0-35bb6ee948ff,1,2933755,2933806,2935060,2934482,1254,1305,51,0,0,0
2935048,9b85484a-fb1d-763e-acde-3bc39742fb22,1,2933757,2933806,2935048,2934669,1242,1291,49,0,0,0
2935022,739054d7-207c-c452-cfce-6368b0171e20,1,2933758,2933806,2935022,2934852,1216,1264,48,0,0,0
2935016,ab9c0a80-a13c-c87e-8d0b-7ef236618948,1,2933760,2933806,2935016,2934438,1210,1256,46,0,0,0
2935009,9923f5c9-74d4-99b0-f282-22abc8e519d4,1,2933762,2933806,2935009,2935291,1203,1247,44,0,0,0
2935028,1a573620-ee51-a679-870b-b930ffdcf511,1,2933764,2933806,2935028,2934963,1222,1264,42,0,0,0
2935073,0d5d755a-a5d3-0b9c-5d5f-a7d3ce4acefc,1,2933753,2933806,2935073,2934828,1267,1320,53,0,0,0
2935124,f411fc63-d843-8ba1-4237-1b4c7a002a99,1,2933765,2933806,2935124,2935459,1318,1359,41,0,0,0
2935137,354fdcd3-c8cb-1ee0-df3d-18a16cf5ed20,1,2933762,2933806,2935137,2934832,1331,1375,44,0,0,0
2949815,be122fed-2e2f-52fe-82fa-38250ddac130,1,2946172,2946214,2949815,2948760,3601,3643,42,0,0,0
2949869,60baed08-f2d3-3176-38f9-a26a386d67d8,1,2946154,2946154,2949869,2948436,3715,3715,0,0,0,0
2949850,ce21a144-6871-89e5-60b7-a3ef97d7e88c,1,2946154,2946154,2949850,2949445,3696,3696,0,0,0,0
2949859,3657279a-5743-5ab4-9f9e-cb5ad507301f,1,2946156,2946214,2949859,2951124,3645,3703,58,0,0,0
2949834,6e1a740a-b346-0b86-b05d-d2b53ffdc0cf,1,2946159,2946214,2949834,2948617,3620,3675,55,0,0,0
2949818,dd1ed408-5d6f-c14a-a095-e132aa10da7e,1,2946163,2946214,2949818,2950875,3604,3655,51,0,0,0
2949834,73de4826-50bc-3fff-aa10-d5af58911dca,1,2946164,2946214,2949834,2949844,3620,3670,50,0,0,0
2949869,94744954-a9e2-4323-0a80-a37a41113c03,1,2946168,2946214,2949869,2950757,3655,3701,46,0,0,0
2949843,539a750f-4d6f-3ca7-567d-22aa69edad76,1,2946171,2946214,2949843,2951466,3629,3672,43,0,0,0
2949853,f68d535b-caa6-8697-5634-5a4c0edea541,1,2946172,2946214,2949853,2948015,3639,3681,42,0,0,0
2949920,85c358c2-e1fb-d646-644a-9c55aaf7921f,1,2946154,2946154,2949920,2948662,3766,3766,0,0,0,0
2949890,f5f09c71-0e92-71f4-dff5-59c65cf33361,1,2946154,2946154,2949890,2949944,3736,3736,0,0,0,0
2949897,24eae8ec-c73e-a2d4-b48d-4f4419e37617,1,2946155,2946214,2949897,2949310,3683,3742,59,0,0,0
2949915,eb86ab48-68b8-21b1-e4dc-a9af13be046d,1,2946155,2946214,2949915,2951219,3701,3760,59,0,0,0
2949902,de023d2c-d3a7-a2f5-33ae-30e9b8d43fff,1,2946156,2946214,2949902,2950518,3688,3746,58,0,0,0
2949916,5d12ca2f-092d-bd23-37c2-be053764a51b,1,2946164,2946214,2949916,2950788,3702,3752,50,0,0,0
2949929,66d35949-d328-a741-3507-5a6bd09d5254,1,2946165,2946214,2949929,2950563,3715,3764,49,0,0,0
2949881,735a2142-2033-6e9c-5e11-7a2fd27d0ee3,1,2946166,2946214,2949881,2948092,3667,3715,48,0,0,0
2949880,6a4e4108-1fd1-2667-9a7a-28934f558df0,1,2946168,2946214,2949880,2948083,3666,3712,46,0,0,0
2949928,64ad37fc-736a-1751-93ed-5715d27a2d4e,1,2946174,2946214,2949928,2951700,3714,3754,40,0,0,0
2949908,7706090d-e80a-3e28-cc2a-c789632b64c5,1,2946175,2946214,2949908,2950270,3694,3733,39,0,0,0
2949900,932b39d3-ef5d-65cd-5829-28d0a7f52aa2,1,2946176,2946214,2949900,2949805,3686,3724,38,0,0,0
2949916,1d1d4e28-e400-c103-0d90-5b5c6f25eca1,1,2946177,2946214,2949916,2949759,3702,3739,37,0,0,0
2949918,f416e626-33ed-4fa6-34ef-ccfb386ccabf,1,2946180,2946214,2949918,2950630,3704,3738,34,0,0,0
2949953,df912928-d8c3-a5ce-682e-5537bff1c792,1,2946155,2946214,2949953,2949906,3739,3798,59,0,0,0
2949952,ed30ec2f-2727-cbb1-edb6-6cfcd40e44a9,1,2946155,2946214,2949952,2951269,3738,3797,59,0,0,0
2949957,54243ac6-95ee-032c-a816-8ddb3f1405b2,1,2946162,2946214,2949957,2950333,3743,3795,52,0,0,0
2949936,a3a99cbc-5682-f5bb-7d89-7782eb7cefea,1,2946174,2946214,2949936,2949504,3722,3762,40,0,0,0
2949945,9de1ccd1-37c0-76ea-d723-5c96125f982c,1,2946176,2946214,2949945,2951094,3731,3769,38,0,0,0
2950123,cda0fd6e-5d22-dadc-5a61-bb05c5b1ca27,1,2946169,2946214,2950123,2951255,3909,3954,45,0,0,0
2958305,f5c6bd2e-2c48-af3f-089a-2c671330d536,1,2935406,2935462,2958305,2952669,22843,22899,56,0,0,0
2958525,bae50d07-ac6d-a284-f810-c5d0fc50930b,1,2935408,2935462,2958525,2967269,23063,23117,54,0,0,0
2958541,2f33cbde-96b3-ae97-0918-ef7f09047960,1,2935410,2935462,2958541,2955227,23079,23131,52,0,0,0
2958782,645ebe9b-1a33-9b77-cd8d-044e22761bbc,1,2935411,2935462,2958782,2950954,23320,23371,51,0,0,0
2958791,366d07c3-309f-afc1-c95c-5a3ec0982611,1,2935282,2935282,2958791,2949483,23509,23509,0,0,0,0
2958894,6cf80ebf-3339-2fc4-9e7c-0a9638490eaf,1,2935282,2935282,2958894,2954357,23612,23612,0,0,0,0
2958912,e7a73cb5-a8ae-347e-7ff7-b96504315d0b,1,2935282,2935282,2958912,2956133,23630,23630,0,0,0,0
2959002,78d10ac2-6400-c6d2-cf2e-ba3a61e11cc1,1,2935282,2935282,2959002,2955696,23720,23720,0,0,0,0
2959021,57865fa2-643b-b9e2-3aaa-3087be61a5fc,1,2935286,2935342,2959021,2961849,23679,23735,56,0,0,0
2959020,c825e23f-a5ea-d378-d4aa-bc270122688c,1,2935292,2935342,2959020,2950914,23678,23728,50,0,0,0
2959073,9c4caf05-7fff-c261-4239-729d3527f99e,1,2935282,2935282,2959073,2961029,23791,23791,0,0,0,0
2959041,521c060b-b9ca-d3c4-50b0-8da1cd22faba,1,2935282,2935282,2959041,2955415,23759,23759,0,0,0,0
2959032,f04129dd-bdc1-a56a-0398-b47401c2e2e8,1,2935289,2935342,2959032,2953832,23690,23743,53,0,0,0
2959047,012b253e-b5c1-74cc-684b-9a0b7588433e,1,2935289,2935342,2959047,2952897,23705,23758,53,0,0,0
2959070,5923734f-24f3-6ae7-4d02-0ff2d9a1cf95,1,2935304,2935342,2959070,2959298,23728,23766,38,0,0,0
2959066,5ad917dd-4753-014d-7882-9cdda840faad,1,2935399,2935402,2959066,2969263,23664,23667,3,0,0,0
2959080,1c765257-4c5f-57aa-4bbc-87dd78eba30d,1,2935401,2935402,2959080,2954551,23678,23679,1,0,0,0
2959029,6a2619ef-e1d8-864c-2fa4-cc4bbaaef35b,1,2935407,2935462,2959029,2969766,23567,23622,55,0,0,0
2959101,442ef137-f1c1-dc02-3403-6fe4df9b613c,1,2935283,2935342,2959101,2960317,23759,23818,59,0,0,0
2959087,a8607937-8e25-b1ca-2cf7-aab10dc33891,1,2935285,2935342,2959087,2948190,23745,23802,57,0,0,0
2959115,564d3fc3-461d-f441-11c0-fb0966620eb5,1,2935295,2935342,2959115,2963281,23773,23820,47,0,0,0
2959142,c4269e6c-67bc-910b-7486-efb613e31a5f,1,2935298,2935342,2959142,2962445,23800,23844,44,0,0,0
2959135,9086b495-4070-6929-ea4d-3e3473394e70,1,2935300,2935342,2959135,2959847,23793,23835,42,0,0,0
2959108,bf3465b4-810c-e859-fdec-85f81a3bf7fd,1,2935302,2935342,2959108,2947709,23766,23806,40,0,0,0
2959092,efcaa9d2-258e-9524-3261-f27c6667c883,1,2935392,2935402,2959092,2957376,23690,23700,10,0,0,0
2959131,0423190d-df1d-b5ba-7473-c3fabaf54ed1,1,2935394,2935402,2959131,2969527,23729,23737,8,0,0,0
2959113,559a31a7-a03e-2cf4-541f-c7cfd8ad8a25,1,2935412,2935462,2959113,2949832,23651,23701,50,0,0,0
2959199,f8202857-e4c7-1949-0897-40120397d77f,1,2935283,2935342,2959199,2969564,23857,23916,59,0,0,0
2959163,939a1fd6-73f3-6acb-036b-85ffae52d288,1,2935293,2935342,2959163,2951985,23821,23870,49,0,0,0
2959176,40243eef-630b-46c2-8ec6-ae55c87b9653,1,2935293,2935342,2959176,2968848,23834,23883,49,0,0,0
2959183,5840dc12-428c-f686-c775-e55914a7e6a4,1,2935296,2935342,2959183,2967317,23841,23887,46,0,0,0
2959195,620509d0-fae7-3cbc-98a4-1e4800db9dac,1,2935299,2935342,2959195,2967763,23853,23896,43,0,0,0
2959147,a8ce28dd-3c53-54df-40ce-f01317c90d5f,1,2935302,2935342,2959147,2965905,23805,23845,40,0,0,0
2959181,798896da-2930-86ec-266c-33c2ac8ed88c,1,2935387,2935402,2959181,2969845,23779,23794,15,0,0,0
2959180,5fcd1354-ee02-b650-718d-9d1ccf90656d,1,2935395,2935402,2959180,2965518,23778,23785,7,0,0,0
2959189,f110e0fb-ad7e-67d8-58d8-49342ce0603e,1,2935405,2935462,2959189,2969292,23727,23784,57,0,0,0
2959206,215bb2bc-e11b-1892-6760-68a43071eb63,1,2935283,2935342,2959206,2963476,23864,23923,59,0,0,0
2959240,d067094a-0b2a-6a6c-d843-8a511ae93db3,1,2935306,2935342,2959240,2969524,23898,23934,36,0,0,0
2959242,efd0516e-7233-24f3-3a0e-0250a4a6ec2d,1,2935386,2935402,2959242,2959719,23840,23856,16,0,0,0
2959249,06d1ca6a-3f0b-f221-4c01-54046764a84e,1,2935386,2935402,2959249,2969045,23847,23863,16,0,0,0
2959256,8bb973d9-8778-690f-0448-6e5ef506bb13,1,2935395,2935402,2959256,2948058,23854,23861,7,0,0,0
2959250,11679cd1-fea3-1021-3aa2-4d65c120bd02,1,2935397,2935402,2959250,2953322,23848,23853,5,0,0,0
2959221,334feb8a-54a4-99a8-48b5-e1c8cc95f578,1,2935398,2935402,2959221,2960604,23819,23823,4,0,0,0
2959223,8f83a4dc-c1d3-93af-8522-e8e15b84674f,1,2935403,2935462,2959223,2964266,23761,23820,59,0,0,0
2959282,f884e5b6-bd79-edde-d778-71a6da3585a3,1,2935289,2935342,2959282,2952567,23940,23993,53,0,0,0
2959305,22c42166-cd4b-7b11-707c-9b1d21216473,1,2935296,2935342,2959305,2956279,23963,24009,46,0,0,0
2959266,6e691261-c269-d35c-d624-fc100494c928,1,2935302,2935342,2959266,2947719,23924,23964,40,0,0,0
2959281,1baa9fb2-4191-9de6-b913-3fce70982b5a,1,2935402,2935402,2959281,2967870,23879,23879,0,0,0,0
2959319,2a603c3c-06ee-0a6f-14f6-746bda1f5365,1,2935411,2935462,2959319,2949244,23857,23908,51,0,0,0
2959332,4375bd0d-bbca-a7c5-aaa1-bfbec6a131c7,1,2935293,2935342,2959332,2947622,23990,24039,49,0,0,0
2959329,0330cb5c-4cb6-d914-a494-97891dbcd441,1,2935305,2935342,2959329,2970299,23987,24024,37,0,0,0
2959350,914ef454-7ddc-8695-5ff3-2ca69e9827dd,1,2935397,2935402,2959350,2966920,23948,23953,5,0,0,0
2959324,7080e5b9-9509-0466-3b07-5a6359b42c11,1,2935403,2935462,2959324,2949777,23862,23921,59,0,0,0
2959387,af8fb5a9-93f5-6c98-ee59-1b94531f3cf8,1,2935387,2935402,2959387,2964872,23985,24000,15,0,0,0
2959430,fe5ccf9a-8e82-0e0f-f71f-c8c43388d946,1,2935387,2935402,2959430,2952398,24028,24043,15,0,0,0
2959462,2dafcf5e-4646-65a3-547f-8d2d29e0a505,1,2935386,2935402,2959462,2967979,24060,24076,16,0,0,0
2959481,8e64151c-f93d-635f-012c-ff8cb4d6ae2e,1,2935387,2935402,2959481,2956000,24079,24094,15,0,0,0
2959568,9a12d67a-c1a2-127f-36b5-e6b8ec2add3a,1,2935387,2935402,2959568,2950956,24166,24181,15,0,0,0
2959679,4052b375-040d-fc96-999f-727828080604,1,2935389,2935402,2959679,2970718,24277,24290,13,0,0,0
2959737,f08d8ecc-37d5-b426-af68-949fb6d994d4,1,2935387,2935402,2959737,2968526,24335,24350,15,0,0,0
2989647,d9e315e3-2b26-2d41-4520-7ca6023278f6,1,2988088,2988088,2989647,2989259,1559,1559,0,0,0,0
2992823,98efc8a3-0850-891f-5208-908e6efc95c4,1,2989971,2989990,2992823,2992063,2833,2852,19,0,0,0
2992864,0571f362-9140-d93b-08f3-71a2167155fb,1,2989939,2989990,2992864,2993412,2874,2925,51,0,0,0
2994144,0a1140a4-462a-3d44-9319-25c94baf9289,1,2986518,2986518,2994144,2993080,7626,7626,0,0,0,0
2994187,4bd82444-ddd4-5c7a-8d5a-ebc4891297de,1,2986539,2986578,2994187,2995593,7609,7648,39,0,0,0
2994692,8d9f28a3-fc42-a87c-b7f9-671057dc96c1,1,2987035,2987035,2994692,2993215,7657,7657,0,0,0,0
2994763,9b14a10a-c156-249b-cb94-3a4c66c351df,1,2987042,2987095,2994763,2993331,7668,7721,53,0,0,0
2994938,f143b7c4-49bc-8e3e-d900-222305ad1d02,1,2987146,2987155,2994938,2996874,7783,7792,9,0,0,0
2995045,b0cf91f8-4272-c0a6-3b75-dbac89c9f337,1,2987322,2987322,2995045,2995938,7723,7723,0,0,0,0
2995046,e0ae5d9a-3fa8-3319-e013-55d4764f4e90,1,2987322,2987322,2995046,2993374,7724,7724,0,0,0,0
2995346,aecbde3b-d96a-9e1e-151f-29e3c9e15654,1,2987717,2987724,2995346,2997919,7622,7629,7,0,0,0
2995369,58e5d0c5-64b0-e1f0-ad86-4462b1f7455e,1,2987687,2987724,2995369,2993683,7645,7682,37,0,0,0
2995419,90826954-9fbc-b2b1-c1a4-47e5e3435895,1,2987664,2987664,2995419,2995745,7755,7755,0,0,0,0
2995517,1ac98e59-74f9-1d4f-ea27-ac3c07828cda,1,2987841,2987841,2995517,2995151,7676,7676,0,0,0,0
2995687,b538dc01-3814-1d7e-6a64-5874cff59509,1,2988010,2988010,2995687,2996029,7677,7677,0,0,0,0
2995799,3056b473-83e4-4f13-2959-e5c1377e6309,1,2988205,2988205,2995799,2998620,7594,7594,0,0,0,0
2997325,97ab53de-e911-2990-2b80-ffb7d7563983,1,2989767,2989810,2997325,2997626,7515,7558,43,0,0,0
2997357,e201ed0c-fcd2-48f8-edeb-0253a542d085,1,2989750,2989750,2997357,3000370,7607,7607,0,0,0,0
2997595,954e0574-b6c9-0159-d5a3-fc19479305ab,1,2989925,2989930,2997595,3000807,7665,7670,5,0,0,0
2997597,2cabf20b-a2d3-ab38-f238-fd5853f41126,1,2989947,2989990,2997597,2994197,7607,7650,43,0,0,0
2997888,88fb8e9c-d813-7db6-fbf2-df257d7c0698,1,2988600,2988600,2997888,3000736,9288,9288,0,0,0,0
3013192,f9bbb164-1a31-1873-cac2-638d825b0100,1,3010260,3010267,3013192,3014262,2925,2932,7,0,0,0
3013228,811e83f6-1973-f264-81fa-764407751bd4,1,3010279,3010327,3013228,3012671,2901,2949,48,0,0,0
3013199,2c6dde79-f7e3-692f-e143-d57228ff21d7,1,3010297,3010327,3013199,3011922,2872,2902,30,0,0,0
3013274,42919a92-f146-66fc-56db-b690c1eb87dc,1,3010345,3010387,3013274,3012461,2887,2929,42,0,0,0
3013338,5b5019bd-7e7c-7d84-f2dc-cb2fef1c0185,1,3010481,3010507,3013338,3012070,2831,2857,26,0,0,0
3013701,162bd949-4efc-81ee-982d-17b0e13bfd09,1,3010846,3010868,3013701,3013192,2833,2855,22,0,0,0
3017713,3ad56320-4a65-5796-49c3-111fdd7ff4e1,1,3010147,3010147,3017713,3021319,7566,7566,0,0,0,0
3017803,afd66de4-9b5f-4127-5270-481c0bcafa10,1,3010153,3010207,3017803,3020588,7596,7650,54,0,0,0
3017864,89d0c704-bd76-01f7-2b66-885e869523fe,1,3010287,3010327,3017864,3014341,7537,7577,40,0,0,0
3017881,85de2b35-4840-2bbd-9190-50fc08e778a4,1,3010288,3010327,3017881,3016371,7554,7593,39,0,0,0
3018064,0e8f56cb-afbf-d897-7789-44aac3378582,1,3010472,3010507,3018064,3016542,7557,7592,35,0,0,0
3018122,05ea67dd-7d48-7c47-4ec8-3e405582ced8,1,3010478,3010507,3018122,3017475,7615,7644,29,0,0,0
3018228,7a42e24e-2e6a-ada9-b033-5b6bc4b033ad,1,3010400,3010447,3018228,3016346,7781,7828,47,0,0,0
3018280,e9602cb6-2abf-a89f-0bd2-61bd4c423ee7,1,3010770,3010808,3018280,3016987,7472,7510,38,0,0,0
3018499,90ff5e93-81a5-0da8-5cb7-ba9e5db3de3d,1,3010748,3010748,3018499,3019456,7751,7751,0,0,0,0
3018514,4d7ed020-3840-edc6-17c0-2486b6e47c00,1,3010881,3010928,3018514,3018318,7586,7633,47,0,0,0
3432540,30a7b7c9-6aa5-db1f-e837-57002c1f9ff7,1,3431461,3431481,3432540,3432057,1059,1079,20,0,0,0
3433035,8b0d657a-09dc-dff9-d634-4d93dc23ca5e,1,3431947,3431969,3433035,3432865,1066,1088,22,0,0,0
3433011,30259b70-474f-f91c-c6c0-e08c3cb79f6d,1,3431963,3431969,3433011,3433257,1042,1048,6,0,0,0
3433962,dc2bd240-3d49-0def-f5e6-7a165fad4fe3,1,3432945,3432950,3433962,3433619,1012,1017,5,0,0,0
3434022,92bdf621-9617-2f2a-0bcf-62b094054e7e,1,3432991,3433010,3434022,3434228,1012,1031,19,0,0,0
3434034,136b1f54-5537-a67c-7fe3-e8e2be3b9097,1,3433005,3433010,3434034,3433518,1024,1029,5,0,0,0
3434200,e1846d88-c4f0-6072-e60b-8a6012478760,1,3431463,3431481,3434200,3433119,2719,2737,18,0,0,0
3434295,55f37af7-6bfd-65a0-2df6-da87c4363544,1,3431543,3431543,3434295,3433341,2752,2752,0,0,0,0
3434457,417676a1-282f-f4d8-7df8-ab4a3fc6a4b6,1,3431736,3431736,3434457,3434015,2721,2721,0,0,0,0
3438911,0a2b631b-4ec2-8d7d-0e98-c1fa2c04186c,1,3431261,3431261,3438911,3440515,7650,7650,0,0,0,0
3438983,d4ea3a34-1a0d-8bf2-af0f-0307d0fe16af,1,3431297,3431321,3438983,3439565,7662,7686,24,0,0,0
3439071,f29aabb1-58de-333e-b772-f4bdee00c83a,1,3431473,3431481,3439071,3435239,7590,7598,8,0,0,0
3439222,8c2f727d-8396-ec0c-20b6-694a1ef6201d,1,3431421,3431421,3439222,3435559,7801,7801,0,0,0,0
3439211,148b4124-b599-50e4-a6ac-3de24a5178c6,1,3431645,3431645,3439211,3440815,7566,7566,0,0,0,0
3439555,bccbaf0c-2f18-a516-e06f-7cf7b2f9c8dc,1,3431786,3431796,3439555,3440948,7759,7769,10,0,0,0
3439589,9fe76c22-93a6-de9e-12c3-ce0479bc4f7d,1,3431909,3431909,3439589,3438465,7680,7680,0,0,0,0
3439579,5b171df6-a590-1a74-145f-0fd77692472a,1,3432072,3432100,3439579,3441416,7479,7507,28,0,0,0
3439639,bfcf1f28-abe9-21c8-44ec-dc0896983694,1,3432040,3432040,3439639,3438592,7599,7599,0,0,0,0
3439750,dd99c345-5fa9-c5f1-c336-c78400038007,1,3432040,3432040,3439750,3437961,7710,7710,0,0,0,0
3440322,24a3c20b-3368-e97d-7e04-2532ee6b4b22,1,3432692,3432692,3440322,3437016,7630,7630,0,0,0,0
3440481,15dc4208-30ca-e543-5acb-818cd6cf54e6,1,3432890,3432890,3440481,3443744,7591,7591,0,0,0,0
3440745,de07a2c7-202b-c03a-42c7-01cabee5e800,1,3433162,3433190,3440745,3437376,7555,7583,28,0,0,0
3440759,3cb72e3c-25ec-c2ec-3b71-43692c4e4c87,1,3433086,3433130,3440759,3439238,7629,7673,44,0,0,0
3440875,cb40687e-0e62-e727-87bd-2a993fbc3946,1,3433093,3433130,3440875,3437743,7745,7782,37,0,0,0
3440905,c66d3435-7bd9-bda9-0062-693adcacfce3,1,3432995,3433010,3440905,3439609,7895,7910,15,0,0,0
3440899,8c9d3d73-9288-9e3d-f1cf-c8af07abbc83,1,3432995,3433010,3440899,3444509,7889,7904,15,0,0,0
3440895,103acc8c-9868-ff69-5cfe-85a0c3f0c264,1,3433173,3433190,3440895,3437480,7705,7722,17,0,0,0
3440984,b1d9deb7-8ac0-f308-7ac9-222493b66c15,1,3433267,3433267,3440984,3440925,7717,7717,0,0,0,0
3441274,3f3ff9f4-7388-d944-78bc-1d3ff51a1292,1,3433664,3433694,3441274,3439659,7580,7610,30,0,0,0
3441303,50e5b85a-11b0-037e-dc94-0b5f09fd4667,1,3433634,3433634,3441303,3440486,7669,7669,0,0,0,0
3441307,435e74cf-f983-52e9-1c84-4d9634ce1451,1,3433682,3433694,3441307,3437971,7613,7625,12,0,0,0
3441532,411938b3-14db-c43c-aae0-8b19a4ef41b1,1,3433892,3433892,3441532,3444847,7640,7640,0,0,0,0
3441542,e0ce3b2e-4cd0-ff5d-c5f5-2b347cd3a02e,1,3433766,3433766,3441542,3438845,7776,7776,0,0,0,0
3441554,ce31d600-2fa8-e2a7-ffea-70596a90c22a,1,3433766,3433766,3441554,3438177,7788,7788,0,0,0,0
3441992,554204c2-e0af-e4e0-4bab-057a1690f9ea,1,3434394,3434394,3441992,3442306,7598,7598,0,0,0,0
3442119,becc0ec8-d39e-97fd-8301-7e5a2b9105db,1,3434474,3434517,3442119,3442945,7602,7645,43,0,0,0
3442293,f5fe7036-9cf4-ff33-0eda-427662a82b0d,1,3434599,3434637,3442293,3439011,7656,7694,38,0,0,0
3442405,f007a746-8abc-d129-4561-f73998494005,1,3434764,3434817,3442405,3440230,7588,7641,53,0,0,0
3442436,83a77c99-4594-2b38-61af-80f5b8bdb73d,1,3434791,3434817,3442436,3442538,7619,7645,26,0,0,0
3442420,26696a5c-f2a9-7aa4-ba3b-411286f08204,1,3434815,3434817,3442420,3441085,7603,7605,2,0,0,0
3442513,7d9dfdb7-9747-b2fb-e02d-a0b00d7c79d4,1,3434654,3434697,3442513,3441689,7816,7859,43,0,0,0
3442608,cd5e3c0f-a4fa-ec9a-2469-c60019ba58cc,1,3434825,3434877,3442608,3441389,7731,7783,52,0,0,0
3442751,59178b75-96f7-2674-b702-f5539792cb50,1,3434975,3434997,3442751,3439103,7754,7776,22,0,0,0
3442818,226b7b14-4a56-5b7f-d6cb-d05b5f2cf633,1,3434998,3435057,3442818,3446355,7761,7820,59,0,0,0
3443050,26f4a4ef-dec3-4eb3-f79a-ff9651e29252,1,3435393,3435419,3443050,3445113,7631,7657,26,0,0,0
3443253,8f681dd0-628d-dbca-afb5-5ece2f31980d,1,3435423,3435479,3443253,3446378,7774,7830,56,0,0,0
3443397,40fff2f6-6c16-354c-a8da-04a7393bfd5f,1,3435692,3435742,3443397,3442291,7655,7705,50,0,0,0
3443536,c62701c2-ad0d-9d42-edad-586b44bffe4a,1,3435682,3435682,3443536,3444643,7854,7854,0,0,0,0
3443773,1dbb0aa4-b366-fe63-3c49-403fc617a1de,1,3435968,3436011,3443773,3443724,7762,7805,43,0,0,0
3443850,b89a1272-0b7e-df3e-b8e4-48091264be5d,1,3436231,3436231,3443850,3446470,7619,7619,0,0,0,0
3444020,1af95401-b4ce-684e-7f20-ac122c512864,1,3436242,3436291,3444020,3445937,7729,7778,49,0,0,0
3444375,03ce4c76-f78a-eb86-ce46-8c7f77fbb259,1,3436820,3436820,3444375,3442711,7555,7555,0,0,0,0
3444586,df80aa13-dac9-23af-00d2-7cc457db3d2d,1,3436972,3437009,3444586,3448163,7577,7614,37,0,0,0
3444697,18fdc0d4-421c-1c0e-4c6c-8ed2ebd8cfc9,1,3437084,3437141,3444697,3448238,7556,7613,57,0,0,0
3444791,1ccf547c-0e16-1b40-872d-58367907c754,1,3434581,3434637,3444791,3449336,10154,10210,56,0,0,0
3444850,c4b48249-d3ff-7812-f141-f6673e70fee2,1,3434689,3434697,3444850,3445835,10153,10161,8,0,0,0
3444856,557731b5-285e-6889-47ba-6245635b9e6b,1,3434732,3434757,3444856,3443398,10099,10124,25,0,0,0
3444882,1dee019a-e094-9471-f902-d3093c885cff,1,3434743,3434757,3444882,3442928,10125,10139,14,0,0,0
3444920,38010303-3f17-45a1-1406-d6cc766d31b4,1,3434747,3434757,3444920,3445686,10163,10173,10,0,0,0
3445032,fba53661-df81-253c-3240-d019226e5f7f,1,3434746,3434757,3445032,3448729,10275,10286,11,0,0,0
3445051,bf8b6743-9647-5277-c48b-ad03aceebc2c,1,3434742,3434757,3445051,3445497,10294,10309,15,0,0,0
3445036,c630644e-a5f4-b92e-fac6-4792cddf948c,1,3434746,3434757,3445036,3448107,10279,10290,11,0,0,0
3445163,0360f269-1857-7ee8-662b-f8f14e60c7f1,1,3437584,3437584,3445163,3448763,7579,7579,0,0,0,0
3445525,dd00531d-5fc4-f598-c22f-347ad4bde383,1,3437759,3437769,3445525,3446123,7756,7766,10,0,0,0
3445698,808271b7-fa2e-2d22-ba8c-3fbf4b5fbb7a,1,3438090,3438132,3445698,3448315,7566,7608,42,0,0,0
3445836,d8f6e182-c4cb-dc0d-c88f-5981adac273b,1,3438209,3438252,3445836,3444275,7584,7627,43,0,0,0
3445993,a074629b-a0c8-6edd-0a8b-2292850164a7,1,3438244,3438252,3445993,3445545,7741,7749,8,0,0,0
3446199,6b45467f-170b-213b-3397-9619fc7d6137,1,3438377,3438432,3446199,3445370,7767,7822,55,0,0,0
3446605,79476bfc-783d-6a30-5620-567eeab200d9,1,3438838,3438866,3446605,3446379,7739,7767,28,0,0,0
3446671,41637105-c678-f29c-78ff-263a3de351b8,1,3438838,3438866,3446671,3445821,7805,7833,28,0,0,0
3447003,f629fe09-0490-322b-3c27-be4b545a7785,1,3439277,3439294,3447003,3449185,7709,7726,17,0,0,0
3447237,ba4240df-a9ce-f0b4-5059-f09918d37385,1,3439427,3439474,3447237,3449598,7763,7810,47,0,0,0
3447268,ff9b2387-d334-87f3-4be3-64f7cd1a5a2f,1,3439642,3439654,3447268,3449636,7614,7626,12,0,0,0
3447363,59e7ea04-1b85-e50c-af92-d87c7ccad5d6,1,3439601,3439654,3447363,3444775,7709,7762,53,0,0,0
3447415,78981fb9-a0db-af9f-bfbe-6c2048c5a974,1,3439531,3439534,3447415,3449194,7881,7884,3,0,0,0
3447402,8565015b-bfa9-63b2-8acb-14c7832b9d58,1,3439615,3439654,3447402,3447071,7748,7787,39,0,0,0
3447467,091ba944-6312-d9de-6790-0f88ec94d428,1,3439783,3439810,3447467,3446103,7657,7684,27,0,0,0
3447537,52662af9-6f4d-39bc-6dfc-aac664d0d710,1,3439820,3439870,3447537,3450991,7667,7717,50,0,0,0
3447854,c1d82e4e-019d-2ddb-6582-c3b6441f2afa,1,3440184,3440215,3447854,3451164,7639,7670,31,0,0,0
3448261,39cf2df9-edd4-09d5-81a6-6083e792ba1d,1,3440509,3440515,3448261,3444904,7746,7752,6,0,0,0
3448282,00d2a886-ac73-77df-0786-4ee9805c9b31,1,3440582,3440635,3448282,3448453,7647,7700,53,0,0,0
3448465,72deef9f-5e6e-422d-6460-c7d2749f6ea9,1,3440656,3440695,3448465,3445194,7770,7809,39,0,0,0
3448482,5ed60715-950a-05da-ab78-31485f8c82c5,1,3440764,3440815,3448482,3447983,7667,7718,51,0,0,0
3448725,37e7a359-0826-d8c7-335d-262b73d349d8,1,3441138,3441175,3448725,3447830,7550,7587,37,0,0,0
3448729,d255f14a-1317-7e4f-e933-71548cbac9bd,1,3441069,3441115,3448729,3446432,7614,7660,46,0,0,0
3448783,70bbf07e-e80a-50b7-a36f-494a54d41e87,1,3441163,3441175,3448783,3451443,7608,7620,12,0,0,0
3448757,994a8e03-307b-6d17-0693-0d3eed917b1a,1,3441192,3441235,3448757,3447765,7522,7565,43,0,0,0
3502157,c87faf6b-2940-79b8-db4f-50653a070c29,8,3501002,3501002,3502157,3502228,1155,1155,0,0,0,0
3502166,286a7a87-cbf3-7cca-7b5e-803c793bba8c,8,3501079,3501079,3502166,3501809,1087,1087,0,0,0,0
3557315,8b643c78-e15c-1327-89c4-6711526af5bc,8,3509137,3509196,3557315,3575805,48119,48178,59,0,0,0
3557328,e6598fa6-c7e0-8447-4cd3-2c6c4c83b19a,8,3509136,3509136,3557328,3550665,48192,48192,0,0,0,0
3557419,03adab23-ea9f-c997-bf86-95ec798799f9,8,3509197,3509256,3557419,3561169,48163,48222,59,0,0,0
3557997,3ad622ce-5468-6965-1725-52dee1031010,8,3509954,3510009,3557997,3553410,47988,48043,55,0,0,0
3558153,1af9e16e-452f-4fa8-509e-d3fc1eb34e27,8,3509949,3509949,3558153,3537904,48204,48204,0,0,0,0
3558313,3bde5a3d-c014-f01b-cf1f-77992b2bc08a,8,3509949,3509949,3558313,3578516,48364,48364,0,0,0,0
3558505,b9dcc556-c01f-4d20-6c78-a746f5388bb7,8,3510247,3510247,3558505,3565891,48258,48258,0,0,0,0
3558665,b0235e00-a7e9-d12b-1f85-2efbc37f8e85,8,3510141,3510141,3558665,3538361,48524,48524,0,0,0,0
3558762,d906a787-90ad-c6e7-5d6f-5520b3a719df,8,3510370,3510370,3558762,3571349,48392,48392,0,0,0,0
3558826,6279ff51-d26a-a150-df82-7b89221c522c,8,3510382,3510430,3558826,3569243,48396,48444,48,0,0,0
3558880,e74cdd5e-d29d-8778-c215-517ddbc1648e,8,3510372,3510430,3558880,3573729,48450,48508,58,0,0,0
3559124,ec521c9d-eef1-050f-007e-3e9f474bedea,8,3510373,3510430,3559124,3564864,48694,48751,57,0,0,0
3730507,97289980-0b79-b535-33bf-480c811f6bee,1,3729451,3729496,3730507,3730878,1011,1056,45,0,0,0
3730558,ef227dd2-8669-18d8-8e62-db9c36daf565,1,3729471,3729496,3730558,3730854,1062,1087,25,0,0,0
3730576,38387fa1-3f90-44e8-352f-eea67a12c928,1,3729457,3729496,3730576,3730722,1080,1119,39,0,0,0
3731883,a85e5940-512d-cce6-4731-d47072a2afc5,1,3729383,3729436,3731883,3730759,2447,2500,53,0,0,0
3731891,54317b56-4f16-9437-8d91-252cb1e1eaf0,1,3729376,3729376,3731891,3731242,2515,2515,0,0,0,0
3731893,8c629e8f-6579-6fae-dc2b-f169f27a3f66,1,3729377,3729436,3731893,3731800,2457,2516,59,0,0,0
3731918,db4f2cd5-ddab-e68c-188e-d4d7da6d5bb2,1,3729378,3729436,3731918,3730825,2482,2540,58,0,0,0
3731902,798d99fb-2ed7-5961-951e-89e65c4fe578,1,3729383,3729436,3731902,3730981,2466,2519,53,0,0,0
3731914,1ed460b7-23dc-f810-d4ef-f59d9f9a94d0,1,3729385,3729436,3731914,3731971,2478,2529,51,0,0,0
3731943,1c4936c7-d85c-3296-0f7f-a027660d8c0e,1,3729388,3729436,3731943,3731458,2507,2555,48,0,0,0
3731917,9a28474f-c752-20c8-48b8-50d39e96f644,1,3729389,3729436,3731917,3730724,2481,2528,47,0,0,0
3731910,216a9985-6b56-a889-5121-be733126960b,1,3729390,3729436,3731910,3731714,2474,2520,46,0,0,0
3731917,5b26ef84-fdb0-71db-f761-a4e45a95c9fc,1,3729392,3729436,3731917,3732712,2481,2525,44,0,0,0
3731930,ce9fcfca-197b-6d17-6d74-e73859088d91,1,3729394,3729436,3731930,3731074,2494,2536,42,0,0,0
3731951,523f3abc-311c-629f-d13c-72b6c134ad87,1,3729377,3729436,3731951,3733078,2515,2574,59,0,0,0
3737439,157fe4da-01ee-dd94-f19a-40ba3c939220,1,3729799,3729799,3737439,3738988,7640,7640,0,0,0,0
3737541,d1aab379-b25e-91cb-27ee-b6c83bf67606,1,3729914,3729919,3737541,3739801,7622,7627,5,0,0,0
3737624,18821089-438c-cbba-0924-a44ada5780de,1,3730021,3730068,3737624,3740612,7556,7603,47,0,0,0
3737624,308995d4-f393-bc18-eb37-ab3a2fdfef50,1,3730120,3730128,3737624,3734495,7496,7504,8,0,0,0
3738189,ee6299d0-b130-31b3-1ef4-bb69e6dd64f0,1,3729668,3729668,3738189,3739408,8521,8521,0,0,0,0
3738264,cd6d047c-ecb0-e5d0-f9e3-de4ded6ffcf8,1,3729851,3729859,3738264,3739879,8405,8413,8,0,0,0
3738444,3f8c7b80-22f1-567d-2ab0-514182f9e879,1,3730008,3730008,3738444,3735145,8436,8436,0,0,0,0
3738628,0df1714a-44fa-2fd2-e9a9-7c6ed840486a,1,3730217,3730217,3738628,3738029,8411,8411,0,0,0,0
3740150,dd47e704-675d-ee77-e538-35b09d645844,1,3732509,3732509,3740150,3739390,7641,7641,0,0,0,0
3740256,ef5a4025-c3f1-f88b-f465-a63f1c427ad8,1,3732526,3732569,3740256,3736855,7687,7730,43,0,0,0
3740537,fa7c4800-3810-1334-eddf-7bcfed8478af,1,3732852,3732852,3740537,3742590,7685,7685,0,0,0,0
3741575,ad0532ee-5865-9477-115d-760ffcd803ea,1,3733085,3733118,3741575,3740383,8457,8490,33,0,0,0
3741717,3dce9047-535c-fbeb-04fa-2be0c4be2001,1,3733383,3733387,3741717,3743132,8330,8334,4,0,0,0
3742876,51702fd1-aa1f-bb9a-38ef-74fbb34ff4ee,1,3741799,3741837,3742876,3742476,1039,1077,38,0,0,0
3749481,41a24ee2-0e07-ac8c-6527-839fdef0adb3,1,3740976,3740976,3749481,3751740,8505,8505,0,0,0,0
3750326,1de45bb6-2001-5b5a-cc3f-6f024408ed2e,1,3741997,3741997,3750326,3746239,8329,8329,0,0,0,0
3750582,6d3bb8af-53e5-a913-745d-4debc11e6e19,1,3742002,3742057,3750582,3754575,8525,8580,55,0,0,0
3750642,066085ef-5863-78e6-4ea3-a3e2fda17883,1,3741934,3741934,3750642,3752011,8708,8708,0,0,0,0
3751991,88823bfb-a23d-00f0-6d79-fea2ed201457,1,3749933,3749947,3751991,3751125,2044,2058,14,0,0,0
3754680,a6a92d7d-9899-375a-401d-516e43219ef7,1,3747097,3747097,3754680,3756246,7583,7583,0,0,0,0
3754792,fec569b6-e373-12a0-e794-3819c0735a9f,1,3747236,3747238,3754792,3756551,7554,7556,2,0,0,0
3755115,0de05ab2-5016-6dd4-e8eb-73123c44121e,1,3746755,3746803,3755115,3756881,8312,8360,48,0,0,0
3755140,f47bfa23-9a52-b84b-b831-0f1a10ae7f29,1,3746717,3746743,3755140,3756703,8397,8423,26,0,0,0
3755222,03f00242-59bb-e80a-c0aa-10f383a7566b,1,3746683,3746683,3755222,3755168,8539,8539,0,0,0,0
3755378,973b2ee7-0903-3978-3788-cfdfe70cfce2,1,3747178,3747178,3755378,3754714,8200,8200,0,0,0,0
3757487,5219269a-ed44-2537-829f-62b6c0d1d3ae,1,3756392,3756392,3757487,3757414,1095,1095,0,0,0,0
3757511,225ffcbd-20c1-e9ee-b184-48cf2d4128e5,1,3749918,3749947,3757511,3755304,7564,7593,29,0,0,0
3757917,ebe25d0d-1be8-e4da-8406-38cf4bd5b092,1,3750286,3750286,3757917,3755790,7631,7631,0,0,0,0
3758039,6f94f350-d0dd-bf34-e663-33ffd0f4d40a,1,3750292,3750346,3758039,3757878,7693,7747,54,0,0,0
3758315,c82ff097-0836-0b7c-8a7d-84ecf21d2555,1,3749887,3749887,3758315,3754967,8428,8428,0,0,0,0
3758474,93463fbe-acee-6873-0c93-677b78dcfcf1,1,3749937,3749947,3758474,3756064,8527,8537,10,0,0,0
3758605,864d5c41-0f03-c060-95d6-cd21ef314ada,1,3749903,3749947,3758605,3755848,8658,8702,44,0,0,0
3758733,0140be56-a9e1-2344-e364-df61d92ef298,1,3750314,3750346,3758733,3760262,8387,8419,32,0,0,0
3758757,eb96ca66-9f70-d721-bb11-f5a76010b507,1,3750342,3750346,3758757,3755766,8411,8415,4,0,0,0
3768328,18dd7bdd-f9c5-257d-162f-5992882a4968,8,3741758,3741777,3768328,3756378,26551,26570,19,0,0,0
3804027,0b0af24c-1ca4-3f6a-5e4d-b3023f6f8d5a,1,3801581,3801581,3804027,3804361,2446,2446,0,0,0,0
3804051,f8cd138d-c738-27a8-70ba-df312a9e48f5,1,3801581,3801581,3804051,3802993,2470,2470,0,0,0,0
3804057,fb164022-f59b-0b89-2732-bc54f5b69341,1,3801581,3801581,3804057,3805122,2476,2476,0,0,0,0
3804074,1ce7041c-cc56-39dc-48fd-985f4fc8d828,1,3801581,3801581,3804074,3804547,2493,2493,0,0,0,0
3804033,10a9391d-b3f9-80fc-effe-4252e95110a8,1,3801581,3801581,3804033,3804528,2452,2452,0,0,0,0
3804050,56e96d2d-026f-167d-e309-50f97a1028c3,1,3801585,3801641,3804050,3804648,2409,2465,56,0,0,0
3804079,82b22a15-b587-f2a6-8850-a042df2457a8,1,3801588,3801641,3804079,3804328,2438,2491,53,0,0,0
3804140,c2fe4f78-b813-b30c-6c20-54bd1a189d88,1,3801592,3801641,3804140,3803327,2499,2548,49,0,0,0
3804182,8a1659e5-957b-3d06-0b10-f84ac374fde6,1,3801582,3801641,3804182,3803898,2541,2600,59,0,0,0
3804187,15b9dda6-cb2c-5d2d-6f7b-4d2c68412551,1,3801592,3801641,3804187,3804339,2546,2595,49,0,0,0
3804192,97eac38b-1b38-d540-424e-62d8a38bd01f,1,3801593,3801641,3804192,3804963,2551,2599,48,0,0,0
3804180,fe3cdf0f-e92d-e38e-0e08-210aeda55f05,1,3801593,3801641,3804180,3803243,2539,2587,48,0,0,0
3805978,42f74a66-9c0e-677c-4feb-74d20f8001ec,1,3801581,3801581,3805978,3806061,4397,4397,0,0,0,0
3806060,c3b63b2d-70cd-f043-d3c1-2594d1860cc5,1,3801589,3801641,3806060,3807542,4419,4471,52,0,0,0
3806061,b63f5a96-1141-9bef-9348-509345627102,1,3801581,3801581,3806061,3806916,4480,4480,0,0,0,0
3806104,6816e3bc-1223-9911-21fc-7617ef947143,1,3801583,3801641,3806104,3805004,4463,4521,58,0,0,0
3806078,a1439506-2140-dae6-b11a-007962744a87,1,3801589,3801641,3806078,3805825,4437,4489,52,0,0,0
3806119,35a0c1ab-1cbd-175f-5f56-1946f65bf99c,1,3801599,3801641,3806119,3804179,4478,4520,42,0,0,0
3806132,914c59dc-5796-ac30-094d-f20f66af6937,1,3801583,3801641,3806132,3807329,4491,4549,58,0,0,0
3806137,f571f2d3-2f45-3a76-c3ea-0a5ee2d9fa59,1,3801595,3801641,3806137,3806795,4496,4542,46,0,0,0
3806143,3df8d793-61ff-3ed9-3384-c6a4aba3a5ee,1,3801596,3801641,3806143,3808010,4502,4547,45,0,0,0
3806234,0dc7ebe4-f3b4-1b25-a431-efa073973573,1,3801586,3801641,3806234,3806539,4593,4648,55,0,0,0
3806200,b3f6ef86-f1be-0900-32df-bfa8f8b933bb,1,3801588,3801641,3806200,3807760,4559,4612,53,0,0,0
3806261,568bde87-6434-3bb7-6ef1-aad71c784589,1,3801595,3801641,3806261,3808025,4620,4666,46,0,0,0
3818654,f2bc08d3-0f8d-d535-e5ee-672ab0623f5d,1,3817533,3817533,3818654,3818107,1121,1121,0,0,0,0
3825588,bf462987-0e77-f2f6-8eec-169dfe9b0582,1,3817980,3817980,3825588,3824883,7608,7608,0,0,0,0
3825622,333e009c-847d-0f89-7363-67f52754a846,1,3818015,3818040,3825622,3825591,7582,7607,25,0,0,0
3826095,4ad2b732-fa9b-74cf-8c09-0de46c2478a1,1,3818331,3818331,3826095,3828637,7764,7764,0,0,0,0
3826397,1c3a6281-6083-8fe8-c92c-4c70976e0958,1,3818860,3818860,3826397,3827887,7537,7537,0,0,0,0
3826721,9b0198ce-ca1d-429d-9ad7-9207b1102552,1,3819039,3819039,3826721,3827310,7682,7682,0,0,0,0
3826782,67e12777-244a-8147-51f4-6422da35cddf,1,3819160,3819160,3826782,3828077,7622,7622,0,0,0,0
3826957,10fa5b41-c32b-daf4-b84b-9a73651857b6,1,3819399,3819399,3826957,3828890,7558,7558,0,0,0,0
3827301,f7ab873d-f8ca-6ed3-bfe3-4ad7982f0ed5,1,3819740,3819740,3827301,3826807,7561,7561,0,0,0,0
3827758,6778170a-f4f2-7409-e08c-b5347b11fe99,1,3820190,3820190,3827758,3830969,7568,7568,0,0,0,0
3828761,b139e289-f127-445b-6905-c0afe120b039,1,3821198,3821198,3828761,3830063,7563,7563,0,0,0,0
3828809,667d3564-2dbe-f949-e6ae-221675233adb,1,3821122,3821122,3828809,3831376,7687,7687,0,0,0,0
3828919,e7238979-45bb-1760-52cd-7f93ffbb2c0f,1,3821264,3821318,3828919,3827508,7601,7655,54,0,0,0
3829001,16d2bd10-3b30-e4c9-c7c9-d16789c5040f,1,3821338,3821378,3829001,3829298,7623,7663,40,0,0,0
3829060,8e759ad8-6869-30e6-7510-24db094473d7,1,3821336,3821378,3829060,3827746,7682,7724,42,0,0,0
3829648,cec861c5-8f65-6148-7073-faf5f2971ed3,1,3821973,3821973,3829648,3833112,7675,7675,0,0,0,0
3829877,28a3be12-873a-bfe1-a733-6615bee00e0d,1,3822237,3822237,3829877,3827301,7640,7640,0,0,0,0
3830154,a3996761-0081-0bd2-3f1c-1b708cfd099a,1,3822603,3822624,3830154,3827207,7530,7551,21,0,0,0
3830245,823ef811-0684-dfaa-f9f2-3492700b6ef6,1,3822598,3822624,3830245,3829416,7621,7647,26,0,0,0
3830260,c96533b8-47e5-4a6f-a31d-703338db18cc,1,3822564,3822564,3830260,3828065,7696,7696,0,0,0,0
3830246,cc404f18-8830-dd78-1abb-918cbbd86378,1,3822613,3822624,3830246,3827161,7622,7633,11,0,0,0
3830756,c918da34-ae27-90bf-9016-83cd1075f720,1,3823171,3823171,3830756,3833694,7585,7585,0,0,0,0
3830946,4ec86e93-6dce-06df-5d1e-4d32b18e0c2a,1,3823273,3823273,3830946,3827868,7673,7673,0,0,0,0
3830979,e804f03b-b0f8-c5a2-7c1b-83802e009106,1,3823314,3823333,3830979,3833229,7646,7665,19,0,0,0
3830974,ece293b9-efb0-9cbb-d544-f42ad001df54,1,3823400,3823400,3830974,3827958,7574,7574,0,0,0,0
3847868,211f02a5-309b-b72c-5e5a-faed39864d19,1,3846730,3846730,3847868,3847374,1138,1138,0,0,0,0
3852208,8037c4fb-49b6-b9be-a91b-ac10d4703c2f,1,3844769,3844769,3852208,3853916,7439,7439,0,0,0,0
3852356,8be07309-5d40-dce8-6301-65defa9331eb,1,3844774,3844829,3852356,3853807,7527,7582,55,0,0,0
3853126,036537a6-34db-bf07-88d5-0e58043cf64f,1,3845539,3845539,3853126,3849488,7587,7587,0,0,0,0
3854421,c0f4ad63-d6f6-df78-07a2-50a4a36fcc7e,1,3846847,3846847,3854421,3853451,7574,7574,0,0,0,0
3854486,c0860ffe-9040-3b47-5e2d-60133e59192c,1,3846891,3846907,3854486,3851061,7579,7595,16,0,0,0
3855100,0c1a46b5-c94e-6220-a5f9-d6c43be9b78b,1,3847564,3847564,3855100,3858215,7536,7536,0,0,0,0
3855274,18e88d05-8a28-9bc0-99b9-93ebb63b79af,1,3847706,3847706,3855274,3857766,7568,7568,0,0,0,0
3855348,8f491d8b-5de0-79a4-4326-8a962e38f870,1,3847616,3847624,3855348,3857382,7724,7732,8,0,0,0
3855385,15fee15b-ea07-44f7-24b5-90207001072b,1,3847603,3847624,3855385,3857197,7761,7782,21,0,0,0
3855509,04bc165c-42c5-6ef6-855d-29ed298e5a01,1,3847951,3847988,3855509,3856986,7521,7558,37,0,0,0
3855592,f3d5a5a8-85f4-7bbc-6714-710970f1c61b,1,3847890,3847928,3855592,3854332,7664,7702,38,0,0,0
3855598,69fb09fd-da89-a0a6-649a-a0801e9100b9,1,3847914,3847928,3855598,3856964,7670,7684,14,0,0,0
3855637,548210a2-a357-ff48-5238-cc96723ab06f,1,3847932,3847988,3855637,3853380,7649,7705,56,0,0,0
3855644,41dfdb8f-054e-d60f-ce46-76b334c488ba,1,3848022,3848048,3855644,3854802,7596,7622,26,0,0,0
3855680,2f31634a-098a-cba1-f76c-3b2e96febf1d,1,3848034,3848048,3855680,3853417,7632,7646,14,0,0,0
3855826,8839bed6-6882-0e34-330d-27eeb5f3fd95,1,3848395,3848396,3855826,3855709,7430,7431,1,0,0,0
3855921,401469d3-a0c9-3586-b551-d3d215a781d8,1,3848364,3848396,3855921,3858665,7525,7557,32,0,0,0
3855964,5eef0c0e-de4a-af75-c946-5f188b481014,1,3848354,3848396,3855964,3852370,7568,7610,42,0,0,0
3855964,2df93152-d102-1964-78cc-cce784fcc390,1,3848384,3848396,3855964,3858813,7568,7580,12,0,0,0
3855957,1f523682-0c70-2cb1-adb3-2f98d3830043,1,3848389,3848396,3855957,3854302,7561,7568,7,0,0,0
3855957,32e007f9-d9e6-a662-be65-cf3dd0313c13,1,3848391,3848396,3855957,3857698,7561,7566,5,0,0,0
3856017,eae90143-1445-ae72-ecb6-0a42075b359e,1,3848383,3848396,3856017,3856826,7621,7634,13,0,0,0
3856005,2aa65a2a-0064-a287-256a-e64f7289f085,1,3848408,3848456,3856005,3859287,7549,7597,48,0,0,0
3856089,6ba17ab7-d4b3-117e-de50-3f67fc3ac5d3,1,3848336,3848336,3856089,3853928,7753,7753,0,0,0,0
3856070,bda9a5bf-93a2-5748-756d-61e0416dfd41,1,3848415,3848456,3856070,3852313,7614,7655,41,0,0,0
3856052,fee54165-db80-6ee6-cb28-89c29f58aa68,1,3848415,3848456,3856052,3857523,7596,7637,41,0,0,0
3856488,6e624811-d8eb-15b3-fde3-ae59f4405f5f,1,3848790,3848790,3856488,3855011,7698,7698,0,0,0,0
3858991,581e52e5-d692-2f8a-a177-cb4ec5affac2,2,3845087,3845087,3858991,3852115,13904,13904,0,0,0,0
3859010,94e29c1d-6ba0-367d-3186-a7194df911df,2,3845127,3845147,3859010,3861357,13863,13883,20,0,0,0
3859080,447876e9-4f19-7246-c2d9-9f47e3e52dcd,2,3845131,3845147,3859080,3856544,13933,13949,16,0,0,0
3859226,4677ee94-7c79-0ae4-2c3c-c2206c24d027,2,3845128,3845147,3859226,3856038,14079,14098,19,0,0,0
3897545,7b34cf79-3a16-1b35-e81b-622489743e05,2,3896698,3896740,3897545,3897787,805,847,42,0,0,0
3897560,9211ce6b-c099-d021-4c4f-128e588818e9,2,3896680,3896680,3897560,3897697,880,880,0,0,0,0
3897567,1d0a9c82-1299-d40b-44a7-3cf43600f1ae,2,3896690,3896740,3897567,3897865,827,877,50,0,0,0
3897574,70d044d3-e1f8-4798-d60b-6a74f9f92ddb,2,3896695,3896740,3897574,3897511,834,879,45,0,0,0
3897574,248d2d89-02e5-cb80-ecd8-e335a17353e7,2,3896701,3896740,3897574,3897255,834,873,39,0,0,0
3898458,b67bcbaf-68e2-eca2-531a-e2bf0fba1ef6,2,3897564,3897605,3898458,3898796,853,894,41,0,0,0
3901766,c275f20d-a0ee-0da2-38f2-7f55f77a8848,1,3900686,3900686,3901766,3901614,1080,1080,0,0,0,0
3901820,478178de-9c1a-fb6d-4fe8-1a1e70f417b0,1,3900696,3900746,3901820,3901554,1074,1124,50,0,0,0
3902405,2c3d7915-1157-4d74-bd2a-646b2fa41e18,1,3894843,3894843,3902405,3901799,7562,7562,0,0,0,0
3902491,b1aa9ff4-36cf-9d9e-d8f4-3f9994fb7a64,1,3894858,3894903,3902491,3901237,7588,7633,45,0,0,0
3902654,09bcddfb-ac71-f055-efe8-e6188fac6a8e,1,3894976,3894976,3902654,3905291,7678,7678,0,0,0,0
3902763,f8f2390d-38eb-ac56-1b4a-5a768c1708b8,1,3894992,3895036,3902763,3902334,7727,7771,44,0,0,0
3903122,72c3d40b-2f5f-967e-7278-9d3dcacfdb8d,1,3902060,3902060,3903122,3902962,1062,1062,0,0,0,0
3903410,c194c25a-1136-c096-0881-c5fdd015e5cb,1,3902314,3902360,3903410,3903015,1050,1096,46,0,0,0
3905252,bbdaba66-68a0-c9af-29b9-9c60b86aa49e,1,3904257,3904257,3905252,3905442,995,995,0,0,0,0
3905486,e2dc9154-728a-a731-5768-de82a591eb58,1,3897901,3897901,3905486,3905679,7585,7585,0,0,0,0
3905564,a9f4b3b4-eb7d-ef18-a83a-3cd368320d72,1,3898077,3898099,3905564,3904691,7465,7487,22,0,0,0
3905676,8f202014-7ac5-d0dc-8fba-0368125c5c26,1,3897979,3897979,3905676,3906987,7697,7697,0,0,0,0
3905688,692ce817-f2ea-046f-e551-bf524293eca2,1,3898043,3898099,3905688,3905718,7589,7645,56,0,0,0
3905765,b6111f79-621c-d408-8470-2ee33ed17f30,1,3898011,3898039,3905765,3904484,7726,7754,28,0,0,0
3905754,7ab2dc32-0129-0085-568b-f54aec298eb4,1,3898087,3898099,3905754,3905963,7655,7667,12,0,0,0
3905762,d1415075-bae7-2fe3-ba07-4d01c04b431b,1,3898216,3898219,3905762,3908632,7543,7546,3,0,0,0
3905876,b0028c00-32e2-e329-e990-e9567cd3fb19,1,3898378,3898411,3905876,3904050,7465,7498,33,0,0,0
3906048,7dd7662a-aac7-c9f8-89ef-88e3d8b7f979,1,3898327,3898351,3906048,3903249,7697,7721,24,0,0,0
3906073,2a765772-319f-3143-e6c3-5199f0b49011,1,3898457,3898471,3906073,3904680,7602,7616,14,0,0,0
3906121,2fc7fcd6-d59a-c1d7-34dd-2f518cb27ed1,1,3898397,3898411,3906121,3903128,7710,7724,14,0,0,0
3906115,d84fc9f7-293a-dfbf-8eba-ed7469dfb986,1,3898498,3898531,3906115,3909414,7584,7617,33,0,0,0
3906198,d22faeab-487c-6044-ccf8-8429d25e434c,1,3898465,3898471,3906198,3907685,7727,7733,6,0,0,0
3906359,d1f6c860-1c01-db34-065e-8ef387d03145,1,3898572,3898591,3906359,3904579,7768,7787,19,0,0,0
3906485,a739a808-7a92-194b-1d56-50240380395c,1,3898888,3898888,3906485,3905983,7597,7597,0,0,0,0
3906514,7abf1053-e287-4082-ca1b-80b92fd61145,1,3898890,3898948,3906514,3909726,7566,7624,58,0,0,0
3906595,cd8c8ba9-9afd-f252-ff50-65a58274891c,1,3898989,3899008,3906595,3905428,7587,7606,19,0,0,0
3906620,c49e2d01-062c-c553-2da4-c5d9bcaeaf2e,1,3898909,3898948,3906620,3907215,7672,7711,39,0,0,0
3906687,9abcf128-fd83-0b1f-94bb-5011e155382c,1,3898984,3899008,3906687,3904983,7679,7703,24,0,0,0
3907986,a99bffdb-ad8f-b0a6-5c5f-3d7341958031,1,3900328,3900328,3907986,3909390,7658,7658,0,0,0,0
3908115,aa57e57e-6508-1a22-1667-787e82b5abd4,1,3907017,3907017,3908115,3908543,1098,1098,0,0,0,0
3908181,07246bba-02ae-ed0f-db10-1bc744a1264c,1,3907023,3907077,3908181,3907609,1104,1158,54,0,0,0
3910004,86ba4d5c-0089-bab2-8368-f3d5f093e044,1,3902381,3902420,3910004,3912199,7584,7623,39,0,0,0
3910045,d9485610-38c0-702e-cff9-bf0f848270ac,1,3902268,3902300,3910045,3910269,7745,7777,32,0,0,0
3910092,4564cf6d-0282-fd93-3e3a-259bf12437db,1,3902269,3902300,3910092,3907080,7792,7823,31,0,0,0
3910106,20119afd-cf2a-5136-4170-fe88b4d9ebbe,1,3902279,3902300,3910106,3912491,7806,7827,21,0,0,0
3910111,266f4350-2f13-8bdb-ea1d-e8352d64a451,1,3902568,3902611,3910111,3907332,7500,7543,43,0,0,0
3910245,0c1cc6d6-5225-5245-b4f3-723ca8940629,1,3902395,3902420,3910245,3913564,7825,7850,25,0,0,0
3910266,cdfaee28-cedf-c9a5-bc56-ac3e8489d50e,1,3902523,3902551,3910266,3910752,7715,7743,28,0,0,0
3910329,9344577c-be1d-b539-a775-98e8d791f01a,1,3902606,3902611,3910329,3908540,7718,7723,5,0,0,0
3910393,494f5346-fa21-a76d-2a6b-5f65cf625862,1,3902811,3902823,3910393,3908760,7570,7582,12,0,0,0
3910434,c1d3fa6c-e7b6-82a6-1bae-2455035f5e9d,1,3902803,3902823,3910434,3911629,7611,7631,20,0,0,0
3910461,01fe4e15-6f4a-83c5-55cc-ac2466d0238e,1,3902903,3902903,3910461,3912105,7558,7558,0,0,0,0
3910529,11aca899-3dcb-4a2e-25ae-4b8eaab27fb6,1,3902796,3902823,3910529,3909212,7706,7733,27,0,0,0
3910523,c3bed2c0-5b69-e0f3-6442-c3769f71d74a,1,3903005,3903005,3910523,3907420,7518,7518,0,0,0,0
3911640,b2511d26-f8f1-03bb-1559-69dc6ee13a8d,1,3904108,3904154,3911640,3911585,7486,7532,46,0,0,0
3911713,89332449-51ce-f7ac-b854-3f00ab6c0ba3,1,3904094,3904094,3911713,3909923,7619,7619,0,0,0,0
3914605,adc10846-3b10-f93a-3ba1-64931d9be01e,1,3907042,3907077,3914605,3911273,7528,7563,35,0,0,0
3914702,282b6851-9b87-e89a-45c5-9161a8f5ef5d,1,3907191,3907191,3914702,3911289,7511,7511,0,0,0,0
3914883,0d6f1b84-d079-bf46-7f74-594bf9384b4c,1,3907311,3907311,3914883,3917836,7572,7572,0,0,0,0
3941555,fdbd41af-c70b-5f7c-f693-091286430528,1,3940652,3940658,3941555,3941832,897,903,6,0,0,0
3941558,71e8fb75-1348-2d8e-2880-13b91a438be8,1,3940613,3940658,3941558,3941312,900,945,45,0,0,0
3941559,822102a4-0b9f-2793-14c1-d6fd71d85058,1,3940617,3940658,3941559,3941504,901,942,41,0,0,0
3941579,2f5ee4ff-0b8c-8219-a398-4e9f09ce3f58,1,3940617,3940658,3941579,3941887,921,962,41,0,0,0
3941596,312dbe0a-dc25-9364-03cd-a63dce405992,1,3940619,3940658,3941596,3941202,938,977,39,0,0,0
3941559,7e1e1fb4-3e7f-1ec0-b314-cce2a7fec4b4,1,3940624,3940658,3941559,3941175,901,935,34,0,0,0
3941557,abb59951-a41b-5e70-e5c1-3db7e5caf474,1,3940650,3940658,3941557,3941575,899,907,8,0,0,0
3941560,1afd84fb-34af-1e03-44fc-2c7d5e826566,1,3940655,3940658,3941560,3941785,902,905,3,0,0,0
3941611,332ea279-ee52-2a27-4c60-afcd81ce7a5c,1,3940658,3940658,3941611,3941283,953,953,0,0,0,0
3941649,66922641-b7d0-5756-0105-101f3428b6f8,1,3940600,3940658,3941649,3941661,991,1049,58,0,0,0
3941644,9976a2f6-7532-2170-f993-de57cec0b7ce,1,3940602,3940658,3941644,3941099,986,1042,56,0,0,0
3941650,03dbf2e1-7a02-d643-bf8a-57b07af627ec,1,3940607,3940658,3941650,3941576,992,1043,51,0,0,0
3941629,07c26592-fe07-081d-7dd8-196d202112a8,1,3940610,3940658,3941629,3941652,971,1019,48,0,0,0
3941631,6f5022f6-8db9-36fb-0204-6c6e12406ad5,1,3940613,3940658,3941631,3941994,973,1018,45,0,0,0
3941663,e6f44704-404f-3887-d28c-91d198156a60,1,3940660,3940718,3941663,3941555,945,1003,58,0,0,0
3941627,64423d22-ea7f-f808-58f0-2579631e2e41,1,3940661,3940718,3941627,3941958,909,966,57,0,0,0
3941656,9d034b38-21a9-838f-21bf-753b94249012,1,3940664,3940718,3941656,3941892,938,992,54,0,0,0
3941730,728f9d2c-b5d7-53eb-4c20-46fde2aad03c,1,3940626,3940658,3941730,3942001,1072,1104,32,0,0,0
3941686,02ac8fd7-0ed5-d7e6-6ad4-e873e2fa7fd1,1,3940659,3940718,3941686,3941417,968,1027,59,0,0,0
3941795,18072eee-3127-ea0a-23fe-0b2c0637a5a1,1,3940618,3940658,3941795,3941934,1137,1177,40,0,0,0
3941822,618017cd-9f6c-9433-f33e-fe2dad121c67,1,3940600,3940658,3941822,3941977,1164,1222,58,0,0,0
3941822,2db38634-bfa5-5a06-6786-66cebd8ad0bf,1,3940602,3940658,3941822,3941219,1164,1220,56,0,0,0
3941821,b04b7912-5663-bf05-e15e-7f09cdbbfe6c,1,3940614,3940658,3941821,3942230,1163,1207,44,0,0,0
3941808,f39052a6-f12b-68ff-7f83-fbc69a529f57,1,3940618,3940658,3941808,3942069,1150,1190,40,0,0,0
3941803,5a56706a-24a6-a0e2-a632-527178c6a01f,1,3940641,3940658,3941803,3941198,1145,1162,17,0,0,0
3941831,36aee202-a6c1-000f-6ea9-31322146861b,1,3940649,3940658,3941831,3942134,1173,1182,9,0,0,0
3941841,41eb2431-7b1f-cfb2-42c9-9d2b620875e5,1,3940652,3940658,3941841,3941996,1183,1189,6,0,0,0
3941836,8deb626f-ffcf-c73c-5e67-8c4d84b8c17f,1,3940653,3940658,3941836,3941716,1178,1183,5,0,0,0
3941819,ef850585-148d-2198-f3fa-3920c9bf6704,1,3940656,3940658,3941819,3941570,1161,1163,2,0,0,0
3941852,8b315227-fd4e-f2e8-eb6f-04b8ea00f528,1,3940663,3940718,3941852,3942200,1134,1189,55,0,0,0
3941872,2e7c3963-1456-c887-ab29-cf801e310f1a,1,3940598,3940598,3941872,3942225,1274,1274,0,0,0,0
3941874,6d667277-9d3c-fb5b-e5cd-f44f9660cf31,1,3940602,3940658,3941874,3941268,1216,1272,56,0,0,0
3941899,fec2979c-dbde-6958-995f-3649ca2bf6f7,1,3940625,3940658,3941899,3941426,1241,1274,33,0,0,0
3941860,1b78a10d-1c59-06f1-2b26-c1ff0e5b6041,1,3940626,3940658,3941860,3942145,1202,1234,32,0,0,0
3941873,ae04331a-6fb4-10f4-aac0-1b8513800adc,1,3940628,3940658,3941873,3942047,1215,1245,30,0,0,0
3941875,50aa7902-6a9f-55df-ad63-6f43b163a134,1,3940634,3940658,3941875,3941464,1217,1241,24,0,0,0
3941892,00e68083-587e-e4be-69fb-1ff4c7356ba3,1,3940638,3940658,3941892,3941452,1234,1254,20,0,0,0
3941865,becdbb50-b29f-54d7-d3e5-006405a18c6e,1,3940643,3940658,3941865,3942080,1207,1222,15,0,0,0
3941874,c0b20dd8-0c4e-d431-2783-883577edcfff,1,3940648,3940658,3941874,3942258,1216,1226,10,0,0,0
3941919,1f82decc-aac2-0803-6dc7-31c6897364be,1,3940599,3940658,3941919,3942047,1261,1320,59,0,0,0
3942009,125a6f73-e231-0660-2658-7240680c543e,1,3940599,3940658,3942009,3942089,1351,1410,59,0,0,0
3942002,e04ff21d-75e8-02b5-b7d0-5b3d28436c91,1,3940635,3940658,3942002,3941751,1344,1367,23,0,0,0
3942034,06098bc9-5030-b8ec-75c1-9ae3056666e3,1,3940636,3940658,3942034,3942538,1376,1398,22,0,0,0
3941992,6dfb4525-f38f-a50b-f12d-7aab5370580e,1,3940639,3940658,3941992,3941866,1334,1353,19,0,0,0
3942023,ed247a28-88e8-3ee3-4bc2-41c0b780e78c,1,3940646,3940658,3942023,3941476,1365,1377,12,0,0,0
3942022,7d39f652-6206-a6b5-1242-9272b95672e6,1,3940648,3940658,3942022,3941387,1364,1374,10,0,0,0
3942034,994dea9e-9583-9831-a087-6bee53653a8a,1,3940656,3940658,3942034,3941487,1376,1378,2,0,0,0
3942085,372b795b-bf12-4f55-6daf-4f42a1c29760,1,3940622,3940658,3942085,3942649,1427,1463,36,0,0,0
3942037,eaa42132-ac35-d192-d971-ebdbe1c3fa94,1,3940639,3940658,3942037,3941493,1379,1398,19,0,0,0
3942041,326ef12d-7459-553a-cb7c-136fcc670994,1,3940647,3940658,3942041,3941383,1383,1394,11,0,0,0
3942053,ab00b1ee-aa5c-d48d-4c1d-0de6e651d747,1,3940651,3940658,3942053,3941941,1395,1402,7,0,0,0
3942048,d7fc2215-c1e6-06e7-8333-2a6e0006ed7c,1,3940659,3940718,3942048,3941851,1330,1389,59,0,0,0
3942095,d1737423-aa13-0707-f88b-ebfb67022d7c,1,3940663,3940718,3942095,3941804,1377,1432,55,0,0,0
3942141,05c5e580-8eb4-faa3-b048-44e939f16220,1,3940606,3940658,3942141,3941407,1483,1535,52,0,0,0
3942100,091410f9-a6e4-f021-7efa-ab9644e21692,1,3940608,3940658,3942100,3941825,1442,1492,50,0,0,0
3942148,406065ce-c424-553b-da3d-6b6ea79bc6b0,1,3940610,3940658,3942148,3941811,1490,1538,48,0,0,0
3942153,bfcbf287-62ae-7b1d-b0bb-a8b63898e9db,1,3940611,3940658,3942153,3942191,1495,1542,47,0,0,0
3942103,02e9b730-2584-833d-847f-d58baef71894,1,3940631,3940658,3942103,3942311,1445,1472,27,0,0,0
3942146,32c193ff-8b04-9bbf-3d69-0065694f9678,1,3940642,3940658,3942146,3941459,1488,1504,16,0,0,0
3942186,4ad471e5-5be8-37b9-260c-53811859c275,1,3940608,3940658,3942186,3942163,1528,1578,50,0,0,0
3942194,f169b4d7-3b65-c307-33fc-07a97e5dfec4,1,3940622,3940658,3942194,3942143,1536,1572,36,0,0,0
3942207,cb1d67d8-0621-fe52-7f35-82dd25a25a07,1,3940628,3940658,3942207,3941876,1549,1579,30,0,0,0
3942194,7b253660-ea46-89ca-1f45-89fcd8b54d41,1,3940633,3940658,3942194,3942197,1536,1561,25,0,0,0
3942177,170a364e-d737-b2f6-0ac2-7b1d8027f26e,1,3940645,3940658,3942177,3942779,1519,1532,13,0,0,0
3942187,47ad3248-be37-46eb-c72a-d504f4a2544d,1,3940666,3940718,3942187,3941811,1469,1521,52,0,0,0
3942222,35f3e7dd-566d-c209-3d01-30b7fbc3f5b1,1,3940622,3940658,3942222,3941510,1564,1600,36,0,0,0
3942381,ec20782a-7862-c712-4bb1-1e8495d46041,1,3940598,3940598,3942381,3942754,1783,1783,0,0,0,0
3942440,053f85fa-eca1-0851-4dab-600348a5f20f,1,3940628,3940658,3942440,3941491,1782,1812,30,0,0,0
3942560,0ca806df-8afd-0ea3-045b-db48175b61b1,1,3940604,3940658,3942560,3943190,1902,1956,54,0,0,0
3942604,432adfc9-91ea-247b-e817-381c1757f919,1,3940606,3940658,3942604,3943061,1946,1998,52,0,0,0
3942592,94d9de10-626b-ebe2-d7e3-fd17947b7b7e,1,3940631,3940658,3942592,3942294,1934,1961,27,0,0,0
3942701,873ad354-253e-9d9b-8dfa-8e6a3aacac45,1,3940633,3940658,3942701,3942916,2043,2068,25,0,0,0
4078551,e900eb6d-8f22-923c-fd98-24c14bc7de1b,1,4070963,4070963,4078551,4077967,7588,7588,0,0,0,0
4079138,0702333c-437f-1763-db61-bb4fcaa34bcd,1,4071140,4071140,4079138,4080748,7998,7998,0,0,0,0
4079136,f24ed127-824a-cde6-0181-86be1fa5c457,1,4071447,4071447,4079136,4076604,7689,7689,0,0,0,0
4079137,8a14fce9-9bf5-36db-9a97-35355d632294,1,4071568,4071627,4079137,4081137,7510,7569,59,0,0,0
4079175,7a02282d-8579-2855-ec1d-98939a7a7055,1,4071581,4071627,4079175,4081257,7548,7594,46,0,0,0
4079175,7fc18b87-0d93-d369-3e74-934f64e64ee4,1,4071600,4071627,4079175,4076049,7548,7575,27,0,0,0
4079168,5fd10325-0c6e-bd35-63ed-c8ab0f6d6836,1,4071607,4071627,4079168,4076772,7541,7561,20,0,0,0
4079348,5c1ea1f1-e319-b37a-3727-945569c2aa28,1,4071283,4071283,4079348,4075446,8065,8065,0,0,0,0
4079446,0493c5fd-2966-a4f8-0560-88c5edbd4e4f,1,4071550,4071567,4079446,4075660,7879,7896,17,0,0,0
4079567,074deb07-a2a7-463a-3816-76927d44d49e,1,4071547,4071567,4079567,4081561,8000,8020,20,0,0,0
4079578,d1e70b16-d30b-52b4-227d-ae30ae328333,1,4071531,4071567,4079578,4079654,8011,8047,36,0,0,0
4079668,5da45418-a2bf-94f8-9232-a45308f215e9,1,4071522,4071567,4079668,4079849,8101,8146,45,0,0,0
4079644,eef157d8-73c1-d0ac-e7a4-39ceb9a0831e,1,4071923,4071923,4079644,4083154,7721,7721,0,0,0,0
4079868,a1e41b94-43ca-6fde-c61a-263a243004f4,1,4071478,4071507,4079868,4083119,8361,8390,29,0,0,0
4088062,cb2c7a72-9b08-021f-4b9a-81de2c179a11,1,4080527,4080527,4088062,4090301,7535,7535,0,0,0,0
4092383,ed93fbd1-1cef-56a5-6162-3bef4de7bb27,1,4091284,4091343,4092383,4092279,1040,1099,59,0,0,0
4092754,23c08809-4412-d606-6792-f0f0f1a7a0d8,1,4090334,4090334,4092754,4092706,2420,2420,0,0,0,0
4093315,2a22ab0a-794d-d941-9e00-87f19bbe3856,1,4090338,4090394,4093315,4094389,2921,2977,56,0,0,0
4095140,776bd9d1-a936-1e43-cc74-0921e964d53f,1,4087564,4087587,4095140,4093822,7553,7576,23,0,0,0
4095208,41db94bb-0410-053f-9610-d31d70cd4960,1,4087645,4087647,4095208,4092587,7561,7563,2,0,0,0
4095433,f27c144f-8895-e88f-ef8e-094bae197b58,1,4087571,4087587,4095433,4095449,7846,7862,16,0,0,0
4095466,ec4f0c41-876d-f7c8-baa3-d0c10e0a38b3,1,4087751,4087796,4095466,4097934,7670,7715,45,0,0,0
4095552,d6b4908f-c3c4-fc3b-363b-4b949e1f8f1b,1,4087823,4087856,4095552,4094131,7696,7729,33,0,0,0
4095618,7dd6c974-ecc6-8a80-b53e-67951f978834,1,4087527,4087527,4095618,4099236,8091,8091,0,0,0,0
4097640,348409f0-605e-3879-bd31-f1c18eb899fe,1,4096847,4096897,4097640,4097246,743,793,50,0,0,0
4097671,5d8c4b3c-39d1-e88d-dcd8-5fd54b6c7e21,1,4096837,4096837,4097671,4097356,834,834,0,0,0,0
4097696,fc4df4c4-c3b0-3975-958f-0fa4eab95e82,1,4096859,4096897,4097696,4097873,799,837,38,0,0,0
4097709,1045c7af-ea14-de22-54d0-7d84caf918fc,1,4096844,4096897,4097709,4097338,812,865,53,0,0,0
4097724,f80f749b-2e4e-ee1f-a534-092ea90b1ddd,1,4096850,4096897,4097724,4097302,827,874,47,0,0,0
4097717,681b3e1f-b3cb-92fb-b8ae-35cd5dccfcbd,1,4096853,4096897,4097717,4097961,820,864,44,0,0,0
4097710,88a11531-e263-cf76-cb9b-d74984ad6c24,1,4096882,4096897,4097710,4097709,813,828,15,0,0,0
4097925,9952d520-ac57-d630-15aa-46ccff306ef7,1,4090191,4090238,4097925,4099612,7687,7734,47,0,0,0
4097881,36994369-57c5-bb61-5ca8-55942b8bb736,1,4097065,4097065,4097881,4098144,816,816,0,0,0,0
4097950,4f778cc7-d1ac-7521-8316-afea13485fa3,1,4090178,4090178,4097950,4094007,7772,7772,0,0,0,0
4097990,7914ccf7-17ad-2f96-5364-75e369c98808,1,4097182,4097182,4097990,4097777,808,808,0,0,0,0
4098057,daf8f8f2-a101-73c2-31b9-22899d9c718b,1,4097186,4097242,4098057,4098035,815,871,56,0,0,0
4098062,b9576096-f67d-096d-9e05-cfc62b79da36,1,4090212,4090238,4098062,4098105,7824,7850,26,0,0,0
4098061,67cb7ac8-9071-bc36-194b-997df23e69c0,1,4097193,4097242,4098061,4098154,819,868,49,0,0,0
4098100,36f5bff5-3d28-860b-fae6-9f2ad533e041,1,4097251,4097302,4098100,4097930,798,849,51,0,0,0
4098147,01e421d9-2326-210f-f4da-567cbb93c3b8,1,4090227,4090238,4098147,4098830,7909,7920,11,0,0,0
4098130,4e8f334d-7ca9-5fbc-9c7f-58d40e6fbe96,1,4090468,4090468,4098130,4100698,7662,7662,0,0,0,0
4098217,cafeb5ed-2f4d-3201-4ca6-66f2d0436d90,1,4090238,4090238,4098217,4094227,7979,7979,0,0,0,0
4098302,2668c8cf-2eae-2355-9e59-e39655e8a367,1,4090607,4090607,4098302,4098582,7695,7695,0,0,0,0
4098308,ef98a68c-cd18-c1a2-806f-59332a227eee,1,4090519,4090528,4098308,4100569,7780,7789,9,0,0,0
4098447,046c3819-4aae-dc93-3ef4-69502912972a,1,4090615,4090667,4098447,4098127,7780,7832,52,0,0,0
4098454,afb9b175-f808-993a-6f4c-460508f0d796,1,4090616,4090667,4098454,4102119,7787,7838,51,0,0,0
4098838,bad4af4d-f837-b71d-323a-b6346cd63361,1,4091039,4091039,4098838,4100519,7799,7799,0,0,0,0
4098879,4b1e4bcf-8f73-3b58-d6ec-d10f6c7df54b,1,4091283,4091283,4098879,4102053,7596,7596,0,0,0,0
4098971,3a312ec3-2264-ad66-7915-4f46d9bd97b8,1,4091306,4091343,4098971,4096417,7628,7665,37,0,0,0
4099006,bc69afad-1999-5b04-0f56-1d30a1986d6d,1,4091376,4091403,4099006,4095894,7603,7630,27,0,0,0
4098997,0628a4ff-e353-a060-279e-fe299e7c8f71,1,4091449,4091463,4098997,4100058,7534,7548,14,0,0,0
4099068,f2259a63-10f4-f950-e549-cffc4817cf40,1,4091383,4091403,4099068,4099581,7665,7685,20,0,0,0
4099098,3f4d4cb0-030a-fe05-a00c-df915099fee4,1,4091423,4091463,4099098,4096091,7635,7675,40,0,0,0
4099132,077fdaa2-f079-65e8-c7d3-0c5a85e526ca,1,4091409,4091463,4099132,4098466,7669,7723,54,0,0,0
4099113,73206cd9-016b-16c2-04aa-6e0646488027,1,4091412,4091463,4099113,4101423,7650,7701,51,0,0,0
4099115,23699b8f-1a9e-b1e4-eefb-5906d2da0a09,1,4091481,4091523,4099115,4098243,7592,7634,42,0,0,0
4099138,1eb7fdd4-2219-c81c-a27b-1deab0f154dd,1,4091484,4091523,4099138,4098483,7615,7654,39,0,0,0
4099108,4c10db39-7d21-1ec7-70a7-53fd67d45400,1,4091495,4091523,4099108,4098014,7585,7613,28,0,0,0
4099162,f450cc6d-46a6-db66-97ac-567f3a1c2486,1,4091496,4091523,4099162,4102550,7639,7666,27,0,0,0
4099175,4687b383-2406-d0d1-cf65-8d58705e3a42,1,4091351,4091403,4099175,4100936,7772,7824,52,0,0,0
4099191,b953544e-072f-1955-410f-685a80030607,1,4091363,4091403,4099191,4096713,7788,7828,40,0,0,0
4099198,710e32d4-9d62-abe1-1de8-e57ed3862288,1,4091377,4091403,4099198,4101099,7795,7821,26,0,0,0
4099169,82b9d513-610e-242e-1cc6-c6abbb4be004,1,4091502,4091523,4099169,4098467,7646,7667,21,0,0,0
4099220,43a2b459-7a20-a973-4806-c38e7f4654ce,1,4091513,4091523,4099220,4096648,7697,7707,10,0,0,0
4099282,ea190829-cc4b-277f-50e9-d4f9379e4934,1,4091356,4091403,4099282,4096735,7879,7926,47,0,0,0
4099274,5b78fc11-16ea-1f38-a100-4f29067db218,1,4091361,4091403,4099274,4102334,7871,7913,42,0,0,0
4099233,bbba8321-3b16-c41d-553b-7db79a74d230,1,4091515,4091523,4099233,4095505,7710,7718,8,0,0,0
4099339,8347ac92-8085-a5d5-1ee8-f6fedb2c79ad,1,4091605,4091643,4099339,4095899,7696,7734,38,0,0,0
4099453,1a4be434-a8b9-285a-8bbc-ff5a66f1e45c,1,4091581,4091583,4099453,4100344,7870,7872,2,0,0,0
4099451,68417a4e-494b-0981-08ad-140801936d10,1,4091810,4091831,4099451,4096571,7620,7641,21,0,0,0
4099484,f1a6b589-e9b1-65f7-1470-432398581ce9,1,4091457,4091463,4099484,4098574,8021,8027,6,0,0,0
4099492,c0f0ef36-a40c-3bb9-f26d-37eb8d2d4e03,1,4091504,4091523,4099492,4100301,7969,7988,19,0,0,0
4099516,d52ad150-a3f7-2de9-9f1f-468a49e07489,1,4091748,4091771,4099516,4101298,7745,7768,23,0,0,0
4099571,a27e6f19-82d4-d858-fdef-a362f0444a48,1,4091744,4091771,4099571,4101188,7800,7827,27,0,0,0
4099630,3b977d1c-0d6d-20ef-3a8c-aa4b482fb58a,1,4091418,4091463,4099630,4103169,8167,8212,45,0,0,0
4099652,12d4506a-903d-1ab5-bc96-19035f1ed253,1,4091512,4091523,4099652,4100709,8129,8140,11,0,0,0
4099685,380f6624-5d24-ebb3-3245-9db3efdfb089,1,4091725,4091771,4099685,4096391,7914,7960,46,0,0,0
4099756,0b8e2cde-e854-1cec-b93f-d915fa9803ea,1,4091711,4091711,4099756,4100189,8045,8045,0,0,0,0
4099712,487fa3e2-c4cb-15b3-4899-8ac2f7d4510b,1,4091721,4091771,4099712,4097804,7941,7991,50,0,0,0
4099725,c4a65ea7-eb58-f51e-5f78-ae634d3ceb13,1,4091883,4091891,4099725,4103533,7834,7842,8,0,0,0
4099813,afd2a09a-dd7d-02c5-ad18-b1035db64636,1,4091742,4091771,4099813,4100724,8042,8071,29,0,0,0
4099778,2556939b-a02a-3348-10d3-490858ff0cc8,1,4091812,4091831,4099778,4099154,7947,7966,19,0,0,0
4099773,413aaec6-4577-057a-e01b-23c2b0c9aed5,1,4091860,4091891,4099773,4103105,7882,7913,31,0,0,0
4099811,78198a19-a464-a9c7-e4a5-a90bfc4f332d,1,4091905,4091951,4099811,4099287,7860,7906,46,0,0,0
4099790,f87d328d-4a3b-5e37-dc1f-068b9fa121ba,1,4091944,4091951,4099790,4097333,7839,7846,7,0,0,0
4099876,3b79a096-621e-c742-e1bf-b697fd9a639f,1,4091869,4091891,4099876,4098900,7985,8007,22,0,0,0
4099871,808a6e74-2d2c-266e-207c-c7823109af2d,1,4091909,4091951,4099871,4103054,7920,7962,42,0,0,0
4099898,149332a4-59ae-3fb7-79bf-3ba7fdf109c3,1,4091895,4091951,4099898,4099332,7947,8003,56,0,0,0
4099955,1dc2bfa1-c5fe-79dd-bbdf-8b940b1a4d49,1,4091912,4091951,4099955,4098485,8004,8043,39,0,0,0
4099953,0e1253cc-4196-cba0-9f3a-546eb5b572bf,1,4091918,4091951,4099953,4096324,8002,8035,33,0,0,0
4099949,43ca3611-7eb0-7d7d-051e-f159aa108a7e,1,4091924,4091951,4099949,4099741,7998,8025,27,0,0,0
4100103,0ce69296-bbf5-c0e9-2522-809938e9ced7,1,4092476,4092476,4100103,4100291,7627,7627,0,0,0,0
4100236,48295d57-e02d-f7a9-83e7-aba73ec6d295,1,4092623,4092656,4100236,4096648,7580,7613,33,0,0,0
4100328,fa9fd4cc-8d7b-096c-a83c-9e1d821a769a,1,4092539,4092596,4100328,4098204,7732,7789,57,0,0,0
4100459,ca8f5be2-39c9-c8ec-7d96-cf9007626b78,1,4092500,4092536,4100459,4101531,7923,7959,36,0,0,0
4100479,8f1c9563-f4ee-18f1-c851-fd317fdd0dfe,1,4092492,4092536,4100479,4101742,7943,7987,44,0,0,0
4100495,9e93e92e-345a-738f-5a7a-154569a93591,1,4092493,4092536,4100495,4100853,7959,8002,43,0,0,0
4100463,fcdd7b08-904b-a171-8212-520fca49fe49,1,4092663,4092716,4100463,4100529,7747,7800,53,0,0,0
4100624,9734680e-7c7d-9525-93aa-60ca98cee85f,1,4092678,4092716,4100624,4097874,7908,7946,38,0,0,0
4101887,33738b87-65a4-a813-539c-457043444bee,1,4100147,4100163,4101887,4101226,1724,1740,16,0,0,0
4103672,a2ad8e70-97a1-6f27-ebbe-c86c5816002d,1,4095739,4095795,4103672,4105021,7877,7933,56,0,0,0
4103718,ac893a93-7431-efe7-b7d7-4f5b9c0aeb63,1,4095764,4095795,4103718,4104031,7923,7954,31,0,0,0
4103824,8f751ffa-56c6-899d-c3cd-885f27f904e1,1,4095800,4095855,4103824,4103862,7969,8024,55,0,0,0
4103866,acd4376c-ffb5-e183-a752-56880818182b,1,4095849,4095855,4103866,4100230,8011,8017,6,0,0,0
4103830,4c664333-cd13-8aa3-e5da-ce208b7b2f26,1,4095945,4095975,4103830,4104717,7855,7885,30,0,0,0
4103897,54cbffb8-93ff-cf8a-5fd4-14dde502133a,1,4095853,4095855,4103897,4103556,8042,8044,2,0,0,0
4103896,9773811e-9812-fc62-f490-119a848b9692,1,4095932,4095975,4103896,4100931,7921,7964,43,0,0,0
4104063,9daa671b-4997-faad-6369-732e12c22f83,1,4096390,4096406,4104063,4105523,7657,7673,16,0,0,0
4104065,8da518f0-8bf2-fb76-4eb1-33b2d91f8de1,1,4095856,4095915,4104065,4105011,8150,8209,59,0,0,0
4104087,ee18a0ce-bbc6-4890-ffe3-de6860e9b4e0,1,4095858,4095915,4104087,4106736,8172,8229,57,0,0,0
4104387,4272341e-5bd8-5310-a06e-e5aa8ac54e88,1,4096386,4096406,4104387,4101871,7981,8001,20,0,0,0
4104394,f0739ff7-188f-409a-0dfa-f6a01ff6cd0a,1,4096346,4096346,4104394,4107223,8048,8048,0,0,0,0
4104717,96371f60-9f3c-c0f6-e894-6734f7b6320d,1,4096738,4096738,4104717,4107274,7979,7979,0,0,0,0
4106779,21837969-8f90-8e74-d27b-188d15dcdd50,1,4099191,4099227,4106779,4106269,7552,7588,36,0,0,0
4106951,45c17062-fd8d-3f60-9be9-0b935666d501,1,4099218,4099227,4106951,4106941,7724,7733,9,0,0,0
4107050,f9698825-dbb0-2951-a07f-aacf83cddcb4,1,4099405,4099407,4107050,4103564,7643,7645,2,0,0,0
4107237,619920c7-a483-753b-662f-1ecabb909256,1,4099701,4099707,4107237,4110630,7530,7536,6,0,0,0
4107384,8e392317-ba35-35cc-d2e4-446dc5784a40,1,4099636,4099647,4107384,4110719,7737,7748,11,0,0,0
4107410,5612b4c3-b364-3c9c-d504-8a4b401fcbee,1,4099674,4099707,4107410,4107601,7703,7736,33,0,0,0
4107409,eddf6abb-4827-ec0e-6a8f-bf1450fbde66,1,4099831,4099887,4107409,4105138,7522,7578,56,0,0,0
4107501,78495f53-7894-329b-91ae-ee4372a98ef0,1,4099791,4099827,4107501,4108555,7674,7710,36,0,0,0
4107763,116a1dd6-044c-ae79-fbba-3e8faa992e21,1,4100294,4100296,4107763,4109813,7467,7469,2,0,0,0
4116663,12f3bb9c-a07f-c20c-da5c-e77825ee2658,1,4115634,4115634,4116663,4116457,1029,1029,0,0,0,0
4116912,72d53cbd-bed6-3553-8f22-1f4b02d87dd1,1,4115880,4115880,4116912,4116461,1032,1032,0,0,0,0
4144321,759240e6-85fd-2547-ec58-211da9ddcb77,4,4142416,4142416,4144321,4143400,1905,1905,0,0,0,0
4146575,9ae603b9-b875-11b7-fa09-c85c5130af64,4,4144705,4144705,4146575,4146631,1870,1870,0,0,0,0
4217283,c61ca77e-c8c9-d862-5164-fcaeee0e8cf3,8,4196089,4196089,4217283,4226694,21194,21194,0,0,0,0
4217326,2856fd1d-8b7d-7044-eebe-fbe17893fed9,8,4196101,4196149,4217326,4211786,21177,21225,48,0,0,0
4217376,398944c5-4fc5-4edc-1994-5c83616b0ca8,8,4196093,4196149,4217376,4223535,21227,21283,56,0,0,0
4217346,3e4ba347-64a6-fefa-69f0-0431366c817b,8,4196100,4196149,4217346,4213175,21197,21246,49,0,0,0
4217365,8d93d7e1-688e-3351-fc62-00dee5c31d2e,8,4196105,4196149,4217365,4223095,21216,21260,44,0,0,0
4217396,3b4ce485-b816-1e8b-f1b0-4409c0b6b748,8,4196106,4196149,4217396,4227012,21247,21290,43,0,0,0
4217395,cce8ab43-dcd6-a649-88b2-10d2666b7496,8,4196107,4196149,4217395,4224167,21246,21288,42,0,0,0
4217379,2b0bf28d-6d03-7ee6-7132-f19f33fa926c,8,4196125,4196149,4217379,4213782,21230,21254,24,0,0,0
4217418,45393cf9-c170-1ee4-46b8-588e0505561d,8,4196099,4196149,4217418,4211479,21269,21319,50,0,0,0
4217419,7c7e82cc-ca11-623f-feed-cb392ce80367,8,4196101,4196149,4217419,4211404,21270,21318,48,0,0,0
4217408,b2b1fb40-659a-ea40-d2ed-817dac99ce81,8,4196111,4196149,4217408,4219646,21259,21297,38,0,0,0
4217408,6f4e8fa4-4e32-a769-88b6-af37247aba74,8,4196121,4196149,4217408,4218490,21259,21287,28,0,0,0
4217489,ec9e27e4-bd73-6876-2d09-223ba1d01688,8,4196109,4196149,4217489,4216165,21340,21380,40,0,0,0
4217518,c9c4fd1d-7476-c2a3-c690-55a8c597ed7b,8,4196173,4196209,4217518,4223362,21309,21345,36,0,0,0
4217577,6ceb9417-9fe2-ccad-b96f-6cc9603c9a7d,8,4196124,4196149,4217577,4218748,21428,21453,25,0,0,0
4388130,6dacfc29-5e5a-15ff-5c4d-76da765ec39b,8,4386514,4386562,4388130,4388566,1568,1616,48,0,0,0
4394106,b8b2b070-d98a-f9b6-30af-7575f69d9d5f,1,4386502,4386502,4394106,4396171,7604,7604,0,0,0,0
4395887,a9af3a05-9f7c-8651-f2af-f20365fdd025,1,4393392,4393392,4395887,4395358,2495,2495,0,0,0,0
4711619,0bc10525-8069-ab57-985d-97cedb64ed4b,1,4704011,4704011,4711619,4714958,7608,7608,0,0,0,0
4711618,b5b18f50-3848-4eb2-d6f1-5e371d3d0e2b,1,4704123,4704131,4711618,4708318,7487,7495,8,0,0,0
4711649,25844bfd-6001-116c-3690-950ef71eb252,1,4704060,4704071,4711649,4707952,7578,7589,11,0,0,0
4711746,57162941-314f-fd03-5a4a-81117ab32583,1,4704074,4704131,4711746,4709901,7615,7672,57,0,0,0
4711717,6d57db19-cb08-9d91-1e4d-ffcaef96a891,1,4704107,4704131,4711717,4713338,7586,7610,24,0,0,0
4711727,41486eb5-1973-0453-981b-c548f02bb279,1,4704117,4704131,4711727,4712053,7596,7610,14,0,0,0
4711750,bb9a86d6-8fa6-228d-47ba-fd4261388aad,1,4704139,4704191,4711750,4711192,7559,7611,52,0,0,0
4711788,b9bee51b-b0c8-afeb-073b-b30845f9e73e,1,4704095,4704131,4711788,4711559,7657,7693,36,0,0,0
4711766,9b6b8dab-f5f8-120a-0d38-325870674e97,1,4704098,4704131,4711766,4712281,7635,7668,33,0,0,0
4711869,5a6b70c5-d1b1-ebb3-9c9b-5993a25e78c0,1,4704027,4704071,4711869,4709090,7798,7842,44,0,0,0
4711872,7499154a-35fe-3129-878c-e9d94dd8244e,1,4704101,4704131,4711872,4711072,7741,7771,30,0,0,0
4711851,ca4949b1-a707-92ce-cb55-926d14aa4dc0,1,4704114,4704131,4711851,4713281,7720,7737,17,0,0,0
4711871,d010ce6e-623e-9304-8468-446db45bc1a9,1,4704207,4704251,4711871,4709120,7620,7664,44,0,0,0
4711850,ba7060aa-7db6-af65-b655-8fceafcd7530,1,4704218,4704251,4711850,4709101,7599,7632,33,0,0,0
4711872,33bc6ac4-ec62-a7d6-9870-542f748f6dbd,1,4704243,4704251,4711872,4714173,7621,7629,8,0,0,0
4711917,8bfcf7f0-d485-16eb-cfe3-e6e47e04dc21,1,4704074,4704131,4711917,4713572,7786,7843,57,0,0,0
4711906,2ad05b96-a121-fdb5-1d01-5e726f4cf3d1,1,4704183,4704191,4711906,4715013,7715,7723,8,0,0,0
4711905,4b5418ab-dc0d-963f-f2c0-65e4dd485005,1,4704224,4704251,4711905,4713690,7654,7681,27,0,0,0
4711910,b5704f48-b206-b888-d396-687bf9afe2fb,1,4704255,4704311,4711910,4712514,7599,7655,56,0,0,0
4711968,42819cc1-19a8-d905-914e-192c9660442e,1,4704135,4704191,4711968,4715045,7777,7833,56,0,0,0
4711955,23af7414-8aef-2323-5152-091636ebe3cf,1,4704201,4704251,4711955,4711315,7704,7754,50,0,0,0
4711955,bb8e67aa-4cba-febc-0c2a-acd06f9241d6,1,4704201,4704251,4711955,4714060,7704,7754,50,0,0,0
4711966,97c83e0a-8a40-fc3e-78e3-ae37cffa9985,1,4704213,4704251,4711966,4714646,7715,7753,38,0,0,0
4711944,6aab2b2a-e261-dfa5-59e9-7496c4b95acb,1,4704261,4704311,4711944,4714467,7633,7683,50,0,0,0
4711954,7905b296-b131-1ca0-f71b-9869cd45ddae,1,4704262,4704311,4711954,4713458,7643,7692,49,0,0,0
4711971,3aa71929-8a57-44a1-168e-53e5187215cf,1,4704323,4704371,4711971,4710920,7600,7648,48,0,0,0
4711972,b2b9ef4e-b587-93da-055a-b0f2db97c191,1,4704339,4704371,4711972,4708164,7601,7633,32,0,0,0
4711983,2ab053f0-2d07-9c6d-f058-8b0903a14ff8,1,4704342,4704371,4711983,4710117,7612,7641,29,0,0,0
4711972,55372183-61e0-5f98-5cb0-67a29c87d790,1,4704349,4704371,4711972,4710980,7601,7623,22,0,0,0
4711964,cf431f7f-8217-4f79-0760-5ae0c58a4122,1,4704351,4704371,4711964,4709736,7593,7613,20,0,0,0
4712019,cb9a128c-1309-d2ec-ce1b-102a2d30e3ca,1,4704268,4704311,4712019,4715678,7708,7751,43,0,0,0
4712025,453e8a0c-a306-1dd2-cceb-7420282f205f,1,4704343,4704371,4712025,4715108,7654,7682,28,0,0,0
4712025,647e9ed0-6b65-2a96-84ba-d0a2171d7629,1,4704351,4704371,4712025,4708279,7654,7674,20,0,0,0
4712011,c4b6e119-1316-aadc-1c7a-bb7f30c9496c,1,4704382,4704431,4712011,4710605,7580,7629,49,0,0,0
4712084,68bb59d3-f836-c964-48f7-4721b8e68f5b,1,4704263,4704311,4712084,4713808,7773,7821,48,0,0,0
4712063,81fd6c36-d74d-4419-4321-4f35fbf37c39,1,4704299,4704311,4712063,4715500,7752,7764,12,0,0,0
4712118,6c02fa70-8e60-7116-2647-a8afee34e363,1,4704387,4704431,4712118,4710274,7687,7731,44,0,0,0
4712107,5573d04f-849f-b5ab-8512-7191b230a824,1,4704430,4704431,4712107,4711044,7676,7677,1,0,0,0
4712097,611f8939-2d80-303d-f349-8e637fa76b97,1,4704537,4704537,4712097,4713865,7560,7560,0,0,0,0
4712123,66c378cb-b43b-541a-a795-512956104be2,1,4704315,4704371,4712123,4713644,7752,7808,56,0,0,0
4712169,ec8b29e9-0ca2-d18c-5264-ed94e38fcc3f,1,4704564,4704597,4712169,4715115,7572,7605,33,0,0,0
4712191,0f862a18-8b8f-0c85-f1ad-62731f382aff,1,4704543,4704597,4712191,4714813,7594,7648,54,0,0,0
4712200,317a2f19-e29a-25fd-b0eb-b51869424aa6,1,4704565,4704597,4712200,4713764,7603,7635,32,0,0,0
4712200,1445dde0-d2da-e138-0201-e91ce764582a,1,4704572,4704597,4712200,4712248,7603,7628,25,0,0,0
4712203,30f014a8-78a6-4a02-7d35-65398aeeb3df,1,4704581,4704597,4712203,4715784,7606,7622,16,0,0,0
4712297,2a625388-71ff-159c-e584-ad827535c2a2,1,4704545,4704597,4712297,4714973,7700,7752,52,0,0,0
4712286,e21358be-3f86-7212-8ad6-ed89fbf95b5a,1,4704558,4704597,4712286,4715050,7689,7728,39,0,0,0
4712274,ffa00f80-1337-4403-d6eb-8d5a035a1707,1,4704569,4704597,4712274,4710009,7677,7705,28,0,0,0
4712278,acc42808-ad89-745e-584f-2b67b22281b7,1,4704577,4704597,4712278,4711972,7681,7701,20,0,0,0
4712243,d9d319a1-f088-4723-88d7-78027eb410ff,1,4704596,4704597,4712243,4713974,7646,7647,1,0,0,0
4712244,db1867bd-433d-015d-2773-f53e89fd83ba,1,4704629,4704657,4712244,4714574,7587,7615,28,0,0,0
4712283,e3d076de-208d-3d09-7e3a-313a8c2fbe1d,1,4704665,4704717,4712283,4708520,7566,7618,52,0,0,0
4712342,e517f508-a766-0562-2444-807ccc269780,1,4704581,4704597,4712342,4713540,7745,7761,16,0,0,0
4712326,bebe0884-64d1-14f0-cef7-d16d92bf6392,1,4704605,4704657,4712326,4710361,7669,7721,52,0,0,0
4712397,ad313c47-be3e-1ebf-2744-808d1eab2544,1,4704561,4704597,4712397,4709198,7800,7836,36,0,0,0
4712447,80986272-20f7-e28d-caa1-d6475ad63166,1,4704612,4704657,4712447,4710025,7790,7835,45,0,0,0
4712470,152a8638-ab52-c00f-4f69-da5b77ec26b2,1,4704739,4704777,4712470,4712307,7693,7731,38,0,0,0
4712508,11b5d477-39f7-36be-30d6-7f403c582a27,1,4704787,4704837,4712508,4710021,7671,7721,50,0,0,0
4712532,49314ad2-7b57-34e3-652f-954bc67eb983,1,4704798,4704837,4712532,4716214,7695,7734,39,0,0,0
4712585,8a7ca0ef-915d-f252-2485-ffcf76707b61,1,4704826,4704837,4712585,4711603,7748,7759,11,0,0,0
4712561,7372ad9e-8734-0bba-cde2-1a7a2c2e41b4,1,4704939,4704963,4712561,4713907,7598,7622,24,0,0,0
4712606,f6b826e2-66d5-26c8-58d4-195575465329,1,4704783,4704837,4712606,4713899,7769,7823,54,0,0,0
4712640,2d43e37b-1ec5-dd64-386c-e5eb9f71348e,1,4704903,4704903,4712640,4710450,7737,7737,0,0,0,0
4713009,da6d72da-90c5-8a4a-4212-5fadb0372c92,1,4705316,4705369,4713009,4714118,7640,7693,53,0,0,0
4713128,22d4584c-48ee-31df-d790-b94a5078fb01,1,4705309,4705309,4713128,4709722,7819,7819,0,0,0,0
4713523,08571c34-bb09-9b5b-6785-add7c1bcbbb0,1,4705905,4705905,4713523,4712156,7618,7618,0,0,0,0
4713905,ac4c125f-dfa6-4479-cdb6-f2ff6cf9c6fe,1,4706211,4706211,4713905,4714780,7694,7694,0,0,0,0
4714017,2eb3795c-29a3-bfa9-23f0-3aaf55c07fc4,1,4706505,4706505,4714017,4716623,7512,7512,0,0,0,0
4714227,556bdbd2-0515-81eb-f683-7379e869ea14,1,4706557,4706565,4714227,4715759,7662,7670,8,0,0,0
4714579,c85ee806-c8e5-72b3-b2d3-d22fc1b22e1e,1,4706896,4706896,4714579,4716004,7683,7683,0,0,0,0
4715236,fa96a6cf-b13e-c0a9-d581-435f4faca9e8,1,4707451,4707510,4715236,4717440,7726,7785,59,0,0,0
4717838,3988a227-b9f1-893c-533d-1f9984de96a9,1,4704149,4704191,4717838,4713363,13647,13689,42,0,0,0
4717896,050d440a-b266-7409-68ac-6acad6bbf24c,1,4704148,4704191,4717896,4717720,13705,13748,43,0,0,0
4717878,1f90ed91-5b20-bf68-59ca-5aae3829de35,1,4704148,4704191,4717878,4713790,13687,13730,43,0,0,0
4717858,05dc0f1b-5cba-9958-faa9-6717cd7a9d15,1,4704148,4704191,4717858,4712163,13667,13710,43,0,0,0
4717848,14dac2db-f909-2e52-8952-66d58590029f,1,4704150,4704191,4717848,4718363,13657,13698,41,0,0,0
4717897,89ad04f3-f2f0-3595-9cc1-7f6cb2d21a7e,1,4704153,4704191,4717897,4716731,13706,13744,38,0,0,0
4717849,4c855cfe-959b-5536-431e-d8b462a074ae,1,4704153,4704191,4717849,4712347,13658,13696,38,0,0,0
4717858,1bf7af1b-3086-ca01-9e90-e8105c936fad,1,4704156,4704191,4717858,4724332,13667,13702,35,0,0,0
4717906,eba78afc-a5a1-f8c0-4f5e-aabe4584c3e1,1,4704148,4704191,4717906,4714403,13715,13758,43,0,0,0
4717907,49afbdc4-c0f9-ed51-c49a-a38a62f76b44,1,4704148,4704191,4717907,4717556,13716,13759,43,0,0,0
4717925,a4be23f0-90d2-6d99-805f-0abfcd4c8414,1,4704149,4704191,4717925,4722430,13734,13776,42,0,0,0
4717926,adcc5dc9-b692-1ae6-b3f1-9dc1a862f59c,1,4704152,4704191,4717926,4713470,13735,13774,39,0,0,0
4717927,3722b4a6-cc83-0a36-5609-ee46c426dd17,1,4704153,4704191,4717927,4723472,13736,13774,38,0,0,0
4717934,b8724cee-e90c-3497-3ef4-52fc1f6c64bb,1,4704153,4704191,4717934,4723352,13743,13781,38,0,0,0
4717907,659c0403-3324-0f9d-898c-2b21337ad455,1,4704155,4704191,4717907,4717506,13716,13752,36,0,0,0
4718013,09ca05fe-96b8-4965-cdf4-f4c5b65043b0,1,4704152,4704191,4718013,4717435,13822,13861,39,0,0,0
4718002,3fe42af9-b71b-8e3b-7a7f-bf13680e8a12,1,4704152,4704191,4718002,4723869,13811,13850,39,0,0,0
4717991,51ee6023-2f76-aa4e-0c0b-0189ee46e7e0,1,4704153,4704191,4717991,4711725,13800,13838,38,0,0,0
4717994,6eecef4e-2ebe-bb6b-ddc0-e5ebc9b4c931,1,4704156,4704191,4717994,4716261,13803,13838,35,0,0,0
4717983,36c66823-8900-0f4d-862f-a096d8523032,1,4704156,4704191,4717983,4721703,13792,13827,35,0,0,0
4718063,1511a8f1-4ee4-b57f-5d7b-fb2bb4be2efa,1,4704148,4704191,4718063,4723235,13872,13915,43,0,0,0
4718033,51cc8f77-667e-14ca-9eb8-735773727d9e,1,4704148,4704191,4718033,4721181,13842,13885,43,0,0,0
4718031,56581d14-3a96-8d50-434a-be0dd8babb2e,1,4704152,4704191,4718031,4719810,13840,13879,39,0,0,0
4718071,b8f3108b-67a9-4d9b-5a3b-081da1501014,1,4704152,4704191,4718071,4720063,13880,13919,39,0,0,0
4718023,7e62f267-7e87-dff8-2ce7-733d94d126ae,1,4704156,4704191,4718023,4721154,13832,13867,35,0,0,0
4724572,9edf75e8-d661-1081-2965-1ed76eb53a06,1,4704055,4704071,4724572,4721704,20501,20517,16,0,0,0
4724675,5c8ebe83-1dce-6908-92ea-ef88e06ce2d2,1,4704055,4704071,4724675,4729891,20604,20620,16,0,0,0
4724721,ec7580d3-7a1d-782f-e537-83e149013c6b,1,4704058,4704071,4724721,4714707,20650,20663,13,0,0,0
4724729,0e26fb1c-f381-3eee-4309-859af47d7076,1,4704059,4704071,4724729,4733995,20658,20670,12,0,0,0
4724702,302f8bd1-10cd-b7f9-fcb7-9bf49e23ef8d,1,4704059,4704071,4724702,4731403,20631,20643,12,0,0,0
4724738,612bc2ab-6195-9292-aa97-162eb55b3988,1,4704060,4704071,4724738,4723251,20667,20678,11,0,0,0
4724764,824f9885-c41e-2980-1803-95bfb50bcbb6,1,4704055,4704071,4724764,4722312,20693,20709,16,0,0,0
4724800,6fc86e97-f455-d719-88b2-48dda590666d,1,4704055,4704071,4724800,4717251,20729,20745,16,0,0,0
4724810,593e285f-e4c1-3c90-d6e9-cc7c9b2cc6b2,1,4704055,4704071,4724810,4714990,20739,20755,16,0,0,0
4724765,5ebc56f3-0eba-abc3-abf8-80f24eafe6d2,1,4704055,4704071,4724765,4717945,20694,20710,16,0,0,0
4724790,7dfd9faf-413a-5821-8490-01423ae4e9b9,1,4704058,4704071,4724790,4730477,20719,20732,13,0,0,0
4724800,ef335951-84ed-6328-0c35-94d59cf5b27e,1,4704063,4704071,4724800,4731702,20729,20737,8,0,0,0
4724847,8064eb28-38ee-1568-feee-07e65517e87a,1,4704055,4704071,4724847,4726587,20776,20792,16,0,0,0
4724828,13519b69-c9c8-6415-71df-e9add258a444,1,4704056,4704071,4724828,4726173,20757,20772,15,0,0,0
4724858,f10f4140-6aa2-fcc7-e8d0-0c769bdfd91d,1,4704058,4704071,4724858,4731702,20787,20800,13,0,0,0
4724873,a3f47a31-7986-ed76-1560-05492e41c942,1,4704059,4704071,4724873,4715404,20802,20814,12,0,0,0
4724847,5549b2ae-55fd-b01a-bb44-64d18976dba5,1,4704059,4704071,4724847,4720448,20776,20788,12,0,0,0
4724856,1f60087a-0293-d518-167a-4fa9531c10d2,1,4704062,4704071,4724856,4716708,20785,20794,9,0,0,0
4724827,22fef6c2-7581-dc55-1bf6-409abed617e3,1,4704062,4704071,4724827,4733992,20756,20765,9,0,0,0
4724856,46ca4ee8-331f-7cd2-1842-b1fd953f5b3e,1,4704064,4704071,4724856,4722456,20785,20792,7,0,0,0
4724876,e936f11b-7b44-62f9-ba54-26d778ef878f,1,4704055,4704071,4724876,4719163,20805,20821,16,0,0,0
4724883,d28b0651-5c2c-1f79-9246-74e0b4b09f96,1,4704055,4704071,4724883,4722369,20812,20828,16,0,0,0
4724917,16f98154-15b7-f5b1-0da0-3dde1399a5a5,1,4704058,4704071,4724917,4715977,20846,20859,13,0,0,0
4724892,bd2ba47d-3d72-3ab5-a427-fbe14acade94,1,4704059,4704071,4724892,4714996,20821,20833,12,0,0,0
4724883,5c1346dd-db40-ed80-8cbd-46ae90be6563,1,4704062,4704071,4724883,4732248,20812,20821,9,0,0,0
4728784,630c1f9e-0c1e-2281-362b-5e9a2dd27efb,1,4721209,4721209,4728784,4730452,7575,7575,0,0,0,0
4729055,33213638-1c69-044e-eb20-bdb87e92afda,1,4721313,4721313,4729055,4732322,7742,7742,0,0,0,0
4729074,6069065c-4787-1062-3aef-0d15988e9651,1,4721471,4721471,4729074,4731710,7603,7603,0,0,0,0
4729108,94da39e6-d29a-2cc2-3462-dc6a9282871a,1,4721482,4721531,4729108,4730125,7577,7626,49,0,0,0
4729184,a75a759f-0f09-08da-de81-d9cf9053acba,1,4721589,4721591,4729184,4731531,7593,7595,2,0,0,0
4729348,7ecaa621-316a-eea6-0197-c609be880b26,1,4721622,4721651,4729348,4729697,7697,7726,29,0,0,0
4729392,9b420720-1b9d-5394-616f-0cc527754a4b,1,4721699,4721711,4729392,4731997,7681,7693,12,0,0,0
4729446,b750a26b-de12-28e1-5ae1-7ffbd01a9533,1,4721647,4721651,4729446,4730259,7795,7799,4,0,0,0
4729421,af52cedc-101e-3762-dd17-aa13604b9995,1,4721698,4721711,4729421,4733008,7710,7723,13,0,0,0
4729469,555fd245-1395-217d-bdb8-a1e284f2440a,1,4721842,4721847,4729469,4727503,7622,7627,5,0,0,0
4729572,1c5a36a3-aa05-fc8c-7454-6e0ffa61b32b,1,4721798,4721847,4729572,4732481,7725,7774,49,0,0,0
4729625,f9e8ac93-2801-756d-e44a-f7effaee0078,1,4721787,4721787,4729625,4733296,7838,7838,0,0,0,0
4729610,1db1a25a-5758-6a30-4734-9c2be761ebfa,1,4721823,4721847,4729610,4731312,7763,7787,24,0,0,0
4729634,ff8dc122-c7ea-acd9-4165-22007af76efc,1,4721861,4721907,4729634,4731292,7727,7773,46,0,0,0
4729740,8b45c64f-cb38-c063-2631-7c32ea83a15c,1,4722057,4722107,4729740,4726639,7633,7683,50,0,0,0
4729821,53633d85-8eea-2b85-0b8a-dac706c9872d,1,4722087,4722107,4729821,4732726,7714,7734,20,0,0,0
4729803,1021732f-467b-4045-9f34-430ce893a587,1,4722137,4722167,4729803,4730186,7636,7666,30,0,0,0
4729871,8e97e7f0-cbc5-ad2e-f13a-b7cb8f95980d,1,4722047,4722047,4729871,4730414,7824,7824,0,0,0,0
4729850,e23eee60-d11d-aabb-9112-5dfd7465b49f,1,4722052,4722107,4729850,4728491,7743,7798,55,0,0,0
4729871,e02437a2-374f-0c2c-9c01-ae7b9d72bd2c,1,4722111,4722167,4729871,4732053,7704,7760,56,0,0,0
4729933,f105a763-8ff0-4391-9b7c-7b2ea513dc3b,1,4722063,4722107,4729933,4726621,7826,7870,44,0,0,0
4729944,4eedc5ef-e964-bddd-a36f-376fe9b92414,1,4722210,4722227,4729944,4729923,7717,7734,17,0,0,0
4729947,f61e374d-9ee2-5f9b-6a52-10459d6b86b9,1,4722261,4722287,4729947,4731757,7660,7686,26,0,0,0
4729983,8040abff-18ba-ab30-395c-9fd6b20ba971,1,4722144,4722167,4729983,4726070,7816,7839,23,0,0,0
4730007,de4ac7f2-c8d9-20c4-d712-8d4c2d839ca7,1,4722447,4722447,4730007,4729542,7560,7560,0,0,0,0
4730051,31059753-41e1-52ad-f48a-3e0932aa37f4,1,4722182,4722227,4730051,4727310,7824,7869,45,0,0,0
4730049,49d944d9-6a5c-a432-3b05-987acc47db80,1,4722286,4722287,4730049,4733081,7762,7763,1,0,0,0
4730084,5559e543-c826-2a60-03fe-2ba1a96d0ab1,1,4722235,4722287,4730084,4731307,7797,7849,52,0,0,0
4730101,843aa816-d25f-925e-c8c7-d9b899f4eb9f,1,4722368,4722368,4730101,4733724,7733,7733,0,0,0,0
4730290,8dcc570a-56ac-3833-80c8-b1786c3724ee,1,4722521,4722521,4730290,4728288,7769,7769,0,0,0,0
4730304,45608100-e6fb-2bdf-4122-a53448a2342d,1,4722522,4722581,4730304,4730856,7723,7782,59,0,0,0
4730316,cdb89862-127f-d6ac-ca46-5597e9e9d0b1,1,4722538,4722581,4730316,4733881,7735,7778,43,0,0,0
4730301,76358e23-f5b6-4896-4756-40936856108e,1,4722571,4722581,4730301,4727333,7720,7730,10,0,0,0
4730371,0b602cc2-aea1-9ddf-e1f9-36987972d02b,1,4722560,4722581,4730371,4732468,7790,7811,21,0,0,0
4730460,94e1f1c2-7e70-e1b5-e64c-9c7fda13cec1,1,4722800,4722800,4730460,4728190,7660,7660,0,0,0,0
4730539,993a46dd-45d0-582a-39ec-3690aebe0ca4,1,4722805,4722860,4730539,4732151,7679,7734,55,0,0,0
4730519,ce1de4b8-70f8-0cbe-eda4-ed77dabd364d,1,4722853,4722860,4730519,4732704,7659,7666,7,0,0,0
4730673,9de54260-f1d1-a44f-cd82-b640d9a3222c,1,4723006,4723006,4730673,4730006,7667,7667,0,0,0,0
4730730,ada7eeac-7c0e-f634-7b66-0e06e3d897f4,1,4722875,4722920,4730730,4733036,7810,7855,45,0,0,0
4730729,8413e483-fd93-7112-439e-258edf900fec,1,4723006,4723006,4730729,4727854,7723,7723,0,0,0,0
4731774,99be254a-36fd-e080-7f74-e8d361fc0cdc,1,4723974,4723974,4731774,4731696,7800,7800,0,0,0,0
4731768,bc693253-60a0-0cbf-599c-e96b4782a7dc,1,4723979,4724034,4731768,4727894,7734,7789,55,0,0,0
4731815,ee82b56f-cfd5-96ce-91a1-e84ab39c28bd,1,4724010,4724034,4731815,4730044,7781,7805,24,0,0,0
4731799,776ad8ca-e614-2d25-eeb0-669cb43d523f,1,4724041,4724094,4731799,4734648,7705,7758,53,0,0,0
4731861,4a646af7-cae5-226f-4834-5c71626a3fb8,1,4724242,4724242,4731861,4731989,7619,7619,0,0,0,0
4732015,7628c6a1-63d2-9740-cc98-6245443bca8f,1,4724279,4724302,4732015,4728887,7713,7736,23,0,0,0
4732029,176d3710-f3c5-13df-2503-de0e41166c76,1,4724306,4724362,4732029,4728954,7667,7723,56,0,0,0
4732102,df43e795-5ff9-d296-057f-9a1c650828a6,1,4724550,4724573,4732102,4733897,7529,7552,23,0,0,0
4732151,a341fa77-c517-fa95-855a-c0220a270746,1,4724453,4724453,4732151,4734393,7698,7698,0,0,0,0
4732170,8182168e-9d53-8989-41de-f02817fd95dc,1,4724573,4724573,4732170,4735409,7597,7597,0,0,0,0
4732200,02c327f1-36ab-c894-a705-4577ed7f9d5a,1,4724463,4724513,4732200,4732321,7687,7737,50,0,0,0
4732218,ce30739b-842a-7268-3030-b76f102f4565,1,4724517,4724573,4732218,4733937,7645,7701,56,0,0,0
4732222,3166f4d0-5300-b0f7-6e55-b2218abe1f2b,1,4724559,4724573,4732222,4734438,7649,7663,14,0,0,0
4732280,91ea2904-95b2-3a8d-7b68-de4c81e3213b,1,4724683,4724693,4732280,4729692,7587,7597,10,0,0,0
4732339,455973a9-fc54-3e41-854d-6aa6623181eb,1,4724641,4724693,4732339,4735806,7646,7698,52,0,0,0
4732343,68df70ee-83a6-b448-ff79-c9a1a5f72f04,1,4724654,4724693,4732343,4734224,7650,7689,39,0,0,0
4732449,112708a5-cfb3-e3f9-46e6-d75c96f74e69,1,4724664,4724693,4732449,4733708,7756,7785,29,0,0,0
4732519,51c055dc-719d-502f-f5b6-037002cca6d7,1,4724781,4724813,4732519,4732655,7706,7738,32,0,0,0
4732499,a95f9395-caff-0791-d2ea-b2bd5182fc6a,1,4724878,4724933,4732499,4732613,7566,7621,55,0,0,0
4732616,839fb96e-88b9-908c-4575-f998bc276e41,1,4724650,4724693,4732616,4730010,7923,7966,43,0,0,0
4732612,3b38ab72-aa4d-c5e7-a082-517472200a04,1,4724748,4724753,4732612,4733612,7859,7864,5,0,0,0
4732562,52552137-c481-a378-dcc9-045d2b34c2b2,1,4724786,4724813,4732562,4735371,7749,7776,27,0,0,0
4732608,ddfb4b7b-c940-9073-c937-f6c3a189140d,1,4724916,4724933,4732608,4735138,7675,7692,17,0,0,0
4732586,d19760d4-41bb-ca98-dedc-dc1640bdba5f,1,4724982,4724993,4732586,4731182,7593,7604,11,0,0,0
4732742,55270e50-97b6-8053-69c1-71e9b0b478d0,1,4724951,4724993,4732742,4734877,7749,7791,42,0,0,0
4732764,8bbaafcb-5ba3-9db3-6a45-ef77ab8ddbbc,1,4725096,4725113,4732764,4736283,7651,7668,17,0,0,0
4732794,61d0ef4f-6470-7bde-966a-f76f456ebbd0,1,4725111,4725113,4732794,4732277,7681,7683,2,0,0,0
4732766,f85c9005-5e5c-afa7-7687-48eb659b4aa8,1,4725165,4725173,4732766,4730009,7593,7601,8,0,0,0
4732798,d11d4bc3-4396-d1b0-da78-17e5a733807b,1,4725181,4725233,4732798,4736184,7565,7617,52,0,0,0
4732807,70f192fa-9e1d-3e41-a389-7651e7a658ca,1,4725185,4725233,4732807,4731794,7574,7622,48,0,0,0
4732819,95d5510d-a175-5fe2-5d6f-14192e9a56ad,1,4725191,4725233,4732819,4732912,7586,7628,42,0,0,0
4732829,3c52326e-2a5e-0a83-0ce1-4663ed4bf27b,1,4725204,4725233,4732829,4734731,7596,7625,29,0,0,0
4732829,16fcaa91-b2f6-4095-c470-6dbaa1220be2,1,4725204,4725233,4732829,4736083,7596,7625,29,0,0,0
4732851,3f6de34c-20c7-c3a0-12f8-8a257133db8b,1,4725211,4725233,4732851,4734422,7618,7640,22,0,0,0
4732942,b5b29429-ae0c-2f86-b774-abac6b6cc4b0,1,4725181,4725233,4732942,4731367,7709,7761,52,0,0,0
4732960,7c8cf76b-e7a1-e3ee-7117-88ef84d0b556,1,4725180,4725233,4732960,4732698,7727,7780,53,0,0,0
4734034,43dcf6d0-5e80-ca1b-dfa6-f7c64a857183,1,4733099,4733122,4734034,4733716,912,935,23,0,0,0
4734766,c6063d63-fdb2-b46f-8650-04218af1b1c1,1,4727076,4727076,4734766,4735382,7690,7690,0,0,0,0
4734800,8e7e341b-1983-d809-f875-f563ffc908de,1,4727121,4727136,4734800,4736893,7664,7679,15,0,0,0
4734855,32855143-ecbe-1c12-e96c-67d96fe0ada3,1,4727082,4727136,4734855,4733979,7719,7773,54,0,0,0
4734840,b30f9e21-65e2-fc3f-02fd-e6d81323cd2f,1,4727117,4727136,4734840,4734451,7704,7723,19,0,0,0
4734881,2ae1c693-9816-a9dd-8421-a210e1960d8a,1,4727127,4727136,4734881,4734609,7745,7754,9,0,0,0
4734911,1134bdfe-36b7-c25e-3cfb-35043221e06f,1,4727131,4727136,4734911,4736911,7775,7780,5,0,0,0
4734900,371c7bdc-4ff1-1512-845c-c26c8bda61e5,1,4727134,4727136,4734900,4737798,7764,7766,2,0,0,0
4734905,554667bb-ab0f-5cfa-1d75-8032912e0c78,1,4727154,4727196,4734905,4738422,7709,7751,42,0,0,0
4734925,76d492b5-c941-4c4f-9ddd-7939d98ba677,1,4727173,4727196,4734925,4735257,7729,7752,23,0,0,0
4734957,2042ec8d-2a54-a6d9-bd90-0d9c6d926283,1,4727116,4727136,4734957,4736858,7821,7841,20,0,0,0
4734956,20f1bdcc-18e1-2cbf-231b-22372d6584ec,1,4727164,4727196,4734956,4735903,7760,7792,32,0,0,0
4734987,08852e12-c965-c1bf-7b8b-9925705a346e,1,4727192,4727196,4734987,4736827,7791,7795,4,0,0,0
4734982,33bb72cd-6d93-3d78-de30-4e9100417c4d,1,4727327,4727376,4734982,4732387,7606,7655,49,0,0,0
4735035,e7b9fe47-d623-ae4b-90a1-533e641915ba,1,4727332,4727376,4735035,4733319,7659,7703,44,0,0,0
4735046,fedfd77a-cc4a-05da-4dc4-774539764f18,1,4727333,4727376,4735046,4736973,7670,7713,43,0,0,0
4735046,4c254414-31f6-e181-370c-91334033e4f1,1,4727338,4727376,4735046,4737978,7670,7708,38,0,0,0
4735055,4b202e83-6226-f94c-5861-5a4b704a178c,1,4727345,4727376,4735055,4732697,7679,7710,31,0,0,0
4735053,140a121f-a375-7258-9a17-d8504bf49d13,1,4727371,4727376,4735053,4735923,7677,7682,5,0,0,0
4735023,74d084c6-45bd-0e42-01c3-f2ebba807c99,1,4727373,4727376,4735023,4734527,7647,7650,3,0,0,0
4735043,94b6ed00-fd6e-03f4-85ca-aa31ad329e33,1,4727413,4727436,4735043,4732778,7607,7630,23,0,0,0
4735049,280549c9-db04-d7cb-0f2d-c48ca85df01d,1,4727413,4727436,4735049,4731866,7613,7636,23,0,0,0
4735030,dead0e24-9689-e6b0-fe79-8e3218b28c2a,1,4727423,4727436,4735030,4733061,7594,7607,13,0,0,0
4735076,dd181cd2-f549-87f1-623a-a7bd62d7618f,1,4727235,4727256,4735076,4733248,7820,7841,21,0,0,0
4735071,4009b382-3818-1d7e-4a19-6dcd02d7fb10,1,4727297,4727316,4735071,4735121,7755,7774,19,0,0,0
4735070,7ae94cb4-3a58-0968-fd13-5421a640de13,1,4727311,4727316,4735070,4732151,7754,7759,5,0,0,0
4735063,b1edd3e6-6d56-64ab-1806-79127d5fc92a,1,4727324,4727376,4735063,4737214,7687,7739,52,0,0,0
4735081,24478e0a-45e2-cee1-add5-5c3c8c7c0585,1,4727361,4727376,4735081,4735443,7705,7720,15,0,0,0
4735065,edaae2ca-ac3e-3ab1-a2d0-105655f48d07,1,4727363,4727376,4735065,4734580,7689,7702,13,0,0,0
4735062,e85ab8e5-f833-faa9-8d5b-c03a60e7b836,1,4727377,4727436,4735062,4733251,7626,7685,59,0,0,0
4735095,05c53d0a-c7f2-7c26-223d-b167d4a5c5c5,1,4727385,4727436,4735095,4731318,7659,7710,51,0,0,0
4735096,ab64e587-0734-bba0-1738-83cde6784db8,1,4727396,4727436,4735096,4738228,7660,7700,40,0,0,0
4735111,338a457e-f5c3-9a87-1c7b-73e79aca37bc,1,4727401,4727436,4735111,4732525,7675,7710,35,0,0,0
4735077,56ba0064-7ddd-3856-266b-e1335f33919a,1,4727425,4727436,4735077,4736392,7641,7652,11,0,0,0
4735113,4fdf9224-c8a2-7d2f-11c6-565931e63546,1,4727434,4727436,4735113,4738291,7677,7679,2,0,0,0
4735118,c11eadfd-1240-9927-f21a-541580082b71,1,4727236,4727256,4735118,4738157,7862,7882,20,0,0,0
4735125,e33cea03-b7c1-394a-4c9a-62759543c8ae,1,4727320,4727376,4735125,4734600,7749,7805,56,0,0,0
4735141,17020b8e-4b4b-1c4a-e0aa-2a773ef3ab9f,1,4727348,4727376,4735141,4731306,7765,7793,28,0,0,0
4735146,930954c4-86ef-bac8-8195-8978ff531d82,1,4727370,4727376,4735146,4734333,7770,7776,6,0,0,0
4735158,887e4f65-20aa-ee6b-0748-6de201e39cf5,1,4727384,4727436,4735158,4734049,7722,7774,52,0,0,0
4735118,7c1f52af-3d1e-fba5-2920-cf5ddcb14d1a,1,4727390,4727436,4735118,4735955,7682,7728,46,0,0,0
4735137,617f028a-4ebd-1bc8-1f3e-0c977c0bb121,1,4727397,4727436,4735137,4731489,7701,7740,39,0,0,0
4735143,4cb17d08-504f-b7a7-6e7e-20948d1d7baa,1,4727409,4727436,4735143,4735176,7707,7734,27,0,0,0
4735141,bd0b2676-5442-a1cd-6d0b-59a5977061bd,1,4727412,4727436,4735141,4734131,7705,7729,24,0,0,0
4735145,cbc0327a-451b-5fac-7906-3887d679b7c6,1,4727426,4727436,4735145,4734103,7709,7719,10,0,0,0
4735122,b85a295a-7229-7502-22b8-608c4c6eaa33,1,4727435,4727436,4735122,4736449,7686,7687,1,0,0,0
4735132,13baf019-5814-feba-c7a7-b1510f847fa7,1,4727439,4727496,4735132,4737724,7636,7693,57,0,0,0
4735143,29524270-51f1-fe27-f865-a1ee29f88049,1,4727467,4727496,4735143,4733524,7647,7676,29,0,0,0
4735130,3a19bc5f-0a8c-098f-358f-0f429cf7ea27,1,4727469,4727496,4735130,4735935,7634,7661,27,0,0,0
4735124,bab29c3a-1da5-4449-264e-861739e3966c,1,4727496,4727496,4735124,4733321,7628,7628,0,0,0,0
4735206,346683ad-c68f-af12-bd02-c8fbbb6329e8,1,4727349,4727376,4735206,4737877,7830,7857,27,0,0,0
4735183,8efb1a99-c0d6-369f-fbf9-6d27ac11cd6d,1,4727362,4727376,4735183,4738806,7807,7821,14,0,0,0
4735189,3d84e670-8150-fc7a-6e28-9abb95c50076,1,4727362,4727376,4735189,4733400,7813,7827,14,0,0,0
4735222,3a8f0559-5202-99f1-ae38-bfbd2c730beb,1,4727397,4727436,4735222,4731657,7786,7825,39,0,0,0
4735218,7b40a24f-2076-da78-c089-792627a837af,1,4727409,4727436,4735218,4731910,7782,7809,27,0,0,0
4735208,a9e3cf79-eba8-63bd-d8de-490002f56cdd,1,4727409,4727436,4735208,4732151,7772,7799,27,0,0,0
4735230,41d6c3e5-d3c5-b2e3-00cb-303cb4d61140,1,4727410,4727436,4735230,4736450,7794,7820,26,0,0,0
4735209,b1557e90-e925-ab2f-94ff-c6328e4eb747,1,4727422,4727436,4735209,4735672,7773,7787,14,0,0,0
4735217,bb096b4b-251b-699e-26ac-8f840db11c52,1,4727440,4727496,4735217,4736162,7721,7777,56,0,0,0
4735195,d248db3a-ad86-1b38-72a3-3062abe1f359,1,4727470,4727496,4735195,4738634,7699,7725,26,0,0,0
4735216,3cac9377-84d2-3412-7097-9e67bd88f63d,1,4727472,4727496,4735216,4732264,7720,7744,24,0,0,0
4735206,0ff92846-37ba-d42e-6e87-5016a6721c8c,1,4727490,4727496,4735206,4732545,7710,7716,6,0,0,0
4735206,eef79fef-543f-32b1-c477-64581be2f303,1,4727491,4727496,4735206,4734692,7710,7715,5,0,0,0
4735253,16a2be65-f029-b6e6-323d-0075d2a57ccc,1,4727361,4727376,4735253,4731442,7877,7892,15,0,0,0
4735263,93feb7b1-c4ee-933a-71d3-a38597bf3506,1,4727446,4727496,4735263,4733306,7767,7817,50,0,0,0
4735290,aa705aca-c1f3-8539-74e5-7dd342d3b1de,1,4727457,4727496,4735290,4736654,7794,7833,39,0,0,0
4735285,169ba207-1cb1-4367-d3a9-972fabf68871,1,4727458,4727496,4735285,4736352,7789,7827,38,0,0,0
4735274,86d3b4ba-83e7-672c-f2fd-af06676af718,1,4727471,4727496,4735274,4733077,7778,7803,25,0,0,0
4735259,e954ef32-bebe-0dcc-5c7b-0756f72a2225,1,4727473,4727496,4735259,4731805,7763,7786,23,0,0,0
4735285,e6192b60-39a3-dbc2-36bb-df198afd545e,1,4727505,4727556,4735285,4733535,7729,7780,51,0,0,0
4735276,1c607144-4349-33b6-5616-def6068eaa20,1,4727507,4727556,4735276,4736607,7720,7769,49,0,0,0
4735280,45f2d7ab-b9d3-0806-2971-5d33342b056c,1,4727515,4727556,4735280,4735171,7724,7765,41,0,0,0
4735251,7e0f535b-fdad-4fa4-9e40-2ea5a31347b1,1,4727577,4727616,4735251,4731863,7635,7674,39,0,0,0
4735290,9fdbd5ff-7fcd-12bb-6236-2dba8af30958,1,4727609,4727616,4735290,4731476,7674,7681,7,0,0,0
4735327,a5067005-ceef-60b6-de13-a611b2af9c49,1,4727397,4727436,4735327,4736956,7891,7930,39,0,0,0
4735347,c8552258-3175-72d3-cf86-7191b0bacf85,1,4727402,4727436,4735347,4738188,7911,7945,34,0,0,0
4735305,5a858066-66ea-2ec9-21c1-56a4c9442270,1,4727438,4727496,4735305,4736905,7809,7867,58,0,0,0
4735311,ade2d7b8-4f6a-4300-4c28-b484663623cb,1,4727472,4727496,4735311,4734432,7815,7839,24,0,0,0
4735316,56197eda-2cb9-3c2b-e8c3-851720f66bec,1,4727493,4727496,4735316,4734920,7820,7823,3,0,0,0
4735323,6c2071ce-f10e-2cb9-9f55-549c49e9e10b,1,4727501,4727556,4735323,4737903,7767,7822,55,0,0,0
4735316,daa01422-839a-8cdf-dcd4-e436b11b5cc1,1,4727502,4727556,4735316,4735103,7760,7814,54,0,0,0
4735334,652b32f0-fc8a-c1a5-db98-218ec11b0c1a,1,4727516,4727556,4735334,4734227,7778,7818,40,0,0,0
4735344,7905ccc5-e341-19e5-31cb-fd1451ed6fbc,1,4727516,4727556,4735344,4733657,7788,7828,40,0,0,0
4735356,4ebd8e73-8a6e-5860-3bec-16275a79a994,1,4727527,4727556,4735356,4732728,7800,7829,29,0,0,0
4735309,f5488229-8481-24ea-c821-fc16458c6ecf,1,4727587,4727616,4735309,4733971,7693,7722,29,0,0,0
4735363,acc64377-c805-2275-4a80-6a5ef5f3d979,1,4727514,4727556,4735363,4734054,7807,7849,42,0,0,0
4735367,f7808543-f782-35d3-ba0c-7d51edbb9ff5,1,4727631,4727676,4735367,4734871,7691,7736,45,0,0,0
4735389,4fb8f88d-04e6-132f-fb58-c12896a07fc1,1,4727735,4727736,4735389,4733214,7653,7654,1,0,0,0
4735417,443ac82c-341a-9252-95cb-7e4dafa183e5,1,4727736,4727736,4735417,4739037,7681,7681,0,0,0,0
4735431,54dac46d-70f4-b3e4-d267-ffe48b04283a,1,4727782,4727796,4735431,4738925,7635,7649,14,0,0,0
4735533,c6b04b30-e6e9-1c0e-e828-1bddc8438c70,1,4727697,4727736,4735533,4735599,7797,7836,39,0,0,0
4735480,5e63b636-81cf-842c-2dc2-b12e28fc7410,1,4727724,4727736,4735480,4732978,7744,7756,12,0,0,0
4735518,44332e8c-b378-d925-1edd-33b7dd83148e,1,4727789,4727796,4735518,4735036,7722,7729,7,0,0,0
4735527,28ffc0fe-2dcd-62ea-0d68-bc9a0be63965,1,4727789,4727796,4735527,4732777,7731,7738,7,0,0,0
4735535,2e54c09c-496e-6256-7aa9-91ad4316f934,1,4727824,4727856,4735535,4733097,7679,7711,32,0,0,0
4735525,4e512a7d-0ce0-86f8-92e0-52156311a742,1,4727856,4727856,4735525,4736550,7669,7669,0,0,0,0
4735591,47902dc8-9c21-1b07-92c6-b4256016a4c2,1,4727686,4727736,4735591,4737651,7855,7905,50,0,0,0
4735561,5cc60da5-7531-3f37-2ea8-680d07b89fd2,1,4727701,4727736,4735561,4732553,7825,7860,35,0,0,0
4735552,14d215c3-c706-0073-8c2a-83f656c317a7,1,4727721,4727736,4735552,4732710,7816,7831,15,0,0,0
4735566,5b553bcf-af8d-743e-416a-d8c6c4da7c39,1,4727759,4727796,4735566,4737175,7770,7807,37,0,0,0
4735543,f7398264-2e30-7cb7-1a8f-2b8990b0a4d0,1,4727841,4727856,4735543,4735047,7687,7702,15,0,0,0
4735548,89516fc6-a1c3-8d95-25bc-77259b8a512d,1,4727856,4727856,4735548,4735287,7692,7692,0,0,0,0
4735608,0ce4342d-4205-7c61-ff3a-fc27a93626b4,1,4727747,4727796,4735608,4731670,7812,7861,49,0,0,0
4735600,f366bc5e-e537-9fd0-230f-7d44bd78da81,1,4727823,4727856,4735600,4739130,7744,7777,33,0,0,0
4735631,73ae95e0-f491-4b8e-cecc-f6a41d26403f,1,4727863,4727916,4735631,4734954,7715,7768,53,0,0,0
4735612,d5d9e0ca-c348-a936-d713-88fbbe91ed4e,1,4727875,4727916,4735612,4738189,7696,7737,41,0,0,0
4735598,561abba4-0984-c844-c9a9-d9a69e2e21d1,1,4727905,4727916,4735598,4737781,7682,7693,11,0,0,0
4735643,2af68530-fc45-2481-14f5-eca75b9da84d,1,4727939,4727976,4735643,4732788,7667,7704,37,0,0,0
4735646,c837777b-15dc-31df-107a-8b7de8f2bc1b,1,4727942,4727976,4735646,4735459,7670,7704,34,0,0,0
4735614,b320d709-0078-5530-99f2-5abc2839c720,1,4727951,4727976,4735614,4738021,7638,7663,25,0,0,0
4735664,d18137e6-f3cd-c4ab-44a4-559576597666,1,4727864,4727916,4735664,4734917,7748,7800,52,0,0,0
4735686,ea521be6-a534-46ae-59b4-00ab4e752b00,1,4727887,4727916,4735686,4738830,7770,7799,29,0,0,0
4735694,902152f5-2fdd-4383-b3b0-d6fb701bc17c,1,4728013,4728036,4735694,4738617,7658,7681,23,0,0,0
4735719,e943aa8f-d024-e672-96a7-3e89656b16b4,1,4727898,4727916,4735719,4735082,7803,7821,18,0,0,0
4735732,2f9c95b0-d0a8-368d-8c8a-776a921b8638,1,4728021,4728036,4735732,4733346,7696,7711,15,0,0,0
4735718,80c23d85-e558-d894-f4a2-575a887c1c52,1,4728022,4728036,4735718,4735270,7682,7696,14,0,0,0
4735778,8e7dddb2-57f6-1ee1-01f5-150a3d5472ff,1,4727890,4727916,4735778,4734682,7862,7888,26,0,0,0
4736080,1ac3371f-a828-3eaf-189e-559e7eb4b7b4,1,4733272,4733272,4736080,4736423,2808,2808,0,0,0,0
4736402,6dbaae09-f3c1-6470-3e9b-a46eb1a6e108,1,4728653,4728653,4736402,4735341,7749,7749,0,0,0,0
4739072,617bc3dc-bc7c-e2f9-9870-22bfb686583f,1,4736227,4736264,4739072,4737749,2808,2845,37,0,0,0
4739065,03cf13fd-3138-791f-8e82-3858f76b0cfb,1,4736227,4736264,4739065,4739773,2801,2838,37,0,0,0
4739056,e7fd1c75-1654-df72-6bac-d76ce6f302ce,1,4736227,4736264,4739056,4738570,2792,2829,37,0,0,0
4739093,68592ad9-2d3f-c89f-e002-8ba6a7982e0b,1,4736227,4736264,4739093,4738484,2829,2866,37,0,0,0
4739119,608c5061-ce32-1985-b1c8-c10bec0d6896,1,4736227,4736264,4739119,4738211,2855,2892,37,0,0,0
4739207,c36c6fe0-dc4c-2526-b32a-95609da68e55,1,4736227,4736264,4739207,4739762,2943,2980,37,0,0,0
4739239,00f77ee4-ce2a-cbb6-115d-d0b826631168,1,4736227,4736264,4739239,4738927,2975,3012,37,0,0,0
4739697,750c81de-6d88-78ec-6cc2-9194df2aa87e,1,4731945,4731958,4739697,4742866,7739,7752,13,0,0,0
4739739,fbadf5bb-30b8-4777-dee4-ce9f6def1ab0,1,4731960,4732018,4739739,4739670,7721,7779,58,0,0,0
4739748,42bd4edf-3f8e-ac41-8374-c51433472b3b,1,4731972,4732018,4739748,4738540,7730,7776,46,0,0,0
4739759,d6d31117-7e77-abdf-3283-bcda92e946c9,1,4731960,4732018,4739759,4736695,7741,7799,58,0,0,0
4740013,997441d7-ca00-ba1d-ce1c-e79d79b74016,1,4732285,4732318,4740013,4742626,7695,7728,33,0,0,0
4740074,8854bc87-8a60-f14a-f00a-e8fa5afb975d,1,4732265,4732318,4740074,4743305,7756,7809,53,0,0,0
4740082,2057406a-f47a-46bb-ec68-500c0b5fbad2,1,4732323,4732378,4740082,4742239,7704,7759,55,0,0,0
4740118,c5e8417d-db46-95d5-890e-b45583f1525e,1,4732344,4732378,4740118,4737557,7740,7774,34,0,0,0
4740093,2327479a-997d-3431-1c11-ffde9ec48454,1,4732344,4732378,4740093,4738770,7715,7749,34,0,0,0
4740215,6e2f7f71-6e1f-3e0a-e63e-2ffc86a57681,1,4732530,4732558,4740215,4737527,7657,7685,28,0,0,0
4740234,63bc1c09-316a-af4a-c07b-32cb7af41f8f,1,4732554,4732558,4740234,4742367,7676,7680,4,0,0,0
4740286,6e9fa084-6664-33fd-be08-17cbb79068f4,1,4732518,4732558,4740286,4737587,7728,7768,40,0,0,0
4740329,a89d094b-94b8-d651-81d8-5d67e94c4c83,1,4732595,4732618,4740329,4737813,7711,7734,23,0,0,0
4740288,4b171efd-e1b5-346f-adb3-89fee018be6b,1,4732603,4732618,4740288,4739235,7670,7685,15,0,0,0
4740355,2ca04b59-8440-5a46-cbf2-710669bd869f,1,4732605,4732618,4740355,4743229,7737,7750,13,0,0,0
4740482,8fd1bc2a-75c1-7c6a-d49a-9c836dca54cf,1,4732846,4732862,4740482,4741192,7620,7636,16,0,0,0
4740529,6adebef5-7b40-f189-fc27-f285c4abff60,1,4732806,4732862,4740529,4736746,7667,7723,56,0,0,0
4740593,969c8ae2-08eb-2e8b-1e2e-f6d027015e72,1,4732844,4732862,4740593,4738709,7731,7749,18,0,0,0
4740705,a08a93ba-ca2c-2be2-fd31-b02d2007b338,1,4733054,4733062,4740705,4737955,7643,7651,8,0,0,0
4740741,8767996d-c1b4-f4b2-7b0c-ac6ab4007e0a,1,4733127,4733182,4740741,4738570,7559,7614,55,0,0,0
4740732,aa88fc1b-3b6f-b503-c547-15ae5614a451,1,4733157,4733182,4740732,4737998,7550,7575,25,0,0,0
4740854,8bfd1eff-e52b-2d17-e66a-e8f0c8fbc293,1,4733178,4733182,4740854,4742234,7672,7676,4,0,0,0
4740943,a5591b25-1bf2-e087-1615-2ab18bbef839,1,4733158,4733182,4740943,4742423,7761,7785,24,0,0,0
4741014,6020cf76-7651-e441-7301-9b0f21ee8319,1,4733319,4733332,4741014,4742042,7682,7695,13,0,0,0
4741035,a6fa998d-8a91-0b94-4159-a3dc6fe11970,1,4733336,4733392,4741035,4738115,7643,7699,56,0,0,0
4741066,2a6aeb6c-9abd-68be-2a28-9421b7203691,1,4733337,4733392,4741066,4740532,7674,7729,55,0,0,0
4741079,fd913cb9-7575-b8d7-5220-6aea094f4ef4,1,4733337,4733392,4741079,4741237,7687,7742,55,0,0,0
4741080,fc7c43a1-fc8b-bcb2-71cc-5840a89129b1,1,4733411,4733452,4741080,4739687,7628,7669,41,0,0,0
4741113,7ac2aa1b-0720-d14c-0fc8-c060e8536a2e,1,4733413,4733452,4741113,4738568,7661,7700,39,0,0,0
4741206,9c840576-27e6-71c3-99ab-5b7e2b645dc3,1,4733494,4733512,4741206,4740926,7694,7712,18,0,0,0
4741289,d6d724a3-827b-7871-f757-9f309e622c4f,1,4733451,4733452,4741289,4738615,7837,7838,1,0,0,0
4741292,71a4cf22-b23d-8430-4293-eb05253c4262,1,4733585,4733585,4741292,4744348,7707,7707,0,0,0,0
4741507,4dbc8f35-d345-f907-1b39-c60b460c847e,1,4733836,4733877,4741507,4741616,7630,7671,41,0,0,0
4741520,7464c839-8bdb-577b-365b-4c33ce12024d,1,4733836,4733877,4741520,4741875,7643,7684,41,0,0,0
4741600,008b88a5-9c1a-5e35-7c8a-3888856c1f82,1,4733905,4733937,4741600,4737889,7663,7695,32,0,0,0
4741627,d0786fa1-8171-4bc3-55c3-2fdeff3b0287,1,4733817,4733817,4741627,4744260,7810,7810,0,0,0,0
4741632,d66173ce-c185-71dc-531b-194bb59a135e,1,4733981,4733997,4741632,4739868,7635,7651,16,0,0,0
4741745,3a03001a-4e40-efe6-4bbc-ca1323780708,1,4734104,4734117,4741745,4744658,7628,7641,13,0,0,0
4741785,5aa6382c-8d82-c1a6-9bb6-92ee0fc0dcf5,1,4734048,4734057,4741785,4743857,7728,7737,9,0,0,0
4741772,66eaa797-4155-f44b-2def-7f93edc9ebbb,1,4734103,4734117,4741772,4744893,7655,7669,14,0,0,0
4741771,bc1641eb-f90a-46bc-7beb-aa1717ed56c4,1,4734120,4734177,4741771,4744027,7594,7651,57,0,0,0
4741811,3b8c7da5-39ed-d70d-3bff-b5b6d72a03c0,1,4734161,4734177,4741811,4743104,7634,7650,16,0,0,0
4741839,2ba35440-7b8e-b2b7-b556-933d1d4734a1,1,4734166,4734177,4741839,4741876,7662,7673,11,0,0,0
4741895,4fbe1f20-fa46-4697-2024-6f6a74cd5af7,1,4734027,4734057,4741895,4744338,7838,7868,30,0,0,0
4741897,cb8ef391-1f17-20a6-b2d9-4aaecf0396d1,1,4734243,4734297,4741897,4745289,7600,7654,54,0,0,0
4741991,185c3e86-587a-11ad-0ca0-346f5a9a7bad,1,4734262,4734297,4741991,4741914,7694,7729,35,0,0,0
4742029,5e80bf26-92cf-8614-2362-7d231f9d2e7d,1,4734183,4734237,4742029,4744431,7792,7846,54,0,0,0
4742165,1ee55227-3f73-4eee-ba03-d198b89d87a7,1,4734517,4734517,4742165,4740624,7648,7648,0,0,0,0
4742211,02aa254f-64cd-54a9-c9e3-6307f32b6a35,1,4734472,4734517,4742211,4743076,7694,7739,45,0,0,0
4742186,78b2c507-eb35-676d-f94f-9ab5a71a4d9e,1,4734483,4734517,4742186,4743657,7669,7703,34,0,0,0
4742290,d4e0f3bf-add5-d6b7-4a19-0fbfbb3d71b5,1,4734479,4734517,4742290,4745694,7773,7811,38,0,0,0
4742431,fd2b2cd5-f24c-f421-78dd-9af3866f24eb,1,4734734,4734757,4742431,4740504,7674,7697,23,0,0,0
4742448,21f50f57-b278-55f3-e2c0-65d75ad68498,1,4734688,4734697,4742448,4744406,7751,7760,9,0,0,0
4742436,3c791636-d491-b44d-6186-07f8ed37664d,1,4734695,4734697,4742436,4744326,7739,7741,2,0,0,0
4742464,eb3e599f-9ffc-7aee-b1ae-df9c4ef5f7fb,1,4734727,4734757,4742464,4742137,7707,7737,30,0,0,0
4742468,83449101-7177-0844-6c88-7d7e30ae2926,1,4734794,4734817,4742468,4738934,7651,7674,23,0,0,0
4742706,4fc1bb45-12c1-10ca-5682-a8ec6b1d9200,1,4734942,4734997,4742706,4739716,7709,7764,55,0,0,0
4742792,5d8768a3-8ecc-fa51-9375-58d5413cef40,1,4735216,4735237,4742792,4744657,7555,7576,21,0,0,0
4742837,4b51e01f-57dd-c049-5943-df4c39279577,1,4735061,4735117,4742837,4743831,7720,7776,56,0,0,0
4742951,21243563-e2d8-a670-462a-de7ecfa9c86e,1,4735281,4735297,4742951,4741366,7654,7670,16,0,0,0
4742998,2cb8c184-d61f-0486-9986-3519b58196bb,1,4735262,4735297,4742998,4742067,7701,7736,35,0,0,0
4743126,b5975ddf-1d3e-ead1-4694-5a248f13716d,1,4735353,4735357,4743126,4745800,7769,7773,4,0,0,0
4743101,1c0cb687-7b98-60bc-e293-25bbc04f6dfd,1,4735423,4735477,4743101,4746248,7624,7678,54,0,0,0
4743102,f5f86392-406f-c781-c2ba-3933baed91f9,1,4735474,4735477,4743102,4746700,7625,7628,3,0,0,0
4743139,bcfcb8ee-c84e-ca0c-0826-d377d3ac907e,1,4735482,4735537,4743139,4745447,7602,7657,55,0,0,0
4743205,79e11c48-70b9-e0f6-e032-b5e6f0ff95cd,1,4735352,4735357,4743205,4744025,7848,7853,5,0,0,0
4743314,9f243ccb-6a5f-c051-307b-738b67f85205,1,4735699,4735717,4743314,4740302,7597,7615,18,0,0,0
4743346,ebe9843c-a411-4064-2b33-a8903b1d7055,1,4735699,4735717,4743346,4744518,7629,7647,18,0,0,0
4743359,6a926564-4c82-5744-ca22-e74ab3814072,1,4735701,4735717,4743359,4742317,7642,7658,16,0,0,0
4743322,781240c6-b095-9c35-1660-73f36a3eda90,1,4735707,4735717,4743322,4744753,7605,7615,10,0,0,0
4743449,d08378aa-53ef-50d9-1039-650b4fc157fb,1,4735801,4735837,4743449,4742094,7612,7648,36,0,0,0
4743492,4638a157-5d5c-d20e-d2ff-259b064df700,1,4735719,4735777,4743492,4746471,7715,7773,58,0,0,0
4743496,49e87294-4d07-80d0-abf4-8f5b9876232d,1,4735848,4735897,4743496,4744239,7599,7648,49,0,0,0
4743584,fadc5f0a-317d-cfa8-1461-8901b1b3b03b,1,4735736,4735777,4743584,4744774,7807,7848,41,0,0,0
4743597,73178c5e-019c-f4e1-b146-9bb9473ea95f,1,4735886,4735897,4743597,4746931,7700,7711,11,0,0,0
4743577,2ebb474e-3944-e152-6348-1e5a105f17c5,1,4735964,4735964,4743577,4740836,7613,7613,0,0,0,0
4743618,6eb7b253-0a49-21f5-f89c-012dcc1e8968,1,4735851,4735897,4743618,4740359,7721,7767,46,0,0,0
4743648,9e0963f9-2a57-5f21-2ecc-e7612466bb13,1,4735885,4735897,4743648,4739717,7751,7763,12,0,0,0
4743689,cfef5d6c-740f-6752-a59e-67ff14e80cd9,1,4736021,4736024,4743689,4740032,7665,7668,3,0,0,0
4743762,074abc71-b82b-6812-8a8d-7eccebc33760,1,4736045,4736084,4743762,4742019,7678,7717,39,0,0,0
4743763,b05a24ca-a827-3de1-8104-148e99b40f60,1,4736080,4736084,4743763,4741671,7679,7683,4,0,0,0
4743810,be3c3d47-3a13-4fd1-6637-c2df2a2a47a3,1,4736126,4736144,4743810,4747185,7666,7684,18,0,0,0
4743910,7950c6fe-1383-ac6a-e016-1c6894f07bd2,1,4736153,4736204,4743910,4743314,7706,7757,51,0,0,0
4743903,1c6d5cc6-75fa-56a2-5537-cb88491a31cb,1,4736212,4736264,4743903,4742022,7639,7691,52,0,0,0
4743924,1b75614f-aa08-5677-32e6-af5816879c67,1,4736192,4736204,4743924,4744354,7720,7732,12,0,0,0
4743920,46d1fc5c-bb9e-8e6f-c141-7f0e4d7569a6,1,4736211,4736264,4743920,4746640,7656,7709,53,0,0,0
4743938,96f098dc-7413-e1e8-ba9c-a1890a66c4f7,1,4736245,4736264,4743938,4744200,7674,7693,19,0,0,0
4744117,023d5ffc-bfe1-4a7a-7a53-8d7fc797e0f3,1,4736482,4736522,4744117,4745917,7595,7635,40,0,0,0
4744211,666411d9-37ae-6469-03d8-152588662609,1,4736437,4736462,4744211,4742822,7749,7774,25,0,0,0
5055257,21c11202-706d-887c-952e-2771cb6c81b6,4,5054039,5054039,5055257,5055257,1218,1218,0,0,0,0
5055438,511367d5-b3a7-259f-2b41-90c5382e50f0,4,5054349,5054374,5055438,5055535,1064,1089,25,0,0,0
5055438,08b0a7dd-66cb-a6bd-b68f-180a53f8f29c,4,5054354,5054374,5055438,5055524,1064,1084,20,0,0,0
5055473,8a774817-6309-a6ed-76b0-dec94d19b451,4,5054119,5054119,5055473,5055307,1354,1354,0,0,0,0
5055510,8d989790-8b10-40be-1b0e-3aa316e5b6a6,4,5054275,5054314,5055510,5055120,1196,1235,39,0,0,0
5055598,ddfcdf94-cf04-5b80-b5f1-fab69ef2f1c8,4,5054349,5054374,5055598,5055454,1224,1249,25,0,0,0
5055661,0a9c68de-4169-25c4-429c-521e3486abd0,4,5054441,5054494,5055661,5055056,1167,1220,53,0,0,0
5055714,513fa075-759d-fb3f-10fb-20d21904774e,4,5054194,5054194,5055714,5056237,1520,1520,0,0,0,0
5055775,6cbc1aef-f466-bbd6-57a9-950c8e461cd1,4,5054651,5054674,5055775,5055710,1101,1124,23,0,0,0
5055869,45c4bf89-9179-d425-01f0-44c41625180d,2,5054356,5054374,5055869,5055946,1495,1513,18,0,0,0
5055929,74a85d90-494d-f681-4393-ceb80e2397dd,4,5054495,5054554,5055929,5055375,1375,1434,59,0,0,0
5055999,bb997da4-7f5b-e781-47ba-5d5081c4b4cf,4,5054404,5054434,5055999,5055504,1565,1595,30,0,0,0
5056048,ea4e4042-a4f7-d210-ef87-244025010f9e,4,5054565,5054614,5056048,5055903,1434,1483,49,0,0,0
5056053,ce76a365-16bf-9177-b142-282f8f4eddd1,2,5054275,5054314,5056053,5055803,1739,1778,39,0,0,0
5056035,615abe5f-316f-4043-3d49-362ea9d5154f,2,5054482,5054494,5056035,5056191,1541,1553,12,0,0,0
5056058,acde0396-b372-ec80-628c-4048d3b2a105,1,5054206,5054254,5056058,5055766,1804,1852,48,0,0,0
5056090,edbbf695-185c-91fd-33c3-d82deb3bbe4c,1,5054214,5054254,5056090,5055977,1836,1876,40,0,0,0
5056101,17e1525c-87f8-bf79-a001-c0a2dd26a8e8,1,5054281,5054314,5056101,5055935,1787,1820,33,0,0,0
5056144,e9cb5776-51d5-8043-cf0c-9fbe8f700a96,2,5054589,5054614,5056144,5056857,1530,1555,25,0,0,0
5056207,87622fae-ac3e-9bb3-aec8-705ef4aa13b1,1,5054419,5054434,5056207,5055349,1773,1788,15,0,0,0
5056364,22d4a739-16fb-37d8-1bcd-edb000ff5a60,4,5054587,5054614,5056364,5056520,1750,1777,27,0,0,0
5056414,855c4d41-a41c-323c-e67f-58115a040879,2,5054434,5054434,5056414,5055902,1980,1980,0,0,0,0
5056469,2fc697e7-d66e-98f7-7859-6aa4e4ff619e,4,5054509,5054554,5056469,5055922,1915,1960,45,0,0,0
5056432,d8a8b169-0bc1-1008-7b8e-858f3d2aad69,4,5054558,5054614,5056432,5055682,1818,1874,56,0,0,0
5056551,4664606a-77e8-be33-7714-65d608f806f9,1,5054416,5054434,5056551,5055483,2117,2135,18,0,0,0
5056712,db491ca6-b0c3-bc62-9100-b08e77ea26f0,1,5054649,5054674,5056712,5057243,2038,2063,25,0,0,0
5056826,6b031a0b-f7d8-5067-49b2-bcb4ccc0bc32,1,5054265,5054314,5056826,5055576,2512,2561,49,0,0,0
5056866,1f425d9b-a327-ac20-39f3-3af7b59d2b87,1,5054206,5054254,5056866,5057167,2612,2660,48,0,0,0
5056861,1105f190-c356-bb2b-e0bb-4e83e9fe39a1,1,5054336,5054374,5056861,5056879,2487,2525,38,0,0,0
5056960,dbddc563-fc2f-09d4-4ba5-422568955c4f,1,5054435,5054494,5056960,5056343,2466,2525,59,0,0,0
5057072,bc78cb61-bd4e-d487-4e3f-86e98186339b,2,5054582,5054614,5057072,5057689,2458,2490,32,0,0,0
5057348,014bba62-319b-b848-a42e-342cc1f6fe9b,1,5054271,5054314,5057348,5056629,3034,3077,43,0,0,0
5057384,cfffaadf-cbf5-be48-af81-a075d847fc58,1,5054269,5054314,5057384,5056041,3070,3115,45,0,0,0
5057385,e21045a7-d510-9d8d-faff-49775bff3c8c,1,5054277,5054314,5057385,5056910,3071,3108,37,0,0,0
5057382,318d5c27-c64c-07de-1a6e-718be276953b,1,5054332,5054374,5057382,5058534,3008,3050,42,0,0,0
5057848,2558b863-7641-3e20-df0a-717671d64a17,1,5054211,5054254,5057848,5056037,3594,3637,43,0,0,0
5057896,82f006da-eee1-eff9-89f3-a53ffe8994f2,1,5054197,5054254,5057896,5058657,3642,3699,57,0,0,0
5057988,f8bf7eb0-de0f-0854-21e9-93d1fbf8ebdc,1,5054422,5054434,5057988,5059527,3554,3566,12,0,0,0
5058087,5ad75d50-81eb-34a7-3aa7-48f27dbf5a4a,1,5054590,5054614,5058087,5056687,3473,3497,24,0,0,0
5058179,50f3ce61-bf7a-c4b9-708b-9fd152b8741a,1,5054499,5054554,5058179,5059330,3625,3680,55,0,0,0
5061517,45158d3f-114f-809c-c5ec-9498aabd14f1,4,5057729,5057729,5061517,5063026,3788,3788,0,0,0,0
5061562,797da601-0884-5c9b-f6ad-ce5964441695,4,5057729,5057729,5061562,5060841,3833,3833,0,0,0,0
5061554,f4be5f7b-48ef-257a-74c3-56920576c7e9,4,5057736,5057789,5061554,5060020,3765,3818,53,0,0,0
5061554,ad27874d-acac-b625-3817-ab0422b350c3,4,5057737,5057789,5061554,5062255,3765,3817,52,0,0,0
5061573,3cd41cae-19b8-b349-23ae-088b070f26e6,4,5057740,5057789,5061573,5063088,3784,3833,49,0,0,0
5061612,2e4959bd-df53-de6c-936f-c41dd4f292fa,4,5057729,5057729,5061612,5062911,3883,3883,0,0,0,0
5061615,9b37da4d-08d1-61a0-bcb4-bc0674ed3b17,4,5057732,5057789,5061615,5060369,3826,3883,57,0,0,0
5061615,f046f3db-ffb1-fb05-1f59-0257a66fa60e,4,5057734,5057789,5061615,5061930,3826,3881,55,0,0,0
5061615,060a90f0-7823-fed1-c6d7-30b5c897322c,4,5057734,5057789,5061615,5060572,3826,3881,55,0,0,0
5061596,55fdc5aa-e2b9-3d9f-8485-7baa8a6d9425,4,5057735,5057789,5061596,5060722,3807,3861,54,0,0,0
5061585,fe290032-68c3-b565-65e2-e0176ed26dba,4,5057738,5057789,5061585,5059639,3796,3847,51,0,0,0
5061615,8940b0f4-6f4c-760c-fa0b-2f0687657d10,4,5057740,5057789,5061615,5062643,3826,3875,49,0,0,0
5061696,d8bdc424-d7af-be04-da28-8ccb543dc024,4,5057729,5057729,5061696,5061769,3967,3967,0,0,0,0
5061646,f92bbf6b-3d80-4d1e-c7d1-728d1eaca8dd,4,5057731,5057789,5061646,5060673,3857,3915,58,0,0,0
5061888,9ab25a43-58fd-8c8a-ba1b-8f2fbbb001b4,4,5057731,5057789,5061888,5061163,4099,4157,58,0,0,0
5084098,b98abe5f-6cbf-31fb-177b-e9e63739fcb7,1,5059393,5059393,5084098,5088986,24705,24705,0,0,0,0
5084173,a3c327bf-9445-8265-360d-6f1542d33b9d,1,5059463,5059463,5084173,5096130,24710,24710,0,0,0,0
5084215,4b1cf2c7-c9da-7c6a-23e8-ac407d898e7a,1,5059485,5059523,5084215,5089425,24692,24730,38,0,0,0
5084270,ce5921cf-0b07-0183-5aff-473ff709a3eb,1,5059573,5059583,5084270,5076567,24687,24697,10,0,0,0
5084375,a80acc8d-7a7b-f270-43e4-4f57856b1d9b,1,5059469,5059523,5084375,5083932,24852,24906,54,0,0,0
5084403,8777c32c-71fc-0ef5-2173-2ba1a5d4d562,1,5059658,5059658,5084403,5087559,24745,24745,0,0,0,0
5084516,d714f00a-c6fc-f395-0e05-985231b1cf87,1,5059662,5059718,5084516,5092083,24798,24854,56,0,0,0
5139441,1ac409f0-c120-25cf-7191-f7509d062182,1,5130366,5130416,5139441,5137347,9025,9075,50,0,0,0
5139497,a5cc005b-1919-4cce-12cd-153307b4625e,1,5130370,5130416,5139497,5143516,9081,9127,46,0,0,0
5139542,5fb0abd2-0dc9-ff83-ddb1-2a8c603e75db,1,5130356,5130356,5139542,5142744,9186,9186,0,0,0,0
5139512,02b6c0e1-17fd-e252-ddb9-599398e027ff,1,5130365,5130416,5139512,5141824,9096,9147,51,0,0,0
5139632,15b496bd-085a-f964-d2fc-f8215d59b2a3,1,5130364,5130416,5139632,5141553,9216,9268,52,0,0,0
5139646,7348ee36-f769-e23c-b533-16bbe9b92baa,1,5130358,5130416,5139646,5135922,9230,9288,58,0,0,0
5139665,4a593355-5103-b1ba-9243-c5ba6171dc26,1,5130389,5130416,5139665,5136871,9249,9276,27,0,0,0
5139643,12779d6a-d9e4-72dd-b623-e05bf126771a,1,5130397,5130416,5139643,5136787,9227,9246,19,0,0,0
5139699,26537783-4557-15bc-6329-bfd9d5a19fbc,1,5130398,5130416,5139699,5142473,9283,9301,18,0,0,0
5139795,42ab0124-4c0e-6f69-ddd2-e9604dbd0009,1,5130370,5130416,5139795,5139078,9379,9425,46,0,0,0
5139778,028d13ab-c33b-7e68-6250-98820fc0cad1,1,5130371,5130416,5139778,5135462,9362,9407,45,0,0,0
5139950,607c906c-ecce-b989-ad2b-a597d92b1c95,1,5130370,5130416,5139950,5137314,9534,9580,46,0,0,0
5140372,257ebdf1-49e3-1fe7-1bca-5095442f6014,1,5130387,5130416,5140372,5139295,9956,9985,29,0,0,0
5140399,afabce11-bd01-44a9-5318-9ffa8acb77d2,1,5130373,5130416,5140399,5142829,9983,10026,43,0,0,0
5140460,1a5decc1-ad91-9f7d-4566-b18c052f26b1,1,5130371,5130416,5140460,5136916,10044,10089,45,0,0,0
5140450,68b6aac2-311e-6f27-451f-f7a396595fc9,1,5130387,5130416,5140450,5144179,10034,10063,29,0,0,0
5140508,d90892d5-6de2-ea64-606a-41055e7487e6,1,5130363,5130416,5140508,5141216,10092,10145,53,0,0,0
5140590,d8834d47-5329-e0e2-18d2-acf21b3b8814,1,5130380,5130416,5140590,5144530,10174,10210,36,0,0,0
5140690,f08cb65a-b391-7a74-a9f4-65ef73bbc4c7,1,5130378,5130416,5140690,5139535,10274,10312,38,0,0,0
5140721,9974f598-d41a-9908-06af-9df852d5fe5c,1,5130357,5130416,5140721,5140532,10305,10364,59,0,0,0
5140715,82df0b2d-491e-cb03-d9d7-30145b8f4af4,1,5130374,5130416,5140715,5142806,10299,10341,42,0,0,0
5140789,3f95a389-b310-9fc3-060e-8096ba41adc6,1,5130394,5130416,5140789,5144926,10373,10395,22,0,0,0
5140780,804a89a4-1195-f591-bc4a-a3a263e3ca6a,1,5130396,5130416,5140780,5138273,10364,10384,20,0,0,0
5140887,db7c5730-971d-b14c-8cd2-e4f50589ec51,1,5130376,5130416,5140887,5141904,10471,10511,40,0,0,0
5142694,94e11193-5b11-0d94-81fb-f95ef44cf310,1,5130392,5130416,5142694,5146364,12278,12302,24,0,0,0
5142734,501f8252-b4f4-a510-51f5-14ccc786a0aa,1,5130379,5130416,5142734,5137929,12318,12355,37,0,0,0
5142767,531ceaba-bdeb-0d10-1aee-17e9cce120ce,1,5130358,5130416,5142767,5144110,12351,12409,58,0,0,0
5142792,9fff35f1-675e-2a27-18b5-ba7dc72e3f1d,1,5130367,5130416,5142792,5138545,12376,12425,49,0,0,0
5142781,dcb1de4d-e7ba-e6ee-f5b6-3c7189327b2d,1,5130380,5130416,5142781,5145363,12365,12401,36,0,0,0
5142796,269df9e3-31d5-0934-451f-ff9f651198cd,1,5130384,5130416,5142796,5143476,12380,12412,32,0,0,0
5142756,de6b9f73-41bf-fe23-188d-bf501dc9c4f1,1,5130395,5130416,5142756,5147981,12340,12361,21,0,0,0
5142858,6c0ef285-286f-8740-72e0-f9109d7ad2e4,1,5130377,5130416,5142858,5146851,12442,12481,39,0,0,0
5142917,fb965a73-8013-d624-2d41-f35111eaa822,1,5130394,5130416,5142917,5144723,12501,12523,22,0,0,0
5143046,bfaaa5cb-3028-b92e-8d3e-e82c10dc8951,1,5130378,5130416,5143046,5144972,12630,12668,38,0,0,0
5143087,118a4dd2-e9ab-66d4-706d-9e735fca8e12,1,5130368,5130416,5143087,5144537,12671,12719,48,0,0,0
5143187,ae30ecb1-2c31-09ff-6f03-35dcce373e1d,1,5130388,5130416,5143187,5144794,12771,12799,28,0,0,0
5143803,9b5f5b39-672d-7e42-925e-f44bcb492476,1,5130370,5130416,5143803,5150377,13387,13433,46,0,0,0
5143855,4618b0c5-d417-6125-dc08-d8ddcc744f2e,1,5130356,5130356,5143855,5149392,13499,13499,0,0,0,0
5143817,62897434-fdaa-dccd-6d88-0a88ff592f4b,1,5130367,5130416,5143817,5138905,13401,13450,49,0,0,0
5143873,93ee737d-c54d-353e-9186-03e47308fb6c,1,5130382,5130416,5143873,5146718,13457,13491,34,0,0,0
5143894,d3d11326-9a67-3fe5-89e0-b18b868ca167,1,5130390,5130416,5143894,5145882,13478,13504,26,0,0,0
5144020,01e64ad3-cbd6-1cfd-afe4-ad90ca7c3127,1,5130387,5130416,5144020,5150171,13604,13633,29,0,0,0
5144020,4e4a89a8-e8da-26f9-4e5c-2b894716ce11,1,5130392,5130416,5144020,5141149,13604,13628,24,0,0,0
5144047,2b19a62b-6a29-5f03-4feb-d75e4880b8fa,1,5130356,5130356,5144047,5149117,13691,13691,0,0,0,0
5144054,5cd110fa-f433-0ccc-819a-ad3ca70f51c2,1,5130374,5130416,5144054,5143142,13638,13680,42,0,0,0
5144197,7a8f6407-1da5-627a-18c0-013d5832d182,1,5130387,5130416,5144197,5148264,13781,13810,29,0,0,0
5144385,2a42dc3e-4104-0c1f-fe9f-2768f8714566,1,5130360,5130416,5144385,5146173,13969,14025,56,0,0,0
5144629,09c6e178-c277-8d4b-4bd3-0a9024ed5794,1,5130356,5130356,5144629,5150485,14273,14273,0,0,0,0
5151030,31d712aa-34e3-b522-3312-4d88d25ed5f7,1,5094242,5094242,5151030,5158806,56788,56788,0,0,0,0
5151030,90da850c-6a5e-54f9-60a9-118c6725b98c,1,5094316,5094362,5151030,5157562,56668,56714,46,0,0,0
5151293,649bb2eb-1a6a-9ebf-82aa-18c8b3ded515,1,5094247,5094302,5151293,5155545,56991,57046,55,0,0,0
5151321,b7a7ab99-0053-9695-24d8-35a3f200ff0a,1,5094255,5094302,5151321,5123251,57019,57066,47,0,0,0
5151343,9f1e725d-a480-7bf1-7c23-a5f72fd9577c,1,5094256,5094302,5151343,5139355,57041,57087,46,0,0,0
5151506,fc534487-71e7-53e0-e61f-6cfe29435a8a,1,5094294,5094302,5151506,5138096,57204,57212,8,0,0,0
5151563,94cd80f9-f220-0b4a-6b9a-bb141d13f93f,1,5094243,5094302,5151563,5175901,57261,57320,59,0,0,0
5151557,6273746e-cf59-d6f4-7bb8-67e6965726fe,1,5094249,5094302,5151557,5158305,57255,57308,53,0,0,0
5151647,04ddbb5c-28d5-3fd8-c4f0-2c8f45f11bbd,1,5094269,5094302,5151647,5134283,57345,57378,33,0,0,0
5151690,725a9140-5f02-21e7-3ba6-dc936ea229ad,1,5094265,5094302,5151690,5139118,57388,57425,37,0,0,0
5151704,d48fcb4f-b17d-2690-ba16-bb4bd9e0e9f4,1,5094267,5094302,5151704,5161273,57402,57437,35,0,0,0
5151696,7aa927ef-7c8d-f0ce-43ed-56e14c68d215,1,5094271,5094302,5151696,5129057,57394,57425,31,0,0,0
5151668,b82b97c2-4c96-c79e-11f5-e4366792f70b,1,5094298,5094302,5151668,5157374,57366,57370,4,0,0,0
5151753,6bb423fb-a6a5-f7bc-494e-5ac2baabd1d2,1,5094287,5094302,5151753,5154446,57451,57466,15,0,0,0
5151740,68c5a259-ed08-7f51-b743-2f9d06e2d18c,1,5094306,5094362,5151740,5153262,57378,57434,56,0,0,0
5151808,a57cd9dc-175a-c423-eaf7-410fea04ce07,1,5094271,5094302,5151808,5126581,57506,57537,31,0,0,0
5151807,b7285ff4-265f-8a10-ae0d-ff0eca4d11c0,1,5094275,5094302,5151807,5172582,57505,57532,27,0,0,0
5151880,017b868c-af98-eb89-60fc-f958fabc45ed,1,5094261,5094302,5151880,5125720,57578,57619,41,0,0,0
5151831,ef408fe8-cdca-a84d-ec85-7017a8744928,1,5094313,5094362,5151831,5168385,57469,57518,49,0,0,0
5152030,129cf8d9-82bc-25e8-0815-5721113cbb5c,1,5094274,5094302,5152030,5142893,57728,57756,28,0,0,0
5181612,4d7a69be-0a74-9973-bf89-762cf91f546c,1,5094247,5094302,5181612,5214730,87310,87365,55,0,0,0
5181896,1aba0299-e2b4-b023-6191-c714df79e479,1,5094242,5094242,5181896,5160274,87654,87654,0,0,0,0
5181984,598ca3f3-c597-1d37-0fb9-00f995f13e18,1,5094251,5094302,5181984,5216667,87682,87733,51,0,0,0
5182215,e53402de-058a-8565-183a-6c6c2486cc5d,1,5094260,5094302,5182215,5212945,87913,87955,42,0,0,0
5182321,2b24b576-95a5-0725-d801-8c43c9a7e20b,1,5094243,5094302,5182321,5143618,88019,88078,59,0,0,0
5182332,4042a661-40d5-74d6-9dfc-e498676790c0,1,5094262,5094302,5182332,5217762,88030,88070,40,0,0,0
5182351,4a3de0e3-5b91-cb54-d584-3f4bb05be11e,1,5094264,5094302,5182351,5207864,88049,88087,38,0,0,0
5182461,392aec15-5e59-01b7-24e3-8bda4072d1fa,1,5094252,5094302,5182461,5201331,88159,88209,50,0,0,0
5182497,409a05b0-3707-9533-e802-10a96a938ce2,1,5094245,5094302,5182497,5188248,88195,88252,57,0,0,0
5182644,5cdfd73e-277a-2e54-bcf5-6c9e4cdd6a26,1,5094259,5094302,5182644,5176450,88342,88385,43,0,0,0
5182873,ad7ac5a0-aa4f-08bb-0b28-75b4d1693d82,1,5094255,5094302,5182873,5224801,88571,88618,47,0,0,0
5183100,84f52d8d-7ddd-b24a-a0bd-16957cfabaee,1,5094306,5094362,5183100,5162448,88738,88794,56,0,0,0
5183108,7c7b9b93-b1dd-4406-7e82-ae6bf4117f54,1,5094282,5094302,5183108,5160264,88806,88826,20,0,0,0
5183118,9e5e9ec8-967a-c86c-61f3-d844abc7cbea,1,5094311,5094362,5183118,5220080,88756,88807,51,0,0,0
5183335,a1192ab6-1baa-8a9b-e0c0-7f199fe0b580,1,5094299,5094302,5183335,5183049,89033,89036,3,0,0,0
5183374,39915bfc-cd52-6e64-b9c6-8fd7339f29de,1,5094279,5094302,5183374,5188147,89072,89095,23,0,0,0
5183425,05766033-ff82-fc30-d034-b889953e4cbd,1,5094271,5094302,5183425,5211240,89123,89154,31,0,0,0
5183493,74cb902a-97ba-4c9c-2046-02ddd5788ef6,1,5094307,5094362,5183493,5157004,89131,89186,55,0,0,0
5183959,ef7d50f5-fbfd-24e6-d134-e1ce219b160c,1,5094287,5094302,5183959,5171210,89657,89672,15,0,0,0
