time,job_id,num_gpu,submit_time,start_time,end_time,ddl,executed_time,JCT,pending_time,preempt,promote,best_effort_job
1934475,965d744f-0445-c1a8-12af-97e4c536c66e,64,1932025,1932025,1934475,1933904,2450,2450,0,0,0,0
2002113,fb10987f-20ac-3703-eb67-146a77a6e17c,1,2000581,2000581,2002113,2002204,1532,1532,0,0,0,0
2015485,9e11d2cd-0930-aef6-8a80-068ddf547e50,1,2013937,2013937,2015485,2015386,1548,1548,0,0,0,0
2015744,8ac8ad93-7e02-921d-f86b-543ae1b243cc,1,2014133,2014133,2015744,2016513,1611,1611,0,0,0,0
2015976,6d39da75-aee7-0ab2-61fa-8e7a078c26ce,1,2014224,2014224,2015976,2016444,1752,1752,0,0,0,0
2015977,5d696bc8-dc54-d59b-86bb-42c7d8b2f8b6,1,2014236,2014284,2015977,2015988,1693,1741,48,0,0,0
2016050,6dd49c96-6744-cb9e-6ded-cba5a22c3d4f,1,2014364,2014364,2016050,2016174,1686,1686,0,0,0,0
2016151,3dba6da8-5844-f9fc-114b-9547c9dc72b8,1,2014419,2014424,2016151,2015619,1727,1732,5,0,0,0
2016321,0534a101-8ddc-e719-81f3-8dd4fd034ada,1,2014678,2014678,2016321,2016533,1643,1643,0,0,0,0
2016308,62e7c1a6-12d2-fa06-49e1-cd138da00495,1,2014707,2014738,2016308,2015663,1570,1601,31,0,0,0
2016361,a8addf36-ddf2-75eb-e8a3-f341c8819065,1,2014707,2014738,2016361,2016013,1623,1654,31,0,0,0
2016514,ffa361be-0f92-40e1-07f9-7d05f6ca6b8b,1,2014858,2014858,2016514,2016633,1656,1656,0,0,0,0
2016630,1375ee90-d6b3-61e4-3b6d-ca0d6fe5040b,1,2014907,2014918,2016630,2016457,1712,1723,11,0,0,0
2016630,2b1ac76c-89ec-bc51-98cb-aa5247f53019,1,2014907,2014918,2016630,2017096,1712,1723,11,0,0,0
2016729,c1d48a10-1b96-8925-5682-d038b77f69b9,1,2015118,2015154,2016729,2016141,1575,1611,36,0,0,0
2016749,bf8e8bfa-a0c9-da72-368a-cd40b8f14e3c,1,2015034,2015034,2016749,2015912,1715,1715,0,0,0,0
2016841,d6d7b3b8-3309-4d35-3f4d-f561f319c125,1,2015093,2015094,2016841,2017382,1747,1748,1,0,0,0
2016817,14e4180c-fe99-36a3-62db-c8503c5bf3a7,1,2015112,2015154,2016817,2016322,1663,1705,42,0,0,0
2016804,980b6853-0c70-31eb-9f85-c2dd88e44a48,1,2015117,2015154,2016804,2017530,1650,1687,37,0,0,0
2016820,033d2bce-575a-ed2c-a5c5-650c8186a576,1,2015166,2015214,2016820,2016391,1606,1654,48,0,0,0
2016911,fd235def-3e5a-87e3-5560-db22c96b5edb,1,2015256,2015274,2016911,2017574,1637,1655,18,0,0,0
2016914,12d15585-b68e-47fa-3f17-5534cc4d5819,1,2015248,2015274,2016914,2017327,1640,1666,26,0,0,0
2016926,f480b91e-700e-0efc-e4ff-c31a5b86ea69,1,2015248,2015274,2016926,2017148,1652,1678,26,0,0,0
2017089,4e7ed827-455a-c762-7428-a656b3ee4d3b,1,2015443,2015443,2017089,2017821,1646,1646,0,0,0,0
2017129,497ec6d1-081f-c6dc-78d9-a88aef0bea4f,1,2015479,2015503,2017129,2016424,1626,1650,24,0,0,0
2017117,2ad11fe8-7d1b-695e-71a0-449dd703262f,1,2015479,2015503,2017117,2016367,1614,1638,24,0,0,0
2017162,ccf4ffb0-b4bb-a73f-ac70-51d1d051267f,1,2015590,2015590,2017162,2016696,1572,1572,0,0,0,0
2017395,37f25d36-8bdd-cee3-70fd-6672b80f16c5,1,2015761,2015804,2017395,2017527,1591,1634,43,0,0,0
2017421,cc152a1b-e278-9642-a484-e035330faaa3,1,2015754,2015804,2017421,2017430,1617,1667,50,0,0,0
2017423,c63d04ee-541c-7a86-3ba5-cd2fdea45c19,1,2015815,2015864,2017423,2017170,1559,1608,49,0,0,0
2017522,6d204496-66d0-6371-d8e8-8ebb7a9e8eef,1,2015877,2015924,2017522,2016840,1598,1645,47,0,0,0
2017592,5bd93609-b297-a782-bcf4-74aace63cb1a,1,2015962,2015984,2017592,2017710,1608,1630,22,0,0,0
2017638,cfa701cd-2631-d00b-26d7-94d30db95301,1,2015960,2015984,2017638,2017370,1654,1678,24,0,0,0
2017623,7580e4e9-5945-0186-da01-8d296060b1eb,1,2015974,2015984,2017623,2016985,1639,1649,10,0,0,0
2017661,0e0630cd-996d-5c50-fc04-a168652ffb49,1,2015990,2016044,2017661,2016874,1617,1671,54,0,0,0
2017771,90ce77e9-7513-03b9-c7de-96ea2b0fbe44,1,2016071,2016104,2017771,2018511,1667,1700,33,0,0,0
2017748,7118e364-7709-7749-527e-ecfaa79ac9aa,1,2016138,2016164,2017748,2017919,1584,1610,26,0,0,0
2017747,f6ff3521-c225-0530-952a-53459682d9ff,1,2016151,2016164,2017747,2017011,1583,1596,13,0,0,0
2017819,668c879b-d2dc-42c8-32b8-d8aa21768dd7,1,2016132,2016164,2017819,2017401,1655,1687,32,0,0,0
2017815,292bd156-db94-6570-1ac7-0ec0ab8ddeb4,1,2016147,2016164,2017815,2018087,1651,1668,17,0,0,0
2017896,2c6a6e9a-3280-67a1-4187-222b257d5e52,1,2016197,2016224,2017896,2017785,1672,1699,27,0,0,0
2017945,01bb819c-4dfe-1117-22af-711f1b628a9d,1,2016187,2016224,2017945,2017262,1721,1758,37,0,0,0
2018005,9fd34579-4667-72ce-204e-178c10d08d11,1,2016265,2016284,2018005,2017243,1721,1740,19,0,0,0
2017995,b576255e-9854-9f22-2102-f9c964575bc4,1,2016283,2016284,2017995,2017446,1711,1712,1,0,0,0
2028172,af70de70-2b69-c95e-8567-1b58926bffa5,1,2026464,2026464,2028172,2027488,1708,1708,0,0,0,0
2028264,8567c805-34f5-41c0-c8c5-eb2a7490adeb,1,2026511,2026524,2028264,2027791,1740,1753,13,0,0,0
2028279,ec50ace4-80a5-2e65-afa2-855967c96204,1,2026487,2026524,2028279,2028445,1755,1792,37,0,0,0
2028279,71efe72a-ae13-591e-84fa-4c7239e7a4f1,1,2026487,2026524,2028279,2028678,1755,1792,37,0,0,0
2028281,32a447b2-ef04-e57d-cdcc-c33aa9434aa0,1,2026508,2026524,2028281,2027689,1757,1773,16,0,0,0
2028278,45f18619-54f9-0429-a7de-02ccdda4f4a7,1,2026584,2026584,2028278,2028252,1694,1694,0,0,0,0
2028361,95831d58-ef4c-5119-8da5-d39b42c21797,1,2026509,2026524,2028361,2028540,1837,1852,15,0,0,0
2028361,4aea1b8f-b43c-de0a-fa9f-c10e52daf681,1,2026510,2026524,2028361,2028979,1837,1851,14,0,0,0
2028384,f2c84743-9027-e770-2460-d0d2904883c1,1,2026510,2026524,2028384,2028648,1860,1874,14,0,0,0
2028366,d867888b-7ff6-b824-152a-eaec2bdfcb41,1,2026515,2026524,2028366,2028393,1842,1851,9,0,0,0
2028382,e2add909-c521-bf2d-dc45-d539c03f3538,1,2026516,2026524,2028382,2028670,1858,1866,8,0,0,0
2028383,e2aa7a5d-278e-d00d-ba02-66efbe055787,1,2026518,2026524,2028383,2027851,1859,1865,6,0,0,0
2028373,48ca7651-92f5-df7b-0323-d342df6a8f93,1,2026520,2026524,2028373,2028105,1849,1853,4,0,0,0
2028383,2fb21e66-7ed1-7aab-c9b7-c9bc65a16fa9,1,2026521,2026524,2028383,2027552,1859,1862,3,0,0,0
2028400,8412a335-d88c-656d-b61e-5fdb1a435206,1,2026518,2026524,2028400,2028308,1876,1882,6,0,0,0
2028406,7cea2045-c268-283e-e32f-2e63b7fddd71,1,2026527,2026584,2028406,2027924,1822,1879,57,0,0,0
2028437,3f8c1097-c4da-2c2e-1bff-a27915c1604f,1,2026527,2026584,2028437,2028388,1853,1910,57,0,0,0
2028437,59b9222c-115a-ffac-b173-fcdf3fe1e8f3,1,2026527,2026584,2028437,2027556,1853,1910,57,0,0,0
2028395,493e904d-30ec-2796-a59b-457fc0d7ac73,1,2026529,2026584,2028395,2028521,1811,1866,55,0,0,0
2028424,b89f72f3-2a60-c652-e714-7668cf1d7d3a,1,2026535,2026584,2028424,2028079,1840,1889,49,0,0,0
2028404,19b17e80-dea4-ae17-54fd-9ad39716108e,1,2026578,2026584,2028404,2029175,1820,1826,6,0,0,0
2028404,9d66e815-5a41-53b3-e95f-176cdebac186,1,2026578,2026584,2028404,2028613,1820,1826,6,0,0,0
2030590,01bf9e73-3f80-0385-ef92-40b652d78f10,1,2028953,2028953,2030590,2030499,1637,1637,0,0,0,0
2030625,e3082ddc-c9c0-4b7d-6ba4-170b4e9d23e9,1,2028954,2029013,2030625,2030820,1612,1671,59,0,0,0
2030674,1f8b4af1-96bc-532d-ac11-7babd6642fe8,1,2028962,2029013,2030674,2030739,1661,1712,51,0,0,0
2030667,64880945-ad1d-b537-d7f3-4368c2efeecb,1,2028978,2029013,2030667,2030159,1654,1689,35,0,0,0
2030668,42378962-e4fd-6c34-d670-7a2129dc073e,1,2028979,2029013,2030668,2031151,1655,1689,34,0,0,0
2084428,96fc734d-a003-cd28-ca8f-3653c9af18f8,64,2080533,2080586,2084428,2084565,3842,3895,53,0,0,0
2118489,3ee82983-d557-4241-91dd-b9bf613d2de9,64,2080406,2080406,2118489,2133334,38083,38083,0,0,0,0
2167039,a65be22b-d5a3-86d9-c362-a810a2611b8d,64,2164554,2164554,2167039,2167871,2485,2485,0,0,0,0
2200278,f7a67b94-7b5a-611a-f1b6-4afed31edf1a,64,2165219,2165219,2200278,2200120,35059,35059,0,0,0,0
2219996,c693da11-39c6-a1ca-9e50-aa42ca6dfda1,64,2181205,2181205,2219996,2212239,38791,38791,0,0,0,0
2243232,c9525185-81e0-3a5e-8b48-f49686abd4e7,4,2169691,2169691,2243232,2233329,73541,73541,0,0,0,0
2271303,1dabb10a-bd10-f87c-6d0e-0597500d92a7,64,2232899,2232899,2271303,2285372,38404,38404,0,0,0,0
2280796,ac93281a-92eb-eab0-e4ee-c67c1a57f9e4,64,2278461,2278461,2280796,2280245,2335,2335,0,0,0,0
2303351,4c6a70f4-8ede-c44d-476c-f68c3f1be0d0,1,2302734,2302734,2303351,2303340,617,617,0,0,0,0
2313867,f7315749-4f39-49a8-3d3a-258288b4f474,64,2279079,2279079,2313867,2324855,34788,34788,0,0,0,0
2360257,51397c06-a630-ad9d-7cb9-23f5f5edf382,64,2357910,2357910,2360257,2361273,2347,2347,0,0,0,0
2368498,ae423568-de14-553b-1eac-41d9801f4909,64,2331877,2331877,2368498,2367394,36621,36621,0,0,0,0
2384135,a8f1e091-ffb8-102d-9475-dbc996418ced,64,2321934,2321934,2384135,2370074,62201,62201,0,0,0,0
2392064,1b2ededb-8fc8-5fc0-83d5-bceb5edbb8ee,64,2373085,2373085,2392064,2388222,18979,18979,0,0,0,0
2393208,09a0a0f6-73b0-a091-7634-c1694f76e388,64,2357953,2357970,2393208,2408944,35238,35255,17,0,0,0
2395701,4988e418-f6c3-1218-c183-6315330f8be1,64,2359945,2359945,2395701,2408449,35756,35756,0,0,0,0
2429961,54170a17-caaa-5bbe-a4bb-f962606e0e1c,64,2427284,2427284,2429961,2429564,2677,2677,0,0,0,0
2466374,f5d8fb91-ee60-81ac-2dd0-622e266bf2ea,8,2459142,2459172,2466374,2463928,7202,7232,30,0,0,0
2466549,24f43c62-b523-c0de-db87-d29c4cfd0fc1,8,2458347,2458347,2466549,2464757,8202,8202,0,0,0,0
2475433,a6846099-f729-4951-8591-31d2bbda0242,64,2437374,2437374,2475433,2461918,38059,38059,0,0,0,0
2493530,b540b30e-039f-3a25-4d61-68bd2defe193,1,2489020,2489020,2493530,2493353,4510,4510,0,0,0,0
2493871,dc8aee30-be60-33f7-28be-9288e5af6e39,1,2489020,2489020,2493871,2495746,4851,4851,0,0,0,0
2493996,b0b63bcf-0860-1833-479d-0cdaf396ea37,1,2489020,2489020,2493996,2492224,4976,4976,0,0,0,0
2493996,60ee64ba-a4b0-718e-8ced-470739034b65,1,2489020,2489020,2493996,2495587,4976,4976,0,0,0,0
2494032,0cf2b69b-0577-aea9-f899-924698de8ebb,1,2489020,2489020,2494032,2494790,5012,5012,0,0,0,0
2494011,ffa623d0-ea9e-5c8d-b1a8-b71f491b90e9,1,2489020,2489020,2494011,2496269,4991,4991,0,0,0,0
2494041,257f7595-cdfb-4db9-c5e7-8b23f4613f09,1,2489020,2489020,2494041,2491995,5021,5021,0,0,0,0
2494011,83666636-68d5-76b8-a6ce-6d7a44e2a94b,1,2489020,2489020,2494011,2493077,4991,4991,0,0,0,0
2494203,680bac63-b856-d035-3dc9-829015eabb27,1,2489023,2489080,2494203,2495051,5123,5180,57,0,0,0
2494369,2a9528c3-5ae1-dbad-aa29-60fda85894df,1,2489024,2489080,2494369,2494470,5289,5345,56,0,0,0
2494410,692ac139-1f4a-8ca1-ab85-fd595463adc7,1,2489020,2489020,2494410,2492227,5390,5390,0,0,0,0
2494410,31cd9f6e-e3b1-6d36-78e3-6397123b31cf,1,2489020,2489020,2494410,2494581,5390,5390,0,0,0,0
2494396,cb371d97-cdcc-2d6a-1a16-998c7648776e,1,2489023,2489080,2494396,2495370,5316,5373,57,0,0,0
2494411,eec259dc-7f95-897c-276a-a6ced50755d9,1,2489024,2489080,2494411,2494116,5331,5387,56,0,0,0
2494390,f065c817-687a-4850-9d9b-62317d45d8ef,1,2489024,2489080,2494390,2495596,5310,5366,56,0,0,0
2494447,e7ba26ac-ab7a-3d1c-0cfe-f6833e11bafe,1,2489023,2489080,2494447,2492708,5367,5424,57,0,0,0
2494446,84e3b774-569a-def0-df86-5633ab7aeb66,1,2489023,2489080,2494446,2494151,5366,5423,57,0,0,0
2494492,6f887f28-3e49-fd09-1b19-d8b8d8302081,1,2489028,2489080,2494492,2496447,5412,5464,52,0,0,0
2494552,f11c0ac5-8c0b-393a-1333-5bc9bb635ff5,1,2489027,2489080,2494552,2496081,5472,5525,53,0,0,0
2494553,2a96e1e2-7194-eae2-19ba-d7aedf615a5c,1,2489028,2489080,2494553,2495013,5473,5525,52,0,0,0
2494673,bb2aa146-2999-394c-54a7-b69b1cd66b09,1,2489025,2489080,2494673,2495906,5593,5648,55,0,0,0
2494720,f4d375c1-a293-19fa-3240-d7a14027ab7d,1,2489024,2489080,2494720,2491936,5640,5696,56,0,0,0
2494681,61935990-abdd-1a8f-a4b0-5c89f10bce9c,1,2489029,2489080,2494681,2495800,5601,5652,51,0,0,0
2494790,b24cc64f-be3e-6e57-f30a-9e32aba4fc03,1,2489025,2489080,2494790,2492936,5710,5765,55,0,0,0
2494789,a3b442bd-4649-4296-6f58-42c3ff86cc31,1,2489027,2489080,2494789,2492945,5709,5762,53,0,0,0
2500283,a4b1f991-7542-4646-4d37-a539857dd3b3,1,2494441,2494489,2500283,2498809,5794,5842,48,0,0,0
2500341,ee0f65a8-2a13-1c1f-ccd0-15c1ad5900dd,1,2494448,2494489,2500341,2501582,5852,5893,41,0,0,0
2500363,62c965b2-7eb0-f62a-3d45-74ebf4655a21,1,2494445,2494489,2500363,2502803,5874,5918,44,0,0,0
2500455,88575117-6155-4667-2112-507c2cfa55b0,1,2494437,2494489,2500455,2503247,5966,6018,52,0,0,0
2500415,17e52113-4626-23be-e068-8849eec71a30,1,2494437,2494489,2500415,2502237,5926,5978,52,0,0,0
2500444,861b4f5b-45a0-8539-6de8-370ace9e9ebd,1,2494445,2494489,2500444,2502751,5955,5999,44,0,0,0
2500464,1a6b6a7d-1a38-aad6-ce53-2ffdbb134f02,1,2494437,2494489,2500464,2501137,5975,6027,52,0,0,0
2500465,e00bd534-3158-f1fb-2c7a-0d3107692583,1,2494437,2494489,2500465,2499686,5976,6028,52,0,0,0
2500513,a267d32f-ddcb-f4bc-0dbd-c5da787515b9,1,2494442,2494489,2500513,2501908,6024,6071,47,0,0,0
2500544,7d2f4e58-b47a-1c5b-b0b3-901535102852,1,2494437,2494489,2500544,2499506,6055,6107,52,0,0,0
2500554,5f65c8ce-bd21-bc11-be9d-61ee18b87245,1,2494441,2494489,2500554,2499011,6065,6113,48,0,0,0
2500540,12fe28bf-81e0-d489-5a18-e2a30e614bcd,1,2494444,2494489,2500540,2499461,6051,6096,45,0,0,0
2500553,c606ddc4-c2dd-901d-359a-15334605ec0e,1,2494444,2494489,2500553,2498799,6064,6109,45,0,0,0
2500642,cb08587d-1963-c26d-6e21-8b099afd4015,1,2494437,2494489,2500642,2500404,6153,6205,52,0,0,0
2500604,220b9ea9-8a0f-9508-dfe2-c0a0a96b3c42,1,2494437,2494489,2500604,2500126,6115,6167,52,0,0,0
2500642,243012da-b185-0eb8-5f90-fc872edc017e,1,2494437,2494489,2500642,2501293,6153,6205,52,0,0,0
2500594,2e183554-cae2-8e66-ae8a-781390e0a95b,1,2494440,2494489,2500594,2497756,6105,6154,49,0,0,0
2500642,1758d47e-a7cd-e143-6de2-14293bf0d9c1,1,2494441,2494489,2500642,2497877,6153,6201,48,0,0,0
2500594,236dd176-da1c-96ae-0279-e2ab0bbf6334,1,2494441,2494489,2500594,2500049,6105,6153,48,0,0,0
2500632,e82c7d7b-06e7-45f9-88bc-539c9f4c3b79,1,2494442,2494489,2500632,2497566,6143,6190,47,0,0,0
2500631,e0527739-4d40-6f1b-3ca5-be2952171bf3,1,2494442,2494489,2500631,2500084,6142,6189,47,0,0,0
2500632,e4855aa1-016b-6287-b008-05cca7f36ae9,1,2494444,2494489,2500632,2501311,6143,6188,45,0,0,0
2500681,44c1f1b5-ebbb-d763-79a7-e63bbee975da,1,2494437,2494489,2500681,2499681,6192,6244,52,0,0,0
2500681,3948fe22-022a-adda-cd05-79e299e4704c,1,2494438,2494489,2500681,2502235,6192,6243,51,0,0,0
2500671,30cbd755-6232-b17a-2507-41818d1fb540,1,2494440,2494489,2500671,2502207,6182,6231,49,0,0,0
2502880,12b2102d-940c-3503-37c8-6152beed0af9,1,2489276,2489331,2502880,2509281,13549,13604,55,0,0,0
2502933,46a56fe8-6f46-f1b1-2ace-1aa9103246b3,1,2489281,2489331,2502933,2499078,13602,13652,50,0,0,0
2502948,3ae909fe-cc82-18da-c696-f5e64944051b,1,2489276,2489331,2502948,2499632,13617,13672,55,0,0,0
2502949,567e642e-052d-fb9a-5f58-4603e5a3d8e9,1,2489276,2489331,2502949,2500857,13618,13673,55,0,0,0
2503031,78b2b549-3bdb-c09e-acc2-16a01bbc91f7,1,2489271,2489271,2503031,2505695,13760,13760,0,0,0,0
2503031,8c357321-4abf-6f5c-ccc7-147ff6e5203c,1,2489271,2489271,2503031,2506257,13760,13760,0,0,0,0
2503001,4f11d8dc-5cd3-3369-04aa-c1b75ca0c428,1,2489278,2489331,2503001,2507192,13670,13723,53,0,0,0
2503001,c6ac1b04-dd1d-6cd1-c11f-6bf5379ef467,1,2489279,2489331,2503001,2498299,13670,13722,52,0,0,0
2503055,284bf962-5744-f596-7422-21676b7a2460,1,2489280,2489331,2503055,2508284,13724,13775,51,0,0,0
2503071,0de051a6-69ca-97d2-7644-14fd8ae769ed,1,2489271,2489271,2503071,2502399,13800,13800,0,0,0,0
2503081,38e7e019-fb89-86c8-c7ec-fe71d49347fc,1,2489271,2489271,2503081,2507914,13810,13810,0,0,0,0
2503092,c21c3fb3-a6a5-f0ff-93fb-71d0dd326d9c,1,2489343,2489391,2503092,2508421,13701,13749,48,0,0,0
2503092,39b86bb2-b596-ca7c-ef4a-fa885299e505,1,2489344,2489391,2503092,2507711,13701,13748,47,0,0,0
2503092,9f8cc29f-fd35-0c5f-d347-9a3b479bc637,1,2489344,2489391,2503092,2509506,13701,13748,47,0,0,0
2503102,9dd2f9de-fd98-fe33-6498-abe92999bbef,1,2489344,2489391,2503102,2500349,13711,13758,47,0,0,0
2503093,709b7d97-464c-04af-3d3f-3799a07295e9,1,2489346,2489391,2503093,2503743,13702,13747,45,0,0,0
2503093,e7e646c7-0158-2463-9d87-76a072d78bdd,1,2489346,2489391,2503093,2496278,13702,13747,45,0,0,0
2503084,e1d46f82-21c5-0e41-e8ce-e951b0478ea4,1,2489346,2489391,2503084,2502029,13693,13738,45,0,0,0
2503086,7317591a-3283-daa4-e212-ab7c9d361cb6,1,2489347,2489391,2503086,2505751,13695,13739,44,0,0,0
2503142,965befdf-6b4b-e411-8a4a-0e2df22b5b98,1,2489271,2489271,2503142,2509419,13871,13871,0,0,0,0
2503122,9e45455e-24d3-8751-6729-4d3c46818a88,1,2489280,2489331,2503122,2502477,13791,13842,51,0,0,0
2503131,bb0c7919-330c-cff5-88a5-fa0d09a85dc5,1,2489285,2489331,2503131,2501050,13800,13846,46,0,0,0
2503169,5fdcabbf-6b9c-d71c-f6ba-745ba55871e3,1,2489342,2489391,2503169,2497700,13778,13827,49,0,0,0
2503160,3985fb62-17dc-8eff-6872-13f98d605936,1,2489346,2489391,2503160,2499162,13769,13814,45,0,0,0
2503142,de9e3757-5260-001e-eecf-67d2749176f4,1,2489346,2489391,2503142,2509420,13751,13796,45,0,0,0
2503142,4140752c-aa44-8259-5001-8b7b6d4067f4,1,2489346,2489391,2503142,2502576,13751,13796,45,0,0,0
2503126,17e8392a-55ce-e5db-9e87-e04ca2086977,1,2489352,2489391,2503126,2501424,13735,13774,39,0,0,0
2503126,0f44704f-1247-ea4e-2469-98e8d39e198b,1,2489357,2489391,2503126,2506818,13735,13769,34,0,0,0
2503126,6e6b34b9-07ef-2ba8-b45a-6ab37b94a34d,1,2489364,2489391,2503126,2501582,13735,13762,27,0,0,0
2503226,2f8c83e5-6e8d-9644-601b-fbcbf0eebcce,1,2489342,2489391,2503226,2501593,13835,13884,49,0,0,0
2503205,7ed70ed7-b194-990b-6961-929e546e035a,1,2489346,2489391,2503205,2509405,13814,13859,45,0,0,0
2503215,ff4625af-bd20-563b-f275-b5f3d436a7a8,1,2489346,2489391,2503215,2508374,13824,13869,45,0,0,0
2503189,26a9e100-b509-109b-1166-58ce3b3f3800,1,2489371,2489391,2503189,2504878,13798,13818,20,0,0,0
2503182,d4bf7a4b-25b8-a42f-836b-15c7e7c225da,1,2489387,2489391,2503182,2500491,13791,13795,4,0,0,0
2503189,363e6ef4-f8df-cc3a-2acb-4fbdfbff8a7d,1,2489387,2489391,2503189,2498553,13798,13802,4,0,0,0
2503278,5e09a9ee-af88-bdec-fb1e-143b196f4dfa,1,2489271,2489271,2503278,2506916,14007,14007,0,0,0,0
2503262,b89f3a92-999a-1d86-99db-13028dab66d3,1,2489271,2489271,2503262,2498557,13991,13991,0,0,0,0
2503245,ab86bafd-b57e-c883-d258-6d9016b6bf61,1,2489284,2489331,2503245,2500507,13914,13961,47,0,0,0
2503255,d5f25073-f414-02b1-e442-9ebbda7b9095,1,2489342,2489391,2503255,2506458,13864,13913,49,0,0,0
2503363,ad238d36-dc32-2c97-39c1-e262f76c8ede,1,2489342,2489391,2503363,2506748,13972,14021,49,0,0,0
2503371,8e4c3ab5-6d5d-0477-adc2-9178a0411612,1,2489342,2489391,2503371,2496998,13980,14029,49,0,0,0
2503434,9118c400-e336-c243-b139-c476de3ce88b,1,2489342,2489391,2503434,2509259,14043,14092,49,0,0,0
2503506,56666f9f-53ac-2ab9-7467-2cd9362f5e5c,1,2489275,2489331,2503506,2502482,14175,14231,56,0,0,0
2503507,fb95d0fc-ad72-ed05-924c-de09ccea5031,1,2489275,2489331,2503507,2504764,14176,14232,56,0,0,0
2503566,b93b17fb-f76d-15fd-7d16-45a0d253d966,1,2489272,2489331,2503566,2509042,14235,14294,59,0,0,0
2503566,61a66444-e2af-a629-5efb-336e2f546033,1,2489272,2489331,2503566,2502763,14235,14294,59,0,0,0
2503556,9793b9b4-1374-8146-32c5-bd89b70b3420,1,2489276,2489331,2503556,2503494,14225,14280,55,0,0,0
2503556,331f63fb-d11f-c8c0-297c-a4fff75d599f,1,2489276,2489331,2503556,2507491,14225,14280,55,0,0,0
2503658,ec8be537-58ab-4778-143b-45e3b6d1f6bb,1,2497811,2497819,2503658,2503935,5839,5847,8,0,0,0
2503649,fb8fe8c4-d8b4-8ead-9360-8edf382b5b86,1,2497815,2497819,2503649,2502047,5830,5834,4,0,0,0
2503666,23d7e6a1-19b8-14fc-e587-1d8916312fc6,1,2489272,2489331,2503666,2506109,14335,14394,59,0,0,0
2503695,2c56e0cd-a5ba-2472-21df-5609e959137f,1,2489276,2489331,2503695,2506509,14364,14419,55,0,0,0
2503708,d56ce8ea-1959-7b5a-a7a8-f6366a35df59,1,2497811,2497819,2503708,2501641,5889,5897,8,0,0,0
2503708,43ad3d62-b17c-fb21-cdbc-2c1ca4afe7bd,1,2497811,2497819,2503708,2503926,5889,5897,8,0,0,0
2503679,d3f4a49b-33ba-ba88-36c7-d6fa7aa4f052,1,2497811,2497819,2503679,2502065,5860,5868,8,0,0,0
2503707,ff69723d-584f-c85b-2697-384d801e8690,1,2497811,2497819,2503707,2501028,5888,5896,8,0,0,0
2503680,c28fa16b-0aa6-fcb9-c1bc-be59d296a12d,1,2497811,2497819,2503680,2505965,5861,5869,8,0,0,0
2503670,5e717fca-020a-4497-74ed-51458d9765c7,1,2497811,2497819,2503670,2501863,5851,5859,8,0,0,0
2503719,f5c9b047-9c10-c572-0f6b-40d09efba58b,1,2497815,2497819,2503719,2502258,5900,5904,4,0,0,0
2503719,60a399d4-e821-e716-eac8-0da1de9f6f5b,1,2497815,2497819,2503719,2506548,5900,5904,4,0,0,0
2503718,f68c62e6-e2a4-5909-a2dd-22d52afaab7b,1,2497815,2497819,2503718,2505324,5899,5903,4,0,0,0
2503718,d18183d1-ac2b-0cfc-c5c5-1060991121e7,1,2497816,2497819,2503718,2505035,5899,5902,3,0,0,0
2503669,485f7888-1e23-da4b-9e21-741fb8011026,1,2497816,2497819,2503669,2503738,5850,5853,3,0,0,0
2503670,04ffeab2-cb7b-0b3a-8b2d-158acd5ae324,1,2497817,2497819,2503670,2502344,5851,5853,2,0,0,0
2503728,34879e41-1a9c-672a-4eb9-047dba2ac3d9,1,2497811,2497819,2503728,2503530,5909,5917,8,0,0,0
2503729,f7e9101d-3f8b-4433-b60e-695c1759ba96,1,2497822,2497879,2503729,2504443,5850,5907,57,0,0,0
2503786,46c79b36-fd05-3963-5616-af7e1057a002,1,2497811,2497819,2503786,2501917,5967,5975,8,0,0,0
2503800,7701f7bb-7bc6-7e1f-c64e-e6e389c5b31a,1,2497818,2497819,2503800,2504736,5981,5982,1,0,0,0
2503921,92fbacf6-d5d1-c669-1c45-3357e8294a67,1,2497811,2497819,2503921,2502086,6102,6110,8,0,0,0
2503998,8ccc9cea-109f-d8ee-b5a4-720058f0dd23,1,2497814,2497819,2503998,2501687,6179,6184,5,0,0,0
2504054,85319f0f-ba53-3122-74b7-96204a73b0bf,1,2500723,2500763,2504054,2503819,3291,3331,40,0,0,0
2504033,5780be17-12fe-cc2b-1acf-42c5f3a02120,1,2500725,2500763,2504033,2503992,3270,3308,38,0,0,0
2504096,3d85de89-c217-1429-8e20-07247d137018,1,2500723,2500763,2504096,2504523,3333,3373,40,0,0,0
2504277,a84554c3-a3f6-6c61-2fb7-0dab2f383b43,1,2500723,2500763,2504277,2502642,3514,3554,40,0,0,0
2504375,9384ec2b-44fe-acae-d248-a9a7ac1aa554,1,2500723,2500763,2504375,2505720,3612,3652,40,0,0,0
2504431,cfd7f3b9-c68f-cba5-1e0d-02b5fe7402cd,1,2500723,2500763,2504431,2505202,3668,3708,40,0,0,0
2504766,23c8afdb-83f8-2f16-e4a4-474c9b33e3a4,1,2499860,2499873,2504766,2506282,4893,4906,13,0,0,0
2504809,02e7df89-b395-7a98-2320-4ff5b538f96c,1,2500724,2500763,2504809,2505654,4046,4085,39,0,0,0
2504855,23d26b8d-ae46-024d-51d0-5ef3a91883fc,1,2500726,2500763,2504855,2503104,4092,4129,37,0,0,0
2504974,f72169bb-8096-2718-2051-acef097a1e10,1,2500724,2500763,2504974,2503831,4211,4250,39,0,0,0
2505091,4767d76c-162f-8a24-ef43-613cd4aac9a3,1,2500730,2500763,2505091,2506560,4328,4361,33,0,0,0
2505705,f204be89-4a4b-5563-0cf4-77ef18c8a616,1,2499813,2499813,2505705,2506009,5892,5892,0,0,0,0
2505705,9d264599-c4dd-8df5-9aec-56a857311609,1,2499813,2499813,2505705,2504166,5892,5892,0,0,0,0
2505705,7c059799-bdae-8eff-683c-510ed2efa93b,1,2499813,2499813,2505705,2507591,5892,5892,0,0,0,0
2505756,5230dfbd-5553-b2fe-6889-803e5913f9d3,1,2499816,2499873,2505756,2505802,5883,5940,57,0,0,0
2505765,6ee35607-92ea-1324-ec93-e5962b015723,1,2499817,2499873,2505765,2508097,5892,5948,56,0,0,0
2505781,604e46cb-3712-f2d1-87cd-b6a1bf012e32,1,2499813,2499813,2505781,2506243,5968,5968,0,0,0,0
2505781,06a241af-1d0a-f7f7-f5e4-a4713fe68c9c,1,2499813,2499813,2505781,2508253,5968,5968,0,0,0,0
2505809,3098f7b2-500e-15c0-b89b-df7f93e34c35,1,2499813,2499813,2505809,2505578,5996,5996,0,0,0,0
2505790,ac5f12ef-8085-c147-1e91-0f365f705b25,1,2499813,2499813,2505790,2507380,5977,5977,0,0,0,0
2505809,b86d066b-1ba8-27c6-c97a-24ad41b455b8,1,2499813,2499813,2505809,2507630,5996,5996,0,0,0,0
2505789,d2eaef18-4b67-97a1-166e-cfe36d779595,1,2499813,2499813,2505789,2505788,5976,5976,0,0,0,0
2505804,ce3714af-99b4-9350-af2b-99b4d9acd158,1,2500726,2500763,2505804,2506899,5041,5078,37,0,0,0
2505850,905f9096-2996-56e2-4c9d-690713b22cec,1,2499816,2499873,2505850,2503462,5977,6034,57,0,0,0
2505875,bd1531c8-3764-fbda-3108-d4482f65fafa,1,2499818,2499873,2505875,2504426,6002,6057,55,0,0,0
2505886,97674900-4651-0367-cbdc-43184d85a3d2,1,2499864,2499873,2505886,2503152,6013,6022,9,0,0,0
2505905,39ec8ca1-3fb2-df47-bbcd-6c18a06e8de5,1,2489443,2489451,2505905,2503366,16454,16462,8,0,0,0
2505898,ca9f1d59-83e8-b700-0e63-813ed22e3226,1,2489444,2489451,2505898,2509799,16447,16454,7,0,0,0
2505891,cc530e36-addc-3e13-ab3b-4d37560c95ee,1,2489445,2489451,2505891,2498498,16440,16446,6,0,0,0
2505915,d664d264-4c6e-27ff-b9de-7a3a486822b9,1,2489445,2489451,2505915,2502111,16464,16470,6,0,0,0
2505901,a1e518a2-93d2-28d4-2465-5c397d4d2add,1,2489445,2489451,2505901,2497937,16450,16456,6,0,0,0
2505902,98e52499-218c-6e1c-9e37-4f7ac42cbc39,1,2489448,2489451,2505902,2505981,16451,16454,3,0,0,0
2505894,889b78d5-dbfd-d97e-aca2-b148da330aa1,1,2499813,2499813,2505894,2508669,6081,6081,0,0,0,0
2505898,5c11ab6d-42f5-b3f5-4ef4-c34d5bf86f3c,1,2499823,2499873,2505898,2508191,6025,6075,50,0,0,0
2505915,5cb85aed-f5f6-2c97-6efb-63b11b049863,1,2499879,2499933,2505915,2503681,5982,6036,54,0,0,0
2505930,887b03e5-e980-f808-75ac-824c2c55aef7,1,2500723,2500763,2505930,2505330,5167,5207,40,0,0,0
2505939,cebeabaa-2859-7b34-1725-d2c71eb2a7b8,1,2500723,2500763,2505939,2505082,5176,5216,40,0,0,0
2505899,b466fab6-962c-04dd-25d0-7461059c1574,1,2500726,2500763,2505899,2506395,5136,5173,37,0,0,0
2505961,d28fcf68-c871-d7b3-8468-b74d85e3ade5,1,2489442,2489451,2505961,2509609,16510,16519,9,0,0,0
2505980,b11af726-2d5d-2395-e901-a768ebd14b0c,1,2489442,2489451,2505980,2503778,16529,16538,9,0,0,0
2505979,b64fa54a-8c61-1654-95da-75c1a21150f9,1,2489443,2489451,2505979,2509095,16528,16536,8,0,0,0
2505980,92502e59-13f0-6822-d374-8a1145712959,1,2489443,2489451,2505980,2513464,16529,16537,8,0,0,0
2505955,02fb2869-0df8-0b89-9ce7-eed1fcdfe961,1,2489444,2489451,2505955,2503569,16504,16511,7,0,0,0
2506004,c36b9a0a-41e0-2a89-566a-9ce7af521b94,1,2489445,2489451,2506004,2499760,16553,16559,6,0,0,0
2505965,71a3fad2-b094-6d2a-2aa9-3b436d15f16f,1,2489449,2489451,2505965,2511452,16514,16516,2,0,0,0
2505951,b0ae8f08-c31e-dbbc-f36c-b62b892e6161,1,2489450,2489451,2505951,2498253,16500,16501,1,0,0,0
2505969,c9a7d91f-ef2a-e713-5702-10496a39aaa6,1,2499858,2499873,2505969,2506735,6096,6111,15,0,0,0
2505980,7092947d-be49-69ec-6667-d3bbe3b56360,1,2499858,2499873,2505980,2503232,6107,6122,15,0,0,0
2505969,7250ee18-260a-5962-dd81-b7f57d5911c6,1,2499859,2499873,2505969,2508705,6096,6110,14,0,0,0
2505969,89628f6e-929c-93b3-33c0-8bf18167999f,1,2499859,2499873,2505969,2504514,6096,6110,14,0,0,0
2505969,5aaab32f-ce63-22b6-ab05-347fd556b37d,1,2499863,2499873,2505969,2508007,6096,6106,10,0,0,0
2505960,2cd58759-e95d-2761-bc36-dc59e134edfc,1,2499863,2499873,2505960,2504906,6087,6097,10,0,0,0
2505960,088dbd82-d883-e3f8-cc98-03de12de9e5a,1,2499863,2499873,2505960,2508704,6087,6097,10,0,0,0
2506062,d32e6dcd-83bc-9478-dd6a-c7b86778043b,1,2489443,2489451,2506062,2500426,16611,16619,8,0,0,0
2506062,716fda0a-45a8-8829-14e2-86e5ac8936bc,1,2489444,2489451,2506062,2513338,16611,16618,7,0,0,0
2506060,d0243d72-3748-967f-961d-33ba350843f0,1,2489447,2489451,2506060,2512350,16609,16613,4,0,0,0
2506061,1578d709-48f9-e3d0-1fea-e1e0d9e604b3,1,2489448,2489451,2506061,2508336,16610,16613,3,0,0,0
2506032,6bebac31-d4f8-fd72-f382-1cfdc083b73a,1,2489449,2489451,2506032,2505254,16581,16583,2,0,0,0
2506053,a847bce7-90fa-6b57-24ac-2130deaf528d,1,2489449,2489451,2506053,2498912,16602,16604,2,0,0,0
2506051,2812859a-1337-739e-8d4f-5d272c7f0b79,1,2499858,2499873,2506051,2507803,6178,6193,15,0,0,0
2506051,647dc392-9c7e-b575-637d-dcd698d3148b,1,2499859,2499873,2506051,2504620,6178,6192,14,0,0,0
2506050,20733f6d-0d6a-05b3-43ef-20162c9b662e,1,2499862,2499873,2506050,2508245,6177,6188,11,0,0,0
2506050,010e4265-ad3f-5dd4-0496-26ba30c9a2be,1,2499862,2499873,2506050,2507782,6177,6188,11,0,0,0
2506041,e1cde87f-ec95-5f87-ae5e-c36572eb7474,1,2499863,2499873,2506041,2503243,6168,6178,10,0,0,0
2506020,73d39457-b25f-13df-b8d4-9848702ba49f,1,2499869,2499873,2506020,2503177,6147,6151,4,0,0,0
2506069,d9b59f84-edc3-a1c3-2dea-2d2d086c405f,1,2489438,2489451,2506069,2505440,16618,16631,13,0,0,0
2506070,2ff3cde4-6aa4-2c9f-9217-04753d959e3f,1,2489442,2489451,2506070,2511512,16619,16628,9,0,0,0
2506074,8a624cbd-e582-b678-ad52-29dd639fc471,1,2489446,2489451,2506074,2507437,16623,16628,5,0,0,0
2506102,0426fcc9-255b-30e2-bdc2-b74b38a56b49,1,2489450,2489451,2506102,2504228,16651,16652,1,0,0,0
2506097,9a4ffc0c-9165-f2ed-4c63-6e95025f5543,1,2499816,2499873,2506097,2504200,6224,6281,57,0,0,0
2506116,c1581092-f335-cba3-513a-7052986f9025,1,2499859,2499873,2506116,2508080,6243,6257,14,0,0,0
2506124,c80c2195-8b65-84ce-7acc-99705beec570,1,2500726,2500763,2506124,2503682,5361,5398,37,0,0,0
2506124,844e250b-e684-390c-923b-78208089b8c5,1,2500730,2500763,2506124,2505893,5361,5394,33,0,0,0
2506124,989d9d4a-e15c-a666-4797-b2c957207246,1,2500731,2500763,2506124,2506523,5361,5393,32,0,0,0
2506124,083f64c3-1ce3-62f8-c3f7-25feb99b2b5a,1,2500731,2500763,2506124,2504189,5361,5393,32,0,0,0
2506123,f3025d16-1eca-cae9-25bf-213d9eca381b,1,2500731,2500763,2506123,2503747,5360,5392,32,0,0,0
2506131,89a3c811-895c-4fde-a3fa-40691519fd38,1,2489447,2489451,2506131,2506175,16680,16684,4,0,0,0
2506137,ef0a573d-53d2-d56d-d040-158728e213bc,1,2499858,2499873,2506137,2507722,6264,6279,15,0,0,0
2506138,e5508ea2-6133-a34d-8b0e-8eb1ad371d9e,1,2499858,2499873,2506138,2503133,6265,6280,15,0,0,0
2506247,0f25477d-a559-90e7-4910-fade52380bf2,1,2499817,2499873,2506247,2505789,6374,6430,56,0,0,0
2506197,16db80db-a543-148e-9adf-e9816ab19e15,1,2499865,2499873,2506197,2507800,6324,6332,8,0,0,0
2506198,afbb411a-a123-5a8c-93b7-a88612f70c97,1,2500726,2500763,2506198,2508714,5435,5472,37,0,0,0
2506189,8603156a-15ea-cbcf-ab10-21ceaa143cd8,1,2500727,2500763,2506189,2506856,5426,5462,36,0,0,0
2506198,7885187d-18fc-83b7-4b35-6e9a2e5eeb6a,1,2500727,2500763,2506198,2505840,5435,5471,36,0,0,0
2506189,dabf984e-53ff-8461-2a1f-1b61265cb9d9,1,2500732,2500763,2506189,2505558,5426,5457,31,0,0,0
2506248,80daa8ca-6230-5d27-1a4b-160621019bff,1,2499817,2499873,2506248,2508305,6375,6431,56,0,0,0
2506271,ff37d19c-2e76-128b-4735-44f9ea83bf00,1,2499818,2499873,2506271,2506499,6398,6453,55,0,0,0
2506266,4f9a5f98-4d95-0273-cb2c-c805d1403430,1,2500727,2500763,2506266,2503880,5503,5539,36,0,0,0
2506256,f7336094-6b2b-78b9-85c7-f3bed183010f,1,2500730,2500763,2506256,2504556,5493,5526,33,0,0,0
2506505,2c33350c-73b9-11d8-12f5-131ada52d2ee,1,2499818,2499873,2506505,2509455,6632,6687,55,0,0,0
2506518,0d18ab95-668c-8477-0b95-017c5dae1201,1,2498322,2498322,2506518,2503517,8196,8196,0,0,0,0
2506582,92cf6021-1f33-242d-49ac-908746015028,1,2498322,2498322,2506582,2504462,8260,8260,0,0,0,0
2506583,76876c62-4c61-845e-fa7e-5d9405d1fb63,1,2498322,2498322,2506583,2509996,8261,8261,0,0,0,0
2506582,89b5aab0-c121-69db-2f12-b150605fb1eb,1,2498322,2498322,2506582,2506220,8260,8260,0,0,0,0
2506582,4b9dfd58-9e5d-9c7a-c5ac-c35415f00cb4,1,2498322,2498322,2506582,2507495,8260,8260,0,0,0,0
2506583,1ee93260-3002-d831-3227-e8d89c60c81b,1,2498322,2498322,2506583,2508740,8261,8261,0,0,0,0
2506591,31274148-7c7c-404e-c422-d03ef29a6339,1,2498326,2498382,2506591,2502705,8209,8265,56,0,0,0
2506598,74bd0c93-8177-b661-37fe-032c02571851,1,2498326,2498382,2506598,2510070,8216,8272,56,0,0,0
2506646,3d114802-2702-878b-9f0f-da8d05379ff6,1,2498322,2498322,2506646,2507654,8324,8324,0,0,0,0
2506638,97fb613a-21f8-9d06-13f3-cade7a10013f,1,2498322,2498322,2506638,2507337,8316,8316,0,0,0,0
2506638,c4615234-8044-beb2-b66e-dbf4a0ea0251,1,2498322,2498322,2506638,2504984,8316,8316,0,0,0,0
2506636,3d67cde9-2834-e4c0-14c8-b3b4a911d192,1,2498323,2498382,2506636,2503621,8254,8313,59,0,0,0
2506669,d0a44432-9cd6-c852-714c-7df4e4347d51,1,2498325,2498382,2506669,2507250,8287,8344,57,0,0,0
2506668,24eeb4a6-c145-65c7-5d98-6115f05eeefe,1,2498325,2498382,2506668,2508938,8286,8343,57,0,0,0
2506669,a5b40983-3eeb-c04a-9df2-372e9e825aae,1,2498325,2498382,2506669,2503143,8287,8344,57,0,0,0
2506668,e4aa786d-9d17-d218-fc3b-0de5981262ac,1,2498325,2498382,2506668,2506730,8286,8343,57,0,0,0
2506902,07f194f9-c115-6d6d-0a4e-5b70a6d964a3,1,2498325,2498382,2506902,2505242,8520,8577,57,0,0,0
2506910,6016c743-8bc8-3a02-59ea-493660f34ebc,1,2498325,2498382,2506910,2506987,8528,8585,57,0,0,0
2507089,f1043785-658b-2523-6014-1de9f54ad0a2,1,2498325,2498382,2507089,2511105,8707,8764,57,0,0,0
2507326,4ec3f970-956d-80e4-6aa2-6216fada98f5,1,2498325,2498382,2507326,2510683,8944,9001,57,0,0,0
2508549,f6e39356-a814-9562-da00-3f16b9469bcf,1,2502645,2502657,2508549,2510274,5892,5904,12,0,0,0
2508549,e67093a0-fc48-f615-83b0-b35cdba6fdf8,1,2502645,2502657,2508549,2510070,5892,5904,12,0,0,0
2508549,cf89569d-e550-d736-0780-6e713811b519,1,2502647,2502657,2508549,2507038,5892,5902,10,0,0,0
2508599,9feefdff-c566-aa81-b15e-54f6d4d30795,1,2502644,2502657,2508599,2510507,5942,5955,13,0,0,0
2508599,07f8d4f0-f3ea-0184-28f4-e3ceadedda80,1,2502644,2502657,2508599,2506884,5942,5955,13,0,0,0
2508550,582b91ee-f8e8-035b-0c00-988a7ee1011a,1,2502645,2502657,2508550,2509476,5893,5905,12,0,0,0
2508550,c9c23e69-d82c-7565-4bb9-07ec13c11754,1,2502646,2502657,2508550,2509251,5893,5904,11,0,0,0
2508599,8a2e6a93-c558-0bb2-81f7-f3fb19e45c6a,1,2502647,2502657,2508599,2505909,5942,5952,10,0,0,0
2508599,8471b4b0-ae1b-9f69-7740-d83173318749,1,2502647,2502657,2508599,2508414,5942,5952,10,0,0,0
2508550,b42a2d93-9aba-0f15-b214-90623e1a963e,1,2502647,2502657,2508550,2510926,5893,5903,10,0,0,0
2508599,73b9c2ac-0134-e76b-0ed9-fa95a26e865b,1,2502647,2502657,2508599,2510543,5942,5952,10,0,0,0
2508599,84182d35-3e71-1433-bd90-b81afbe0e6b8,1,2502651,2502657,2508599,2505730,5942,5948,6,0,0,0
2508612,9c1c3517-85d2-d0a6-8629-5b5d707df251,1,2502640,2502657,2508612,2508513,5955,5972,17,0,0,0
2508612,d43cdd6d-e0c1-ff1e-20da-897258321ee4,1,2502641,2502657,2508612,2507441,5955,5971,16,0,0,0
2508612,b24beb96-c092-7b74-26b0-7ff60fc79913,1,2502641,2502657,2508612,2508512,5955,5971,16,0,0,0
2508612,3c07c574-4925-7af1-b6aa-e05b13d5f2f7,1,2502643,2502657,2508612,2509202,5955,5969,14,0,0,0
2508612,bf0d073d-821c-1336-9970-cf60ebff8d15,1,2502643,2502657,2508612,2508316,5955,5969,14,0,0,0
2508612,186b2880-ab54-5a15-669d-01ff1634725b,1,2502644,2502657,2508612,2507649,5955,5968,13,0,0,0
2508656,175a81ec-112f-a612-7969-9ed2ec48bf55,1,2502650,2502657,2508656,2505791,5999,6006,7,0,0,0
2508697,a56b61e0-4ba8-a4ca-6449-cb6fbf72ae52,1,2502598,2502657,2508697,2505973,6040,6099,59,0,0,0
2508718,0aeccec7-204d-b9da-3156-7f2acef74829,1,2502629,2502657,2508718,2510171,6061,6089,28,0,0,0
2508673,17ec889c-86c1-b6cb-e996-30f7af77520e,1,2502640,2502657,2508673,2507859,6016,6033,17,0,0,0
2508741,ba2eeeb3-d6aa-5382-e144-6b45af390a9d,1,2502601,2502657,2508741,2510889,6084,6140,56,0,0,0
2508782,d5f0fb6a-4596-da75-74df-b83ff659f188,1,2502602,2502657,2508782,2509070,6125,6180,55,0,0,0
2508783,8dda4ff2-b27b-7bb4-68c6-90b230a2cee8,1,2502606,2502657,2508783,2511309,6126,6177,51,0,0,0
2508742,c7332304-4822-3120-c4f9-eccd7630a8a7,1,2502608,2502657,2508742,2511181,6085,6134,49,0,0,0
2508782,b4157cea-0738-8ba4-9770-a3dbe9fa97e2,1,2502628,2502657,2508782,2511600,6125,6154,29,0,0,0
2508801,d36ec1bd-000b-1f5e-8c91-bd138ea02346,1,2502599,2502657,2508801,2509351,6144,6202,58,0,0,0
2508802,c7a2f280-927f-8103-da94-08c029b44cb1,1,2502601,2502657,2508802,2511103,6145,6201,56,0,0,0
2508835,15669e36-4708-203b-2716-10c19db54283,1,2502608,2502657,2508835,2511242,6178,6227,49,0,0,0
2508795,baeb286b-f0d0-270f-d4d1-3d551db6b844,1,2502613,2502657,2508795,2510495,6138,6182,44,0,0,0
2508795,d6cd3155-08a8-ac7f-8621-38ad0f09105c,1,2502614,2502657,2508795,2506685,6138,6181,43,0,0,0
2508846,f1578470-0182-67c4-7a1b-58066160a6b4,1,2502617,2502657,2508846,2507324,6189,6229,40,0,0,0
2508888,0592bfa5-b928-e23f-4ee4-334ece920136,1,2502602,2502657,2508888,2509290,6231,6286,55,0,0,0
2508888,da3c45ca-43d7-8f2b-769d-e1e34eed4124,1,2502612,2502657,2508888,2506094,6231,6276,45,0,0,0
2508886,49bc473f-ed7b-f656-218a-15368c99a894,1,2502621,2502657,2508886,2506328,6229,6265,36,0,0,0
2508879,11836c4f-2492-04c7-ad58-db1bfe31537a,1,2502624,2502657,2508879,2506007,6222,6255,33,0,0,0
2508879,a61f0b96-e75f-745a-aa1d-3fc65f31273d,1,2502627,2502657,2508879,2505763,6222,6252,30,0,0,0
2508939,3f5fbf4f-d417-6230-5274-ee11b61df906,1,2502610,2502657,2508939,2510126,6282,6329,47,0,0,0
2508939,f836f571-3cce-c76c-b836-c448ad261ec5,1,2502613,2502657,2508939,2506271,6282,6326,44,0,0,0
2508938,905c7bdd-74f0-beae-6a59-43ce836435e3,1,2502619,2502657,2508938,2507391,6281,6319,38,0,0,0
2508939,7a6e43d0-d9c5-9cd9-b09d-721b62be4009,1,2502619,2502657,2508939,2509791,6282,6320,38,0,0,0
2508938,c82f78fd-936c-d31c-f7bf-52447db2a7aa,1,2502620,2502657,2508938,2508426,6281,6318,37,0,0,0
2509002,7a3a6e96-23ff-23d3-fb4f-b88a2f4dd219,1,2502597,2502597,2509002,2510526,6405,6405,0,0,0,0
2508986,47419b48-34ae-4abd-36fc-e0acb4698db3,1,2502627,2502657,2508986,2509522,6329,6359,30,0,0,0
2509232,aa604892-3926-12e9-5b58-eb49c9784b52,8,2468714,2468714,2509232,2493345,40518,40518,0,0,0,0
2510074,4806f804-0cf0-374c-0c74-dc0f5a575539,1,2504209,2504238,2510074,2509559,5836,5865,29,0,0,0
2510074,dfda35b2-28b2-bf21-4d47-0ed6a6663769,1,2504209,2504238,2510074,2510551,5836,5865,29,0,0,0
2510127,ad05b912-5ab2-8d4a-8bd8-8fcd57a2be4e,1,2504205,2504238,2510127,2510623,5889,5922,33,0,0,0
2510129,dc3f42e0-fcf7-b842-1edf-3bfad12e0eb5,1,2504205,2504238,2510129,2509264,5891,5924,33,0,0,0
2510128,1d48a071-ab61-a7b1-793b-4c3220500494,1,2504209,2504238,2510128,2510415,5890,5919,29,0,0,0
2510075,40a26c60-0d27-0659-f72a-da9b2f32751e,1,2504209,2504238,2510075,2511158,5837,5866,29,0,0,0
2510119,3d225c30-b28f-41de-fb14-0bc3304b8590,1,2504209,2504238,2510119,2510848,5881,5910,29,0,0,0
2510127,afd380c4-2713-582c-f41e-a3ac5fd23109,1,2504209,2504238,2510127,2509797,5889,5918,29,0,0,0
2510128,0840405a-ffd2-f491-dff3-89aa4c36a70c,1,2504209,2504238,2510128,2511759,5890,5919,29,0,0,0
2510075,0cb5ee5c-62f5-f7c2-0706-fec248fa4e98,1,2504209,2504238,2510075,2512782,5837,5866,29,0,0,0
2510086,9416e4dc-c6b2-8def-f8d8-b7f1c86c6544,1,2504210,2504238,2510086,2508040,5848,5876,28,0,0,0
2510128,7a89cbeb-b807-d78a-b788-f5d1ffe575f6,1,2504211,2504238,2510128,2509310,5890,5917,27,0,0,0
2510179,5d42b9e9-692e-07b6-0b2f-6d5c700b5d5f,1,2504163,2504178,2510179,2510718,6001,6016,15,0,0,0
2510138,7249f62c-0898-7462-980c-b95c19d45deb,1,2504163,2504178,2510138,2511451,5960,5975,15,0,0,0
2510138,47c1c017-6045-2909-536d-47d73e0f84ce,1,2504163,2504178,2510138,2507814,5960,5975,15,0,0,0
2510190,0123a348-638a-bdf6-6df7-2cd3979aa051,1,2504163,2504178,2510190,2511130,6012,6027,15,0,0,0
2510140,8f964685-3514-5890-84c8-6c4623595fa4,1,2504205,2504238,2510140,2511947,5902,5935,33,0,0,0
2510168,f090f5a0-ce61-0199-6e3a-0ba8ac8d6c7d,1,2504205,2504238,2510168,2510805,5930,5963,33,0,0,0
2510140,35adde88-43e4-f668-02ea-d2df725656e3,1,2504205,2504238,2510140,2511346,5902,5935,33,0,0,0
2510139,75175f39-7354-44fb-e44a-0371c5ab4e57,1,2504205,2504238,2510139,2510667,5901,5934,33,0,0,0
2510139,3e42df5b-90a3-fbbf-7580-e05067f1698c,1,2504210,2504238,2510139,2510308,5901,5929,28,0,0,0
2510235,13eb22c9-bece-d21a-54c7-743b2401342a,1,2504171,2504178,2510235,2512351,6057,6064,7,0,0,0
2510237,efb56207-ddec-c40b-afe3-af13891778e8,1,2504205,2504238,2510237,2509369,5999,6032,33,0,0,0
2510272,901bcdef-b56f-f8ce-7d66-971e88476c56,1,2504164,2504178,2510272,2509369,6094,6108,14,0,0,0
2510261,7233d5af-9813-3da1-7d21-20ad5f59fb4d,1,2504167,2504178,2510261,2509284,6083,6094,11,0,0,0
2510281,97ac6aa8-bb24-88a3-d363-57b66f81cf4f,1,2504170,2504178,2510281,2512260,6103,6111,8,0,0,0
2510374,6a5e6920-bf5a-e7e6-53a3-dd5a4b8c5bdc,1,2504172,2504178,2510374,2513299,6196,6202,6,0,0,0
2510420,7e0f60b2-2a06-1609-e599-bd3c0bb81d38,1,2504163,2504178,2510420,2510789,6242,6257,15,0,0,0
2510411,9918ee46-1497-d658-7010-f7197e695d0d,1,2504167,2504178,2510411,2507342,6233,6244,11,0,0,0
2510410,25c73c44-3e75-c3b4-664f-a6637e8f8095,1,2504168,2504178,2510410,2509380,6232,6242,10,0,0,0
2510403,0a0537f0-2c2c-d22b-a568-95c6812a1f9b,1,2504168,2504178,2510403,2512994,6225,6235,10,0,0,0
2510410,673ba8bd-c38c-1dec-5da3-9a73ba3df7ff,1,2504168,2504178,2510410,2508102,6232,6242,10,0,0,0
2510432,e8b3d763-f4ff-3f3a-4d9d-baeb553d2625,1,2504171,2504178,2510432,2511526,6254,6261,7,0,0,0
2510433,6c5a6c93-871c-0884-9bdf-90f2ba2c0f19,1,2504172,2504178,2510433,2511583,6255,6261,6,0,0,0
2510433,07c0d116-a394-ed54-9e3c-5a886aa56e6d,1,2504205,2504238,2510433,2509565,6195,6228,33,0,0,0
2510468,c55523ed-fe89-56c8-d9cb-3540643ffdae,1,2504167,2504178,2510468,2510805,6290,6301,11,0,0,0
2510442,8b0901ab-c66d-ceb3-4494-5e091d3ca5a4,1,2504168,2504178,2510442,2511463,6264,6274,10,0,0,0
2510458,966b62ea-9f80-b96b-b34e-356ac95b61f8,1,2504168,2504178,2510458,2507619,6280,6290,10,0,0,0
2510468,a3a6ef83-cab6-3107-6fd6-9b3af2dd9456,1,2504169,2504178,2510468,2509854,6290,6299,9,0,0,0
2510526,0bc57207-3e9a-ec86-0325-4fbddce8e1c5,1,2504163,2504178,2510526,2511304,6348,6363,15,0,0,0
2510517,a2a9d4d8-102e-fde5-a5cc-8bf738ab854c,1,2504164,2504178,2510517,2511415,6339,6353,14,0,0,0
2510550,66132e69-7418-8109-d3d1-bf0f56c438e4,1,2504167,2504178,2510550,2511904,6372,6383,11,0,0,0
2510522,6dec6bbd-f697-77a1-59fe-3d53624fea4b,1,2504172,2504178,2510522,2510365,6344,6350,6,0,0,0
2510524,008ffab9-38c4-6b38-a8ae-57b9c262cad0,1,2504205,2504238,2510524,2508261,6286,6319,33,0,0,0
2510515,57b936b0-3346-a332-fe0a-824e232a5e82,1,2504631,2504631,2510515,2513065,5884,5884,0,0,0,0
2510548,f165d779-0154-7950-176d-e21f1b46ebdc,1,2504642,2504691,2510548,2508944,5857,5906,49,0,0,0
2510607,3f738f50-19a2-676f-28dd-2bfdf956be95,1,2504631,2504631,2510607,2513291,5976,5976,0,0,0,0
2510616,8fc3d7d3-f6bd-80c7-624a-2a50d0b1fde0,1,2504163,2504178,2510616,2509096,6438,6453,15,0,0,0
2510670,49646b96-fa3c-1628-8926-21df465568b7,1,2504677,2504691,2510670,2507676,5979,5993,14,0,0,0
2510708,a3b5cece-a446-be72-364c-911aa9ab364a,1,2504632,2504691,2510708,2511449,6017,6076,59,0,0,0
2510721,da2cf852-0a19-0939-dfc7-ab262cb941fc,1,2504642,2504691,2510721,2509203,6030,6079,49,0,0,0
2510715,71299889-a01a-c992-7f9d-3e64c1a6423b,1,2504673,2504691,2510715,2508524,6024,6042,18,0,0,0
2510714,dabac50d-ca3d-d859-c5ce-099c46b82659,1,2504673,2504691,2510714,2510496,6023,6041,18,0,0,0
2510715,378e6510-8f10-d33e-abe4-2e7db96c1163,1,2504673,2504691,2510715,2508437,6024,6042,18,0,0,0
2510714,18fdd2b9-79e5-c9aa-592a-35497ba109d0,1,2504673,2504691,2510714,2508488,6023,6041,18,0,0,0
2510715,1d2c2721-7522-0646-3273-75bf5373bf4d,1,2504673,2504691,2510715,2509065,6024,6042,18,0,0,0
2510715,38958939-9342-a09f-b00a-c64c949cd8d4,1,2504674,2504691,2510715,2508747,6024,6041,17,0,0,0
2510713,bdf66ba5-dc9c-96de-65a6-74c212738a23,1,2504677,2504691,2510713,2511218,6022,6036,14,0,0,0
2510714,1df05d18-4e2d-6255-3d13-1a3d1e2c2e7d,1,2504677,2504691,2510714,2510637,6023,6037,14,0,0,0
2510714,95e7f614-42b4-0281-5f26-946654d1332a,1,2504677,2504691,2510714,2509492,6023,6037,14,0,0,0
2510713,7746d0ba-8ae8-905b-54b4-a48268586eba,1,2504678,2504691,2510713,2507812,6022,6035,13,0,0,0
2510702,27c6cbb1-cedd-069d-f96c-9a0a3404c02a,1,2504678,2504691,2510702,2509740,6011,6024,13,0,0,0
2510701,473bd358-610e-6a64-e130-1617c2dff335,1,2504679,2504691,2510701,2510839,6010,6022,12,0,0,0
2510701,20156a72-12e1-53a6-932c-ae01d2c65ee4,1,2504679,2504691,2510701,2510844,6010,6022,12,0,0,0
2510762,34ec5264-ad7d-6f81-39a0-f145a5bab050,1,2504643,2504691,2510762,2508432,6071,6119,48,0,0,0
2510773,ebd34616-91b7-8d8e-d301-6989bfbbb17f,1,2504672,2504691,2510773,2513170,6082,6101,19,0,0,0
2510758,2bd3cdcd-2779-4685-94a5-3fdef10d27c8,1,2504674,2504691,2510758,2509732,6067,6084,17,0,0,0
2510743,8d536c75-65b9-0e94-8e6d-e263635a775d,1,2504676,2504691,2510743,2511661,6052,6067,15,0,0,0
2510743,e3395b1a-1ce9-7871-7cf5-9d5feb9f33cb,1,2504679,2504691,2510743,2513536,6052,6064,12,0,0,0
2510852,6fdc0bad-5e36-8127-cca1-b45c1fdd980a,1,2504633,2504691,2510852,2513623,6161,6219,58,0,0,0
2510851,cb6ad0c7-a235-6dd4-1355-08d073b5bad5,1,2504633,2504691,2510851,2509790,6160,6218,58,0,0,0
2510809,8de08fc2-c3e1-5a85-d46e-f10411906f50,1,2504637,2504691,2510809,2510025,6118,6172,54,0,0,0
2510849,b60b4f87-5dd8-effc-1f87-8b322b429596,1,2504640,2504691,2510849,2510572,6158,6209,51,0,0,0
2510824,1b84edc3-d8e0-49de-0217-ea0e896490ab,1,2504641,2504691,2510824,2508257,6133,6183,50,0,0,0
2510848,f50d7a37-a44d-9fec-fd85-d7fa8ac97b01,1,2504648,2504691,2510848,2510231,6157,6200,43,0,0,0
2510851,8edddfcd-1e52-d770-3f89-7142fe716b14,1,2504672,2504691,2510851,2511269,6160,6179,19,0,0,0
2510820,b1fead13-f280-df1d-9a6c-0db952171c88,1,2504683,2504691,2510820,2508867,6129,6137,8,0,0,0
2510888,cfdfc6f9-eb0f-827c-e82a-3879f2b5a7ea,1,2504637,2504691,2510888,2513287,6197,6251,54,0,0,0
2510878,a8761e85-bddf-a03a-aa84-30f84f2da233,1,2504640,2504691,2510878,2510287,6187,6238,51,0,0,0
2510928,ebe9e207-4f19-9ec0-c32d-4526b3e4110a,1,2504633,2504691,2510928,2511445,6237,6295,58,0,0,0
2510963,1a5165ca-3c7c-1d85-25cf-0041d0a643fe,1,2504636,2504691,2510963,2512855,6272,6327,55,0,0,0
2510927,6307d4d1-21c9-a15d-5104-5a16ef15ab72,1,2504636,2504691,2510927,2510092,6236,6291,55,0,0,0
2510927,910c4cb7-25f0-6b0a-264e-f59d6a18e5af,1,2504636,2504691,2510927,2509121,6236,6291,55,0,0,0
2510926,dd20c3bf-d342-af08-0a8b-b5b490494583,1,2504637,2504691,2510926,2508664,6235,6289,54,0,0,0
2511030,0d557b61-8a17-5dfe-bfc0-0dc804f64d86,1,2502679,2502717,2511030,2507946,8313,8351,38,0,0,0
2511007,ab0e664e-9c3e-b2d5-91e1-aa9676f72255,1,2502679,2502717,2511007,2514546,8290,8328,38,0,0,0
2511030,d1f16485-429a-4a7c-4c80-d33aad5be3c8,1,2502679,2502717,2511030,2513246,8313,8351,38,0,0,0
2511023,68bd075b-7eb6-581e-a72f-947d816462cb,1,2502684,2502717,2511023,2512923,8306,8339,33,0,0,0
2511041,ae455cc6-b88e-830f-de1e-994ac5a11f5c,1,2502679,2502717,2511041,2512966,8324,8362,38,0,0,0
2511042,9adf4709-ac75-c344-608e-149e44b9e602,1,2502679,2502717,2511042,2514866,8325,8363,38,0,0,0
2511066,497de16d-d4ea-120a-5e65-96540e9058b6,1,2502683,2502717,2511066,2513930,8349,8383,34,0,0,0
2511042,0eaf04b5-f2a9-dc8a-ca9e-4a62fae3114b,1,2502683,2502717,2511042,2507615,8325,8359,34,0,0,0
2511042,3d4196fe-963a-8617-bdab-07e79d9d028e,1,2502683,2502717,2511042,2508189,8325,8359,34,0,0,0
2511041,eb053fc4-1b65-6dab-2de4-6e91e8e6e840,1,2502683,2502717,2511041,2509742,8324,8358,34,0,0,0
2511042,8de1596c-5a9a-206a-16f1-42a206b919aa,1,2502683,2502717,2511042,2506848,8325,8359,34,0,0,0
2511041,ec4e8cbb-a2aa-378c-659e-0258814ff657,1,2502684,2502717,2511041,2509126,8324,8357,33,0,0,0
2511066,445dcc38-341c-6494-0d36-6dfcc28ebd70,1,2502685,2502717,2511066,2509443,8349,8381,32,0,0,0
2511058,9f64eeed-5c9d-927d-84b8-71bb300568d2,1,2502686,2502717,2511058,2512660,8341,8372,31,0,0,0
2511089,4fe54745-5827-4e80-e082-1918b18ad67d,1,2502686,2502717,2511089,2510781,8372,8403,31,0,0,0
2511038,5c70ee97-fca4-5567-0316-d2d6fa4a58ef,1,2504632,2504691,2511038,2513497,6347,6406,59,0,0,0
2511036,43b9da13-ec85-6f37-3bc1-a987aff8754d,1,2504635,2504691,2511036,2511874,6345,6401,56,0,0,0
2511036,b18753e6-d457-8ad9-a867-a096edd877c8,1,2504635,2504691,2511036,2512772,6345,6401,56,0,0,0
2511058,e39836bb-e23d-dfaa-efad-49e9c41c147e,1,2504637,2504691,2511058,2511474,6367,6421,54,0,0,0
2511142,a21b0307-82af-085c-138d-994c2b0abedd,1,2502684,2502717,2511142,2509887,8425,8458,33,0,0,0
2511101,c257cf73-c29d-782b-2722-796e9a36d1ec,1,2502684,2502717,2511101,2507694,8384,8417,33,0,0,0
2511101,a137f8e4-67b1-3040-cc39-b9253b5ae288,1,2502684,2502717,2511101,2514285,8384,8417,33,0,0,0
2511101,a981b098-b2cf-952d-a7f3-33b3f7baf55e,1,2502686,2502717,2511101,2510691,8384,8415,31,0,0,0
2511120,55273407-7cd2-192f-14b0-0f62c768b07f,1,2502686,2502717,2511120,2513214,8403,8434,31,0,0,0
2511107,095ffa81-40d9-2bce-7930-ba208b040f49,1,2504632,2504691,2511107,2509767,6416,6475,59,0,0,0
2511108,9c3de1b0-022b-6683-9033-da6587cf63fd,1,2504632,2504691,2511108,2511374,6417,6476,59,0,0,0
2512324,ad9fb00d-4882-d73c-1c63-45ab6e0ed1e8,1,2497644,2497699,2512324,2508600,14625,14680,55,0,0,0
2512461,ec95b3ac-0beb-7c34-4566-7c4879ba630a,1,2504247,2504298,2512461,2515638,8163,8214,51,0,0,0
2512503,f796611f-c7c1-fb1b-dd58-631b052226b9,1,2504242,2504298,2512503,2511150,8205,8261,56,0,0,0
2512513,30c9c51f-c80b-2af7-d315-fafa7500f785,1,2504242,2504298,2512513,2513627,8215,8271,56,0,0,0
2512503,8fbba749-5fcd-859e-d6e1-8109d7e174e6,1,2504243,2504298,2512503,2511897,8205,8260,55,0,0,0
2512520,92779574-c457-6cc3-35f7-89bca6b07458,1,2504247,2504298,2512520,2512790,8222,8273,51,0,0,0
2512520,bd1a8f4b-88ff-bd40-3b72-c86d92fa675f,1,2504247,2504298,2512520,2515764,8222,8273,51,0,0,0
2512533,95560a2d-3713-b466-3da0-6476f778c676,1,2504242,2504298,2512533,2515319,8235,8291,56,0,0,0
2512562,0d259caa-b8ad-ad87-3a40-45dd93dfd907,1,2504242,2504298,2512562,2511461,8264,8320,56,0,0,0
2512542,cd6bb03b-eb35-37a0-2d6e-0291b7893986,1,2504242,2504298,2512542,2516361,8244,8300,56,0,0,0
2512561,21c71aa3-7414-23b5-0e3e-25f2cf0671c7,1,2504244,2504298,2512561,2515568,8263,8317,54,0,0,0
2512579,949077c2-7674-456f-626d-719d81cf3252,1,2504246,2504298,2512579,2510610,8281,8333,52,0,0,0
2512550,5f89ed12-64d6-dfbf-18c0-1e2bf99f0704,1,2504246,2504298,2512550,2508853,8252,8304,52,0,0,0
2512549,c01f36bf-3e6d-d58b-7367-c28de1b294de,1,2504247,2504298,2512549,2515726,8251,8302,51,0,0,0
2512549,8e676a01-d86a-6460-59a1-120e1bb43332,1,2504249,2504298,2512549,2512960,8251,8300,49,0,0,0
2512606,3b41c943-ebd8-a3b1-0b3d-0c3617d09810,1,2504247,2504298,2512606,2510966,8308,8359,51,0,0,0
2512662,1d181ee9-86ad-8a8c-6bc4-123ebde13c1b,1,2504243,2504298,2512662,2511771,8364,8419,55,0,0,0
2512651,f4acc7e2-fa57-5cea-3957-134490a4a421,1,2504247,2504298,2512651,2509632,8353,8404,51,0,0,0
2512740,73253aa3-ec17-0298-143d-f5b3a58e83dd,1,2504246,2504298,2512740,2509964,8442,8494,52,0,0,0
2512810,1422373f-8622-68d1-6683-e10796c044d0,1,2497642,2497699,2512810,2505724,15111,15168,57,0,0,0
2512763,5c56d9bc-5111-d31d-63be-441dbd5a0c9e,1,2504242,2504298,2512763,2510806,8465,8521,56,0,0,0
2512766,c9ea356a-7abf-cebf-d42c-b1ae19f738cb,1,2504243,2504298,2512766,2513362,8468,8523,55,0,0,0
2513069,cb881c32-cbb0-2a8b-d908-a121d1a7ba20,1,2504718,2504751,2513069,2516985,8318,8351,33,0,0,0
2513106,a3bfe403-388c-9751-9c83-79aef7b02805,1,2504713,2504751,2513106,2511983,8355,8393,38,0,0,0
2513124,47503f1d-c33a-1f6c-1d69-1fba5e187b24,1,2504716,2504751,2513124,2517028,8373,8408,35,0,0,0
2513120,e2c328aa-3310-7475-ca86-22250b36e356,1,2504716,2504751,2513120,2511530,8369,8404,35,0,0,0
2513095,f5159494-3818-cfd3-3889-936a9d5817e8,1,2504716,2504751,2513095,2512708,8344,8379,35,0,0,0
2513103,c926a021-19da-8262-c790-3dc5900c0af7,1,2504716,2504751,2513103,2512509,8352,8387,35,0,0,0
2513120,0cf173f9-74d9-d1f5-0877-58043fde9814,1,2504716,2504751,2513120,2515682,8369,8404,35,0,0,0
2513104,260e37cc-6287-4624-a433-1510ad21b4cc,1,2504716,2504751,2513104,2516873,8353,8388,35,0,0,0
2513077,4f67448e-10ec-eb1f-a4a5-c736ae59aa52,1,2504718,2504751,2513077,2515267,8326,8359,33,0,0,0
2513182,92a54d04-f2dd-e1f5-b3b6-d344f2e3c6f0,1,2504712,2504751,2513182,2512669,8431,8470,39,0,0,0
2513156,f2f25eef-1f45-dbfd-f7dc-67e030974b2b,1,2504713,2504751,2513156,2511394,8405,8443,38,0,0,0
2513156,ce315937-34fa-32b6-d043-7e4c34e50699,1,2504713,2504751,2513156,2514079,8405,8443,38,0,0,0
2513130,216e9fe5-93f3-7596-8c1c-8b0556771f36,1,2504716,2504751,2513130,2513780,8379,8414,35,0,0,0
2513203,ea163354-a35f-c9c1-9804-95628972abbd,1,2504713,2504751,2513203,2510395,8452,8490,38,0,0,0
2513239,43d75413-a939-ebd1-e516-b0d47d3572cc,1,2504716,2504751,2513239,2511625,8488,8523,35,0,0,0
2513299,0bd4a990-0640-be0f-25b8-fd4b32fa2de8,1,2504712,2504751,2513299,2516204,8548,8587,39,0,0,0
2513275,3d0a5f0c-0c39-4ec7-1f31-74054d183eba,1,2504712,2504751,2513275,2509869,8524,8563,39,0,0,0
2513253,a38295d3-1e0e-f546-b0b6-dedf4f9c4027,1,2504712,2504751,2513253,2513088,8502,8541,39,0,0,0
2513300,0f6ce9bf-fe7e-e362-8a89-b0f0105291d3,1,2504712,2504751,2513300,2512608,8549,8588,39,0,0,0
2513300,bb7b6c05-2852-2ca2-f9d2-014a22ee7f07,1,2504712,2504751,2513300,2512529,8549,8588,39,0,0,0
2514068,288f3435-c3b5-34db-9387-03c92b29bf36,1,2497639,2497639,2514068,2515906,16429,16429,0,0,0,0
2514127,7cd0129d-2e8d-0e87-5334-20e6d9d80b8d,1,2497639,2497639,2514127,2513130,16488,16488,0,0,0,0
2514116,1c0f0bdc-ac7e-937c-54cc-1e2a5e4cb287,1,2497639,2497639,2514116,2520216,16477,16477,0,0,0,0
2514117,5d71a898-6497-6593-c92e-8c93d105c8d6,1,2497639,2497639,2514117,2521868,16478,16478,0,0,0,0
2514150,8f7c1d59-594b-2a3a-7ad4-65a15129950d,1,2497639,2497639,2514150,2518715,16511,16511,0,0,0,0
2514151,865a7766-ad8c-bfea-de4b-061eb45e9463,1,2497639,2497639,2514151,2513913,16512,16512,0,0,0,0
2514139,6502d6a2-ca6a-2224-171e-16cc5da36f1b,1,2497642,2497699,2514139,2520890,16440,16497,57,0,0,0
2514172,fe54ee4b-80ff-5173-23df-ecd70e731dd7,1,2497645,2497699,2514172,2513821,16473,16527,54,0,0,0
2514171,3e2b6091-a092-f52a-d4a0-57a7b0cc1b3b,1,2497646,2497699,2514171,2515975,16472,16525,53,0,0,0
2514178,785299f4-175b-a98d-f814-01027de1bdfe,1,2497646,2497699,2514178,2514428,16479,16532,53,0,0,0
2514198,b08a4895-d4ff-a666-75c8-e90d9e3d750d,1,2497639,2497639,2514198,2516488,16559,16559,0,0,0,0
2514232,65bcc272-fadd-7ea3-aca5-e2fdb966442a,1,2497642,2497699,2514232,2509840,16533,16590,57,0,0,0
2514231,735741e5-fe1a-1ba9-c896-9c5b45f8c28d,1,2497643,2497699,2514231,2521800,16532,16588,56,0,0,0
2514201,30d73df7-1c22-1cea-b355-56a5f2bd92f2,1,2497646,2497699,2514201,2519270,16502,16555,53,0,0,0
2514241,e1509425-891f-4683-de12-dbf1493d6196,1,2497646,2497699,2514241,2509686,16542,16595,53,0,0,0
2514208,66c14dca-8255-da61-9a3b-031932f57510,1,2497647,2497699,2514208,2509318,16509,16561,52,0,0,0
2514254,530ac1c7-b8ba-8368-4fc7-77685ebbcca5,1,2497639,2497639,2514254,2512249,16615,16615,0,0,0,0
2514308,048c8480-a743-7402-bec7-fb117f53dc0a,1,2497639,2497639,2514308,2515800,16669,16669,0,0,0,0
2514264,9c07a751-1437-4509-2cd1-586a2b840c67,1,2497643,2497699,2514264,2515393,16565,16621,56,0,0,0
2514364,30e912f2-f2b4-3abf-8441-aefd0299436a,1,2497642,2497699,2514364,2508124,16665,16722,57,0,0,0
2514433,67884209-92ca-525a-6de5-93329364f3d0,1,2497643,2497699,2514433,2512843,16734,16790,56,0,0,0
2514464,6e3c4532-1434-8f62-6cac-028cba220065,1,2497643,2497699,2514464,2519007,16765,16821,56,0,0,0
2514506,9280c5aa-8dd4-595b-5c63-b6f306ba8cd3,1,2497643,2497699,2514506,2506180,16807,16863,56,0,0,0
2549606,bab2b77d-fa74-0cc8-a43a-fb7ac40d4874,64,2525182,2525182,2549606,2549370,24424,24424,0,0,0,0
2549737,97867b12-1328-1726-64f4-34d6d1e91691,64,2520396,2520396,2549737,2536228,29341,29341,0,0,0,0
2569826,1b1f2eb1-6e32-55a8-cbd5-cc86f73936e9,64,2538433,2538433,2569826,2559899,31393,31393,0,0,0,0
2581402,34fadee1-0696-9d48-18d4-2238331de35c,4,2552954,2553011,2581402,2579506,28391,28448,57,0,0,0
2610594,dd750e98-90e0-b95f-0212-b554464458b4,4,2552951,2552951,2610594,2595884,57643,57643,0,0,0,0
2709556,9b792afa-2a3d-418d-a754-a29ff143e545,8,2700358,2700358,2709556,2713482,9198,9198,0,0,0,0
2718115,c7cfeca8-22b9-f24c-6744-3fb881bd55d5,8,2700358,2700358,2718115,2717788,17757,17757,0,0,0,0
2916936,5bc677ca-abff-9286-f0cf-9d73e8121ef0,16,2795635,2795635,2916936,2911677,121301,121301,0,0,0,0
2968770,7af6cd41-99a7-b99b-a005-f5e1a97a2846,64,2964321,2964321,2968770,2970108,4449,4449,0,0,0,0
2989079,db7904e0-ce30-a61d-0e88-c8ece651e3e1,1,2988433,2988433,2989079,2988912,646,646,0,0,0,0
2989130,c777a07f-6346-d4ef-69ef-74e34ab6821c,1,2988449,2988493,2989130,2989146,637,681,44,0,0,0
2989130,1238d630-743b-65a2-dc0f-2fcfb3f6fe0d,1,2988451,2988493,2989130,2989145,637,679,42,0,0,0
2989130,618ae305-95a5-bafa-431d-029fac1e86d8,1,2988453,2988493,2989130,2989213,637,677,40,0,0,0
2989139,6b790d01-3cf8-8d20-fbad-793f87a1ec02,1,2988462,2988493,2989139,2988954,646,677,31,0,0,0
2989114,e82b5b36-4269-c28c-4bac-bedfff5a229e,1,2988463,2988493,2989114,2988863,621,651,30,0,0,0
2989114,a9f948b2-4e63-84bb-3e49-3f43b118f68d,1,2988467,2988493,2989114,2989217,621,647,26,0,0,0
2989139,8e485223-46b9-8991-e14e-b70db380c73a,1,2988493,2988493,2989139,2989303,646,646,0,0,0,0
2989190,f6febc0e-7ecd-dbaf-26f0-5fcffb16e5db,1,2988552,2988553,2989190,2989307,637,638,1,0,0,0
2989189,8fddbebc-f7ff-88d4-b509-f08a2c988bca,1,2988552,2988553,2989189,2989379,636,637,1,0,0,0
2989241,e64b9b37-ae01-a122-f269-921c2edd9141,1,2988575,2988613,2989241,2989231,628,666,38,0,0,0
2989423,1f115b76-d92c-9227-eadf-50853fcb7546,1,2988528,2988553,2989423,2989617,870,895,25,0,0,0
2989437,95ca788d-d6bc-a712-6ecc-a931ef705d01,1,2988497,2988553,2989437,2989487,884,940,56,0,0,0
2989438,92b26acd-cd1f-75a3-71b6-5ca175873920,1,2988506,2988553,2989438,2989442,885,932,47,0,0,0
2989474,ae27d432-1dc1-e7eb-711c-767385351a69,1,2988565,2988613,2989474,2989099,861,909,48,0,0,0
2996885,03802b70-8d03-c91e-4f8d-5238288b78b5,1,2991284,2991284,2996885,2995417,5601,5601,0,0,0,0
3124653,cf0df860-ebc9-2914-5176-a9d19a3624d6,16,3122606,3122606,3124653,3125043,2047,2047,0,0,0,0
3157385,f6b751f7-9b74-9245-9b1b-c8952af43ab7,1,3145916,3145969,3157385,3154474,11416,11469,53,0,0,0
3157419,5efa9c5b-7421-ff46-637e-4b0122bae10e,1,3145911,3145969,3157419,3152980,11450,11508,58,0,0,0
3157488,f91e5fcd-85ec-e729-d4dd-1b56435391b2,1,3145909,3145909,3157488,3155811,11579,11579,0,0,0,0
3157710,0ba6eab9-4639-447b-2067-bdac88bd13d1,1,3145911,3145969,3157710,3155435,11741,11799,58,0,0,0
3161395,c2e79a98-5c23-8d8d-71da-35b94eea9db8,1,3159416,3159416,3161395,3161316,1979,1979,0,0,0,0
3174932,d25864f2-25d4-a0fc-6154-2765d756ba9c,1,3173137,3173137,3174932,3175263,1795,1795,0,0,0,0
3174970,f166cdcf-762c-dfbc-ba2a-a7baf3f81c31,1,3173206,3173206,3174970,3174881,1764,1764,0,0,0,0
3175139,d1682e09-f1f7-d904-1307-5157d8c128e7,1,3173320,3173320,3175139,3174841,1819,1819,0,0,0,0
3175141,aee1e86b-9ea5-56aa-61ee-6c5bdeef580f,1,3173382,3173382,3175141,3175553,1759,1759,0,0,0,0
3175182,cdd0b4d4-5542-27de-b6ad-f48b2314d0c8,1,3173384,3173442,3175182,3175629,1740,1798,58,0,0,0
3175354,3ae28023-5472-0d2d-3239-9ffb27046f25,1,3173465,3173502,3175354,3174776,1852,1889,37,0,0,0
3175492,a6fd0cb1-16e6-e5c0-c4cb-294fe86e8e63,1,3173704,3173704,3175492,3175180,1788,1788,0,0,0,0
3175513,f3d04ffb-4470-9848-929e-cc924a11be44,1,3173633,3173633,3175513,3175059,1880,1880,0,0,0,0
3176184,d61169a1-ff46-a6bf-094d-916deb6d2fed,1,3174332,3174332,3176184,3175681,1852,1852,0,0,0,0
3226301,695e5ea9-c923-0c64-c006-2b5bf67839b2,1,3224543,3224543,3226301,3225530,1758,1758,0,0,0,0
3226334,8fe069b6-eeda-a802-4568-f42689e03e22,1,3224543,3224543,3226334,3226704,1791,1791,0,0,0,0
3226369,e1bbb8cd-7e3a-9f07-69fd-28e6e271fff9,1,3224543,3224543,3226369,3226626,1826,1826,0,0,0,0
3226373,1c24220e-2cab-d7e7-cc6b-66e5402adf9c,1,3224548,3224603,3226373,3225975,1770,1825,55,0,0,0
3226418,f76b9723-a990-2071-ffda-9a9382f29004,1,3224548,3224603,3226418,3226992,1815,1870,55,0,0,0
3226418,b69f75c5-c82b-a1be-61eb-64e6fd498e20,1,3224549,3224603,3226418,3225956,1815,1869,54,0,0,0
3226417,409d3602-5084-3242-168b-1625746f7891,1,3224550,3224603,3226417,3227158,1814,1867,53,0,0,0
3226435,3be79df4-72ec-f16e-c8a7-23e9bfa016c2,1,3224543,3224543,3226435,3226756,1892,1892,0,0,0,0
3226424,7466ef02-5e7b-72c8-e097-dedbefb3b939,1,3224543,3224543,3226424,3225980,1881,1881,0,0,0,0
3226424,7f0223bc-651e-a252-b974-4cded259f960,1,3224543,3224543,3226424,3226886,1881,1881,0,0,0,0
3226442,3967e60a-823d-d107-5c8a-c066cb2fafa3,1,3224547,3224603,3226442,3225512,1839,1895,56,0,0,0
3226527,042b03ca-75a7-2686-d632-1d31c8acffcf,1,3224547,3224603,3226527,3227171,1924,1980,56,0,0,0
3226505,0769165f-e746-ccb9-4ca9-cf07b1aa0f6a,1,3224548,3224603,3226505,3225784,1902,1957,55,0,0,0
3226527,67213a70-17d5-0f59-c4d5-98f7e14fe093,1,3224548,3224603,3226527,3225815,1924,1979,55,0,0,0
3226505,670acc5c-b321-bf21-4dd8-eb85b04d3376,1,3224549,3224603,3226505,3227328,1902,1956,54,0,0,0
3226621,6147adeb-277b-0667-4499-d0a615007170,1,3224544,3224603,3226621,3227118,2018,2077,59,0,0,0
3226642,1d34d08e-7a4c-75d4-dc99-e04cf0e98b3b,1,3224551,3224603,3226642,3226953,2039,2091,52,0,0,0
3226742,059dd55d-4b94-3e30-b303-f438fe2110d0,1,3224543,3224543,3226742,3227085,2199,2199,0,0,0,0
3226761,46e1ee40-dc8a-b6a7-533c-2ed5a3fe0479,1,3224545,3224603,3226761,3225892,2158,2216,58,0,0,0
3226822,51cbf9e5-fb7d-3ba1-58c8-8c483ced4d1f,1,3224544,3224603,3226822,3226044,2219,2278,59,0,0,0
3230460,b4746349-49fc-2cd8-c56b-ad4c4c3077c4,1,3225060,3225060,3230460,3229731,5400,5400,0,0,0,0
3230499,e9ad0e9b-8c9a-a1e9-b3b2-63376a74dbb7,1,3225060,3225060,3230499,3228307,5439,5439,0,0,0,0
3230480,36a2c52b-0047-3139-185d-f528b4258e19,1,3225060,3225060,3230480,3230278,5420,5420,0,0,0,0
3230461,3e19fc1d-9f6a-6a65-bd54-da044dcd0009,1,3225060,3225060,3230461,3228768,5401,5401,0,0,0,0
3230616,8ac35ac4-5dea-a737-fdab-3441d2c2a960,1,3225062,3225120,3230616,3228845,5496,5554,58,0,0,0
3230759,a9e8f0d8-5883-09de-7b5f-be413fa2bde0,1,3225065,3225120,3230759,3229829,5639,5694,55,0,0,0
3230803,e3837348-873d-c8bd-122d-d7be980bc81e,1,3225060,3225060,3230803,3233557,5743,5743,0,0,0,0
3230767,9458054e-c287-4f06-9050-f7efc1235c91,1,3225064,3225120,3230767,3229504,5647,5703,56,0,0,0
3230768,c342bd2b-f295-456e-1967-5f06bd767e35,1,3225065,3225120,3230768,3229674,5648,5703,55,0,0,0
3230806,39b02e2a-d96e-684f-3db0-174e7938878a,1,3225065,3225120,3230806,3230882,5686,5741,55,0,0,0
3230805,929d6377-1cfb-655f-82c4-2e488cbadae5,1,3225065,3225120,3230805,3228215,5685,5740,55,0,0,0
3230816,97777f10-f2d2-393f-8e85-140d0f9aeb70,1,3225066,3225120,3230816,3233355,5696,5750,54,0,0,0
3230797,88438de2-59cf-0b0d-91f0-647d0f321333,1,3225067,3225120,3230797,3233284,5677,5730,53,0,0,0
3230863,60ddc7f1-2ce3-d822-d080-12b896c56fe7,1,3225061,3225120,3230863,3228921,5743,5802,59,0,0,0
3230864,795e6f2b-0247-2360-aea4-a441c47fa57e,1,3225061,3225120,3230864,3228894,5744,5803,59,0,0,0
3230878,624c69b6-b244-45a7-b7e5-848131c681ec,1,3225065,3225120,3230878,3231167,5758,5813,55,0,0,0
3230834,9854ce4e-4ebf-a5c3-cae9-b4a72a79ea68,1,3225066,3225120,3230834,3232655,5714,5768,54,0,0,0
3230834,8e52fc42-73c3-74a6-dac7-26b667863fb3,1,3225066,3225120,3230834,3230104,5714,5768,54,0,0,0
3230915,402913ec-9ef2-b93e-30ac-7d7ba2f963a3,1,3225062,3225120,3230915,3233504,5795,5853,58,0,0,0
3230915,c626e38f-716f-b276-be64-ac2af96671a5,1,3225062,3225120,3230915,3230160,5795,5853,58,0,0,0
3257501,65c17795-b155-16bc-9f8d-ed9756abf2f1,1,3255743,3255743,3257501,3258120,1758,1758,0,0,0,0
3276072,4cc9f5f2-e42e-5037-4a55-2ea08acbbe09,1,3270194,3270203,3276072,3275509,5869,5878,9,0,0,0
3276073,7b85179a-d5b0-77e0-6a5d-932b45ff2c83,1,3270194,3270203,3276073,3278006,5870,5879,9,0,0,0
3276118,f5948a54-5f80-4eeb-143a-9aff659b0105,1,3270194,3270203,3276118,3278975,5915,5924,9,0,0,0
3276096,cf2e3296-7184-b713-a55f-65b7e709fba6,1,3270194,3270203,3276096,3277374,5893,5902,9,0,0,0
3276275,67fd64c4-a334-058a-abd2-b5121335e5db,1,3270201,3270203,3276275,3278845,6072,6074,2,0,0,0
3276285,cb35097a-e5dd-98f1-c8a7-38ab0df83e12,64,3236123,3236123,3276285,3283575,40162,40162,0,0,0,0
3276321,30385dd7-4c7d-9313-a6c6-81b0e4729be5,1,3270196,3270203,3276321,3277744,6118,6125,7,0,0,0
3276299,4d560a3d-f4e7-069a-a454-09374a27ebf2,1,3270200,3270203,3276299,3273518,6096,6099,3,0,0,0
3276355,e726be23-e776-b886-d534-ee1d7f2984f5,1,3270195,3270203,3276355,3276298,6152,6160,8,0,0,0
3276350,86cac6f4-e238-fe93-bd17-c5e8d5ca69ab,1,3270207,3270263,3276350,3274562,6087,6143,56,0,0,0
3276422,4926ce5f-7878-6140-ac2a-4f71a77d95f1,1,3270194,3270203,3276422,3277291,6219,6228,9,0,0,0
3276399,f1b88d65-406f-64d6-5c72-aebd13b11e59,1,3270195,3270203,3276399,3275755,6196,6204,8,0,0,0
3276442,7f05fbf5-efca-c577-1aa6-f7cb90c7e6ac,1,3270195,3270203,3276442,3277757,6239,6247,8,0,0,0
3276431,4ce953a7-22d9-0db3-982a-2277f966d59f,1,3270201,3270203,3276431,3274179,6228,6230,2,0,0,0
3276404,3c53090e-e1b4-1171-929d-674d798e175f,1,3270206,3270263,3276404,3277026,6141,6198,57,0,0,0
3276418,c194f97f-00e3-a026-d5b6-de85390239d9,1,3270208,3270263,3276418,3273671,6155,6210,55,0,0,0
3276472,00fa0eb4-5c5f-48d4-0df4-07b82751ab86,1,3270202,3270203,3276472,3274112,6269,6270,1,0,0,0
3276511,c6a07656-c5c9-fb91-ff6e-f9ed7e4ce29f,1,3270207,3270263,3276511,3273510,6248,6304,56,0,0,0
3276533,3db02235-261e-2555-863e-1f2a18a806ef,1,3270203,3270203,3276533,3275527,6330,6330,0,0,0,0
3276552,3f6eed9d-23cb-e943-ca84-000350834fef,1,3270206,3270263,3276552,3277200,6289,6346,57,0,0,0
3276889,d65e59dd-e62d-2d06-cf9b-85581a7f195b,1,3270209,3270263,3276889,3277047,6626,6680,54,0,0,0
3279234,a42d0cd7-fd35-9f6a-7450-388748d90846,1,3274154,3274172,3279234,3280752,5062,5080,18,0,0,0
3279430,ec6a37ad-81b1-5db9-88cc-4d49669b29b8,1,3274154,3274172,3279430,3277583,5258,5276,18,0,0,0
3279430,28719b9b-db8f-0e32-edef-50031fce01e3,1,3274154,3274172,3279430,3281772,5258,5276,18,0,0,0
3279454,2ab7b2ef-8e0e-c033-2c59-1da8fff96acf,1,3274154,3274172,3279454,3277811,5282,5300,18,0,0,0
3279476,f0f7ad22-c76a-8e0f-48f0-91f09b8b38ae,1,3274154,3274172,3279476,3281308,5304,5322,18,0,0,0
3279467,697c3923-87fa-841a-3e83-b91f25440fe0,1,3274158,3274172,3279467,3278504,5295,5309,14,0,0,0
3279476,40afbf3f-3df5-1967-4d86-70bda2224f96,1,3274158,3274172,3279476,3278327,5304,5318,14,0,0,0
3279500,47a2a10b-b62e-db49-2472-96a4ff38b918,1,3274154,3274172,3279500,3277354,5328,5346,18,0,0,0
3279522,32f8dbab-b462-e3e8-5c41-8a83eb04159c,1,3274154,3274172,3279522,3277016,5350,5368,18,0,0,0
3279499,4c955f6a-966b-1964-fcd6-bdca5876fd09,1,3274155,3274172,3279499,3280287,5327,5344,17,0,0,0
3279498,92a81713-b90e-d44b-951c-25d54d4c5280,1,3274158,3274172,3279498,3276915,5326,5340,14,0,0,0
3279512,dbb54645-7dda-c1b6-d7c4-caed47c4cc51,1,3274159,3274172,3279512,3279325,5340,5353,13,0,0,0
3279585,0964fbbf-8cd3-21b0-c2b0-1cfdd045dd1c,1,3274158,3274172,3279585,3277699,5413,5427,14,0,0,0
3279577,93d563ae-51a3-ac26-937b-f79bbb44badc,1,3274158,3274172,3279577,3278863,5405,5419,14,0,0,0
3279607,816ce054-282c-6470-ef32-f72aa4b5c723,1,3274158,3274172,3279607,3278751,5435,5449,14,0,0,0
3279555,600c9c71-0990-a647-cac8-d87ea689d07f,1,3274159,3274172,3279555,3279989,5383,5396,13,0,0,0
3279570,26996aab-daaf-7529-deef-f82a0dd70158,1,3274160,3274172,3279570,3281070,5398,5410,12,0,0,0
3279660,91b0e1d9-9d92-62af-2c8d-0e44e71e43a6,1,3274160,3274172,3279660,3280401,5488,5500,12,0,0,0
3279714,a689b424-7a3a-10e1-79c7-73a0e0decc3d,1,3274154,3274172,3279714,3282236,5542,5560,18,0,0,0
3279693,0c5921f8-050d-cbfe-d60b-f603a750350e,1,3274154,3274172,3279693,3278675,5521,5539,18,0,0,0
3283380,12fc7a87-a470-4d48-5128-b9b1f8ede0ca,32,3232842,3232842,3283380,3271920,50538,50538,0,0,0,0
3286148,614c721d-a921-cb4c-95fb-e976ae007b7e,1,3270144,3270203,3286148,3283265,15945,16004,59,0,0,0
3286224,f31046dc-6202-bee6-5cb5-e69c5dc7b3e6,1,3270158,3270203,3286224,3288936,16021,16066,45,0,0,0
3286240,e9ff1cae-41c8-ca8c-2a1f-955ad499da99,1,3270151,3270203,3286240,3287365,16037,16089,52,0,0,0
3286232,98eeac2b-fe9f-ecaa-6182-f347533f5a72,1,3270156,3270203,3286232,3282605,16029,16076,47,0,0,0
3286298,f0ede303-aa53-c19c-dfa4-bb9f5a856750,1,3270155,3270203,3286298,3292105,16095,16143,48,0,0,0
3286349,e9a1c6d5-c34e-9baf-8f1c-b2ccceef9fa8,1,3270149,3270203,3286349,3286915,16146,16200,54,0,0,0
3286399,86341718-2ba6-adb3-7afe-b1149561c813,1,3270153,3270203,3286399,3281969,16196,16246,50,0,0,0
3286356,df4e713e-f64e-3dfc-bfbe-ac7aefc59738,1,3270157,3270203,3286356,3280019,16153,16199,46,0,0,0
3286410,267eddce-df8f-4197-9a4a-99b2e806133c,1,3270143,3270143,3286410,3284626,16267,16267,0,0,0,0
3286447,c5709e30-417b-6634-a3ec-152ce0653245,1,3270150,3270203,3286447,3280583,16244,16297,53,0,0,0
3286515,fdb1429e-7010-ed13-b526-b22d3f6c21f7,1,3270143,3270143,3286515,3283339,16372,16372,0,0,0,0
3286483,8a45a905-badf-9397-ecf2-6429b8d77d2f,1,3270143,3270143,3286483,3291695,16340,16340,0,0,0,0
3286480,df7d0dd7-236e-1608-9acb-394acd1f5318,1,3270145,3270203,3286480,3284870,16277,16335,58,0,0,0
3286574,061efb95-68f8-2063-eeb1-9ad201a1fb0f,1,3270152,3270203,3286574,3283683,16371,16422,51,0,0,0
3286558,269cd696-236c-7b87-14a0-bccb8a476a87,1,3270153,3270203,3286558,3278459,16355,16405,50,0,0,0
3286640,77fc9703-1fd5-a423-706c-5c5649e2623d,1,3270143,3270143,3286640,3282574,16497,16497,0,0,0,0
3286599,54ce26be-c8cc-e2c2-a518-a4186f14b3f6,1,3270143,3270143,3286599,3281114,16456,16456,0,0,0,0
3286641,268b84b6-3ec0-a285-cbc4-ec0ec2aef674,1,3270143,3270143,3286641,3282532,16498,16498,0,0,0,0
3286726,e893be3d-7354-ea6f-6160-745985c7504b,1,3281315,3281333,3286726,3285747,5393,5411,18,0,0,0
3286756,79db7862-8d7d-d772-608e-2f5c61177270,1,3281316,3281333,3286756,3287153,5423,5440,17,0,0,0
3286757,58c1aad6-f3f8-dea4-7f14-eafa29f0ef7c,1,3281317,3281333,3286757,3287440,5424,5440,16,0,0,0
3286756,f30ee4fe-262e-5559-7e7d-9a19ab450578,1,3281318,3281333,3286756,3284971,5423,5438,15,0,0,0
3286791,3922a7e4-2de9-82f8-0d7b-ec04e6e59b32,1,3270143,3270143,3286791,3293950,16648,16648,0,0,0,0
3286811,2e326567-d284-f54e-febe-c0db9a3a6103,1,3270144,3270203,3286811,3284842,16608,16667,59,0,0,0
3286890,21084dd9-f75d-1e3c-c48d-56502e9522d6,1,3281310,3281333,3286890,3288861,5557,5580,23,0,0,0
3286878,4758367b-a649-9cdc-507b-907265e58f34,1,3281311,3281333,3286878,3284807,5545,5567,22,0,0,0
3286878,850a48d4-46b5-18de-db4b-b8eb537d0bd1,1,3281311,3281333,3286878,3289439,5545,5567,22,0,0,0
3286878,eada79a3-4970-ed9a-09ce-3cfb2339ba19,1,3281314,3281333,3286878,3289499,5545,5564,19,0,0,0
3286897,48603b32-b4fb-0eb9-49c1-3de73b4206c5,1,3281315,3281333,3286897,3288465,5564,5582,18,0,0,0
3286906,b46788bd-d38e-13e4-4de1-087bafa14a55,1,3281315,3281333,3286906,3284249,5573,5591,18,0,0,0
3286937,ff233d5f-6ced-d15d-5800-7c0287ea7ff5,1,3281311,3281333,3286937,3288011,5604,5626,22,0,0,0
3286964,b0b862ef-6c9f-82b9-f647-8986a3917c99,1,3281311,3281333,3286964,3285460,5631,5653,22,0,0,0
3286936,b0c07fcc-96ad-d4df-adf7-5924c5b8386b,1,3281311,3281333,3286936,3286459,5603,5625,22,0,0,0
3286935,7f53d344-a7c8-54e4-0684-3c86b8a60402,1,3281314,3281333,3286935,3287067,5602,5621,19,0,0,0
3286975,c71d5e60-1d52-06ab-b7e6-427cbf780e3f,1,3281310,3281333,3286975,3285255,5642,5665,23,0,0,0
3286990,bae1e137-96ee-50e5-1f87-3b46c0a0473a,1,3281311,3281333,3286990,3289046,5657,5679,22,0,0,0
3286991,7d7c59a5-e6c1-1650-ff02-f5b057bd56c9,1,3281311,3281333,3286991,3289601,5658,5680,22,0,0,0
3287007,73069588-45d5-a68d-290a-3abbc35b9fea,1,3281315,3281333,3287007,3288042,5674,5692,18,0,0,0
3286990,de431e06-e924-7069-80bb-ae526ec01269,1,3281315,3281333,3286990,3286102,5657,5675,18,0,0,0
3287058,bdb025ff-2451-e5a4-11d0-59b26699cd99,1,3281310,3281333,3287058,3288585,5725,5748,23,0,0,0
3287402,4aab47b2-3c9d-128a-2176-1930f6d70248,1,3274112,3274112,3287402,3282303,13290,13290,0,0,0,0
3287429,ded255d0-bf1e-8366-4b8e-63d4ce7607ad,1,3274112,3274112,3287429,3287187,13317,13317,0,0,0,0
3287428,cf0e6d2b-315c-167a-45d8-a6ad77d0359e,1,3274112,3274112,3287428,3282858,13316,13316,0,0,0,0
3287430,a205e54f-b1e8-c09d-bc20-b9f24a9c589e,1,3274112,3274112,3287430,3287517,13318,13318,0,0,0,0
3287453,ccac2fb5-1a0c-6c04-93cd-129110042d82,1,3274112,3274112,3287453,3284399,13341,13341,0,0,0,0
3287446,21ec4754-1cf1-4654-2ab2-02c2cc0243c6,1,3274116,3274172,3287446,3290282,13274,13330,56,0,0,0
3287491,3d846fc9-c3f6-2136-846d-5a3b2661c426,1,3274112,3274112,3287491,3292415,13379,13379,0,0,0,0
3287488,5a1baf0e-5911-96dc-1d3e-503a9645f0e4,1,3274115,3274172,3287488,3282751,13316,13373,57,0,0,0
3287531,bd29ede9-cab4-923b-f448-83858de7ad6c,1,3274112,3274112,3287531,3293909,13419,13419,0,0,0,0
3287531,564cfbd2-bc92-fd81-039b-058c2faabe0b,1,3274112,3274112,3287531,3286316,13419,13419,0,0,0,0
3287530,f2dcb12b-0f7a-e302-ec2e-28150a3217d2,1,3274112,3274112,3287530,3292550,13418,13418,0,0,0,0
3287531,f8f58a26-1924-c644-af52-7666b23909f4,1,3274112,3274112,3287531,3290734,13419,13419,0,0,0,0
3287556,cbbed980-07e6-7cb0-90bd-e9001529e6f5,1,3274116,3274172,3287556,3288386,13384,13440,56,0,0,0
3287614,3d44cb2c-ea45-ba41-6589-ada1345af934,1,3274115,3274172,3287614,3292332,13442,13499,57,0,0,0
3287622,fef7d9ea-7f8e-5483-28ca-aa1dc35bec2c,1,3274116,3274172,3287622,3292328,13450,13506,56,0,0,0
3287661,d0b3d752-bb01-b2a5-2c74-5800941c23fa,1,3274116,3274172,3287661,3291505,13489,13545,56,0,0,0
3287716,d7c4fe9c-e1e0-fffc-98f6-fd7f7eb162f1,1,3274116,3274172,3287716,3281776,13544,13600,56,0,0,0
3287773,39669fa7-5997-0043-f3b1-025bfff9f585,1,3274118,3274172,3287773,3282073,13601,13655,54,0,0,0
3287856,f1faf665-7115-33f3-12e8-9d1028711733,1,3274116,3274172,3287856,3289497,13684,13740,56,0,0,0
3288012,b4323070-a23d-4c2f-c2a7-96891933918c,1,3274118,3274172,3288012,3284517,13840,13894,54,0,0,0
3288150,c9d6a63b-ca3c-6f5f-5bb5-c40c03cde2e3,1,3282762,3282779,3288150,3286056,5371,5388,17,0,0,0
3288150,aaf407f7-0fe7-6149-3c7e-5368b1594847,1,3282762,3282779,3288150,3287220,5371,5388,17,0,0,0
3288197,c79ddb62-c379-44c1-c903-94ea7d54ec82,1,3282762,3282779,3288197,3288984,5418,5435,17,0,0,0
3288229,69be173a-850e-f0ad-d872-f72ee5b4a1ae,1,3282762,3282779,3288229,3290003,5450,5467,17,0,0,0
3288308,0e165b12-9bdc-70d1-9cbf-7b8c74102d5d,1,3282757,3282779,3288308,3290577,5529,5551,22,0,0,0
3288330,1b0c62eb-27c8-fc6c-1be5-a4c395af6d0c,1,3282757,3282779,3288330,3288657,5551,5573,22,0,0,0
3288285,d92f3c1e-df70-fb2a-78bb-22a5eba742d2,1,3282761,3282779,3288285,3286793,5506,5524,18,0,0,0
3288342,b07aa066-7354-35ea-6894-9b8d00af5b3a,1,3282757,3282779,3288342,3287002,5563,5585,22,0,0,0
3288343,5f90bed6-fb25-664d-630a-a767a2bb522b,1,3282757,3282779,3288343,3287343,5564,5586,22,0,0,0
3288364,c5285425-c7a9-f33c-22d8-39d333e4f986,1,3282757,3282779,3288364,3287070,5585,5607,22,0,0,0
3288384,774c0afa-7f4d-908c-e1ff-f6c08347f1da,1,3282758,3282779,3288384,3290718,5605,5626,21,0,0,0
3288352,d72b6108-2a40-5f12-b963-f37f67814c1f,1,3282761,3282779,3288352,3290076,5573,5591,18,0,0,0
3288352,f5141058-3138-3975-7bf3-3a349c2dfa97,1,3282761,3282779,3288352,3290509,5573,5591,18,0,0,0
3288374,75f8e3a8-7d97-ac0f-bd56-09c4a4461663,1,3282761,3282779,3288374,3288974,5595,5613,18,0,0,0
3288352,bcd4344f-cf8a-368e-35ba-93573ca87f31,1,3282761,3282779,3288352,3286094,5573,5591,18,0,0,0
3288352,4d59616b-7779-857f-37dc-8c784082fcda,1,3282761,3282779,3288352,3289521,5573,5591,18,0,0,0
3288407,372f871a-45ee-432d-6a07-f2137129cec7,1,3282756,3282779,3288407,3287889,5628,5651,23,0,0,0
3288427,e916da57-f248-23ab-177a-8a5f6ffe33b3,1,3282757,3282779,3288427,3285828,5648,5670,22,0,0,0
3288408,2285b2ef-cfbe-4fe9-2ea9-c542a1b970d0,1,3282757,3282779,3288408,3288734,5629,5651,22,0,0,0
3288396,bff9507d-cd14-a03e-8359-9af65d01f55f,1,3282757,3282779,3288396,3288365,5617,5639,22,0,0,0
3295968,902f3465-0b57-0720-9cd8-758ba5a1c825,1,3281273,3281273,3295968,3293910,14695,14695,0,0,0,0
3296014,8f0881ee-8011-316b-3ae8-8926b423ccde,1,3281273,3281273,3296014,3290186,14741,14741,0,0,0,0
3296032,fe7c80e9-a179-1e93-3fc8-25ac869bc00f,1,3281273,3281273,3296032,3293225,14759,14759,0,0,0,0
3296145,6c4c450b-623a-d0fc-9326-7d25234b4562,1,3281273,3281273,3296145,3294519,14872,14872,0,0,0,0
3296147,4d57d880-d865-d69a-74f3-310340066ff2,1,3281277,3281333,3296147,3302490,14814,14870,56,0,0,0
3296146,d6312a80-1c61-2ec2-1014-2131750565f5,1,3281278,3281333,3296146,3294517,14813,14868,55,0,0,0
3296155,5b6a8102-0428-7378-bf50-23f440ef3935,1,3281273,3281273,3296155,3302900,14882,14882,0,0,0,0
3296165,84d67c4f-f0df-1684-f28e-41225894f7f1,1,3281273,3281273,3296165,3300307,14892,14892,0,0,0,0
3296156,1723ecdb-b058-8256-d4b3-e8cfbfbbeab3,1,3281273,3281273,3296156,3290278,14883,14883,0,0,0,0
3296204,70944bdb-26a5-24e3-50ee-7a92a09151e0,1,3281278,3281333,3296204,3297475,14871,14926,55,0,0,0
3296196,6afa828c-2cd1-0b9f-ebe5-841fe9c96c52,1,3281279,3281333,3296196,3298607,14863,14917,54,0,0,0
3296233,5cce5ba9-31d4-ee09-8fd3-3afc91fdfa4f,1,3281273,3281273,3296233,3295927,14960,14960,0,0,0,0
3296223,170d7507-05ee-e1d4-7f53-a88e4efc8248,1,3281277,3281333,3296223,3291487,14890,14946,56,0,0,0
3296223,1e5ebe54-5907-7299-dc3b-bdd8a74e02a9,1,3281277,3281333,3296223,3292557,14890,14946,56,0,0,0
3296232,1a7167c7-6875-9545-832f-52c48e0370cf,1,3281277,3281333,3296232,3300440,14899,14955,56,0,0,0
3296214,7c16128d-b2c0-8394-e17f-29e170286046,1,3281278,3281333,3296214,3289832,14881,14936,55,0,0,0
3296324,35ce8841-4973-2d6c-4dca-bfb7001a9a8b,1,3281274,3281333,3296324,3301804,14991,15050,59,0,0,0
3296290,c09cb506-48f1-096d-9c4f-fb4671b701aa,1,3281277,3281333,3296290,3302438,14957,15013,56,0,0,0
3296306,e25df9a8-9ca8-a5c4-2138-afe08d38bbd8,1,3281278,3281333,3296306,3297144,14973,15028,55,0,0,0
3296447,1e38f711-e2ec-13f4-bba1-aed944cdbfdd,1,3281273,3281273,3296447,3297874,15174,15174,0,0,0,0
3297632,f1738856-e25d-36eb-9e9a-9f83066803ee,1,3282720,3282779,3297632,3303759,14853,14912,59,0,0,0
3297664,f4124360-1153-6e99-5c50-8720f982f4e0,1,3282719,3282719,3297664,3296399,14945,14945,0,0,0,0
3297748,0d67d38e-990f-0c5b-adcc-3daf569f3ab3,1,3282720,3282779,3297748,3299618,14969,15028,59,0,0,0
3297746,2303f6c6-d69d-42f1-ae4c-84ffa8c01f05,1,3282723,3282779,3297746,3298861,14967,15023,56,0,0,0
3297737,fa8dae42-ba54-e920-2099-d18087623997,1,3282723,3282779,3297737,3298261,14958,15014,56,0,0,0
3297729,43d88870-f81d-baa1-c812-0a8e78308930,1,3282725,3282779,3297729,3291355,14950,15004,54,0,0,0
3297728,9db7284b-6965-d1d1-eb7e-2e6426c0747e,1,3282725,3282779,3297728,3294573,14949,15003,54,0,0,0
3297764,5d678bb1-945e-f2e4-088a-93ec70d9c9f8,1,3282719,3282719,3297764,3301167,15045,15045,0,0,0,0
3297756,2d174fc9-6f7c-15ea-272a-6d8eb5122df8,1,3282720,3282779,3297756,3299303,14977,15036,59,0,0,0
3297783,e27718c5-737d-1fb6-d113-76e038d77b9a,1,3282720,3282779,3297783,3299911,15004,15063,59,0,0,0
3297771,13aec376-c359-810a-71a6-014c5f3c44dc,1,3282720,3282779,3297771,3297659,14992,15051,59,0,0,0
3297755,ceae71cf-ce00-0af0-3eb0-51817ba24588,1,3282720,3282779,3297755,3291105,14976,15035,59,0,0,0
3297755,c5144d98-b41c-504f-e346-f415e5267a2b,1,3282720,3282779,3297755,3296607,14976,15035,59,0,0,0
3297755,7eece88d-a002-352a-b88c-ddde3f2086c2,1,3282720,3282779,3297755,3304941,14976,15035,59,0,0,0
3297792,7135f221-a6c9-537f-84da-d06a7872bdeb,1,3282723,3282779,3297792,3303134,15013,15069,56,0,0,0
3297754,74962764-12a4-def0-c4bb-b7a9d98868dd,1,3282724,3282779,3297754,3301915,14975,15030,55,0,0,0
3297785,811414f8-d9df-0d0e-225a-ed6cf0458043,1,3282724,3282779,3297785,3301618,15006,15061,55,0,0,0
3297830,2c3aacdc-aed5-4a46-8bde-005b5d8babd7,1,3282723,3282779,3297830,3292931,15051,15107,56,0,0,0
3297863,c4767556-f97b-e2dd-8f9b-72aed85c16bd,1,3282724,3282779,3297863,3296251,15084,15139,55,0,0,0
3297915,a6aa59e5-dc08-bf29-d2d3-3488d0c30018,1,3282724,3282779,3297915,3292040,15136,15191,55,0,0,0
3302946,9194821e-e11b-f0d4-8637-9f04d9ee7dc9,1,3297956,3297992,3302946,3304188,4954,4990,36,0,0,0
3303025,80599b93-79c2-d2e4-9ae1-a991524f93ff,1,3297955,3297992,3303025,3302622,5033,5070,37,0,0,0
3303075,f2a32efd-ff13-8c80-c398-c3320e500785,1,3297958,3297992,3303075,3301752,5083,5117,34,0,0,0
3303190,7de31a51-6694-c343-10ba-58e3d2762bdc,1,3297950,3297992,3303190,3301860,5198,5240,42,0,0,0
3303206,1c654aa2-c63c-e21d-2443-5958eacf33a9,1,3297950,3297992,3303206,3304310,5214,5256,42,0,0,0
3303220,bf519362-41a6-4fed-a7ed-c8d8713f8f8c,1,3297951,3297992,3303220,3302817,5228,5269,41,0,0,0
3303267,c1101266-2408-a6dc-1346-d1a9f6802cdb,1,3297950,3297992,3303267,3302198,5275,5317,42,0,0,0
3303295,a53bc024-d1a6-9d87-f54e-2019ba35844e,1,3297950,3297992,3303295,3304887,5303,5345,42,0,0,0
3303256,f4e95734-5052-1700-6077-96a38685abaa,1,3297950,3297992,3303256,3302999,5264,5306,42,0,0,0
3303267,b3eda8f1-026b-5383-a301-ec030e5d8c6a,1,3297950,3297992,3303267,3301408,5275,5317,42,0,0,0
3303257,a8aa7158-2b70-e525-bc67-f831cbc84759,1,3297951,3297992,3303257,3305489,5265,5306,41,0,0,0
3303256,a7939a2e-34f4-3404-8ff5-070182226c16,1,3297953,3297992,3303256,3301298,5264,5303,39,0,0,0
3303283,76e5ae78-7bf7-e1d3-6a66-2fce7089fc6d,1,3297954,3297992,3303283,3304467,5291,5329,38,0,0,0
3303332,45df16b6-382c-043f-7cfc-9b793875394c,1,3297951,3297992,3303332,3304734,5340,5381,41,0,0,0
3303370,040a3aae-52e2-afd9-96bf-10ab3ce915e7,1,3297955,3297992,3303370,3301332,5378,5415,37,0,0,0
3303323,6b0ae0e3-9d89-6047-dd39-d7936257a4a2,1,3297955,3297992,3303323,3301079,5331,5368,37,0,0,0
3303380,da743152-627b-41a1-ffd6-f23232ffe294,1,3297954,3297992,3303380,3304407,5388,5426,38,0,0,0
3303379,29310971-601e-0211-e34f-76b42b8c03bf,1,3297954,3297992,3303379,3303225,5387,5425,38,0,0,0
3303371,86879aa9-14f5-73d0-c991-2032df85c777,1,3297955,3297992,3303371,3303714,5379,5416,37,0,0,0
3303379,82f73861-1adb-a8cf-e60c-1638d4a5a81e,1,3297956,3297992,3303379,3305112,5387,5423,36,0,0,0
3311122,0bc1f9e5-fb3d-f063-8409-c5eacde918b3,1,3297913,3297932,3311122,3310025,13190,13209,19,0,0,0
3311144,2e709838-0190-2620-59dc-abd056febfb9,1,3297913,3297932,3311144,3307751,13212,13231,19,0,0,0
3311167,0328c136-629e-f3d8-dd1c-a267530ddda6,1,3297913,3297932,3311167,3317574,13235,13254,19,0,0,0
3311170,57f479b5-b212-a6ee-0210-63710260a123,1,3297913,3297932,3311170,3307586,13238,13257,19,0,0,0
3311221,24c778a5-9b4e-164b-5716-dc2e343ada2a,1,3297916,3297932,3311221,3311289,13289,13305,16,0,0,0
3311192,069f14f1-4018-1c6e-9a8c-fa3c5283aac7,1,3297917,3297932,3311192,3314330,13260,13275,15,0,0,0
3311191,3b9b2d45-a350-55e4-39c5-9df987f255d6,1,3297917,3297932,3311191,3304879,13259,13274,15,0,0,0
3311247,ea98fef8-d0d7-5e37-3bf2-025f4a0d2b73,1,3297913,3297932,3311247,3310201,13315,13334,19,0,0,0
3311268,e4917f7d-91c4-6efc-fcb8-96bb68c0cbef,1,3297913,3297932,3311268,3310755,13336,13355,19,0,0,0
3311277,e45a87e8-039a-8ed5-f337-b2615f8392d5,1,3297913,3297932,3311277,3304753,13345,13364,19,0,0,0
3311270,032a461a-df9b-7c1f-eacb-1f6d7549c9f9,1,3297916,3297932,3311270,3317154,13338,13354,16,0,0,0
3311279,4fa03f26-f6f7-f0cc-29ec-8e49d1bdb8c0,1,3297917,3297932,3311279,3308818,13347,13362,15,0,0,0
3311279,1db14bfc-6f3a-5115-ecb4-678c16120aa6,1,3297917,3297932,3311279,3305755,13347,13362,15,0,0,0
3311280,57d9cbb0-309e-47ba-d0e6-56e592715f6e,1,3297917,3297932,3311280,3308390,13348,13363,15,0,0,0
3311292,5683ede0-17d5-b563-fa60-ede1e5eb772d,1,3297919,3297932,3311292,3312447,13360,13373,13,0,0,0
3311353,e886a011-36f7-a26c-5a9c-06792c3d17e2,1,3297913,3297932,3311353,3310436,13421,13440,19,0,0,0
3311341,8baaf744-a08d-d21b-e395-4cb17f7f6c0a,1,3297917,3297932,3311341,3317373,13409,13424,15,0,0,0
3311392,cff2b1c4-e53f-9644-b39e-4df25c0a1feb,1,3297913,3297932,3311392,3305642,13460,13479,19,0,0,0
3311473,de8ede0b-a85c-6e4a-004b-6fabfcf56188,1,3297913,3297932,3311473,3315112,13541,13560,19,0,0,0
3311484,9e44e98c-b359-390e-b030-9aaf85ea16e0,1,3297917,3297932,3311484,3315710,13552,13567,15,0,0,0
3322895,d5385b0e-34f3-193c-0ff0-a55c6a702e2f,1,3276812,3276812,3322895,3310555,46083,46083,0,0,0,0
3322973,55c34853-0783-e43c-e65f-ad87c57c7498,1,3276812,3276812,3322973,3302651,46161,46161,0,0,0,0
3323154,98c7472a-864e-9a13-c29c-fc0cfa02eaec,1,3276812,3276812,3323154,3306102,46342,46342,0,0,0,0
3323211,51b30182-f7fe-604f-65f3-0779f6ee5cdb,1,3276812,3276812,3323211,3322968,46399,46399,0,0,0,0
3323194,fde91c42-002c-4c22-74de-5f7070f81dba,1,3276816,3276872,3323194,3323914,46322,46378,56,0,0,0
3323185,0e5dd462-cbd0-0ef2-530a-37df0bc61066,1,3276817,3276872,3323185,3320404,46313,46368,55,0,0,0
3323278,b43bd27f-42a2-59a6-c664-12854303cbc1,1,3276817,3276872,3323278,3326319,46406,46461,55,0,0,0
3323361,ea74bb18-de3b-496f-6c45-96f6c012a0ff,1,3276816,3276872,3323361,3334631,46489,46545,56,0,0,0
3323361,c3231466-aebb-b90e-e4e7-51de57ff51d9,1,3276816,3276872,3323361,3326425,46489,46545,56,0,0,0
3323415,d02c75f9-198d-13a4-0cd2-0e4376dae194,1,3276816,3276872,3323415,3325110,46543,46599,56,0,0,0
3323540,13325c31-d010-318a-eadc-9960424211e2,1,3276816,3276872,3323540,3325214,46668,46724,56,0,0,0
3323569,9ee339ff-f1bd-b598-948f-664a9565257b,1,3276816,3276872,3323569,3313444,46697,46753,56,0,0,0
3324410,702f31e5-62cc-c604-0c53-644b0053f649,1,3276813,3276872,3324410,3326737,47538,47597,59,0,0,0
3324587,6d9c5b50-a1fd-4187-9c3a-1e0bb5f3f8aa,1,3276812,3276812,3324587,3342605,47775,47775,0,0,0,0
3324645,f413db19-bade-8d5d-6fff-15ccb2dc6c34,1,3276812,3276812,3324645,3334678,47833,47833,0,0,0,0
3324670,75b17a55-d426-2982-e43e-4288a2b5b498,1,3276816,3276872,3324670,3333255,47798,47854,56,0,0,0
3324813,585abefb-d181-2f77-6500-1423faebcd19,1,3276813,3276872,3324813,3327748,47941,48000,59,0,0,0
3324848,f7b217c7-ae92-ea71-cf7d-cb431679742f,1,3276812,3276812,3324848,3317910,48036,48036,0,0,0,0
3324846,b8f0188e-fb37-afae-cd85-63ca193e638d,1,3276817,3276872,3324846,3305016,47974,48029,55,0,0,0
3324880,ac3a812f-765e-6cb5-8f0d-55400ec7d662,1,3276813,3276872,3324880,3323881,48008,48067,59,0,0,0
3330978,a0a11839-e745-7704-18df-bc3ca0d4de3d,1,3301082,3301138,3330978,3329829,29840,29896,56,0,0,0
3331026,8d244e3e-c4da-bddb-e0b1-5abaa6a27967,1,3301082,3301138,3331026,3328900,29888,29944,56,0,0,0
3331140,20f0156a-1e6a-6628-9c6d-52d5ae2e9af9,1,3301082,3301138,3331140,3322008,30002,30058,56,0,0,0
3331169,f9722cc1-349e-f4a9-54c2-9d5c19ec0829,1,3301078,3301078,3331169,3342039,30091,30091,0,0,0,0
3331196,57d337d3-4fd8-0bbb-592c-11072444d301,1,3301082,3301138,3331196,3339163,30058,30114,56,0,0,0
3331178,76d70561-d2d1-4ef5-5e4c-4fd1462363a9,1,3301082,3301138,3331178,3326895,30040,30096,56,0,0,0
3331188,5a5226e6-9d64-2932-0066-853d6de299a1,1,3301083,3301138,3331188,3340713,30050,30105,55,0,0,0
3331142,68e5c8cd-b414-6e4a-5ba0-c3e033a0daa7,1,3301085,3301138,3331142,3321664,30004,30057,53,0,0,0
3331205,15fa9483-f633-cc2d-eba9-00e16a7d5d96,1,3301078,3301078,3331205,3340997,30127,30127,0,0,0,0
3331217,a2379e6f-d473-4534-5aea-635257632e1e,1,3301081,3301138,3331217,3330553,30079,30136,57,0,0,0
3331235,668409e3-f1f8-343e-a99f-131849c8a43f,1,3301084,3301138,3331235,3339888,30097,30151,54,0,0,0
3331287,548c1d84-340d-e049-4147-65063e2bf9c9,1,3301078,3301078,3331287,3321946,30209,30209,0,0,0,0
3331305,1b37ef19-b3bc-912f-5fb7-474e85a0d089,1,3301078,3301078,3331305,3339587,30227,30227,0,0,0,0
3331315,cb80f288-446f-64dd-5abc-a6e5d0b1e3eb,1,3301082,3301138,3331315,3332688,30177,30233,56,0,0,0
3331349,79c9c839-c8ef-0377-a368-84f588ddd880,1,3301078,3301078,3331349,3321223,30271,30271,0,0,0,0
3331401,7f0386fa-13ba-dc91-a0a5-fde6939f71a2,1,3301078,3301078,3331401,3328609,30323,30323,0,0,0,0
3331411,e76adca9-7811-6802-c8cc-7cfecf01f944,1,3301081,3301138,3331411,3328746,30273,30330,57,0,0,0
3331452,a34b6cf6-2053-da42-f1af-db65b289f224,1,3301078,3301078,3331452,3335250,30374,30374,0,0,0,0
3331452,db23aa8c-3bca-bf85-620a-60ac9261549d,1,3301078,3301078,3331452,3316507,30374,30374,0,0,0,0
3332185,86e52753-7c93-f6cc-97d7-a560adb14670,1,3301078,3301078,3332185,3344014,31107,31107,0,0,0,0
3338463,47c68688-ecf3-2053-af36-b8cc13087974,64,3297205,3297205,3338463,3343254,41258,41258,0,0,0,0
3338731,4ac9778d-8da8-eee4-0df5-6ac6f96b648a,64,3297231,3297265,3338731,3333926,41466,41500,34,0,0,0
3342324,6c93a791-8b60-c511-b816-8aebac6a7c85,1,3301865,3301865,3342324,3329232,40459,40459,0,0,0,0
3342268,25f934bf-9bb9-6155-5275-eb9414aeaf5c,1,3301869,3301925,3342268,3362109,40343,40399,56,0,0,0
3342388,e3ea2d7f-c219-a845-d9eb-404c1851d1cf,1,3301869,3301925,3342388,3360700,40463,40519,56,0,0,0
3342409,d52721e7-19bc-143e-fb02-bebb48729a4d,1,3301865,3301865,3342409,3357619,40544,40544,0,0,0,0
3342405,def57689-68f4-5bce-24e7-5e8eb8f21423,1,3301868,3301925,3342405,3339086,40480,40537,57,0,0,0
3342479,0b531932-bd94-19aa-3ea6-e5b20c760d28,1,3301865,3301865,3342479,3358371,40614,40614,0,0,0,0
3342490,edcabf94-65f6-ba53-d226-a8b3b674410d,1,3301865,3301865,3342490,3331880,40625,40625,0,0,0,0
3342478,a21c0c06-ed37-6567-0be7-728e6a1aba9d,1,3301865,3301865,3342478,3346780,40613,40613,0,0,0,0
3342489,7e7838c9-ca55-e38b-3c9a-be10238d6f44,1,3301867,3301925,3342489,3333235,40564,40622,58,0,0,0
3342468,3f87dfc2-1591-52f2-a505-da9c46e75a2c,1,3301869,3301925,3342468,3322441,40543,40599,56,0,0,0
3342530,5e175b66-4b87-959f-f0cd-7f05ea87855e,1,3301865,3301865,3342530,3350100,40665,40665,0,0,0,0
3342549,ba05dd0f-a966-0a5a-6ecf-1ed21861c9f3,1,3301868,3301925,3342549,3362686,40624,40681,57,0,0,0
3342578,2e0fb5b3-8bae-591e-ff4c-c10f979c30cf,1,3301865,3301865,3342578,3322915,40713,40713,0,0,0,0
3342629,4b657bcc-b041-6f19-bbe7-18354e8bf78a,1,3301865,3301865,3342629,3332423,40764,40764,0,0,0,0
3342657,b9493906-939f-44eb-be5e-215ec47cc30b,1,3301870,3301925,3342657,3329299,40732,40787,55,0,0,0
3342706,19d9d0b5-a962-d996-6bbe-3b5a4d15f7d8,1,3301865,3301865,3342706,3351364,40841,40841,0,0,0,0
3342734,9d6b9b62-6b53-5a19-a902-b73fcf39f648,1,3301871,3301925,3342734,3331311,40809,40863,54,0,0,0
3342836,6a36af18-06d3-db93-ee33-688d597e6845,1,3301869,3301925,3342836,3337504,40911,40967,56,0,0,0
3342884,0b6c03c8-721e-5419-2fc3-e6495e911b91,1,3301869,3301925,3342884,3343373,40959,41015,56,0,0,0
3342949,3f8e2d0d-5261-9dec-3979-d5f56b5bc975,1,3301869,3301925,3342949,3354422,41024,41080,56,0,0,0
3344548,a3209116-222d-f6a4-8163-b6ce1877bc06,1,3339043,3339068,3344548,3343184,5480,5505,25,0,0,0
3344566,71d79665-7181-8dcf-379e-fc6e5edb0d3c,1,3339043,3339068,3344566,3344994,5498,5523,25,0,0,0
3344603,b390b059-207b-be21-a7e8-d18eddf6d4ac,1,3339043,3339068,3344603,3345115,5535,5560,25,0,0,0
3344591,277eb0aa-a247-541d-c8ad-0899b630794d,1,3339044,3339068,3344591,3345421,5523,5547,24,0,0,0
3344618,9c2e58de-ea4e-3617-53f8-382b8fb864e4,1,3339048,3339068,3344618,3345145,5550,5570,20,0,0,0
3344708,6f04af36-567c-5d44-862c-92fd98abb2e7,1,3339047,3339068,3344708,3342066,5640,5661,21,0,0,0
3344689,5738811d-70c2-903f-7a8d-03aa782a65e0,1,3339048,3339068,3344689,3345621,5621,5641,20,0,0,0
3344707,f8cbab4c-9779-0e84-5e47-2e2276c3e642,1,3339048,3339068,3344707,3345981,5639,5659,20,0,0,0
3344743,49a214ae-f7e8-f8e5-0d2b-91efb8976ec5,1,3339045,3339068,3344743,3344889,5675,5698,23,0,0,0
3344785,78660765-14f7-ce8d-d5bc-b8d04094dded,1,3339049,3339068,3344785,3345133,5717,5736,19,0,0,0
3344751,bcaff931-ead1-8464-ca8e-858cd0f81063,1,3339049,3339068,3344751,3344550,5683,5702,19,0,0,0
3344795,722764e6-8c41-561b-e827-a1b9d4a02e53,1,3339044,3339068,3344795,3342601,5727,5751,24,0,0,0
3344845,a5d04d53-1e12-42e3-f272-92b6762172ed,1,3339044,3339068,3344845,3347030,5777,5801,24,0,0,0
3344844,75366b9f-320f-72c0-9dde-01889803b22e,1,3339044,3339068,3344844,3342030,5776,5800,24,0,0,0
3344795,66d71d97-b193-c8b8-ae49-c0799bd0d4c7,1,3339044,3339068,3344795,3345591,5727,5751,24,0,0,0
3344796,c7774fae-6137-58c3-9c7f-aca62e671784,1,3339044,3339068,3344796,3347508,5728,5752,24,0,0,0
3344827,771ad655-cdfc-6ee0-e61e-de900267deb3,1,3339048,3339068,3344827,3345090,5759,5779,20,0,0,0
3344938,c605e58a-4845-4343-ddb4-49dc77106966,1,3339048,3339068,3344938,3343537,5870,5890,20,0,0,0
3344994,accb461a-9d13-2363-9f29-4a8bd1846c39,1,3339049,3339068,3344994,3347553,5926,5945,19,0,0,0
3345003,d8e70aeb-e7b3-3085-178b-e96820f87ba2,1,3339048,3339068,3345003,3342658,5935,5955,20,0,0,0
3353739,085b15fb-4a8f-f810-784c-2f29980402a2,1,3339008,3339008,3353739,3358660,14731,14731,0,0,0,0
3353739,21bddb41-0699-8731-ddcf-8766a93b12cd,1,3339008,3339008,3353739,3358979,14731,14731,0,0,0,0
3353793,9ca3fbb3-ff11-c8ba-36ee-1640723ef466,1,3339008,3339008,3353793,3359682,14785,14785,0,0,0,0
3353771,55c551fc-fba5-7cc8-edaf-37661b780ede,1,3339008,3339008,3353771,3348970,14763,14763,0,0,0,0
3353782,90e0f4a0-fbdd-3933-cbd5-8bf61efd76e9,1,3339011,3339068,3353782,3350787,14714,14771,57,0,0,0
3353781,143029a9-d88f-1c94-48b7-63d5e519dd7e,1,3339011,3339068,3353781,3346610,14713,14770,57,0,0,0
3353824,4bbe4aff-9326-dffd-5be4-bf5192698698,1,3339008,3339008,3353824,3354423,14816,14816,0,0,0,0
3353843,1f5d988f-776a-bf09-3de2-885951b1943c,1,3339008,3339008,3353843,3360353,14835,14835,0,0,0,0
3353864,e6b9d31a-361f-6d90-3ad1-fa330ae4ac11,1,3339008,3339008,3353864,3350484,14856,14856,0,0,0,0
3353853,797e3984-ded7-d3ef-f5e4-a9c12d761ffa,1,3339010,3339068,3353853,3358344,14785,14843,58,0,0,0
3353853,cd4f8b2b-899a-c252-c1e1-b94a78883058,1,3339011,3339068,3353853,3359966,14785,14842,57,0,0,0
3353875,06e3f949-8cd3-4c62-c482-9b71ae84b81c,1,3339011,3339068,3353875,3350797,14807,14864,57,0,0,0
3353930,4cec495b-2267-16e3-3a5b-6ac5de703b72,1,3339008,3339008,3353930,3359111,14922,14922,0,0,0,0
3353883,495743a2-81b1-3b80-65e1-b0f5ca0ee8c4,1,3339010,3339068,3353883,3357120,14815,14873,58,0,0,0
3353883,fea82e3a-b544-01cb-9541-0a9d090aaa93,1,3339011,3339068,3353883,3352389,14815,14872,57,0,0,0
3353961,2240063b-fed7-47be-afd0-d2f7e3524444,1,3339012,3339068,3353961,3357773,14893,14949,56,0,0,0
3354045,8c52d271-0a16-7e18-290e-3e894b9c22f4,1,3339008,3339008,3354045,3355669,15037,15037,0,0,0,0
3354056,b8a6171f-1ee3-4dc4-3b04-8a8b405bfdc9,1,3339011,3339068,3354056,3347597,14988,15045,57,0,0,0
3354153,c478f6f1-b88e-c318-c16d-83edad81f8bd,1,3339008,3339008,3354153,3354739,15145,15145,0,0,0,0
3354200,6c521d13-b719-bb68-2775-ee42a89e22f2,1,3339012,3339068,3354200,3349120,15132,15188,56,0,0,0
3355904,7a5d7c82-86c5-547c-051a-00393803dcee,1,3350416,3350438,3355904,3358003,5466,5488,22,0,0,0
3355961,dcb9075e-cdd7-f460-6140-77d39ec4ea48,1,3350416,3350438,3355961,3353163,5523,5545,22,0,0,0
3355960,5da49cb9-2fdc-9992-8971-8eeadf3a098a,1,3350416,3350438,3355960,3356744,5522,5544,22,0,0,0
3355987,9d37efb6-eafb-3e90-54ec-84ce002ccb25,1,3350416,3350438,3355987,3356556,5549,5571,22,0,0,0
3356014,61a11729-3cb9-8350-1b4d-a0fe7bb38605,1,3350422,3350438,3356014,3356290,5576,5592,16,0,0,0
3356014,0997623a-e072-3d96-4a1a-81f5ed10f004,1,3350422,3350438,3356014,3355277,5576,5592,16,0,0,0
3356014,1519830c-4019-8303-5c45-7e4da79313b8,1,3350422,3350438,3356014,3355345,5576,5592,16,0,0,0
3356026,76c5a0dc-7e7e-7419-a0c1-4035c5d95f51,1,3350416,3350438,3356026,3357702,5588,5610,22,0,0,0
3356025,f3c2944a-b60a-3dcc-a7f7-745142da8609,1,3350416,3350438,3356025,3356584,5587,5609,22,0,0,0
3356080,7a8104de-b205-07bb-fb16-f75776f186ab,1,3350417,3350438,3356080,3353359,5642,5663,21,0,0,0
3356069,48998e5f-d40e-53ce-52a7-4a4144bed486,1,3350417,3350438,3356069,3357640,5631,5652,21,0,0,0
3356080,c72850c1-3322-c68b-9be7-8aec32da81f0,1,3350417,3350438,3356080,3355391,5642,5663,21,0,0,0
3356069,573bfc17-2167-c35e-ce73-34f233932b6c,1,3350419,3350438,3356069,3356826,5631,5650,19,0,0,0
3356060,7d7ddbed-d284-476c-6b88-f83dd97dc9cd,1,3350421,3350438,3356060,3354256,5622,5639,17,0,0,0
3356068,177d6e7e-07d9-24ce-f8c8-8faea2178f84,1,3350422,3350438,3356068,3354317,5630,5646,16,0,0,0
3356042,011c4544-7fb3-3be5-f6bf-2f7222778161,1,3350422,3350438,3356042,3354802,5604,5620,16,0,0,0
3356053,53cd6268-610c-f373-4299-9aa40cdf742b,1,3350423,3350438,3356053,3353822,5615,5630,15,0,0,0
3356033,9fa4a627-d306-08be-8548-867bad5cba24,1,3350423,3350438,3356033,3355251,5595,5610,15,0,0,0
3356085,7eccdaf4-c413-4dc2-c5c5-ae8abe15ad12,1,3350421,3350438,3356085,3356823,5647,5664,17,0,0,0
3356092,e1035e1c-e3bb-22ae-6552-ac5309eda6f5,1,3350422,3350438,3356092,3357096,5654,5670,16,0,0,0
3356227,848af440-7fc1-5858-2fa0-d842bc55300b,1,3350772,3350792,3356227,3355107,5435,5455,20,0,0,0
3356238,271e3ee2-b1a6-b1f1-620e-99d33b33f3d8,1,3350772,3350792,3356238,3358206,5446,5466,20,0,0,0
3356252,8beddb12-ad77-e82f-49a2-3a89e6b5a92c,1,3350772,3350792,3356252,3354068,5460,5480,20,0,0,0
3356287,c3a00c6f-2321-d1e1-c471-04c036136e15,1,3350772,3350792,3356287,3353949,5495,5515,20,0,0,0
3356408,9549c931-e9af-299d-7f67-1eec3da70577,1,3350777,3350792,3356408,3354838,5616,5631,15,0,0,0
3356429,aee14f87-fcff-e9e3-140f-f5896c624c2c,1,3350772,3350792,3356429,3356820,5637,5657,20,0,0,0
3356452,69c165ae-4c61-0ae8-87a3-7f1061b512ed,1,3350772,3350792,3356452,3356853,5660,5680,20,0,0,0
3356475,a3422e50-9e2a-7324-0f79-a8a75f8a14bd,1,3350773,3350792,3356475,3359095,5683,5702,19,0,0,0
3356509,6bbdb66f-9181-6091-d6c6-f45cdc5e4e78,1,3350777,3350792,3356509,3355622,5717,5732,15,0,0,0
3356525,e8334da5-de95-d695-3579-c1437ab99428,1,3350778,3350792,3356525,3355542,5733,5747,14,0,0,0
3356517,98550b1e-d588-1c1c-25db-5946a091e5b4,1,3350778,3350792,3356517,3355738,5725,5739,14,0,0,0
3356568,6fcc57dd-168f-ae12-5ca2-60c9eb7607c9,1,3350772,3350792,3356568,3357652,5776,5796,20,0,0,0
3356568,eb93f78c-620a-f158-5d2d-904f78c59073,1,3350772,3350792,3356568,3354812,5776,5796,20,0,0,0
3356579,4a1dab32-6aed-fdc7-a3e0-5309b5a1b949,1,3350776,3350792,3356579,3356195,5787,5803,16,0,0,0
3356534,97fe56c5-4c9a-9f24-d7b4-c294bd44089d,1,3350777,3350792,3356534,3353736,5742,5757,15,0,0,0
3356557,22ab7752-c4db-5a62-2e13-418d68ab80ea,1,3350777,3350792,3356557,3357738,5765,5780,15,0,0,0
3356556,cf03f0c8-0eff-d5bd-47eb-340dc74e48ff,1,3350777,3350792,3356556,3357641,5764,5779,15,0,0,0
3356533,7bab1baa-2172-a0aa-e44a-913af933a9fa,1,3350777,3350792,3356533,3358862,5741,5756,15,0,0,0
3356533,7f9ad277-db49-6e6d-1688-782f72b696ca,1,3350777,3350792,3356533,3357426,5741,5756,15,0,0,0
3356642,c85cd714-7bf6-9552-4cbc-90446bcd5ce7,1,3350774,3350792,3356642,3358257,5850,5868,18,0,0,0
3365142,23a13e20-7fd2-55ee-ac48-436668bd80d7,1,3350378,3350378,3365142,3367062,14764,14764,0,0,0,0
3365256,38b77c07-80fb-9296-73b6-a09b1beaf6ac,1,3350378,3350378,3365256,3371965,14878,14878,0,0,0,0
3365278,af475b49-c775-e395-d494-05f02cd2a404,1,3350378,3350378,3365278,3366822,14900,14900,0,0,0,0
3365278,0c3ce284-c7e5-3bbb-dcb5-1c535b62a8df,1,3350378,3350378,3365278,3365312,14900,14900,0,0,0,0
3365355,bd5ff093-c16f-9bcc-6243-bed754ec3f33,1,3350378,3350378,3365355,3364723,14977,14977,0,0,0,0
3365367,f7eae66e-ca6c-af9b-0969-71018b2c550a,1,3350378,3350378,3365367,3371716,14989,14989,0,0,0,0
3365372,519554e3-0737-4c86-397b-5f515ffa46ef,1,3350382,3350438,3365372,3369761,14934,14990,56,0,0,0
3365371,989240ac-e689-33a9-c9e4-8e8c25c61c45,1,3350384,3350438,3365371,3368021,14933,14987,54,0,0,0
3365388,e87466d7-ad66-a1bd-9367-6a024fdc6e1b,1,3350378,3350378,3365388,3366003,15010,15010,0,0,0,0
3365398,71be94c3-6ab1-cdb6-1da4-66feb0937085,1,3350378,3350378,3365398,3357870,15020,15020,0,0,0,0
3365394,4c2272f3-4811-e562-a91c-f19243e8644b,1,3350383,3350438,3365394,3359421,14956,15011,55,0,0,0
3365480,5da8d6d2-f8b3-8a8b-e05f-b8bc8a16a06c,1,3350379,3350438,3365480,3368353,15042,15101,59,0,0,0
3365479,ad973b67-9b89-e5cb-d942-644c248d31ec,1,3350379,3350438,3365479,3359515,15041,15100,59,0,0,0
3365480,f186e47a-a794-6320-8cf6-e8b87fd238c3,1,3350381,3350438,3365480,3360618,15042,15099,57,0,0,0
3365472,98cf1188-06d2-5913-a117-3719b023a0ea,1,3350382,3350438,3365472,3365768,15034,15090,56,0,0,0
3365471,d038e153-c601-818b-61fa-01ba231ae7c7,1,3350382,3350438,3365471,3371614,15033,15089,56,0,0,0
3365479,e45e2ad0-8eef-a5dd-d391-6dcfd6cade2c,1,3350382,3350438,3365479,3360064,15041,15097,56,0,0,0
3365437,4a90cd0c-24c1-73b9-b7f2-85723defa849,1,3350383,3350438,3365437,3368902,14999,15054,55,0,0,0
3365521,bda3c162-3a78-b64a-1d86-80cbb90800f3,1,3350382,3350438,3365521,3371977,15083,15139,56,0,0,0
3365519,98159d6c-9d71-3084-171d-abf9daf481a7,1,3350383,3350438,3365519,3368853,15081,15136,55,0,0,0
3365535,1a85910d-5a05-7c11-4ffc-a6b199b479d4,1,3350732,3350732,3365535,3368747,14803,14803,0,0,0,0
3365555,2e4bebc4-2989-0880-277d-1be96070b6a1,1,3350732,3350732,3365555,3368970,14823,14823,0,0,0,0
3365535,16591c89-21eb-faa9-1a2b-d69c450f69ee,1,3350734,3350792,3365535,3371661,14743,14801,58,0,0,0
3365542,8d93e14a-5b16-7158-3a67-470c7d98302f,1,3350736,3350792,3365542,3362987,14750,14806,56,0,0,0
3365573,fb0d3cda-1e63-9261-50e9-688872730e7b,1,3350732,3350732,3365573,3368638,14841,14841,0,0,0,0
3365601,ea18d32c-7a9a-8ef5-c11b-d1c4ffe3f366,1,3350736,3350792,3365601,3366739,14809,14865,56,0,0,0
3365631,81c61eeb-0ce3-c8c8-4735-4e4ff85b6d0a,1,3350732,3350732,3365631,3363236,14899,14899,0,0,0,0
3365652,ba236c22-e92a-7b97-51db-1a374204d733,1,3350735,3350792,3365652,3369227,14860,14917,57,0,0,0
3365665,b63b4dc3-a559-e463-79e1-3ceab0cbc61f,1,3350736,3350792,3365665,3361424,14873,14929,56,0,0,0
3365665,c3c75611-ffe3-fa49-054f-92fff366bad4,1,3350736,3350792,3365665,3359484,14873,14929,56,0,0,0
3365665,0ec0ad4b-d644-1a9d-3362-d476d53ae57f,1,3350736,3350792,3365665,3359342,14873,14929,56,0,0,0
3365665,8fca7b6a-8fc4-2092-f4e5-59e596229348,1,3350738,3350792,3365665,3363483,14873,14927,54,0,0,0
3365703,6e417d47-5ff5-95ea-5bc4-40f14b1a269b,1,3350732,3350732,3365703,3368471,14971,14971,0,0,0,0
3365694,4cc57e0d-2633-2018-6883-ac6e6a944054,1,3350732,3350732,3365694,3371841,14962,14962,0,0,0,0
3365695,722dce13-47a4-8c42-4665-34972fe922aa,1,3350732,3350732,3365695,3362620,14963,14963,0,0,0,0
3365726,a14923c2-f920-264c-0763-fcd01f15c7b6,1,3350736,3350792,3365726,3372928,14934,14990,56,0,0,0
3365694,c958e75e-21d5-3971-3367-49b52cf6bf75,1,3350736,3350792,3365694,3361517,14902,14958,56,0,0,0
3365725,33261887-9058-81df-ee9b-f3e11d27c09a,1,3350736,3350792,3365725,3358174,14933,14989,56,0,0,0
3365755,398d1ca6-8b68-70b5-1d61-fac36cd5e859,1,3350732,3350732,3365755,3369574,15023,15023,0,0,0,0
3365938,d8dff535-c62d-baea-de70-bd3000a21367,1,3350732,3350732,3365938,3365638,15206,15206,0,0,0,0
3375086,bfbf397b-ac3e-7b0d-5e5b-a13d746cdb77,1,3329126,3329126,3375086,3380271,45960,45960,0,0,0,0
3375184,649f7d88-8989-c5ab-fe2b-34d82db0728d,1,3329126,3329126,3375184,3379450,46058,46058,0,0,0,0
3375249,6334fa2a-8b4b-d7e7-a451-5ae01754bf08,1,3329126,3329126,3375249,3387906,46123,46123,0,0,0,0
3375365,8a2db2e6-3bfd-a8a6-705f-ddf566fadca0,1,3370317,3370325,3375365,3377714,5040,5048,8,0,0,0
3375462,66fba71d-b3a9-dcaa-6c6f-6d2e6a59c043,1,3370317,3370325,3375462,3374456,5137,5145,8,0,0,0
3375500,b379cb1e-e8cd-a0cc-76da-3ca0d2e82f38,1,3329126,3329126,3375500,3375975,46374,46374,0,0,0,0
3375508,38aa76df-db6b-a39b-36dd-9529f704d72f,1,3370308,3370325,3375508,3378048,5183,5200,17,0,0,0
3375498,99966612-9ea8-7552-c475-66bf8f660bbd,1,3370308,3370325,3375498,3375902,5173,5190,17,0,0,0
3375515,4b91b8cb-6ae6-6582-b852-b3cd9442b5e6,1,3370309,3370325,3375515,3373746,5190,5206,16,0,0,0
3375510,15969802-b6dd-6257-fb7d-9f1c57eb89b1,1,3370317,3370325,3375510,3374800,5185,5193,8,0,0,0
3375463,4082cbb9-48bd-db3e-62f5-df2badaa44ca,1,3370317,3370325,3375463,3374997,5138,5146,8,0,0,0
3375531,546252e7-f43b-a052-4459-bd6ec0f63229,1,3370308,3370325,3375531,3374654,5206,5223,17,0,0,0
3375560,df495037-b40a-9181-ac09-bdb799086e47,1,3370309,3370325,3375560,3376803,5235,5251,16,0,0,0
3375578,453b45fe-636c-f499-5254-aad3809cd839,1,3370314,3370325,3375578,3374280,5253,5264,11,0,0,0
3375638,7d23d479-9549-2a82-b787-ef8d3495311e,1,3329126,3329126,3375638,3355848,46512,46512,0,0,0,0
3375590,f3bc9a71-07f4-fee5-2c82-989ffd9cfbb0,1,3370309,3370325,3375590,3378104,5265,5281,16,0,0,0
3375590,d10bf4dc-0de4-faf4-d347-94cc5d04032d,1,3370309,3370325,3375590,3377974,5265,5281,16,0,0,0
3375630,1036ca81-0bc4-d7ba-70d0-ebcb6949ece5,1,3370313,3370325,3375630,3376148,5305,5317,12,0,0,0
3375631,eafde7d9-5f73-3a3e-5d28-6aa428a39779,1,3370314,3370325,3375631,3374323,5306,5317,11,0,0,0
3375591,97154633-9d4e-db71-eb2e-c80e4c255823,1,3370317,3370325,3375591,3375923,5266,5274,8,0,0,0
3375682,9c7c7377-79a2-8903-fbe3-3b243eae0032,1,3329129,3329186,3375682,3380662,46496,46553,57,0,0,0
3375687,01a25ed1-c3ab-b5f1-0c6b-7074ab102c9b,1,3370309,3370325,3375687,3377772,5362,5378,16,0,0,0
3375666,31f3f0c0-22f3-f068-7c0f-549d02740f73,1,3370309,3370325,3375666,3376685,5341,5357,16,0,0,0
3375671,485d831c-9bea-b529-9801-7a2fa5b83693,1,3370310,3370325,3375671,3377307,5346,5361,15,0,0,0
3375654,770c7798-37cc-863b-f2a0-345990604f62,1,3370313,3370325,3375654,3375512,5329,5341,12,0,0,0
3375652,541cdfcd-da0d-4a5f-148f-8b74a65bb1f2,1,3370313,3370325,3375652,3374499,5327,5339,12,0,0,0
3375653,1e2595b8-8fc9-c86b-e9dd-ebf563119aca,1,3370313,3370325,3375653,3374012,5328,5340,12,0,0,0
3375653,fee5ce69-33cb-202e-6d84-414df54191ea,1,3370313,3370325,3375653,3373980,5328,5340,12,0,0,0
3375652,725d4259-3c4b-1eec-6231-ee7342c2d2eb,1,3370314,3370325,3375652,3374770,5327,5338,11,0,0,0
3375644,379d58f9-dc26-8108-7140-11a1afc2ccfc,1,3370315,3370325,3375644,3374446,5319,5329,10,0,0,0
3375721,6676cc75-6699-5af5-1d24-181c2ed087d4,1,3329126,3329126,3375721,3356996,46595,46595,0,0,0,0
3375758,c51155ff-e7a3-7e81-63b4-c08b6b8e869f,1,3329129,3329186,3375758,3366575,46572,46629,57,0,0,0
3375714,ba92992e-44f8-b53c-5224-6d05d3692867,1,3370313,3370325,3375714,3377139,5389,5401,12,0,0,0
3375772,25637cc3-ca97-ebf5-55d5-96afa663d2cd,1,3329126,3329126,3375772,3381019,46646,46646,0,0,0,0
3375802,044251db-d0d4-ea67-7992-8faa4cbf131d,1,3329129,3329186,3375802,3359107,46616,46673,57,0,0,0
3375791,98874bfe-c136-9c65-ae2a-e3413f59e4f2,1,3329130,3329186,3375791,3369777,46605,46661,56,0,0,0
3375770,517400f8-0b2c-782a-6928-8e92c68a152f,1,3329131,3329186,3375770,3363813,46584,46639,55,0,0,0
3375827,1bad52a8-a976-dc4d-0c47-2187fea35d37,1,3329126,3329126,3375827,3379047,46701,46701,0,0,0,0
3375960,c77444cb-5543-fc3c-38b8-f24e56ea57b3,1,3329130,3329186,3375960,3353265,46774,46830,56,0,0,0
3376010,bed63da0-8033-f5c2-1413-d64db962c8a7,1,3329126,3329126,3376010,3364029,46884,46884,0,0,0,0
3376018,720b274b-82a7-f586-e61d-9cde1747f387,1,3329129,3329186,3376018,3393751,46832,46889,57,0,0,0
3376112,638c254c-076e-2bba-7c53-08bf6f92f25e,1,3329130,3329186,3376112,3394033,46926,46982,56,0,0,0
3376164,73b0d676-3527-a5c8-c534-ca08f6f24d1c,1,3329126,3329126,3376164,3353231,47038,47038,0,0,0,0
3376313,c2baf0e0-2179-e3f0-6612-4ab4f9b21e6e,1,3329129,3329186,3376313,3374041,47127,47184,57,0,0,0
3376402,ce7ae7f6-3982-0cff-4f77-a665ac3c5640,1,3329130,3329186,3376402,3375992,47216,47272,56,0,0,0
3382143,8ed6ad5e-1831-8aa3-5466-9d1910df9974,1,3352182,3352182,3382143,3379546,29961,29961,0,0,0,0
3382201,73557b9d-0fd6-f47e-f52d-4af2269ed4c9,1,3352186,3352242,3382201,3383900,29959,30015,56,0,0,0
3382243,755d814b-5f5b-a255-e544-9887b36ab3ed,1,3352182,3352182,3382243,3373101,30061,30061,0,0,0,0
3382251,8eb22579-0cdb-1ca4-76ec-bdd68498e113,1,3352186,3352242,3382251,3393818,30009,30065,56,0,0,0
3382250,d0be73ee-fd37-2539-65f2-02f983f02dc7,1,3352187,3352242,3382250,3385348,30008,30063,55,0,0,0
3382291,046a0df5-cafd-a613-72bb-912d7da67785,1,3352182,3352182,3382291,3371782,30109,30109,0,0,0,0
3382266,899ca782-e323-6d1a-3c1b-dacc18e19331,1,3352182,3352182,3382266,3389920,30084,30084,0,0,0,0
3382267,7d4ed26e-dcd5-bfae-abb3-16a743299780,1,3352182,3352182,3382267,3383021,30085,30085,0,0,0,0
3382267,1a8cf13c-28ce-231e-d827-4fc3f1458426,1,3352182,3352182,3382267,3383941,30085,30085,0,0,0,0
3382382,27b608dc-589d-ecb0-75eb-89c23f5cf2f3,1,3352182,3352182,3382382,3383990,30200,30200,0,0,0,0
3382338,5c9deee0-b42a-0456-8736-5a84725e134d,1,3352188,3352242,3382338,3371193,30096,30150,54,0,0,0
3382400,c64c9647-9ea7-017c-b89f-7039a107cc46,1,3352186,3352242,3382400,3370127,30158,30214,56,0,0,0
3382485,fc8d5b93-a2a2-e91f-a49b-1cd99082889b,1,3352182,3352182,3382485,3371112,30303,30303,0,0,0,0
3382473,183fea70-3ff6-579e-8cd4-b90abf8211bc,1,3352182,3352182,3382473,3383617,30291,30291,0,0,0,0
3382546,811317a8-f4c8-e393-96dd-6c82a8909e31,1,3352185,3352242,3382546,3382601,30304,30361,57,0,0,0
3382673,3b964c74-ffe6-2994-9580-4c2ac44fc4b8,1,3352182,3352182,3382673,3372747,30491,30491,0,0,0,0
3382644,0d31812e-30c3-6756-d453-f867b97e6224,1,3352185,3352242,3382644,3393479,30402,30459,57,0,0,0
3382708,54231dbe-2ba6-b158-a5ae-cf37a9d1a28e,1,3352186,3352242,3382708,3385326,30466,30522,56,0,0,0
3382785,b3ecb951-ab8c-bf97-20b7-1785d02ce0c1,1,3352186,3352242,3382785,3384102,30543,30599,56,0,0,0
3382930,51e744e4-b864-ca08-ea75-752d6a8fcacb,1,3352186,3352242,3382930,3384933,30688,30744,56,0,0,0
3383562,ef69a980-5ad4-79ef-636f-a890cc21cbdb,1,3370265,3370265,3383562,3384750,13297,13297,0,0,0,0
3383617,b45c9a54-5fa3-a531-1291-6e60f5e72daf,1,3370265,3370265,3383617,3387384,13352,13352,0,0,0,0
3383626,69efafb1-3a7e-8e14-e359-eee173991a47,1,3370265,3370265,3383626,3379070,13361,13361,0,0,0,0
3383659,6dda4f8d-cea6-0f4c-39e5-8ff092f837d4,1,3370265,3370265,3383659,3382216,13394,13394,0,0,0,0
3383626,dc6dafff-59c2-f153-b06b-0f0c96822e22,1,3370265,3370265,3383626,3387471,13361,13361,0,0,0,0
3383627,b599277f-f78e-e9e8-b676-291d4e329b4b,1,3370265,3370265,3383627,3378041,13362,13362,0,0,0,0
3383712,4baf0f5e-a932-0094-53f2-8f11147f6570,1,3370265,3370265,3383712,3382164,13447,13447,0,0,0,0
3383690,43b47ee5-e1e8-9e7e-2249-8f666e51484d,1,3370265,3370265,3383690,3388088,13425,13425,0,0,0,0
3383711,257035db-3fea-d90a-21f8-072dddb7570e,1,3370265,3370265,3383711,3377023,13446,13446,0,0,0,0
3383697,e3a68a70-7e71-0b55-8639-bd418b15bd94,1,3370269,3370325,3383697,3387031,13372,13428,56,0,0,0
3383728,30307633-a6de-d1d8-9258-17b7cf501889,1,3370273,3370325,3383728,3381211,13403,13455,52,0,0,0
3383763,f8ded777-bb1e-5ae8-17d8-21b8bb93cd40,1,3370265,3370265,3383763,3377778,13498,13498,0,0,0,0
3383802,f94d8fcb-dba3-496f-fa32-3f6990dbfad6,1,3370268,3370325,3383802,3389865,13477,13534,57,0,0,0
3383782,54fc286f-7457-7d47-d825-301039112943,1,3370268,3370325,3383782,3377501,13457,13514,57,0,0,0
3383782,17eaec83-8892-042f-9d4b-2bf94d85e9c7,1,3370269,3370325,3383782,3386007,13457,13513,56,0,0,0
3383802,98dc9e0b-51a1-f5df-06ac-10102e0869c1,1,3370269,3370325,3383802,3387347,13477,13533,56,0,0,0
3383801,5820b3f2-5989-dd6c-8d24-34f9963dc8bf,1,3370269,3370325,3383801,3386262,13476,13532,56,0,0,0
3383808,20509c62-08e8-95d7-702c-1821c8040fb7,1,3370274,3370325,3383808,3380826,13483,13534,51,0,0,0
3383879,18f1a1e4-1d30-a290-73d9-2aceb7461b72,1,3370269,3370325,3383879,3387576,13554,13610,56,0,0,0
3383876,2a9527f6-f817-0ebf-6b6e-64c5bb8aa843,1,3370270,3370325,3383876,3382576,13551,13606,55,0,0,0
3383904,34885a46-9088-2eaf-c977-6598203c8c25,1,3370273,3370325,3383904,3378471,13579,13631,52,0,0,0
3383866,0b705933-4cde-1b6b-1132-567c51a40d2a,1,3370274,3370325,3383866,3385948,13541,13592,51,0,0,0
3383954,2ab8bd33-911f-730b-dbff-00b07fe670f3,1,3370269,3370325,3383954,3382297,13629,13685,56,0,0,0
3383924,6511e61a-1436-65f5-4c81-926079ec533c,1,3370270,3370325,3383924,3389200,13599,13654,55,0,0,0
3383996,436e3c49-770e-09db-7092-d40143675d58,1,3370273,3370325,3383996,3389147,13671,13723,52,0,0,0
3385462,c3093b6e-37e9-d2e2-d35a-c07aaa0217d0,1,3379368,3379368,3385462,3388002,6094,6094,0,0,0,0
3385462,409e7a80-86c5-d1d6-9ea9-f50831227592,1,3379368,3379368,3385462,3385621,6094,6094,0,0,0,0
3385480,4f612217-eef1-6694-50ca-e32d0aba590e,1,3379368,3379368,3385480,3382984,6112,6112,0,0,0,0
3385552,6d3ee1dc-8139-2443-e45b-712eb8225688,1,3379368,3379368,3385552,3382547,6184,6184,0,0,0,0
3385553,34981735-4d38-e415-e036-35fca88d4108,1,3379368,3379368,3385553,3384028,6185,6185,0,0,0,0
3385560,0db5d441-2837-f418-6f27-c1b9e3c6dedb,1,3379377,3379428,3385560,3388463,6132,6183,51,0,0,0
3385569,6a34c854-1071-4d51-36c5-9dacb4d7e28e,1,3379381,3379428,3385569,3385822,6141,6188,47,0,0,0
3385570,49e64c22-89a0-b7eb-398f-569b465cc2cb,1,3379382,3379428,3385570,3388243,6142,6188,46,0,0,0
3385534,43c07d43-93a7-4792-c561-b8dca4364fcd,1,3379383,3379428,3385534,3386391,6106,6151,45,0,0,0
3385560,f93e08d5-bea2-9dfe-c73f-6e1baf908e3c,1,3379384,3379428,3385560,3385120,6132,6176,44,0,0,0
3385604,8a3c3b5e-801e-f1da-45b1-ed25f1533ae8,1,3379368,3379368,3385604,3386322,6236,6236,0,0,0,0
3385603,6f07b60f-9d4e-8b5d-2120-bfba1689e0b8,1,3379368,3379368,3385603,3383669,6235,6235,0,0,0,0
3385639,96ef2ad6-b97e-6703-46c8-adfe7bf47042,1,3379369,3379428,3385639,3384105,6211,6270,59,0,0,0
3385604,bcc57be0-0779-250a-6544-e3136ea05d13,1,3379381,3379428,3385604,3383956,6176,6223,47,0,0,0
3385603,0ec0713d-ea2c-7a51-7688-d11fce4758be,1,3379385,3379428,3385603,3382476,6175,6218,43,0,0,0
3385604,fb756923-f910-abb3-f105-32523990e2c9,1,3379386,3379428,3385604,3382678,6176,6218,42,0,0,0
3385655,396d1ffb-3a79-9efa-04e5-5bd56744acd4,1,3379369,3379428,3385655,3384290,6227,6286,59,0,0,0
3385672,e63658c9-12d0-498d-718d-4d05e8e22743,1,3379374,3379428,3385672,3388435,6244,6298,54,0,0,0
3385694,5d00df1b-a83c-1c2b-b776-e729791f49f6,1,3379375,3379428,3385694,3384298,6266,6319,53,0,0,0
3385666,b34c6c73-5833-0b30-6c77-6e950b981ccd,1,3379387,3379428,3385666,3388499,6238,6279,41,0,0,0
3385708,cc1b4157-ec9f-9c54-5e0a-72ab7f5db163,1,3379377,3379428,3385708,3385491,6280,6331,51,0,0,0
3385707,2c2ac34b-9e0b-7b01-7536-59efd873dad9,1,3379378,3379428,3385707,3388394,6279,6329,50,0,0,0
3385731,57bcad3a-d0a1-7fe8-5f64-2a5317cba85d,1,3379379,3379428,3385731,3387825,6303,6352,49,0,0,0
3385796,e9aa144b-9dd4-3675-ef14-5064aab07015,1,3379388,3379428,3385796,3387533,6368,6408,40,0,0,0
3385857,f2d3f761-0ba3-6279-14cb-056407437c3b,1,3379369,3379428,3385857,3384829,6429,6488,59,0,0,0
3394273,4ba17233-1ac3-bf31-7b96-e2d10649bcf6,1,3378335,3378335,3394273,3401490,15938,15938,0,0,0,0
3394278,87f1d48c-d54e-7948-c1c0-c5e3527c8f50,1,3378335,3378335,3394278,3388269,15943,15943,0,0,0,0
3394308,349b5089-2733-5670-b3ad-a2ba797209c0,1,3378335,3378335,3394308,3388660,15973,15973,0,0,0,0
3394320,5024bdc6-dcb3-3df3-13ee-cdc6ebd14d2c,1,3378351,3378395,3394320,3398103,15925,15969,44,0,0,0
3394337,3cd5fd7f-49c1-0669-c6b3-3fe61c76bdf6,1,3378335,3378335,3394337,3390569,16002,16002,0,0,0,0
3394379,d0725b5c-a281-4044-6f96-288295d82980,1,3378349,3378395,3394379,3389180,15984,16030,46,0,0,0
3394386,c1b5b5ca-bc35-36df-94f7-9dbac5811d2d,1,3378354,3378395,3394386,3386843,15991,16032,41,0,0,0
3394371,1bf645f6-2324-5211-4588-fc1bb2384849,1,3378354,3378395,3394371,3394715,15976,16017,41,0,0,0
3394448,f80b2cea-658e-54a2-9879-cf35f4719986,1,3378335,3378335,3394448,3400021,16113,16113,0,0,0,0
3394441,1a432f0a-7daa-39f0-c0b6-fce2de53790a,1,3378337,3378395,3394441,3387673,16046,16104,58,0,0,0
3394397,76f2dbfe-cd29-a36f-2222-82e174daaebf,1,3378341,3378395,3394397,3400269,16002,16056,54,0,0,0
3394397,fa207403-4ab4-27e3-a360-76812bbba89d,1,3378343,3378395,3394397,3399185,16002,16054,52,0,0,0
3394436,bc69c155-1a37-f6bd-6cd6-f011fd61f13b,1,3378344,3378395,3394436,3395759,16041,16092,51,0,0,0
3394409,503be788-2d44-5af8-fc94-76b1a18b5d15,1,3378344,3378395,3394409,3400586,16014,16065,51,0,0,0
3394422,9f6facc1-451d-38fe-8532-fc74a9987bdf,1,3378345,3378395,3394422,3395131,16027,16077,50,0,0,0
3394394,a255e1bb-0795-8c1f-538d-6b8cc607b1e9,1,3378349,3378395,3394394,3391678,15999,16045,46,0,0,0
3394434,11a72609-5edd-bbbf-a959-76636daa2e68,1,3378350,3378395,3394434,3393349,16039,16084,45,0,0,0
3394487,11b461e9-b15d-a72d-d4ce-e27c4a94ae9f,1,3378346,3378395,3394487,3386757,16092,16141,49,0,0,0
3394484,781799ff-b49e-04cc-c243-69e72387eaf6,1,3378355,3378395,3394484,3392479,16089,16129,40,0,0,0
3394549,c6435300-68a5-1c68-632d-bb5e486bb6bf,1,3378335,3378335,3394549,3396585,16214,16214,0,0,0,0
3394538,d4c3a832-b231-c60b-78f2-ce6bd46b415d,1,3378352,3378395,3394538,3396670,16143,16186,43,0,0,0
3394679,1cb9b73a-906d-5c8c-ead0-8c8913fe8a29,1,3378336,3378395,3394679,3400521,16284,16343,59,0,0,0
3394700,15ce6a66-4dc8-2a1e-f2f9-e5fa90164161,1,3378335,3378335,3394700,3393997,16365,16365,0,0,0,0
3394699,50647c59-774f-6354-7316-ce642a147a96,1,3378335,3378335,3394699,3395315,16364,16364,0,0,0,0
3394748,cd98f9e2-8d88-8beb-090d-9655db842660,1,3378340,3378395,3394748,3396084,16353,16408,55,0,0,0
3395963,69fb0763-8a9c-66f7-cee4-e5125802b640,64,3370964,3370964,3395963,3387715,24999,24999,0,0,0,0
3399084,3a3e46b0-96f8-4ff7-c1a7-2883f8802878,1,3358490,3358490,3399084,3384167,40594,40594,0,0,0,0
3399361,96792482-a3c9-88e4-8d22-38e6c7bf4fbc,1,3358491,3358550,3399361,3417696,40811,40870,59,0,0,0
3399401,27aa7cbc-2337-7bbc-fffe-77c839feb99c,1,3358493,3358550,3399401,3386765,40851,40908,57,0,0,0
3399462,25f88c74-53ea-4919-db48-62c2d5ff2a1f,1,3358493,3358550,3399462,3412375,40912,40969,57,0,0,0
3399558,f296d9f0-cd23-72c2-2bff-e17b532401fc,1,3358491,3358550,3399558,3405024,41008,41067,59,0,0,0
3407364,cbc72f1a-cf08-ea54-b429-9924c0986750,1,3358068,3358117,3407364,3400431,49247,49296,49,0,0,0
3408226,edcb8cb6-0692-dc63-9424-aed51bac5c15,1,3358068,3358117,3408226,3424226,50109,50158,49,0,0,0
3408259,f168c605-ce1a-1669-9bbc-6cbc409ca8f2,1,3358069,3358117,3408259,3403211,50142,50190,48,0,0,0
3408481,9360715f-c3fe-0183-e172-b725db52ca58,1,3358067,3358117,3408481,3399470,50364,50414,50,0,0,0
3408513,51beb80e-b7e6-a14c-dc8a-49225005680f,1,3358067,3358117,3408513,3396303,50396,50446,50,0,0,0
3433742,5fa5e0aa-9b11-b530-fd24-7c11bf6b8cdf,1,3425641,3425693,3433742,3433880,8049,8101,52,0,0,0
3433970,6b382a0a-231d-260b-b362-cd559b0ada0b,1,3425636,3425693,3433970,3434987,8277,8334,57,0,0,0
3434005,636f6e5c-2253-e706-87ad-8b268eaa5841,1,3425633,3425633,3434005,3431030,8372,8372,0,0,0,0
3434024,ee4205ee-a52f-c3ec-eb4e-2281b184d1fc,1,3425633,3425633,3434024,3435480,8391,8391,0,0,0,0
3433983,dcd1c413-0760-801f-9c81-fc465bcd236c,1,3425636,3425693,3433983,3431409,8290,8347,57,0,0,0
3433997,c074718e-425a-609f-7337-c59979844388,1,3425641,3425693,3433997,3430727,8304,8356,52,0,0,0
3433977,3ed8c56c-da09-dfa0-5282-8d8044b591f7,1,3425641,3425693,3433977,3429804,8284,8336,52,0,0,0
3433983,c156e501-b30e-96e8-b9da-5f8c4e35da80,1,3425643,3425693,3433983,3434645,8290,8340,50,0,0,0
3434084,4f6b58c8-598d-daec-eaaf-e5432434a678,1,3425636,3425693,3434084,3430516,8391,8448,57,0,0,0
3434071,74797b61-2737-2b52-7a6a-210722319050,1,3425636,3425693,3434071,3436020,8378,8435,57,0,0,0
3434058,e2d903c8-a61a-cd8e-6bf7-240fccc62fed,1,3425637,3425693,3434058,3431723,8365,8421,56,0,0,0
3434042,24aa5685-7523-66ce-fc95-0bbae8184f34,1,3425641,3425693,3434042,3438120,8349,8401,52,0,0,0
3434097,3c20592f-c04a-96c4-f3b6-3fe1d1843324,1,3425636,3425693,3434097,3433522,8404,8461,57,0,0,0
3434092,329fc417-1081-3d45-ff45-f8a20594b24f,1,3425641,3425693,3434092,3431853,8399,8451,52,0,0,0
3434203,10b6a662-2ac1-d5ca-4e5d-8f1296b31f4a,1,3425633,3425633,3434203,3437261,8570,8570,0,0,0,0
3434205,b7f60cdf-41dc-1c60-a5f6-0735757b6b29,1,3425639,3425693,3434205,3435562,8512,8566,54,0,0,0
3434199,b076a7dc-fd0c-e433-ca5e-151b23d3cd4c,1,3425641,3425693,3434199,3438148,8506,8558,52,0,0,0
3434191,3508507a-f622-d842-0402-2b3c508211a5,1,3425642,3425693,3434191,3434566,8498,8549,51,0,0,0
3434241,889fe107-443b-1d0f-3dbc-3093a8284442,1,3425633,3425633,3434241,3438391,8608,8608,0,0,0,0
3434241,af34cf65-a193-c4b2-3c19-e71d118405ad,1,3425637,3425693,3434241,3434573,8548,8604,56,0,0,0
3434212,f7d7465d-37c3-b3c9-65d0-b51788d00abd,1,3425637,3425693,3434212,3436850,8519,8575,56,0,0,0
3434385,694d7b00-8d38-8327-883f-13c601b158e9,1,3425636,3425693,3434385,3437404,8692,8749,57,0,0,0
3434421,ec86a890-d7b0-0bdc-566e-3cbe9aea622f,1,3425633,3425633,3434421,3432152,8788,8788,0,0,0,0
3434404,c8d57717-9055-a36f-4aa5-f9d3335f2f59,1,3425641,3425693,3434404,3434945,8711,8763,52,0,0,0
3434465,9d1c0838-edc8-cca8-e3bc-d6f3b18d2c8c,1,3425641,3425693,3434465,3434240,8772,8824,52,0,0,0
3444107,f510ab53-c7fe-e39f-1190-f938a66fd7f7,1,3438820,3438828,3444107,3443638,5279,5287,8,0,0,0
3444117,9a069295-3b8d-3447-0e61-065f171b1b80,1,3438819,3438828,3444117,3444977,5289,5298,9,0,0,0
3444226,16476e3f-1127-b207-ceae-1325ea074d80,1,3438819,3438828,3444226,3444776,5398,5407,9,0,0,0
3444348,3f5e3b8c-c058-2da5-a757-075bd47f83b1,1,3438814,3438828,3444348,3443186,5520,5534,14,0,0,0
3444403,6db99102-a48b-3dbe-157d-94a106f028ff,1,3438809,3438828,3444403,3443640,5575,5594,19,0,0,0
3444381,8861fe18-58e2-5888-0a83-81bec85aca46,1,3438810,3438828,3444381,3444403,5553,5571,18,0,0,0
3444390,8a4b8f7c-2147-2a15-fcce-96f6250a4578,1,3438815,3438828,3444390,3446445,5562,5575,13,0,0,0
3444447,12a1fe7d-dfa5-9722-0a1f-c9df9a591974,1,3438809,3438828,3444447,3444334,5619,5638,19,0,0,0
3444423,c5c5b37a-f85e-06a1-1dad-09b252c21221,1,3438810,3438828,3444423,3442249,5595,5613,18,0,0,0
3444468,f0b2a5d1-8c7e-6f42-2646-eaf9d5c0244d,1,3438810,3438828,3444468,3447107,5640,5658,18,0,0,0
3444413,3873e57f-0ba0-78e8-4ef4-92c1aac93316,1,3438814,3438828,3444413,3446425,5585,5599,14,0,0,0
3444445,93364f7e-83ef-a9f3-a1c7-cc8a04351b64,1,3438814,3438828,3444445,3443022,5617,5631,14,0,0,0
3444413,b12b6680-7f07-2cb9-2fd3-40c0f945f2fd,1,3438814,3438828,3444413,3442396,5585,5599,14,0,0,0
3444447,98af5cca-6b11-b7cb-6372-542482c56b21,1,3438814,3438828,3444447,3442472,5619,5633,14,0,0,0
3444434,161d5c87-53c9-fe59-4f89-e3b2d847dc53,1,3438814,3438828,3444434,3444736,5606,5620,14,0,0,0
3444433,b4adaf89-0ff1-aa9f-ba37-0623bc5fd4dd,1,3438815,3438828,3444433,3444673,5605,5618,13,0,0,0
3444433,6b52f93c-2321-e64e-620d-4a1f479f6628,1,3438815,3438828,3444433,3444147,5605,5618,13,0,0,0
3444426,fba6abf7-cdbc-c653-77a7-e8b75e70f65f,1,3438818,3438828,3444426,3444372,5598,5608,10,0,0,0
3444439,a04d4d14-197d-bae1-0bc2-ea720c648ca2,1,3438818,3438828,3444439,3446725,5611,5621,10,0,0,0
3444476,0c880714-8372-17e0-6570-46ea5b11f51f,1,3438814,3438828,3444476,3446101,5648,5662,14,0,0,0
3444586,768b4f7e-6421-5e66-5fc6-4cd0721e8b1f,1,3438809,3438828,3444586,3442694,5758,5777,19,0,0,0
3444566,e8b77f7b-7321-bf6b-0a80-76ece5582e16,1,3438810,3438828,3444566,3445267,5738,5756,18,0,0,0
3444606,bc0a6a5d-6e99-6e3e-e3b1-37fc0a3450fc,1,3438809,3438828,3444606,3446317,5778,5797,19,0,0,0
3444606,8570b59f-a903-ae67-fc56-8b5324acb722,1,3438809,3438828,3444606,3445149,5778,5797,19,0,0,0
3444606,40b374f8-8c1a-b2c7-1fa3-ed1f61584f88,1,3438809,3438828,3444606,3445219,5778,5797,19,0,0,0
3455684,1bff3142-a5e1-5b55-57d3-f4ddd963dc72,1,3438768,3438768,3455684,3451420,16916,16916,0,0,0,0
3455692,ba2c98ce-0b19-f88e-9d77-a45ef206c269,1,3438768,3438768,3455692,3451721,16924,16924,0,0,0,0
3455692,822c4d32-6c64-5c15-aba3-01cba561e1e9,1,3438768,3438768,3455692,3454383,16924,16924,0,0,0,0
3455693,15260718-cd18-0a82-4447-ceab84ef4324,1,3438768,3438768,3455693,3447348,16925,16925,0,0,0,0
3455692,46707cd6-4ced-a164-69df-14e9389641dd,1,3438768,3438768,3455692,3447756,16924,16924,0,0,0,0
3455692,1d91fe39-d801-4004-793b-ed1b14f9c394,1,3438768,3438768,3455692,3451423,16924,16924,0,0,0,0
3455733,6e8f75a1-17dd-ed81-15da-705cd4ef00aa,1,3438769,3438828,3455733,3454106,16905,16964,59,0,0,0
3455744,5c0b9b10-a757-cb10-42f5-25b902ed73ce,1,3438769,3438828,3455744,3459380,16916,16975,59,0,0,0
3455734,f8f9a45d-0f55-4896-f610-396b7df59abf,1,3438770,3438828,3455734,3457270,16906,16964,58,0,0,0
3455733,8beb4e78-e683-73a3-bb82-b7963207343e,1,3438771,3438828,3455733,3454540,16905,16962,57,0,0,0
3455733,d8e7012f-3968-1c81-7b70-c3b8a81fdec3,1,3438772,3438828,3455733,3447638,16905,16961,56,0,0,0
3455724,f891b0c3-dd3f-487e-52bd-c6619fe0a8c7,1,3438772,3438828,3455724,3449760,16896,16952,56,0,0,0
3455724,a65f7b8a-dbb4-4021-fdde-64afa75b395a,1,3438772,3438828,3455724,3451610,16896,16952,56,0,0,0
3455734,a43e558c-2215-df00-dfdf-0e05c0cef31b,1,3438772,3438828,3455734,3456139,16906,16962,56,0,0,0
3455734,73e7f042-516c-3b0a-5385-3918bc4015fa,1,3438772,3438828,3455734,3448532,16906,16962,56,0,0,0
3455733,5168bbf2-97af-5bde-3c8e-9d782d14e9f4,1,3438772,3438828,3455733,3453628,16905,16961,56,0,0,0
3455733,7eef09ab-da14-3a47-7823-51d9d94df188,1,3438772,3438828,3455733,3460737,16905,16961,56,0,0,0
3455734,f48f709c-49a2-2441-0ac4-de854a5b1aff,1,3438773,3438828,3455734,3456441,16906,16961,55,0,0,0
3455726,279c658a-3676-0ce5-81e5-c9f693f277cc,1,3438775,3438828,3455726,3458819,16898,16951,53,0,0,0
3455734,98a21f1c-914d-cfae-f100-13a7c6deb2f0,1,3438775,3438828,3455734,3448526,16906,16959,53,0,0,0
3455726,577bc55a-36d5-5494-f37f-d50d2e25b5ee,1,3438776,3438828,3455726,3450153,16898,16950,52,0,0,0
3455735,8f15ba58-fce6-8504-87f8-424daae65fc1,1,3438777,3438828,3455735,3452480,16907,16958,51,0,0,0
3455710,fc737d92-11ab-3d11-e4eb-8000ef40d162,1,3438777,3438828,3455710,3457672,16882,16933,51,0,0,0
3455718,0274ce40-e090-16b6-b186-a5a8d6ee526b,1,3438777,3438828,3455718,3460711,16890,16941,51,0,0,0
3455734,1cce08e9-6b6a-8061-c81c-8d3185c69fbf,1,3438777,3438828,3455734,3450144,16906,16957,51,0,0,0
3457071,0fc98d2e-030f-9be9-1f17-8f9323c97a1e,1,3444738,3444794,3457071,3456414,12277,12333,56,0,0,0
3457112,45f50c52-2e2f-bf77-0769-79d644777442,1,3444734,3444734,3457112,3458259,12378,12378,0,0,0,0
3457111,0261c87a-a15c-159a-af8c-a888b1f81ad9,1,3444738,3444794,3457111,3457457,12317,12373,56,0,0,0
3457096,255bfc1c-7e3d-5ee4-44b6-4ec14d16f049,1,3444739,3444794,3457096,3458379,12302,12357,55,0,0,0
3457167,827c9f8c-d40a-c5e9-81df-6517561c9210,1,3444739,3444794,3457167,3462313,12373,12428,55,0,0,0
3457139,cf767343-fced-f994-d631-c383303014d0,1,3444739,3444794,3457139,3458537,12345,12400,55,0,0,0
3457177,f692641a-9aad-10ce-cab2-4f241744ee3f,1,3444739,3444794,3457177,3459260,12383,12438,55,0,0,0
3457221,df41e335-b9ae-d8e4-e615-99c8cbf81f86,1,3444735,3444794,3457221,3457650,12427,12486,59,0,0,0
3457207,b28187c4-aa05-5442-a284-e8fd755cee2a,1,3444739,3444794,3457207,3460595,12413,12468,55,0,0,0
3457263,e1fdc6d1-6978-5221-7fb7-5c574b8c031f,1,3444734,3444734,3457263,3458420,12529,12529,0,0,0,0
3457447,e05b46c5-5636-3094-a974-31db09a9d1c1,1,3444739,3444794,3457447,3451657,12653,12708,55,0,0,0
3457888,e6fdd7af-dd84-cacc-f672-94643f8ea40a,1,3444734,3444734,3457888,3461060,13154,13154,0,0,0,0
3458358,09f64405-0b99-0034-0a4e-255280051b10,1,3444738,3444794,3458358,3460185,13564,13620,56,0,0,0
3459790,5bb8b9c8-8932-59f3-1ee8-9a4c681134e2,1,3444743,3444794,3459790,3463552,14996,15047,51,0,0,0
3459814,41191aa7-1b61-d453-68c2-094db8b818cf,1,3444743,3444794,3459814,3456685,15020,15071,51,0,0,0
3459839,8f3dc97f-e6b0-da0a-b98f-5dbe15aede0f,1,3444745,3444794,3459839,3454048,15045,15094,49,0,0,0
3459864,d8d994b8-d90f-74e9-06dd-f6cab0c30a59,1,3444734,3444734,3459864,3465403,15130,15130,0,0,0,0
3459894,70cafdd8-fc04-3f08-9207-0158f2771f63,1,3444743,3444794,3459894,3467050,15100,15151,51,0,0,0
3459853,b8beff3d-cb9f-af6d-ef3a-6f27ef06fccb,1,3444743,3444794,3459853,3455303,15059,15110,51,0,0,0
3459956,3e245fbf-fa69-8cd2-fe23-90f3e7bbaefc,1,3444743,3444794,3459956,3456106,15162,15213,51,0,0,0
3459959,b5a6571c-4fa5-c35e-10cc-460428b26b1b,1,3444743,3444794,3459959,3453731,15165,15216,51,0,0,0
3460238,be2d740a-1e9b-23bc-50c7-c006314d3441,1,3444746,3444794,3460238,3463695,15444,15492,48,0,0,0
3460310,f18cccdc-131e-b723-3bcd-f203459ee674,1,3444743,3444794,3460310,3455177,15516,15567,51,0,0,0
3460433,286ed390-edd9-7a1a-fa58-5b278ce3e7c3,1,3444744,3444794,3460433,3457876,15639,15689,50,0,0,0
3460674,0cf697a5-7603-c36c-f139-4e3c0aee2557,1,3444744,3444794,3460674,3468417,15880,15930,50,0,0,0
3473689,a995ecc3-6f5b-09a6-0ff1-c51f915cb31b,1,3464286,3464339,3473689,3472129,9350,9403,53,0,0,0
3473759,1f5df912-54e0-7431-cf13-3b65d450afa2,1,3464279,3464279,3473759,3476347,9480,9480,0,0,0,0
3473843,31a3ac4d-828c-37e7-87d5-b7be1d30d990,1,3464282,3464339,3473843,3471811,9504,9561,57,0,0,0
3473906,eb4d8f42-8735-70a2-e511-09611869a217,1,3464279,3464279,3473906,3473573,9627,9627,0,0,0,0
3473984,59e1ac09-5970-a859-c6b6-e4ade7ea8d5a,1,3464285,3464339,3473984,3477178,9645,9699,54,0,0,0
3473948,2d79a2d1-506e-50c7-7aa0-61e9336b00cb,1,3464287,3464339,3473948,3476272,9609,9661,52,0,0,0
3474030,0131ff3b-6221-0670-7a36-e788f71fb9a6,1,3464282,3464339,3474030,3477664,9691,9748,57,0,0,0
3474124,9be71737-06b8-9231-8e86-7f3ca487eeab,1,3464282,3464339,3474124,3471907,9785,9842,57,0,0,0
3474226,38d5101f-423c-ad9d-193e-478302b34254,1,3464279,3464279,3474226,3477148,9947,9947,0,0,0,0
3474247,6090d697-8b1e-3b9d-c34b-9fbb8d4a75b8,1,3464279,3464279,3474247,3470716,9968,9968,0,0,0,0
3474273,c2492e5e-005f-d0e6-55c3-b2dbf374190d,1,3464283,3464339,3474273,3470156,9934,9990,56,0,0,0
3474317,05c8234b-1d76-3a66-b5f5-9cb0cf685878,1,3464279,3464279,3474317,3469459,10038,10038,0,0,0,0
3474435,ad409244-cd35-66ef-5c37-07394a629c5e,1,3464281,3464339,3474435,3478082,10096,10154,58,0,0,0
3474464,54bbbcf8-28fe-a761-8d49-fe3f2ca8f783,1,3464279,3464279,3474464,3471694,10185,10185,0,0,0,0
3474584,df9b141e-c7f7-bda1-bff1-5840207e863f,1,3464279,3464279,3474584,3475481,10305,10305,0,0,0,0
3474586,3805f907-6cd6-6193-c746-8f591b494e15,1,3464282,3464339,3474586,3473118,10247,10304,57,0,0,0
3474673,94ad6252-15bc-2a3e-bf76-55d7f97c6c3c,1,3464287,3464339,3474673,3479403,10334,10386,52,0,0,0
3477066,5f18e583-f0b6-f83f-a377-f6f1d289f0ab,1,3470546,3470590,3477066,3477503,6476,6520,44,0,0,0
3477412,44007d5a-e88d-a719-2624-2b40a5cb63a2,1,3470566,3470590,3477412,3480466,6822,6846,24,0,0,0
3481074,3defa7ba-07d2-fd4d-ae61-716a1fb621ae,1,3475529,3475553,3481074,3478605,5521,5545,24,0,0,0
3481113,3730dfba-6494-dd5c-da29-6905ee22a70b,1,3475507,3475553,3481113,3479162,5560,5606,46,0,0,0
3481114,bec39a37-9b3d-74bd-e91e-314e0c8e29e3,1,3475508,3475553,3481114,3480895,5561,5606,45,0,0,0
3481133,b5a5f8e6-b639-1f04-2852-4385d9f2dd0d,1,3475518,3475553,3481133,3478799,5580,5615,35,0,0,0
3481088,fa34d2e8-dd3f-7d7e-a508-dc9513a4a492,1,3475532,3475553,3481088,3480630,5535,5556,21,0,0,0
3481133,e0827f76-11a5-29b4-66a3-02d6f43e8c48,1,3475534,3475553,3481133,3482159,5580,5599,19,0,0,0
3481094,502cf0ee-224a-66a6-ac0f-680115b24e1d,1,3475544,3475553,3481094,3479164,5541,5550,9,0,0,0
3481097,eb6c1016-cee6-24d0-9dac-6e8345241ea6,1,3475548,3475553,3481097,3480100,5544,5549,5,0,0,0
3481185,a34db7c5-760d-ebbb-3b70-b3a124a35cf2,1,3475507,3475553,3481185,3480440,5632,5678,46,0,0,0
3481148,65edcfe3-4f2d-ad3f-10d4-de39161237c9,1,3475508,3475553,3481148,3478719,5595,5640,45,0,0,0
3481167,7f6bd3c6-1b34-1937-c8e6-09391d2fed2a,1,3475527,3475553,3481167,3478911,5614,5640,26,0,0,0
3481155,5e6fea07-c453-6f1d-4199-2fdfb31022f0,1,3475528,3475553,3481155,3479994,5602,5627,25,0,0,0
3481166,c8ebe27a-23a4-e70e-9dbc-15c02a7dc57c,1,3475530,3475553,3481166,3481595,5613,5636,23,0,0,0
3481154,08e3f771-b6dc-bd05-da9b-ccc1e71c681a,1,3475541,3475553,3481154,3479837,5601,5613,12,0,0,0
3481143,b5cbe3f5-6a66-c184-7de1-bf5daf4847f0,1,3475545,3475553,3481143,3482739,5590,5598,8,0,0,0
3481161,6b15c11b-b113-d50b-dea0-50c6eb9ed274,1,3475546,3475553,3481161,3479981,5608,5615,7,0,0,0
3481219,7b53359e-1bac-bd0d-af35-b30b4c68eb17,1,3475508,3475553,3481219,3479436,5666,5711,45,0,0,0
3481219,2747b93c-9ae7-7eab-084a-67809136f1f8,1,3475509,3475553,3481219,3483643,5666,5710,44,0,0,0
3481219,bf337a15-1e08-6f20-bdd1-51b0f64ab6ec,1,3475509,3475553,3481219,3480382,5666,5710,44,0,0,0
3481219,816bcb9f-7426-b193-4b7e-6b3c87d292a6,1,3475514,3475553,3481219,3483241,5666,5705,39,0,0,0
3481205,a79b44b6-da50-9fed-1d4a-3d81b3a7d0e0,1,3475515,3475553,3481205,3481287,5652,5690,38,0,0,0
3481218,76492e64-f55d-ce6d-6d26-8b378f5242d3,1,3475521,3475553,3481218,3481480,5665,5697,32,0,0,0
3481225,7b07fd31-a424-4f23-0d5b-a7cd400035f0,1,3475531,3475553,3481225,3482744,5672,5694,22,0,0,0
3481196,a0279a18-6576-a410-0d41-ee472a5fda18,1,3475537,3475553,3481196,3479923,5643,5659,16,0,0,0
3481224,aab612c9-415d-174a-75a6-69814104a8b5,1,3475547,3475553,3481224,3482455,5671,5677,6,0,0,0
3481310,c9e26074-4f16-39a0-0a17-991ea5769411,1,3475525,3475553,3481310,3481723,5757,5785,28,0,0,0
3481290,b2a6e468-d02b-1243-8091-3ac10463750e,1,3475542,3475553,3481290,3479830,5737,5748,11,0,0,0
3481273,01e187d8-1a31-2044-95a0-f35665abc9ff,1,3475544,3475553,3481273,3478488,5720,5729,9,0,0,0
3481372,f387e1bd-2d59-72c6-134a-5a2fa7cf705c,1,3475510,3475553,3481372,3479601,5819,5862,43,0,0,0
3481371,13365c0c-82ff-1f2e-c78f-07cf170fa87b,1,3475515,3475553,3481371,3481964,5818,5856,38,0,0,0
3481343,7c0e8cd8-8573-e793-c715-b2b9c40c5d91,1,3475533,3475553,3481343,3480410,5790,5810,20,0,0,0
3481330,6e3f683a-bf3c-5140-7f54-a51101fa964e,1,3475535,3475553,3481330,3479353,5777,5795,18,0,0,0
3481372,55f3ad50-e2fb-b984-bab2-7bcea39c3bd5,1,3475538,3475553,3481372,3478985,5819,5834,15,0,0,0
3481365,74eff545-3e65-2603-78e3-654bfaf14ff0,1,3475541,3475553,3481365,3480049,5812,5824,12,0,0,0
3481385,28e333b6-4e8a-dc4b-7724-20411e43fbd2,1,3475508,3475553,3481385,3479798,5832,5877,45,0,0,0
3481430,0e3141ec-5c31-1464-82c2-99f07487d772,1,3475517,3475553,3481430,3480270,5877,5913,36,0,0,0
3481394,f1901b7e-c6b4-69ef-b74e-ba9310275b53,1,3475519,3475553,3481394,3482858,5841,5875,34,0,0,0
3481399,3c088990-54a2-7051-7b0c-cad9eee13cae,1,3475536,3475553,3481399,3482215,5846,5863,17,0,0,0
3481478,4ccb2355-39d1-c7ff-b27e-1442fd7fe973,1,3475509,3475553,3481478,3478761,5925,5969,44,0,0,0
3481546,6e3cdd4f-55b1-45e4-70b2-7304545cd88d,1,3475522,3475553,3481546,3483306,5993,6024,31,0,0,0
3481618,ba108217-0ad7-c9a2-7277-16ec59fefbbc,1,3475540,3475553,3481618,3479763,6065,6078,13,0,0,0
3481674,bc9a7998-6365-fc2a-6793-cb096b271eff,1,3475523,3475553,3481674,3481297,6121,6151,30,0,0,0
3481658,67c0518b-17ef-a621-081c-79d4c27437eb,1,3475526,3475553,3481658,3479369,6105,6132,27,0,0,0
3481650,e79f9f3d-19ee-2c3b-b93c-4b0bb93b770c,1,3475526,3475553,3481650,3480905,6097,6124,27,0,0,0
3481754,7ea5a387-363b-e5cb-d329-37246dfd171a,1,3475524,3475553,3481754,3484751,6201,6230,29,0,0,0
3482218,9f708368-cb3c-f8ca-a392-57316b79afcc,1,3470489,3470530,3482218,3476925,11688,11729,41,0,0,0
3482238,a9e27ba9-952e-6abb-14dd-5061555736f8,1,3470507,3470530,3482238,3477645,11708,11731,23,0,0,0
3482430,72f60958-12ef-6101-6082-786fca00ef58,1,3470471,3470530,3482430,3480123,11900,11959,59,0,0,0
3482588,1eb74b56-53ff-d3a2-4a19-35014169b9fc,1,3470742,3470742,3482588,3479366,11846,11846,0,0,0,0
3482673,51facefa-d6f8-9f7a-c2fa-1da878308631,1,3470743,3470802,3482673,3487175,11871,11930,59,0,0,0
3482711,518b2f21-9cf2-0859-ee6e-2e7253f591dc,1,3470773,3470802,3482711,3485067,11909,11938,29,0,0,0
3482707,64953d5f-0cb4-e891-188d-f23b3ccff6eb,1,3470775,3470802,3482707,3478445,11905,11932,27,0,0,0
3482761,4d3485c5-c5c1-4eb4-b27b-3d901a16342c,1,3470742,3470742,3482761,3476965,12019,12019,0,0,0,0
3482771,5fbbf0b1-8083-89c8-657e-01c90da23e5c,1,3470742,3470742,3482771,3487924,12029,12029,0,0,0,0
3482786,d218c9d6-c093-bfb0-24e9-bcfd9647ff9f,1,3470756,3470802,3482786,3481475,11984,12030,46,0,0,0
3482749,dd83ad03-7066-e289-1644-84a0d1151fff,1,3470773,3470802,3482749,3482121,11947,11976,29,0,0,0
3482803,548e1f6b-69ce-1e4e-19a6-92c90d700ea4,1,3470481,3470530,3482803,3476753,12273,12322,49,0,0,0
3482831,96a9954f-dc33-e1f9-4c1f-55ab715629ee,1,3470782,3470802,3482831,3479963,12029,12049,20,0,0,0
3482901,a48e40f1-d042-1dfa-56ab-087a8bc78e81,1,3470483,3470530,3482901,3480966,12371,12418,47,0,0,0
3482854,5a2837b2-cb83-83f2-bb96-f6022b115c36,1,3470742,3470742,3482854,3476862,12112,12112,0,0,0,0
3482903,df162ec3-be84-8aa2-392c-04da5af3da5a,1,3470777,3470802,3482903,3478804,12101,12126,25,0,0,0
3482963,f200c261-4d29-d1ab-3455-12f701f7c7ec,1,3470762,3470802,3482963,3486828,12161,12201,40,0,0,0
3482961,304b2370-8270-1238-9b5f-8f39848b34f0,1,3470771,3470802,3482961,3486131,12159,12190,31,0,0,0
3482990,b6f6dbf1-d6d4-41cc-195d-82f8ee4a9b5d,1,3470774,3470802,3482990,3487485,12188,12216,28,0,0,0
3483092,3810ae66-5a31-b4cc-cd4b-69a99b689c88,1,3470777,3470802,3483092,3485040,12290,12315,25,0,0,0
3483168,1327f1bc-2784-378f-f84f-16b3a79fbfaf,1,3470491,3470530,3483168,3484491,12638,12677,39,0,0,0
3483209,a9ba5a27-907b-fe36-9786-48f864de82e6,1,3470471,3470530,3483209,3482000,12679,12738,59,0,0,0
3483215,a0017720-200b-2903-4642-6c458d03f17a,1,3470491,3470530,3483215,3488234,12685,12724,39,0,0,0
3483256,59e7703a-70aa-5b0d-2a03-8ad4a667b982,1,3470764,3470802,3483256,3489072,12454,12492,38,0,0,0
3483231,e10b1a47-7fae-b748-7781-321e83c501cb,1,3470766,3470802,3483231,3485953,12429,12465,36,0,0,0
3483319,b7b8c1a5-9a45-693d-7227-890e4e76833a,1,3470753,3470802,3483319,3481115,12517,12566,49,0,0,0
3483357,2e9ce8ff-084a-3c4b-9146-8cdcf7164b73,1,3462885,3462885,3483357,3476474,20472,20472,0,0,0,0
3483409,966be275-c2fe-8954-cdfd-9531302b7831,1,3462886,3462945,3483409,3483486,20464,20523,59,0,0,0
3483427,63d62a39-c0e3-befd-4c71-e0fe5a0cdd7c,1,3470483,3470530,3483427,3477077,12897,12944,47,0,0,0
3483440,48769153-c688-13fe-5255-5c758d55119e,1,3470760,3470802,3483440,3478344,12638,12680,42,0,0,0
3483434,e9d68f23-b489-d070-7914-f8a8bea4ff31,1,3470766,3470802,3483434,3489125,12632,12668,36,0,0,0
3483510,8ed8a80d-84cf-ee39-bf31-c29f82bbad84,1,3462885,3462885,3483510,3488936,20625,20625,0,0,0,0
3483493,05000bc6-b20d-cb6e-f231-1f1795863a76,1,3470511,3470530,3483493,3486195,12963,12982,19,0,0,0
3483514,22bf18f5-1f65-2a87-333e-e3447dbf4bc1,1,3470742,3470742,3483514,3482208,12772,12772,0,0,0,0
3483514,812faa38-96f6-1c09-059c-1ba0bbec721d,1,3470742,3470742,3483514,3486519,12772,12772,0,0,0,0
3483521,7387928a-29a3-db6d-39bf-ca38afe9be90,1,3470769,3470802,3483521,3479630,12719,12752,33,0,0,0
3483544,893ad232-98c3-e3ca-7ff4-cec6e7b7b4c6,1,3470742,3470742,3483544,3486662,12802,12802,0,0,0,0
3483612,84a2576c-1fc9-05f8-d4d6-07350e2f8958,1,3462885,3462885,3483612,3475043,20727,20727,0,0,0,0
3483805,afb28b3d-38ec-cb4d-b69f-5eabb9ff2c29,1,3470770,3470802,3483805,3488629,13003,13035,32,0,0,0
3484142,1674eb65-0f9c-5300-7aa1-c5678cf9eea9,1,3462886,3462945,3484142,3479775,21197,21256,59,0,0,0
3486342,dcb91d5f-593c-572b-4347-dbca7321a8b2,1,3470492,3470530,3486342,3487065,15812,15850,38,0,0,0
3486380,e5d6f6e6-9a6e-c2f5-ccc4-29038bcf53a1,1,3470742,3470742,3486380,3486486,15638,15638,0,0,0,0
3486375,503b4078-a39c-9ec6-f746-4c02871854c1,1,3470749,3470802,3486375,3491472,15573,15626,53,0,0,0
3486346,27d415b6-0d77-c5a0-e222-b6a615bfbe97,1,3470751,3470802,3486346,3492422,15544,15595,51,0,0,0
3486362,5ef787b8-f2e6-195f-732e-2016add702c9,1,3470751,3470802,3486362,3482258,15560,15611,51,0,0,0
3486445,e6e987ca-b87b-6384-9fdd-de2ea8a2b7ad,1,3470752,3470802,3486445,3491972,15643,15693,50,0,0,0
3486467,370b9a29-0a53-0df9-9a72-083cb266986c,1,3470749,3470802,3486467,3492225,15665,15718,53,0,0,0
3486519,30a5648e-efe9-b3d0-3639-08bf03ece8ff,1,3470788,3470802,3486519,3489486,15717,15731,14,0,0,0
3486564,8eac0a33-cdf9-74a7-d882-b5c1f79efd70,1,3470794,3470802,3486564,3480942,15762,15770,8,0,0,0
3486696,5fb8944d-de00-18aa-8439-6fc0c26e2706,1,3470768,3470802,3486696,3488451,15894,15928,34,0,0,0
3486703,ac9ed156-f63f-ce41-3a9a-ca5e176132ed,1,3470793,3470802,3486703,3494182,15901,15910,9,0,0,0
3486794,1b0ae22e-ecc8-17a6-19a6-f80ef08ce6c2,1,3470758,3470802,3486794,3484464,15992,16036,44,0,0,0
3486777,c5f8e2f8-414f-4994-2845-77805e20c957,1,3470780,3470802,3486777,3483130,15975,15997,22,0,0,0
3486845,600b4b35-6a0a-a7d5-a0b8-575544caa5a2,1,3470755,3470802,3486845,3492951,16043,16090,47,0,0,0
3486948,c9ce44bd-7c3f-1add-da38-5db590eeb067,1,3470764,3470802,3486948,3479457,16146,16184,38,0,0,0
3487001,9b69554d-7c54-535f-6c8c-3b6aa974d079,1,3470754,3470802,3487001,3489033,16199,16247,48,0,0,0
3487060,2e2bdc6c-b736-0c4f-dcc5-d97550fe8199,1,3470768,3470802,3487060,3480363,16258,16292,34,0,0,0
3487153,098c60b3-efc9-909e-d9af-6e09b91e3d6e,1,3470742,3470742,3487153,3482048,16411,16411,0,0,0,0
3487212,439db29d-4bc8-1c16-fa2f-bd74fd1935cc,1,3470759,3470802,3487212,3488929,16410,16453,43,0,0,0
3487222,8db06746-7927-9973-5e78-1fd794e0d3ba,1,3470760,3470802,3487222,3481809,16420,16462,42,0,0,0
3487275,3e9639ba-0ed2-ec9d-3d17-5712d8b22277,1,3464279,3464279,3487275,3487910,22996,22996,0,0,0,0
3487310,a6129a1c-889d-4b76-775c-30b561730c48,1,3470762,3470802,3487310,3492826,16508,16548,40,0,0,0
3487371,501ba851-5ee6-8495-3400-29c3ea11905b,1,3464286,3464339,3487371,3498705,23032,23085,53,0,0,0
3487428,373aedf8-431e-930f-0387-f74d1149d096,1,3470551,3470590,3487428,3484867,16838,16877,39,0,0,0
3487418,b227462c-f53d-4330-cdda-24ba2d06e8cf,1,3470572,3470590,3487418,3489320,16828,16846,18,0,0,0
3487472,a2cd1590-58af-393c-8aa2-b4c93ba5bd76,1,3470563,3470590,3487472,3491210,16882,16909,27,0,0,0
3487509,a175a9c3-d7b1-02a9-2332-a50e6992896e,1,3470577,3470590,3487509,3480906,16919,16932,13,0,0,0
3487480,2c154804-0997-59a3-7919-955c9be4f19f,1,3470580,3470590,3487480,3492989,16890,16900,10,0,0,0
3487507,7a768555-a987-b218-ff84-faef5336723b,1,3470581,3470590,3487507,3483081,16917,16926,9,0,0,0
3487670,b5b453ca-3d42-993c-cc9f-d3349bdf0377,1,3470579,3470590,3487670,3492652,17080,17091,11,0,0,0
3487765,a52964ff-c74c-c890-3c6a-3174113634a5,1,3464283,3464339,3487765,3477450,23426,23482,56,0,0,0
3487785,e1721c83-ef5e-4376-a723-fb72682b163a,1,3470578,3470590,3487785,3494500,17195,17207,12,0,0,0
3487830,788fd0cd-65c0-6b93-c8ed-abdd4ef03f80,1,3464282,3464339,3487830,3487784,23491,23548,57,0,0,0
3487866,8991b01a-a2b0-3c4b-7c96-6b552f8d8ded,1,3464283,3464339,3487866,3483219,23527,23583,56,0,0,0
3487872,1d0bc9bd-e9b5-c5cf-d766-5cdafe049059,1,3470549,3470590,3487872,3483385,17282,17323,41,0,0,0
3487956,68d0a2a8-c4e7-f7dd-6929-de738693fd9d,1,3470552,3470590,3487956,3483432,17366,17404,38,0,0,0
3488008,8ee9581a-e061-f65f-a859-6f8cd73418fe,1,3464279,3464279,3488008,3486996,23729,23729,0,0,0,0
3488000,2e85cb21-7631-de9d-dde9-f86322bd3388,1,3475433,3475433,3488000,3485863,12567,12567,0,0,0,0
3488003,085eb489-4ac6-6780-3874-9f3cc2d49b56,1,3475433,3475433,3488003,3491059,12570,12570,0,0,0,0
3488069,2c913a7c-a340-4f08-b341-91b8ed6522b4,1,3475433,3475433,3488069,3487292,12636,12636,0,0,0,0
3488065,b1d81887-4739-cc7b-bff3-0c8d83ff3e96,1,3475433,3475433,3488065,3485492,12632,12632,0,0,0,0
3488083,8bea75c1-b866-77aa-23d4-526b2b54ff7a,1,3475433,3475433,3488083,3488165,12650,12650,0,0,0,0
3488082,9620bee6-6406-face-53a5-e8508950ddd6,1,3475433,3475433,3488082,3484768,12649,12649,0,0,0,0
3488128,e3ad64d4-eab9-eb02-2f1d-c1217d024c6d,1,3475445,3475493,3488128,3489926,12635,12683,48,0,0,0
3488103,b2414482-5198-94d8-8643-3603c92a7d7c,1,3475448,3475493,3488103,3486021,12610,12655,45,0,0,0
3488128,9e91a71c-7374-ccbf-d78c-57d3508850d3,1,3475451,3475493,3488128,3493611,12635,12677,42,0,0,0
3488089,beed10b6-4f6e-274b-deda-b0276550f74a,1,3475455,3475493,3488089,3486984,12596,12634,38,0,0,0
3488138,989bc4da-9b37-a22b-6a8a-616fc3b290d0,1,3464287,3464339,3488138,3491848,23799,23851,52,0,0,0
3488151,90ce82e8-e9a5-3368-5812-9eb27c13f47a,1,3470544,3470590,3488151,3482825,17561,17607,46,0,0,0
3488193,aca58d95-915a-1c30-4b86-b5a1ca6fbff8,1,3475440,3475493,3488193,3490167,12700,12753,53,0,0,0
3488193,aaf78c67-51d0-8109-fc90-2838d8741408,1,3475442,3475493,3488193,3483091,12700,12751,51,0,0,0
3488186,cac4d0eb-3373-730e-fc31-a5971f119c0f,1,3475449,3475493,3488186,3494121,12693,12737,44,0,0,0
3488182,00a81de9-d20f-87d0-4465-6d6b81fb18b3,1,3475450,3475493,3488182,3489842,12689,12732,43,0,0,0
3488167,6b352f85-504e-2687-70e7-e75604d9145e,1,3475452,3475493,3488167,3489862,12674,12715,41,0,0,0
3488171,bbaa574f-e0e3-c5ce-44af-ecb79f2ebefc,1,3475453,3475493,3488171,3484436,12678,12718,40,0,0,0
3488175,72c22a16-79eb-4168-1045-56e5bee3eb79,1,3475456,3475493,3488175,3490685,12682,12719,37,0,0,0
3488159,be153187-b783-e1d5-d264-04b923f47a55,1,3475461,3475493,3488159,3494224,12666,12698,32,0,0,0
3488159,741b77f5-4c24-a053-67f5-ae02af5b8f47,1,3475462,3475493,3488159,3486451,12666,12697,31,0,0,0
3488241,b02e21aa-352b-6ec8-e90d-21cb7f111a36,1,3464288,3464339,3488241,3477462,23902,23953,51,0,0,0
3488235,e53e5f4c-6c7e-9a2c-467f-358ba48aa108,1,3475433,3475433,3488235,3487263,12802,12802,0,0,0,0
3488250,cc351e4f-703e-957f-35ab-8466b5578b00,1,3475441,3475493,3488250,3485317,12757,12809,52,0,0,0
3488239,f2ce7eeb-4c56-fb8f-0bb4-32b3d2e76deb,1,3475446,3475493,3488239,3486865,12746,12793,47,0,0,0
3488212,586a346a-dc5b-e7d1-fcef-1972bbf483ce,1,3475454,3475493,3488212,3490760,12719,12758,39,0,0,0
3488212,8f158449-4f40-c22f-15b0-2530f020e992,1,3475456,3475493,3488212,3488332,12719,12756,37,0,0,0
3488201,97fa7f04-8363-9007-5cae-9610c72c1fe3,1,3475458,3475493,3488201,3492794,12708,12743,35,0,0,0
3488256,34323ec6-b0c4-a01c-69b7-c0fa26c432f6,1,3475464,3475493,3488256,3489071,12763,12792,29,0,0,0
3488255,f004e897-a15b-2e18-afb0-64065f4b1a97,1,3475464,3475493,3488255,3492908,12762,12791,29,0,0,0
3488199,50032b35-1857-8baf-bac7-e2b96a7e4c36,1,3475467,3475493,3488199,3493874,12706,12732,26,0,0,0
3488226,8e969227-72e7-6b51-6e54-ac6d2ff8e87e,1,3475469,3475493,3488226,3483057,12733,12757,24,0,0,0
3488283,033e02f7-1e93-d127-2cf7-2140bd9bc648,1,3470569,3470590,3488283,3487873,17693,17714,21,0,0,0
3488289,960be0f4-9513-2c22-1583-9b99a50a13dc,1,3475440,3475493,3488289,3493326,12796,12849,53,0,0,0
3488307,a590fd3c-ad6e-cc57-a520-c3d0fbcdbf5e,1,3475459,3475493,3488307,3484437,12814,12848,34,0,0,0
3488265,b65feea9-7d82-4264-1ba3-62e7afa415e5,1,3475460,3475493,3488265,3484959,12772,12805,33,0,0,0
3488279,bcf2fc3b-d958-74c2-6053-8c1ba84510a1,1,3475463,3475493,3488279,3488303,12786,12816,30,0,0,0
3488291,935f2b0a-a138-4ddc-e2d9-de5d6a18ce4c,1,3475466,3475493,3488291,3483709,12798,12825,27,0,0,0
3488290,1dde7969-6886-13db-a634-8e784d5c55c7,1,3475467,3475493,3488290,3482812,12797,12823,26,0,0,0
3488282,56cb1ab0-62fb-26d7-f4db-ca07e506f670,1,3475469,3475493,3488282,3486442,12789,12813,24,0,0,0
3488294,e3de4ec0-4dfa-21be-a335-b2c89e7b1e95,1,3475473,3475493,3488294,3494264,12801,12821,20,0,0,0
3488322,a7dc2bc0-bd9c-4693-b6ca-1127e9f87970,1,3475433,3475433,3488322,3491097,12889,12889,0,0,0,0
3488332,d773f98d-550c-2fe9-654c-11d9f2e61828,1,3475471,3475493,3488332,3483864,12839,12861,22,0,0,0
3488374,ed1115d7-50a4-6c85-d9d5-7b0242d04d55,1,3475473,3475493,3488374,3492356,12881,12901,20,0,0,0
3488397,77e490c7-1d7b-c313-cde2-2f1c56b60afc,1,3475433,3475433,3488397,3490280,12964,12964,0,0,0,0
3488393,fbe94499-dbc0-80fd-46fb-7bf300b9d4a3,1,3475443,3475493,3488393,3490762,12900,12950,50,0,0,0
3488455,1777e8cb-7468-5b98-d2fe-2fded918b3e5,1,3475438,3475493,3488455,3483837,12962,13017,55,0,0,0
3488566,f2f5b176-2c41-cbd3-72f4-44abc1d71f4a,1,3475444,3475493,3488566,3493609,13073,13122,49,0,0,0
3488598,6aa0426d-f7c0-d5f7-69a5-3b4f8ff8869d,1,3470554,3470590,3488598,3480968,18008,18044,36,0,0,0
3488592,38e59b27-16dc-5a6e-a789-077055ec024a,1,3470570,3470590,3488592,3490199,18002,18022,20,0,0,0
3488640,702b7014-adab-2c2f-91a6-46dacd613988,1,3470560,3470590,3488640,3480321,18050,18080,30,0,0,0
3488665,dd34aa18-9001-9ed4-0bb4-01e769f753f1,1,3475434,3475493,3488665,3491310,13172,13231,59,0,0,0
3488867,9191b363-4e2d-6645-6dc7-cac7fd72b050,1,3470558,3470590,3488867,3485850,18277,18309,32,0,0,0
3489847,2a35ce30-303c-b04b-c007-93365bf7dda1,1,3470470,3470470,3489847,3487632,19377,19377,0,0,0,0
3489904,9d3616a1-08de-c921-260c-b547e2280fe3,1,3470503,3470530,3489904,3496462,19374,19401,27,0,0,0
3490005,9293f705-0815-0147-3e00-980eae441e21,1,3470497,3470530,3490005,3486944,19475,19508,33,0,0,0
3490019,16c8e3d7-abf0-263e-0343-8b6400b3700f,1,3470471,3470530,3490019,3493357,19489,19548,59,0,0,0
3490035,14a34f7f-d90d-d19b-d3fb-e043af1d5a1a,1,3470562,3470590,3490035,3483872,19445,19473,28,0,0,0
3490104,1fa382e8-895c-cd99-43b3-8eb403902c5d,1,3470480,3470530,3490104,3483005,19574,19624,50,0,0,0
3490097,bc10fa52-bf5d-2fdf-89c8-d2ab6b44fa8d,1,3470484,3470530,3490097,3496026,19567,19613,46,0,0,0
3490107,e9d6bb7e-361d-b014-7114-56de301c8db3,1,3470496,3470530,3490107,3485895,19577,19611,34,0,0,0
3490168,46feacd4-fe13-93cd-0f2d-5c15eb346d3a,1,3470471,3470530,3490168,3484868,19638,19697,59,0,0,0
3490138,a6eab79e-d21c-82f8-cada-4f80a9e782d4,1,3470477,3470530,3490138,3487358,19608,19661,53,0,0,0
3490152,ef2ddcc4-8df6-61da-5f07-c1a5dfc620ce,1,3470494,3470530,3490152,3493390,19622,19658,36,0,0,0
3490156,f99cea5c-b65a-d0f1-4350-ab061059ea28,1,3470506,3470530,3490156,3491540,19626,19650,24,0,0,0
3490199,75b27455-04cc-3ede-6fac-16730ad45230,1,3470485,3470530,3490199,3487135,19669,19714,45,0,0,0
3490294,ab0b4cc5-15f0-ea19-18c1-80d2aadf3692,1,3470471,3470530,3490294,3492043,19764,19823,59,0,0,0
3490250,0c9e5550-3cd1-ff3f-b0c5-827854dccba5,1,3470471,3470530,3490250,3482994,19720,19779,59,0,0,0
3490294,9780c215-2b2b-b8e9-a417-c09380a8a23d,1,3470477,3470530,3490294,3484416,19764,19817,53,0,0,0
3490333,032a09e0-5071-e5f0-a7ac-590c42f90f92,1,3470478,3470530,3490333,3496501,19803,19855,52,0,0,0
3490310,142e3df0-3c28-f5dc-d12d-aea8673d2920,1,3470504,3470530,3490310,3485995,19780,19806,26,0,0,0
3490332,7a4a902f-21d6-3b0f-b1ac-040d6c1cc405,1,3470506,3470530,3490332,3493633,19802,19826,24,0,0,0
3490415,45c45a3e-e9da-484a-8075-9f1f87e5f0fe,1,3470471,3470530,3490415,3492318,19885,19944,59,0,0,0
3490392,ada58417-5e2a-d32d-31ab-0b56d5c9fdc7,1,3470487,3470530,3490392,3480500,19862,19905,43,0,0,0
3490403,f758dce2-0556-daea-67b0-32831d7c0098,1,3470488,3470530,3490403,3485541,19873,19915,42,0,0,0
3490385,0f5ae9d3-8e6e-5003-214f-3f12cfd01cbd,1,3470505,3470530,3490385,3491026,19855,19880,25,0,0,0
3490478,53f30073-83e9-6ef4-6d7d-f5d0d3b59af7,1,3470495,3470530,3490478,3489368,19948,19983,35,0,0,0
3490550,092c4801-698f-04f8-6747-d24a1a46d536,1,3470487,3470530,3490550,3486375,20020,20063,43,0,0,0
3490984,d56f0350-8c45-9ce2-67f4-8ad54d0b0d1a,1,3470494,3470530,3490984,3486034,20454,20490,36,0,0,0
3502147,5f32d5d8-2abe-1585-425e-0259b88416d2,1,3470480,3470530,3502147,3511819,31617,31667,50,0,0,0
3502201,a1a27485-7134-8c2a-780b-3657117b355b,1,3470500,3470530,3502201,3504324,31671,31701,30,0,0,0
3502397,3a3c8a71-ff57-4e2b-4991-ab9bebc2026f,1,3470509,3470530,3502397,3502603,31867,31888,21,0,0,0
3502446,7e8adee7-0758-e201-561e-16d16105716b,1,3470471,3470530,3502446,3497771,31916,31975,59,0,0,0
3502503,52961fb3-4d40-7b28-5628-ddcd19dd3e8c,1,3470472,3470530,3502503,3502021,31973,32031,58,0,0,0
3502912,d9750f00-d5ab-a8ae-9112-fbc03d8f95f4,1,3470498,3470530,3502912,3502081,32382,32414,32,0,0,0
3504365,f6eab3a0-0153-9221-2331-0a28c550eca8,1,3470582,3470590,3504365,3507973,33775,33783,8,0,0,0
3504552,dbd30aec-0b46-1173-00a8-547382425912,1,3470574,3470590,3504552,3516374,33962,33978,16,0,0,0
3504944,8da03d88-0c6f-3051-bc78-842387c5f526,1,3470510,3470530,3504944,3492001,34414,34434,20,0,0,0
3505111,a7d4cf50-f791-f1e5-43f9-cd6b797ebe87,1,3470501,3470530,3505111,3516494,34581,34610,29,0,0,0
3505196,7daec949-d700-b461-8cb6-b0ba925f8199,1,3470500,3470530,3505196,3515111,34666,34696,30,0,0,0
3508178,1139fa12-34c1-c3ea-3d9c-4e6404015ced,1,3470571,3470590,3508178,3515743,37588,37607,19,0,0,0
3508232,f5b78cc7-e6b3-c944-cb32-3e357922bac2,1,3470545,3470590,3508232,3526137,37642,37687,45,0,0,0
3508210,2976aab2-2a26-f770-4ddb-1b36272c0588,1,3470552,3470590,3508210,3516794,37620,37658,38,0,0,0
3508385,1986b4b2-70b7-e868-d854-80f0dfcaf0b7,1,3470545,3470590,3508385,3502582,37795,37840,45,0,0,0
3508510,3610901c-2196-b3b5-fc21-109bba27bc64,1,3470561,3470590,3508510,3506540,37920,37949,29,0,0,0
3508548,2fe5b140-23ea-7956-49f1-137d7d592e19,1,3470544,3470590,3508548,3516157,37958,38004,46,0,0,0
3508526,5a104129-54ae-bd1b-8ce6-424dbef59fe6,1,3470569,3470590,3508526,3512614,37936,37957,21,0,0,0
3508576,6b2d5b09-8707-9ad4-80be-7e3561c2645a,1,3470552,3470590,3508576,3511683,37986,38024,38,0,0,0
3510580,1a43db54-523a-e993-4b34-46bc8ba435cc,1,3470573,3470590,3510580,3494366,39990,40007,17,0,0,0
3510654,ff4c96d6-71f2-ce8f-b69f-68c3e60fd420,1,3470556,3470590,3510654,3500211,40064,40098,34,0,0,0
3510689,82dc4c8e-36b5-229a-acf5-e81e71316269,1,3470564,3470590,3510689,3508846,40099,40125,26,0,0,0
3527121,c8d0f9e5-9919-65ea-98d0-0c2c17d30f32,1,3470555,3470590,3527121,3547189,56531,56566,35,0,0,0
3527389,74eda60e-3b2d-520b-a4f3-418541822509,1,3470545,3470590,3527389,3507367,56799,56844,45,0,0,0
3564842,3acb43a3-d2c7-bffb-6118-433b882ccd1e,1,3556406,3556465,3564842,3566676,8377,8436,59,0,0,0
3565013,d2938e6e-ff4d-0930-33b0-fb536f75ee8a,1,3556409,3556465,3565013,3561972,8548,8604,56,0,0,0
3565059,55ab946d-a5b5-cdc2-a181-c85eca0ac6ac,1,3556415,3556465,3565059,3566473,8594,8644,50,0,0,0
3565100,339b77a8-4b1f-0d7b-0977-c513752a7d25,1,3556406,3556465,3565100,3560932,8635,8694,59,0,0,0
3565347,9c89d374-c664-95a7-8077-3e33690e7e62,1,3556410,3556465,3565347,3561648,8882,8937,55,0,0,0
3565384,fb481ded-0f03-7337-b9f6-143bb2383056,1,3556405,3556405,3565384,3566863,8979,8979,0,0,0,0
3565367,6786d506-38ba-8abc-4b53-05e517d2582e,1,3556406,3556465,3565367,3567406,8902,8961,59,0,0,0
3565371,a075e927-5110-b492-f442-7e0b61484bb3,1,3556410,3556465,3565371,3568282,8906,8961,55,0,0,0
3565430,e723ada3-8c32-bdb2-d42a-895e0fcf601f,1,3556413,3556465,3565430,3567650,8965,9017,52,0,0,0
3565486,a5135ea0-fa53-e34d-e6d5-901d8b621d41,1,3556409,3556465,3565486,3568064,9021,9077,56,0,0,0
3565487,67ce378f-e5a4-983b-a383-889adb2c6ac8,1,3556409,3556465,3565487,3565000,9022,9078,56,0,0,0
3565716,42d943ee-5197-6e75-0523-d4fd4b7f2183,1,3556405,3556405,3565716,3570304,9311,9311,0,0,0,0
3565737,439e754c-6930-16ea-e0bd-a1ee5807cf74,1,3556411,3556465,3565737,3570280,9272,9326,54,0,0,0
3565753,fd08b32c-62d6-0e93-6198-5d54cfb87e6f,1,3556413,3556465,3565753,3568363,9288,9340,52,0,0,0
3565871,8ece1128-56ce-4b42-fc9e-1dcbcb7e6268,1,3556413,3556465,3565871,3562712,9406,9458,52,0,0,0
3565880,5c62b3a2-3a3c-563e-4bd6-cee631b1b099,1,3556411,3556465,3565880,3563067,9415,9469,54,0,0,0
3566138,5cd8fe1a-dafe-c8a9-3c71-e0bef3579560,1,3556406,3556465,3566138,3568790,9673,9732,59,0,0,0
3566143,2cd94cbb-c19a-d58c-c35b-1c8c0a4c9f7f,1,3556408,3556465,3566143,3566947,9678,9735,57,0,0,0
3566337,fa745761-6f18-c108-1723-199dbf2c14a0,1,3556405,3556405,3566337,3568646,9932,9932,0,0,0,0
3566372,6e191042-370b-c063-dd90-e79eb888f6ed,1,3556407,3556465,3566372,3562910,9907,9965,58,0,0,0
3566348,e8dd5e5a-1712-fb16-21a4-344fbb7bee03,1,3556410,3556465,3566348,3567664,9883,9938,55,0,0,0
3566347,7b90942f-973b-6977-e946-28206a80cac2,1,3556414,3556465,3566347,3570261,9882,9933,51,0,0,0
3566437,fcc4091b-f457-07c6-7894-6a15c34201db,1,3556414,3556465,3566437,3565911,9972,10023,51,0,0,0
3566837,f3abea0d-5be9-fdb3-dd92-dd7c0db977a9,1,3556409,3556465,3566837,3563326,10372,10428,56,0,0,0
3567787,ebc1bb52-82e4-dd4a-143a-c1c54f560ed5,1,3557387,3557387,3567787,3567786,10400,10400,0,0,0,0
3568509,92701d60-7c4f-48e4-a7a0-2a3d620f230b,1,3556405,3556405,3568509,3574391,12104,12104,0,0,0,0
3572639,1dba1267-7e1c-a5a1-fef5-18a64dead645,32,3547590,3547590,3572639,3560317,25049,25049,0,0,0,0
3582465,54e38579-c0af-d193-f780-ef2f664d5922,32,3561841,3561841,3582465,3581010,20624,20624,0,0,0,0
3715303,9c678393-2ced-3c0d-3173-04b5c1dd484a,16,3656459,3656459,3715303,3714949,58844,58844,0,0,0,0
3906094,2c78644f-d860-65a2-fdd5-b0f8d6d744fd,16,3822764,3822764,3906094,3941216,83330,83330,0,0,0,0
4078108,a879d8f8-9042-2eb7-8b04-0f53e63949d4,16,4063911,4063911,4078108,4077354,14197,14197,0,0,0,0
4093573,24108e9a-3f77-9cae-7318-b96d44790612,2,4070397,4070398,4093573,4093473,23175,23176,1,0,0,0
4096214,11df12d7-dd30-de89-22f2-35f2e11b868d,2,4070280,4070338,4096214,4096118,25876,25934,58,0,0,0
4096295,6772fe9f-999b-c859-cf5e-0f0bcd67b5df,2,4070334,4070338,4096295,4085188,25957,25961,4,0,0,0
4096869,03edd1f8-74f9-3d17-e912-b4bf86a4bae4,2,4076763,4076763,4096869,4093928,20106,20106,0,0,0,0
4097002,f6d22a7b-aec7-6a82-148b-4376602a4e57,2,4076791,4076823,4097002,4099916,20179,20211,32,0,0,0
4104725,0406ff44-7ce4-0679-a8c6-dbc07bb3447b,2,4076790,4076823,4104725,4101072,27902,27935,33,0,0,0
4105453,551ac8ea-585a-0afa-7bfd-cc1289e06ab3,2,4076783,4076823,4105453,4099704,28630,28670,40,0,0,0
4123058,b9a5d4d0-4237-01f1-bdac-dc5e20c0f275,2,4070278,4070278,4123058,4121105,52780,52780,0,0,0,0
4125970,585d3f86-1d23-24e6-8329-20b7c143f426,2,4070288,4070338,4125970,4145956,55632,55682,50,0,0,0
4134286,46fde062-a33d-c7af-d701-410d3f4b1a70,2,4076795,4076823,4134286,4106216,57463,57491,28,0,0,0
4137798,5a304528-0b59-9562-2227-219f551ff086,2,4076839,4076883,4137798,4143000,60915,60959,44,0,0,0
4147051,b8e19f56-8787-ea21-0448-2a220308aa5e,32,4134795,4134795,4147051,4144347,12256,12256,0,0,0,0
4257222,964db03f-9340-3fad-dc4a-d56bd6016237,1,4256084,4256084,4257222,4257052,1138,1138,0,0,0,0
4257573,c7f4f4f9-8222-1ad3-eca3-91d47ba16dd7,1,4256414,4256430,4257573,4257416,1143,1159,16,0,0,0
4257853,d4f76322-b362-c0d2-6498-8bdecd0254db,1,4256728,4256728,4257853,4257764,1125,1125,0,0,0,0
4258669,0cbd3c03-9e2a-a4ac-c122-b5b3284c03d2,1,4256430,4256430,4258669,4258169,2239,2239,0,0,0,0
4258763,2b843ef3-d86d-655d-4cd9-916481df62f4,1,4256421,4256430,4258763,4258780,2333,2342,9,0,0,0
4258989,a9f25336-83f4-a9a9-48a6-39d015b52908,1,4256306,4256306,4258989,4259895,2683,2683,0,0,0,0
4259130,950df1a0-7aaf-2001-9912-316afd9e8e20,1,4256370,4256370,4259130,4258916,2760,2760,0,0,0,0
4259151,22b5f457-1860-ad28-d0af-b235ade68f51,1,4256518,4256518,4259151,4258657,2633,2633,0,0,0,0
4260036,8cc36f3b-c3af-fcfe-734a-6ca38116e3fc,1,4257261,4257282,4260036,4260701,2754,2775,21,0,0,0
4260471,1e26ed31-d9e9-2758-76b9-04364b46ef33,1,4258305,4258305,4260471,4260999,2166,2166,0,0,0,0
4260812,3735262d-4184-3b03-04dd-7054144823f7,1,4259718,4259718,4260812,4260367,1094,1094,0,0,0,0
4260857,54b58635-3dab-1614-5215-0ed87ddca413,1,4258643,4258699,4260857,4260507,2158,2214,56,0,0,0
4260880,94fb09f0-53c9-3ae7-7cf0-7bb3f343d9eb,1,4259729,4259778,4260880,4260923,1102,1151,49,0,0,0
4261267,1a89b71e-a0d5-72c8-a837-fe68bba205ca,1,4258639,4258639,4261267,4260306,2628,2628,0,0,0,0
4261285,09b7fdf7-7d8d-3ddd-2cf1-49cb4f1e1a37,1,4258639,4258639,4261285,4261921,2646,2646,0,0,0,0
4261283,72d35458-61ea-2f30-e42e-707afe2bd987,1,4258644,4258699,4261283,4259965,2584,2639,55,0,0,0
4261405,96053035-6545-c030-a981-fa54f121e129,1,4258640,4258699,4261405,4262147,2706,2765,59,0,0,0
4261881,ef158d5b-2d00-7d05-d66d-4627e1dace6a,1,4259177,4259190,4261881,4261989,2691,2704,13,0,0,0
4262403,ae62990c-19bd-4f93-78ef-7666b7a4c719,1,4259728,4259778,4262403,4262420,2625,2675,50,0,0,0
4262450,0075d3d5-ba94-aa66-2d7e-4a452099e71f,1,4259751,4259778,4262450,4262697,2672,2699,27,0,0,0
4262875,2877f5d9-0f56-75f8-b048-faa112ae5c22,1,4260628,4260628,4262875,4263753,2247,2247,0,0,0,0
4263052,e00da49d-effa-2002-3040-413c4690fb15,1,4260886,4260932,4263052,4263681,2120,2166,46,0,0,0
4263081,cbb18c79-1036-708d-d9a0-90075bb47c18,1,4260881,4260932,4263081,4261955,2149,2200,51,0,0,0
4263104,907276ea-44c0-7a9a-d64a-cb1f39eb038a,1,4260882,4260932,4263104,4262207,2172,2222,50,0,0,0
4263471,9b4e2c24-9479-e1e6-c927-7d9b6e0d2648,1,4260851,4260872,4263471,4263224,2599,2620,21,0,0,0
4263493,4223623b-cc3e-bdde-5ad5-cf06364d7c87,1,4260829,4260872,4263493,4262630,2621,2664,43,0,0,0
4263624,b495db4e-8245-6fb4-4ab7-706eb77350ca,1,4260879,4260932,4263624,4263478,2692,2745,53,0,0,0
4324201,5df06e8c-878a-aed9-233f-fc8292ec89af,1,4320244,4320244,4324201,4325724,3957,3957,0,0,0,0
4324262,a8535961-632d-0302-1a82-833c20dda0ff,1,4320254,4320304,4324262,4324154,3958,4008,50,0,0,0
4324295,1901ef87-0dbf-0caf-588a-3f87f96d40f8,1,4320250,4320304,4324295,4325154,3991,4045,54,0,0,0
4324280,750d112e-8164-ceec-64ab-851bf1fac6e7,1,4320256,4320304,4324280,4325183,3976,4024,48,0,0,0
4324314,16de66c9-6210-def6-3a9c-43081221cddf,1,4320322,4320364,4324314,4322847,3950,3992,42,0,0,0
4324294,00c59f30-d103-1424-4124-1bb4655ce508,1,4320323,4320364,4324294,4324076,3930,3971,41,0,0,0
4324318,0f3f0f48-52d6-b779-de43-79cbd8230076,1,4320324,4320364,4324318,4325825,3954,3994,40,0,0,0
4324386,5b80b8d1-8788-dfed-78c0-4ed8fdd4ff21,1,4320345,4320364,4324386,4324037,4022,4041,19,0,0,0
4324505,57423882-f34a-7949-74ca-0ad7abe5be96,1,4320386,4320424,4324505,4322966,4081,4119,38,0,0,0
4324520,0986bbeb-f23e-323d-0b9b-d93423c86d30,1,4320508,4320508,4324520,4325902,4012,4012,0,0,0,0
4405266,43bfd931-3605-bf54-a021-c0ca3531968d,32,4384354,4384365,4405266,4395236,20901,20912,11,0,0,0
4416507,2620f9a9-74fd-33d1-84f2-fd0f79474bfa,32,4384203,4384203,4416507,4415338,32304,32304,0,0,0,0
4472055,91519998-f293-3585-5a07-d758b357f3f9,4,4348122,4348181,4472055,4410438,123874,123933,59,0,0,0
4489333,44d7df9a-238b-05b7-2b64-777c6177a771,4,4348121,4348121,4489333,4480776,141212,141212,0,0,0,0
4492345,4c9bff5c-e188-7eaf-5e18-85c35037cd6b,4,4348121,4348121,4492345,4427597,144224,144224,0,0,0,0
4504905,891f6912-17ab-b863-5efe-ef4fd8ddbbc0,32,4436677,4436677,4504905,4505503,68228,68228,0,0,0,0
4566599,6319629b-d73e-7bb9-0f9c-a17b8db8dadf,32,4564366,4564366,4566599,4567466,2233,2233,0,0,0,0
4615457,a3595d1f-7fe4-a42e-3db7-88a61cdcc4c2,64,4593424,4593424,4615457,4618561,22033,22033,0,0,0,0
4691424,e49d681d-51d8-7c64-55fa-1ab8458f1f19,16,4676500,4676500,4691424,4694532,14924,14924,0,0,0,0
4706297,6553867d-a881-bfd3-d47d-577bfa5a91ca,32,4679121,4679121,4706297,4711941,27176,27176,0,0,0,0
4849432,c05db774-132a-5e58-2a57-e880de9205ea,1,4848400,4848400,4849432,4849192,1032,1032,0,0,0,0
4851884,46a02a9b-65ec-7acd-0f80-35f55bd20c98,32,4816632,4816632,4851884,4867846,35252,35252,0,0,0,0
4884896,0b251279-785a-c5d0-df92-a62163f4c69d,32,4817634,4817634,4884896,4901204,67262,67262,0,0,0,0
