time,job_id,num_gpu,submit_time,start_time,end_time,ddl,executed_time,JCT,pending_time,preempt,promote,best_effort_job
6284,f60b9881-76f3-6fc7-d009-6b2a00419afc,1,5010,5010,6284,5985,1274,1274,0,0,0,0
7145,fd9f45f4-0816-d739-c393-3447f3dc50bf,1,5016,5070,7145,6955,2075,2129,54,0,0,0
9037,8271bbba-f96f-4a1b-e4b3-b66b51b795ed,1,7353,7353,9037,9136,1684,1684,0,0,0,0
9282,d8b6a802-27e9-add3-7814-c4920c604d99,1,8374,8374,9282,9280,908,908,0,0,0,0
10966,d0207ede-1fa7-0e6b-bffa-749e45bfd2c3,1,8279,8279,10966,11817,2687,2687,0,0,0,0
11406,33ffb402-a5d5-bbf9-4a3a-bb3ac439dfcf,1,9454,9508,11406,11283,1898,1952,54,0,0,0
11906,59bb8900-6198-b718-c4c7-aab4ca20508d,1,9841,9841,11906,12247,2065,2065,0,0,0,0
13315,0599e1f2-ccd3-654c-b68b-bbc673c66188,4,6140,6140,13315,10448,7175,7175,0,0,0,0
13384,6e66a273-c4ca-00d7-8a66-de6724d4d5a3,1,11523,11523,13384,13015,1861,1861,0,0,0,0
13932,371e7782-5e38-8274-0db4-a7fa18e43d85,1,12416,12416,13932,13209,1516,1516,0,0,0,0
14391,88f47eed-6990-6abf-7792-be4734783752,1,10413,10413,14391,15560,3978,3978,0,0,0,0
15042,d8914adf-341c-612a-a249-1260107e528c,1,14004,14004,15042,14691,1038,1038,0,0,0,0
15061,df02774d-9482-b42f-c095-3c13f06bffa4,1,13716,13732,15061,15315,1329,1345,16,0,0,0
15479,c4196c8a-c44f-c2a8-5a4a-96aee987cfb2,1,13556,13556,15479,16328,1923,1923,0,0,0,0
15545,b819b15d-4f96-8a84-a0d4-4d244d074581,1,9448,9448,15545,16939,6097,6097,0,0,0,0
15663,192703a7-df2e-37e7-c4fc-bb8424aefbea,1,13017,13017,15663,16851,2646,2646,0,0,0,0
16097,8f221604-d46b-7756-b9e4-39ef48d495a4,8,14306,14306,16097,15398,1791,1791,0,0,0,0
16860,7464d6f2-11ea-2c00-863e-cbe2a8d99292,1,14852,14902,16860,16469,1958,2008,50,0,0,0
17068,8aacb783-d48b-5d0d-be1e-70bc03c61e18,1,16419,16419,17068,16839,649,649,0,0,0,0
18467,874db4a6-d057-ab85-6f1e-c0de297eb3f4,1,16124,16157,18467,18176,2310,2343,33,0,0,0
21601,6e4928ac-19f1-45cc-0244-e4d75ac2a176,1,11524,11583,21601,17107,10018,10077,59,0,0,0
23323,dde7110f-f42e-c8ee-df30-1cb5c8c574fa,1,16719,16719,23323,26253,6604,6604,0,0,0,0
29786,bb23e712-bfd9-5996-ee5b-6379213fa67b,1,29033,29033,29786,29890,753,753,0,0,0,0
31217,9c8aa872-0214-1a68-952d-986c16db8a18,1,27815,27815,31217,31144,3402,3402,0,0,0,0
31497,8ce17e35-651f-d429-c117-1668ad724e2e,1,30657,30713,31497,31175,784,840,56,0,0,0
31892,fcd2280e-e3c5-1ba8-7122-d7a0d12972d3,1,30354,30389,31892,31133,1503,1538,35,0,0,0
32188,df629d0c-bc76-37a0-6d98-a416bae27198,1,16101,16157,32188,37449,16031,16087,56,0,0,0
32190,6f959489-8af2-820e-29a3-e5f6984ad463,1,14780,14780,32190,28574,17410,17410,0,0,0,0
32577,2fb50401-9d26-7076-5e44-b774cf9d539c,1,30653,30653,32577,31855,1924,1924,0,0,0,0
34565,f53ca48b-268d-e9f4-be5b-8a9233f8457c,1,33435,33469,34565,34300,1096,1130,34,0,0,0
35713,1b7e0502-ca9d-8831-894e-7397b38a3db1,1,30329,30329,35713,38351,5384,5384,0,0,0,0
36245,a0dbfca2-743c-fb6b-7ad7-c891a8d791b6,1,33466,33469,36245,37182,2776,2779,3,0,0,0
45748,7dbb4c18-4984-e0ab-7a0e-25398a3e50b5,1,44351,44351,45748,46104,1397,1397,0,0,0,0
48320,f394c60d-c2db-6aab-fd41-1a05833cd4f2,1,46729,46729,48320,47783,1591,1591,0,0,0,0
48907,fdf48930-a265-df65-0d56-e00031456a6c,1,46267,46286,48907,49609,2621,2640,19,0,0,0
49027,372f5f47-999f-0691-34e4-20bfdb38f306,1,48235,48257,49027,48667,770,792,22,0,0,0
49122,bb3494d1-f327-33ef-c50b-d5b96f581316,1,46134,46134,49122,48123,2988,2988,0,0,0,0
49625,5fcfe711-8258-3678-c04a-7761a52368e3,1,48579,48579,49625,49325,1046,1046,0,0,0,0
50177,ec9a799e-1943-7791-b9b0-7ec4f93c8859,1,48197,48197,50177,50456,1980,1980,0,0,0,0
51210,8f942977-b582-ef0c-fd23-36f45b44e6ed,1,50246,50246,51210,50739,964,964,0,0,0,0
51473,8a55a14b-51f5-a8f9-3c15-ae1fefda21b2,1,49652,49685,51473,51925,1788,1821,33,0,0,0
51784,a1001bc8-9758-a25f-dad8-e2dafe17ddb3,1,47839,47839,51784,52451,3945,3945,0,0,0,0
52375,60aeb372-b6df-b4a6-23d5-2be0ac249f30,1,51705,51746,52375,52046,629,670,41,0,0,0
52434,5b5073c7-e6dc-9c76-ee7a-e3bb50340715,1,51479,51533,52434,52487,901,955,54,0,0,0
53015,1d191f64-f8cf-814a-dea7-e1ae7006a2c6,1,51686,51686,53015,52449,1329,1329,0,0,0,0
53684,db558642-3054-366b-6d8e-e559daf93e99,1,50359,50359,53684,53848,3325,3325,0,0,0,0
53805,2540647b-784f-cb14-f2d3-1a6527dea64c,1,52897,52897,53805,54120,908,908,0,0,0,0
55393,e6d037c6-d2a2-0765-b700-7ce3e25c7f9c,1,52242,52242,55393,56448,3151,3151,0,0,0,0
55455,e4dc4306-8b20-ce3e-42b7-c0488d3543be,1,54830,54830,55455,55140,625,625,0,0,0,0
56743,88c982ec-b3dd-0cfb-6ccb-6ae1b6d331ca,1,30103,30103,56743,59566,26640,26640,0,0,0,0
56860,8a39068b-cbed-e473-e3eb-f7c10723e11e,8,5377,5377,56860,36907,51483,51483,0,0,0,0
57270,09791408-7768-9441-0245-59a5709de505,1,30150,30163,57270,46640,27107,27120,13,0,0,0
58404,fab6ad91-bacf-7cfc-9245-1cc41bfb3b3d,1,52899,52957,58404,57759,5447,5505,58,0,0,0
59192,56d44952-ee29-e80e-7e2a-c03a80f58b81,1,58437,58464,59192,59309,728,755,27,0,0,0
60041,a4d37418-581e-60ef-f8ef-6c712b9fff6a,1,46226,46226,60041,62854,13815,13815,0,0,0,0
60261,b01c337e-35b8-0aae-82b6-0c8e89c818d7,1,52089,52089,60261,61701,8172,8172,0,0,0,0
60310,1165ed7f-8cce-d653-6a39-6c71b276c469,1,49652,49685,60310,61656,10625,10658,33,0,0,0
62742,b1e76ab9-127c-22f0-ea74-bb8724f47c35,1,61716,61716,62742,62795,1026,1026,0,0,0,0
64022,f5b127e1-9a72-ebf3-bb54-93e6ff630fac,1,60729,60729,64022,63567,3293,3293,0,0,0,0
66333,61652fd3-41dd-dedf-2cfa-a174ba059e68,1,52242,52242,66333,70473,14091,14091,0,0,0,0
68329,05e15e2f-f2b7-4922-054e-dd713977fd2f,1,30198,30223,68329,57409,38106,38131,25,0,0,0
70107,4819a23a-7d23-fd9a-3162-1e958d68f317,1,67573,67573,70107,71069,2534,2534,0,0,0,0
74739,77a63918-acac-1f3b-7395-734b50b9ff30,1,32317,32317,74739,94393,42422,42422,0,0,0,0
74984,970e287a-0fd7-b0f2-4f90-8490006e0070,4,71515,71515,74984,76476,3469,3469,0,0,0,0
76274,f1b2f143-078b-13a9-fd88-565ad09a934b,4,71703,71703,76274,74085,4571,4571,0,0,0,0
76731,2cde9187-d1fa-82a6-c60b-340cf21a6f38,1,60757,60789,76731,72723,15942,15974,32,0,0,0
84725,aa5f8dfc-a0b3-da83-f002-9577e4f364d5,1,82439,82439,84725,84154,2286,2286,0,0,0,0
108937,7570b0ac-5d42-10d5-40e7-ca767c8ad37a,64,97933,97933,108937,108078,11004,11004,0,0,0,0
133593,861550f6-6b43-db40-7b9a-21c41155581f,1,92607,92607,133593,119489,40986,40986,0,0,0,0
134101,e3b2f985-2ad0-d57e-730c-19bc1073c0c3,4,133481,133481,134101,134132,620,620,0,0,0,0
135348,3082d7e6-e6ac-e778-d7b6-e0a34730b04b,1,134695,134695,135348,135499,653,653,0,0,0,0
135717,b522f610-ef26-3a84-f2bd-509b564d36b6,1,134480,134480,135717,135996,1237,1237,0,0,0,0
135757,cdeb2696-015a-ba1d-a2c8-cf62f6ee137d,1,135049,135087,135757,135642,670,708,38,0,0,0
136482,91ed554a-3fae-ef01-a829-0f3c86b4852c,1,135354,135408,136482,136434,1074,1128,54,0,0,0
136810,78460474-927c-5ea7-8a15-9e92af74ae63,1,135914,135914,136810,137022,896,896,0,0,0,0
137353,ac5e1ec3-e1be-0ed9-3483-518e458fa881,1,135923,135974,137353,137115,1379,1430,51,0,0,0
137496,52ce55e3-69df-05c7-64a0-053f22a37556,1,136161,136161,137496,137934,1335,1335,0,0,0,0
137530,db7be180-aac2-1afb-fc9d-b15bcb8553f6,1,136653,136712,137530,137673,818,877,59,0,0,0
137659,94010dfe-7921-0c7c-a119-ceee0fb91307,1,136717,136772,137659,137200,887,942,55,0,0,0
138121,13aae9c8-efb2-78fd-a391-ffdb8794ac7e,1,136652,136652,138121,137488,1469,1469,0,0,0,0
138420,f0fbdb65-a6a5-790a-c1ad-e98a0c3838a5,1,137725,137725,138420,138743,695,695,0,0,0,0
138712,ad8716e1-4679-4c1e-5755-19cd3fbfe7eb,1,137751,137785,138712,138211,927,961,34,0,0,0
138750,b3322d31-d3a6-5f0c-eb07-8653af878674,1,137783,137785,138750,139111,965,967,2,0,0,0
139197,ba52dbf2-f551-5cd0-f278-0c3be412b716,1,137099,137099,139197,138221,2098,2098,0,0,0,0
139896,b69415c7-1604-52b7-f424-b79c27b0816b,1,136942,136942,139896,140046,2954,2954,0,0,0,0
139921,0dd4c0e6-0b09-9fcc-ec34-4cf0ab8e77a1,1,135104,135147,139921,141182,4774,4817,43,0,0,0
139900,99ef827f-d3d4-ddd3-605a-34f5d0126e91,1,137802,137845,139900,140528,2055,2098,43,0,0,0
140144,81b83de2-ec07-3a4c-4f72-8efc3187dc09,1,136661,136712,140144,139243,3432,3483,51,0,0,0
140478,f62162ab-6ba6-4252-776f-fd036d7bba17,1,138301,138301,140478,141362,2177,2177,0,0,0,0
141689,f6c8b8b9-d915-5664-3d27-4ad5a9a54c24,16,136574,136574,141689,139130,5115,5115,0,0,0,0
142683,c6642ca9-10fa-62fc-a9b2-a838edac4484,1,140438,140480,142683,143435,2203,2245,42,0,0,0
143257,5e723c24-c2c7-bd49-8dae-27d77668d540,1,142586,142586,143257,143200,671,671,0,0,0,0
143515,909cca67-5a04-2fb0-9fcf-d7112aaf1966,1,140461,140480,143515,142756,3035,3054,19,0,0,0
143842,2bb4a408-13b4-c4f6-e19a-17f6438a819e,1,143157,143157,143842,143678,685,685,0,0,0,0
144098,b780606a-02ca-68d5-b033-ee83518f0ed4,1,140665,140665,144098,143220,3433,3433,0,0,0,0
144897,e1ad640c-7463-835e-eafb-9f20783c91eb,1,143999,144044,144897,145093,853,898,45,0,0,0
145321,18ad8eeb-b760-7067-ab1e-5b379d15844d,4,135027,135027,145321,147552,10294,10294,0,0,0,0
145758,5c494d63-1e4c-3fdf-556e-fce49d9e4da2,1,140420,140420,145758,144802,5338,5338,0,0,0,0
147960,855fecc6-f9d7-1979-d767-a6da231b0c86,1,145458,145458,147960,146836,2502,2502,0,0,0,0
149575,5ed7d1a6-7673-0495-1ff0-864c02288f07,1,92815,92815,149575,161493,56760,56760,0,0,0,0
149825,4a00ae99-8637-5844-7570-7bd6bf922ea5,1,149161,149161,149825,149712,664,664,0,0,0,0
150014,64ad1905-0fbc-6377-6f1f-5c6a2a112eab,1,137782,137785,150014,153100,12229,12232,3,0,0,0
150847,55cf37ba-e989-65f2-2bbf-1e35c4acb57d,1,149948,149948,150847,151160,899,899,0,0,0,0
151664,68b666d6-66a3-f3db-4960-42b0dbe7a333,1,150938,150938,151664,151974,726,726,0,0,0,0
152815,f0636972-c737-327a-de34-106afa902bfb,1,140701,140725,152815,147500,12090,12114,24,0,0,0
152866,01f39146-60ca-40ea-7946-5f6628b8bcc2,1,151954,151954,152866,153220,912,912,0,0,0,0
154501,33a37a74-8046-9354-f822-58a7d306e664,1,153900,153900,154501,154340,601,601,0,0,0,0
154740,31208bde-3c52-d68a-8ec6-1be5012b809e,4,74983,74983,154740,185113,79757,79757,0,0,0,0
154752,60b759a9-f88a-fc64-974e-bb877ea413e5,1,140438,140480,154752,156007,14272,14314,42,0,0,0
156502,20e8dae1-b1f0-ed9b-ce21-7fb3be654bf9,1,155859,155887,156502,156211,615,643,28,0,0,0
156559,121d87ac-fb26-7d27-5889-55c0090d7d2f,1,153249,153249,156559,155604,3310,3310,0,0,0,0
157262,cb59b151-5dde-7466-7f03-66ef702724eb,1,155827,155827,157262,157570,1435,1435,0,0,0,0
158307,f543c14d-5095-f881-a88d-37de6c1f0650,1,157406,157406,158307,158164,901,901,0,0,0,0
158567,e05ff96e-d087-dc98-bc7d-0017f4c1540b,1,157818,157818,158567,158870,749,749,0,0,0,0
158936,0bb8382f-916b-a250-8945-8e1bcb0de65c,1,151317,151317,158936,162483,7619,7619,0,0,0,0
159568,11489054-7b6c-e596-aa97-435dd9ff74eb,1,158672,158672,159568,159336,896,896,0,0,0,0
160580,fd8398c3-5821-b9f8-ea45-2afdfb8a61eb,1,159805,159805,160580,160797,775,775,0,0,0,0
161637,a9fe494e-304c-7b39-36ab-eff0cd1d19da,1,160700,160700,161637,161766,937,937,0,0,0,0
166397,f1e7ada0-e15d-6e51-ffc9-77e4d2c7f176,1,165401,165401,166397,166770,996,996,0,0,0,0
167078,a1ad9f14-3ae1-9f9c-0634-e0e64d2ce796,1,166323,166333,167078,167414,745,755,10,0,0,0
167250,793daf5a-b35c-9601-417a-f0cb07f2422d,1,166084,166142,167250,166832,1108,1166,58,0,0,0
167449,62a40afe-dcb7-1b1f-785f-a1adfedb5a32,1,166082,166082,167449,167748,1367,1367,0,0,0,0
167519,5cb9635c-75f7-3b07-3a49-62d177e43d33,1,166273,166273,167519,167121,1246,1246,0,0,0,0
167561,0c485217-5d54-9496-61a6-51c5faaa53fc,1,165981,165981,167561,167227,1580,1580,0,0,0,0
167613,76b874d3-4959-9bed-9d19-11a5618dde71,1,165981,165981,167613,167291,1632,1632,0,0,0,0
168043,011bb348-8981-1f35-c107-50bce6d33572,1,167164,167164,168043,167876,879,879,0,0,0,0
168100,28489240-2fd9-0ce1-2676-27ca3625fc20,1,165461,165461,168100,167664,2639,2639,0,0,0,0
168064,77a1cf7d-6f47-d6b6-81d4-2b2f0a568d1c,1,166323,166333,168064,167808,1731,1741,10,0,0,0
168514,4b83b570-8bb4-995a-d976-b2bacc27f386,1,167655,167699,168514,168737,815,859,44,0,0,0
169681,457e55cb-4d13-1338-ccc4-c0a9af5a01cc,1,165622,165622,169681,171351,4059,4059,0,0,0,0
170398,34c6d620-8d06-53e2-9ab6-2311a261d918,1,167804,167804,170398,170076,2594,2594,0,0,0,0
171580,af0f134e-02a2-9fcc-184e-e3db691d8bea,1,168731,168731,171580,172366,2849,2849,0,0,0,0
173680,be86f5d0-f73e-eb07-a860-25bfde68666d,1,166894,166894,173680,174105,6786,6786,0,0,0,0
173726,1eece891-5301-0fb9-66ea-0949adab7b01,1,170217,170231,173726,173063,3495,3509,14,0,0,0
174136,9ba4d5a6-0178-de26-ceb5-57ac8b22e445,1,170897,170897,174136,175727,3239,3239,0,0,0,0
179793,c2ad0d97-75aa-ecb0-d757-ad381498d0dd,1,170916,170957,179793,180227,8836,8877,41,0,0,0
180573,2ba17f78-362e-17d4-3e4c-943a3dabba61,1,168732,168791,180573,180075,11782,11841,59,0,0,0
180875,b1a63ccf-d597-ea14-27dc-08577422acb0,1,167304,167310,180875,183042,13565,13571,6,0,0,0
201303,772d416d-da05-d2fc-1c71-a82122f1c32b,1,181748,181748,201303,194553,19555,19555,0,0,0,0
202329,dbfb491a-9b0e-9a7e-d4db-549631bc99e6,1,170171,170171,202329,202575,32158,32158,0,0,0,0
208334,32a807cc-2c47-1336-4006-1add316c00bc,1,206235,206235,208334,208399,2099,2099,0,0,0,0
210787,8d28eef5-c7bb-bcf8-5def-5cc2f1015bfe,16,176170,176170,210787,204069,34617,34617,0,0,0,0
211529,2d675be3-3fbe-5756-d8f0-2d4124074330,16,174409,174409,211529,228511,37120,37120,0,0,0,0
425409,7c4a14cf-44b0-703f-0dfc-73c1e990ff49,32,423953,423953,425409,424918,1456,1456,0,0,0,0
427074,08e94548-9b16-acb8-e7bd-1db7f7808afc,32,422953,422953,427074,427681,4121,4121,0,0,0,0
430446,f783b6f6-d775-e809-218d-052048cc32c6,32,429002,429002,430446,430523,1444,1444,0,0,0,0
437191,43b6c6ef-35c8-2133-7b8b-1581cba95e23,32,435584,435584,437191,436893,1607,1607,0,0,0,0
475675,a9eb0bf9-850e-6d30-2055-adeccbebb43f,1,474843,474862,475675,475650,813,832,19,0,0,0
475983,08207d4e-812f-dd98-b777-6609db576a7f,1,474838,474862,475983,476174,1121,1145,24,0,0,0
476021,0b398e89-f842-e163-5455-5290017c75c5,1,474802,474802,476021,475632,1219,1219,0,0,0,0
482109,e7867bbf-0136-8f98-4a5a-62d3ec9fba0a,1,481077,481114,482109,481872,995,1032,37,0,0,0
483017,7832b59c-25bc-99ae-2547-a8dcc686e251,1,481054,481054,483017,483041,1963,1963,0,0,0,0
484362,53b3618b-ade0-5648-9ac6-030661f43c2b,1,483746,483746,484362,484127,616,616,0,0,0,0
485730,c2f72b1f-b9d4-d2d3-8d35-f50cff02bf74,32,425918,425918,485730,471970,59812,59812,0,0,0,0
487407,1c8d23b4-4dea-5200-5593-83cf5d13a906,4,400669,400669,487407,463539,86738,86738,0,0,0,0
488102,e522266c-393a-26ee-22eb-4a7f7ecc492d,4,115467,115467,488102,665402,372635,372635,0,0,0,0
491933,fae2d4a8-a475-2fa7-0d30-69bfca6628a8,32,428941,428941,491933,479882,62992,62992,0,0,0,0
494690,f66a015b-6063-cb32-7bd6-b0b5a5278097,32,422333,422333,494690,505969,72357,72357,0,0,0,0
497739,8f6875a3-b1fb-e012-96ed-79efb03e5eb4,1,496378,496378,497739,497823,1361,1361,0,0,0,0
499220,a5e0ecfd-b96c-a7ff-25a0-f9e224f6548d,1,458693,458693,499220,516746,40527,40527,0,0,0,0
499816,3c243b45-d1fd-4711-2f1d-80eafb91fb90,1,491854,491854,499816,496352,7962,7962,0,0,0,0
500491,848be725-da6b-0060-3dcc-4915934a85d9,1,499168,499170,500491,500830,1321,1323,2,0,0,0
501398,70c0a4f6-1065-2764-f40b-077950640ae6,1,460948,460948,501398,486305,40450,40450,0,0,0,0
502156,2906567d-d28b-829a-7b1e-5e1324cf8629,1,459874,459874,502156,522416,42282,42282,0,0,0,0
502785,b38046ef-ad4a-2b3c-386a-f9ddfe83c32a,1,460449,460449,502785,483932,42336,42336,0,0,0,0
503270,8af6d268-1bd0-7f9b-7861-2769242e4cff,1,501919,501919,503270,503141,1351,1351,0,0,0,0
503363,fdf1d205-b6ec-b84e-f3a2-dc1d0f916e97,1,501069,501069,503363,503315,2294,2294,0,0,0,0
503436,ff12fe28-b840-d136-067e-4b72316e8645,1,462377,462377,503436,508873,41059,41059,0,0,0,0
506213,2bf998ad-c92a-eb0c-656f-fbd8c4329e78,1,505425,505425,506213,505908,788,788,0,0,0,0
507113,c69aa024-7706-4602-5e5e-a4cd1426512f,1,506341,506393,507113,506723,720,772,52,0,0,0
508263,3964afe6-9e6e-a7d7-076f-3b07a2ec377a,1,507575,507621,508263,508224,642,688,46,0,0,0
508973,0ae4e096-24dc-1ee5-4cc3-78c3ce3200af,8,507561,507561,508973,508422,1412,1412,0,0,0,0
509032,fd063a58-aa3d-d585-eaec-f4e0e81909ce,1,506648,506650,509032,509704,2382,2384,2,0,0,0
509102,31a08f66-8402-837a-3fbf-7804ee4f72dc,1,507618,507621,509102,508639,1481,1484,3,0,0,0
509234,d4cd45a9-870d-8661-0e1c-0d4db2eb3819,1,508333,508383,509234,509313,851,901,50,0,0,0
509412,b993c041-5f54-f332-1f6c-6a8635f4ffba,1,504824,504824,509412,508042,4588,4588,0,0,0,0
509417,cd320878-e83e-c3a0-1445-587e6ff6881f,1,506590,506590,509417,510357,2827,2827,0,0,0,0
510001,61a73056-5114-ca97-c9cb-c14823b1d124,1,506870,506870,510001,510982,3131,3131,0,0,0,0
510101,fba13732-aa4d-5bb8-f5ae-d2e97ab3137c,1,509466,509472,510101,509981,629,635,6,0,0,0
510907,bbc99473-4363-589c-3249-5cff89e2df24,1,507721,507721,510907,510624,3186,3186,0,0,0,0
511041,65a4c79b-2aba-a4f9-35e8-0364147f1f67,1,508303,508323,511041,510437,2718,2738,20,0,0,0
511128,3bbdf80c-cef6-6a14-6fdc-c21bdb2c0eb7,1,510267,510267,511128,510678,861,861,0,0,0,0
511170,6577e64d-4d4e-0bd1-cb33-e3c6a62989b9,1,509339,509352,511170,510923,1818,1831,13,0,0,0
511216,6d575fd1-f019-955f-0080-1ed9743480a1,1,509514,509532,511216,510837,1684,1702,18,0,0,0
511294,cb5d2b59-2ad8-20ca-03db-7a2e531350e0,4,509815,509860,511294,511401,1434,1479,45,0,0,0
512290,1da85583-69cb-2141-9505-d99e2f7d987d,1,508140,508143,512290,513398,4147,4150,3,0,0,0
512496,e8048c91-4c15-b7ec-8bca-e422b0c37157,1,509969,509980,512496,512728,2516,2527,11,0,0,0
513252,4ef8a787-34c5-dd5b-25f5-ed6fc5e2cdcc,1,505973,505973,513252,514202,7279,7279,0,0,0,0
513423,eb25d7e7-e073-6c70-6c20-2d89b7a69c32,1,509946,509980,513423,513464,3443,3477,34,0,0,0
513428,842ca512-f369-c683-16b5-cf7ae0389eb7,1,511796,511798,513428,512696,1630,1632,2,0,0,0
513893,3649f585-6e75-0e7a-5abb-b78f1585665d,1,509960,509980,513893,512473,3913,3933,20,0,0,0
514098,948c7eb4-1cf8-570b-5e5b-2ad8b4732eb6,1,510596,510596,514098,515378,3502,3502,0,0,0,0
514247,87935d69-c33b-f03e-c923-527f7925dc65,1,511453,511453,514247,515441,2794,2794,0,0,0,0
517791,8494205c-34ef-2552-ab28-6d090af57e60,32,515868,515868,517791,518140,1923,1923,0,0,0,0
518456,5a357945-5813-a496-aed9-dac5d18097f4,1,515957,515957,518456,518682,2499,2499,0,0,0,0
518933,4341fd0e-244f-802b-4d53-280e1ebd55b6,1,511738,511738,518933,520929,7195,7195,0,0,0,0
519014,9df034d3-9caa-d37c-fc67-95e2c32fc21b,1,516304,516337,519014,518967,2677,2710,33,0,0,0
519058,32239f5d-2dec-9b01-bb81-33fb0b928003,1,516456,516456,519058,518263,2602,2602,0,0,0,0
519474,1f44aa88-855b-6c5b-8cb1-457eeffad15b,1,516651,516651,519474,518551,2823,2823,0,0,0,0
519521,fe08a540-ef7e-1940-f568-757413caaeb6,1,516796,516796,519521,519011,2725,2725,0,0,0,0
519550,725aa10d-63fe-557c-25d4-ec1951fc4c23,1,510606,510656,519550,521818,8894,8944,50,0,0,0
521964,f5a02c0a-5021-d3fc-7ff3-e8188babb414,1,505874,505874,521964,515063,16090,16090,0,0,0,0
522051,89ef698a-ca46-739f-53ba-dc3ecc5bf684,1,508445,508445,522051,518046,13606,13606,0,0,0,0
524238,f5530567-03e7-dd21-1d4d-46d6460d113d,1,509965,509980,524238,530962,14258,14273,15,0,0,0
524256,f7716700-7305-cd23-cfd0-b040d5916d49,4,522907,522907,524256,524191,1349,1349,0,0,0,0
524306,04621030-5afc-e6a6-9229-13f100f3e866,4,522981,522981,524306,523937,1325,1325,0,0,0,0
524629,a684b83b-1e81-c599-6483-8f5b42a5c37c,1,511453,511453,524629,522246,13176,13176,0,0,0,0
525137,c6f903cf-4027-1514-ba40-662f9243a301,1,509800,509800,525137,526130,15337,15337,0,0,0,0
526207,734bda19-c991-56cc-54a6-368b71d60744,1,525526,525526,526207,526331,681,681,0,0,0,0
536172,af95be79-c971-bf51-4a32-bb221b2bb2ec,1,528865,528865,536172,538150,7307,7307,0,0,0,0
543006,bb21d347-fd3c-902a-e1e3-eda6bc106ec9,64,541311,541311,543006,542846,1695,1695,0,0,0,0
544300,994a77f9-2522-0779-a004-1dd5fb932692,1,529186,529200,544300,543509,15100,15114,14,0,0,0
544524,d1c06099-a1f8-86ce-e5dc-6ce55fbbdfd7,1,543759,543812,544524,544301,712,765,53,0,0,0
544856,adc1e2f7-5de4-70f7-d7f4-d848fbd3d538,1,543874,543932,544856,545130,924,982,58,0,0,0
545098,96239346-29b3-e2d3-48e6-36b5740da9d6,1,544476,544476,545098,545084,622,622,0,0,0,0
545122,d66f3fff-a93f-d7ec-8ee4-3f7fd7680657,1,521875,521875,545122,547500,23247,23247,0,0,0,0
545221,97feb937-a6d9-77a1-b4ec-fe8d16d1f5ca,1,544407,544407,545221,545072,814,814,0,0,0,0
545406,5a589b67-6bc7-b635-54de-19cdbbdb4536,64,543769,543812,545406,544938,1594,1637,43,0,0,0
545513,f316891d-8896-4456-b344-dde4bcac4426,1,544879,544882,545513,545546,631,634,3,0,0,0
545637,ac00cd5e-922d-9ba6-35d5-b1199c09f0fe,1,544912,544942,545637,545637,695,725,30,0,0,0
545680,4b47b715-f937-5fff-f146-56f1787ed06b,1,544979,545002,545680,545468,678,701,23,0,0,0
545873,467248f6-aaee-5d68-5e09-f48e7e32e5d0,32,543849,543872,545873,545753,2001,2024,23,0,0,0
546567,8d8f2868-bded-b9cc-4e10-7ed63b046707,1,543752,543752,546567,547454,2815,2815,0,0,0,0
546945,efd37a6d-0c74-6518-6bf8-43df96f19d54,1,545486,545486,546945,546404,1459,1459,0,0,0,0
546983,ec1b55dd-e829-56cf-ba81-d86090b3032d,1,541635,541635,546983,547289,5348,5348,0,0,0,0
547090,506a8dd3-0b31-324f-4858-35db2e3b5fd6,1,546479,546479,547090,546952,611,611,0,0,0,0
547206,304c9c7b-2e62-5a6f-9c71-14398098f50d,1,545366,545366,547206,546649,1840,1840,0,0,0,0
547239,6f339c5e-0392-3cfa-5d9f-2c8c6640464a,1,545929,545937,547239,546898,1302,1310,8,0,0,0
548829,6338fb29-7599-2b0a-095b-81d6b97d7617,8,544822,544822,548829,549772,4007,4007,0,0,0,0
549306,7ec59e55-1b98-d67e-ccc8-8dc68127a367,1,547749,547749,549306,549738,1557,1557,0,0,0,0
549781,f82c6ad8-5d03-7a06-4cad-66c59d655c03,1,547657,547657,549781,549030,2124,2124,0,0,0,0
549942,44f760a8-bb90-9511-a12b-61ae12101787,1,547775,547809,549942,549112,2133,2167,34,0,0,0
551764,00f2baa4-931b-9fae-642e-3a16e79503fb,1,527883,527883,551764,554049,23881,23881,0,0,0,0
552575,90b950bb-5e9b-fa6c-20cd-5bb8dd357f0d,1,549596,549596,552575,553745,2979,2979,0,0,0,0
553427,8906a4e2-460c-ec89-cda4-0209cd698214,1,548492,548492,553427,554864,4935,4935,0,0,0,0
555207,8d5a9549-34f3-ab8e-1891-e25c2418c7fd,1,553551,553551,555207,555314,1656,1656,0,0,0,0
555830,836b47c3-7c71-1cc8-6651-73fa7ccc9258,1,545388,545426,555830,558611,10404,10442,38,0,0,0
556334,95e2f91b-da88-9b20-3819-58f22b258bdf,1,555654,555664,556334,556051,670,680,10,0,0,0
556445,489af195-62b6-1594-10f4-c9418fc7ad79,1,547767,547809,556445,553123,8636,8678,42,0,0,0
557202,0bab8f53-c3a4-704f-3696-5c84cb08b605,1,555624,555664,557202,556406,1538,1578,40,0,0,0
557828,a9d049dc-369e-5af8-e226-49ee38a06ffe,1,556275,556321,557828,557066,1507,1553,46,0,0,0
559164,c02553ea-d7f2-a678-1489-8025548b2ce3,1,554665,554665,559164,561312,4499,4499,0,0,0,0
559512,0f67a174-0023-94e2-2ad9-8682f8da5a79,1,547593,547593,559512,556574,11919,11919,0,0,0,0
560219,23f3e5c5-46b6-36ea-f2f4-f240f69e963d,1,553002,553002,560219,563585,7217,7217,0,0,0,0
560549,7cd6572f-301b-5b4e-6293-4e8ed189f750,4,479706,479706,560549,571394,80843,80843,0,0,0,0
561631,ff1b654d-6c65-659d-a2ef-1e217fb32568,1,561012,561012,561631,561497,619,619,0,0,0,0
564635,9a2363fe-6901-c88c-3d8a-3090353a044d,1,561013,561072,564635,566103,3563,3622,59,0,0,0
566690,ae34097a-c6ac-61e7-d3e1-4d832f8af5db,1,564196,564196,566690,566486,2494,2494,0,0,0,0
567639,25391b09-8286-b3c8-db9b-c56e2080293c,1,566546,566546,567639,567565,1093,1093,0,0,0,0
567750,a3a22f35-b9b5-13c7-eb1e-fddc0d888933,1,555604,555604,567750,565957,12146,12146,0,0,0,0
570052,0b53d4e6-301e-d689-7ffc-b3fe23593443,1,567231,567242,570052,569544,2810,2821,11,0,0,0
570728,f1da833d-1550-2390-74c0-db3e666a4a82,1,566131,566131,570728,569770,4597,4597,0,0,0,0
571181,5fa9a39e-ee47-98d4-b9fb-97b9abf1a574,1,566246,566246,571181,573478,4935,4935,0,0,0,0
571385,4a26eb59-2101-d598-f7ad-3965b25b56dc,4,479923,479923,571385,612415,91462,91462,0,0,0,0
574331,9a86a2f5-415f-2099-424f-8429b43d4bf9,1,571197,571241,574331,574293,3090,3134,44,0,0,0
575051,0acfbd89-da3e-d15a-a4f0-708a2d0d5e1d,4,488730,488730,575051,606716,86321,86321,0,0,0,0
578679,904ada37-5f44-b716-b6e5-dd9a315007d2,1,567182,567182,578679,573528,11497,11497,0,0,0,0
585665,b1fe69b8-0936-312c-636d-feba6148ca39,1,572356,572356,585665,587866,13309,13309,0,0,0,0
586206,77d8b428-3754-a771-aba5-d1c9035c5d03,32,584158,584158,586206,585221,2048,2048,0,0,0,0
587840,91a07ef2-1c00-7554-c396-3bf97cc9d887,1,587231,587231,587840,588087,609,609,0,0,0,0
588140,fc7c356d-e7dd-93a5-2b51-9424b595459d,1,587424,587452,588140,587995,688,716,28,0,0,0
588837,fa1d8ded-7dc8-07a2-adda-a3b60ab84fe2,32,587171,587171,588837,589635,1666,1666,0,0,0,0
588935,74283491-79c8-42cb-a8d3-110e96bfae6e,32,587334,587392,588935,589060,1543,1601,58,0,0,0
589063,ee93a4d0-cd24-120c-0d34-6977d41bd8bf,1,586860,586860,589063,589667,2203,2203,0,0,0,0
590228,80fa3363-7497-c7d9-8346-93d1ca67d562,4,489310,489310,590228,618897,100918,100918,0,0,0,0
590437,4d187b75-a971-a31f-d7d8-05949d9887bc,1,588921,588921,590437,590465,1516,1516,0,0,0,0
592008,5832c8de-521b-e8c2-30c3-ef8a592ab43d,1,589687,589722,592008,592159,2286,2321,35,0,0,0
592528,c520d50f-a0ff-3498-02f4-298f6ffad356,1,589883,589883,592528,593706,2645,2645,0,0,0,0
592789,cd35637c-234b-ae09-da79-d6868f06c963,1,592122,592171,592789,592885,618,667,49,0,0,0
592985,4e7674e9-ca12-ba49-e5f5-cdc821c7c0f6,1,592355,592355,592985,593202,630,630,0,0,0,0
593120,fe4995a4-112a-0ef5-7872-420e267d46e7,1,506296,506333,593120,568549,86787,86824,37,0,0,0
593944,34dbda6b-dd9e-7b6d-e751-82a4f48138b5,1,592111,592111,593944,594288,1833,1833,0,0,0,0
594952,32d4d3a5-98dd-6c3c-e4ce-b832c8776e4b,1,591765,591765,594952,595779,3187,3187,0,0,0,0
595286,03671560-fd06-875b-b462-931f966456be,1,576741,576741,595286,597085,18545,18545,0,0,0,0
595603,70100d7e-2a5f-66e4-1332-406ff8b6bdee,8,594648,594648,595603,595679,955,955,0,0,0,0
595601,6e6a3d5b-2154-be4a-61cf-91fb7e81cdfa,1,594939,594939,595601,595895,662,662,0,0,0,0
596434,1c6fec01-f57f-2bba-3fba-cf5fa576db48,1,595236,595236,596434,596894,1198,1198,0,0,0,0
596638,161cd674-2978-868d-062c-06921efa91a0,1,595590,595590,596638,596869,1048,1048,0,0,0,0
596834,1c3efda4-689b-4fb2-da31-7fd79a0278a6,32,533216,533216,596834,602580,63618,63618,0,0,0,0
597085,3d563b0e-d11c-e5c8-50b2-81c0ffdba2ee,4,513737,513737,597085,623402,83348,83348,0,0,0,0
597287,946e8ec2-d342-2e50-c208-62274333240a,1,593139,593180,597287,597385,4107,4148,41,0,0,0
598085,bab4eb77-959f-b841-6d19-312dde3b5a64,1,596627,596627,598085,597557,1458,1458,0,0,0,0
598443,6b732c7a-8dca-94bd-c50a-2d22b08c19fa,1,595430,595486,598443,598559,2957,3013,56,0,0,0
599284,d7be7b4f-b967-6dc6-d6fd-d1a5f17312f4,1,598661,598661,599284,599021,623,623,0,0,0,0
599826,b4586ea4-15b8-3fa6-8fca-b2a910fb436c,1,598428,598428,599826,599451,1398,1398,0,0,0,0
599900,f2612977-7fe5-4edd-34d3-87dd557c9198,1,597337,597347,599900,600975,2553,2563,10,0,0,0
601840,77ec2100-ec28-c17a-92ec-c3bd16757d7e,1,589662,589662,601840,607710,12178,12178,0,0,0,0
602761,ca359116-e22d-dfbb-99f1-9675be32fa85,8,599505,599534,602761,601866,3227,3256,29,0,0,0
603183,dd0d3739-c553-bb6d-8ef8-66193599fe91,1,600443,600443,603183,602406,2740,2740,0,0,0,0
603287,0766699f-7bf2-aa06-10c1-de9c683629ce,1,602512,602512,603287,603128,775,775,0,0,0,0
603400,909e21ba-8a38-d5aa-51be-ba8e0a8aeb94,1,598691,598721,603400,603605,4679,4709,30,0,0,0
603537,7bd7b4bf-8e0e-abb7-8f20-c5e75ec646eb,1,595426,595426,603537,603117,8111,8111,0,0,0,0
604831,96721e98-5d84-16e0-60e6-96ffa75743f9,8,599628,599684,604831,603243,5147,5203,56,0,0,0
607539,fd5baf20-7da2-3e1b-be7a-31688e72d17c,64,545691,545697,607539,599734,61842,61848,6,0,0,0
607910,eb91d7bc-42e1-feb9-e49d-da44191f9e05,1,593142,593180,607910,600532,14730,14768,38,0,0,0
608483,3d15d3ee-c397-83ae-f77b-97421e12bbed,1,509893,509920,608483,577756,98563,98590,27,0,0,0
608633,f4672866-ed56-a2a0-2d54-ff2b10ee4f77,1,555073,555078,608633,583312,53555,53560,5,0,0,0
609779,1b332e43-a4b1-cf6a-9d2c-e51b37e82d71,8,599624,599624,609779,610500,10155,10155,0,0,0,0
611382,685707ac-3a40-fe39-83a5-f42136daa93a,1,587088,587088,611382,617232,24294,24294,0,0,0,0
612958,e97c0ea5-341c-2d10-1415-0ad9479fea14,16,567355,567355,612958,594874,45603,45603,0,0,0,0
614851,232e444c-de97-df42-17d3-d848b6388b9c,8,611468,611502,614851,614162,3349,3383,34,0,0,0
615897,5a765b48-5d03-14d8-9396-440547b5c4cd,8,612749,612749,615897,615723,3148,3148,0,0,0,0
616149,737ea52f-6d15-0b06-561c-9af39f021a19,8,611494,611502,616149,618126,4647,4655,8,0,0,0
616217,06289878-6a39-4607-2e35-c5c86fe05fa2,8,611454,611502,616217,617564,4715,4763,48,0,0,0
616251,ceb7803e-c3fc-ac0e-d5c2-c94db3fdc2b8,8,611519,611562,616251,616613,4689,4732,43,0,0,0
617394,cf5c8dd3-df10-7434-eb09-6202f77aefe1,8,611397,611442,617394,618689,5952,5997,45,0,0,0
617412,52a7c5d6-08ca-a5a8-7822-b39dfbe770a6,8,611574,611622,617412,619741,5790,5838,48,0,0,0
617419,88914b26-e555-1570-0979-5e75671e9bb8,8,613638,613638,617419,617369,3781,3781,0,0,0,0
617463,a904babd-69c2-aa17-83d1-677a79a6ab72,8,613640,613698,617463,617207,3765,3823,58,0,0,0
617536,f0a30219-c321-0788-0173-c12e6ac89d70,8,611554,611562,617536,618327,5974,5982,8,0,0,0
617482,61233eea-3b1b-f755-e600-fd684a69ed38,8,613658,613698,617482,617202,3784,3824,40,0,0,0
617804,109792a4-4b00-dcfc-21f5-5aa5529e0da0,1,617100,617100,617804,617563,704,704,0,0,0,0
618750,e8266484-c4e4-fe52-da4f-706b9d4ac78b,32,617135,617160,618750,618386,1590,1615,25,0,0,0
618922,7a8b737a-31b5-276f-88e9-41fdb0850679,8,615140,615140,618922,618312,3782,3782,0,0,0,0
618974,51d41c6a-5731-4c46-57cb-9e5b03379b0b,8,615196,615200,618974,620823,3774,3778,4,0,0,0
619067,bba95ec4-fef4-3c9c-2484-557f454a8e82,8,613654,613698,619067,620114,5369,5413,44,0,0,0
619123,4c66d04f-64b1-1c49-0c0c-f61e9cc10bd8,8,613665,613698,619123,619366,5425,5458,33,0,0,0
619113,ff0dd3c2-ac4d-cd33-d515-28af4d25298f,8,613670,613698,619113,621511,5415,5443,28,0,0,0
619814,450ab36d-f9be-07f3-5bcc-90fca1cc22d8,1,600446,600503,619814,619920,19311,19368,57,0,0,0
620569,d4eee313-8c48-7218-a892-ab6fedb92750,8,616833,616833,620569,621318,3736,3736,0,0,0,0
620638,c350bf4f-31b8-f079-2990-94c090cbb982,8,613684,613698,620638,619311,6940,6954,14,0,0,0
620657,8db78572-ef7d-b821-bca0-258eb63d65d5,8,616842,616893,620657,618895,3764,3815,51,0,0,0
620739,61a4cd19-71ef-7e0a-4dae-ac5c00009f1e,8,613672,613698,620739,623587,7041,7067,26,0,0,0
620732,7e7d5e88-4dcd-5534-95d0-3545d5a76023,8,615276,615276,620732,621505,5456,5456,0,0,0,0
620810,49c3f48b-f881-5f18-5f34-fd6c7bf75b57,8,613687,613698,620810,624143,7112,7123,11,0,0,0
621955,9981d28f-a09c-4325-f047-fbeb2483c458,8,614956,614956,621955,623711,6999,6999,0,0,0,0
622579,eee5b33e-2dd3-4f8e-5fcb-f48261e8baa5,1,621813,621813,622579,622502,766,766,0,0,0,0
622801,730825d1-396c-c19c-a4ed-91b84d9e3b99,8,619524,619547,622801,622581,3254,3277,23,0,0,0
623500,a254da12-6fff-95cc-ae26-f348b044db1b,8,619685,619727,623500,622420,3773,3815,42,0,0,0
623870,2c0ca9c0-314a-9ace-4677-4ddcaad414ad,8,618305,618305,623870,623946,5565,5565,0,0,0,0
623898,5735773c-761e-6287-d07c-5e53b8f6703b,1,621823,621873,623898,623866,2025,2075,50,0,0,0
624146,c86aed73-3415-c076-801c-5617a2c3b917,8,618737,618737,624146,622387,5409,5409,0,0,0,0
625174,d8e06ea2-de5e-78e5-fb3a-3e15ef1920da,8,619666,619667,625174,623309,5507,5508,1,0,0,0
626697,1ddb4f15-1eb8-5863-02f8-60445e08e249,8,619552,619607,626697,628651,7090,7145,55,0,0,0
626801,65f76d06-5a2d-465b-87ce-baaaf713c245,8,619613,619667,626801,627882,7134,7188,54,0,0,0
626819,3b45d977-c289-6a30-52db-575a79f633e8,8,619641,619667,626819,623556,7152,7178,26,0,0,0
626981,950ce835-3659-fa8c-938f-b1ef2ec01db7,8,619919,619951,626981,626610,7030,7062,32,0,0,0
627009,65db6e43-47bf-8db7-82d9-a774ea7f6c7d,8,621653,621672,627009,624426,5337,5356,19,0,0,0
627848,e95e8740-5dd9-2744-44e5-27ea3a82b37c,8,619891,619891,627848,626253,7957,7957,0,0,0,0
627921,11e12ee9-f664-b2b9-b8d8-061976538a69,1,506230,506273,627921,635463,121648,121691,43,0,0,0
627938,52b0147b-f052-8803-da96-8e7d0d46e159,8,624557,624575,627938,628671,3363,3381,18,0,0,0
628443,a93c9413-1396-a289-c29a-988f18a95210,1,627576,627631,628443,628220,812,867,55,0,0,0
628876,5ea2d56b-42aa-0bc7-70de-13fc2060917a,8,623174,623174,628876,629371,5702,5702,0,0,0,0
628972,40c8c7a3-82e8-47ae-f545-dfb308a47ee1,8,624472,624515,628972,627793,4457,4500,43,0,0,0
629019,5d1c1906-1090-dc9d-2b31-71dcfa549893,8,624455,624455,629019,627347,4564,4564,0,0,0,0
629054,79dbf407-c5c6-ab7d-cad0-4982ceb28a32,8,624510,624515,629054,627134,4539,4544,5,0,0,0
629211,9b622c0a-5398-2922-0652-62a224a0db6e,8,623190,623234,629211,630427,5977,6021,44,0,0,0
629443,25bdab14-74ae-4b96-ae13-3adc7ff5088e,8,626139,626139,629443,630482,3304,3304,0,0,0,0
629827,198493ce-33e1-f6f7-757a-d70346281fb8,1,627970,627981,629827,628962,1846,1857,11,0,0,0
630011,6e89a7a8-b68d-4037-d8fe-3fb8a1628abf,8,626283,626283,630011,630307,3728,3728,0,0,0,0
630062,1aa3c18e-0aaf-8962-b92c-23e3454009f2,8,626304,626343,630062,628720,3719,3758,39,0,0,0
630023,72cc3fc5-5f77-5a7a-25df-ac0758065bae,1,627571,627571,630023,629991,2452,2452,0,0,0,0
630459,8eec22a4-f966-f9c2-1796-b7b190b7f26f,8,623670,623670,630459,633778,6789,6789,0,0,0,0
631756,16b5b5fc-199f-bb17-54ab-a577e3311ee6,8,624594,624635,631756,629087,7121,7162,41,0,0,0
632814,3c0a584e-a7cd-13cb-abda-06b220d2b528,8,629053,629092,632814,633125,3722,3761,39,0,0,0
634194,bd303739-8f5a-5787-8edd-8e22536019db,8,628989,629032,634194,632844,5162,5205,43,0,0,0
634300,79eae461-0751-6daa-444a-2a482fe12ed8,8,629012,629032,634300,634262,5268,5288,20,0,0,0
634310,9175fc63-51f7-c017-36a5-fabaa3e53892,8,628974,629032,634310,633888,5278,5336,58,0,0,0
634544,b432ece9-76dc-16b5-a076-aed65ed3e00e,8,627470,627476,634544,635213,7068,7074,6,0,0,0
634613,e5e79add-68c8-7ed8-eb03-5cda69d53317,8,627416,627416,634613,636549,7197,7197,0,0,0,0
634635,147f0413-b0c4-6ddc-f634-71f87b45bd9c,8,627442,627476,634635,634365,7159,7193,34,0,0,0
636783,09360f02-75ac-0819-714b-5c03605797cf,1,593243,593243,636783,634241,43540,43540,0,0,0,0
636948,6ab62dbf-8663-e8bb-6af7-895bb241cfd3,1,634854,634896,636948,637000,2052,2094,42,0,0,0
638575,4feeea91-8003-14a8-9c7a-b4e3ee8b09a3,1,631070,631070,638575,639604,7505,7505,0,0,0,0
640221,641118ec-ddf0-1771-92e9-b7659b9b3926,1,634854,634896,640221,640168,5325,5367,42,0,0,0
640329,6fa5f03f-e92d-6961-1e0f-d29bb7a2ab33,1,639388,639388,640329,640556,941,941,0,0,0,0
643589,2bacf712-d6a9-19e8-86d8-95e5219b606d,1,639141,639141,643589,644351,4448,4448,0,0,0,0
644680,a46acc9a-9861-1260-1869-c755e85c1ec9,32,643090,643090,644680,644186,1590,1590,0,0,0,0
645206,7936931e-9771-d80b-3768-c85bfee3dbaa,32,643711,643711,645206,644748,1495,1495,0,0,0,0
649073,606cc2f5-2c81-6bf0-91f6-04068b5a8683,1,618768,618797,649073,645541,30276,30305,29,0,0,0
650805,21986e3c-d19f-cf31-1dd7-3f1f138ef8cc,8,646592,646592,650805,652093,4213,4213,0,0,0,0
650881,9d9b72b9-e5ab-686c-1e34-c29a701dadb0,8,646593,646652,650881,651125,4229,4288,59,0,0,0
650865,20d1968f-0b8c-e21f-9728-9c5e0734a403,8,646597,646652,650865,648796,4213,4268,55,0,0,0
651806,c5ba36af-fb60-be1c-66d2-975250970843,8,645962,645962,651806,654704,5844,5844,0,0,0,0
653100,1ff49f0a-9435-0cb1-724a-f3fba016db34,32,616180,616209,653100,660266,36891,36920,29,0,0,0
655144,20572e73-cd19-9b5e-b5c4-3078197df05f,8,649031,649031,655144,656765,6113,6113,0,0,0,0
656241,99d75477-5f8b-00f7-b92e-efe040a8bd6b,8,652528,652581,656241,656505,3660,3713,53,0,0,0
656243,9d719800-e30d-0d83-4844-cc496761f64e,8,652598,652641,656243,657810,3602,3645,43,0,0,0
657147,c94ee2f0-fe06-8b4e-7f63-abb84e4f4dd0,8,651050,651050,657147,654561,6097,6097,0,0,0,0
657258,b149324b-a064-bc2a-02ab-856599a2186f,8,650373,650377,657258,654574,6881,6885,4,0,0,0
657754,98daae8c-f9f7-e004-6dfe-874557968d64,8,652484,652521,657754,656200,5233,5270,37,0,0,0
657808,9c291269-e781-c4cc-9058-e121f2aff86f,8,652372,652401,657808,656742,5407,5436,29,0,0,0
657786,cc8a6796-7015-693c-f23e-9a06ed37c2ce,8,652425,652461,657786,655727,5325,5361,36,0,0,0
657868,aa2fd9d1-b5ad-09f5-d161-a3816ea4b405,8,654207,654207,657868,657364,3661,3661,0,0,0,0
659061,a962a21a-0faf-ba84-75fa-99f24b851e26,8,652281,652281,659061,657327,6780,6780,0,0,0,0
659219,8d814215-2d49-0058-5f84-e3c56daa8c7e,8,652320,652341,659219,661484,6878,6899,21,0,0,0
662181,1d03c3d5-b862-acc3-5489-9c37cfa9026b,8,654259,654267,662181,660998,7914,7922,8,0,0,0
662209,f9705e4b-2d71-a040-0554-e88b558492ba,8,654329,654329,662209,658728,7880,7880,0,0,0,0
662337,f4f48fdc-0351-d800-7d91-dbcc6a959ce2,8,654385,654389,662337,658918,7948,7952,4,0,0,0
663467,4e8172da-4a8d-4853-b6bb-cd585cdb7eda,32,599474,599474,663467,645527,63993,63993,0,0,0,0
666269,acdcb47b-dcdb-0021-97ea-f79c20ddc8b1,1,639171,639201,666269,671180,27068,27098,30,0,0,0
666967,8591a818-91fb-8925-f511-24380d892ced,8,620138,620138,666967,650946,46829,46829,0,0,0,0
668400,427f6635-5f7b-8b00-d772-03300f589a93,1,667743,667743,668400,668591,657,657,0,0,0,0
668416,761c7a2b-5263-f8e0-3c59-69c6a6ea0997,1,667757,667803,668416,668280,613,659,46,0,0,0
668704,4ce794d7-e724-b119-af2f-32a720b6d43c,1,667867,667867,668704,668830,837,837,0,0,0,0
669244,42c40e37-4ac9-8d23-c0a5-c3374a3461e7,1,668482,668520,669244,669407,724,762,38,0,0,0
669335,6fd1134e-b25a-4809-f730-e52e2922ecb0,8,649551,649552,669335,667419,19783,19784,1,0,0,0
669334,b9f9d376-c79e-049b-6aba-8f0cc9eb6e3c,1,668552,668580,669334,669264,754,782,28,0,0,0
670488,10e436c9-3d53-3dee-f41e-2e7c00da1e3f,1,669168,669168,670488,671035,1320,1320,0,0,0,0
670586,ec814510-c42e-afc8-9372-e80dee892190,1,668745,668764,670586,671015,1822,1841,19,0,0,0
670675,d89462e8-9580-1c3a-2932-a211214c0a4d,1,668841,668841,670675,670369,1834,1834,0,0,0,0
670839,4764a956-9968-5a3c-e684-79846b0dd81d,1,669582,669582,670839,670302,1257,1257,0,0,0,0
670946,51ffdef6-b660-8a31-38b8-9fc4e47172b1,1,669466,669466,670946,670236,1480,1480,0,0,0,0
671015,a29a7e5f-57b6-f1aa-f206-4a1cae9e2bbf,1,669250,669304,671015,670701,1711,1765,54,0,0,0
671156,3dc559fc-5cd0-094c-dd76-3717995b2485,1,668005,668060,671156,671539,3096,3151,55,0,0,0
671347,8345d6d3-3d72-2c0e-23ed-6309e25c2f4a,1,670593,670608,671347,670960,739,754,15,0,0,0
671718,1af026df-3f64-e5ee-bccd-9b8c8508df91,1,669973,669973,671718,671656,1745,1745,0,0,0,0
672032,d7825ea3-bbff-16e9-93e7-e89335fab528,1,669304,669304,672032,672804,2728,2728,0,0,0,0
672110,394d9156-5c31-d125-e123-433f895517ec,1,668000,668000,672110,670341,4110,4110,0,0,0,0
672880,b176e71f-3918-2c16-a386-3cd100f24a96,1,671320,671321,672880,673486,1559,1560,1,0,0,0
672915,132ab649-0017-2ca3-4ccc-5afef02a2956,1,668984,668984,672915,674557,3931,3931,0,0,0,0
672919,6f0dc87b-dfab-24e2-af25-762cd34d09ae,1,671141,671141,672919,673670,1778,1778,0,0,0,0
672973,be69ad39-0e37-8b07-cc53-5c3e52bb530d,1,671320,671321,672973,673087,1652,1653,1,0,0,0
673313,2c9de90a-b805-ae3c-4312-5b58e2a868e7,1,594338,594357,673313,691913,78956,78975,19,0,0,0
673324,6cb9b655-f704-8d14-b235-161506beab4a,1,671702,671702,673324,673244,1622,1622,0,0,0,0
673483,03aa96d2-2ea2-daec-fac2-84dd32a95261,1,670620,670668,673483,672141,2815,2863,48,0,0,0
673530,d73d52ba-ca17-31d0-97c7-68d6114a9827,1,671631,671631,673530,673096,1899,1899,0,0,0,0
673827,160a3a13-30df-c50c-89e0-8b89ca3e3238,1,673039,673078,673827,674110,749,788,39,0,0,0
673917,63582706-d545-b254-09bc-6a803a887bed,1,672429,672429,673917,673747,1488,1488,0,0,0,0
674083,bca37653-50c7-6baa-2a3c-6137e48623dd,1,673037,673078,674083,674188,1005,1046,41,0,0,0
674137,ed113faf-0e3f-4912-6405-d362719deadd,1,627571,627571,674137,693482,46566,46566,0,0,0,0
674487,2bde3c78-a931-5044-5f52-58abcf3a9723,1,672066,672092,674487,675267,2395,2421,26,0,0,0
675305,3df76a69-bc45-144a-3c1f-dff0331d58bb,1,673040,673078,675305,675199,2227,2265,38,0,0,0
676114,a2ed50b9-de4c-f8bc-1bf4-3b9f9fda15ac,1,672675,672718,676114,677747,3396,3439,43,0,0,0
676201,93e0f235-4e80-d10b-fd0e-e0b640f7924b,1,672673,672718,676201,676962,3483,3528,45,0,0,0
676573,94c8a69d-44b1-a1ee-7948-36f27eaab0a1,1,672739,672778,676573,677909,3795,3834,39,0,0,0
676725,ed441085-5024-26c6-3a53-de538375e8f9,8,672849,672898,676725,676038,3827,3876,49,0,0,0
676730,6f0d7229-1b38-7c72-ac64-8459df22367d,8,672885,672898,676730,675821,3832,3845,13,0,0,0
676759,2a6445d3-48e8-0f79-58eb-a4621976a39a,8,672911,672958,676759,675147,3801,3848,47,0,0,0
676771,2ac09858-228c-0659-64d0-72f80e8db9f5,1,673446,673493,676771,675423,3278,3325,47,0,0,0
676847,897e2ce5-4fe3-0b6d-3efc-5196512b4c10,1,672658,672658,676847,677130,4189,4189,0,0,0,0
677484,3a0e618f-428f-d941-ca0d-72ce2bf6f6c4,8,672809,672838,677484,677656,4646,4675,29,0,0,0
677527,77617d80-549f-c34c-0171-f5a74148bd11,8,672827,672838,677527,678330,4689,4700,11,0,0,0
677558,ce8a5306-d243-8d1b-96bd-5e9f4e7a081e,8,672816,672838,677558,677176,4720,4742,22,0,0,0
677710,b0d515ab-c891-d55d-94c1-76b90ac013d5,1,674554,674607,677710,676739,3103,3156,53,0,0,0
678438,68127855-e384-bc71-8271-b0d0ca5c159e,8,672935,672958,678438,676761,5480,5503,23,0,0,0
679734,3cfe18e9-5f20-ac06-9ace-863187638104,1,671151,671201,679734,683230,8533,8583,50,0,0,0
680223,7eba0464-65c2-27c0-d085-449dbd9f82d7,1,669342,669364,680223,678498,10859,10881,22,0,0,0
681697,a3506764-37af-c63b-02ac-1c61c9eaa5b9,1,681062,681071,681697,681867,626,635,9,0,0,0
682028,863dfcd6-4e06-48d0-0ddb-545b61eaaa65,1,671259,671261,682028,686988,10767,10769,2,0,0,0
682466,4087be6a-4514-c416-6c44-821eaf051764,8,680327,680327,682466,681586,2139,2139,0,0,0,0
683027,f01a5097-9ed0-fe5f-b3bc-57914882f6eb,1,676703,676753,683027,685947,6274,6324,50,0,0,0
683153,6f0eebef-97e8-9057-56a7-01aba66ccf43,1,674943,674943,683153,684287,8210,8210,0,0,0,0
684224,06531d47-4867-7b30-b956-77318a4cfe1f,1,672462,672489,684224,683699,11735,11762,27,0,0,0
684579,2911268f-3e3e-47b3-130d-a4761b5982d2,1,683684,683684,684579,684757,895,895,0,0,0,0
685406,cf3eb0d7-450c-f845-f95d-b36ffa8a47d6,1,684740,684740,685406,685489,666,666,0,0,0,0
687911,183f36db-54be-b7e0-7566-639489a8c57d,1,672810,672838,687911,685087,15073,15101,28,0,0,0
687927,7808a004-02a4-58e1-15f2-f85a754a3e48,1,672693,672718,687927,691979,15209,15234,25,0,0,0
688648,3f4574d4-401a-d5cd-d72b-81545594d9c6,1,684102,684102,688648,690777,4546,4546,0,0,0,0
690677,578cd875-d231-f372-bfb0-942cac777762,1,673420,673433,690677,685533,17244,17257,13,0,0,0
690809,0a5fcede-7a23-c1bc-8d36-192983373b02,1,690109,690109,690809,690567,700,700,0,0,0,0
691173,2f981e44-ca78-2f58-6dec-4b0d529b3b96,1,690017,690017,691173,690957,1156,1156,0,0,0,0
691518,bfb8abb9-a18c-5492-74e0-079a98fb4727,1,671521,671521,691518,696110,19997,19997,0,0,0,0
691528,f75c0751-8fd8-acb4-c8fb-2050a460cf44,1,684496,684496,691528,691097,7032,7032,0,0,0,0
691772,c2d01c42-fd59-5978-7965-12e3b9b094ac,1,684852,684852,691772,693576,6920,6920,0,0,0,0
692118,101c778c-a1a1-31b4-9dca-34888459f41e,1,685164,685164,692118,688834,6954,6954,0,0,0,0
693652,117e894e-91fa-f1c7-8141-bb373de814ac,1,693036,693036,693652,693824,616,616,0,0,0,0
693736,beb5ba0f-1e29-64f1-709a-dc958bbec119,1,693064,693096,693736,693568,640,672,32,0,0,0
693774,d0ef0cd4-5e6e-e398-cff1-b675e6fb976b,1,693139,693156,693774,693701,618,635,17,0,0,0
694629,af1e0ecd-c555-f30a-4985-8ab5c54f447e,4,693078,693096,694629,694332,1533,1551,18,0,0,0
694675,89207bc4-8439-9ed9-5a64-845ef49816ad,4,693194,693216,694675,694595,1459,1481,22,0,0,0
700198,65adafab-2a07-a58d-d43b-bf74e609456a,1,628081,628081,700198,712997,72117,72117,0,0,0,0
700483,205d8635-cc87-858c-3b57-45dfe0345e68,32,629087,629092,700483,732664,71391,71396,5,0,0,0
703172,6e52b671-bba8-a7e5-49d0-aac1a78eb37c,1,699563,699563,703172,704691,3609,3609,0,0,0,0
703927,82ec0fc3-7c0a-5867-fcce-521367899d92,1,702709,702709,703927,703795,1218,1218,0,0,0,0
704432,2767ec01-6e8b-ebd6-afcf-7c8ed5b1f09d,1,702302,702302,704432,703401,2130,2130,0,0,0,0
704598,3f068051-187e-b974-1fe3-61117c7b5816,1,702324,702362,704598,703748,2236,2274,38,0,0,0
705481,87eb754a-995e-f5bd-8465-3d5fa51f4e7c,4,704816,704816,705481,705699,665,665,0,0,0,0
705751,2de1bda4-6a92-d47b-5154-00a60283a43b,1,705025,705025,705751,705851,726,726,0,0,0,0
706088,79810edf-5b8e-76fd-aa29-ee4cf2db83c8,1,703666,703666,706088,704873,2422,2422,0,0,0,0
707102,73dd8d31-40e1-0b51-1128-58041243161c,8,703315,703315,707102,708843,3787,3787,0,0,0,0
707153,b9787c4b-09aa-5570-9be9-50c7147d7bfc,8,703331,703375,707153,707771,3778,3822,44,0,0,0
707317,4fa3baf6-48f3-68ba-2697-64976cfb6acc,1,703501,703501,707317,708181,3816,3816,0,0,0,0
707337,90a014ab-4ca1-cabd-8565-0e0bd5c97d5d,1,706578,706578,707337,707298,759,759,0,0,0,0
707692,c179c596-d772-e63e-f670-0a627506d74c,1,706307,706307,707692,707676,1385,1385,0,0,0,0
708057,d8feb8de-6779-7b58-82ab-23a0fc862110,8,703083,703083,708057,709340,4974,4974,0,0,0,0
709179,2740a29d-f7d7-5510-ffa7-2ae11139dd0f,1,707848,707891,709179,708929,1288,1331,43,0,0,0
709459,994316bb-d4d3-53a5-de1f-1619467ba9e5,1,708459,708496,709459,709365,963,1000,37,0,0,0
709566,df996726-5c36-6f5c-a23f-3abf0441e22c,1,706309,706367,709566,710995,3199,3257,58,0,0,0
711337,da42698b-fbc0-53a8-4708-cf0f8b490e26,1,710658,710658,711337,711228,679,679,0,0,0,0
714232,82f552c8-9ae6-6149-9a69-78cf51589375,1,712275,712275,714232,714820,1957,1957,0,0,0,0
715083,f997f697-6fcd-df50-a86d-e2517c98756f,1,708134,708134,715083,717035,6949,6949,0,0,0,0
715045,dc32f8a0-6a75-80e2-ce52-309da46a07c2,1,713835,713869,715045,714495,1176,1210,34,0,0,0
715387,d147a0bf-2d7f-fe23-e29f-f19c29b50942,1,708436,708436,715387,712541,6951,6951,0,0,0,0
715963,5bcc7bfb-40e6-4eed-e414-f2c5d9743ff0,1,708850,708850,715963,715232,7113,7113,0,0,0,0
716343,461fe028-f727-ee90-1ba1-68b8a3840e2b,1,709234,709239,716343,716833,7104,7109,5,0,0,0
716964,7237e20d-62fe-fcae-d97e-b35599870266,1,703669,703726,716964,719086,13238,13295,57,0,0,0
719734,f75ef2cf-153d-5754-f086-424afbfbd9f9,8,716354,716379,719734,720646,3355,3380,25,0,0,0
719748,a90e319d-637e-3f94-110c-8d920222305d,8,716319,716319,719748,721430,3429,3429,0,0,0,0
720080,b58f67b6-deda-028b-e232-0dc95bf6f06d,1,715429,715447,720080,721602,4633,4651,18,0,0,0
720278,2d1368f3-0580-8066-322c-3dae2db4e428,8,713305,713305,720278,717851,6973,6973,0,0,0,0
720527,c3e3c148-06e2-e861-957e-dc3cbdf774c8,64,711581,711581,720527,722181,8946,8946,0,0,0,0
721080,419b7333-9b8c-e31b-c111-61a7339b2275,8,716259,716259,721080,719787,4821,4821,0,0,0,0
721131,5ed560c3-7afe-b17e-cf9b-6d33be00565d,1,618409,618409,721131,691902,102722,102722,0,0,0,0
721837,ef252aa8-44a9-844f-a10e-193140686515,8,718107,718107,721837,719985,3730,3730,0,0,0,0
722900,af4637b3-c9a6-2c37-3507-8c5dcb62f5b6,1,722020,722020,722900,723104,880,880,0,0,0,0
726255,115c42cd-5147-6e86-2875-d40aeac7dc2e,1,725338,725338,726255,725876,917,917,0,0,0,0
726330,290c9e51-80d7-f805-2c6f-c084c04a3f68,1,725387,725398,726330,726595,932,943,11,0,0,0
728259,65ef2c84-c06e-6481-9963-37aa9c4e1662,1,727499,727499,728259,728159,760,760,0,0,0,0
728464,25dbbe8d-a534-9425-aa69-b7f7b28d7cb8,1,727743,727794,728464,728495,670,721,51,0,0,0
730059,ee265c95-90f1-c7ee-160a-5654b2403468,1,729421,729421,730059,730344,638,638,0,0,0,0
730167,1874ed7d-9190-c53f-b2d2-570a2ef634f2,1,720556,720585,730167,729400,9582,9611,29,0,0,0
730539,1d57e734-31bf-5cf6-40b3-af7cd5b211a9,1,729455,729481,730539,730378,1058,1084,26,0,0,0
731476,9e90d107-0611-3bfe-08b6-f61d316da914,1,729051,729051,731476,732249,2425,2425,0,0,0,0
732180,e552d0a8-b66f-3507-e588-b999971eea39,1,707831,707831,732180,731150,24349,24349,0,0,0,0
734644,71414f58-db8e-c35b-3c83-861eddf0a0a2,1,731996,732047,734644,734293,2597,2648,51,0,0,0
735415,505c7527-dc57-546d-8c3d-031ab3952193,8,730611,730611,735415,734194,4804,4804,0,0,0,0
735725,88addab1-d765-4a18-e4d4-66ebbf74531c,8,696525,696525,735725,740111,39200,39200,0,0,0,0
736031,4e2da257-8074-a1ed-4ea4-ae7336955a61,32,670537,670548,736031,765594,65483,65494,11,0,0,0
736956,bb1fdb98-6f5a-181a-b1ca-a64c93727484,1,732882,732882,736956,736936,4074,4074,0,0,0,0
737524,a01d9aeb-5206-0f1c-630b-f0db1454578f,1,736242,736261,737524,737432,1263,1282,19,0,0,0
739439,b3700e92-92f1-da69-674f-6635f236b2ee,1,738478,738537,739439,739547,902,961,59,0,0,0
739694,d5108bc0-2f9e-1ddb-3302-8b32230da680,1,720525,720525,739694,743062,19169,19169,0,0,0,0
739764,4083ff8f-e10a-5f9f-6e2c-219ab50f2f5c,1,721319,721319,739764,740703,18445,18445,0,0,0,0
741674,399e4d08-cf77-98cc-ef36-feb1bb8f7b2b,1,738477,738477,741674,742227,3197,3197,0,0,0,0
741843,2944e059-bafa-34da-69e8-fe2a879f22eb,1,721582,721582,741843,738783,20261,20261,0,0,0,0
742015,141b9098-8892-77fe-cf2e-45efabbe274a,1,736154,736201,742015,739482,5814,5861,47,0,0,0
742331,ab09ec62-8e46-1d8b-b555-d6ee40571cf3,1,741428,741428,742331,742505,903,903,0,0,0,0
742804,bf4d4bd8-7222-9838-c5cf-dce6e7b4dcd3,1,721867,721897,742804,749283,20907,20937,30,0,0,0
742864,9c2b4ca9-be2f-7685-8a8f-fb2c1ff71e8c,1,739631,739631,742864,742217,3233,3233,0,0,0,0
743078,4badb973-1ed0-1243-9ae6-9d9798fb7955,1,722268,722268,743078,733142,20810,20810,0,0,0,0
743374,58eb3e59-f9a1-de3f-8f72-d6afe825049a,1,741147,741147,743374,744381,2227,2227,0,0,0,0
745099,866cfb2b-3754-f16f-4d79-132cf362d408,1,743625,743625,745099,745777,1474,1474,0,0,0,0
746427,603ecfef-2141-9a14-9acc-b00ddb3fb4a2,1,731987,731987,746427,744875,14440,14440,0,0,0,0
746720,f92b7b46-c17d-049c-6253-4b28e47919dd,8,741264,741264,746720,747415,5456,5456,0,0,0,0
746768,6be26493-c32a-eb1b-a4dc-6a67a6d18c91,8,741305,741324,746768,745974,5444,5463,19,0,0,0
746877,ba89eda3-7eb6-af51-edc7-8d7ba63f89b5,8,741284,741324,746877,748384,5553,5593,40,0,0,0
746933,f56febb1-484b-824b-c06e-10295b4d5bbf,1,745735,745735,746933,746981,1198,1198,0,0,0,0
747755,4a832ab5-57c8-50b0-9a73-cd2f4f05495e,1,742536,742559,747755,745539,5196,5219,23,0,0,0
747876,4a85fbd1-c22a-6772-7cbf-f645cb61716c,1,744963,744963,747876,747732,2913,2913,0,0,0,0
748061,3f46057b-7165-e36b-f997-c779c56f05e6,1,746243,746243,748061,748046,1818,1818,0,0,0,0
748922,420fd9a8-d45b-4e9b-b61e-c0ed8ddd2994,1,741804,741804,748922,746348,7118,7118,0,0,0,0
749654,d0713654-25cb-49de-4add-f902c46ea4cd,1,737565,737584,749654,749539,12070,12089,19,0,0,0
750083,cfcae6b9-75a8-c1d7-ab5e-ebe91478e20e,1,723500,723500,750083,744356,26583,26583,0,0,0,0
750588,0ef473a2-900d-df16-00e0-32006197337c,1,748317,748375,750588,751522,2213,2271,58,0,0,0
752341,72e588e9-4b4f-3b2e-3189-10ecf6dbb2b6,1,749384,749384,752341,752746,2957,2957,0,0,0,0
755291,5ea0c503-3d7a-774e-74c9-c3ad4e19392b,1,722931,722960,755291,768783,32331,32360,29,0,0,0
755499,67e2020e-f11f-1e97-3546-1a1c5a5a5dac,1,722642,722642,755499,741045,32857,32857,0,0,0,0
755556,74cd4a41-5e07-2fb2-9919-be9116a26e58,1,723216,723216,755556,743445,32340,32340,0,0,0,0
759437,9cc3c1f5-9129-bc75-9b08-e5a844511ba0,1,713809,713809,759437,754270,45628,45628,0,0,0,0
759968,77dd362b-4a6b-836b-157f-108b86514886,1,737533,737584,759968,754624,22384,22435,51,0,0,0
760124,3d57ee27-33da-efc1-0d47-e26d1ef7a52e,1,746509,746509,760124,762137,13615,13615,0,0,0,0
761219,09b2eae6-54eb-4c91-b784-ae08758fc8fa,8,757868,757868,761219,760871,3351,3351,0,0,0,0
762383,0f14f86c-2b50-1ad7-adb9-4a81684344a1,1,749415,749444,762383,765251,12939,12968,29,0,0,0
762877,c125798e-9bd6-5690-e8f9-4c8806a76b07,1,760513,760541,762877,762792,2336,2364,28,0,0,0
763337,7f151663-189b-5535-83cf-ed3bb32f7256,8,758012,758048,763337,762497,5289,5325,36,0,0,0
763418,a7641ff1-ce8a-9e7f-be99-919ec696e772,8,757961,757988,763418,763081,5430,5457,27,0,0,0
763431,a7728290-78d5-40ef-030b-4532a7c24c68,8,757975,757988,763431,763392,5443,5456,13,0,0,0
765013,8129aa0c-40ef-a857-015f-566c0ba6aa86,8,757934,757988,765013,767337,7025,7079,54,0,0,0
765187,bd66c203-ddc8-ca37-35b7-215ecd68cb39,8,757900,757928,765187,766472,7259,7287,28,0,0,0
766138,664d49fa-94b5-9339-84c1-1826d910498c,1,765478,765533,766138,766009,605,660,55,0,0,0
766971,a6091ad0-b114-64aa-52f6-9081400564b8,1,765181,765181,766971,767582,1790,1790,0,0,0,0
767104,03200c4e-40cb-e188-c3f0-fac39f601d17,1,742499,742499,767104,778796,24605,24605,0,0,0,0
767574,5e48245a-b19d-ab55-e5ce-fa0f8671e213,1,765473,765473,767574,767871,2101,2101,0,0,0,0
767626,bf8ff33e-ee15-95cf-35a3-7765bfacc63e,1,765487,765533,767626,767816,2093,2139,46,0,0,0
767762,dcb9d394-e8ac-64c4-b6b9-824010416cbc,1,748315,748315,767762,766277,19447,19447,0,0,0,0
768071,42186e6d-ab24-f74a-9f2b-e8ba3f05344c,1,766167,766198,768071,768359,1873,1904,31,0,0,0
768978,ae2e7dd2-19a2-a602-28a3-d3a35fdd67bb,1,768137,768137,768978,769038,841,841,0,0,0,0
770321,26331cc6-cbee-d3e3-1cd8-89e231979167,1,769568,769568,770321,770622,753,753,0,0,0,0
770797,0ce87570-b4d6-f3e6-1aa9-0d26ab636d66,1,760481,760481,770797,766141,10316,10316,0,0,0,0
770876,aa528f85-01d9-9b33-f488-e328c075e119,1,770178,770185,770876,771131,691,698,7,0,0,0
770977,4b27b079-5c5d-3f1b-54c0-c6c254f6516e,1,770290,770305,770977,770807,672,687,15,0,0,0
770976,c438eae0-b5d0-b595-a4f8-9e23af39f2ce,1,770356,770365,770976,770961,611,620,9,0,0,0
771034,c2a59d7b-2bd3-d971-6b10-b78675656daf,1,770392,770425,771034,770940,609,642,33,0,0,0
771159,d4721e33-885c-c793-00da-b7f849d5182c,1,770105,770125,771159,770843,1034,1054,20,0,0,0
771214,af5a7636-e8b8-d252-9670-cd19383e69a4,1,770222,770245,771214,770993,969,992,23,0,0,0
771289,e36345fc-899f-7cfb-ef6f-5d6a09ed1c7c,1,770357,770365,771289,771436,924,932,8,0,0,0
771506,054046cc-16d5-0b84-661f-7117dd926cbf,8,766528,766539,771506,772208,4967,4978,11,0,0,0
771561,1b9c67e0-81c8-2e2b-ed48-6d9ae69f1f78,1,770316,770365,771561,771582,1196,1245,49,0,0,0
772434,cd4c01b3-33e4-0ea9-7aaa-f675b807eb46,1,771426,771426,772434,772608,1008,1008,0,0,0,0
772572,6e935615-38da-9a90-170f-ad328135f15a,1,770909,770917,772572,773370,1655,1663,8,0,0,0
772662,7b874b4a-cafb-c4fe-531f-04afb93c92d5,1,770042,770065,772662,773784,2597,2620,23,0,0,0
772920,757e2b43-af51-6850-b77e-5f7a80a233e3,8,766479,766479,772920,770560,6441,6441,0,0,0,0
773359,c09d557f-bc44-1fbc-edb6-8854baae905c,1,772085,772085,773359,772724,1274,1274,0,0,0,0
773491,abd13f1a-3d20-1440-00cf-a44d1b7db566,1,770979,771037,773491,773592,2454,2512,58,0,0,0
773501,7ccd3dc0-740a-5bed-5323-8affe1e538a1,1,771588,771626,773501,773604,1875,1913,38,0,0,0
774580,344a21b7-dfff-8cea-2687-0a987f0f6662,1,770005,770005,774580,774896,4575,4575,0,0,0,0
775275,75fa0ebe-e4e3-9c20-043f-1b5f3d958061,1,773234,773260,775275,776233,2015,2041,26,0,0,0
775946,24a167fd-34c6-ea9b-207c-0594b13e655f,32,710065,710065,775946,750060,65881,65881,0,0,0,0
776087,df1e04cb-ca34-2e3c-2f58-9a8167c5b29b,32,709690,709690,776087,805046,66397,66397,0,0,0,0
776174,d14b049b-79de-06cb-3150-c32387826633,1,772566,772566,776174,777888,3608,3608,0,0,0,0
776707,f5a98c9a-6a71-dec5-2162-d1b7769ac892,1,771899,771899,776707,774987,4808,4808,0,0,0,0
777275,8ccc617e-81b6-6951-4cdf-697f4eca2e96,8,772364,772364,777275,778982,4911,4911,0,0,0,0
778578,cec3a6f4-9262-c536-e14e-21f714f16d92,1,773200,773200,778578,780249,5378,5378,0,0,0,0
778834,10fab909-fcfa-1e61-6b7d-71bc17956e87,1,770850,770857,778834,782524,7977,7984,7,0,0,0
779242,fb04c6b1-022b-a960-4f00-ba6af189d0b1,1,777477,777477,779242,779493,1765,1765,0,0,0,0
779820,9691f45d-10bb-794e-2cef-755790ad07c6,1,775201,775218,779820,781359,4602,4619,17,0,0,0
780605,6e4c1501-808f-8cb9-659d-12db268f090a,8,774188,774201,780605,780384,6404,6417,13,0,0,0
781599,4603c9ee-d463-c183-a231-72118578b1c6,1,774021,774021,781599,784256,7578,7578,0,0,0,0
781805,a8835c66-1eca-e0c0-04c7-2b2ae598e5c2,1,774025,774081,781805,784903,7724,7780,56,0,0,0
784651,52b3a0d1-1727-8924-2508-f357474a3674,8,779776,779776,784651,783265,4875,4875,0,0,0,0
786691,99487f82-1831-b802-c3c2-aee62ee94ed9,8,779468,779468,786691,786437,7223,7223,0,0,0,0
790625,10fd7164-819f-2393-42ce-ef41b2cfba8b,1,777508,777537,790625,795337,13088,13117,29,0,0,0
793249,bdd4c1f2-71b8-6ce0-e347-2e25ba5498fd,1,746882,746937,793249,798431,46312,46367,55,0,0,0
793649,83f38f4e-faf3-6aec-1e0a-71570d6ed01e,1,747071,747071,793649,777390,46578,46578,0,0,0,0
801931,5d316263-4959-2f6e-0c1b-7e93be162e89,1,775199,775218,801931,789057,26713,26732,19,0,0,0
809754,b66e550b-5c8a-6866-af9c-5cfbafe601c5,4,32555,32555,809754,1154101,777199,777199,0,0,0,0
821836,33f60730-9665-df7c-4f70-b88bf06c69d9,1,819745,819745,821836,821288,2091,2091,0,0,0,0
823970,137b41c2-5f71-31e1-e05e-ad1cbde9a6a8,1,820853,820911,823970,825373,3059,3117,58,0,0,0
826407,5502ec67-42da-1572-4278-f61e17f2029c,1,818454,818454,826407,829678,7953,7953,0,0,0,0
827545,959677e9-35c4-be08-46a4-7588a676ace1,4,705696,705696,827545,809109,121849,121849,0,0,0,0
827744,f5239f95-6ac6-6272-c875-7d0612037b06,1,819779,819805,827744,823960,7939,7965,26,0,0,0
832780,230f1e69-034d-42fd-24ca-abcbd2c4c286,1,820851,820851,832780,832516,11929,11929,0,0,0,0
834608,a801f15e-7046-425d-fd47-4d951bd36f41,1,833803,833803,834608,834921,805,805,0,0,0,0
842835,a2ded1de-c302-40d5-a214-5243f5d23fc6,1,812794,812794,842835,857048,30041,30041,0,0,0,0
843446,ba266e87-432f-174f-91b7-2a5c10dd6f06,1,842593,842651,843446,843240,795,853,58,0,0,0
844065,d86f4bb4-aefc-6ef1-c4bb-4aced0c8da67,1,842591,842591,844065,844450,1474,1474,0,0,0,0
844326,fa2c9e79-2758-4f1a-239e-5593ec11a44d,1,843565,843583,844326,843915,743,761,18,0,0,0
844345,9bcfe969-473f-b005-266c-3392396c6135,1,842889,842895,844345,844307,1450,1456,6,0,0,0
844393,d5963842-567e-8c74-bd92-232a4fbb831a,1,843523,843523,844393,844180,870,870,0,0,0,0
844482,bd03d33b-eee9-795e-a308-6e48e4e5b5b0,1,843114,843114,844482,844198,1368,1368,0,0,0,0
844465,1ceb08fe-f2de-b798-b31a-25b55fecaa6e,1,843676,843676,844465,844486,789,789,0,0,0,0
844696,fa3bc921-c484-4743-cc8b-a7603e3a0dfc,1,841911,841911,844696,844911,2785,2785,0,0,0,0
844742,8a73483e-26ec-d1dc-b751-68f6c0485d0b,1,843525,843583,844742,844281,1159,1217,58,0,0,0
844798,d577c131-08b9-2ed4-de94-da10205b9db8,1,843835,843835,844798,845023,963,963,0,0,0,0
845679,1ab9f662-1bc0-2912-4519-72c431d9dd32,1,844725,844756,845679,845459,923,954,31,0,0,0
845719,3b7039b0-789a-9f00-9933-ca27a0e85f89,1,845069,845069,845719,845453,650,650,0,0,0,0
845747,cd693dab-eb4b-2c0c-0fdf-60d520a62f9b,1,841990,841990,845747,845562,3757,3757,0,0,0,0
845976,8fc45e9e-b60a-fa9c-be8c-ea8a255c4297,1,844057,844057,845976,846084,1919,1919,0,0,0,0
846114,58f42098-591c-c524-953b-0f1fea3e072a,1,845110,845129,846114,846411,985,1004,19,0,0,0
846329,ed3353fc-692c-aaae-44ed-98e280714c8a,1,844213,844213,846329,845413,2116,2116,0,0,0,0
846387,ba8f4592-37ea-3bed-7866-9ba9044ffc73,1,845665,845665,846387,846624,722,722,0,0,0,0
847581,126301a0-641c-b619-6430-58d9c1f98e90,1,845733,845785,847581,847082,1796,1848,52,0,0,0
848058,1e5c5da8-d087-edcb-be94-f1cb075cc8eb,1,847366,847366,848058,848278,692,692,0,0,0,0
848785,c33ffef7-64bf-2e8c-9033-89b46ce052ef,1,845174,845189,848785,848566,3596,3611,15,0,0,0
848861,d2376d22-9565-bc2f-8cf7-0470fda8977a,1,846723,846723,848861,848356,2138,2138,0,0,0,0
848984,eaadcb2f-0f89-2df6-f97a-822c15e59a0f,1,846128,846174,848984,850048,2810,2856,46,0,0,0
849038,cccf4d37-0714-4da9-4e67-4f72627f34eb,1,848190,848190,849038,849147,848,848,0,0,0,0
849369,4cdbf99e-ebe9-8dd4-e80d-9169c24489e1,1,844950,844950,849369,849287,4419,4419,0,0,0,0
849550,f198f62e-5c9d-3ead-aea4-91fccb6b6306,1,848916,848921,849550,849609,629,634,5,0,0,0
849615,c8347776-04ca-c3d1-3506-e337683d21a9,1,848865,848921,849615,849561,694,750,56,0,0,0
849703,dd69a596-2dba-333f-4a12-c64f921c5875,1,848645,848645,849703,850112,1058,1058,0,0,0,0
850432,1053adba-25db-78d1-b4d0-aaeade19893e,1,848954,848981,850432,849700,1451,1478,27,0,0,0
850798,b1b9fd9d-db58-3dd9-20f3-6e9238ec71aa,1,850012,850012,850798,850925,786,786,0,0,0,0
851111,3242f61c-ea3d-19b2-c319-8f412467f4a3,1,849694,849735,851111,851131,1376,1417,41,0,0,0
851112,2d90e4ee-0de4-833e-12c0-620c1667c518,1,849750,849795,851112,851087,1317,1362,45,0,0,0
851568,ba68e69f-2c8b-2151-e179-2fcde658eb6a,1,849657,849675,851568,852365,1893,1911,18,0,0,0
851580,7c8b7f1e-5bf8-8967-b057-fcd4a1701e8e,1,850390,850391,851580,851851,1189,1190,1,0,0,0
852492,93162f53-e70a-f828-26a4-cbefa437199c,1,851277,851323,852492,851940,1169,1215,46,0,0,0
852570,eb680076-96f5-f9cb-9e87-ad6d6db3bda5,1,847948,847948,852570,850275,4622,4622,0,0,0,0
852623,f9cc596e-37e7-5948-8903-c8c72e8992cc,1,850933,850933,852623,853075,1690,1690,0,0,0,0
852838,c95bc917-1c01-160c-ecc9-d15ae10b3781,1,848000,848008,852838,853574,4830,4838,8,0,0,0
854284,f8205c5f-17c5-22e0-1fe9-048dd08308b0,1,850715,850715,854284,855800,3569,3569,0,0,0,0
854330,cb53f0be-5e7b-4866-d270-54706a7be8b1,1,845801,845845,854330,857590,8485,8529,44,0,0,0
854739,e729b06f-a5db-8ca3-5630-202155afb783,1,845244,845249,854739,850491,9490,9495,5,0,0,0
855383,b5ed7ce8-2ddf-2675-1235-d52e16d7ba54,1,849712,849735,855383,857946,5648,5671,23,0,0,0
855434,4d4ef3fa-bfcf-f645-a301-767aed6cbe79,1,853183,853183,855434,855012,2251,2251,0,0,0,0
857645,61127927-cd6a-ee30-0567-f81fb8e3fb43,1,854402,854404,857645,858149,3241,3243,2,0,0,0
857653,9ea6ed4a-04ca-d30a-e207-db202f7f2cd7,1,853644,853644,857653,857165,4009,4009,0,0,0,0
858097,31116b6a-4b38-a57b-2fdc-4da3aee51b7a,1,846122,846174,858097,857524,11923,11975,52,0,0,0
858336,8c2aa0b1-8982-cbf8-64e2-89c098be5ff0,1,846213,846234,858336,861945,12102,12123,21,0,0,0
859177,1f89cec2-9dfe-19d2-a87d-2106dbfbfea4,1,849636,849675,859177,858088,9502,9541,39,0,0,0
861072,f42973f5-d1d1-8e0b-27e7-a6bdc2a49fd8,8,844567,844567,861072,855334,16505,16505,0,0,0,0
861723,50d3802d-b876-a455-88b3-152d845a91b8,1,847072,847072,861723,867983,14651,14651,0,0,0,0
899128,637b3648-d617-b9c0-a449-d64f922ddab6,1,893081,893126,899128,901831,6002,6047,45,0,0,0
899518,5fc97e64-9987-2384-2798-879be9a11cc0,1,893045,893066,899518,900551,6452,6473,21,0,0,0
909996,412817eb-2246-29cd-6cec-df821903f9b3,8,909236,909236,909996,910001,760,760,0,0,0,0
910157,cdba8621-da62-a307-d753-ba9908087cc4,1,892970,893006,910157,911523,17151,17187,36,0,0,0
910271,f9c3ee05-0012-d399-a7af-55453d3fec1b,1,892983,893006,910271,902967,17265,17288,23,0,0,0
910407,7060ee63-1927-9b44-ce2c-f16bf3fd9e32,1,892968,893006,910407,901873,17401,17439,38,0,0,0
910435,25e050f6-b273-f93c-1cad-a48a46a42ee1,1,892969,893006,910435,903101,17429,17466,37,0,0,0
910432,ac0d8818-8349-c078-bc4b-2732a170920c,1,892973,893006,910432,915538,17426,17459,33,0,0,0
910438,f47bffba-f561-1747-42d2-2c7408ea6671,1,893048,893066,910438,905879,17372,17390,18,0,0,0
910468,5f8a2e3c-1e9d-095b-d17a-d9bdb1ba0bea,1,893111,893126,910468,906566,17342,17357,15,0,0,0
910533,f540838e-1333-1679-9b5c-4b589c425665,1,892972,893006,910533,902836,17527,17561,34,0,0,0
910554,6c5495bf-f88f-8979-30d7-509da551524c,1,893050,893066,910554,917502,17488,17504,16,0,0,0
910852,19e79a3d-e920-4a24-4304-93f0d7c713b7,1,892872,892872,910852,904036,17980,17980,0,0,0,0
910894,4679fe6e-9177-9972-4207-291eb3167953,1,892975,893006,910894,905292,17888,17919,31,0,0,0
910946,732fc932-ab96-2697-c1e1-f813747ac231,1,892946,892946,910946,918518,18000,18000,0,0,0,0
910939,683c3806-c12a-dc55-4072-8ad4002072c6,1,892960,893006,910939,907146,17933,17979,46,0,0,0
911020,bb3f4297-1033-5eb4-7acf-41f0902fe243,1,892961,893006,911020,912067,18014,18059,45,0,0,0
911048,84274378-b40d-8aef-a0ba-614204c32fed,1,893052,893066,911048,913499,17982,17996,14,0,0,0
911110,b1cbe822-cbee-1876-1d87-6a3e94d6cbb0,1,893051,893066,911110,909245,18044,18059,15,0,0,0
911094,03b68657-4777-be21-7677-a166d644e9ae,1,893053,893066,911094,911498,18028,18041,13,0,0,0
911211,dc63a196-9463-20bc-6f68-d3b34ef97a7d,8,871635,871635,911211,895740,39576,39576,0,0,0,0
913446,f4fd25b7-384f-6e3b-8680-4a8a515f352c,1,887832,887832,913446,920395,25614,25614,0,0,0,0
913844,0c754a17-0131-c601-9923-fc7a0d6b160f,1,911883,911883,913844,912970,1961,1961,0,0,0,0
915520,8331d711-5de2-2a7d-70da-152821051c60,1,914576,914576,915520,915362,944,944,0,0,0,0
917765,4eba12da-4d20-d6cf-2c0c-ad5ce2095271,1,628432,628432,917765,889486,289333,289333,0,0,0,0
920032,3ba4807e-4565-5d2d-fdb2-69e56c9dda26,32,890771,890771,920032,923720,29261,29261,0,0,0,0
928654,7b1dbca3-2286-e3f8-c314-96ea2160446e,8,912247,912247,928654,922880,16407,16407,0,0,0,0
929097,0a58f43c-5bda-0655-f06d-ca247bc6e121,1,928201,928201,929097,929121,896,896,0,0,0,0
929505,565f2ea8-0a03-c8cd-870b-230ceb044ecb,1,928851,928851,929505,929763,654,654,0,0,0,0
929935,08252b39-1947-ea42-310d-c9d17c413a2a,1,928226,928261,929935,929987,1674,1709,35,0,0,0
930318,79477aa8-0f1c-0455-c71b-3b67d907a314,1,929134,929157,930318,930292,1161,1184,23,0,0,0
930380,ab30f1b1-bb4c-5947-4748-b576fe3a4f96,1,929519,929565,930380,930653,815,861,46,0,0,0
931064,15661feb-05c5-bf8d-321a-6c3f47263c24,1,928886,928911,931064,931436,2153,2178,25,0,0,0
931124,af5235bc-f8ab-33f4-f2f9-ade159debc39,1,930340,930392,931124,930968,732,784,52,0,0,0
931071,764f6842-f955-3aad-b5e0-bcbf5420d149,1,930347,930392,931071,931311,679,724,45,0,0,0
931167,debf96d3-c64a-b8bf-f4aa-e84ad5382419,1,930272,930272,931167,930986,895,895,0,0,0,0
931134,6448a3d5-d576-7137-d456-e29d91c631cf,1,930377,930392,931134,931373,742,757,15,0,0,0
931473,2ab05af8-87e7-19e2-ff46-d9d3f2794e8b,1,930380,930392,931473,931384,1081,1093,12,0,0,0
931630,32b6f533-c5cc-0fb0-e1a6-2208a1f40627,1,930855,930906,931630,931458,724,775,51,0,0,0
931702,3d0d3ffd-67e6-d49a-3c73-013b99ea5bbd,1,930948,930966,931702,931701,736,754,18,0,0,0
931730,9d091856-4b3d-d578-cc69-a8cae32ffec3,1,928392,928392,931730,932805,3338,3338,0,0,0,0
931995,e44cbd41-ce36-e92a-58e9-d0aac1b6edd4,1,931249,931304,931995,931785,691,746,55,0,0,0
932515,71a84189-565b-b785-b8f9-85fc69598983,1,930339,930392,932515,933377,2123,2176,53,0,0,0
932600,e1568c60-1205-e9cc-2757-59a074516c96,1,930371,930392,932600,932783,2208,2229,21,0,0,0
932791,8082a0ee-dbe8-1d7a-c907-03e848841707,1,930611,930611,932791,933374,2180,2180,0,0,0,0
932799,852393d7-9a5d-376e-602b-a25601dbeb73,1,930376,930392,932799,932526,2407,2423,16,0,0,0
933040,8fa8ae34-3233-9053-9242-ba54a6f9c0e1,1,930883,930906,933040,932145,2134,2157,23,0,0,0
933387,9caf4bfe-7ff8-a2c6-b79a-566b2e1482be,1,932438,932438,933387,932934,949,949,0,0,0,0
933429,9136d4ad-f27e-8ce7-2b8d-2c495e3003e1,1,931142,931184,933429,932549,2245,2287,42,0,0,0
933483,02dabd76-f310-2525-f517-9e725f857b21,1,928439,928452,933483,932875,5031,5044,13,0,0,0
933468,3016cecc-9b9a-3a55-aff7-45a064ea1dd3,1,932522,932575,933468,933406,893,946,53,0,0,0
933754,edda1677-4e08-ab81-ec4d-6c0037abaaf8,1,930846,930846,933754,934205,2908,2908,0,0,0,0
933780,7fab9b07-1e30-7f10-19d5-6f424c589a8e,1,929746,929746,933780,933908,4034,4034,0,0,0,0
933799,ad5406bc-7209-8a7b-d975-a56289d56357,1,932577,932635,933799,934088,1164,1222,58,0,0,0
933845,2851a8be-2639-e214-45cc-aa931e1e5d91,1,931219,931244,933845,934186,2601,2626,25,0,0,0
933971,293e16b3-cefd-1224-736c-c67ee886818e,1,932659,932695,933971,933619,1276,1312,36,0,0,0
933957,a190aa44-a888-7521-845c-10ea1d842e8f,1,932853,932911,933957,934057,1046,1104,58,0,0,0
934239,720f2288-0760-9502-739f-51c3490ec6f3,1,930306,930332,934239,932851,3907,3933,26,0,0,0
934520,366b3575-d07a-9518-912c-f322735e8153,1,931278,931304,934520,932869,3216,3242,26,0,0,0
934527,6986305a-5da3-f9cf-4ed0-730d711dc1dd,1,931081,931124,934527,935497,3403,3446,43,0,0,0
934539,69bba3c4-6cc7-21f0-82ba-0fed1b8dc821,1,932288,932340,934539,935439,2199,2251,52,0,0,0
934651,0b45cb04-e5bc-89c0-93a6-9684036599fc,1,929365,929365,934651,935479,5286,5286,0,0,0,0
934656,5eb38ef5-b240-70ca-2b05-61676a478ddf,1,930342,930392,934656,933705,4264,4314,50,0,0,0
935816,d6c34b19-b4a3-5c95-d466-99843ecb1bd6,1,935013,935013,935816,935955,803,803,0,0,0,0
935887,07b4e684-8ef6-5ee8-da5a-8bc373315c49,1,933622,933654,935887,935012,2233,2265,32,0,0,0
936151,eb3cc270-e188-d3d7-a573-dc3049b49625,8,929262,929262,936151,933862,6889,6889,0,0,0,0
938065,46586cb2-6fdb-ab51-ef7b-80f1c2be7bac,1,933961,934014,938065,936865,4051,4104,53,0,0,0
938242,0b9d55cd-52c1-e256-e5b7-7f49a5b95c1a,1,930863,930906,938242,936498,7336,7379,43,0,0,0
939084,8208fd42-209c-e4a5-931e-1d4d9abc9859,1,936390,936390,939084,939036,2694,2694,0,0,0,0
939393,bbfecb11-f060-46a1-d2d1-2566fc829c09,1,936718,936718,939393,939931,2675,2675,0,0,0,0
939506,5c7ae8ef-c324-5e35-7eed-cc6522cb2720,1,932280,932280,939506,942064,7226,7226,0,0,0,0
939623,a605b7c9-fb07-ee93-0a37-31ab0be3534a,1,937375,937429,939623,940367,2194,2248,54,0,0,0
940495,8be27516-342c-5348-363d-75f189bab9c8,1,937236,937273,940495,939889,3222,3259,37,0,0,0
941125,9bd972ca-0086-2f9e-ec19-1606a57d4eb4,1,930628,930671,941125,945693,10454,10497,43,0,0,0
944098,64907a63-36a8-d53d-4e90-ee87a4dd2fe1,1,942733,942733,944098,943640,1365,1365,0,0,0,0
944497,a3708c7f-d235-25df-fbf8-b1fe3232be72,1,936742,936778,944497,946440,7719,7755,36,0,0,0
944672,e7f8daa8-104c-9b6e-eadf-1b58d4a84169,1,933594,933594,944672,940234,11078,11078,0,0,0,0
946729,f330f931-3b8f-f9d7-c22e-dfc438107177,1,945493,945493,946729,946558,1236,1236,0,0,0,0
947335,a2307350-5047-1a3d-e3c4-43f16010ab93,1,936971,936971,947335,950361,10364,10364,0,0,0,0
947879,8c2b678e-1f50-e1aa-0088-b13a7d2194cb,8,943491,943491,947879,949126,4388,4388,0,0,0,0
948013,635d8150-d8dc-c3a5-309a-8327891d47fe,8,943498,943551,948013,949343,4462,4515,53,0,0,0
948879,d0d70956-2205-f294-7319-c9c052d61c9a,4,831015,831022,948879,1003463,117857,117864,7,0,0,0
954633,5c798b20-da7a-9b4f-f50b-1168505fc360,1,870109,870109,954633,918679,84524,84524,0,0,0,0
955605,c4100108-0256-8389-4cb3-46637a211151,1,944924,944924,955605,960220,10681,10681,0,0,0,0
955838,d4488069-5a9b-63f8-ba09-a484556ed0d1,1,937369,937369,955838,960054,18469,18469,0,0,0,0
955868,c6acdcaf-a4ba-0ef5-284a-f9d8428e31ed,4,515714,515743,955868,989772,440125,440154,29,0,0,0
957066,2f4d7d4a-53e7-ad02-48ff-eea5fb33740c,1,933909,933954,957066,954448,23112,23157,45,0,0,0
961176,43470982-6808-f471-ac87-ae14f8505ae9,1,960517,960517,961176,961026,659,659,0,0,0,0
961191,490ccf97-2b0c-456b-8ab2-0bf4196dedc0,1,960581,960581,961191,960922,610,610,0,0,0,0
961492,da55f825-5086-f384-733a-c54f62359144,1,960812,960812,961492,961667,680,680,0,0,0,0
962181,93432c76-d604-ae9f-31ed-10f544e928ac,2,831105,831105,962181,903580,131076,131076,0,0,0,0
963924,5f843666-831f-fc00-9490-029d3e1e0693,1,935262,935262,963924,974047,28662,28662,0,0,0,0
968842,bf00f56c-6a49-89a6-8ee2-5e54bfcb3388,4,829536,829536,968842,922879,139306,139306,0,0,0,0
971486,b8a1e477-e240-e060-0b20-802fc24f3f4c,8,954341,954341,971486,964457,17145,17145,0,0,0,0
975376,e43f05c8-40a5-82f7-b62b-9f628ced48ea,8,955240,955240,975376,976073,20136,20136,0,0,0,0
979697,e7c5d314-a969-e4fc-d141-70c1ca978f1d,8,971970,971970,979697,976173,7727,7727,0,0,0,0
983612,899fad03-ebd2-3573-6012-a24e3c168418,8,975698,975698,983612,984454,7914,7914,0,0,0,0
988074,2a29e752-f139-e895-aa25-a5788cea3275,4,515683,515683,988074,1008856,472391,472391,0,0,0,0
989907,fff446b9-bb46-8c13-f28a-030b532da8fe,1,989050,989054,989907,989877,853,857,4,0,0,0
990386,e1e669e5-c055-b921-635b-8f49823483a8,1,989277,989277,990386,990668,1109,1109,0,0,0,0
990436,068187e9-a46d-4b51-6d30-0e335d8c4fea,1,989095,989114,990436,990709,1322,1341,19,0,0,0
990414,e432f23e-1b59-200c-0106-c378969b1bad,1,989445,989470,990414,990458,944,969,25,0,0,0
990932,0cd19e0c-5dfa-8933-75d2-fda97d57d424,1,989410,989410,990932,991470,1522,1522,0,0,0,0
991719,f9012b9c-6057-153a-4067-f79084440504,1,990271,990271,991719,991834,1448,1448,0,0,0,0
991762,940bb34d-e9cc-edab-81b7-4f352cd3248d,1,990557,990557,991762,991374,1205,1205,0,0,0,0
992161,5170a2ef-e777-c664-6732-ceca2c78bc22,1,991315,991315,992161,992419,846,846,0,0,0,0
992378,eafd3e7b-fa5d-bd40-ed71-1fe9649a0bf9,1,990429,990456,992378,993231,1922,1949,27,0,0,0
992678,5f5e9c52-ef15-627d-aa21-ee30fcd77150,1,991474,991474,992678,992953,1204,1204,0,0,0,0
992751,67cbfc39-f54f-1b92-8442-906f2e16f0b6,1,991887,991887,992751,992374,864,864,0,0,0,0
992845,725687c2-0e54-5d51-cc44-5778f86e92d6,1,988994,988994,992845,991578,3851,3851,0,0,0,0
994137,9b99f012-7a09-071c-b4bd-feed52c2a44b,1,993449,993449,994137,993841,688,688,0,0,0,0
994152,6f6bbdf3-c673-f2e0-bdca-c10ff9e9cf93,1,990336,990336,994152,993242,3816,3816,0,0,0,0
994176,db992f51-c433-b3bd-d9cc-86568a03be43,1,990753,990753,994176,994990,3423,3423,0,0,0,0
994356,44d18524-cf0e-1567-882d-7fc1be3074f8,1,993664,993664,994356,994482,692,692,0,0,0,0
994423,bd9277a4-1d2a-e042-042a-2f6480e1be4d,1,993173,993173,994423,994059,1250,1250,0,0,0,0
995450,18bc2e3b-20f6-b8d8-9436-9f5d89cc6b08,1,993244,993244,995450,994827,2206,2206,0,0,0,0
995866,ebc095f5-571e-c230-6978-78c17c2257a0,1,994713,994713,995866,995771,1153,1153,0,0,0,0
996065,1641d960-dba0-bdec-a2b8-fdcc4e20c377,1,992785,992811,996065,996885,3254,3280,26,0,0,0
996166,69eb337c-059e-f8d8-cba2-0d387db4990d,1,993991,994029,996166,995138,2137,2175,38,0,0,0
996791,b4f136fc-fc7c-be71-c9c6-7b51ef13864b,1,994352,994352,996791,997467,2439,2439,0,0,0,0
996942,00926d61-368b-7d68-43c6-b5324b25c483,1,993970,994029,996942,998005,2913,2972,59,0,0,0
997343,c363f61f-9400-9191-d1d0-6bcd195efd72,1,994749,994773,997343,997487,2570,2594,24,0,0,0
998088,8356ed61-63ff-f4b5-866a-0c09b4cb22f4,1,996388,996446,998088,998055,1642,1700,58,0,0,0
998096,4496a883-4a7a-677b-076a-16e73c1fc9aa,1,997082,997082,998096,998231,1014,1014,0,0,0,0
998410,6b44312a-a565-cd41-28d1-41dbc94bcc99,1,997289,997348,998410,998854,1062,1121,59,0,0,0
998523,743de03a-e05c-1fb9-2e0e-f4aae65e0ac3,1,992892,992931,998523,1000753,5592,5631,39,0,0,0
998887,a89f5f9d-e12d-ef58-4482-0852489a4ca4,1,996977,997002,998887,998851,1885,1910,25,0,0,0
998919,94213090-4368-ae93-bded-cb7ad5ba304c,1,995258,995258,998919,998107,3661,3661,0,0,0,0
998919,b257e257-cc4a-e02c-cf49-94e07ab16533,1,998205,998208,998919,998834,711,714,3,0,0,0
998990,29fb832c-cbe6-8571-b622-e18ee83bcc84,1,997241,997288,998990,998118,1702,1749,47,0,0,0
999733,74d90398-c17a-608e-ff2d-a31889ee49ed,1,996130,996130,999733,999331,3603,3603,0,0,0,0
999719,a1230193-5c53-2042-6a3e-0103c13d8929,1,996629,996660,999719,999724,3059,3090,31,0,0,0
1000203,ce9205ae-cdb5-782a-678b-941fdcca9a71,8,960368,960368,1000203,989176,39835,39835,0,0,0,0
1001375,810e9d40-cc81-55da-8604-3d4131e7ca38,1,994782,994833,1001375,1001905,6542,6593,51,0,0,0
1001398,5422ea97-e32a-8787-1824-6315ad49e072,1,999444,999444,1001398,1001345,1954,1954,0,0,0,0
1002225,45d07382-28cb-b7ca-33b5-a667097913a0,1,993969,993969,1002225,1005816,8256,8256,0,0,0,0
1002348,323132fa-6181-92de-db37-0ca76ea5e341,1,997867,997867,1002348,1001351,4481,4481,0,0,0,0
1002511,780b8dc0-d9c0-847b-5f43-04e4fabdc4aa,1,999047,999067,1002511,1003839,3444,3464,20,0,0,0
1005165,9b4bf636-6035-e48d-90cc-7a42d660a275,1,998348,998348,1005165,1002159,6817,6817,0,0,0,0
1005482,2ed86804-57e2-3419-d8e6-650123755bc8,1,996630,996660,1005482,1002779,8822,8852,30,0,0,0
1006240,4d844cb6-7c99-d86e-b9d5-546c9a154b85,1,996386,996386,1006240,1007078,9854,9854,0,0,0,0
1006936,5cbe693e-5e7f-78d9-3c33-499fc4916b7f,1,997152,997152,1006936,1010854,9784,9784,0,0,0,0
1008182,145deec7-019d-c12d-81f1-0d042f576e77,1,994748,994773,1008182,1003661,13409,13434,25,0,0,0
1009601,d73aae7b-47cc-3a66-2638-d8bef83893a2,1,996600,996600,1009601,1011514,13001,13001,0,0,0,0
1012658,1a1940e4-935f-e6e2-db2c-1379b9d859f5,1,999477,999504,1012658,1018235,13154,13181,27,0,0,0
1013887,dbf11941-4ad6-53d0-9b81-ce242582bca6,8,974902,974902,1013887,1007126,38985,38985,0,0,0,0
1015234,e3157b34-62f5-63b1-e8cd-ea8a7710199d,1,1014535,1014535,1015234,1015480,699,699,0,0,0,0
1016184,e65664ac-9e54-a175-5b42-9d0e5a239f52,1,1014958,1014958,1016184,1015843,1226,1226,0,0,0,0
1016607,a1420851-cf47-3d72-24ce-3160551a7dcd,8,1001178,1001186,1016607,1009165,15421,15429,8,0,0,0
1016784,ec4014c6-da60-69f3-8e40-b29426b94955,1,1014895,1014895,1016784,1016436,1889,1889,0,0,0,0
1016848,4c91ef0e-644d-852c-ba36-96cc7ccd1ac6,1,1014571,1014595,1016848,1016281,2253,2277,24,0,0,0
1017275,22530aa4-15d1-52b0-76a6-b583dcac7b04,1,1015224,1015224,1017275,1017684,2051,2051,0,0,0,0
1017452,9bc88efe-4688-d612-0b64-e782718296af,1,1014705,1014715,1017452,1016258,2737,2747,10,0,0,0
1017902,bc2e2b59-2c7d-d667-f664-c7202fddb26a,1,1014604,1014655,1017902,1016453,3247,3298,51,0,0,0
1018222,5d1ddcb7-a5a7-e280-277f-ecc6196b58f1,1,1014615,1014655,1018222,1018871,3567,3607,40,0,0,0
1020122,366f4268-7c7d-d490-9ab7-f449ff169376,1,1014607,1014655,1020122,1021209,5467,5515,48,0,0,0
1020533,54e14f3a-bba4-1ae0-adf8-f7672261ddef,1,1014710,1014715,1020533,1020408,5818,5823,5,0,0,0
1021091,29cf4c70-e756-41e0-a657-41db61bc7c56,1,1014959,1015018,1021091,1022954,6073,6132,59,0,0,0
1021895,5513b74f-4ffc-1c54-5b0a-31ea9dc6d783,1,1014598,1014655,1021895,1024021,7240,7297,57,0,0,0
1027971,0496122f-5525-a0d1-48d4-0d840b653f5f,1,1014571,1014595,1027971,1027844,13376,13400,24,0,0,0
1028275,032a0c06-4f55-b58e-0618-93ec82d768c6,1,1014962,1015018,1028275,1024472,13257,13313,56,0,0,0
1028413,6fb0c665-4766-229e-0895-df3c7941a6a4,8,1017260,1017260,1028413,1028667,11153,11153,0,0,0,0
1029000,afe1d845-a18a-f249-d45a-1de3731dc76f,1,1025868,1025868,1029000,1029706,3132,3132,0,0,0,0
1029273,ea350f17-c157-a761-9162-f6dbb5d2bf7f,1,1014606,1014655,1029273,1026461,14618,14667,49,0,0,0
1029755,9399ad15-a37c-e1c5-c42b-266b1b02fa24,1,1024524,1024524,1029755,1027538,5231,5231,0,0,0,0
1030042,59518620-8769-ee24-1875-589a7d57a51f,1,1024874,1024874,1030042,1029002,5168,5168,0,0,0,0
1030048,f06b6c12-9c8b-9550-64e7-0f9a501a0ccf,1,1014963,1015018,1030048,1026625,15030,15085,55,0,0,0
1030249,a91decb2-51a3-d21b-f4d1-183f76f8ef17,1,1014669,1014715,1030249,1025556,15534,15580,46,0,0,0
1030278,f90fb6e4-e150-52f3-5195-8000c3f38c8c,1,1023013,1023013,1030278,1033358,7265,7265,0,0,0,0
1030338,3f569381-4119-0559-25b9-de82ae5a5f99,1,1023777,1023777,1030338,1032340,6561,6561,0,0,0,0
1030356,32167340-bf95-ff33-cdea-6f5237d7cab3,1,1022672,1022672,1030356,1027333,7684,7684,0,0,0,0
1031139,97d02f8f-affd-d43b-2c69-1f0442bbeaae,1,1030512,1030512,1031139,1030897,627,627,0,0,0,0
1031141,d5d4999b-39d8-8a14-69fa-c66650c74b31,1,1024112,1024112,1031141,1034638,7029,7029,0,0,0,0
1031149,ee7385d8-6c75-a765-3a31-4e67b5982577,1,1030512,1030512,1031149,1031134,637,637,0,0,0,0
1033439,7e64c44f-fe67-8797-f16c-084e6a7df379,8,993716,993724,1033439,1043810,39715,39723,8,0,0,0
1124057,7c9428af-461a-ef63-49b0-16e51e595d1f,8,1084958,1084958,1124057,1105776,39099,39099,0,0,0,0
1129834,7f85c4e7-1177-6f21-d48f-5ba30d87bc72,1,1112799,1112799,1129834,1134254,17035,17035,0,0,0,0
1140789,80e022c8-3b80-3c61-bde7-8473a3fdd59c,8,1139669,1139669,1140789,1140319,1120,1120,0,0,0,0
1161021,833c8f55-a129-8fa2-227d-4660293fc266,1,1157240,1157240,1161021,1162560,3781,3781,0,0,0,0
1161914,b770beaf-d5da-108b-ae94-c0b5aaf1c938,1,1082663,1082663,1161914,1123349,79251,79251,0,0,0,0
1162930,c7533bff-9fd8-8e61-c5b9-cf380459be16,1,1159575,1159575,1162930,1162568,3355,3355,0,0,0,0
1166382,d3d39ff9-dc25-55f1-5258-7a1a226e1ecb,1,1165534,1165534,1166382,1166395,848,848,0,0,0,0
1166396,64f22a7c-87f7-97fa-6cfa-855f089b5b49,1,1165581,1165594,1166396,1166421,802,815,13,0,0,0
1171395,0e60ec16-1f39-f9f9-9cd1-126b1b17dab8,8,1151565,1151609,1171395,1167956,19786,19830,44,0,0,0
1175980,b2879bdd-193d-ab13-ed11-b850273beecb,4,1172264,1172264,1175980,1174454,3716,3716,0,0,0,0
1182468,a60147c3-48e0-9502-4598-f3c8af449605,4,1172058,1172058,1182468,1186122,10410,10410,0,0,0,0
1184357,0f5f9707-a008-ac20-c272-88e6ff39a117,4,1179072,1179117,1184357,1185106,5240,5285,45,0,0,0
1185581,95dfe6cb-c75a-ec94-2e05-7f791cf8d03f,8,1162394,1162394,1185581,1193993,23187,23187,0,0,0,0
1185942,3dcead91-8e93-abd2-b269-eb4366fe47b3,1,1039768,1039768,1185942,1134598,146174,146174,0,0,0,0
1188292,7f2382b5-0d1b-293b-a9ce-f59399a9a788,8,1179057,1179057,1188292,1192713,9235,9235,0,0,0,0
1191388,f3b81fe4-194d-9447-a05b-e2306603854f,1,1170415,1170415,1191388,1184126,20973,20973,0,0,0,0
1191458,0858f527-792d-d499-7497-375c366fbddd,1,1170519,1170519,1191458,1187434,20939,20939,0,0,0,0
1191766,fc75de3d-d473-f3b5-452a-2da70e00583d,1,1188048,1188048,1191766,1192589,3718,3718,0,0,0,0
1191835,84fcfcb0-f5e9-0352-3745-39f2f1d188b9,1,1170811,1170870,1191835,1188590,20965,21024,59,0,0,0
1192125,a1b2a7e5-fb72-025b-f209-329d4aa7f4e2,1,1170810,1170810,1192125,1195451,21315,21315,0,0,0,0
1196764,22c0c475-a549-76d0-091a-5875cc18dd0e,8,1190495,1190495,1196764,1197558,6269,6269,0,0,0,0
1198041,69d445f3-54dd-528c-5fb6-98a5e9209b3a,4,1188626,1188626,1198041,1202464,9415,9415,0,0,0,0
1198842,30e4541b-f07c-fca7-ebac-d8e1ff7661bb,8,1159210,1159210,1198842,1191222,39632,39632,0,0,0,0
1200939,5b182716-b9c6-b26b-6401-118dc078bc3e,1,1198100,1198101,1200939,1201306,2838,2839,1,0,0,0
1203195,df3334c6-9823-3b06-d91e-a7e6afe2a940,1,1202439,1202439,1203195,1203287,756,756,0,0,0,0
1204160,46a3110a-9813-9b31-2d38-9d1f6716d461,1,1201307,1201307,1204160,1203120,2853,2853,0,0,0,0
1209006,8706f724-bf83-f2d4-23de-67fcbe59d035,1,1202012,1202012,1209006,1206727,6994,6994,0,0,0,0
1209503,58d0202b-75d5-a115-9ce8-b890cc6b3a6e,1,1202443,1202499,1209503,1207124,7004,7060,56,0,0,0
1211913,5e331ed8-48f0-fcb2-5398-6e7f9f2c7e7f,1,1206967,1206967,1211913,1213157,4946,4946,0,0,0,0
1223236,f205da82-a9f3-531b-1d05-3081f9e34f60,8,1200347,1200347,1223236,1228793,22889,22889,0,0,0,0
1228539,8bc2d46d-0e80-7f03-9e5f-83786633427e,1,1187353,1187353,1228539,1219971,41186,41186,0,0,0,0
1228828,0a872ac2-8f3f-5995-e468-eb64f7d2a2ee,1,1227046,1227046,1228828,1228252,1782,1782,0,0,0,0
1229066,5e24296e-b736-3ad9-79a8-226b5ced7017,1,1228303,1228303,1229066,1228892,763,763,0,0,0,0
1230182,1f683d6f-988c-89db-ed5c-ea4e758964f5,1,1229548,1229581,1230182,1230084,601,634,33,0,0,0
1230458,76e51a12-79c6-c757-f7fe-b7351cc6f0a0,1,1228304,1228363,1230458,1229857,2095,2154,59,0,0,0
1230605,3c8aae87-9606-006a-98d5-4b7ec08bd631,1,1228497,1228497,1230605,1230930,2108,2108,0,0,0,0
1230856,39d11950-8a45-e02e-11f2-0d9bc90ec689,1,1228584,1228617,1230856,1230889,2239,2272,33,0,0,0
1232079,9594eea8-4381-6e47-df3c-5c8a651076d6,1,1231021,1231076,1232079,1231554,1003,1058,55,0,0,0
1232829,007fb3cb-cf73-5afa-72af-6a55b08e8dd4,1,1229521,1229521,1232829,1234052,3308,3308,0,0,0,0
1232868,c84bbdf5-603f-4ddc-2ef1-7a908bbb8f3f,1,1231016,1231016,1232868,1231949,1852,1852,0,0,0,0
1234195,2ba4d656-610c-5ade-7ed9-9a6b6c3786c2,1,1233325,1233325,1234195,1234324,870,870,0,0,0,0
1235978,e8c44e4c-5ce1-bcc2-16c7-02a1a3e2ac17,4,1183463,1183463,1235978,1259314,52515,52515,0,0,0,0
1236199,2e44d349-9122-5311-374e-5dff06906169,1,1234858,1234858,1236199,1236031,1341,1341,0,0,0,0
1236328,cc2b2f49-c6d5-3a90-9296-ae08a2dcb574,1,1233141,1233141,1236328,1236163,3187,3187,0,0,0,0
1236471,61a93ecf-ec0d-d9ba-0b94-729c03fde24e,1,1235271,1235271,1236471,1236505,1200,1200,0,0,0,0
1237276,0aa5aaf2-677f-33b8-cb47-1eca30370fff,1,1232838,1232840,1237276,1239248,4436,4438,2,0,0,0
1237468,95eb44d9-8459-f302-cd1d-036e0d08da99,1,1235003,1235003,1237468,1238423,2465,2465,0,0,0,0
1238722,3768d6aa-fd34-d21e-3b59-475ec88a9a74,8,1215161,1215161,1238722,1228747,23561,23561,0,0,0,0
1238909,1f8424bd-708c-4f1a-f1c3-5294e61cf9a3,1,1231050,1231076,1238909,1236018,7833,7859,26,0,0,0
1239437,d972c236-db84-7c06-d84d-6427adaad2f9,1,1237972,1237972,1239437,1239670,1465,1465,0,0,0,0
1239786,bf4113cb-32e1-5f17-6b47-ed615372ebed,1,1236809,1236846,1239786,1238257,2940,2977,37,0,0,0
1241680,dbb24c33-a045-6992-d793-30f16f8fd55c,1,1164619,1164619,1241680,1229547,77061,77061,0,0,0,0
1242249,8513176c-1efc-1c94-e141-10b69a920655,1,1233249,1233249,1242249,1245529,9000,9000,0,0,0,0
1243526,1a85fd69-344c-96cc-3f48-e5f018cc0e29,1,1236726,1236726,1243526,1241871,6800,6800,0,0,0,0
1244262,a0ee404f-9ea8-fcb1-4732-68c98c1e9464,1,1232213,1232213,1244262,1245382,12049,12049,0,0,0,0
1244906,fd561b27-2833-79b8-641f-79aa692e33b9,1,1237999,1238032,1244906,1245709,6874,6907,33,0,0,0
1245798,66b1f859-adb5-d5e6-7b88-e4ef567f3096,64,1233744,1233744,1245798,1247566,12054,12054,0,0,0,0
1246685,665ec4dd-222e-c711-ef6d-5b4bc356dee2,1,1245753,1245786,1246685,1246909,899,932,33,0,0,0
1248613,9b23854f-a3df-f5f0-297e-86fe3f8b015e,1,1242714,1242767,1248613,1248079,5846,5899,53,0,0,0
1250845,de3e0557-910a-a60d-c063-3a98ea5dc3de,1,1236755,1236786,1250845,1251187,14059,14090,31,0,0,0
1252622,7f843004-c4ac-41b5-3f04-2c7b13ab7d2c,8,1247525,1247525,1252622,1253836,5097,5097,0,0,0,0
1254230,e94f03ec-0f40-76a2-1c33-345debc05f02,1,1236733,1236786,1254230,1254778,17444,17497,53,0,0,0
1257690,31ab0158-2cf6-073b-d500-c14707743c94,8,1231504,1231504,1257690,1252042,26186,26186,0,0,0,0
1260343,0c906c01-3b44-dabc-142e-c8b0cce52711,1,1259554,1259554,1260343,1260538,789,789,0,0,0,0
1271427,371831f3-d527-189b-db28-65da4cb9be7b,1,1268375,1268375,1271427,1271208,3052,3052,0,0,0,0
1271934,f9a55cf2-a66c-0fa1-b5dc-8a9afb38cd91,8,1205677,1205677,1271934,1265756,66257,66257,0,0,0,0
1276183,89fd911f-2e06-e33a-8498-a96b0d8660ca,1,1275466,1275525,1276183,1275939,658,717,59,0,0,0
1276233,d1b60755-81d1-d226-3cc5-6af30eac5e90,1,1275490,1275525,1276233,1276136,708,743,35,0,0,0
1276191,c4ddfe54-917c-4f11-b81e-d083929614b5,1,1275490,1275525,1276191,1276333,666,701,35,0,0,0
1277441,68a650ce-f7fb-68d5-0e28-a0886771dc17,8,1272417,1272417,1277441,1276896,5024,5024,0,0,0,0
1277822,6dd013f3-87a2-0e22-b298-b8110b1ec578,1,1264025,1264025,1277822,1281781,13797,13797,0,0,0,0
1279233,ec257a75-421d-4dca-2a95-59080e503fd8,1,1275466,1275525,1279233,1277513,3708,3767,59,0,0,0
1279316,9be5662a-dc97-9a81-3dee-d56a21ddd27e,1,1275468,1275525,1279316,1279945,3791,3848,57,0,0,0
1279865,3eaf5f08-28c5-b1e3-e8ac-4518eb8f54d8,1,1209383,1209383,1279865,1288713,70482,70482,0,0,0,0
1280188,b82d40de-f2d7-8d53-8870-2ae78eadda9a,1,1209528,1209563,1280188,1249441,70625,70660,35,0,0,0
1286062,6c8de840-ed30-5556-62a5-3193a6a1cc2b,1,1275465,1275465,1286062,1283303,10597,10597,0,0,0,0
1286816,dd91cf6b-b102-0282-b5b2-e008e0516aaa,1,1285726,1285726,1286816,1287266,1090,1090,0,0,0,0
1288206,459df649-cdf9-d1d6-b22e-d234404c86f1,1,1245589,1245589,1288206,1269979,42617,42617,0,0,0,0
1288521,34943114-def1-4d58-1e39-2331a142d68f,1,1245792,1245846,1288521,1299123,42675,42729,54,0,0,0
1288853,7e4b4f10-745f-780e-fbe5-403bb24b007b,1,1286792,1286792,1288853,1289266,2061,2061,0,0,0,0
1289159,7c781b98-9f32-fd3e-f358-206db49bc1ef,1,1245482,1245482,1289159,1297467,43677,43677,0,0,0,0
1289377,18e9ef77-64ce-4589-8c4a-62badb335860,1,1245855,1245906,1289377,1271308,43471,43522,51,0,0,0
1289409,4165964c-0b21-a308-86dc-4e34a9dcfe52,1,1246530,1246530,1289409,1306267,42879,42879,0,0,0,0
1289579,2f8a637d-f330-dc59-750d-456e19412cae,1,1245135,1245135,1289579,1275246,44444,44444,0,0,0,0
1289670,4e583dde-807a-b658-9272-dc48eb4d6df5,1,1245196,1245196,1289670,1303740,44474,44474,0,0,0,0
1290002,97f971d5-94f8-9e6c-c416-c07cb6a787b1,1,1286421,1286421,1290002,1288937,3581,3581,0,0,0,0
1290299,a8b97820-e92c-5b92-6279-67a3753439c0,1,1245965,1245966,1290299,1303309,44333,44334,1,0,0,0
1290722,97266a28-dd7d-8ff7-732f-4bd725acf1b6,1,1287614,1287614,1290722,1291127,3108,3108,0,0,0,0
1290956,60b217f9-65f3-5984-5c0d-8fccf8f960bd,1,1290265,1290320,1290956,1290917,636,691,55,0,0,0
1291029,f2a83faa-f11a-31f5-4826-80f934010b60,1,1287535,1287535,1291029,1291547,3494,3494,0,0,0,0
1291593,55eef366-bc76-b752-cdcb-e8184dfa6a17,1,1290317,1290320,1291593,1291708,1273,1276,3,0,0,0
1291998,61e561bb-ca79-bb30-6d70-881b52647c6f,1,1290260,1290260,1291998,1292606,1738,1738,0,0,0,0
1292710,08825d14-341b-2c09-18a0-f6c0ab2d2fef,1,1291086,1291097,1292710,1292764,1613,1624,11,0,0,0
1293139,612a9cc6-cfff-0d34-caa8-1f139cdd39a7,1,1292223,1292223,1293139,1293542,916,916,0,0,0,0
1294078,1b2765f6-f383-24f7-eddc-ac0a97206c66,1,1292427,1292471,1294078,1294722,1607,1651,44,0,0,0
1294288,0d394b57-a4d4-df15-6d54-a50182866d40,1,1292231,1292283,1294288,1294068,2005,2057,52,0,0,0
1294328,fc1bb61a-a36d-4d54-05ec-8e9fa09fc700,1,1290643,1290643,1294328,1295458,3685,3685,0,0,0,0
1294637,e5141d91-8127-8cf9-803b-d70b054dc5a9,1,1291558,1291558,1294637,1295993,3079,3079,0,0,0,0
1295226,13106665-aec2-bb19-fbc3-98d82d6bc882,1,1288628,1288628,1295226,1294766,6598,6598,0,0,0,0
1296205,f5ed7ddf-783f-1cd0-e0b2-f35699b62656,1,1292755,1292770,1296205,1297035,3435,3450,15,0,0,0
1296817,f5504c52-49d2-cac0-2dc6-9c90e5dfc7af,1,1292363,1292411,1296817,1296990,4406,4454,48,0,0,0
1298915,83b5ad03-c4bd-23eb-a7cc-427447808b87,1,1295035,1295084,1298915,1298178,3831,3880,49,0,0,0
1300844,d2524487-6b70-9287-29fe-ba149adda7c8,1,1296698,1296698,1300844,1300337,4146,4146,0,0,0,0
1301916,b360e8af-91aa-fb5c-eb0c-bd6ca6032997,1,1197151,1197151,1301916,1313569,104765,104765,0,0,0,0
1303351,c481ea69-f83b-f029-b6ac-204884308e0c,1,1290917,1290917,1303351,1307476,12434,12434,0,0,0,0
1303763,851b9860-31e6-a645-c53f-4f7e96b6a287,1,1276271,1276303,1303763,1296099,27460,27492,32,0,0,0
1304017,785e02ee-4cac-895c-f2e2-503ab2d515d1,1,1248352,1248352,1304017,1278122,55665,55665,0,0,0,0
1304252,e466c937-6da7-c95b-5d4f-97154c9df049,8,1298559,1298559,1304252,1305102,5693,5693,0,0,0,0
1307064,635a11f2-5c7a-f83d-ca9d-2704e860bcb1,1,1295024,1295024,1307064,1310834,12040,12040,0,0,0,0
1307479,c4596172-9fdf-4b1b-5e05-b8b14e45a736,1,1248241,1248241,1307479,1300763,59238,59238,0,0,0,0
1307549,3a5b171c-b7a4-c108-8dac-20f90abd99fd,1,1242707,1242707,1307549,1285208,64842,64842,0,0,0,0
1308565,d4701dd2-ada5-beb9-0d52-7b893c8b966c,1,1307806,1307806,1308565,1308206,759,759,0,0,0,0
1309249,79900a27-6c7c-eeb7-8bb5-f24251057c35,1,1308605,1308625,1309249,1309279,624,644,20,0,0,0
1311808,af32baf8-811d-b4af-e8ca-7483dc0e3375,1,1246365,1246365,1311808,1301714,65443,65443,0,0,0,0
1314852,e8724434-69b6-175e-76c5-3d2be9fdd358,1,1296738,1296758,1314852,1313431,18094,18114,20,0,0,0
1314996,85e620fe-a44e-b3e1-c5ba-136f594ed61a,1,1245726,1245726,1314996,1297315,69270,69270,0,0,0,0
1315950,58e9bbad-35b1-773c-6d56-cfd579ab3018,4,1220314,1220316,1315950,1343304,95634,95636,2,0,0,0
1315981,da7bf28b-9a23-3be3-ebf6-dd3256d2bb12,4,1220373,1220376,1315981,1289512,95605,95608,3,0,0,0
1317147,1966d047-db64-2c52-e7e7-eec3ecd5afa3,4,1220252,1220256,1317147,1269141,96891,96895,4,0,0,0
1317560,d30606ae-69ed-5072-bb81-c774c67651b3,1,1248381,1248412,1317560,1331566,69148,69179,31,0,0,0
1320379,f85bc2d3-0119-6e6d-27f3-1b7851f9cd77,1,1248427,1248472,1320379,1353617,71907,71952,45,0,0,0
1320775,f77e1ee6-0c15-cb28-0728-971988c75e8a,1,1292351,1292351,1320775,1321015,28424,28424,0,0,0,0
1321396,fc267da6-4a64-0fc1-6843-a5c38dcd6e9b,4,1220196,1220196,1321396,1326768,101200,101200,0,0,0,0
1323561,6680c5e3-363c-bc32-be3e-14022008bd4c,4,1220539,1220539,1323561,1342791,103022,103022,0,0,0,0
1325925,8fffe845-6257-ae9c-8260-1132c02fb24f,1,1323925,1323925,1325925,1326049,2000,2000,0,0,0,0
1326693,e1ccff0d-8078-636d-01b0-62c19aad9234,1,1325442,1325442,1326693,1326740,1251,1251,0,0,0,0
1327442,5436deb3-f229-c37b-a169-d799062e5424,1,1326375,1326375,1327442,1327509,1067,1067,0,0,0,0
1327852,d24289ea-3959-7465-05c5-581054b728fa,1,1325186,1325186,1327852,1327013,2666,2666,0,0,0,0
1328010,f34574ae-0519-78bf-8a2e-30d69adebcc2,1,1327041,1327041,1328010,1328200,969,969,0,0,0,0
1328929,19a12723-287d-ff8e-2b74-18988673cf07,1,1275595,1275595,1328929,1316820,53334,53334,0,0,0,0
1331041,17841919-3c29-d9ed-b6bf-1f51f0abe316,1,1309987,1309987,1331041,1334594,21054,21054,0,0,0,0
1331511,3664cafa-0f6d-a751-7e9e-7b8af8c59ac6,1,1330556,1330556,1331511,1331650,955,955,0,0,0,0
1331958,c5a24d77-7cc3-4e98-df39-7fa5ce96cc5e,8,1308731,1308731,1331958,1328304,23227,23227,0,0,0,0
1333189,47198f5c-f69b-d596-3f10-938caec7f267,1,1331176,1331176,1333189,1333820,2013,2013,0,0,0,0
1333272,b0c5d3d5-c755-2c99-c349-95ff67432c04,1,1330828,1330828,1333272,1332382,2444,2444,0,0,0,0
1333283,078d27e5-378a-8ba6-e608-d6d31d62c6b5,4,1141089,1141089,1333283,1405922,192194,192194,0,0,0,0
1333856,a5fcd671-125d-f206-02f8-65f8226001c6,1,1332010,1332018,1333856,1333205,1838,1846,8,0,0,0
1334346,f6121d2c-ae73-00eb-639d-8fe7790b185c,1,1331692,1331692,1334346,1333983,2654,2654,0,0,0,0
1335070,cf3b6e13-781f-018a-0ae2-e88e7a1b2bb4,1,1334013,1334013,1335070,1335003,1057,1057,0,0,0,0
1335154,f1758208-2e29-2386-6e89-6265847aefa5,1,1332040,1332078,1335154,1334697,3076,3114,38,0,0,0
1335785,9cfa2010-ff51-cc96-27be-a2b29a7f326f,1,1331866,1331866,1335785,1336676,3919,3919,0,0,0,0
1336276,7ef74fdb-17fc-2335-7aa0-3208e6f47dcf,1,1240150,1240161,1336276,1294160,96115,96126,11,0,0,0
1336722,96b93974-f587-03c5-199a-e3daaae39bc0,1,1335178,1335190,1336722,1336754,1532,1544,12,0,0,0
1344168,cb21aa80-19d4-d39a-7dff-e27d9b125dfb,4,1151549,1151549,1344168,1378191,192619,192619,0,0,0,0
1369570,efe5f873-da60-314c-1f16-bfe5df8b6c1c,8,1305636,1305636,1369570,1382606,63934,63934,0,0,0,0
1428031,9496634f-d438-231d-aa0a-2259859f02bb,4,1426287,1426287,1428031,1428793,1744,1744,0,0,0,0
1428067,b9d9c1dc-1f9b-d2b4-66c4-ce9be483f4f1,4,1426388,1426407,1428067,1427595,1660,1679,19,0,0,0
1428096,1bf2235c-5987-e1e6-3c15-17fc99bf88ed,4,1426342,1426347,1428096,1427461,1749,1754,5,0,0,0
1457168,a52aea24-9248-9bee-858f-ab602bbe35ea,32,1454918,1454918,1457168,1457218,2250,2250,0,0,0,0
1468952,040ebf47-78ab-2513-e03d-b91863c279aa,1,1427529,1427538,1468952,1449230,41414,41423,9,0,0,0
1469186,8047c7e1-da44-ae00-964e-81dd27e78bba,1,1460002,1460002,1469186,1468453,9184,9184,0,0,0,0
1470029,15bebdd0-97b0-27ce-4fe5-c13ba5e8c198,1,1427833,1427833,1470029,1471598,42196,42196,0,0,0,0
1470823,407c4370-4886-274c-b9aa-06f5382bab11,8,674552,674607,1470823,1097498,796216,796271,55,0,0,0
1471195,5e15433b-68b1-211a-6eb8-b0e277b16be3,1,1458535,1458535,1471195,1475852,12660,12660,0,0,0,0
1471397,1b9ec5f9-dd41-9a67-5c37-5254a8fc5690,1,1429100,1429159,1471397,1470350,42238,42297,59,0,0,0
1471498,7a37f3d6-77eb-6d89-b142-de87d109ffe5,1,1428817,1428817,1471498,1477258,42681,42681,0,0,0,0
1471561,129543a4-fcc3-bcc7-fd67-eb3e836d2c1f,1,1461224,1461224,1471561,1475040,10337,10337,0,0,0,0
1471668,23a49571-33cb-59ef-15c0-4765b51bd20f,1,1428845,1428877,1471668,1456649,42791,42823,32,0,0,0
1471779,4f3e2a2c-ded6-4d2a-c42d-5f032482e8d1,1,1429457,1429457,1471779,1466569,42322,42322,0,0,0,0
1472291,e3e492f3-911c-dbb8-3ad4-d4c4a0493ed9,1,1421890,1421890,1472291,1462484,50401,50401,0,0,0,0
1472671,0fb97b5d-520b-28f6-48d0-e602fa4ffba8,1,1421977,1421977,1472671,1495070,50694,50694,0,0,0,0
1473209,9f8d367d-6cfa-f2dd-ee28-dccd9abbe46b,1,1421384,1421384,1473209,1448918,51825,51825,0,0,0,0
1473336,edba84d1-e110-4d91-0244-bc44b25c5b50,1,1420983,1420983,1473336,1491137,52353,52353,0,0,0,0
1473723,3e72e402-3a43-17a1-352d-ed780f94db38,1,1420693,1420693,1473723,1488303,53030,53030,0,0,0,0
1473726,4e653eee-251d-d64e-5eec-2af44db9eacb,1,1421151,1421151,1473726,1469764,52575,52575,0,0,0,0
1473897,b0427c62-ce9f-b278-5f94-2c43b989a884,1,1422488,1422488,1473897,1487773,51409,51409,0,0,0,0
1474083,b905a7b6-b97e-e830-1e01-86462c64f73d,1,1421656,1421656,1474083,1472261,52427,52427,0,0,0,0
1474181,d4575305-73b0-220d-5f20-19ea3cd61f5e,1,1431097,1431152,1474181,1457930,43029,43084,55,0,0,0
1474329,dcdbf14e-5ca5-9057-9e71-9a56187ebca4,1,1424121,1424121,1474329,1486369,50208,50208,0,0,0,0
1474799,36903edb-9fb9-38e0-776e-f3e63af33cc5,1,1460303,1460303,1474799,1478214,14496,14496,0,0,0,0
1474952,bcc9c2e6-9d2f-5a3e-a7b4-f9c831b5efb0,1,1432083,1432136,1474952,1477343,42816,42869,53,0,0,0
1475766,55f01600-e17f-348d-9ed6-270514b9bb4d,1,1432566,1432566,1475766,1490747,43200,43200,0,0,0,0
1476941,a2e768d7-59b7-463f-1117-f840280d4e22,1,1424899,1424899,1476941,1468979,52042,52042,0,0,0,0
1479929,fdc56285-8f50-b11f-7c42-049476d32b96,8,1478287,1478287,1479929,1479435,1642,1642,0,0,0,0
1481373,6b6a838e-498a-9d9d-c391-59b8c145217f,1,1458386,1458386,1481373,1474438,22987,22987,0,0,0,0
1481963,351d1137-d518-5b72-30ac-cfda7f055b10,1,1446944,1446944,1481963,1467910,35019,35019,0,0,0,0
1482251,9bd65068-ba8d-6f8c-fe05-fcef842c49fa,1,1447375,1447375,1482251,1488708,34876,34876,0,0,0,0
1482859,8f1c5f8c-f1ae-8af9-2826-a561bf1a61d7,1,1447881,1447881,1482859,1470017,34978,34978,0,0,0,0
1483096,5b9facde-b409-b855-63f2-fc26405a8f9e,1,1446810,1446810,1483096,1477126,36286,36286,0,0,0,0
1483158,65637d1f-5763-7902-5552-0712af92ef22,1,1446681,1446681,1483158,1482958,36477,36477,0,0,0,0
1483262,c51b2922-ca91-6df7-3174-5b78c705dd1e,1,1447242,1447242,1483262,1500644,36020,36020,0,0,0,0
1485509,0e721365-a4e6-0afd-e6cc-d201335dc080,8,1478444,1478444,1485509,1486697,7065,7065,0,0,0,0
1485511,e2ed8686-b334-22cb-9a3f-0ad169a9aff9,8,1478444,1478444,1485511,1485378,7067,7067,0,0,0,0
1487633,b01ba134-544e-e743-4383-9f121335f6c3,1,1463171,1463171,1487633,1476438,24462,24462,0,0,0,0
1489413,075dacd4-255c-82c7-cade-e3ec68950908,4,1471122,1471143,1489413,1492564,18270,18291,21,0,0,0
1490938,dafa1c94-4ee2-6290-eb59-003a53bc0611,1,1489878,1489878,1490938,1490999,1060,1060,0,0,0,0
1491020,cff14c0e-c7eb-7d43-ba4e-f72fd8139af7,1,1490408,1490408,1491020,1490943,612,612,0,0,0,0
1491213,06e2ac94-9620-3553-f860-b58fbd8cc32e,1,1490482,1490528,1491213,1491303,685,731,46,0,0,0
1491531,48a05e4f-b064-672a-394a-6d319b428238,1,1490047,1490047,1491531,1491253,1484,1484,0,0,0,0
1491598,16d4fdff-f260-2a26-3025-f0410aa86e33,1,1490416,1490468,1491598,1491489,1130,1182,52,0,0,0
1491823,2598bc54-eba2-a67c-9c43-3e67871d5bfc,1,1490679,1490679,1491823,1491932,1144,1144,0,0,0,0
1491997,ae742530-ceb6-bfdc-3734-a78de2682c9f,1,1490531,1490588,1491997,1491456,1409,1466,57,0,0,0
1492097,15a905b4-08f6-1b3f-c0c9-1cd8d9f8a24e,1,1456965,1456965,1492097,1507762,35132,35132,0,0,0,0
1492150,c997f2fa-997d-cd9a-dd55-4b7d3bad3a0d,1,1490952,1490998,1492150,1492423,1152,1198,46,0,0,0
1492311,2a064fd2-4fbc-0984-7792-2d9eb998e2d3,1,1491506,1491506,1492311,1492609,805,805,0,0,0,0
1492575,f77fa3a7-802a-a6eb-32e9-7c2d2fb90ccf,1,1491788,1491788,1492575,1492767,787,787,0,0,0,0
1492685,462e9af3-9962-2263-2abc-42b1059997f6,1,1458104,1458104,1492685,1507390,34581,34581,0,0,0,0
1492732,1deb979d-8d0b-b6d7-ad91-f45623b13ebd,1,1489926,1489938,1492732,1493139,2794,2806,12,0,0,0
1492734,74fa65ce-489a-c27e-6281-03f01d9fff25,1,1491308,1491308,1492734,1493401,1426,1426,0,0,0,0
1492910,d1ad3e51-89f9-0de9-f798-0131a885a7b4,1,1477687,1477687,1492910,1492000,15223,15223,0,0,0,0
1492997,1daf7374-a255-80ef-bdf7-f8f04236d2f9,1,1491143,1491143,1492997,1493829,1854,1854,0,0,0,0
1492993,1d2467e2-0191-d19d-c45c-3fbb52ecac27,1,1492173,1492207,1492993,1493260,786,820,34,0,0,0
1493055,04b40ac9-2831-7f0d-be90-63fb64b5d9a5,1,1491432,1491432,1493055,1493787,1623,1623,0,0,0,0
1493384,cdeb8ab9-9ece-bb21-e9f4-07eee9320c6a,1,1492643,1492643,1493384,1493077,741,741,0,0,0,0
1493508,e212f7e1-8f63-c2bb-ae41-115540bf6f6b,1,1491829,1491848,1493508,1493127,1660,1679,19,0,0,0
1494231,00231f70-0a77-b5cc-2e87-46510c2ca7fa,1,1457616,1457616,1494231,1505201,36615,36615,0,0,0,0
1494253,487f70f0-e5e4-b935-53bd-99f9c5f4656a,1,1492327,1492327,1494253,1493905,1926,1926,0,0,0,0
1494256,4526ed62-13d8-a6e6-3f5c-022a9a86013d,1,1492927,1492970,1494256,1494242,1286,1329,43,0,0,0
1494381,c4d6afc4-4e63-64bc-c9b9-f6c0a3d853ec,1,1458004,1458004,1494381,1500978,36377,36377,0,0,0,0
1494583,8257909d-5e3c-ff18-e1b3-9d6494e2a33d,1,1459055,1459055,1494583,1497830,35528,35528,0,0,0,0
1494628,c362f40b-d309-0fc5-2cfc-4fb4268c3b15,1,1492259,1492267,1494628,1493983,2361,2369,8,0,0,0
1494843,36e90637-e921-26db-0b72-d0efb2fdaa38,1,1492087,1492087,1494843,1494843,2756,2756,0,0,0,0
1494900,c82e27a3-1028-7c78-434b-033d84e1f69e,4,1476559,1476559,1494900,1489083,18341,18341,0,0,0,0
1495242,a028dc87-d6fb-3a95-69db-b362c0dfb921,1,1494459,1494459,1495242,1494905,783,783,0,0,0,0
1495259,d2eba277-f64d-4de0-a92a-988036841339,1,1490144,1490144,1495259,1493192,5115,5115,0,0,0,0
1496183,0182c481-3bd1-4558-af2f-5f8b1a9226d6,1,1494829,1494877,1496183,1495891,1306,1354,48,0,0,0
1496210,e8fb5a96-3b85-f6e1-c40f-54057a25ed81,1,1471680,1471728,1496210,1495891,24482,24530,48,0,0,0
1496213,abfe1fb5-a6c2-b716-f7bd-77509a7650dd,1,1471742,1471788,1496213,1499618,24425,24471,46,0,0,0
1496359,215bdef5-dcaa-5893-c53d-1af98d40aeb2,1,1495511,1495553,1496359,1495966,806,848,42,0,0,0
1496396,3c48c936-4305-4a31-f9e3-89054a4a15ea,1,1472023,1472038,1496396,1485984,24358,24373,15,0,0,0
1496495,e97f995d-9bc8-d6f6-0484-a1b355c974a4,1,1471949,1471978,1496495,1487551,24517,24546,29,0,0,0
1496637,e6a98352-de8c-5a13-5bdf-d4cea125151b,1,1471949,1471978,1496637,1485408,24659,24688,29,0,0,0
1496675,cffe7547-a347-cf55-b94b-a015fa126797,1,1472024,1472038,1496675,1494350,24637,24651,14,0,0,0
1496657,9ca4364d-5d9a-d9f1-908e-3a956c6e8796,1,1493146,1493150,1496657,1497936,3507,3511,4,0,0,0
1496671,d0013b99-2fc2-8f20-63ba-24b1408eff3d,1,1493376,1493394,1496671,1496373,3277,3295,18,0,0,0
1496739,e55b93ad-8976-b471-dd7f-57d1e45def26,1,1472349,1472351,1496739,1500347,24388,24390,2,0,0,0
1496698,091e11df-a2cf-c32d-4c34-f9de531b1e76,1,1494624,1494643,1496698,1495946,2055,2074,19,0,0,0
1496859,82fce908-17c3-05fc-36b7-4e2748af7f10,1,1472505,1472505,1496859,1507962,24354,24354,0,0,0,0
1496963,55af47da-31d1-d6cb-6450-dd3c01521e60,1,1472308,1472351,1496963,1485672,24612,24655,43,0,0,0
1496986,dcad8ec2-963a-4333-e582-95dc75f1c654,1,1493675,1493675,1496986,1496666,3311,3311,0,0,0,0
1497013,a05095fa-deba-0297-41e1-5f65a7610e80,1,1495493,1495493,1497013,1497270,1520,1520,0,0,0,0
1497030,109efb40-8ceb-ac57-d7e3-23cf6d651847,1,1472508,1472565,1497030,1504827,24465,24522,57,0,0,0
1497092,9e541d3e-65e1-7146-2d8b-62b689cb09aa,1,1496257,1496258,1497092,1497140,834,835,1,0,0,0
1497267,a832a228-8c65-d01b-1521-e8251177fdd5,1,1493546,1493574,1497267,1498739,3693,3721,28,0,0,0
1497390,e3d21a33-8d3b-c1df-5672-67353798fc80,1,1460952,1460952,1497390,1482432,36438,36438,0,0,0,0
1497643,2ecaf629-44e2-2691-92de-d495e4f1e8e8,1,1495783,1495783,1497643,1497713,1860,1860,0,0,0,0
1497676,8ae0b8a0-80ff-2909-2d85-2212f554e1f8,1,1473400,1473456,1497676,1491235,24220,24276,56,0,0,0
1497791,f3402dd3-4515-75b9-ece9-504b03d7f962,1,1473383,1473396,1497791,1487600,24395,24408,13,0,0,0
1497826,db19de67-bc3a-8abb-a5aa-9765a8d3bb7d,1,1494817,1494817,1497826,1497241,3009,3009,0,0,0,0
1497927,a05ff5e6-c534-6e41-76d6-dc3938227b0d,1,1473444,1473456,1497927,1504512,24471,24483,12,0,0,0
1497970,ede02d33-a36d-7567-33a4-4f408d3ba57f,1,1473350,1473396,1497970,1489878,24574,24620,46,0,0,0
1498008,7eca5b2d-341f-ab4a-b6ca-f84012adbc1b,1,1495195,1495195,1498008,1497371,2813,2813,0,0,0,0
1498657,0eb5e5a7-98f3-f640-f6a9-e3e3b62bccb1,1,1474060,1474081,1498657,1494816,24576,24597,21,0,0,0
1498745,ce3fde9a-12aa-5ab4-7e59-a0d13c5168b0,1,1460352,1460363,1498745,1506274,38382,38393,11,0,0,0
1498706,c4af9dc9-416c-0562-2ec3-641124df6dcc,1,1474063,1474081,1498706,1487269,24625,24643,18,0,0,0
1498932,ff03f1a9-72ed-257b-435b-66254e7fb47f,1,1491339,1491368,1498932,1501010,7564,7593,29,0,0,0
1499548,bf06d520-d88a-617b-2543-38df173d5030,1,1492930,1492970,1499548,1498432,6578,6618,40,0,0,0
1499637,8914bc96-5cb2-7033-35e0-edd684c62e4b,1,1494483,1494519,1499637,1501725,5118,5154,36,0,0,0
1499793,1667b920-926e-6991-aa82-cac85b74c4d1,1,1497803,1497851,1499793,1500670,1942,1990,48,0,0,0
1499887,3503ae05-1efe-ce73-4bb8-815707f6008e,1,1458271,1458271,1499887,1514652,41616,41616,0,0,0,0
1499998,9267e278-9bd7-b9be-e265-eddaea02cc7d,16,1166533,1166533,1499998,1451626,333465,333465,0,0,0,0
1500185,d97e8d3c-04c4-f46a-e461-0160134d695a,1,1495818,1495843,1500185,1499947,4342,4367,25,0,0,0
1500588,bfee7aef-6a60-6a4b-56b6-b8cca6124e53,1,1458391,1458446,1500588,1504809,42142,42197,55,0,0,0
1501162,4cb4a7f6-9db8-ef7e-55ed-d864f68b6ba0,1,1463429,1463429,1501162,1512998,37733,37733,0,0,0,0
1501156,4a4a1b64-8c10-43d4-974a-25a0b81768f8,1,1463492,1463492,1501156,1500329,37664,37664,0,0,0,0
1502205,eb1bb47f-4726-9e7f-0c05-e009397bfdd7,1,1464597,1464653,1502205,1500289,37552,37608,56,0,0,0
1502270,6420b22a-cae9-250b-9693-ffd8bc6232e3,1,1461080,1461098,1502270,1489561,41172,41190,18,0,0,0
1502519,bbe30fd2-4ed7-b3f3-9609-52eb61fe6f28,4,1484556,1484556,1502519,1509998,17963,17963,0,0,0,0
1503202,877bfb50-14d0-945b-5257-fa5d9fa4b54f,1,1460789,1460789,1503202,1509945,42413,42413,0,0,0,0
1503347,b5103e9c-8618-e40d-15d6-a6585ce9dbbc,1,1463512,1463552,1503347,1494007,39795,39835,40,0,0,0
1503671,a0180791-eeb0-93fe-c60e-a4d50d04dcb6,1,1461148,1461158,1503671,1515346,42513,42523,10,0,0,0
1503840,c8f3332a-4741-4ca4-23d9-9d90c964f746,1,1459653,1459653,1503840,1488603,44187,44187,0,0,0,0
1504717,27180985-f2d6-c18c-03a3-574a919cf735,1,1495206,1495255,1504717,1501105,9462,9511,49,0,0,0
1504835,1246d2a5-6a7c-fd08-ae57-14e8d29c0131,32,1479451,1479451,1504835,1502221,25384,25384,0,0,0,0
1505028,4654e77d-de67-a278-9313-b3a7e5a1c6e4,1,1501216,1501230,1505028,1506658,3798,3812,14,0,0,0
1505272,7ecb002e-73d3-328c-1916-79d3d24025ea,1,1461282,1461284,1505272,1497531,43988,43990,2,0,0,0
1505464,77ff3c31-c1f3-7837-8d78-3178c935a278,1,1495802,1495843,1505464,1503777,9621,9662,41,0,0,0
1505815,2336d60b-0f57-1d6b-1452-e1309ea8ffe3,1,1467815,1467852,1505815,1519414,37963,38000,37,0,0,0
1506215,0760d408-0678-fe13-4bcd-6e4d24e11716,1,1467279,1467327,1506215,1488678,38888,38936,48,0,0,0
1506399,a70bba9c-3d5e-69df-2fc2-147c5badd755,1,1464518,1464533,1506399,1485571,41866,41881,15,0,0,0
1506456,25e6d919-ddeb-cd5c-b842-7379d888dcb6,1,1463605,1463612,1506456,1498808,42844,42851,7,0,0,0
1506543,e8527018-bfa4-ce84-3987-51a2ddef7af4,1,1463188,1463231,1506543,1493186,43312,43355,43,0,0,0
1507135,9736bb4f-f5c8-ce3c-eee3-1d4710ecf6ae,1,1469152,1469152,1507135,1500048,37983,37983,0,0,0,0
1507381,18412e07-f583-4c69-407f-26542be4be9c,1,1492765,1492823,1507381,1502662,14558,14616,58,0,0,0
1507453,1b2aa4e4-c0e3-54e7-9b2d-f807fd225cba,1,1468852,1468852,1507453,1516410,38601,38601,0,0,0,0
1507712,3b7f1998-1eed-0236-6d89-9035f05d45c7,1,1464490,1464533,1507712,1500067,43179,43222,43,0,0,0
1507731,a7668617-78db-cde3-8a28-4792ffaca645,1,1493334,1493334,1507731,1510109,14397,14397,0,0,0,0
1508043,319ec58b-4c03-1d16-38c4-f346e5dd614c,1,1469921,1469921,1508043,1491912,38122,38122,0,0,0,0
1508398,ff9558a3-8d1d-282e-8e6b-24396a1e5d9a,1,1470686,1470702,1508398,1523753,37696,37712,16,0,0,0
1508470,b9ef9fa8-3ec8-fe58-d728-2d3089111a42,1,1470721,1470762,1508470,1516153,37708,37749,41,0,0,0
1508774,3f30ea12-cebc-a264-9ad7-5b94663463e9,1,1461038,1461038,1508774,1514238,47736,47736,0,0,0,0
1508917,2d49d235-bc77-5a20-b4a4-cb8027379316,1,1461310,1461344,1508917,1492683,47573,47607,34,0,0,0
1509120,a180f402-fb3e-127f-5308-e1f29990e4a9,1,1464477,1464533,1509120,1523980,44587,44643,56,0,0,0
1509188,b9a3773d-d283-4904-d40b-f9dc65fd5412,1,1497810,1497851,1509188,1514606,11337,11378,41,0,0,0
1509776,e8956041-1e71-afa9-7815-c7df0f2c01b7,1,1471198,1471203,1509776,1508069,38573,38578,5,0,0,0
1509971,576b67e3-eac7-c57b-fc96-fd06ce8b30ce,1,1471023,1471023,1509971,1516220,38948,38948,0,0,0,0
1510462,ece42aa5-930e-6549-d24f-7225c519fd78,1,1461092,1461098,1510462,1500135,49364,49370,6,0,0,0
1510693,6ad5401e-07e9-fb0b-998d-eba36ec8261b,1,1493514,1493514,1510693,1502398,17179,17179,0,0,0,0
1511516,fc31654d-f6ae-7936-0071-4e0f2b23ace0,1,1461516,1461516,1511516,1499939,50000,50000,0,0,0,0
1512299,0143d636-fd54-225b-899d-6cd2e7232e8a,1,1464922,1464941,1512299,1513338,47358,47377,19,0,0,0
1512639,324ef0f7-aa25-e8da-2fd1-843d92071602,1,1464651,1464653,1512639,1490761,47986,47988,2,0,0,0
1513140,1a9b0d42-154f-f37d-fefa-c198c3d6cd54,1,1464624,1464653,1513140,1514529,48487,48516,29,0,0,0
1514713,fbdc532e-6546-c66d-89b1-cad184c9b276,1,1495819,1495843,1514713,1509638,18870,18894,24,0,0,0
1515679,9bfe970a-2591-6ffa-09cd-33a65f6f83c5,1,1508596,1508596,1515679,1512787,7083,7083,0,0,0,0
1516029,e648d7ae-7830-4c6c-79eb-17974fb9ef37,4,1508491,1508530,1516029,1518085,7499,7538,39,0,0,0
1516093,92f71993-4884-3b5b-cdd3-214cb4508610,1,1462657,1462657,1516093,1518472,53436,53436,0,0,0,0
1516196,f00d5a65-5fb8-4f18-d7d3-ce211f14eb34,1,1463757,1463792,1516196,1529683,52404,52439,35,0,0,0
1519392,3fab0c74-bbbb-cccc-8d8e-352b37328d15,4,1396896,1396896,1519392,1524348,122496,122496,0,0,0,0
1519741,317046b9-3080-7a5d-62a5-0eec881af04f,1,1461734,1461761,1519741,1503900,57980,58007,27,0,0,0
1520684,b636cc4c-5170-ca8a-a00e-0b6064eec4c1,1,1461798,1461821,1520684,1535938,58863,58886,23,0,0,0
1521237,5583b4db-6746-0338-72c7-a202062e0778,1,1505123,1505143,1521237,1524354,16094,16114,20,0,0,0
1521367,e988a44d-b9ca-5928-1e2d-22f6080fc9b3,1,1464680,1464713,1521367,1535754,56654,56687,33,0,0,0
1522700,48e918f9-65f0-bb99-b1ec-c7c2ee3d114e,1,1501207,1501230,1522700,1514450,21470,21493,23,0,0,0
1524964,4ecad266-3f29-d615-f178-0077b96a33aa,1,1509011,1509011,1524964,1523715,15953,15953,0,0,0,0
1525134,4878917a-282d-94a3-0ad3-33617c226735,1,1509062,1509071,1525134,1530453,16063,16072,9,0,0,0
1525174,bb27f6bc-9888-f0d9-9423-251ebcb12a00,1,1509131,1509131,1525174,1530159,16043,16043,0,0,0,0
1525216,e226a768-de0e-9c53-4ae0-fd7a04e25132,1,1509131,1509131,1525216,1532479,16085,16085,0,0,0,0
1525757,203d54c9-6485-525e-d858-f464c15da547,1,1509704,1509704,1525757,1528278,16053,16053,0,0,0,0
1525810,e6c9fd54-24bb-8796-09d6-8cdc5ed0b58c,1,1510620,1510620,1525810,1527327,15190,15190,0,0,0,0
1525823,56685b02-7387-d896-c3d0-81781d05ddbf,1,1509765,1509765,1525823,1531389,16058,16058,0,0,0,0
1525936,788f06ed-3c1e-919b-ee5a-400755367ab6,1,1509817,1509825,1525936,1531996,16111,16119,8,0,0,0
1526024,eb068b1e-6fc0-174f-57d7-14f13192c29c,1,1509983,1510006,1526024,1521379,16018,16041,23,0,0,0
1526074,fb48ac14-0d0d-e136-4404-fe9a32fe1dea,1,1509952,1510006,1526074,1526171,16068,16122,54,0,0,0
1526128,1b3ac54c-e31f-2212-1654-c83f62510f01,1,1509771,1509825,1526128,1528136,16303,16357,54,0,0,0
1526263,a6b96653-a62b-3d30-e070-bdb9c98cd5fb,1,1509946,1509946,1526263,1532467,16317,16317,0,0,0,0
1526276,88917cf5-7d88-23d2-0e51-208396e83922,1,1511058,1511058,1526276,1532159,15218,15218,0,0,0,0
1526283,f83b1806-ee4c-1b18-56a2-d49d9e5f8273,1,1511096,1511118,1526283,1532704,15165,15187,22,0,0,0
1526429,1cc0b764-b06b-efca-56b4-05d7712dd406,1,1510098,1510098,1526429,1529438,16331,16331,0,0,0,0
1526436,3878becf-60dc-12eb-d413-c85063c4e76d,1,1511180,1511180,1526436,1529032,15256,15256,0,0,0,0
1526516,49560c36-8560-9e8a-a7fb-19979d2cd944,1,1511240,1511240,1526516,1523508,15276,15276,0,0,0,0
1526551,2f2bdc13-b216-5b5a-1c60-57fee5605cfb,1,1510621,1510680,1526551,1529572,15871,15930,59,0,0,0
1526560,6f72bca4-db64-3c30-d5dc-4812902ea8c3,1,1511244,1511300,1526560,1524772,15260,15316,56,0,0,0
1526627,a6cc0a57-8e01-4eb3-c352-8ba43f0e924b,1,1511387,1511387,1526627,1524145,15240,15240,0,0,0,0
1526729,c08fe6d7-b361-e70a-6b49-acc635e574e0,1,1511388,1511447,1526729,1529058,15282,15341,59,0,0,0
1526771,a5b2c7ea-2947-6f54-973e-129c35f0b1be,1,1511418,1511447,1526771,1532561,15324,15353,29,0,0,0
1527288,f3dea9dc-469c-558b-496d-036a8092189b,1,1511816,1511816,1527288,1524427,15472,15472,0,0,0,0
1527349,5d0b042d-e9b1-4c76-420f-beef9defeab9,1,1511266,1511300,1527349,1523121,16049,16083,34,0,0,0
1527440,4648bbe8-f84c-e7a9-36cf-d2d52cd6e8df,1,1511882,1511936,1527440,1532380,15504,15558,54,0,0,0
1527464,b96c2da0-19a8-ec19-670a-858cf86b2e95,1,1510855,1510855,1527464,1528514,16609,16609,0,0,0,0
1527505,82e2b02d-8dbc-de5a-eb4a-ede646a52064,1,1511418,1511447,1527505,1533946,16058,16087,29,0,0,0
1527585,d2f18f28-a61b-dc7d-0511-2d7f12ecaf24,1,1511418,1511447,1527585,1519944,16138,16167,29,0,0,0
1527605,b6bd6dbe-3a8e-36fd-7e4c-410bd87534bf,1,1512310,1512352,1527605,1521276,15253,15295,42,0,0,0
1527874,f4ac27ef-b734-d467-7bb9-5b07b1cb62d0,1,1512484,1512484,1527874,1524593,15390,15390,0,0,0,0
1527899,f8ef32ee-ebac-12ef-8b2e-1eb3b523b1f3,1,1512411,1512412,1527899,1520894,15487,15488,1,0,0,0
1527894,f6f61488-d620-15f0-5253-b6f72328051e,1,1512490,1512544,1527894,1523053,15350,15404,54,0,0,0
1529323,be9cafcf-ed17-f6e9-8cdc-718dc4057420,4,1426429,1426467,1529323,1550506,102856,102894,38,0,0,0
1529502,9425fc3a-6964-a112-55fc-0f2ba50939f1,4,1426463,1426467,1529502,1509566,103035,103039,4,0,0,0
1529498,411920f6-d056-6199-3728-ddc20f5e8b47,4,1426504,1426527,1529498,1482226,102971,102994,23,0,0,0
1529454,4ad5433b-a84f-1cf1-2b45-11214218f371,1,1505080,1505083,1529454,1533580,24371,24374,3,0,0,0
1530060,d5b1a96a-2e4c-16e2-1b79-9e6bf52ef4a6,1,1528977,1529034,1530060,1529955,1026,1083,57,0,0,0
1530162,4439940d-0e58-8770-2566-0316f39ef1be,1,1529498,1529503,1530162,1529985,659,664,5,0,0,0
1530651,0420521e-41e7-ebba-f9ac-1a4f42516974,1,1528974,1528974,1530651,1530521,1677,1677,0,0,0,0
1530633,f41978cd-2dac-a88b-c1de-6d58518e58fd,1,1529365,1529383,1530633,1530026,1250,1268,18,0,0,0
1530636,05155381-e4dc-6680-7284-71562e8ca6bf,1,1529497,1529503,1530636,1530800,1133,1139,6,0,0,0
1531095,da495408-0011-be30-e268-d92f1b757ed1,1,1529397,1529443,1531095,1530425,1652,1698,46,0,0,0
1531372,37809a0a-4098-de31-d7f3-b054e266c16f,1,1530646,1530680,1531372,1531337,692,726,34,0,0,0
1531913,6ba57136-9144-a442-82d8-a7f546ef7aaa,1,1529051,1529094,1531913,1531707,2819,2862,43,0,0,0
1532286,0a39561f-3473-d9d3-6c5b-059aafcd2960,1,1530560,1530560,1532286,1533077,1726,1726,0,0,0,0
1532291,bf144332-4f6a-648f-cca9-7f8184381157,4,1413267,1413323,1532291,1563068,118968,119024,56,0,0,0
1532317,aeb00fb9-26cb-2e99-2945-e93a4a454398,1,1529713,1529713,1532317,1533438,2604,2604,0,0,0,0
1532848,25dccca2-054e-6210-a3c9-f400ba6c557c,1,1530296,1530296,1532848,1533336,2552,2552,0,0,0,0
1533128,d123f7c1-b7a1-267e-9a1e-00365cbaa496,1,1530060,1530060,1533128,1532762,3068,3068,0,0,0,0
1533183,ebc8f6b7-ee22-4f70-0359-9c6d1224cbd2,1,1521983,1521983,1533183,1531475,11200,11200,0,0,0,0
1533206,8a693650-a9a2-e9cd-7b6f-65df1d9d1d80,1,1529634,1529634,1533206,1533512,3572,3572,0,0,0,0
1533770,0ab2e2ca-73a5-5d2e-8e1e-7525e957967a,4,1413263,1413263,1533770,1526448,120507,120507,0,0,0,0
1534183,230681aa-dd50-0d6b-163c-b5294357ac51,1,1504951,1504951,1534183,1530895,29232,29232,0,0,0,0
1534365,0426fe7b-0604-76dd-30e5-ce91d082b3b4,4,1412962,1412962,1534365,1578009,121403,121403,0,0,0,0
1534384,0d22af35-b648-be8a-c4e7-75b92dca365a,4,1412969,1413022,1534384,1568385,121362,121415,53,0,0,0
1534421,6928043e-d492-b51a-3828-3a052baa43c9,4,1413025,1413082,1534421,1565321,121339,121396,57,0,0,0
1535057,b2b51b60-5c89-f06e-ea1b-248fea94d306,1,1532291,1532346,1535057,1534781,2711,2766,55,0,0,0
1535108,71980a55-f224-f64c-fd11-b3ff991b749e,1,1529195,1529195,1535108,1532717,5913,5913,0,0,0,0
1535260,3b895644-549d-d3b5-4dfe-448cacb70476,16,1534546,1534559,1535260,1534996,701,714,13,0,0,0
1535285,22460ac9-4a7e-ebc2-db6f-1c33bbb4c0ce,1,1505023,1505023,1535285,1524435,30262,30262,0,0,0,0
1535440,668b179f-7e11-93ab-11cf-c46bc037c059,1,1531074,1531130,1535440,1533825,4310,4366,56,0,0,0
1538028,a13a9da2-94e7-eb2a-3434-02ef44cfa6ba,1,1534319,1534319,1538028,1538520,3709,3709,0,0,0,0
1538215,28e60130-2d23-8ed1-7f5d-21f279731ea8,1,1537459,1537459,1538215,1537862,756,756,0,0,0,0
1538468,ab6b3f08-a9a0-f4ef-2c4f-54163c749c16,1,1537750,1537750,1538468,1538254,718,718,0,0,0,0
1538616,9fd60922-8b5f-74aa-e338-6d523483a23b,1,1537995,1538000,1538616,1538871,616,621,5,0,0,0
1538819,047dd583-9344-7b2f-bba3-16688334e524,4,1521639,1521639,1538819,1539942,17180,17180,0,0,0,0
1538805,95866982-f7e8-08a2-821d-f2cfd9fc13b8,1,1537765,1537810,1538805,1538832,995,1040,45,0,0,0
1539294,d900da4b-ff31-7846-4600-fc5f1f9b5662,1,1531070,1531070,1539294,1542773,8224,8224,0,0,0,0
1539420,87d75309-de77-2156-1f76-043f9a16b853,1,1537901,1537940,1539420,1538819,1480,1519,39,0,0,0
1539440,ff8bb891-1b90-8e3f-25ce-5ac51e22c6b2,1,1537248,1537248,1539440,1539072,2192,2192,0,0,0,0
1539551,a8702d97-10e6-7176-3858-3966757256f6,1,1537761,1537810,1539551,1539171,1741,1790,49,0,0,0
1539600,3527bcee-d343-bf88-d1f3-79b18ebb8208,1,1537939,1537940,1539600,1538862,1660,1661,1,0,0,0
1539771,9145aa38-7722-ec2c-36b9-ca355430c8c3,1,1538658,1538676,1539771,1539231,1095,1113,18,0,0,0
1539823,23966b83-5cd1-4b22-b0e8-b2fa4fc34759,1,1537765,1537810,1539823,1540079,2013,2058,45,0,0,0
1540126,2d56e616-130c-d65b-3e32-b1b41b679a64,1,1535520,1535565,1540126,1539397,4561,4606,45,0,0,0
1540281,4c4b52aa-0ef9-f903-b69a-deac06f4b0ee,1,1539662,1539671,1540281,1540081,610,619,9,0,0,0
1540999,a67155cd-76e9-efdc-47e4-b3f364ad2b39,1,1538492,1538528,1540999,1540788,2471,2507,36,0,0,0
1541076,924d4a86-efed-0e52-79f7-3374e92af09b,1,1537317,1537317,1541076,1540078,3759,3759,0,0,0,0
1541274,bce05a63-197f-9b8d-079b-f5e62275b1e2,1,1530562,1530620,1541274,1544612,10654,10712,58,0,0,0
1541421,497dd968-b4b6-c702-611a-7d790da761fd,1,1540066,1540066,1541421,1540894,1355,1355,0,0,0,0
1541546,9167adea-f8f1-066b-f395-1a4532ce6a3d,1,1532304,1532346,1541546,1544962,9200,9242,42,0,0,0
1541625,7f6bf62c-a1c1-6b96-baab-d9f2850b7073,1,1537880,1537880,1541625,1540455,3745,3745,0,0,0,0
1543187,efb2d33c-171a-a532-4d07-018b416aa7f6,1,1541302,1541334,1543187,1542508,1853,1885,32,0,0,0
1543299,2ea9ef6c-4905-eb93-890a-83b4b639529e,1,1540475,1540534,1543299,1544021,2765,2824,59,0,0,0
1543935,4674a0eb-47ed-c6dd-9da4-ec0f21ee0f6c,1,1539902,1539960,1543935,1541887,3975,4033,58,0,0,0
1544220,b27c1721-89d4-4ce2-4f50-b59873bd980f,1,1542466,1542466,1544220,1544296,1754,1754,0,0,0,0
1544314,c42c40ce-24ec-755d-683a-755ef23e9b0b,1,1539653,1539671,1544314,1542558,4643,4661,18,0,0,0
1545223,fee33607-6fec-cac2-90d2-abfe0425c430,1,1541548,1541606,1545223,1544869,3617,3675,58,0,0,0
1546553,b198047f-4612-d424-7ac0-67a69297eaac,1,1541307,1541334,1546553,1544772,5219,5246,27,0,0,0
1547863,1e521d48-6a49-9f0b-29cb-31b126ea945e,1,1540474,1540474,1547863,1545299,7389,7389,0,0,0,0
1547957,f7073712-88b0-4b77-7feb-4cf34ec77371,1,1533707,1533707,1547957,1551079,14250,14250,0,0,0,0
1549650,12cb7604-34f6-f0dd-0952-9a77ce09e92a,1,1535505,1535505,1549650,1556572,14145,14145,0,0,0,0
1549817,017cc74e-6f18-0343-bf41-5c985a8e8f05,1,1548901,1548901,1549817,1549475,916,916,0,0,0,0
1550185,fab8328f-2cae-93a2-89d7-16efa62d7221,1,1548914,1548961,1550185,1550377,1224,1271,47,0,0,0
1551329,7c6166df-515a-6b43-3189-1f48e66e2c11,1,1539900,1539900,1551329,1551882,11429,11429,0,0,0,0
1552072,341d85cd-c925-7285-2bc8-906f34a91b86,1,1550635,1550635,1552072,1551427,1437,1437,0,0,0,0
1552591,1533fe82-21b3-b264-d9d7-6878def42b39,16,1551681,1551681,1552591,1552314,910,910,0,0,0,0
1555074,4f4c3f0b-34a7-3f9d-ded5-c01721433dfc,1,1542513,1542526,1555074,1556833,12548,12561,13,0,0,0
1556373,0cbe938d-2b33-9734-da11-9684b385d9de,1,1541458,1541481,1556373,1553043,14892,14915,23,0,0,0
1560382,9645dec1-840d-214b-3bd5-48637974c90b,1,1558111,1558111,1560382,1559915,2271,2271,0,0,0,0
1560485,80dc4873-9eb3-18ad-9c15-b25e2379750a,1,1558123,1558171,1560485,1561424,2314,2362,48,0,0,0
1560535,b705e692-3faf-1b34-462e-27af67b4c897,1,1558178,1558231,1560535,1560951,2304,2357,53,0,0,0
1560567,7fbccd75-be19-24aa-dab7-12f6764231c3,1,1558175,1558231,1560567,1560048,2336,2392,56,0,0,0
1560555,a5dd2836-e65f-a9fa-c38c-2eafa8097a77,1,1558236,1558291,1560555,1561245,2264,2319,55,0,0,0
1560586,314e9b45-0715-11b6-6506-6540c7d77fbb,1,1558292,1558351,1560586,1559455,2235,2294,59,0,0,0
1560642,4830effe-dd8a-bf0a-9278-f380b3510ddc,1,1558418,1558418,1560642,1559725,2224,2224,0,0,0,0
1560645,4838a888-1a2e-9864-f8ea-ca362f999b2a,1,1559665,1559665,1560645,1560549,980,980,0,0,0,0
1560757,a2da43a7-fa1b-7659-6df6-5800997c0dc9,1,1558420,1558478,1560757,1559755,2279,2337,58,0,0,0
1560915,654fda31-18d3-ab67-1f9d-4db1d983dadf,1,1558602,1558602,1560915,1561248,2313,2313,0,0,0,0
1560952,a2e13d75-b2e2-f3cc-3873-335fca3f48a4,1,1558617,1558662,1560952,1561317,2290,2335,45,0,0,0
1561156,36ca9390-96a2-e79d-6576-d828f5517659,1,1558837,1558837,1561156,1560497,2319,2319,0,0,0,0
1561222,a72edd5f-4a0c-408d-9ee8-27fad451b59f,1,1558879,1558897,1561222,1561095,2325,2343,18,0,0,0
1561238,00937ba0-65a0-7e43-3d2d-ca8673020b26,1,1558898,1558957,1561238,1560293,2281,2340,59,0,0,0
1561262,fcfd348c-00f0-f7fe-b8e7-bcf5854c0d1f,1,1558981,1559017,1561262,1561516,2245,2281,36,0,0,0
1561287,7b0c036b-d23f-144f-acde-afcd63065765,1,1558146,1558171,1561287,1561479,3116,3141,25,0,0,0
1561459,cd04c001-56a3-dccc-c93c-9cc6668b28da,1,1559231,1559231,1561459,1561684,2228,2228,0,0,0,0
1561558,af4afcdd-52cb-1ae0-6e18-c9b3c6da85f1,1,1559362,1559362,1561558,1560763,2196,2196,0,0,0,0
1562504,57549c43-ce96-a698-bc8b-7eb7037146f7,1,1560952,1561002,1562504,1562680,1502,1552,50,0,0,0
1562636,69a31ab6-5ced-1a62-817e-f8408ace3a10,8,1557814,1557814,1562636,1561954,4822,4822,0,0,0,0
1564126,e06a46b2-bd93-183f-d17b-d6cc2195e073,1,1561288,1561342,1564126,1564705,2784,2838,54,0,0,0
1564536,ce4d89f3-94cb-b94e-80dc-4cf971b0c1fa,1,1561433,1561433,1564536,1563183,3103,3103,0,0,0,0
1565929,9af4ab8a-8908-d3f9-d619-5c4f4db1f8cb,1,1561622,1561678,1565929,1565276,4251,4307,56,0,0,0
1566518,868592d2-5fb6-8406-b665-8a3452630028,4,1549427,1549427,1566518,1570161,17091,17091,0,0,0,0
1568372,3ec2e72a-c832-b3f0-2b0e-63fdfc3d3138,1,1565021,1565057,1568372,1568980,3315,3351,36,0,0,0
1568997,db6a34ea-c3a5-8237-01b2-16cf9d23c3cf,1,1560340,1560340,1568997,1566680,8657,8657,0,0,0,0
1569602,2e2cb850-6b17-bd75-307a-1acbad5c3c49,1,1568455,1568496,1569602,1569414,1106,1147,41,0,0,0
1569749,594de8d7-add7-4b0f-e90b-365143eb4ff0,1,1562184,1562184,1569749,1567210,7565,7565,0,0,0,0
1569844,9c595e03-4d2d-3557-0e06-a41671219097,1,1568380,1568436,1569844,1570318,1408,1464,56,0,0,0
1569987,2ad3136f-a338-17fa-b9db-138870aff6eb,1,1569287,1569287,1569987,1569899,700,700,0,0,0,0
1571611,5cc624ef-0464-3f52-d9c0-99f6fe709416,4,1565577,1565577,1571611,1571755,6034,6034,0,0,0,0
1571754,6c2b5781-c1a9-5ee2-1718-cfde6c4e5a8c,1,1570468,1570468,1571754,1571191,1286,1286,0,0,0,0
1571922,86c45e42-955b-c346-31f5-5560a42d10f5,1,1569918,1569918,1571922,1571760,2004,2004,0,0,0,0
1572541,e32a2749-eea7-a67f-ee1c-b89a74f935ca,1,1564987,1564997,1572541,1572800,7544,7554,10,0,0,0
1573177,178926f3-f91e-8b9b-4596-7e762824162d,1,1570197,1570197,1573177,1574147,2980,2980,0,0,0,0
1573398,08651a6e-1b99-eb83-3244-0f070ae263e0,1,1561599,1561618,1573398,1570068,11780,11799,19,0,0,0
1573968,d0411dec-6ab9-ba0f-76c6-533e1b7a5c94,1,1573345,1573353,1573968,1573974,615,623,8,0,0,0
1574908,9b4cccb0-8f88-1e63-7ce4-858eb5622984,1,1572283,1572322,1574908,1574948,2586,2625,39,0,0,0
1576541,1b98a0e3-9a06-8a93-0ac7-256b61f13c8c,1,1575825,1575825,1576541,1576338,716,716,0,0,0,0
1577170,cf3a2f8d-57f7-31e3-8add-397642fc7edf,1,1570475,1570528,1577170,1574526,6642,6695,53,0,0,0
1577709,93fde248-aac0-4912-084d-7822da948e70,1,1571449,1571449,1577709,1574992,6260,6260,0,0,0,0
1578374,e008e8ed-3ecf-5f0a-380e-c19dfbb713fd,1,1575520,1575520,1578374,1578751,2854,2854,0,0,0,0
1578634,e70d8d07-594d-30a9-35f5-afea80d2157b,1,1570218,1570257,1578634,1575011,8377,8416,39,0,0,0
1580121,3c1d10be-3025-57f7-df3a-d6e8f6939800,1,1578579,1578579,1580121,1579649,1542,1542,0,0,0,0
1581448,266a8b90-ee28-b2f4-4a76-a0ea0b6b9944,1,1578618,1578639,1581448,1580989,2809,2830,21,0,0,0
1581647,9181c8a2-30e3-1645-b66c-4a03378aa526,4,1460640,1460640,1581647,1540805,121007,121007,0,0,0,0
1582046,50392a8c-da73-dae0-209e-6e485e24038e,8,1576472,1576518,1582046,1583350,5528,5574,46,0,0,0
1583936,e9c7eb29-d9ad-d9e0-316a-8466dd0a4a6e,8,1305252,1305252,1583936,1648020,278684,278684,0,0,0,0
1584760,56847457-1cfc-df01-f840-1eea5f8f8538,1,1572354,1572382,1584760,1581666,12378,12406,28,0,0,0
1584837,3ff69f41-9508-2801-e3be-7ca05df924fb,1,1576738,1576738,1584837,1584773,8099,8099,0,0,0,0
1585981,c82585fa-c60b-846e-06bf-1fb70e2bd8c9,1,1584893,1584931,1585981,1585880,1050,1088,38,0,0,0
1586341,a9a0758e-f3a7-bd25-940e-35219a26755a,1,1585462,1585462,1586341,1586669,879,879,0,0,0,0
1588166,f9f15e65-c919-8c69-cbfe-68f0b8a9f704,1,1587427,1587427,1588166,1588492,739,739,0,0,0,0
1589414,a8aa454e-cf76-770a-7ff2-e80a027a76dc,1,1588458,1588458,1589414,1589051,956,956,0,0,0,0
1590831,56f401e5-c1e9-c4fa-3e47-27fdc51c91f4,1,1585121,1585121,1590831,1590074,5710,5710,0,0,0,0
1590940,7d8da92b-93ba-f4a3-23cd-8a4471e64bce,1,1587446,1587487,1590940,1589786,3453,3494,41,0,0,0
1591460,23d86a4f-c2e6-0c05-0926-8f85982c7129,1,1588964,1588964,1591460,1591595,2496,2496,0,0,0,0
1592698,16718639-fcb8-6f9e-8769-0baaa104bdce,1,1591165,1591165,1592698,1593142,1533,1533,0,0,0,0
1593036,52581086-eecc-0487-b95d-43d62b7f90a5,1,1549365,1549365,1593036,1578743,43671,43671,0,0,0,0
1593940,c69e17c9-6018-5b17-bec5-715ca71db3a6,1,1591922,1591922,1593940,1594438,2018,2018,0,0,0,0
1595524,e43081aa-6022-e3ff-3330-4e33deb0de7d,1,1594686,1594686,1595524,1595285,838,838,0,0,0,0
1595536,d5bf85f3-2e3f-674c-48bb-db12de4097c3,1,1594281,1594281,1595536,1595433,1255,1255,0,0,0,0
1596510,0cc46000-ae60-8948-1bf3-84ef6efe2368,1,1591345,1591367,1596510,1595202,5143,5165,22,0,0,0
1597029,a7fb859f-7925-7d0f-e545-5ccc35b39c0e,1,1579888,1579888,1597029,1599714,17141,17141,0,0,0,0
1597517,696f9074-4084-a290-7e50-a000c474e1c0,1,1580399,1580399,1597517,1592041,17118,17118,0,0,0,0
1597767,7d457a09-402d-35e8-1f47-d9021ba84a91,1,1580532,1580532,1597767,1589415,17235,17235,0,0,0,0
1597881,3ae61863-a544-8d55-13c7-f140ea224efd,1,1580742,1580742,1597881,1590631,17139,17139,0,0,0,0
1597888,cb505aa3-0c4a-ef81-a1c2-e70c629153bf,1,1581043,1581043,1597888,1591130,16845,16845,0,0,0,0
1597861,0a1bebd3-e60e-c813-402d-a0fa227dcecc,1,1597012,1597012,1597861,1598197,849,849,0,0,0,0
1598128,4421c1e1-2a8b-5fc8-d006-862ab31eb8f5,1,1581415,1581436,1598128,1593342,16692,16713,21,0,0,0
1598377,2b24ef63-f6f3-2192-72da-dc219b7cd539,1,1597659,1597659,1598377,1598254,718,718,0,0,0,0
1598526,e52a33e6-fec5-8a89-1db3-c0756fb9de37,1,1597780,1597839,1598526,1598170,687,746,59,0,0,0
1598793,9d96bf5e-4d9e-9bb9-feb2-f90442cf4e6d,1,1581720,1581720,1598793,1599307,17073,17073,0,0,0,0
1598835,ce0ed735-632f-ff79-af73-4c45f2f39f61,2,1594484,1594484,1598835,1596942,4351,4351,0,0,0,0
1598891,c2ffd690-a2a6-861a-2ce2-7ec9550100bf,1,1581316,1581316,1598891,1600290,17575,17575,0,0,0,0
1598876,d6eaf269-514e-1353-2f23-7c4d1e4ea133,1,1595075,1595075,1598876,1599966,3801,3801,0,0,0,0
1598963,4aaa7f99-4a34-041e-0c78-947b5b21c9f0,1,1597716,1597719,1598963,1598786,1244,1247,3,0,0,0
1599335,9123f2c5-c4c9-3949-6334-fca6d04f0a71,1,1597672,1597719,1599335,1599369,1616,1663,47,0,0,0
1599374,f64f98b4-4237-a5ff-bbb8-90dea025e80b,1,1596408,1596408,1599374,1599443,2966,2966,0,0,0,0
1599830,d2333b12-5ad2-7e7a-4b40-601a99260664,1,1580308,1580308,1599830,1590249,19522,19522,0,0,0,0
1600355,6e025590-0f32-fb39-3ce7-c8078c2d23a9,1,1598337,1598342,1600355,1601048,2013,2018,5,0,0,0
1600744,1b2375d0-b38f-10f2-0dd8-67e55f26b2a6,1,1581318,1581376,1600744,1606289,19368,19426,58,0,0,0
1602100,a5c9cf20-3967-26aa-ad2b-2c8276a990f1,1,1595701,1595701,1602100,1599928,6399,6399,0,0,0,0
1602130,f311a3a1-45a8-8731-e00f-6ea257647ecf,4,1592453,1592453,1602130,1604540,9677,9677,0,0,0,0
1602235,7011a2be-ce4f-4c66-5645-b6bb59c085a8,1,1598282,1598282,1602235,1600454,3953,3953,0,0,0,0
1602274,b417dee1-b8dc-6390-8127-8b8612ea7890,1,1598712,1598712,1602274,1603155,3562,3562,0,0,0,0
1604331,09624ec9-e803-82eb-3677-7be4970c9eb4,1,1424219,1424219,1604331,1639072,180112,180112,0,0,0,0
1605389,f97f4994-1f38-df55-033a-c4d6d4085391,1,1588538,1588597,1605389,1603787,16792,16851,59,0,0,0
1605759,65f69897-7a8e-5e5c-a444-c04046633755,1,1588735,1588777,1605759,1597256,16982,17024,42,0,0,0
1606433,de72d970-10c4-9f9e-b020-321be90f4137,1,1595928,1595928,1606433,1606790,10505,10505,0,0,0,0
1606437,c7688339-27ef-5357-5b24-9c2a9e5c5dcd,1,1588712,1588717,1606437,1604282,17720,17725,5,0,0,0
1606518,d11756d5-8c0d-ea8b-3448-a24723a86b61,1,1588726,1588777,1606518,1597974,17741,17792,51,0,0,0
1606663,e7094153-5a31-e916-eefb-2a2471693ed5,1,1569613,1569662,1606663,1624351,37001,37050,49,0,0,0
1606786,c94b3a6f-72ef-917e-3af8-34f29aef9aec,1,1569613,1569662,1606786,1612146,37124,37173,49,0,0,0
1606923,f17aa7a9-243d-116d-4563-abbe51883a26,1,1569720,1569722,1606923,1590444,37201,37203,2,0,0,0
1607344,638e1388-8faf-6d4a-a5a9-9ebcbe0ec2da,1,1569753,1569782,1607344,1611728,37562,37591,29,0,0,0
1607560,96d26487-641a-4b74-54c9-3d44e353a243,1,1569741,1569782,1607560,1609148,37778,37819,41,0,0,0
1607869,c523b4e9-022f-46bb-42d9-c5d7e991e6d5,1,1570764,1570764,1607869,1611857,37105,37105,0,0,0,0
1608002,869d4cb7-b7f5-155a-039d-08d01e0aaf12,1,1569741,1569782,1608002,1598040,38220,38261,41,0,0,0
1608055,0c995e2d-a7a9-98ab-103f-3a468d8a7957,1,1570847,1570847,1608055,1593082,37208,37208,0,0,0,0
1608105,151248e1-1504-2b41-19c4-d7d61537846c,1,1569689,1569722,1608105,1622193,38383,38416,33,0,0,0
1608069,7b1463c9-30bf-7f5a-b01d-e9361527690a,1,1571091,1571091,1608069,1602571,36978,36978,0,0,0,0
1608288,b506c24d-8fff-29f7-3485-0fcd2f3b2b18,1,1569689,1569722,1608288,1622992,38566,38599,33,0,0,0
1608352,7eb3a98f-de7a-69b4-4271-441846b1654a,1,1569760,1569782,1608352,1592397,38570,38592,22,0,0,0
1608417,665e467f-e1bb-7399-c7c4-32a0c3af3d93,1,1597398,1597398,1608417,1605825,11019,11019,0,0,0,0
1608467,7c2c0791-f6bf-faa9-71fc-f2e6b3dd7820,1,1571091,1571091,1608467,1603441,37376,37376,0,0,0,0
1608445,6c24dcaa-5660-82e1-646c-d3c18c45fc9e,1,1588552,1588597,1608445,1604035,19848,19893,45,0,0,0
1608593,7d05121c-ceee-7d65-1904-8ca79291e493,1,1569686,1569722,1608593,1623604,38871,38907,36,0,0,0
1608724,8bab4c1b-904a-a134-0902-8dd7a0d763f0,1,1588537,1588537,1608724,1610812,20187,20187,0,0,0,0
1608744,a8dbe9a1-d857-ec60-48f7-972661ae2255,1,1569926,1569978,1608744,1607051,38766,38818,52,0,0,0
1608886,e5c482ff-5e5a-90c1-52a4-73f94c9e903a,1,1569990,1570038,1608886,1615079,38848,38896,48,0,0,0
1608968,47efa886-d5b5-b7b0-f92e-dfa1df266424,1,1591929,1591982,1608968,1604110,16986,17039,53,0,0,0
1609585,35a7ac9b-48f9-fd0d-5d3b-c1d3a5159982,1,1602704,1602704,1609585,1611827,6881,6881,0,0,0,0
1613818,6334db06-52ac-de30-51c8-10ef802643c4,1,1602755,1602764,1613818,1617984,11054,11063,9,0,0,0
1616179,70a32883-cc58-2872-a2fb-a345a84ca488,8,1497977,1497987,1616179,1562063,118192,118202,10,0,0,0
1617516,13c3fc1b-d77a-80b8-9ae6-befe8f2de908,1,1615072,1615072,1617516,1617569,2444,2444,0,0,0,0
1624903,ceef7261-bb15-02ea-0991-2f464ce6928b,1,1622352,1622352,1624903,1625386,2551,2551,0,0,0,0
1625259,0a148b9f-b6db-95fb-8d73-7aa20ab832ea,1,1591307,1591307,1625259,1617501,33952,33952,0,0,0,0
1627964,eede901c-be29-04f8-1b52-a1e6cdfc9ce7,1,1624978,1624978,1627964,1626914,2986,2986,0,0,0,0
1628091,26fa466b-1573-3a73-8266-557cefc66c4c,8,1627474,1627474,1628091,1628291,617,617,0,0,0,0
1631064,86cc556b-f0bb-1e32-c14f-a9be05209457,8,1627889,1627889,1631064,1632137,3175,3175,0,0,0,0
1635853,c6141017-11e1-21c7-18cc-84170067743e,1,1617047,1617047,1635853,1644614,18806,18806,0,0,0,0
1635893,5c91f845-534f-c96d-19ca-9c1b94bcf47a,1,1593076,1593096,1635893,1624159,42797,42817,20,0,0,0
1635923,35910434-d342-66c9-4d88-136e67f778de,1,1635207,1635207,1635923,1636094,716,716,0,0,0,0
1635985,2213cdad-661d-3354-aa55-e9af537574b0,1,1634697,1634742,1635985,1635547,1243,1288,45,0,0,0
1636058,237c56bb-48d1-60c6-9cdc-546cd4f0fd63,1,1634682,1634682,1636058,1635407,1376,1376,0,0,0,0
1636328,88516447-6e5b-9598-a8f0-e3e02f369832,1,1634877,1634877,1636328,1636884,1451,1451,0,0,0,0
1637207,8448d4ed-b2be-520f-1e1f-86f795ede22d,1,1636343,1636388,1637207,1637064,819,864,45,0,0,0
1638147,11186c1a-8540-02b0-2aa8-2f4e4fc4e8cd,1,1630103,1630103,1638147,1636231,8044,8044,0,0,0,0
1639048,b52c4358-d4a8-b45a-75d1-d77614c08f6d,1,1637711,1637711,1639048,1639354,1337,1337,0,0,0,0
1639531,9cf021b8-4fff-fb59-9462-8786cc502a89,8,1633980,1633980,1639531,1638572,5551,5551,0,0,0,0
1658889,8921349f-eccb-853b-cd22-7ff2635fa3f3,8,1627634,1627634,1658889,1660075,31255,31255,0,0,0,0
1693393,136d6cce-a535-f9d7-43ff-fdea3bd9b015,4,1575094,1575094,1693393,1711472,118299,118299,0,0,0,0
1699145,1579bc24-3ffd-f8f1-97e9-afe27d6448b2,1,1680423,1680423,1699145,1704994,18722,18722,0,0,0,0
1699205,887cedb9-ccdd-d6b3-0c07-e0e386695d31,1,1680535,1680535,1699205,1697443,18670,18670,0,0,0,0
1699694,b3efbaa9-05c6-6c4d-4523-19ae45ec257f,1,1681008,1681008,1699694,1701715,18686,18686,0,0,0,0
1699911,dfb68a5f-bb81-41f0-7bc4-d138ec737598,1,1680945,1680945,1699911,1699689,18966,18966,0,0,0,0
1728786,8185ca84-90fc-59ed-bfba-5b2cba89c0b8,1,1727004,1727004,1728786,1728628,1782,1782,0,0,0,0
1730955,c61f98b1-6097-5bc0-64ab-d0358f65abf9,1,1729439,1729457,1730955,1731514,1498,1516,18,0,0,0
1732336,ec78342e-f52d-82cc-302d-8d1fa555dfa1,1,1729381,1729397,1732336,1732598,2939,2955,16,0,0,0
1734268,5afaeb32-419b-f74e-8247-23c3a32a4516,1,1723903,1723903,1734268,1738922,10365,10365,0,0,0,0
1738169,5532a5c2-233c-790a-e280-70d140d1bc31,32,1729235,1729235,1738169,1735275,8934,8934,0,0,0,0
1738982,10372a5c-b893-b08a-5219-02163d211daf,1,1738158,1738158,1738982,1739103,824,824,0,0,0,0
1740422,732af4e8-e9d1-c994-1553-8cc94444a6bd,1,1739437,1739487,1740422,1740775,935,985,50,0,0,0
1741665,6f9a544a-3de3-72e9-1141-26afce70d3f7,32,1739520,1739547,1741665,1741115,2118,2145,27,0,0,0
1742754,84681060-743e-5fef-06a6-1b3dc86e0b55,1,1741955,1741955,1742754,1742461,799,799,0,0,0,0
1743051,4b11c181-2dc1-2143-4469-8c048af190cb,1,1742422,1742422,1743051,1742781,629,629,0,0,0,0
1743581,fe914b95-a0b6-d265-9120-6a372703c75d,1,1742552,1742552,1743581,1743587,1029,1029,0,0,0,0
1743891,8c8181b4-fe8b-4ccb-fd75-a5f3eeafca83,1,1742009,1742015,1743891,1743507,1876,1882,6,0,0,0
1744586,d0e34b2b-1ca6-4c33-30d8-67cd038d5f5a,1,1743206,1743206,1744586,1744897,1380,1380,0,0,0,0
1744741,8c53b74c-0c9f-a6e6-becc-f7609249ee3a,1,1739427,1739427,1744741,1743301,5314,5314,0,0,0,0
1745208,3dc0f8cf-1b6c-2937-e282-d170f5080d9c,1,1740773,1740773,1745208,1747217,4435,4435,0,0,0,0
1745410,ff97588e-f6cd-d0d1-aa31-e22b4cda3e1c,1,1743298,1743326,1745410,1746242,2084,2112,28,0,0,0
1745534,027e789c-ce40-483b-7915-ad7e2648c819,1,1744298,1744356,1745534,1745726,1178,1236,58,0,0,0
1745577,2449ea0f-5e6b-1e56-7a23-53358d759038,1,1742028,1742075,1745577,1744417,3502,3549,47,0,0,0
1746480,8971b1bb-992b-ba0e-ca85-7fe44014c0f8,1,1743723,1743723,1746480,1746700,2757,2757,0,0,0,0
1748092,9e3bc735-071f-1a27-272e-31b197e1bc36,1,1746013,1746025,1748092,1747299,2067,2079,12,0,0,0
1748291,df9f1099-0b4b-a6c4-a672-5796feef341b,1,1745600,1745654,1748291,1746929,2637,2691,54,0,0,0
1748434,8b2ab759-2fc6-c4e6-9113-5d7e30952621,1,1743234,1743266,1748434,1746714,5168,5200,32,0,0,0
1748605,7e000029-c47f-9b05-851b-5f38c0697f1d,1,1740894,1740894,1748605,1746587,7711,7711,0,0,0,0
1748775,4a9b0dc7-97e7-1b55-446f-c2131b87a428,1,1745965,1745965,1748775,1747401,2810,2810,0,0,0,0
1750671,5987038a-fcd6-c18e-2b54-500d4e089bb4,1,1744296,1744296,1750671,1747658,6375,6375,0,0,0,0
1752783,7951d52b-21cc-8ba7-ee85-4c728a9b7b20,1,1745969,1746025,1752783,1753611,6758,6814,56,0,0,0
1755377,777028e6-a53d-2350-5bd1-b61cecba63b3,1,1745610,1745654,1755377,1753403,9723,9767,44,0,0,0
1757036,acffa99f-f005-8f9a-a6a2-c94556f11afb,1,1745991,1746025,1757036,1752233,11011,11045,34,0,0,0
1763574,6491982b-e5ad-481d-577f-4c1626d658fb,1,1762832,1762846,1763574,1763629,728,742,14,0,0,0
1763801,5302e6e2-387b-ccda-7133-0766d11ce313,1,1763133,1763133,1763801,1763759,668,668,0,0,0,0
1764079,89fab5cc-95b0-4f8a-d64f-10b584d6b400,1,1763435,1763435,1764079,1763925,644,644,0,0,0,0
1768099,39c2c1a2-bcc9-245c-fd81-fbc0067ec672,1,1767218,1767247,1768099,1767757,852,881,29,0,0,0
1768118,a7fc1bad-76ca-1cbe-c34f-b3a955849e58,1,1766807,1766838,1768118,1767744,1280,1311,31,0,0,0
1768732,330062f1-e231-8ce6-45d6-2ecd3030d7f4,1,1767187,1767187,1768732,1768207,1545,1545,0,0,0,0
1768756,3513a238-d91b-1a04-bcca-ba381e30614f,1,1766731,1766778,1768756,1768676,1978,2025,47,0,0,0
1770149,fc24a159-eada-2885-efda-70bf78920f72,1,1759221,1759221,1770149,1770813,10928,10928,0,0,0,0
1770334,39a90a45-104b-5372-816e-a5c24ab3c590,1,1759258,1759281,1770334,1773398,11053,11076,23,0,0,0
1770337,37850b5c-3ce5-988c-7e53-d702e1f8d192,1,1759300,1759341,1770337,1773921,10996,11037,41,0,0,0
1770435,45590d60-265f-d5c1-78e7-e190642bb07d,1,1759527,1759527,1770435,1765441,10908,10908,0,0,0,0
1770518,9b0707e5-f68e-ce81-adf9-568bde0bde18,1,1759364,1759401,1770518,1765035,11117,11154,37,0,0,0
1771045,33b70b63-4bee-f160-7fac-89fe5fe0c7c3,1,1759886,1759886,1771045,1770999,11159,11159,0,0,0,0
1771074,4cc6d67e-cddb-3f9e-8130-0e684d45d885,1,1766718,1766718,1771074,1769955,4356,4356,0,0,0,0
1771142,c227e0f2-0510-6943-be3e-b6f738b595b9,1,1766742,1766778,1771142,1770696,4364,4400,36,0,0,0
1813754,31209ff4-2809-06a9-52e2-4a8e2793b627,1,1809391,1809391,1813754,1813951,4363,4363,0,0,0,0
1815181,dcd81a8b-a8d6-faf6-df0d-def190c40e45,4,1593100,1593156,1815181,1865359,222025,222081,56,0,0,0
1815374,462741ec-08ac-784f-ca10-b49968028b3b,1,1810449,1810449,1815374,1817023,4925,4925,0,0,0,0
1815406,ef19117f-a452-cdef-827b-8c898d3f433b,1,1810513,1810513,1815406,1817274,4893,4893,0,0,0,0
1815503,fbf3a106-260b-13e0-4ce6-929f7a44bd05,1,1810530,1810573,1815503,1817341,4930,4973,43,0,0,0
1815540,58fde70b-df91-07d5-2055-25c64bb3e035,1,1810598,1810633,1815540,1814169,4907,4942,35,0,0,0
1815607,aacefa98-732e-9280-c2fd-617775ffe99a,1,1810642,1810693,1815607,1814135,4914,4965,51,0,0,0
1815613,9f8acdeb-2e8f-f5a8-c47a-3b7ed209383b,1,1810675,1810693,1815613,1815974,4920,4938,18,0,0,0
1815746,37f3f32b-5a81-762a-5059-f77b79ff89d9,1,1810738,1810753,1815746,1813980,4993,5008,15,0,0,0
1815838,c1a8a33b-6b77-fe6e-e123-61753e22a676,1,1810875,1810880,1815838,1815160,4958,4963,5,0,0,0
1815847,06b81c8a-03f9-c74d-085d-5d016a2062aa,1,1810820,1810820,1815847,1817624,5027,5027,0,0,0,0
1815863,ac8d8f32-1477-b569-6e1a-b11ad1550475,1,1810833,1810880,1815863,1813630,4983,5030,47,0,0,0
1815869,eade7b17-b0d0-90bd-0dff-01baf0db6ecb,1,1810908,1810940,1815869,1813382,4929,4961,32,0,0,0
1815962,c78e0272-c43b-e7af-8120-053d1aefff21,1,1810986,1811000,1815962,1814561,4962,4976,14,0,0,0
1815963,52c83bfc-5b48-961f-1b1b-4cd736ba4918,1,1810985,1811000,1815963,1817540,4963,4978,15,0,0,0
1816208,d0b66c10-6bfd-01bc-9a93-03eae75ec164,1,1811296,1811296,1816208,1818006,4912,4912,0,0,0,0
1816501,47820b9c-488f-edb6-2404-c66d49869729,1,1811508,1811508,1816501,1817301,4993,4993,0,0,0,0
1816855,f27f3ad7-4890-7b6d-d240-ef02a9681fc1,1,1811817,1811817,1816855,1818029,5038,5038,0,0,0,0
1817495,9417e0f5-aaff-96ff-b904-6b5213eb4599,1,1816524,1816561,1817495,1817562,934,971,37,0,0,0
1818592,ad4b24ec-5b67-3a25-42c4-5041e1831003,1,1813634,1813644,1818592,1819042,4948,4958,10,0,0,0
1818712,4052e3a5-66fd-3215-6a10-7fb733383ec9,1,1813735,1813768,1818712,1817176,4944,4977,33,0,0,0
1818783,3360d115-48b5-1c88-0f63-5f4a2b9a118e,1,1813521,1813524,1818783,1819978,5259,5262,3,0,0,0
1818800,cde5c35a-b011-7b0a-3496-51d6a79055b0,1,1813788,1813828,1818800,1820943,4972,5012,40,0,0,0
1818843,996e782f-9aee-b3e9-aea3-98c6ec677b25,1,1818209,1818230,1818843,1819050,613,634,21,0,0,0
1818844,f9723977-52c0-3f9b-df16-eb702219b7f7,1,1813559,1813584,1818844,1820172,5260,5285,25,0,0,0
1819078,2b589b3f-e2a6-3e3c-3940-093a705cd91e,1,1814123,1814128,1819078,1819726,4950,4955,5,0,0,0
1819087,15f7ef61-da4e-c04c-ba7e-1b86c1fad753,1,1814126,1814128,1819087,1820565,4959,4961,2,0,0,0
1819128,0a398bf7-27a1-58a0-efff-a2f4b5ae329d,1,1814213,1814248,1819128,1818300,4880,4915,35,0,0,0
1819178,d7ea8625-11c3-138b-70c6-9b42df0ff647,1,1813923,1813948,1819178,1820215,5230,5255,25,0,0,0
1819194,50814407-31e3-e608-800e-295265ec4424,1,1814253,1814308,1819194,1821353,4886,4941,55,0,0,0
1819303,b1eedf64-090b-23ed-2ae1-d0bc4a099088,1,1813464,1813464,1819303,1819685,5839,5839,0,0,0,0
1819335,18f67e0c-bd28-98b0-06e2-e0802a0f31e4,1,1814320,1814368,1819335,1818536,4967,5015,48,0,0,0
1819405,84909370-e430-fb91-556f-e90eb5ccdbe6,1,1814404,1814428,1819405,1818155,4977,5001,24,0,0,0
1819543,ef15b821-ade6-bf3c-cc2a-261d5d7233db,1,1814409,1814428,1819543,1816930,5115,5134,19,0,0,0
1819599,82c273a9-771d-b808-88db-039cc78fc57d,1,1814628,1814675,1819599,1821093,4924,4971,47,0,0,0
1819571,3e39bf9b-e9b8-b3ea-2456-d76756ff66fd,1,1814704,1814735,1819571,1817794,4836,4867,31,0,0,0
1819675,fc73e358-4208-9fc8-75f3-21cbc59de4aa,1,1814555,1814555,1819675,1819036,5120,5120,0,0,0,0
1819709,7616e3a2-3d9d-49d4-35e6-6d4c539cb0bb,1,1814591,1814615,1819709,1817450,5094,5118,24,0,0,0
1819681,6c944bca-e8c0-8c02-7200-fc98b963c2fc,1,1814774,1814795,1819681,1817541,4886,4907,21,0,0,0
1819743,af7d7f21-1bd6-b03d-9927-839b11d1ce50,1,1814841,1814855,1819743,1818099,4888,4902,14,0,0,0
1819748,abe05b22-13dc-a154-2b1f-c2ab640eb68e,1,1817735,1817743,1819748,1819721,2005,2013,8,0,0,0
1819828,0b6d35d7-818d-72af-3516-567d40b55023,1,1813959,1814008,1819828,1819904,5820,5869,49,0,0,0
1819846,2d6acdd4-5aeb-90f6-4faa-8036188a7f55,1,1814961,1814982,1819846,1821169,4864,4885,21,0,0,0
1819879,899df4da-866b-5f44-56d0-0a821564b478,1,1814059,1814068,1819879,1821238,5811,5820,9,0,0,0
1819881,161f77a1-bac3-d057-2eb8-6221172f0d9b,1,1814922,1814922,1819881,1818904,4959,4959,0,0,0,0
1819914,61cb78c3-513f-f9a9-8724-91cadc11eb13,1,1815013,1815042,1819914,1819466,4872,4901,29,0,0,0
1819934,060fd3b6-5f9c-11f0-d522-1c404b77cf1c,1,1815024,1815042,1819934,1820442,4892,4910,18,0,0,0
1819971,b0d508a9-e4b8-1e89-6287-729e12194d94,1,1815081,1815102,1819971,1819305,4869,4890,21,0,0,0
1820594,f5705436-3877-2265-102c-01a3ab404598,1,1815095,1815102,1820594,1823084,5492,5499,7,0,0,0
1820680,4001570a-3312-de73-c485-63a3aeee2302,1,1815169,1815222,1820680,1819610,5458,5511,53,0,0,0
1820680,a23036d2-88d7-d47c-ec38-704b22c0eee9,1,1815195,1815222,1820680,1821676,5458,5485,27,0,0,0
1820688,3c3c9c08-e523-e8a9-1223-d9061db67101,1,1815252,1815282,1820688,1822598,5406,5436,30,0,0,0
1820726,e041f0a3-3056-b87f-e8f2-6d6384bed7ed,1,1815221,1815222,1820726,1818416,5504,5505,1,0,0,0
1820985,8e990457-e0b1-d762-c524-f0470bf2fb51,1,1816421,1816421,1820985,1822928,4564,4564,0,0,0,0
1821101,42f1287b-bf2d-cfcb-6319-3bf6faa855a6,1,1819958,1819975,1821101,1821507,1126,1143,17,0,0,0
1821425,14c62aba-89c2-fba5-648d-f4c0c330ec14,1,1819186,1819198,1821425,1821114,2227,2239,12,0,0,0
1822384,d3ec1562-91c0-69ee-3ad1-c48f6b39c4dc,1,1814042,1814068,1822384,1825539,8316,8342,26,0,0,0
1822604,36cf9429-8657-d8ff-6b72-e451df0ccde7,1,1820571,1820571,1822604,1822708,2033,2033,0,0,0,0
1823005,61cb0527-72e5-e892-cc1c-7204ed5e749b,16,1792977,1792977,1823005,1830037,30028,30028,0,0,0,0
1823565,dc89e59a-5190-ae93-e9d0-c2ecaa8d904c,1,1756053,1756053,1823565,1836356,67512,67512,0,0,0,0
1823860,ba098a27-4870-8a92-d2f7-7d5dfec5ea47,1,1821444,1821449,1823860,1823629,2411,2416,5,0,0,0
1824720,b4209103-bca7-26eb-03ef-0f77848ac924,1,1823005,1823005,1824720,1824309,1715,1715,0,0,0,0
1825957,a19c7caf-9b45-c430-5fd3-92e2c36b0890,1,1819210,1819258,1825957,1826809,6699,6747,48,0,0,0
1826021,c310d2a2-0700-77c1-b1f9-4a097408f646,1,1823410,1823457,1826021,1825590,2564,2611,47,0,0,0
1827681,09ab99a3-658c-72ee-31c4-6ef9db13f2ec,1,1823232,1823267,1827681,1826475,4414,4449,35,0,0,0
1827850,01a0960b-ba89-c34b-b224-7627c1e0248e,1,1823470,1823517,1827850,1829636,4333,4380,47,0,0,0
1827850,a8cdf44d-7b74-2440-17db-4c2f1e158e2f,1,1823473,1823517,1827850,1825995,4333,4377,44,0,0,0
1827868,817c6779-d52d-8f91-064f-e16479472ea4,1,1823468,1823517,1827868,1827695,4351,4400,49,0,0,0
1827974,e0acdb75-2326-e3d0-06fc-e65a5af7dfe2,1,1823414,1823457,1827974,1825730,4517,4560,43,0,0,0
1827930,e8a44238-5fe8-b710-3fec-5325edc72f12,1,1823476,1823517,1827930,1826854,4413,4454,41,0,0,0
1827938,6b2b0c27-1eec-0480-2ab1-803803f89c7b,1,1823483,1823517,1827938,1828290,4421,4455,34,0,0,0
1827967,de952d1d-dcbc-5e3f-eb90-60cb02381c49,1,1823554,1823577,1827967,1827554,4390,4413,23,0,0,0
1827922,171a8b65-e272-d7ca-7f17-6b5540767e21,1,1823579,1823637,1827922,1827465,4285,4343,58,0,0,0
1827963,bab8ad70-8d57-c064-abf0-a4f1f14cd6f2,1,1823598,1823637,1827963,1826517,4326,4365,39,0,0,0
1827944,bbab3b0e-60a1-451d-24a0-aaadb436e8fb,1,1823601,1823637,1827944,1829812,4307,4343,36,0,0,0
1827973,7f695b97-e581-d601-04cd-c4e87225539d,1,1823607,1823637,1827973,1826744,4336,4366,30,0,0,0
1828020,649423aa-6454-16be-6791-346cb7403274,1,1823422,1823457,1828020,1827214,4563,4598,35,0,0,0
1828028,a358c4d3-fc76-627b-00cd-11a8301c8108,1,1823603,1823637,1828028,1827774,4391,4425,34,0,0,0
1828052,e835f080-d951-8f98-679f-2f429256d707,1,1823047,1823065,1828052,1826592,4987,5005,18,0,0,0
1828134,d96688c9-8623-d81e-8224-da50bd10f69f,1,1823792,1823797,1828134,1826006,4337,4342,5,0,0,0
1828187,746b161a-31cc-6738-f68a-e9b79b3aa1d1,1,1823207,1823207,1828187,1828386,4980,4980,0,0,0,0
1828159,0c858251-10e9-00ff-5857-8862310565b6,1,1823738,1823797,1828159,1826884,4362,4421,59,0,0,0
1828260,3f91c419-e846-a9df-7373-35549e204ac7,1,1823737,1823737,1828260,1828492,4523,4523,0,0,0,0
1828221,65924c9f-2971-4f1f-3ce2-6218cb763127,1,1823949,1823977,1828221,1828140,4244,4272,28,0,0,0
1828334,a99c37b3-a419-5fe4-85db-19d7cfbf3d39,1,1823752,1823797,1828334,1828004,4537,4582,45,0,0,0
1828340,5982aa44-5573-68cf-0ba5-605069fe99a9,1,1823397,1823397,1828340,1827969,4943,4943,0,0,0,0
1828414,3aae37b5-87de-c2ea-0118-d2a543ef0542,1,1823297,1823327,1828414,1826197,5087,5117,30,0,0,0
1828446,eea00af9-6283-f50f-1fdd-c20aebee30cf,1,1824114,1824114,1828446,1830506,4332,4332,0,0,0,0
1828519,c891c9c6-8952-9c51-d145-3eb78e59f579,1,1823547,1823577,1828519,1826402,4942,4972,30,0,0,0
1828559,e958c430-d21c-f643-48c0-8457464aea48,1,1823499,1823517,1828559,1829729,5042,5060,18,0,0,0
1828579,b0333c0d-5381-e235-f1cf-c83f359ee84a,1,1823526,1823577,1828579,1826800,5002,5053,51,0,0,0
1828537,95be6c8a-9ff7-007b-27e9-184f07918b35,1,1823547,1823577,1828537,1826480,4960,4990,30,0,0,0
1828532,9dec2b83-3885-8f7e-2f1a-25a829344e15,1,1823566,1823577,1828532,1830501,4955,4966,11,0,0,0
1828582,6f8963b3-d5b5-c24c-bd9e-599373230f23,1,1823542,1823577,1828582,1828903,5005,5040,35,0,0,0
1828691,42b07e31-2f3f-be11-173a-603d7feb25e2,1,1823775,1823797,1828691,1830687,4894,4916,22,0,0,0
1828665,1f79260c-9020-dde2-60b2-55bf67ba189d,1,1823795,1823797,1828665,1829429,4868,4870,2,0,0,0
1828683,16acb78e-1a61-7efe-85d8-cc0839819354,1,1823796,1823797,1828683,1828251,4886,4887,1,0,0,0
1828753,7a0430c4-58fc-8448-e555-e0870ebb51ae,1,1823805,1823857,1828753,1826560,4896,4948,52,0,0,0
1828786,2dd93719-f8d9-bf33-06d9-03c0ad987301,1,1824381,1824381,1828786,1827448,4405,4405,0,0,0,0
1828823,aeb4eb8e-dd23-a782-d27a-1a33f5110f36,1,1823861,1823917,1828823,1830563,4906,4962,56,0,0,0
1829027,21d67c73-0b32-8c23-ef47-0a44a4fcc79c,1,1826356,1826384,1829027,1828893,2643,2671,28,0,0,0
1829154,5207c6cc-9b5a-d674-8896-54b2ce926059,1,1827798,1827798,1829154,1828630,1356,1356,0,0,0,0
1829355,98507072-7f44-cbca-1d3a-e1311b388581,1,1824319,1824319,1829355,1830156,5036,5036,0,0,0,0
1830149,727dda84-8e02-3ef0-015c-e9f42e106355,1,1823116,1823125,1830149,1827878,7024,7033,9,0,0,0
1831502,ba388c8f-1393-09d1-a06a-187de2e6e7a6,1,1826475,1826526,1831502,1829088,4976,5027,51,0,0,0
1831759,d61968aa-7fb8-66b2-0573-3d101d3ebe5b,1,1826716,1826716,1831759,1830940,5043,5043,0,0,0,0
1831787,d317d8c9-1060-573a-721b-770724877651,1,1826727,1826776,1831787,1833973,5011,5060,49,0,0,0
1831822,b695c2bf-8379-05ed-afc8-d769026e6d11,1,1826820,1826836,1831822,1831440,4986,5002,16,0,0,0
1831823,d498736f-6eb7-808b-7f57-2473098364e3,1,1826836,1826836,1831823,1833422,4987,4987,0,0,0,0
1831853,4458b006-332c-ce0a-0e7d-a698ab95c72f,1,1826837,1826896,1831853,1829894,4957,5016,59,0,0,0
1831863,fe12ace5-09f0-8f24-e28f-553768a64d97,1,1826850,1826896,1831863,1833950,4967,5013,46,0,0,0
1832010,209f4ff2-10a7-1298-bef8-1d8520d4c165,1,1827045,1827056,1832010,1831098,4954,4965,11,0,0,0
1832060,9f35ba40-43e2-ecaf-d767-a0d7e8b2f81a,1,1827060,1827116,1832060,1833661,4944,5000,56,0,0,0
1832107,58f1a399-fbc7-7e98-77ad-0afc5f429866,1,1827288,1827296,1832107,1829887,4811,4819,8,0,0,0
1832148,fab87bb6-0a4c-b231-2d6c-18d074c0bea3,1,1827050,1827056,1832148,1832250,5092,5098,6,0,0,0
1832139,e9eba9fe-9a5e-63f5-cc94-d15ca13d2600,1,1827267,1827296,1832139,1833539,4843,4872,29,0,0,0
1832206,04aa8f68-b9ae-4292-4012-1516f1e7a280,1,1827259,1827296,1832206,1834049,4910,4947,37,0,0,0
1832218,574aa942-415a-51ff-2fb2-a0d7e47ca3af,1,1827338,1827356,1832218,1832531,4862,4880,18,0,0,0
1832208,6d3e4848-54d7-a728-99e3-05e54a5039e6,1,1827361,1827416,1832208,1831271,4792,4847,55,0,0,0
1832300,c31db215-d7d0-dc99-645a-e8eec8c6a8b1,1,1827281,1827296,1832300,1834176,5004,5019,15,0,0,0
1832265,0dd7cac2-8a10-55c5-34b0-738e3e040782,1,1827309,1827356,1832265,1831647,4909,4956,47,0,0,0
1832261,b944e469-2ef6-a152-bbc2-ede622758233,1,1827323,1827356,1832261,1832251,4905,4938,33,0,0,0
1832400,f1530f68-9215-583a-9532-caba7af985ff,1,1827255,1827296,1832400,1832169,5104,5145,41,0,0,0
1832453,1c852510-1bfd-f626-7a93-ef0e780d90b6,1,1827523,1827536,1832453,1831908,4917,4930,13,0,0,0
1832426,acdfe0ff-c5ed-3982-760b-36736422a73e,1,1827529,1827536,1832426,1830665,4890,4897,7,0,0,0
1832457,0c36ad4e-915d-9a63-dbc6-c9288fe84e20,1,1827536,1827536,1832457,1833706,4921,4921,0,0,0,0
1832471,f859396d-c37a-9ab0-85eb-43c898ff805c,1,1827531,1827536,1832471,1831296,4935,4940,5,0,0,0
1832522,2875ad5d-2d06-f862-8990-779cecc3b699,1,1827395,1827416,1832522,1834469,5106,5127,21,0,0,0
1832526,a513964e-965a-693e-85b6-9e95cc009f08,1,1827587,1827596,1832526,1832732,4930,4939,9,0,0,0
1832580,5b69a9a8-f8e9-ed27-5c3d-bae4c1315e84,1,1827645,1827656,1832580,1830871,4924,4935,11,0,0,0
1832624,c6e19fd7-390e-9f57-363d-2fb56baf1e8f,1,1827584,1827596,1832624,1830618,5028,5040,12,0,0,0
1832818,fd8fb938-fbac-9ade-7fe4-36d1994f7c31,1,1826785,1826836,1832818,1833745,5982,6033,51,0,0,0
1832874,51ccaa40-2316-7b59-cfbb-f4e3e160e35b,1,1827814,1827858,1832874,1832862,5016,5060,44,0,0,0
1832827,0937a982-96f4-8688-333b-5a5d0a45f604,1,1827821,1827858,1832827,1830295,4969,5006,37,0,0,0
1832923,85915047-e6a5-17d0-63c8-1fb94be730a1,1,1827861,1827918,1832923,1835256,5005,5062,57,0,0,0
1832944,a76c11cb-66f2-9d1d-03d6-af3f2c727675,1,1827913,1827918,1832944,1831413,5026,5031,5,0,0,0
1833894,81496136-6bc8-22f4-6893-a38a14dd9314,1,1823022,1823065,1833894,1837904,10829,10872,43,0,0,0
1836839,330c8461-0d06-d891-6980-8e3c9fa3fe4b,1,1834299,1834299,1836839,1837085,2540,2540,0,0,0,0
1838117,0e77b689-3d40-7ee0-3a36-a26d42c0d1c2,1,1821407,1821449,1838117,1839285,16668,16710,42,0,0,0
1838259,054d35aa-2899-8ac0-4c2e-a4dc685b2cbc,1,1826379,1826384,1838259,1838707,11875,11880,5,0,0,0
1839234,3a42958b-65c2-e80d-dd8f-3007263749ec,1,1837279,1837293,1839234,1838526,1941,1955,14,0,0,0
1839522,0fc64cf0-108d-1f04-2948-9bdac1199d43,4,1831799,1831819,1839522,1840633,7703,7723,20,0,0,0
1840737,4dc4f59c-355c-dfff-5ffa-7dbe63436870,1,1825822,1825822,1840737,1840348,14915,14915,0,0,0,0
1841815,d66de2a1-2776-64d0-d25c-7d37ef16d03b,1,1836510,1836510,1841815,1839933,5305,5305,0,0,0,0
1842201,0d559b64-e334-7bac-5c44-ebd132df8d45,1,1837145,1837145,1842201,1843614,5056,5056,0,0,0,0
1842226,679b03d4-fdc6-aebf-b96a-3419f906dfde,1,1837233,1837233,1842226,1843905,4993,4993,0,0,0,0
1842240,fae9df3f-585b-8128-4002-c5eb9cd3e931,1,1837264,1837293,1842240,1844627,4947,4976,29,0,0,0
1842255,bca83a82-7899-7035-7ddf-8484f0c44ecb,1,1837326,1837353,1842255,1840684,4902,4929,27,0,0,0
1842306,cef44098-4d9d-1bb1-a00f-80d49d0a94df,1,1837366,1837413,1842306,1839967,4893,4940,47,0,0,0
1842294,c1f31143-93ac-ceb8-8ab5-a7999e63638c,1,1837372,1837413,1842294,1843415,4881,4922,41,0,0,0
1842371,3334cd07-e6b3-6561-966d-273534952c00,1,1837081,1837081,1842371,1842142,5290,5290,0,0,0,0
1842370,af838c06-caa5-d22a-6ed7-149f00fbbb90,1,1837308,1837353,1842370,1843039,5017,5062,45,0,0,0
1842387,0331bd0d-13ba-8d24-3ebb-527c1438e799,1,1837470,1837473,1842387,1842619,4914,4917,3,0,0,0
1844033,b2d7692a-eb70-bda9-cd66-d79dd0170108,1,1838796,1838796,1844033,1845930,5237,5237,0,0,0,0
1843984,7414e3e1-a387-1e92-1362-0119efa9a0a3,1,1838862,1838862,1843984,1846022,5122,5122,0,0,0,0
1844069,18a440bd-1c47-60a5-5270-2b29a41247a2,1,1839166,1839166,1844069,1844488,4903,4903,0,0,0,0
1844197,5738db52-126c-4e50-dd4f-4af28becb8cc,1,1839260,1839294,1844197,1842801,4903,4937,34,0,0,0
1845568,301c6abf-c773-9d46-26e6-a84a46178161,1,1837274,1837293,1845568,1845024,8275,8294,19,0,0,0
1845922,8f56fffc-c1bb-b767-4bd4-01528f7bf6c2,1,1841541,1841554,1845922,1846847,4368,4381,13,0,0,0
1846060,d5b5984b-50af-9b53-ec4f-98383b1f3a0d,1,1839269,1839294,1846060,1846742,6766,6791,25,0,0,0
1846069,f9285706-577c-9717-836a-58870a5a2698,1,1841494,1841494,1846069,1846923,4575,4575,0,0,0,0
1846159,2ba95b90-9654-a5e4-3a65-860330b6857a,1,1840828,1840852,1846159,1845019,5307,5331,24,0,0,0
1846480,bbe43aa7-8c58-fff0-a15c-f032930e7347,1,1841353,1841353,1846480,1847398,5127,5127,0,0,0,0
1846592,e99d6b91-0715-92d9-7616-b5036906b588,1,1841558,1841614,1846592,1844947,4978,5034,56,0,0,0
1846661,9f8c2c51-9f39-36a5-4d81-31f52719bfdb,1,1841524,1841554,1846661,1846596,5107,5137,30,0,0,0
1846680,cac19d2e-1d15-571c-5100-1ab9dd42da67,1,1841771,1841771,1846680,1848531,4909,4909,0,0,0,0
1846913,a5b01639-0895-4db1-45e5-26e19b559178,1,1842536,1842536,1846913,1845325,4377,4377,0,0,0,0
1847033,88bbc5bb-64d3-6090-98d0-fc616cb2170b,1,1842702,1842702,1847033,1847064,4331,4331,0,0,0,0
1847845,1eca80e9-68bd-47aa-9666-600eeb0f61a4,1,1842724,1842762,1847845,1847599,5083,5121,38,0,0,0
1847860,461bcbc3-09d2-61e0-66ba-7e5121de2360,1,1843547,1843547,1847860,1848392,4313,4313,0,0,0,0
1848399,a1243bea-0da2-6154-3f46-a43a53e2e047,1,1843992,1844043,1848399,1847498,4356,4407,51,0,0,0
1848408,71f34593-a737-d19b-a1e0-9bf146748ee4,1,1844000,1844043,1848408,1846239,4365,4408,43,0,0,0
1848503,b2cc4372-6532-b3ae-16f7-91ac4cf6a297,1,1843629,1843629,1848503,1847634,4874,4874,0,0,0,0
1848623,6766d37b-6fa1-79a5-7a67-58707d9d2b3b,1,1844163,1844163,1848623,1850650,4460,4460,0,0,0,0
1848687,8da4afbe-1bf5-3332-ceb1-8cd30e9f52f7,1,1843746,1843746,1848687,1848545,4941,4941,0,0,0,0
1848723,be00b0cb-c1ef-5aef-2a38-746e528f2346,1,1844281,1844283,1848723,1850687,4440,4442,2,0,0,0
1848714,21a496a8-638b-9370-d35d-1936d7d2f88f,1,1844283,1844283,1848714,1847441,4431,4431,0,0,0,0
1848769,fdb7c107-01e7-cde7-33a2-ca5f46834cc5,1,1843803,1843806,1848769,1848841,4963,4966,3,0,0,0
1848765,1f7bd82f-2345-0e72-d1b4-856255a8d6a1,1,1844179,1844223,1848765,1847763,4542,4586,44,0,0,0
1848877,21351574-4adb-8f79-ff82-bf843e86cc14,1,1843923,1843923,1848877,1850612,4954,4954,0,0,0,0
1848971,b74966cb-25df-c8fa-65c6-5c7b5c6ebf5a,1,1843979,1843983,1848971,1848369,4988,4992,4,0,0,0
1848980,0e5d8626-19f7-f775-0f2f-633b60013e38,1,1844058,1844103,1848980,1850915,4877,4922,45,0,0,0
1848989,c49b9178-43a2-99e4-f981-f289185c39ed,1,1844618,1844653,1848989,1848257,4336,4371,35,0,0,0
1849110,46a3cc71-ff2f-6883-163b-5481284e4cd4,1,1844080,1844103,1849110,1849026,5007,5030,23,0,0,0
1849183,ba5916c5-9de6-7f2c-57bd-9ee6e63f6d3a,1,1844306,1844343,1849183,1849556,4840,4877,37,0,0,0
1849187,b64e26cf-3c9b-a542-bb1d-23a8d8c823b0,1,1844803,1844833,1849187,1847404,4354,4384,30,0,0,0
1849329,48817b98-741f-5545-4e4c-01f676b1d8fa,1,1844928,1844953,1849329,1849438,4376,4401,25,0,0,0
1849386,f1d799af-f2f0-9a8c-1825-068b11997084,1,1844473,1844473,1849386,1847662,4913,4913,0,0,0,0
1849472,95a15905-591c-c4b6-94aa-600af487a21f,1,1844494,1844533,1849472,1851517,4939,4978,39,0,0,0
1849609,39ee80ab-46c9-37e0-d0c5-9550f69a0539,1,1844524,1844533,1849609,1848087,5076,5085,9,0,0,0
1849692,57f7d71f-2978-cc73-1440-adec12439b0f,1,1844718,1844773,1849692,1851630,4919,4974,55,0,0,0
1849702,184c4178-935c-31d1-193c-5319f43e075b,1,1844772,1844773,1849702,1851709,4929,4930,1,0,0,0
1849766,b8fc7513-1b3f-d4b0-9550-9b75c7cfb659,1,1844859,1844893,1849766,1850824,4873,4907,34,0,0,0
1849778,5639117a-1e78-ba02-4b1b-bb3ab6448d24,1,1845048,1845073,1849778,1851983,4705,4730,25,0,0,0
1849785,197634e5-054b-ffbb-7ad8-66baf252f8f9,1,1845449,1845449,1849785,1850051,4336,4336,0,0,0,0
1849829,850cddfd-1c3d-ae19-7745-55601fa54251,1,1844565,1844593,1849829,1852006,5236,5264,28,0,0,0
1849938,806a29ad-f6b2-e778-fe50-8d4d293a60be,1,1844976,1845013,1849938,1850440,4925,4962,37,0,0,0
1849997,de60d544-e953-1b87-c344-819d1d80f7cd,1,1845051,1845073,1849997,1849667,4924,4946,22,0,0,0
1850014,d90949aa-9bdd-3d7a-6d53-628b49851b79,1,1845073,1845073,1850014,1849470,4941,4941,0,0,0,0
1850015,e581620f-dc0d-b266-0e29-ed9a0518bd4d,1,1845079,1845133,1850015,1847573,4882,4936,54,0,0,0
1850118,93c6267d-dead-44fc-f395-26574ea12bd9,1,1845186,1845193,1850118,1847778,4925,4932,7,0,0,0
1850168,e2b845b7-f0f5-bdc1-d1ed-43ba65c65e05,1,1844982,1845013,1850168,1849913,5155,5186,31,0,0,0
1850212,0ee52f63-9caf-8df1-3584-5d71b221e1c5,1,1844971,1845013,1850212,1851895,5199,5241,42,0,0,0
1850197,05b08ce0-d09f-5fc4-39e8-2ba53ecbc10b,1,1845023,1845073,1850197,1850355,5124,5174,50,0,0,0
1850238,32f9b771-0799-7940-f9ad-de7d0b3d58ad,1,1845274,1845313,1850238,1849545,4925,4964,39,0,0,0
1850218,3e84455f-a755-3468-de74-e1224aed4cc8,1,1845321,1845373,1850218,1849745,4845,4897,52,0,0,0
1850475,d73794d5-4cd3-6406-e0bd-60442e18b22b,1,1845201,1845253,1850475,1849222,5222,5274,52,0,0,0
1850499,ab1e5fcf-3abe-bcc1-d115-a0ca09e8ede2,1,1845268,1845313,1850499,1850964,5186,5231,45,0,0,0
1850549,276e1d67-00a0-586e-ca8d-5d5a06defca8,1,1849605,1849605,1850549,1850624,944,944,0,0,0,0
1851468,00cb9caa-bbdf-b574-49b8-f7ba98a7fea2,1,1845337,1845373,1851468,1852501,6095,6131,36,0,0,0
1851971,fa3f012e-4d71-1f28-6185-21ab9ea1e617,1,1851015,1851015,1851971,1851721,956,956,0,0,0,0
1852866,9ef01577-b980-e521-7b3c-fc106bc71d7f,1,1852182,1852212,1852866,1852837,654,684,30,0,0,0
1853918,fcea545a-c066-98e4-b013-b8e468729600,1,1852152,1852152,1853918,1853173,1766,1766,0,0,0,0
1857710,39323a07-2ec3-f8e0-4d62-00500b3b5efa,4,1855655,1855655,1857710,1858180,2055,2055,0,0,0,0
1858989,e6defc16-ea6d-ccb6-a245-65d450026d68,1,1853782,1853782,1858989,1858195,5207,5207,0,0,0,0
1859133,dfae1803-93d7-97e7-2392-3df45fec59ac,1,1854092,1854149,1859133,1857663,4984,5041,57,0,0,0
1859149,f6d20b48-7477-c444-0a17-c5acccdf1d3e,1,1854269,1854269,1859149,1857163,4880,4880,0,0,0,0
1859205,75e913d8-2a53-dbd6-655f-daa5756e3fd6,1,1854325,1854329,1859205,1858445,4876,4880,4,0,0,0
1859225,f3f48d53-1120-c1b7-1b23-91f0f620e4c0,1,1853833,1853842,1859225,1860851,5383,5392,9,0,0,0
1859243,cf5e7840-bdc5-51bb-5c4e-3b0054ca4adc,1,1854029,1854029,1859243,1857399,5214,5214,0,0,0,0
1859226,30afe613-9dc4-f583-038e-f7af67ccfa38,1,1854244,1854269,1859226,1861154,4957,4982,25,0,0,0
1859241,f2491816-154f-9eb4-5316-7cb55e7e00e5,1,1854280,1854329,1859241,1856939,4912,4961,49,0,0,0
1859354,dff47c51-5ed1-0e7f-6bb1-f2bc85a4b0cb,1,1854069,1854089,1859354,1860156,5265,5285,20,0,0,0
1859418,ee6c69f7-f8c9-2b4a-8d2f-2114da72ab37,1,1854205,1854209,1859418,1857641,5209,5213,4,0,0,0
1859466,24c58b47-1609-34d1-9912-509096516ec2,1,1854590,1854590,1859466,1860990,4876,4876,0,0,0,0
1859667,5b7117bd-2442-1191-fe7c-7d6ea8cc4515,1,1854735,1854735,1859667,1858346,4932,4932,0,0,0,0
1859722,49e785c7-cbd8-715e-ae98-b722cf97b016,1,1854787,1854795,1859722,1860330,4927,4935,8,0,0,0
1859735,ee3f0127-d7de-7f4d-39ec-02ca9e4152f9,1,1854846,1854855,1859735,1858985,4880,4889,9,0,0,0
1859764,91ae757c-8607-f228-d20b-58cfbb916d1c,1,1854787,1854795,1859764,1858462,4969,4977,8,0,0,0
1859807,a4f954fc-c449-21b6-cfef-7811e124c3f2,1,1854875,1854915,1859807,1859908,4892,4932,40,0,0,0
1861133,2e740569-5346-405c-f60c-2dd39d4e42f2,1,1860209,1860209,1861133,1861256,924,924,0,0,0,0
1861580,44482593-e232-7c25-fcd6-2aba93c1392f,1,1860648,1860648,1861580,1861359,932,932,0,0,0,0
1862653,340155bd-b6ac-1c8e-3977-c7b41e56d346,1,1861471,1861471,1862653,1863096,1182,1182,0,0,0,0
1863148,5e244824-a5cb-3c6e-b5a4-c55bb4629214,1,1857640,1857682,1863148,1865000,5466,5508,42,0,0,0
1863326,e6267164-d361-6b3a-7cff-ae922c435667,1,1858926,1858926,1863326,1863793,4400,4400,0,0,0,0
1863583,cec7b903-e369-f1c0-c0a8-5dbdbf5a910f,1,1859203,1859211,1863583,1865489,4372,4380,8,0,0,0
1863646,acd3d56f-3257-69cd-5571-276b33474b1b,1,1859210,1859211,1863646,1861722,4435,4436,1,0,0,0
1863656,fe7b178d-fb0e-7c28-c110-bcfef1aa9ba0,1,1859228,1859271,1863656,1864396,4385,4428,43,0,0,0
1863674,87beb021-f636-14f5-50d0-f83dadb1be7a,1,1859228,1859271,1863674,1862171,4403,4446,43,0,0,0
1863702,39b9c13a-56fe-972b-5acb-287dd5949c84,1,1859273,1859331,1863702,1862418,4371,4429,58,0,0,0
1863753,c36db2ec-eeda-69bc-9c40-6cbe50f370af,1,1859091,1859091,1863753,1862122,4662,4662,0,0,0,0
1863851,44cca057-5c98-08f4-4636-8d129d94813f,1,1859178,1859211,1863851,1864669,4640,4673,33,0,0,0
1863896,c4e57a92-98d5-16b9-7128-7916248bd5aa,1,1859189,1859211,1863896,1863502,4685,4707,22,0,0,0
1863924,060fc65e-9011-be99-9aee-c74ff2591fc7,1,1859529,1859571,1863924,1865457,4353,4395,42,0,0,0
1864060,c8794a56-a795-4d2b-9296-81b00d5979bf,1,1859521,1859571,1864060,1866126,4489,4539,50,0,0,0
1864147,1b4909b6-5cbd-b682-68aa-123650deef43,1,1859707,1859751,1864147,1864915,4396,4440,44,0,0,0
1864148,2233212a-f526-4ea2-7953-3cb78ef1a114,1,1859594,1859631,1864148,1861842,4517,4554,37,0,0,0
1864178,069ccc0a-c884-4f88-074a-588f5231d2a5,1,1859779,1859811,1864178,1864642,4367,4399,32,0,0,0
1864305,b21eafab-f649-09e8-1e03-2a652346f26d,1,1859386,1859391,1864305,1861858,4914,4919,5,0,0,0
1864459,f2d1e6c1-fc8a-d016-3808-0dba6273f164,1,1859880,1859880,1864459,1863764,4579,4579,0,0,0,0
1865646,164b85f0-cbfc-721c-7f78-042820bb859a,1,1864306,1864365,1865646,1865918,1281,1340,59,0,0,0
1865793,16f32b93-21c5-7a88-77d4-68eae0bdd765,1,1864884,1864884,1865793,1865697,909,909,0,0,0,0
1865874,63a35592-34ef-a156-255a-b787a292bd6c,1,1864402,1864425,1865874,1865297,1449,1472,23,0,0,0
1865987,79ba19db-6be1-610b-28a3-df6e02059f80,1,1865328,1865355,1865987,1865794,632,659,27,0,0,0
1866909,f7df9baf-f2a8-1e6e-1c3d-a4eba012c6c2,1,1861980,1861980,1866909,1866379,4929,4929,0,0,0,0
1867025,a13ecf15-72cf-bb0e-5db2-f6cee5190530,1,1862115,1862115,1867025,1867238,4910,4910,0,0,0,0
1867079,c05e5ade-b303-0188-f378-cb94478b2f00,1,1862146,1862175,1867079,1866543,4904,4933,29,0,0,0
1867093,aee4f488-df41-c155-18d2-bfd058622bb4,1,1862174,1862175,1867093,1865748,4918,4919,1,0,0,0
1867142,9099a283-eedb-0ce5-a7fe-cdcd2528b516,1,1862212,1862235,1867142,1868235,4907,4930,23,0,0,0
1867155,209ebc46-44b6-cc9e-8904-59d78c69e2e8,1,1862317,1862317,1867155,1867087,4838,4838,0,0,0,0
1867182,92a593c8-1db9-2330-f127-6a5cbe9f44cb,1,1862185,1862235,1867182,1867167,4947,4997,50,0,0,0
1867167,7c4cec7d-ce55-754e-b68d-6f3819e3b84f,1,1862203,1862235,1867167,1866940,4932,4964,32,0,0,0
1867197,b16d3da7-1d8b-f69b-f8ef-0017bf89444e,1,1862317,1862317,1867197,1865592,4880,4880,0,0,0,0
1867341,311f5d4a-c258-9de2-cf26-54892ec75a83,1,1866651,1866683,1867341,1867003,658,690,32,0,0,0
1867294,bd0c1656-de37-3877-3ee6-187277f4d7f9,1,1866652,1866683,1867294,1867497,611,642,31,0,0,0
1867301,b55a478e-0541-f3ca-6e12-bda9b2ec7ff4,1,1866682,1866683,1867301,1867029,618,619,1,0,0,0
1867389,e71594ff-d6a6-e618-4eb1-8c8843b63613,1,1866593,1866623,1867389,1867080,766,796,30,0,0,0
1867540,f34bfa59-a525-23e3-e093-97d5d3a1b88a,1,1862537,1862590,1867540,1866099,4950,5003,53,0,0,0
1867584,9dcb65be-3fc0-796e-44f4-caeb49a4443e,1,1862374,1862377,1867584,1867982,5207,5210,3,0,0,0
1867643,c02627d1-fbd1-b0c0-dbfe-679afbcbd6ec,1,1862679,1862710,1867643,1867118,4933,4964,31,0,0,0
1867716,7636ae1c-e961-71f3-0130-8be0fcea9a96,1,1862748,1862770,1867716,1869334,4946,4968,22,0,0,0
1867811,a1d78199-d8ed-0649-ca82-673019977e2e,1,1862723,1862770,1867811,1866227,5041,5088,47,0,0,0
1867978,8c1046bf-24b3-7794-293d-b7fa8e8ded45,1,1863516,1863550,1867978,1867999,4428,4462,34,0,0,0
1868061,05cf079e-a095-2c4d-f3bd-2348854bc8fa,1,1863103,1863130,1868061,1866641,4931,4958,27,0,0,0
1868165,c161b06c-1397-b542-5e65-3990fecd0ded,1,1863093,1863130,1868165,1867304,5035,5072,37,0,0,0
1868218,fe8db353-e16b-1b8c-e3ac-d21a7387a600,1,1862889,1862890,1868218,1869771,5328,5329,1,0,0,0
1868196,19b627b5-4c2b-fa96-a86c-1d888d67e82c,1,1863195,1863250,1868196,1866329,4946,5001,55,0,0,0
1868203,0db4897a-4b18-8a0d-e0b7-d81890c97f32,1,1866950,1866983,1868203,1868169,1220,1253,33,0,0,0
1868281,1e014975-080d-2370-dad4-c20f9b4dbb90,1,1862920,1862950,1868281,1869783,5331,5361,30,0,0,0
1868231,933c8d00-8680-0a0b-4279-1490510564f9,1,1863160,1863190,1868231,1867727,5041,5071,30,0,0,0
1868296,5550f4ea-a86b-f8b5-17cc-b76c6b905645,1,1863294,1863310,1868296,1869217,4986,5002,16,0,0,0
1868345,97c6eb3c-cb5a-1c0e-1834-a40dbecfdded,1,1863305,1863310,1868345,1869526,5035,5040,5,0,0,0
1868414,743b9f71-7807-c947-02c2-b367c74d8df0,1,1863293,1863310,1868414,1866329,5104,5121,17,0,0,0
1868490,e581c1bc-6843-ee98-54d1-44d518ede297,1,1863476,1863490,1868490,1866390,5000,5014,14,0,0,0
1868502,7d9704fe-8dca-3908-4a1a-421961bba5fb,1,1866657,1866683,1868502,1868123,1819,1845,26,0,0,0
1868520,9a106a52-6408-7ac9-fbf6-76af7537e85e,1,1867685,1867720,1868520,1868110,800,835,35,0,0,0
1868588,826f081a-0651-a897-0f54-c086450511e1,1,1863297,1863310,1868588,1867621,5278,5291,13,0,0,0
1868610,3fb00e1b-abc8-36cf-f798-bd221eb6d3f0,1,1863345,1863370,1868610,1871033,5240,5265,25,0,0,0
1868603,dcb913b4-7d3d-16ca-8592-a38fdb62a1f7,1,1863564,1863610,1868603,1867622,4993,5039,46,0,0,0
1868670,e473b0b0-9017-04a8-c279-d9137afd2923,1,1863412,1863430,1868670,1870036,5240,5258,18,0,0,0
1868713,7c12d198-50c1-b8f7-e764-28c4197fa0fd,1,1863656,1863670,1868713,1869135,5043,5057,14,0,0,0
1868738,bd5a6112-d1b2-2e3c-2ede-2487373058be,1,1863512,1863550,1868738,1869018,5188,5226,38,0,0,0
1868740,9341dd73-a5d8-d541-2e82-2ce612b1d17e,1,1863652,1863670,1868740,1870958,5070,5088,18,0,0,0
1868774,06339f7f-8ec4-6aab-aefb-4b37a50ee5e7,1,1866661,1866683,1868774,1869342,2091,2113,22,0,0,0
1868857,5ef1cb5b-37ed-ae1a-36eb-aef4bcef2c15,1,1863818,1863850,1868857,1867507,5007,5039,32,0,0,0
1869166,ccbdd15e-e7f0-916e-bf78-bad808c2fd6f,1,1866578,1866623,1869166,1869878,2543,2588,45,0,0,0
1870599,dbc21e42-fd0d-4cb1-c916-7a93ada63c4b,1,1868500,1868550,1870599,1870594,2049,2099,50,0,0,0
1870624,08a5ad03-3f4f-a031-b025-5b9dc5bcc4cd,1,1869887,1869887,1870624,1870299,737,737,0,0,0,0
1870656,b89b9722-3aa4-ecd7-c9e5-8ebc673d4de0,1,1865760,1865760,1870656,1868747,4896,4896,0,0,0,0
1871048,1aedbcfd-a357-e4ea-0e80-c78a6bf2d5d9,1,1870115,1870127,1871048,1871054,921,933,12,0,0,0
1871052,704d628f-35a7-58ab-6aed-979fb2ac4768,1,1865901,1865940,1871052,1871886,5112,5151,39,0,0,0
1871078,b993ff63-c6b1-8d94-324b-cc3d9a7791a2,1,1865950,1866000,1871078,1868853,5078,5128,50,0,0,0
1871081,e6876705-0431-59ef-246e-c70f3e97037d,1,1865956,1866000,1871081,1871947,5081,5125,44,0,0,0
1871132,29cd4d5c-4d8c-c9c6-33a2-b47b35746477,1,1866010,1866060,1871132,1870594,5072,5122,50,0,0,0
1871135,f740d87c-500a-174e-af65-e8ccf9cf8499,1,1866060,1866060,1871135,1871539,5075,5075,0,0,0,0
1871261,1ecadf24-f0d1-fa72-cb2c-7b1df5418b22,1,1866197,1866197,1871261,1869837,5064,5064,0,0,0,0
1871456,d58c449e-57e0-d57b-b3ab-800b8523d070,1,1866326,1866377,1871456,1870411,5079,5130,51,0,0,0
1871464,ef3bbcb5-4135-24d3-0108-cc5d9351a5da,1,1866345,1866377,1871464,1868975,5087,5119,32,0,0,0
1871476,e754d4c3-0298-8dd2-4c7b-34e22e07cb63,1,1866443,1866443,1871476,1872727,5033,5033,0,0,0,0
1871577,c5828939-058e-389e-509d-97cddb107e7f,1,1866628,1866683,1871577,1873105,4894,4949,55,0,0,0
1871809,2b5997f2-c447-ee3f-0525-c1b4f73c6a1f,1,1866634,1866683,1871809,1872263,5126,5175,49,0,0,0
1871820,44852295-1566-8483-c526-6dc83f936724,1,1866805,1866863,1871820,1869398,4957,5015,58,0,0,0
1871866,4da838b7-6947-cbac-f610-f40d69fe890f,1,1870612,1870624,1871866,1871834,1242,1254,12,0,0,0
1871985,8aa6b006-436a-db9d-d1c5-6a004bb13407,1,1866938,1866983,1871985,1873737,5002,5047,45,0,0,0
1872037,18a73d94-a13e-a66d-d6c6-d99779fe7ccc,1,1866962,1866983,1872037,1870372,5054,5075,21,0,0,0
1872393,44f7f01a-3cb5-26d7-434a-130e8c6ea6ad,1,1857322,1857322,1872393,1871898,15071,15071,0,0,0,0
1872508,f395c213-79ee-f2c0-aa7a-907d41f3f1b9,1,1867231,1867283,1872508,1874921,5225,5277,52,0,0,0
1873338,d2f629ca-bbe2-77ba-384a-996719ef13bf,1,1872662,1872662,1873338,1873271,676,676,0,0,0,0
1873792,55082167-2ff5-cdab-2aa9-46d411c7c76c,1,1871077,1871108,1873792,1873087,2684,2715,31,0,0,0
1873909,1391d18a-8171-d955-8f7a-1e435a1ba9db,1,1871384,1871438,1873909,1874209,2471,2525,54,0,0,0
1874380,f5d68c8f-299c-cd73-4295-f5c984d77929,1,1870039,1870067,1874380,1873711,4313,4341,28,0,0,0
1874453,39590149-077f-6e36-1a4d-67db9e33bdbc,1,1869894,1869947,1874453,1874577,4506,4559,53,0,0,0
1874538,23d2789d-ce2c-c739-a552-abc65a86503a,1,1872105,1872105,1874538,1874072,2433,2433,0,0,0,0
1874598,712ab8eb-3756-b005-8844-bc0caccfb130,1,1870202,1870247,1874598,1874117,4351,4396,45,0,0,0
1874581,89a92af3-a0ca-0f8e-e1ef-2dd3461633bc,1,1870203,1870247,1874581,1873543,4334,4378,44,0,0,0
1874626,c229a415-cb5f-8951-c534-f723c75694ac,1,1869914,1869947,1874626,1872721,4679,4712,33,0,0,0
1874644,be5f902f-b58a-c738-0166-72213063ae7f,1,1869919,1869947,1874644,1872963,4697,4725,28,0,0,0
1874636,b960df1f-1715-2d76-6fc1-aaeb340ce8c9,1,1870023,1870067,1874636,1876170,4569,4613,44,0,0,0
1874679,696c5060-cbb4-74a3-3763-4604fe048d5a,1,1870197,1870247,1874679,1875024,4432,4482,50,0,0,0
1874755,c9ac376c-fe11-230e-50fc-fdaa274b369e,1,1870374,1870374,1874755,1872608,4381,4381,0,0,0,0
1874766,e5865a54-7e1e-35dd-6db4-f81c8a55b7c4,1,1870419,1870434,1874766,1874821,4332,4347,15,0,0,0
1874820,6b4203f7-d2cd-2f44-14ed-228b65773498,1,1870036,1870067,1874820,1872970,4753,4784,31,0,0,0
1874853,2a869922-f492-7b35-36c2-1bc3d799d80d,1,1870254,1870307,1874853,1876002,4546,4599,53,0,0,0
1874827,b4522738-e073-09de-6a8f-7654155287c7,1,1870281,1870307,1874827,1875904,4520,4546,26,0,0,0
1875025,7e1f48c4-a9d6-290d-f4ad-fa22ad0205f5,1,1870504,1870504,1875025,1874313,4521,4521,0,0,0,0
1875062,8a5a4272-5f90-ee57-2472-2a76f7c90c89,1,1870552,1870564,1875062,1873511,4498,4510,12,0,0,0
1875044,73d12f3e-5860-c4f4-5f70-b9511038f676,1,1870569,1870624,1875044,1875383,4420,4475,55,0,0,0
1875145,7416386b-46af-040d-55d8-a81a81ceb20e,1,1870518,1870564,1875145,1874210,4581,4627,46,0,0,0
1875910,7a0ffa86-5eac-a15d-7274-2e763b6becb7,1,1837721,1837721,1875910,1858930,38189,38189,0,0,0,0
1876567,6ed47a6d-87c9-daac-b5d3-4f2f513bb65c,1,1872314,1872314,1876567,1874831,4253,4253,0,0,0,0
1877196,84c42de1-7e5d-a21a-9b81-b89887916cbe,1,1871378,1871378,1877196,1876045,5818,5818,0,0,0,0
1877300,256df639-edd9-636e-3132-8995fd8ac696,1,1863521,1863550,1877300,1874865,13750,13779,29,0,0,0
1878577,7ec391ef-44ad-2484-b112-3048e128b9a8,1,1870613,1870624,1878577,1878829,7953,7964,11,0,0,0
1879520,8be15610-b234-8948-e4f2-ae4cf016716b,1,1871060,1871108,1879520,1880587,8412,8460,48,0,0,0
1879692,25e42403-64f2-502e-c94f-6ed34a2f3876,1,1879019,1879072,1879692,1879423,620,673,53,0,0,0
1880399,7d957e47-aed1-4cec-3cd7-e0eabf817a17,1,1876834,1876834,1880399,1880808,3565,3565,0,0,0,0
1880559,11654cb3-d4e9-9a65-022b-7e76ac3cbe34,1,1838289,1838319,1880559,1868046,42240,42270,30,0,0,0
1880610,10f35676-5a85-3cd8-cbb8-6be0e355e636,1,1875411,1875455,1880610,1878139,5155,5199,44,0,0,0
1880602,3e0c5ec5-df74-8fb5-d5e6-162f8efadaa1,1,1875501,1875515,1880602,1880533,5087,5101,14,0,0,0
1880689,d0ef1299-250b-1c5a-50e0-8a8175ea1023,1,1875542,1875575,1880689,1879309,5114,5147,33,0,0,0
1880647,bad78868-cb6e-e774-93a2-014b45f7eef8,1,1875559,1875575,1880647,1881374,5072,5088,16,0,0,0
1880647,09572517-18f2-3999-9410-8438f82e5e1b,1,1875736,1875755,1880647,1880986,4892,4911,19,0,0,0
1880702,cba9a0f0-3f34-88a3-b3d2-c4a9fc7b427f,1,1875335,1875335,1880702,1878693,5367,5367,0,0,0,0
1880755,b9d707a9-e74e-d0b3-bdce-635fbf905d6a,1,1875350,1875395,1880755,1879225,5360,5405,45,0,0,0
1880705,0ad7d77c-9bf4-1cc6-af1f-be1687324f52,1,1875587,1875635,1880705,1878213,5070,5118,48,0,0,0
1880784,7d1d3494-cb71-2efd-8ffa-1194c14a2a61,1,1875470,1875515,1880784,1879477,5269,5314,45,0,0,0
1880817,d7b73862-b347-f1d4-58c6-b1c674d082c5,1,1875680,1875695,1880817,1882853,5122,5137,15,0,0,0
1880788,e13ae6f4-b5ef-818b-690e-1a7e75be1ba7,1,1875888,1875898,1880788,1879701,4890,4900,10,0,0,0
1880906,53a71719-bcdf-8302-8c37-e264d03cd20a,1,1875838,1875838,1880906,1879300,5068,5068,0,0,0,0
1881093,33252134-ebdf-eeb4-b679-9210efe87716,1,1876024,1876024,1881093,1882938,5069,5069,0,0,0,0
1881137,afb144b5-624d-2ff7-81c8-d068931e5f89,1,1876089,1876089,1881137,1883261,5048,5048,0,0,0,0
1881115,5d2d113b-fb5e-dc15-cbfa-e8d6b4ed4d1d,1,1876162,1876218,1881115,1881109,4897,4953,56,0,0,0
1881219,263e0670-a1d7-6730-dec8-bcbbfd610d09,1,1876158,1876158,1881219,1880072,5061,5061,0,0,0,0
1881262,585409d9-de22-dc3f-d136-6db15a578607,1,1876198,1876218,1881262,1881433,5044,5064,20,0,0,0
1883221,b504cdaf-1708-7003-3a84-3b35c2bde805,1,1878292,1878292,1883221,1881016,4929,4929,0,0,0,0
1883249,7b6c7129-cd63-8ba8-f03c-664b3abf9c65,1,1878313,1878352,1883249,1881084,4897,4936,39,0,0,0
1883297,edabddab-7dcc-c026-a7df-30b2356fdc0a,1,1878375,1878412,1883297,1880804,4885,4922,37,0,0,0
1883454,27177e59-5548-f613-cf69-ef2dfb2c2c83,1,1878423,1878472,1883454,1885563,4982,5031,49,0,0,0
1883507,ed850a6d-7542-2851-f2a2-4da42537e0d6,1,1878459,1878472,1883507,1882660,5035,5048,13,0,0,0
1883512,6cfa28cf-b62e-110a-2584-83851915bb1c,1,1878648,1878652,1883512,1883535,4860,4864,4,0,0,0
1883545,7cdfa469-82ed-baad-784c-2537f2d0a15c,1,1878498,1878532,1883545,1884387,5013,5047,34,0,0,0
1883538,ed174fdd-2dee-003e-01d9-6e9601a02047,1,1878509,1878532,1883538,1882572,5006,5029,23,0,0,0
1883576,bbaa6e4a-fe25-371b-bd5b-fecedbd0ad57,1,1878491,1878532,1883576,1883116,5044,5085,41,0,0,0
1883580,490c3442-98c3-fa3d-8f92-8bca7aecc953,1,1878630,1878652,1883580,1882979,4928,4950,22,0,0,0
1883656,14669189-5ca4-3e71-68f0-e5f2e1568ad3,1,1878760,1878772,1883656,1883583,4884,4896,12,0,0,0
1883691,2b39e995-c13e-d0d3-823a-0b12d6baf0f2,1,1878799,1878832,1883691,1883722,4859,4892,33,0,0,0
1883719,7b9ea9eb-aac4-363f-1610-ac0abfcf214e,1,1878734,1878772,1883719,1885281,4947,4985,38,0,0,0
1883710,a127dc6b-ab9b-153d-35f5-c65410c2c2e5,1,1878811,1878832,1883710,1881356,4878,4899,21,0,0,0
1883848,2036971a-323f-df19-923c-c117da1a9b09,1,1878850,1878892,1883848,1886182,4956,4998,42,0,0,0
1884064,2c5d849c-4f8c-61b9-98d7-88d94d515b58,1,1878907,1878952,1884064,1885409,5112,5157,45,0,0,0
1884478,44de950f-2488-dee3-d071-3f73582a2099,1,1879470,1879523,1884478,1882838,4955,5008,53,0,0,0
1884870,9d1c92f0-3770-2be5-7381-c6ebdac9d4a4,8,1881487,1881500,1884870,1883276,3370,3383,13,0,0,0
1885501,0d722918-1db1-ce86-d1cc-c8d3c1676505,1,1880501,1880519,1885501,1884737,4982,5000,18,0,0,0
1885550,9740b212-2d52-45f4-8a0e-c018b29769b2,1,1880433,1880459,1885550,1885735,5091,5117,26,0,0,0
1885509,f7347784-a049-d164-952f-6d1127ff97ca,1,1880624,1880639,1885509,1887317,4870,4885,15,0,0,0
1885586,83f9b580-a499-eb92-f589-de14eee06433,1,1880421,1880459,1885586,1886754,5127,5165,38,0,0,0
1885695,7394d796-51c4-243b-f07d-b671caea9ae5,1,1880690,1880699,1885695,1885053,4996,5005,9,0,0,0
1885813,c07126f3-9213-f643-9a89-8be79e49b057,1,1880917,1880943,1885813,1886664,4870,4896,26,0,0,0
1885858,5d822e3a-6c6d-282b-69e0-8370abf7a5d0,1,1872045,1872045,1885858,1879897,13813,13813,0,0,0,0
1885848,26c25405-a7ea-52f0-2cab-d3d710116af4,1,1880758,1880759,1885848,1885716,5089,5090,1,0,0,0
1885848,db6f3ad4-0cce-a325-9e88-ebab07fcb800,1,1880772,1880819,1885848,1884922,5029,5076,47,0,0,0
1885878,dde4f5c1-532c-5c01-b017-c5337d6ce5c3,1,1880763,1880819,1885878,1883426,5059,5115,56,0,0,0
1885902,4c82c445-30e5-9543-a925-de8562588ce9,1,1880883,1880883,1885902,1883922,5019,5019,0,0,0,0
1886105,a54427ec-b261-ad5c-a214-245cfecfdd72,1,1881101,1881140,1886105,1885265,4965,5004,39,0,0,0
1886152,1f9deccd-ecf6-78c0-c861-3afa1ae17565,1,1881211,1881260,1886152,1886119,4892,4941,49,0,0,0
1886210,56c76990-7401-73c1-0155-aa51bca2c581,1,1881144,1881200,1886210,1884309,5010,5066,56,0,0,0
1886330,081fec82-ca9a-cf77-b26a-51a576b40672,1,1881117,1881140,1886330,1883944,5190,5213,23,0,0,0
1886376,49d93a08-277e-0fbc-6acf-f20fd707cb6d,1,1881067,1881080,1886376,1887565,5296,5309,13,0,0,0
1886344,ed6f4ee3-e44e-7cd1-38ef-a3bc9457f388,1,1881428,1881440,1886344,1885733,4904,4916,12,0,0,0
1886812,d9347309-b72f-8d06-3b44-f3d7cabe2348,1,1881911,1881911,1886812,1884467,4901,4901,0,0,0,0
1887215,8393a544-c37d-e35e-6ef3-d69b7ccde71e,8,1886017,1886017,1887215,1886910,1198,1198,0,0,0,0
1888745,33d3958a-3b74-9fd2-0a2d-6f038f464f34,1,1874070,1874070,1888745,1889745,14675,14675,0,0,0,0
1888961,98a547b2-09a1-8b34-b111-84e79c4c37b3,1,1884561,1884579,1888961,1887707,4382,4400,18,0,0,0
1889011,fad3b44c-3b2d-ddc9-62f3-2faea63fcf12,1,1884555,1884579,1889011,1889535,4432,4456,24,0,0,0
1888995,889cd33d-299f-ff30-f9b8-1e658a34b26b,1,1884566,1884579,1888995,1889526,4416,4429,13,0,0,0
1888999,aa759a8a-deb5-1d16-3020-d03f5a69e2c6,1,1884655,1884655,1888999,1890756,4344,4344,0,0,0,0
1889105,6cfacecc-1ae4-27cf-ebd5-c14914d8e0e6,1,1884735,1884775,1889105,1887332,4330,4370,40,0,0,0
1889159,b67333e0-8ceb-424f-1eca-85b31c7378e6,1,1884826,1884835,1889159,1891041,4324,4333,9,0,0,0
1889134,646d2e33-380a-402d-0e55-ced39e79a6fe,1,1884835,1884835,1889134,1890031,4299,4299,0,0,0,0
1889210,a07c68c2-1ce2-ec5b-4165-53a1e4203a34,1,1884826,1884835,1889210,1890764,4375,4384,9,0,0,0
1889210,e0218caf-ba73-aa4e-86c7-1c162cfcbb3f,1,1884833,1884835,1889210,1888537,4375,4377,2,0,0,0
1889293,bd1116ee-f58a-b7c7-cccf-4130255603d4,1,1884822,1884835,1889293,1890312,4458,4471,13,0,0,0
1889320,3c304193-d975-8f32-6e1b-670f67c2e684,8,1806281,1806281,1889320,1850068,83039,83039,0,0,0,0
1889343,af1dcfb8-8a96-2a11-94be-6d9f2379c05f,1,1884737,1884775,1889343,1888330,4568,4606,38,0,0,0
1889330,5200044b-3148-7df8-a6ca-8d50e5f5c891,1,1884822,1884835,1889330,1890491,4495,4508,13,0,0,0
1889338,01e1af8f-8946-5e5b-26fa-3d5c3678a41a,1,1884847,1884895,1889338,1890996,4443,4491,48,0,0,0
1889498,9de7df7b-5594-552b-405a-8e7e6f46a41f,1,1885090,1885090,1889498,1890322,4408,4408,0,0,0,0
1889637,4d7d10f3-7d16-9638-658a-83773da8b37a,1,1885282,1885286,1889637,1889829,4351,4355,4,0,0,0
1889640,a3922a4e-4f2c-386f-627b-0edd8d7f9371,1,1885229,1885286,1889640,1889432,4354,4411,57,0,0,0
1892057,5132fe68-a1a0-54a9-7058-3380ea77d1d6,8,1806322,1806341,1892057,1898754,85716,85735,19,0,0,0
1892331,ff3c03a6-3575-44ee-3d36-5abf633bffff,1,1891658,1891669,1892331,1892488,662,673,11,0,0,0
1892632,50ffde64-6eda-ba8c-6789-e7d0a155eb2c,1,1891548,1891549,1892632,1892413,1083,1084,1,0,0,0
1892966,01d3a033-3586-ae6f-9b24-955cb4fbdaf2,1,1891803,1891854,1892966,1893449,1112,1163,51,0,0,0
1894651,676a504c-dbeb-21e2-39a0-1a0b64657945,1,1893685,1893731,1894651,1894373,920,966,46,0,0,0
1894691,9de2fd3f-f952-f1e8-d029-733c9e55f98d,1,1892473,1892473,1894691,1894186,2218,2218,0,0,0,0
1895151,15b2c2b4-8cf0-f97b-4128-d40b5fc57ff4,1,1892732,1892769,1895151,1894269,2382,2419,37,0,0,0
1896191,85c53910-93f6-f723-01d2-3a76ca179780,1,1891182,1891236,1896191,1895092,4955,5009,54,0,0,0
1896174,c798c498-499d-5830-8d67-6a99a94a3567,1,1891189,1891236,1896174,1894335,4938,4985,47,0,0,0
1896169,8b991282-3075-f9af-ce7d-765b634c25ea,1,1892709,1892709,1896169,1894411,3460,3460,0,0,0,0
1896387,5a7284a2-25ba-7795-62a8-76d76d58bf63,1,1891307,1891356,1896387,1895753,5031,5080,49,0,0,0
1896422,af051197-3ebb-65f1-758d-aaee760fdd95,1,1891176,1891176,1896422,1896606,5246,5246,0,0,0,0
1896393,a45ca94a-3452-98c4-6031-046126d3e222,1,1891285,1891296,1896393,1897107,5097,5108,11,0,0,0
1896493,a4d6c76c-a3f5-cc8d-39ce-fff31b3ec681,1,1891489,1891489,1896493,1896373,5004,5004,0,0,0,0
1896453,7f8a1fca-9ef1-7e4f-a2f0-77e330405cc4,1,1891510,1891549,1896453,1894987,4904,4943,39,0,0,0
1896676,a99f8c03-9c31-0930-286e-f693da341653,1,1891575,1891609,1896676,1898524,5067,5101,34,0,0,0
1896679,25f98046-0c1d-180e-d873-9636c50e5194,1,1891633,1891669,1896679,1895716,5010,5046,36,0,0,0
1896688,e004c471-85e1-b28d-ae70-f6f5015a749b,1,1891633,1891669,1896688,1896965,5019,5055,36,0,0,0
1896737,e7d73d1d-69a3-b991-3634-646c5806a961,1,1891574,1891609,1896737,1897541,5128,5163,35,0,0,0
1896821,763f56ac-bfee-b533-acf5-9149b1c9d0dc,1,1891781,1891794,1896821,1895371,5027,5040,13,0,0,0
1896851,d03bcbfc-dca7-e284-f230-7c2230c7809b,1,1891496,1891549,1896851,1896274,5302,5355,53,0,0,0
1896869,1567f88e-6276-ee87-3ae8-c8f8d2478bb2,1,1891504,1891549,1896869,1895347,5320,5365,45,0,0,0
1896848,ec5412b4-0d74-fc38-bc58-82ecb34de663,1,1891734,1891734,1896848,1896445,5114,5114,0,0,0,0
1896836,2804335a-3311-65e0-2c5c-ce54210c78d9,1,1894782,1894791,1896836,1896843,2045,2054,9,0,0,0
1896910,39ed0800-3179-79f9-29ed-e760233408ba,1,1892038,1892038,1896910,1895887,4872,4872,0,0,0,0
1898216,d7a29c6c-47bb-6bb0-c51b-2775dd7b99a6,1,1895134,1895151,1898216,1897798,3065,3082,17,0,0,0
1898618,963d4606-ae6b-19de-faec-fb4c8a240d57,1,1893502,1893502,1898618,1900393,5116,5116,0,0,0,0
1898698,accc8e70-5663-e490-6cfa-d76f40987d5c,1,1897065,1897121,1898698,1899277,1577,1633,56,0,0,0
1898745,3e6a41f1-278e-2f60-7a99-bd7654edfb70,1,1893671,1893671,1898745,1900271,5074,5074,0,0,0,0
1898816,e7773701-f787-3461-662c-4f006c2d1b96,1,1893800,1893851,1898816,1899691,4965,5016,51,0,0,0
1898870,5287e5f4-85c1-4181-4567-4f45ad3b1b9d,1,1893789,1893791,1898870,1898453,5079,5081,2,0,0,0
1898846,3de54ee2-a655-596c-2528-d32da60c2bed,1,1893791,1893791,1898846,1897856,5055,5055,0,0,0,0
1898841,91ae3d4c-6659-2d83-920b-725b17871810,1,1893856,1893911,1898841,1900902,4930,4985,55,0,0,0
1898878,e586ee20-c73e-69e9-9806-9315ce62665f,1,1897107,1897121,1898878,1898438,1757,1771,14,0,0,0
1898889,6bd1f826-e6c2-cbb7-83c7-4cbe916baf87,1,1893858,1893911,1898889,1899310,4978,5031,53,0,0,0
1898986,7e388a19-46f7-b20a-c3c4-95061e8e06ed,1,1894031,1894040,1898986,1897395,4946,4955,9,0,0,0
1899000,0843280a-07ac-a3fe-a73a-366e43577225,1,1893980,1893980,1899000,1900762,5020,5020,0,0,0,0
1899099,8037b969-7946-8eae-d3dc-00ee9203c5d2,1,1894035,1894040,1899099,1899395,5059,5064,5,0,0,0
1899199,32d7cc22-2a1e-da7b-4c01-f701c0d02553,1,1893880,1893911,1899199,1900025,5288,5319,31,0,0,0
1899186,22ae8888-5200-41ca-4855-f44a33704903,1,1894127,1894127,1899186,1899020,5059,5059,0,0,0,0
1899220,93ddbda1-34fe-6da8-07e8-6429e4fa6417,1,1894150,1894187,1899220,1898116,5033,5070,37,0,0,0
1899398,5bd972c7-04a4-34e7-ffcf-956e0c0b6cd1,1,1894316,1894316,1899398,1900485,5082,5082,0,0,0,0
1899414,3193fb1c-91bd-4f30-6b1a-ae6a31ca528c,1,1894426,1894426,1899414,1898908,4988,4988,0,0,0,0
1899747,2b94906d-d252-f321-4f64-710a5dbffb1f,1,1894724,1894731,1899747,1901273,5016,5023,7,0,0,0
1899814,cb5475bf-3c31-285d-ee35-0ed7ce955086,1,1894782,1894791,1899814,1900706,5023,5032,9,0,0,0
1899896,dc160e3d-eb15-9f5b-81a0-578257ec95f3,1,1895510,1895526,1899896,1901859,4370,4386,16,0,0,0
1899913,5fed5cb7-a6e8-0b4f-e5bb-7f3b687bb3ce,1,1894854,1894911,1899913,1899791,5002,5059,57,0,0,0
1899990,1be00f8e-0c8d-51d2-1673-aefbeb9e54e0,1,1895487,1895526,1899990,1900192,4464,4503,39,0,0,0
1899977,ca7ecb33-787d-a6d7-c8df-d1f114d72283,1,1895644,1895644,1899977,1901466,4333,4333,0,0,0,0
1900021,af9a1168-1766-1795-7ffa-b493285eed0a,1,1894556,1894611,1900021,1897625,5410,5465,55,0,0,0
1900119,af178dbb-c461-aac1-12b5-9aa4c07d0001,1,1895732,1895764,1900119,1899864,4355,4387,32,0,0,0
1900099,e119e331-0538-fbfd-41fd-1281861c2a6f,1,1895747,1895764,1900099,1901397,4335,4352,17,0,0,0
1900158,17dcabf5-5088-5581-0c4c-eedf0bb1b984,1,1895833,1895833,1900158,1899990,4325,4325,0,0,0,0
1900222,a3b4a240-7f48-0536-9f2e-444a501bcf44,1,1895466,1895466,1900222,1900143,4756,4756,0,0,0,0
1900317,4008d4da-a819-213d-c4fa-84a427d764ce,1,1895900,1895955,1900317,1900777,4362,4417,55,0,0,0
1900281,6001f54d-01d7-7831-850f-1cdc1e2a03f1,1,1895911,1895955,1900281,1902168,4326,4370,44,0,0,0
1900394,98d53cf5-4afc-f9e8-cc47-6b726e310234,1,1895971,1896015,1900394,1902419,4379,4423,44,0,0,0
1900427,20323ec5-2f4c-da5e-869c-4218ecb55c92,1,1895966,1896015,1900427,1900263,4412,4461,49,0,0,0
1900489,115db44f-ca4a-40bc-4121-81a34818b004,1,1895965,1896015,1900489,1898707,4474,4524,50,0,0,0
1900499,5bc07988-21f9-69e9-37cf-45f6f32ede3c,1,1896032,1896075,1900499,1901288,4424,4467,43,0,0,0
1900555,a885f19e-dcac-3096-4595-7a60194d397d,1,1896096,1896135,1900555,1900255,4420,4459,39,0,0,0
1900518,094a8492-d88d-11dd-321a-3244cf6579ec,1,1897376,1897376,1900518,1901645,3142,3142,0,0,0,0
1900591,ea8b31f5-ccae-58fe-54eb-8e20af7c7d2b,1,1896098,1896135,1900591,1901216,4456,4493,37,0,0,0
1900638,71a91c81-4eee-5680-b0ba-8fe363ff910d,1,1895648,1895704,1900638,1898084,4934,4990,56,0,0,0
1900758,0f0e5767-606f-fa15-f76c-432eb4428cde,1,1895895,1895895,1900758,1900657,4863,4863,0,0,0,0
1900929,1dee4b6d-3ce7-5d1e-2947-fd26274ac7a7,1,1896496,1896507,1900929,1902988,4422,4433,11,0,0,0
1901134,2cdb1625-b41f-5721-56af-d9ce799f52c0,1,1896115,1896135,1901134,1901162,4999,5019,20,0,0,0
1901238,76a6e2e6-d4d3-2808-6054-a51cab1ead74,1,1896255,1896255,1901238,1902361,4983,4983,0,0,0,0
1901284,81ef8162-3953-e8bb-c83e-00325fe8a7f4,1,1896305,1896315,1901284,1899848,4969,4979,10,0,0,0
1901363,903506bb-ef6d-8fc6-afbd-f3690636f35e,1,1896490,1896507,1901363,1903066,4856,4873,17,0,0,0
1901399,6d744a0b-3f2d-39c8-e338-e5797521aa18,1,1896207,1896255,1901399,1901613,5144,5192,48,0,0,0
1901408,c972d38d-3ee2-b11c-2fd2-908feea163a7,1,1896258,1896315,1901408,1900945,5093,5150,57,0,0,0
1901457,7d8f2350-31c7-7a44-64f8-f226830481c2,1,1896132,1896135,1901457,1900528,5322,5325,3,0,0,0
1901463,f79f8fa9-bd8c-6f4f-8fe2-75b124e72383,1,1896486,1896507,1901463,1903336,4956,4977,21,0,0,0
1901429,41f83199-f4ea-e769-8366-c189cd8d9f75,1,1896497,1896507,1901429,1903143,4922,4932,10,0,0,0
1901591,05d0f23a-5ecb-b693-f3ac-2f5e1749939d,1,1900466,1900514,1901591,1901623,1077,1125,48,0,0,0
1901640,c89f884f-2568-221b-8fd7-3af97b8899f9,1,1898927,1898938,1901640,1901334,2702,2713,11,0,0,0
1901802,2ff8107a-63ba-9d86-9b0e-70ad922bda48,1,1896438,1896447,1901802,1904017,5355,5364,9,0,0,0
1901830,bb0084fa-3822-b51b-5b00-f1a0d2ed3196,1,1900702,1900754,1901830,1901660,1076,1128,52,0,0,0
1902205,4878383a-e037-e953-6d2d-7cb9a452b559,1,1899717,1899717,1902205,1901961,2488,2488,0,0,0,0
1902509,8f97b21d-028a-df1c-d2b1-2838639e8bbc,1,1898094,1898110,1902509,1900845,4399,4415,16,0,0,0
1903576,d46c5776-4db3-a044-2887-6b7f64694f53,1,1898522,1898526,1903576,1904000,5050,5054,4,0,0,0
1903839,ae2bcab8-551f-e4f7-25d6-9a97360824da,1,1898895,1898938,1903839,1905470,4901,4944,43,0,0,0
1903975,8eb7c306-8f73-198e-5c3d-0d5f5c6801d6,1,1898867,1898878,1903975,1905048,5097,5108,11,0,0,0
1904127,233e8b97-ded7-fbb9-f454-ef982712cefe,1,1899021,1899058,1904127,1903500,5069,5106,37,0,0,0
1904752,c528ac36-2545-034c-714c-d65e079e8b0b,1,1903526,1903526,1904752,1905345,1226,1226,0,0,0,0
1905008,8ad8c568-1b39-0777-caaa-4685f5266edf,1,1902231,1902257,1905008,1904436,2751,2777,26,0,0,0
1905732,b58dfc59-ebe0-c8c1-ae38-cf4647f86de4,1,1899449,1899478,1905732,1908615,6254,6283,29,0,0,0
1906010,02774ef3-1f4f-4a0f-507f-fc32c78e4415,1,1902288,1902317,1906010,1907397,3693,3722,29,0,0,0
1906234,9cc05b67-a19b-224a-6bfc-2a47565f1491,1,1903864,1903899,1906234,1907238,2335,2370,35,0,0,0
1906432,05c208e0-eb05-6b48-ea90-f6488155db84,1,1904661,1904661,1906432,1906745,1771,1771,0,0,0,0
1906418,fa286316-5315-6a23-12f0-ed7dbff49c48,1,1905659,1905692,1906418,1906308,726,759,33,0,0,0
1906487,d3f63623-39b0-0426-f007-1d3b5c99d8ab,1,1895106,1895151,1906487,1907448,11336,11381,45,0,0,0
1906926,af76b6c2-dd6d-6b41-3692-a531c6097cd8,1,1905392,1905440,1906926,1906417,1486,1534,48,0,0,0
1906997,caf91924-4f2c-8cfd-1724-5dacf8673a5b,1,1905968,1906008,1906997,1907425,989,1029,40,0,0,0
1907133,ae3acdf2-eac9-b1cc-9ea3-93eadb646a33,1,1905658,1905692,1907133,1906395,1441,1475,34,0,0,0
1907140,8e484bc0-69c5-0d69-2c6c-db5aac367cb9,1,1905380,1905380,1907140,1907201,1760,1760,0,0,0,0
1907825,767a92b7-0186-2029-ab8a-501567273710,1,1902890,1902890,1907825,1908526,4935,4935,0,0,0,0
1907942,9faa2180-01a0-69a2-4b37-617d932204fb,1,1904980,1904980,1907942,1908282,2962,2962,0,0,0,0
1908256,33611134-b012-00ab-9fa8-70407c260521,1,1905721,1905752,1908256,1908897,2504,2535,31,0,0,0
1908482,3ff93134-650e-78e4-6fe6-33f18f807d8b,1,1906398,1906398,1908482,1908841,2084,2084,0,0,0,0
1908623,5f0bb32f-e6dd-bbe3-a89a-18fe5f8e74df,1,1903569,1903586,1908623,1909359,5037,5054,17,0,0,0
1909320,4a85e443-3ba8-78d9-34b5-5b8648a84587,1,1907980,1908005,1909320,1909624,1315,1340,25,0,0,0
1909426,eeb47b07-8239-01c4-ad52-09e76c8a30c1,1,1907474,1907522,1909426,1909695,1904,1952,48,0,0,0
1909495,a1919e12-7e1b-5edf-454f-6d2d99f2587c,1,1907255,1907313,1909495,1909134,2182,2240,58,0,0,0
1909715,c35d8f64-418a-f089-fa7d-e9617927a136,1,1904805,1904812,1909715,1907605,4903,4910,7,0,0,0
1910549,408669bb-4721-194b-c8a4-ae21d9f850e9,1,1908376,1908376,1910549,1910090,2173,2173,0,0,0,0
1911624,8cca8963-2e2e-77a4-cade-c3792ab403f6,1,1906529,1906578,1911624,1912552,5046,5095,49,0,0,0
1911630,8470f6c8-ce66-31cb-b7b6-51ee028bffb6,1,1909267,1909281,1911630,1911078,2349,2363,14,0,0,0
1912194,3e447305-eb55-920d-81d2-31cb66bd5d42,1,1907154,1907193,1912194,1912535,5001,5040,39,0,0,0
1912353,13ed280a-d5e1-4d1f-e5f2-2dfba741104b,1,1907055,1907057,1912353,1914578,5296,5298,2,0,0,0
1912398,ac9b389a-6adf-d568-b5ca-a993aacad101,1,1907424,1907462,1912398,1910016,4936,4974,38,0,0,0
1912384,9f325c4c-0415-a961-7ea7-ededcca0152e,1,1908755,1908755,1912384,1912285,3629,3629,0,0,0,0
1912646,23a9654d-f679-d544-5acf-614ae834fb5b,1,1907659,1907659,1912646,1912372,4987,4987,0,0,0,0
1912695,784aee43-11c7-beb2-042a-6bd7a51004b8,4,1887253,1887275,1912695,1909376,25420,25442,22,0,0,0
1912700,84c469b1-20c1-3845-025f-c70f90884400,1,1907417,1907462,1912700,1914290,5238,5283,45,0,0,0
1912780,02bbc915-9fc9-953a-ed32-1036fa6e8103,1,1900112,1900137,1912780,1913023,12643,12668,25,0,0,0
1912752,91d51b06-3059-1fbc-2d15-94cbdcc31cb2,1,1907593,1907593,1912752,1913846,5159,5159,0,0,0,0
1912778,e830257d-cf8b-4eb2-43f1-5176eed15809,1,1909161,1909161,1912778,1911490,3617,3617,0,0,0,0
1912992,9364ecb5-db29-920a-c886-b7c6a4c755b0,1,1909058,1909058,1912992,1912189,3934,3934,0,0,0,0
1913033,bf733026-9664-6ca5-e460-2d314e9f67a7,1,1908039,1908065,1913033,1914876,4968,4994,26,0,0,0
1913021,aaefdbe1-d674-998a-6a97-cbce673659ef,1,1908041,1908065,1913021,1910658,4956,4980,24,0,0,0
1913109,e83cdff9-78a1-d988-04e1-502aa76180c7,1,1908143,1908185,1913109,1911239,4924,4966,42,0,0,0
1913166,8d8164b0-f85a-d287-93ff-c45f2b80e44a,1,1907865,1907885,1913166,1914733,5281,5301,20,0,0,0
1913222,0bb5c276-abe3-77f3-8066-703846dfe43f,1,1907985,1908005,1913222,1911546,5217,5237,20,0,0,0
1913366,8a60b332-99fb-38a9-0d2d-ba723b06dd82,1,1905948,1905948,1913366,1915690,7418,7418,0,0,0,0
1913475,849ebfa5-68f0-ca5d-10ac-72bdaf4c9dfc,1,1908538,1908542,1913475,1913880,4933,4937,4,0,0,0
1914485,5027b309-cedb-5488-3623-87b49be9ec86,1,1905254,1905254,1914485,1913976,9231,9231,0,0,0,0
1914919,8c6d768e-45bc-f3ba-ef52-d36e8a63b93c,1,1906506,1906518,1914919,1914201,8401,8413,12,0,0,0
1915256,5c42adcf-5acc-616d-199d-ed5edb84aa96,1,1910369,1910369,1915256,1914857,4887,4887,0,0,0,0
1915949,f91070e0-2cce-4cce-6994-a2ca7738381c,1,1907250,1907253,1915949,1916561,8696,8699,3,0,0,0
1916697,244220c6-4b0c-100c-2626-c97d73fe6a93,4,1855099,1855114,1916697,1907819,61583,61598,15,0,0,0
1917549,f07bf9bb-20fd-a784-6dd9-a87993ee36ee,1,1912623,1912623,1917549,1915295,4926,4926,0,0,0,0
1917609,cf492a27-4089-8b7c-4866-7469e6162980,1,1912625,1912683,1917609,1918961,4926,4984,58,0,0,0
1917863,9134c0b7-6f73-573b-faee-bacdc8c8ccf9,1,1912916,1912923,1917863,1915478,4940,4947,7,0,0,0
1918002,c8169e32-5263-a195-f729-4c21208bc725,1,1913017,1913052,1918002,1915856,4950,4985,35,0,0,0
1918037,9947c98a-2444-7277-27ea-f6650b752e49,1,1912831,1912863,1918037,1917476,5174,5206,32,0,0,0
1918037,229da816-d113-8946-bcd4-2854b6630e4c,1,1913057,1913112,1918037,1918594,4925,4980,55,0,0,0
1918086,55dddf38-fc94-54ae-867a-211ade162c17,1,1912839,1912863,1918086,1917707,5223,5247,24,0,0,0
1918184,6df5fa4a-4a8e-9dd2-6067-982478adb182,1,1913191,1913232,1918184,1918859,4952,4993,41,0,0,0
1918224,39d2d74a-71a7-1782-d751-af9cf9e6debb,1,1913194,1913232,1918224,1919818,4992,5030,38,0,0,0
1918304,b81bda1d-386a-9050-47c5-8839c42cd0ba,1,1913790,1913828,1918304,1917013,4476,4514,38,0,0,0
1918423,960b9746-9b51-0232-fca7-644d47b76d17,1,1913125,1913172,1918423,1920255,5251,5298,47,0,0,0
1918439,5a2d6aee-6e29-a319-014d-98294e4a516f,1,1913494,1913535,1918439,1916171,4904,4945,41,0,0,0
1918559,5893ef12-ab3f-8d22-1d5e-6aee0240f59a,1,1913619,1913619,1918559,1916425,4940,4940,0,0,0,0
1920238,ae2e69e2-6c3f-4800-ec13-d7c3e1c72223,1,1915289,1915316,1920238,1921233,4922,4949,27,0,0,0
1920287,e6ffee2a-e37b-8f84-9351-240fa093ca68,1,1915266,1915316,1920287,1922386,4971,5021,50,0,0,0
1920421,107380cb-46d9-e34d-1feb-21c760b2d14b,1,1915539,1915544,1920421,1919563,4877,4882,5,0,0,0
1920433,36d0bb41-7a8e-55a9-7a70-425b7989d78e,1,1915299,1915316,1920433,1922453,5117,5134,17,0,0,0
1920447,68e8f311-5295-ea96-487b-25d79cf023dd,1,1915536,1915544,1920447,1918808,4903,4911,8,0,0,0
1920470,b7a63ca5-b08c-147d-3a74-7c443ebe066c,1,1915598,1915604,1920470,1918134,4866,4872,6,0,0,0
1920499,c21f84fc-d0bc-bad5-85f8-0d9b00060d5a,1,1915497,1915544,1920499,1920907,4955,5002,47,0,0,0
1920522,dfedf5fa-174d-65c0-ed60-18d977019d44,1,1915566,1915604,1920522,1921595,4918,4956,38,0,0,0
1920577,d0f64c6d-fa2b-dff7-23b7-aaf692dd8487,1,1915484,1915484,1920577,1918520,5093,5093,0,0,0,0
1920594,e7f2418a-953f-cfd4-6069-4b6d04b51c12,1,1915618,1915664,1920594,1918493,4930,4976,46,0,0,0
1920634,b62c09bf-a4f7-3a30-17a1-5a60c55e6efb,1,1915629,1915664,1920634,1919052,4970,5005,35,0,0,0
1920708,c0bf3b37-623d-c905-cc3e-b36ddc75f4cc,1,1915728,1915787,1920708,1920965,4921,4980,59,0,0,0
1920743,96e15645-8ad8-af05-1991-77b932888f78,1,1915747,1915787,1920743,1918777,4956,4996,40,0,0,0
1920762,0d08367e-f3d5-f737-5a71-504b8380d397,1,1915838,1915847,1920762,1919930,4915,4924,9,0,0,0
1920787,ef775124-0911-e215-e4b7-0864d362dea7,1,1915818,1915847,1920787,1921784,4940,4969,29,0,0,0
1920843,33f92a87-8372-6123-9ed7-a652de2bfe58,1,1915858,1915907,1920843,1922045,4936,4985,49,0,0,0
1920894,d81b6bb7-55c6-b8d6-b647-2ba8793a650c,1,1915858,1915907,1920894,1920656,4987,5036,49,0,0,0
1920979,4a2f2373-f777-c816-85ef-875e26755363,1,1915727,1915727,1920979,1922305,5252,5252,0,0,0,0
1920984,7d6dca57-cc80-a698-8765-88fe75f53328,1,1915984,1916027,1920984,1919184,4957,5000,43,0,0,0
1921189,3d8925a9-25d2-87d0-7665-87075d411ac5,1,1916162,1916207,1921189,1920451,4982,5027,45,0,0,0
1921255,3e612d66-05bf-0618-6930-b0c4d5576899,1,1916277,1916327,1921255,1921640,4928,4978,50,0,0,0
1921363,cc5015cf-7c81-ed5a-ce5a-43726574708d,1,1916472,1916507,1921363,1918965,4856,4891,35,0,0,0
1921737,06617f95-eba1-8fa8-1f19-f85b4d330569,4,1915507,1915544,1921737,1920947,6193,6230,37,0,0,0
1924432,37b567b4-172d-2bd0-0fbd-4c81a9008ecd,8,1814445,1814488,1924432,1893483,109944,109987,43,0,0,0
1934302,71594914-b1b6-8ecd-4009-45ce932c3ec9,4,1924499,1924499,1934302,1931489,9803,9803,0,0,0,0
1937352,468ebdf8-dd25-2141-b03d-01eb336fc177,1,1913768,1913768,1937352,1927559,23584,23584,0,0,0,0
1939891,2ebfaf4c-8135-92e7-f8c0-0141ddf194d4,4,1855054,1855054,1939891,1917766,84837,84837,0,0,0,0
1941218,9afa8267-4479-1214-b5de-f8074a965478,4,1920462,1920481,1941218,1942283,20737,20756,19,0,0,0
1942192,dc83f96f-52a6-e3d4-fe58-a9701aea2c2c,4,1935686,1935686,1942192,1945151,6506,6506,0,0,0,0
1944517,492d85a7-be50-1500-15a7-5ed90eb2858f,1,1915988,1916027,1944517,1946090,28490,28529,39,0,0,0
1945131,546fcba3-b336-d143-26cf-bf5144352e6f,4,1935997,1935997,1945131,1946753,9134,9134,0,0,0,0
1945423,2bd7d038-8149-2b7a-4968-fdf25760c094,1,1916319,1916327,1945423,1958194,29096,29104,8,0,0,0
1946473,705f052b-d682-a0b4-7bb7-cc429cba7bc6,1,1915922,1915967,1946473,1952541,30506,30551,45,0,0,0
1947135,b4c0fd18-65cd-7fd1-6264-9ce8eab8d5be,1,1916222,1916267,1947135,1938866,30868,30913,45,0,0,0
1948785,1e228ade-59c6-7a52-8f80-d1ef4615575c,8,1905563,1905563,1948785,1958128,43222,43222,0,0,0,0
1949402,8c6ef4cd-f9d6-5e8e-fd61-de15ae53719c,1,1943535,1943535,1949402,1949459,5867,5867,0,0,0,0
1953790,e92915a3-85cd-74bf-501c-93a3b1f22be5,1,1916058,1916087,1953790,1963174,37703,37732,29,0,0,0
1954027,3366da87-7f7a-c78c-d8b1-3a9d8e041844,1,1916380,1916387,1954027,1944315,37640,37647,7,0,0,0
1954451,3881e713-22be-a0bc-b7eb-178670f7cd82,1,1949872,1949872,1954451,1955301,4579,4579,0,0,0,0
1954472,8e2b4d2c-af49-6395-2775-957e3ea6ca65,4,1934514,1934514,1954472,1963653,19958,19958,0,0,0,0
1962065,663b4427-bef7-110a-57f9-f3a761936947,4,1960695,1960695,1962065,1962718,1370,1370,0,0,0,0
1962789,88f7f097-57f2-a45f-e751-5d4b0d829d52,4,1917413,1917413,1962789,1942863,45376,45376,0,0,0,0
1966715,f1c2fa18-c2af-56a6-5038-4c0ddbc3f559,1,1944283,1944283,1966715,1974358,22432,22432,0,0,0,0
1969485,fae45d7c-a1b1-087e-fa4c-b5590ecc9ff5,4,1968693,1968693,1969485,1969164,792,792,0,0,0,0
1972496,90a71d24-b277-2e31-4655-6f9a7692f681,4,1971055,1971055,1972496,1971804,1441,1441,0,0,0,0
1974190,9714fadc-b3c4-d030-6e84-e8323c38c3f0,8,1972946,1972946,1974190,1974650,1244,1244,0,0,0,0
1974689,1e0914d2-e5c9-43b1-a898-dac4f736df7e,8,1973957,1973957,1974689,1974590,732,732,0,0,0,0
1976064,07298d47-7c65-9dc9-4b42-5bba4da273ed,4,1962265,1962265,1976064,1969273,13799,13799,0,0,0,0
1979918,bf16e3e9-49b7-e037-4425-dea7c83924d7,1,1976156,1976156,1979918,1981313,3762,3762,0,0,0,0
1990729,436d977b-6431-cbbe-0e44-c9dc81b61c87,4,1950614,1950614,1990729,1993308,40115,40115,0,0,0,0
1990910,653d171f-c0bd-e748-dbb4-64a3cec79642,8,1990151,1990151,1990910,1990994,759,759,0,0,0,0
1991027,3bdccce0-9875-e4da-d830-dffe88859ae5,8,1990229,1990229,1991027,1991231,798,798,0,0,0,0
1991335,3dec163c-fd5d-da42-7193-41779a6e868d,8,1990084,1990084,1991335,1991461,1251,1251,0,0,0,0
1995372,b52a9e6b-c8b6-48e0-12a8-50c55bab7f4a,8,1881020,1881020,1995372,1960417,114352,114352,0,0,0,0
1995623,6359d5ce-e2aa-6dc7-7208-838e7d57ef69,4,1987811,1987811,1995623,1997655,7812,7812,0,0,0,0
2006324,2abc4b2f-b0a6-e457-0620-5f4a6e718848,1,1998021,1998080,2006324,2003554,8244,8303,59,0,0,0
2009645,14aa3ca3-7ca9-e68f-e12f-3b2104005940,8,1896641,1896641,2009645,1980249,113004,113004,0,0,0,0
2009922,e237c877-2e0e-6673-ced7-cd177e14c595,1,2008324,2008324,2009922,2010302,1598,1598,0,0,0,0
2010056,06bf79cf-4616-fd6e-fe20-193baae2ad63,1,1998334,1998334,2010056,2009797,11722,11722,0,0,0,0
2010662,6c21835d-d8e8-b97c-e0a2-59014932936e,1,1998347,1998394,2010662,2009001,12268,12315,47,0,0,0
2013305,a34321bf-7aee-e7df-5bd5-5037f7444596,4,1844329,1844343,2013305,1929324,168962,168976,14,0,0,0
2026603,eca04629-e05b-c7ea-c0a1-5dbc695f34ff,1,1998020,1998020,2026603,2012862,28583,28583,0,0,0,0
2029559,083759f8-2090-f35e-55fc-f99133c417d5,1,2028131,2028131,2029559,2029762,1428,1428,0,0,0,0
2227291,19b7775f-e7bb-5e42-b312-6a11db6ae7db,8,2224623,2224623,2227291,2226139,2668,2668,0,0,0,0
2227961,96f01335-c5ab-48da-e435-4021392a9fc4,8,2224549,2224549,2227961,2227171,3412,3412,0,0,0,0
2227999,8cfb137c-a89e-a4df-471c-10aecdb4adab,8,2225102,2225126,2227999,2228664,2873,2897,24,0,0,0
2228528,a22966c4-ca39-d65a-991f-210234aaf8d4,8,2224482,2224482,2228528,2226977,4046,4046,0,0,0,0
2236432,f22fdeb8-97ca-bad1-26aa-78092c3b4e9c,8,2222852,2222852,2236432,2235269,13580,13580,0,0,0,0
2237988,e9366a85-3a46-fbe3-d255-a4de9330ba83,8,2235251,2235276,2237988,2237933,2712,2737,25,0,0,0
2239672,47e321c2-a4ba-e8bf-83b8-fa0513bc0dc6,64,2231234,2231234,2239672,2235520,8438,8438,0,0,0,0
2241951,3429ce3b-8931-0697-24ab-a2a0b1cbc263,8,2235216,2235216,2241951,2242695,6735,6735,0,0,0,0
2245472,9e47a339-c0ae-0b1a-f347-673637ec07a6,1,2238052,2238052,2245472,2242495,7420,7420,0,0,0,0
2245515,cf1ca021-6431-5fc2-6946-4f3f514f6fd9,1,2244279,2244279,2245515,2245087,1236,1236,0,0,0,0
2246513,acb83fce-b3e1-511b-2128-04c5f94e485d,1,2245774,2245774,2246513,2246226,739,739,0,0,0,0
2247149,cab21438-8557-ec6c-0a23-b722c2afba28,1,2235557,2235557,2247149,2249286,11592,11592,0,0,0,0
2247588,ceefd2c9-7e2b-73ce-edf9-8b8d8ddd6a3e,1,2233225,2233225,2247588,2244763,14363,14363,0,0,0,0
2248040,02b622e9-808e-08d2-5d26-4b1b6593b659,1,2246862,2246862,2248040,2248584,1178,1178,0,0,0,0
2248438,71f71add-abee-d5b2-d0e9-15d4d50372a8,1,2234319,2234319,2248438,2244503,14119,14119,0,0,0,0
2249713,2b10a823-d777-0933-adf0-1fe06d572692,1,2248489,2248498,2249713,2249257,1215,1224,9,0,0,0
2250258,6321d753-68dd-66fd-9fa3-8f4baa1cd2d8,4,2244189,2244189,2250258,2247938,6069,6069,0,0,0,0
2251083,85406adb-983a-e235-1891-f8cfd7d050be,1,2234228,2234228,2251083,2259249,16855,16855,0,0,0,0
2251180,cf928274-9ffc-7f2b-1ea8-22bb57385567,1,2247024,2247028,2251180,2249688,4152,4156,4,0,0,0
2253695,488e5bd8-0729-15c7-25ee-3dfd6cc1da4d,4,2246029,2246029,2253695,2250262,7666,7666,0,0,0,0
2253822,2a7cf9e9-d7a7-e7b1-88c6-2063a06303ca,1,2252370,2252370,2253822,2253190,1452,1452,0,0,0,0
2254120,c3828725-e1c6-3384-ee20-a0b5acad7c07,1,2252967,2252967,2254120,2253775,1153,1153,0,0,0,0
2254318,ff26cb58-5656-511d-565c-978aec83c4d7,1,2253156,2253156,2254318,2253816,1162,1162,0,0,0,0
2254843,1ad74fd4-298b-2e78-5420-60ce6b2f9d47,8,2248905,2248905,2254843,2252176,5938,5938,0,0,0,0
2255035,f23657ec-5acc-0d2f-281b-a82763cf3b51,1,2213831,2213831,2255035,2272607,41204,41204,0,0,0,0
2255290,49793220-d14b-c771-9ff0-287a4d334878,1,2236740,2236740,2255290,2249148,18550,18550,0,0,0,0
2256176,44725ab7-bc44-a417-914b-a9bb60f91495,1,2252975,2253027,2256176,2257428,3149,3201,52,0,0,0
2256303,a197339c-913a-2b6c-a8df-e59a2dbdc7cf,1,2251882,2251882,2256303,2255113,4421,4421,0,0,0,0
2256541,b2a0f778-809d-6444-53ab-3cce264ae04f,1,2215851,2215851,2256541,2259445,40690,40690,0,0,0,0
2257418,8868b644-9822-0d58-ff49-a81cd42aa238,1,2215852,2215911,2257418,2237592,41507,41566,59,0,0,0
2257538,c2b2547d-ac3c-ebe3-7c35-b2747a57772b,8,2251765,2251765,2257538,2259700,5773,5773,0,0,0,0
2257630,60f41905-693f-9bc7-fa2d-0e68533a83b3,1,2213768,2213768,2257630,2263720,43862,43862,0,0,0,0
2258598,e51bdfff-17aa-3aee-0dc2-0df3d49edd91,1,2246968,2246968,2258598,2260202,11630,11630,0,0,0,0
2258961,0b2d983a-f218-9128-b2da-61f764bfc76d,1,2214719,2214719,2258961,2244635,44242,44242,0,0,0,0
2259069,99e95433-1453-e17e-711e-be6f68ffae17,1,2257005,2257005,2259069,2259104,2064,2064,0,0,0,0
2259424,6e663c0a-c1e0-a4a1-7bf8-20f6c6523c3d,1,2239114,2239114,2259424,2266311,20310,20310,0,0,0,0
2259556,1aa67474-e200-c157-6d54-c95aaa4d52a8,1,2218138,2218138,2259556,2262217,41418,41418,0,0,0,0
2259688,87d2e18f-dc24-1f84-9019-19b726da7a1c,1,2214466,2214466,2259688,2280964,45222,45222,0,0,0,0
2259811,2b76a718-566c-93cc-1d4d-fdb14e0ebe2e,1,2214650,2214650,2259811,2264385,45161,45161,0,0,0,0
2259987,862a76f2-f15e-609c-b297-fa7ff719ae43,1,2214351,2214351,2259987,2256429,45636,45636,0,0,0,0
2260392,fa11f0e7-566d-56e8-1c86-cf6f0285ede1,2,2259565,2259616,2260392,2260705,776,827,51,0,0,0
2260401,3781d306-d5e0-a664-e4db-04c8a8174c85,1,2219759,2219759,2260401,2243955,40642,40642,0,0,0,0
2260525,aee7c7a5-8629-6fbe-309b-48dd63329992,1,2219882,2219882,2260525,2277994,40643,40643,0,0,0,0
2260876,666bd0ee-b257-4bf7-2439-680010c69c57,1,2257065,2257065,2260876,2260004,3811,3811,0,0,0,0
2261112,2663afff-87b0-6378-466b-9910841169cd,1,2253161,2253216,2261112,2261950,7896,7951,55,0,0,0
2261563,ba0371f9-90ed-01d3-ef44-4cf56f089155,1,2217430,2217430,2261563,2243781,44133,44133,0,0,0,0
2261679,420079f5-1dc3-c26e-7b62-659e0700749a,1,2257354,2257354,2261679,2263364,4325,4325,0,0,0,0
2262016,a40dfea5-bd64-987e-b652-ae9938b5e89a,1,2217430,2217430,2262016,2261752,44586,44586,0,0,0,0
2262106,29b2b32c-1f27-fa2c-8439-1819b97a08ba,1,2218176,2218198,2262106,2247174,43908,43930,22,0,0,0
2262270,efede7bb-5909-b7d6-c353-b9e48aa2f756,1,2222200,2222200,2262270,2242840,40070,40070,0,0,0,0
2262791,35c606b5-4e00-3d55-15ca-dfaff26d3dd3,1,2222266,2222266,2262791,2279843,40525,40525,0,0,0,0
2263930,99f75c76-2bcf-d03f-73e9-b99b1fc489b3,1,2262543,2262543,2263930,2264365,1387,1387,0,0,0,0
2264222,750acc98-2cbf-b769-c6a1-a468afb3e3ad,1,2262652,2262652,2264222,2263977,1570,1570,0,0,0,0
2264713,cab285dc-85b7-b774-3608-937418caa0a9,1,2262820,2262851,2264713,2264015,1862,1893,31,0,0,0
2267040,a542deb9-2cff-45f8-1bdc-74a98d3a5d76,1,2262842,2262851,2267040,2268089,4189,4198,9,0,0,0
2267185,d13b3a4d-87f1-6ab5-8e82-373e42be7d36,1,2246638,2246638,2267185,2272783,20547,20547,0,0,0,0
2268469,a06a7de4-9755-828f-5147-c3ba2f875748,8,2119229,2119229,2268469,2330518,149240,149240,0,0,0,0
2268912,c04446bf-d9f4-8bbd-0dec-644cda2d2156,1,2267061,2267100,2268912,2268109,1812,1851,39,0,0,0
2269127,b9163357-4b1b-df3b-e217-a6df21939b93,4,2263008,2263008,2269127,2270774,6119,6119,0,0,0,0
2270905,e9b89caf-8a93-0d39-c13d-3c538cda74ec,1,2266688,2266688,2270905,2269565,4217,4217,0,0,0,0
2271568,7f297630-bbca-a210-2fe6-1a89d059b594,1,2266975,2266975,2271568,2271797,4593,4593,0,0,0,0
2271817,5a19d7ab-73e0-467e-87e8-1b25a9715404,1,2268560,2268560,2271817,2270479,3257,3257,0,0,0,0
2271832,a5b09024-a12a-d119-86fb-bcdb7ecd7062,1,2268660,2268660,2271832,2271974,3172,3172,0,0,0,0
2272183,82f2a59e-2bb7-f146-3d9d-542aa84fa67f,1,2266858,2266858,2272183,2272562,5325,5325,0,0,0,0
2272231,946a95a6-f2e4-01af-4702-1755f11cc0a4,64,2253958,2253963,2272231,2267406,18268,18273,5,0,0,0
2272232,3457c8d7-5236-64ef-8d8b-10518af35cd2,1,2268921,2268972,2272232,2271224,3260,3311,51,0,0,0
2272339,4f7f963e-d3c5-44a3-cc0b-200d3edec38e,1,2268939,2268972,2272339,2272222,3367,3400,33,0,0,0
2272812,de1d4653-d112-8bb8-e7b2-df91adbd2e33,1,2269567,2269599,2272812,2272333,3213,3245,32,0,0,0
2272813,def3306a-f998-63f2-7799-fddb79e546e7,1,2269608,2269659,2272813,2272795,3154,3205,51,0,0,0
2272861,c8ecb641-9267-8e10-e050-df248522496a,1,2269642,2269659,2272861,2274021,3202,3219,17,0,0,0
2272978,88baef4a-a8be-8d1f-4b1c-0df3c865b35c,1,2269497,2269539,2272978,2273132,3439,3481,42,0,0,0
2273610,8bc85d37-09cc-cf1a-5c38-7c2a1243e838,1,2269950,2269998,2273610,2272521,3612,3660,48,0,0,0
2273682,600fc79c-fbce-7087-56d2-b14d07faf6f7,1,2269479,2269479,2273682,2274739,4203,4203,0,0,0,0
2273671,57cc6c2a-b61c-07e8-5c58-a3bea1ac78c9,1,2269507,2269539,2273671,2271653,4132,4164,32,0,0,0
2273694,f42323d9-11ea-8815-7ddc-44f5deaf9631,1,2270372,2270414,2273694,2272209,3280,3322,42,0,0,0
2273782,ffbb4bcc-a5cb-bf6f-3d33-31644bb8ebe2,1,2269950,2269998,2273782,2273223,3784,3832,48,0,0,0
2273889,edd32be9-2905-2dd7-077b-1426b73c62ab,1,2270264,2270294,2273889,2274422,3595,3625,30,0,0,0
2274044,75863743-9174-dc0b-eeb7-4413454f3fbf,1,2270577,2270597,2274044,2274800,3447,3467,20,0,0,0
2274142,c75f41dc-9a6a-abb1-5cda-038513eb4358,1,2270386,2270414,2274142,2275525,3728,3756,28,0,0,0
2274167,e3fb8c1d-7841-b3dd-9034-4c867d14190d,1,2268983,2269032,2274167,2273367,5135,5184,49,0,0,0
2274206,67e54646-8430-f0fa-390f-ecf5e8410a39,1,2270686,2270686,2274206,2274440,3520,3520,0,0,0,0
2274291,55525e11-b469-3821-c7ca-7ddc171acd35,1,2270098,2270098,2274291,2273781,4193,4193,0,0,0,0
2274323,3e5f7e23-704c-19e2-2a3d-d7698dac210d,1,2269042,2269092,2274323,2275770,5231,5281,50,0,0,0
2274371,676cf539-c9be-f3d7-2b1b-0f5260ae9b09,1,2269323,2269323,2274371,2275715,5048,5048,0,0,0,0
2274440,2ac38bd3-1afc-388c-81de-c9db0abe8257,1,2269328,2269383,2274440,2275891,5057,5112,55,0,0,0
2274418,39f18027-6f88-e2c0-b968-ab06b0067b61,1,2269782,2269782,2274418,2274358,4636,4636,0,0,0,0
2274582,d49cc547-c371-2e42-0378-25dad399956c,1,2269938,2269938,2274582,2275415,4644,4644,0,0,0,0
2274606,cfc91b52-4aff-a0a0-0f4e-2726b9dd378e,1,2270319,2270354,2274606,2273221,4252,4287,35,0,0,0
2274690,0e18ab96-25f4-1dd6-2f51-ac6e0c85f154,1,2270418,2270474,2274690,2273343,4216,4272,56,0,0,0
2274668,0803ad31-4e1e-2f3d-a910-22b80d60e364,1,2270418,2270474,2274668,2274944,4194,4250,56,0,0,0
2275096,a6ef8273-6f77-4027-e656-cfbc8ed2de16,1,2270287,2270294,2275096,2275139,4802,4809,7,0,0,0
2275146,ab707385-6c81-4f55-9906-d534438f9d83,1,2270274,2270294,2275146,2276248,4852,4872,20,0,0,0
2275168,d4fecf58-a1f8-75a4-8a4b-455957765dc6,1,2270132,2270158,2275168,2275998,5010,5036,26,0,0,0
2275371,8a08d40e-a239-5ad5-af1f-798c13fd2d26,1,2272085,2272117,2275371,2273893,3254,3286,32,0,0,0
2275538,85713253-9956-ad9b-3dc8-7f792843d696,1,2270537,2270537,2275538,2276334,5001,5001,0,0,0,0
2277260,c316959c-ce64-debe-20e7-118acf8da52b,1,2273757,2273789,2277260,2275685,3471,3503,32,0,0,0
2277384,302b0401-efed-098b-979a-7368bd96bb0a,1,2273874,2273912,2277384,2276608,3472,3510,38,0,0,0
2277647,02b3c948-4db6-f475-27dd-1ac44282b6e4,1,2273784,2273789,2277647,2277165,3858,3863,5,0,0,0
2279145,5b6d6b7c-54b2-a582-f398-1e9e7cb882a0,1,2275696,2275718,2279145,2278898,3427,3449,22,0,0,0
2279662,226f93e7-9e5f-992d-39c2-92597310453d,1,2275827,2275827,2279662,2278854,3835,3835,0,0,0,0
2280373,e17f5e53-2260-7be8-78ca-903b1c6c8382,1,2276834,2276834,2280373,2279656,3539,3539,0,0,0,0
2280449,37663e35-cdba-2cac-7e85-f617f17e993d,1,2276748,2276748,2280449,2278632,3701,3701,0,0,0,0
2280862,e6ef3a0b-dd1e-4932-b5cd-dc34920ee451,1,2276653,2276653,2280862,2278731,4209,4209,0,0,0,0
2280894,6c5540f0-cc9c-f41c-8696-99010ddca788,1,2276909,2276909,2280894,2281639,3985,3985,0,0,0,0
2281126,73a44f97-e6fa-a03b-2c85-ef207db8aa1c,1,2277040,2277040,2281126,2279740,4086,4086,0,0,0,0
2281556,a72bdddd-511e-eeb8-5040-5c433a6c7da6,1,2277410,2277444,2281556,2280891,4112,4146,34,0,0,0
2281737,e9058f29-731d-a6ec-6303-2bd49db564b5,1,2257358,2257414,2281737,2273584,24323,24379,56,0,0,0
2282321,244700ca-31e3-860a-82ca-a526ffa0a1af,64,2279672,2279722,2282321,2282882,2599,2649,50,0,0,0
2289417,b8875caf-1991-103f-d06e-ccbc3a8359b6,1,2272041,2272057,2289417,2296217,17360,17376,16,0,0,0
2289476,dbd34a94-8a99-6027-a085-0656a22646f5,1,2271982,2271997,2289476,2293889,17479,17494,15,0,0,0
2289453,0bb9c606-5320-86af-3eb0-b8d1e3e7e32d,1,2272044,2272057,2289453,2296533,17396,17409,13,0,0,0
2289493,46cbeb60-37d7-bd4a-f718-a6ad2209cd5f,1,2271991,2271997,2289493,2290444,17496,17502,6,0,0,0
2289608,bbae2fbd-bc99-a291-d342-98bebe2a85c6,1,2271989,2271997,2289608,2289214,17611,17619,8,0,0,0
2289631,393f8079-8e15-6734-25e1-7dadd2f62f9d,1,2271933,2271937,2289631,2289782,17694,17698,4,0,0,0
2289626,634d7549-9d9a-70e1-81ef-688b7fc0922e,1,2271987,2271997,2289626,2294707,17629,17639,10,0,0,0
2289620,02fea0e2-41a7-22d6-095f-a84518cb913a,1,2272042,2272057,2289620,2283036,17563,17578,15,0,0,0
2289723,aa8fb624-4f2f-feb3-d8dd-0b26fc0ea898,1,2272196,2272243,2289723,2285267,17480,17527,47,0,0,0
2289721,c7ed8888-5939-dc71-c0d9-863f66bcf6f0,1,2272290,2272303,2289721,2292523,17418,17431,13,0,0,0
2289793,21e10ae8-5795-bee7-b510-561a683def14,1,2272227,2272243,2289793,2295502,17550,17566,16,0,0,0
2289849,b95175be-5c89-158a-16b4-4b0c576bd523,1,2272562,2272562,2289849,2287112,17287,17287,0,0,0,0
2290271,6a429bd5-cd71-82b4-d471-104f1859c5ae,1,2272800,2272802,2290271,2289231,17469,17471,2,0,0,0
2290319,4f489f45-92b4-002c-7b2e-60e16ae63480,1,2272660,2272682,2290319,2294770,17637,17659,22,0,0,0
2290387,07fbb920-dd9d-2e4d-483e-dd69dc7abd16,1,2272709,2272742,2290387,2288514,17645,17678,33,0,0,0
2290346,3fa27ffd-3180-c811-9767-10d764188dde,1,2272772,2272802,2290346,2298005,17544,17574,30,0,0,0
2301854,7b4bcaf8-6b4a-3541-f123-167e596a2b36,4,2025554,2025554,2301854,2306798,276300,276300,0,0,0,0
2302043,737cf8b5-6356-1add-685a-9f2b4236c0bf,1,2232919,2232919,2302043,2287870,69124,69124,0,0,0,0
2303678,ffc19ef6-a61f-135f-7fc7-06f0b30672dc,4,2283035,2283035,2303678,2301651,20643,20643,0,0,0,0
2304094,c0cffa73-35b5-0ec5-b3ed-8f33f587d26d,4,2283611,2283611,2304094,2309181,20483,20483,0,0,0,0
2304412,92811c92-984f-e323-b329-2925b107094e,1,2303615,2303665,2304412,2304243,747,797,50,0,0,0
2304670,38ace486-7eb6-c0a9-95f5-f2ac3e247c2b,1,2303909,2303944,2304670,2304568,726,761,35,0,0,0
2304803,9bafcc20-0e16-af3f-538c-c0ca17acd7e9,1,2303884,2303884,2304803,2304610,919,919,0,0,0,0
2305007,cd14eacb-7da8-0631-4c6d-8ddd1edfc59e,1,2303821,2303821,2305007,2304386,1186,1186,0,0,0,0
2305630,ab132032-b2e1-9f66-b1f0-2ea8242f5829,1,2304783,2304783,2305630,2305842,847,847,0,0,0,0
2305808,aed690cc-037f-5347-ab40-256118cd99c9,1,2304003,2304004,2305808,2305375,1804,1805,1,0,0,0
2306154,3b759faa-18ce-58d1-c5e3-be15f1dc5270,1,2303285,2303285,2306154,2306718,2869,2869,0,0,0,0
2306357,ee1eedbf-4634-0607-f260-a3ed02dec88f,1,2304207,2304207,2306357,2306697,2150,2150,0,0,0,0
2306361,a25291f3-730b-c657-b4cb-46131d39e9c2,1,2303605,2303605,2306361,2305104,2756,2756,0,0,0,0
2307411,da948cdf-6637-3dc7-91f4-48bb28802cff,1,2303500,2303500,2307411,2305612,3911,3911,0,0,0,0
2308614,946b4482-97bb-9fbf-71df-c82cb8addf54,1,2280769,2280825,2308614,2301924,27789,27845,56,0,0,0
2308713,41afeb2a-62c8-c3f4-1d06-149ef1eab64a,1,2307937,2307984,2308713,2308372,729,776,47,0,0,0
2308746,94a64978-a64f-cefb-e8ca-0bd26504f7a9,1,2307987,2308044,2308746,2308402,702,759,57,0,0,0
2308792,b78bf29d-0ccc-b5c6-35d0-ea433baada26,1,2297825,2297825,2308792,2313339,10967,10967,0,0,0,0
2308848,f2d058ca-7b2e-329d-9f80-bd12299606d2,4,2283261,2283261,2308848,2308307,25587,25587,0,0,0,0
2308859,52e6ef74-150b-d1d8-f882-c32691f28485,1,2308038,2308044,2308859,2308862,815,821,6,0,0,0
2309186,edb68b81-cec6-8cfe-a3fd-17f02ae63af6,1,2307880,2307924,2309186,2309179,1262,1306,44,0,0,0
2309240,fa82f65d-6e1b-abe2-ca20-8c075c8aca1b,1,2307945,2307984,2309240,2308652,1256,1295,39,0,0,0
2309454,4684833e-19dd-3b90-8839-c8e410db5fdc,1,2306556,2306601,2309454,2310295,2853,2898,45,0,0,0
2310780,a43366c9-7d3d-6b72-1f3e-c5721527b2ac,1,2308103,2308104,2310780,2310742,2676,2677,1,0,0,0
2311084,ba65983d-fa33-fa98-63f2-0557a2e2d1ca,1,2297876,2297885,2311084,2312732,13199,13208,9,0,0,0
2311093,4c71b0d5-bf4d-493d-bc57-003e91f91586,1,2308038,2308044,2311093,2310644,3049,3055,6,0,0,0
2311701,cd4f2875-df2d-df20-05a4-3113101d759e,1,2308051,2308104,2311701,2311586,3597,3650,53,0,0,0
2312527,21f3eb6f-3298-d758-3585-ac00d3c874bd,1,2311648,2311648,2312527,2312254,879,879,0,0,0,0
2312534,fef97d57-3c77-ea4a-4d65-4036a00f230b,1,2311715,2311768,2312534,2312522,766,819,53,0,0,0
2312562,e606d7c2-1e18-046d-2e42-1840a05f36c8,1,2311747,2311768,2312562,2312901,794,815,21,0,0,0
2312532,2fd6129a-82e0-9d39-bab0-08df2709f5b2,1,2311894,2311894,2312532,2312438,638,638,0,0,0,0
2312691,c2d031ad-1bc6-229e-42f1-9c7b91f29ea4,1,2311793,2311828,2312691,2312905,863,898,35,0,0,0
2312728,476a3991-aebe-f7a2-8521-e25e96fbcb7e,1,2311704,2311708,2312728,2312592,1020,1024,4,0,0,0
2312757,a46b6fce-e78d-147c-3d87-703472173fa3,1,2311048,2311048,2312757,2312766,1709,1709,0,0,0,0
2312768,79dd7b95-1558-cc6d-7120-3b7a1dcccf24,1,2311542,2311542,2312768,2312621,1226,1226,0,0,0,0
2313444,f5946de4-ad9e-392f-9b02-7f54ae5b4ff8,1,2312015,2312015,2313444,2313337,1429,1429,0,0,0,0
2313674,27571245-b884-5902-8897-3a4a33b636dc,1,2311227,2311228,2313674,2314631,2446,2447,1,0,0,0
2314017,a54680ad-8107-75f3-ea0c-e0e1cb70c67b,8,2273866,2273912,2314017,2333029,40105,40151,46,0,0,0
2314037,062667fc-cedc-f5bf-6e94-34ab7adf1458,1,2297737,2297737,2314037,2312560,16300,16300,0,0,0,0
2314037,ef5e4a66-4fc9-4cd0-ef2a-dff8cea4f9c4,1,2311953,2311954,2314037,2312984,2083,2084,1,0,0,0
2314074,57522610-482a-68ff-8796-45b8212232df,1,2311772,2311828,2314074,2313120,2246,2302,56,0,0,0
2314558,82330e6e-b89c-96e9-5d39-b50542696d14,1,2313496,2313504,2314558,2314319,1054,1062,8,0,0,0
2315212,305a1bef-6909-03c4-6b13-b71df96846e7,1,2314435,2314435,2315212,2315207,777,777,0,0,0,0
2315909,5b951652-c11e-a16b-a6d6-2330f5b19be4,1,2308024,2308044,2315909,2315965,7865,7885,20,0,0,0
2315890,f7f3dc54-27a0-b911-afd2-9b721c13a1e7,1,2314584,2314618,2315890,2315773,1272,1306,34,0,0,0
2316392,1c405045-4a22-eae9-22f9-cafe2eb23ca3,1,2306541,2306541,2316392,2313315,9851,9851,0,0,0,0
2316529,5e7e2813-a967-3fe1-7fce-e629ea8e55a5,1,2313979,2313979,2316529,2315797,2550,2550,0,0,0,0
2316673,430438b5-32c1-92f1-7661-7a3bf9606ca3,1,2308077,2308104,2316673,2319650,8569,8596,27,0,0,0
2316939,206faddb-1a31-c87e-904c-01a1434fe133,1,2308132,2308164,2316939,2319380,8775,8807,32,0,0,0
2317801,833334f6-6a6a-0149-0b44-676d2ac39be9,1,2315689,2315689,2317801,2318479,2112,2112,0,0,0,0
2318147,291c9094-cb2c-0efb-c4c3-b30d435f59e6,1,2313384,2313384,2318147,2316947,4763,4763,0,0,0,0
2318236,855c0a97-9640-5fcd-bf76-14495cf85eeb,1,2313440,2313444,2318236,2318150,4792,4796,4,0,0,0
2319334,3bd13a43-8853-490b-ec26-4a0cc09f1c91,1,2313136,2313136,2319334,2317087,6198,6198,0,0,0,0
2320318,62d846d0-5ea0-11cd-6d79-d8bfda92e740,2,2233333,2233333,2320318,2289478,86985,86985,0,0,0,0
2321742,9b02c535-2649-a478-d396-6f0a6b77af9e,1,2308038,2308044,2321742,2318591,13698,13704,6,0,0,0
2322227,75566ff1-b91a-ce28-e1e6-8d3577c8c297,1,2314243,2314243,2322227,2319139,7984,7984,0,0,0,0
2323777,1ce62a9f-79af-8348-10bb-c60d07bf63ee,1,2319508,2319508,2323777,2325750,4269,4269,0,0,0,0
2325628,290fb2bd-f458-5d04-0476-fc349dc59ddb,1,2320855,2320855,2325628,2323392,4773,4773,0,0,0,0
2325966,f3b93ebe-7849-83ff-97ca-eef5b8a4c19f,1,2315355,2315369,2325966,2322992,10597,10611,14,0,0,0
2329326,c7101f3d-a1aa-19f0-a26c-2d5a742617e7,2,2242293,2242293,2329326,2332747,87033,87033,0,0,0,0
2330927,4251d2f0-20a8-9260-97a1-a2f67a139e90,1,2307864,2307864,2330927,2336441,23063,23063,0,0,0,0
2331410,60920068-c403-b430-631a-9c3c0d591303,1,2297672,2297672,2331410,2340270,33738,33738,0,0,0,0
2364998,b011b125-0221-11e5-88fc-3da1781d5b6c,8,2358257,2358257,2364998,2363423,6741,6741,0,0,0,0
2374108,56db638a-097b-a119-0433-fd20feeef3e1,8,2369114,2369114,2374108,2374395,4994,4994,0,0,0,0
2375059,3ea426b8-3f7b-16ec-85df-f8e291136499,8,2369471,2369471,2375059,2372686,5588,5588,0,0,0,0
2376152,9fb886b2-a662-cb92-4748-ffb3d0a96757,8,2370539,2370539,2376152,2374801,5613,5613,0,0,0,0
2376525,592c6a0e-14d4-9d3a-cb40-fcdd9cd2da08,1,2351260,2351302,2376525,2368957,25223,25265,42,0,0,0
2376678,23226464-ad6d-84ef-d4d9-a0ae055fd8d1,4,2350084,2350084,2376678,2373636,26594,26594,0,0,0,0
2377056,b703fa9f-e15c-1c37-e4ab-9bae5aca08f9,8,2371760,2371760,2377056,2376912,5296,5296,0,0,0,0
2377915,1c2b498f-054d-a360-624d-347360bc6cbc,1,2351246,2351302,2377915,2376739,26613,26669,56,0,0,0
2380093,f486a251-1414-f827-a632-c350ff712ff4,1,2351245,2351302,2380093,2382439,28791,28848,57,0,0,0
2380259,df42eabd-604f-3c8d-961a-9968230a37e5,1,2351245,2351302,2380259,2385149,28957,29014,57,0,0,0
2380289,ed56c714-5a96-21f5-9f8c-eda5feb9ea24,1,2351244,2351302,2380289,2380576,28987,29045,58,0,0,0
2380328,209595a4-602c-f604-13d7-54d6b30269aa,1,2347347,2347347,2380328,2384542,32981,32981,0,0,0,0
2380369,1a354475-8399-7ac5-8f43-a2509f795228,1,2351245,2351302,2380369,2378282,29067,29124,57,0,0,0
2380520,c572aa5b-51d4-1f72-6c77-8135fad76ab7,1,2348162,2348162,2380520,2376821,32358,32358,0,0,0,0
2381114,4c6f9a45-8192-ef8f-1fed-7603fadc9704,1,2351242,2351242,2381114,2378244,29872,29872,0,0,0,0
2381146,622c636f-e713-f930-5395-8e5cedd0ce02,1,2351243,2351302,2381146,2394696,29844,29903,59,0,0,0
2381193,3b8ede31-e614-15dd-5251-d645cb94cf8d,1,2351245,2351302,2381193,2376907,29891,29948,57,0,0,0
2381295,3e20718a-0bb9-a8f6-9e4d-a214eb034c4e,1,2351244,2351302,2381295,2379742,29993,30051,58,0,0,0
2382035,060615bf-d1b5-1519-c44f-376a4bd01f7a,1,2381400,2381424,2382035,2381974,611,635,24,0,0,0
2383224,75e8abfe-6af0-1106-e235-09a86bcfdfa4,4,2355678,2355678,2383224,2390034,27546,27546,0,0,0,0
2383522,a81d0ecf-c27f-f69e-febe-a834bfffd800,1,2382777,2382777,2383522,2383549,745,745,0,0,0,0
2384144,9fb30a4d-c071-2a38-bffc-4f097f1464b3,8,2378659,2378659,2384144,2384529,5485,5485,0,0,0,0
2385740,e79524eb-84fa-3889-f21f-9823f23b1efb,1,2361569,2361612,2385740,2391344,24128,24171,43,0,0,0
2386032,8aad970f-3401-0fe9-621e-1d14d33b05e6,1,2362490,2362490,2386032,2388487,23542,23542,0,0,0,0
2386084,49a5fd0d-e487-1ab3-aa79-4de7a7604977,1,2361576,2361612,2386084,2394177,24472,24508,36,0,0,0
2386213,e1d5c0dc-3ea5-85a9-01ae-c50599a04abb,1,2362687,2362737,2386213,2395945,23476,23526,50,0,0,0
2386423,4bbb2e9a-8af5-3d42-c576-7c743ffb9577,1,2362740,2362797,2386423,2397008,23626,23683,57,0,0,0
2386507,59875c7d-0151-ccb0-1b6f-1a9e5a98b715,1,2362866,2362866,2386507,2374812,23641,23641,0,0,0,0
2386816,425ca2e3-8682-d62f-a8ae-013ac6807bb4,1,2362557,2362557,2386816,2380946,24259,24259,0,0,0,0
2387171,f714bab7-6ef5-9d48-e98f-8c8ad63c04c0,1,2363454,2363454,2387171,2389339,23717,23717,0,0,0,0
2387286,8dd7e052-44e7-a702-04c4-7757e2db1ce3,1,2362677,2362677,2387286,2392388,24609,24609,0,0,0,0
2387401,025c9425-c557-13d3-09d7-cc9c6af98a8b,1,2363867,2363870,2387401,2377007,23531,23534,3,0,0,0
2387456,c2ce56bd-8301-b3a6-849b-50bc05e5d461,1,2363882,2363930,2387456,2377896,23526,23574,48,0,0,0
2387531,c5798f5d-9690-40b0-5182-88dd16965a15,1,2363685,2363714,2387531,2386820,23817,23846,29,0,0,0
2387574,dd43b0cf-54d0-9314-b0ca-b2497b417aed,1,2363867,2363870,2387574,2378969,23704,23707,3,0,0,0
2387589,eba332b1-f36c-1c45-a942-b4d7bd2dffff,1,2363956,2363990,2387589,2394010,23599,23633,34,0,0,0
2388132,78dc340b-4051-391c-9ac1-ad6984f612df,1,2363654,2363654,2388132,2379664,24478,24478,0,0,0,0
2388400,6c5ccba7-b55d-2fc1-622c-c212b69d2f48,1,2363810,2363810,2388400,2388253,24590,24590,0,0,0,0
2398267,a5d83148-0deb-083b-76ba-45725c667438,4,2372180,2372227,2398267,2391645,26040,26087,47,0,0,0
2398564,ef5e0d74-fe2e-7c0f-1c68-a6142644b6f9,4,2320923,2320923,2398564,2368783,77641,77641,0,0,0,0
2413637,b1b2b5f8-8b66-1d1f-579a-7954c98e3f5b,8,2411319,2411346,2413637,2414567,2291,2318,27,0,0,0
2413989,1d444351-7c93-cdc3-d635-212d92fe00e8,8,2229804,2229804,2413989,2454528,184185,184185,0,0,0,0
2414253,2a983090-831f-d302-29fd-9b08074f6459,1,2413356,2413356,2414253,2413847,897,897,0,0,0,0
2415417,00ebf725-2f1e-f8dc-34f9-02b74580a4ae,1,2413264,2413264,2415417,2415529,2153,2153,0,0,0,0
2416424,9a0f09e9-eb8b-8c11-1fb0-ef34c8497436,1,2414396,2414423,2416424,2417352,2001,2028,27,0,0,0
2417685,cf674365-a4c1-c966-a682-c0fb159e9c9f,1,2416785,2416785,2417685,2417452,900,900,0,0,0,0
2418008,38f1f1ab-cb17-0945-be88-f8e4143dbd6c,1,2417078,2417078,2418008,2417875,930,930,0,0,0,0
2418269,928b1e4b-4c47-2ded-72e0-6bb41fef9a77,1,2413047,2413047,2418269,2416551,5222,5222,0,0,0,0
2419192,65e92e49-b26c-8876-58fa-e8c71d10b6f6,1,2417468,2417468,2419192,2419929,1724,1724,0,0,0,0
2419223,28815cd9-8821-9541-1cc1-fb5ec7d4a10f,1,2417400,2417400,2419223,2419181,1823,1823,0,0,0,0
2419561,43651cb8-329d-cf9e-f964-8a0f2d0490a7,1,2418626,2418626,2419561,2419751,935,935,0,0,0,0
2419821,111ac671-f593-1884-980f-65609cf540d9,1,2418368,2418373,2419821,2420413,1448,1453,5,0,0,0
2420130,bef6a59a-c186-a221-1030-56b79e4c24dd,1,2416975,2416975,2420130,2421325,3155,3155,0,0,0,0
2421308,35c0c003-d2cb-03eb-fd52-3fad3fbefe33,1,2418345,2418373,2421308,2421767,2935,2963,28,0,0,0
2421866,8974e16a-2ef0-963c-1106-2a357d10bf9f,1,2418802,2418802,2421866,2420831,3064,3064,0,0,0,0
2422184,c58b6161-1a44-cb3b-8634-a7cd4fa83870,1,2421300,2421300,2422184,2421918,884,884,0,0,0,0
2422250,031d45fc-c9c0-1379-829c-34f70f5bc40c,1,2420821,2420821,2422250,2422233,1429,1429,0,0,0,0
2423159,6f6335bf-6ecf-aab4-7fc7-6f6ab9465130,1,2421549,2421549,2423159,2423585,1610,1610,0,0,0,0
2423485,eaacabb4-3802-485f-214b-a540ea041d0b,1,2419875,2419881,2423485,2424674,3604,3610,6,0,0,0
2423519,63265564-0175-105a-3fc1-428a7c7ab691,1,2422175,2422175,2423519,2423632,1344,1344,0,0,0,0
2425076,5d87edd2-1735-f36b-a5a6-ab3af5757b77,1,2411127,2411164,2425076,2425961,13912,13949,37,0,0,0
2425065,d59f2b69-79a8-832f-6097-1a15c80682d3,1,2411129,2411164,2425065,2419806,13901,13936,35,0,0,0
2425065,a9d52401-41e1-008c-8bb3-fbb2fd6314f2,1,2411131,2411164,2425065,2423879,13901,13934,33,0,0,0
2425116,1eb46d3b-d841-26ac-eb4f-9efbb4d1880b,1,2411128,2411164,2425116,2419408,13952,13988,36,0,0,0
2425136,a395b867-7397-d1a1-f641-940591cbbc49,1,2411129,2411164,2425136,2422713,13972,14007,35,0,0,0
2425095,78428071-2eb3-5f6a-c3f2-6a392653de2b,1,2411129,2411164,2425095,2430812,13931,13966,35,0,0,0
2425167,929daf9f-0149-a2af-0ab1-a5041f8c56e0,1,2411129,2411164,2425167,2420255,14003,14038,35,0,0,0
2425198,e054dba1-8f4e-a920-9df2-055436ba4892,1,2411137,2411164,2425198,2423627,14034,14061,27,0,0,0
2425187,a1ab975e-54a2-315d-bdfb-0259d07b3c55,1,2411137,2411164,2425187,2423269,14023,14050,27,0,0,0
2425209,b37bdb99-31f1-8f8b-ec4d-e885b245b7d9,1,2411133,2411164,2425209,2429275,14045,14076,31,0,0,0
2425239,7b6fb65b-8d70-600f-04a1-dd66bce88f22,1,2411141,2411164,2425239,2418953,14075,14098,23,0,0,0
2425208,3217f93c-ac60-82a4-385f-a73df17316d5,1,2411141,2411164,2425208,2418185,14044,14067,23,0,0,0
2425224,938f2b90-6c08-7d6c-04de-78f8873f3f03,1,2424202,2424202,2425224,2425629,1022,1022,0,0,0,0
2425311,49694032-5808-d790-22e4-9628d913057d,1,2411127,2411164,2425311,2421209,14147,14184,37,0,0,0
2425312,d900b745-311d-2ed4-463a-5bb6c841b6a8,1,2411127,2411164,2425312,2420778,14148,14185,37,0,0,0
2425260,4f842010-a48f-c1f1-1be4-0ba9902ad019,1,2411130,2411164,2425260,2426356,14096,14130,34,0,0,0
2425269,89131a4a-c5c6-5d8a-6022-7afc4ba82162,1,2411136,2411164,2425269,2424409,14105,14133,28,0,0,0
2425404,e3dc8702-5033-14b1-609c-f7af0889360f,1,2411137,2411164,2425404,2420118,14240,14267,27,0,0,0
2425404,d4c2459b-bfac-0af7-7e28-40a17a506f60,1,2411141,2411164,2425404,2422079,14240,14263,23,0,0,0
2425455,91b8ff07-e909-9654-5432-3b1c869e8836,1,2411139,2411164,2425455,2429963,14291,14316,25,0,0,0
2425414,706ad042-ae6b-0455-9cdd-d7c2d25a0b3f,1,2411143,2411164,2425414,2419904,14250,14271,21,0,0,0
2425594,c67a56e3-06fe-8fcf-c7b1-326502f39ad2,1,2424664,2424664,2425594,2425221,930,930,0,0,0,0
2425694,abf2b369-5d0a-06d3-e592-ee7c683199c6,1,2421699,2421699,2425694,2427315,3995,3995,0,0,0,0
2426549,440dd09f-c2e8-bfc2-f649-6cdefca54576,1,2418396,2418433,2426549,2426300,8116,8153,37,0,0,0
2427598,3427e466-17f4-b85d-597f-aaf01fa7cddf,1,2426660,2426660,2427598,2427732,938,938,0,0,0,0
2427658,f1bb5d9b-7499-bb6b-9afd-d46442e6918c,1,2426705,2426720,2427658,2427820,938,953,15,0,0,0
2428062,37bea260-c053-f253-5a1e-490d6894844f,1,2425962,2425962,2428062,2428689,2100,2100,0,0,0,0
2428106,1812362f-c076-f92d-73a4-69a556f7e6bb,1,2424215,2424262,2428106,2426629,3844,3891,47,0,0,0
2428754,a8c12f22-78ea-904d-9b6b-09920d2a9d7a,1,2427826,2427826,2428754,2428768,928,928,0,0,0,0
2430035,867772d3-ee7a-6de6-c66d-fe25f31dde25,1,2411026,2411044,2430035,2434340,18991,19009,18,0,0,0
2430103,1f09bd6b-bba8-e166-89f9-c43e6b074c79,1,2411026,2411044,2430103,2426273,19059,19077,18,0,0,0
2430227,434a7e17-eece-d5b3-3a8d-a12744f64bef,1,2411028,2411044,2430227,2428778,19183,19199,16,0,0,0
2430297,c78a7900-d2bd-16ec-1481-13b4ddcf5003,1,2411028,2411044,2430297,2438554,19253,19269,16,0,0,0
2430338,3f010e25-6ac0-8ccb-5eb8-e0db7273b7af,1,2411026,2411044,2430338,2433517,19294,19312,18,0,0,0
2430349,84aeffbe-ae1f-d957-1f28-e41746273272,1,2411027,2411044,2430349,2437839,19305,19322,17,0,0,0
2430434,bdcf6fd4-88df-12c1-1fc8-628d4b4d1079,1,2411030,2411044,2430434,2431811,19390,19404,14,0,0,0
2430515,73131038-b2df-b075-1b8f-abe952377d88,1,2411025,2411044,2430515,2426327,19471,19490,19,0,0,0
2430536,3902d8a7-e5ae-288f-5942-339503d301cf,1,2411026,2411044,2430536,2434034,19492,19510,18,0,0,0
2430519,35eaede0-ea83-a56b-fd8c-93df41515f1e,1,2411034,2411044,2430519,2420832,19475,19485,10,0,0,0
2430605,3d3fc0e0-944b-0f07-51e8-44c9b00ecc67,1,2411033,2411044,2430605,2431260,19561,19572,11,0,0,0
2430615,c3f9c78c-af70-4164-bf16-44542685602c,1,2411032,2411044,2430615,2425375,19571,19583,12,0,0,0
2430659,e09dd9e8-4348-a887-7339-3f5d8185716a,1,2411045,2411104,2430659,2439960,19555,19614,59,0,0,0
2430743,e09012d7-14ce-6f0f-75d9-704d5fe12b57,1,2411043,2411044,2430743,2436802,19699,19700,1,0,0,0
2430821,a76090e7-7c73-a166-02f7-79797466b319,1,2411046,2411104,2430821,2423396,19717,19775,58,0,0,0
2430882,65339cf0-7ce4-770e-32b7-3d808f2e08d3,1,2411045,2411104,2430882,2430707,19778,19837,59,0,0,0
2430911,85924e5f-1f53-db6e-ab11-77367260282f,1,2411029,2411044,2430911,2435716,19867,19882,15,0,0,0
2430991,a2a5ef39-c163-df1b-df32-f343a562f0a0,1,2411036,2411044,2430991,2436933,19947,19955,8,0,0,0
2430992,be9e01a9-d18c-7fde-2445-8bad2f4f914c,1,2411040,2411044,2430992,2423388,19948,19952,4,0,0,0
2431012,041b1878-1765-19e7-3332-432b3d10fa95,1,2411037,2411044,2431012,2432612,19968,19975,7,0,0,0
2431022,9c03d65c-ed8a-028c-3756-999b251adf0e,1,2411039,2411044,2431022,2436084,19978,19983,5,0,0,0
2431134,12068ad6-12aa-da4b-08ec-a4c81a71064d,1,2411046,2411104,2431134,2437377,20030,20088,58,0,0,0
2431156,1c3892e8-f2cf-cd63-80ab-4b7f2e968660,1,2411047,2411104,2431156,2440151,20052,20109,57,0,0,0
2431229,81145252-c4c3-6368-bbc5-1a50787cb0d3,1,2353837,2353895,2431229,2434678,77334,77392,58,0,0,0
2431336,bcd2e8eb-3f55-60cd-3ab7-127e4f32ea54,8,2430614,2430614,2431336,2431284,722,722,0,0,0,0
2431341,7b92a41d-bb19-f0fe-c5cb-fedd5268c879,1,2411049,2411104,2431341,2432074,20237,20292,55,0,0,0
2431368,baebe15d-4f3c-9771-4edd-2a2a6b69b4ae,1,2411227,2411286,2431368,2434154,20082,20141,59,0,0,0
2431346,63300ee1-0aaa-3c51-1cd9-7b172f51270f,1,2411227,2411286,2431346,2437978,20060,20119,59,0,0,0
2431354,3466b8f9-e1e3-e199-5f1f-05c37717a7cb,1,2429971,2429971,2431354,2431128,1383,1383,0,0,0,0
2431447,562e121f-e5fa-855d-d320-8f77e5bdbb3e,1,2411047,2411104,2431447,2429138,20343,20400,57,0,0,0
2431452,7f3dcbf9-a0a5-1b74-2ed5-a161ebfce2d6,1,2411226,2411226,2431452,2423084,20226,20226,0,0,0,0
2431423,2d798f3e-8d8b-4c60-acc5-4c621ab444a7,1,2411227,2411286,2431423,2433136,20137,20196,59,0,0,0
2431464,187666ec-26df-7b57-eb41-eac79ad8e1cc,1,2353836,2353895,2431464,2467180,77569,77628,59,0,0,0
2431504,4fa87a65-00d3-5021-f0eb-453ed67df90d,1,2411226,2411226,2431504,2427061,20278,20278,0,0,0,0
2431571,0979f5d3-4a70-3330-ffc0-31368de6e6b3,1,2353841,2353895,2431571,2426939,77676,77730,54,0,0,0
2431572,3da325e2-bc46-00bd-5842-20f1d3105f4f,1,2411227,2411286,2431572,2437244,20286,20345,59,0,0,0
2431582,2c649adf-a998-c8e1-3612-41be8b8ce7be,1,2411227,2411286,2431582,2425012,20296,20355,59,0,0,0
2431618,b285d65b-bf6b-8493-961b-53afc601b22f,1,2411227,2411286,2431618,2429274,20332,20391,59,0,0,0
2431628,d5de293b-b9a8-07ba-66dc-e997b2c454a4,1,2411234,2411286,2431628,2438401,20342,20394,52,0,0,0
2431647,0bfa8cd5-7fa7-9708-7e72-79cecd7f65f6,1,2411227,2411286,2431647,2434130,20361,20420,59,0,0,0
2431648,17c95aaa-21bd-55eb-915a-a3c07737cfb5,1,2411232,2411286,2431648,2429250,20362,20416,54,0,0,0
2431684,d685b08b-61aa-189d-0a7d-1de0fceae86b,1,2411235,2411286,2431684,2428470,20398,20449,51,0,0,0
2431721,14eae37c-67b2-916c-461e-a8aa11baf616,1,2411227,2411286,2431721,2421426,20435,20494,59,0,0,0
2431731,276732d3-a502-dc4b-5b03-34d80f4d6c40,1,2411232,2411286,2431731,2435797,20445,20499,54,0,0,0
2431791,e7775ef5-9ab9-ae1b-1d93-c7bd4c66b4ed,1,2353837,2353895,2431791,2395274,77896,77954,58,0,0,0
2431765,b7900752-7bfd-ec74-6441-e11e3ee1db8e,1,2354354,2354403,2431765,2428506,77362,77411,49,0,0,0
2431867,42ac66dc-904f-0df7-c8f7-2c2dba1ad160,1,2354346,2354403,2431867,2450046,77464,77521,57,0,0,0
2431858,f70fdc0c-a085-df47-96dd-b15968473103,1,2354351,2354403,2431858,2446440,77455,77507,52,0,0,0
2431935,e16c77ac-e69b-f25c-28e9-772b8fd7dced,1,2411247,2411286,2431935,2424487,20649,20688,39,0,0,0
2431975,42a1279b-8bf5-caed-d904-b887d77b03b3,1,2411237,2411286,2431975,2434311,20689,20738,49,0,0,0
2431946,24444f64-3025-9856-0967-65693cb29bf1,1,2411239,2411286,2431946,2433707,20660,20707,47,0,0,0
2432034,10b7de33-d627-224e-4f5a-f64ef21b7a7f,1,2353843,2353895,2432034,2409321,78139,78191,52,0,0,0
2432014,6ef54cee-bc24-3f9f-9c01-4262815ada5d,1,2354354,2354403,2432014,2440502,77611,77660,49,0,0,0
2432003,b33aa6b9-7a23-9f3c-c1f6-028b4a0efbe5,1,2411236,2411286,2432003,2422112,20717,20767,50,0,0,0
2432040,146b9fbc-667c-f788-5887-f3d2c0f1fa3a,1,2411237,2411286,2432040,2423298,20754,20803,49,0,0,0
2432097,5711d5fd-30b1-b67b-2771-a42280038f26,1,2353836,2353895,2432097,2430332,78202,78261,59,0,0,0
2432082,d6f34d9b-b918-a6e8-85fd-e9e9793841a9,1,2353843,2353895,2432082,2449277,78187,78239,52,0,0,0
2432084,0cb68029-3276-ab75-32b9-fc5651f37a1f,1,2354346,2354403,2432084,2440405,77681,77738,57,0,0,0
2432094,2df8d4a8-3fc7-4cb8-6a40-e5cc2cd51392,1,2354351,2354403,2432094,2396363,77691,77743,52,0,0,0
2432065,c4f5b03e-5af1-128c-c8ee-46bf571f7cdb,1,2354352,2354403,2432065,2443417,77662,77713,51,0,0,0
2432102,ef7cef26-3c66-7012-be74-1860bf957403,1,2354353,2354403,2432102,2462451,77699,77749,50,0,0,0
2432066,282f0aa6-730f-8b28-ecaf-549ed37dcef3,1,2411240,2411286,2432066,2440639,20780,20826,46,0,0,0
2432335,20f5128d-51ab-ac77-292f-adf7032124e8,1,2430970,2431002,2432335,2432920,1333,1365,32,0,0,0
2432388,0d3f69ed-a8c5-1cca-42ae-cc90c5386208,1,2354344,2354403,2432388,2431210,77985,78044,59,0,0,0
2432352,cd853347-3457-9c7f-af5d-b99c85f3cb12,1,2354347,2354403,2432352,2398498,77949,78005,56,0,0,0
2432421,fd9c635d-3a54-0890-82fd-a10144f801b9,1,2353836,2353895,2432421,2442463,78526,78585,59,0,0,0
2432450,30584d20-2711-1b60-93ac-d71bde03a536,1,2354346,2354403,2432450,2451879,78047,78104,57,0,0,0
2432611,507a61a9-9d8f-eee1-e12c-6678933c3b76,1,2354364,2354403,2432611,2434790,78208,78247,39,0,0,0
2432686,acef45c4-de37-90fb-9db9-4eee1a3c2131,1,2354344,2354403,2432686,2400049,78283,78342,59,0,0,0
2432854,d7371450-95cc-fda2-3677-0e04a1d8507b,1,2354363,2354403,2432854,2450168,78451,78491,40,0,0,0
2432942,744cc6ae-e03f-ff2c-f2bf-fc3fae0e289b,1,2354351,2354403,2432942,2429482,78539,78591,52,0,0,0
2432978,b7a745e2-e327-119f-d895-cceaafe2ff5c,1,2353836,2353895,2432978,2416262,79083,79142,59,0,0,0
2433000,ae3dc742-bef8-004b-fbcf-57d745f84c5d,1,2353844,2353895,2433000,2451584,79105,79156,51,0,0,0
2432944,642830f3-3e12-0f2b-fa74-ed0bf36ee0b7,1,2353851,2353895,2432944,2402524,79049,79093,44,0,0,0
2432996,fad2fd69-3fb1-5376-31d2-8c69bb88cfe7,1,2354344,2354403,2432996,2454710,78593,78652,59,0,0,0
2433131,a07eafb1-01e0-6ad8-8880-2d4d89b8b7ee,1,2353836,2353895,2433131,2439492,79236,79295,59,0,0,0
2433141,054da197-5273-d60c-57a0-3c178620a10a,1,2353835,2353835,2433141,2438497,79306,79306,0,0,0,0
2433140,9fc08086-228b-a68a-2d5f-4dd311a2c64d,1,2353851,2353895,2433140,2456022,79245,79289,44,0,0,0
2433161,9aab1efb-0838-f528-a477-e25ae19383a9,1,2354343,2354343,2433161,2431348,78818,78818,0,0,0,0
2433219,f8d78cbc-5a5d-dcc5-1f98-2a0dac184ef9,1,2353844,2353895,2433219,2459272,79324,79375,51,0,0,0
2433200,7d76ab58-b271-115b-8af0-9ec34b726a7c,1,2353848,2353895,2433200,2434988,79305,79352,47,0,0,0
2433223,145d2f7e-f057-712b-945e-b87f0eff6a6b,1,2353848,2353895,2433223,2413882,79328,79375,47,0,0,0
2433389,9696e833-4728-ddf6-4532-499e08a43ec0,1,2432000,2432056,2433389,2433199,1333,1389,56,0,0,0
2433456,ec19e4eb-3f55-1740-0a2d-36a605804493,1,2421713,2421759,2433456,2436313,11697,11743,46,0,0,0
2433457,ab7d09b2-7d01-d706-58cc-49bb12581998,1,2353846,2353895,2433457,2402766,79562,79611,49,0,0,0
2433617,399557cb-827e-e0b2-e892-0b25ab35f75a,1,2354355,2354403,2433617,2447367,79214,79262,48,0,0,0
2433619,da7f624b-5716-1640-07a0-424659f43595,1,2353836,2353895,2433619,2400358,79724,79783,59,0,0,0
2433680,c33a8761-618f-178a-266b-4b6db9ec28ff,1,2354343,2354343,2433680,2465005,79337,79337,0,0,0,0
2433753,8bbf1b30-9372-92e6-af20-6a9df9d18507,8,2431971,2431996,2433753,2433135,1757,1782,25,0,0,0
2433798,413b48c4-ef22-9e93-cfde-a771305d9749,1,2353836,2353895,2433798,2462836,79903,79962,59,0,0,0
2434421,3ab09847-6f43-27cc-1bc2-b4b46a40e733,1,2353853,2353895,2434421,2454653,80526,80568,42,0,0,0
2434538,cf51a203-a2d9-99ba-c146-ed52e73bc913,1,2433246,2433251,2434538,2434236,1287,1292,5,0,0,0
2434781,8941bdd3-9803-a82e-926a-4bd0be125f8f,1,2353852,2353895,2434781,2437471,80886,80929,43,0,0,0
2434897,e2eed64b-82f4-7196-1a41-c57f4bf70dc6,1,2353854,2353895,2434897,2474867,81002,81043,41,0,0,0
2435434,1d4ff1c8-618e-72a7-8d34-dd8374629fb5,1,2353854,2353895,2435434,2396652,81539,81580,41,0,0,0
2435501,0beba1de-beb0-7722-3fff-bc75ff866deb,1,2353853,2353895,2435501,2427886,81606,81648,42,0,0,0
2435808,12b99a50-8cb6-d1f0-a509-6396761579e7,8,2432026,2432056,2435808,2434804,3752,3782,30,0,0,0
2436942,6d56ccd8-0006-16d1-4715-60e4935f6c60,1,2424245,2424262,2436942,2431996,12680,12697,17,0,0,0
2437407,5761b099-43db-ea42-cece-36ae9fb209b1,1,2426004,2426022,2437407,2434987,11385,11403,18,0,0,0
2438017,3c98fe89-ec6e-e5ca-573f-9ac917ee7fc7,1,2418835,2418862,2438017,2436787,19155,19182,27,0,0,0
2446900,e525aeaf-51e1-1799-3f39-562d6b06e92f,1,2430492,2430494,2446900,2449553,16406,16408,2,0,0,0
2449912,c7f7040b-8718-4322-743c-6de656fdc504,1,2430519,2430554,2449912,2448510,19358,19393,35,0,0,0
2452344,236e9007-3468-0b6e-c609-0b78b5971e43,1,2422413,2422413,2452344,2465496,29931,29931,0,0,0,0
2453495,6906d118-6f75-a3b2-d818-61124cdedddb,1,2430461,2430494,2453495,2447088,23001,23034,33,0,0,0
2454288,9fea97cc-3086-2fe3-a075-13728fe2c74f,1,2280705,2280705,2454288,2411437,173583,173583,0,0,0,0
2455212,223bd9be-b11c-c20e-e9fd-197204105bd1,1,2453943,2453943,2455212,2455015,1269,1269,0,0,0,0
2457341,afc5c20e-4a63-6af5-b6e1-e7ac9fc97264,4,2444855,2444855,2457341,2458619,12486,12486,0,0,0,0
2457792,dbe38b89-a262-4fd2-a289-499e2a6716d4,1,2443780,2443780,2457792,2461328,14012,14012,0,0,0,0
2459795,4262a48c-9aa3-3580-fb70-8dd7bf3d5023,1,2452816,2452816,2459795,2457800,6979,6979,0,0,0,0
2461159,48cff1da-7bbc-cb5d-474f-92058f9d7375,1,2410925,2410984,2461159,2454085,50175,50234,59,0,0,0
2461227,61af0e8e-d137-57e1-4005-353dd76f1e65,1,2410941,2410984,2461227,2455172,50243,50286,43,0,0,0
2461239,d00dcc4f-a5e6-5ec4-6a36-7425fa41dd2e,1,2410941,2410984,2461239,2466000,50255,50298,43,0,0,0
2461300,eb821435-382a-fbde-7ef5-50110acd1ac7,1,2410924,2410924,2461300,2439414,50376,50376,0,0,0,0
2461378,21f6c63d-ac20-af11-ebd3-3927586528e6,1,2410924,2410924,2461378,2467146,50454,50454,0,0,0,0
2461425,94ad345a-e323-9264-2390-0c1dd1291d13,1,2410942,2410984,2461425,2441212,50441,50483,42,0,0,0
2461545,c8594dfb-6d73-dd1d-dda1-497a6f1f9af1,1,2410940,2410984,2461545,2449469,50561,50605,44,0,0,0
2461950,87c5577f-d091-9dcd-f5c0-b4909361b11d,1,2410925,2410984,2461950,2474665,50966,51025,59,0,0,0
2463743,0ec5bad7-b24a-e6e3-5e41-1475b040d75a,1,2280529,2280535,2463743,2374689,183208,183214,6,0,0,0
2464687,58c714f2-a3aa-1839-bc35-bc9a521a21a4,16,2396003,2396003,2464687,2481191,68684,68684,0,0,0,0
2465062,bd4211d1-9920-33eb-6a8e-b758f32d2812,1,2464371,2464371,2465062,2464713,691,691,0,0,0,0
2465156,2a2e1e6a-1bff-56f4-13b2-d1abf4e580aa,1,2464406,2464431,2465156,2464969,725,750,25,0,0,0
2465167,abdce0da-be0b-bddd-38f9-500169bd40d8,1,2462020,2462020,2465167,2464369,3147,3147,0,0,0,0
2465526,b972393a-5bb0-dd76-60b5-7717b072afc8,1,2464669,2464669,2465526,2465934,857,857,0,0,0,0
2465900,bf3b1681-0e4d-364e-397e-8bfbd3ec2149,1,2464670,2464729,2465900,2465292,1171,1230,59,0,0,0
2467398,2296d3f6-2005-dd7e-166f-419a4d7ae829,1,2280432,2280475,2467398,2389936,186923,186966,43,0,0,0
2467687,8852787c-891e-daa2-8097-09fa5159b574,1,2466266,2466266,2467687,2467186,1421,1421,0,0,0,0
2467890,195c663b-9b82-f430-4563-cafe8d31df34,1,2466585,2466585,2467890,2467949,1305,1305,0,0,0,0
2468010,e0094827-9672-663f-0f0a-1d5b14570a44,1,2467272,2467310,2468010,2468276,700,738,38,0,0,0
2468236,5e9a35cf-0699-576d-d288-b06ad51f03b1,1,2467517,2467528,2468236,2468199,708,719,11,0,0,0
2468450,60b61367-f46e-b787-ebaf-89c7319fa2f7,1,2467531,2467588,2468450,2468462,862,919,57,0,0,0
2468847,d9ee9678-8112-f0ff-eba4-646336c9b657,1,2467468,2467468,2468847,2468284,1379,1379,0,0,0,0
2469841,64cfd9b9-050e-1961-b363-d272d0181ce6,1,2467134,2467144,2469841,2469594,2697,2707,10,0,0,0
2470613,6483b0e7-9c3c-be9d-335f-0d14edb7d4e4,1,2467274,2467310,2470613,2471145,3303,3339,36,0,0,0
2471820,f1aab637-72ab-e7ff-c8b8-547b638b66ac,1,2470359,2470360,2471820,2471653,1460,1461,1,0,0,0
2471932,c69ee73d-832d-f0cc-cea9-93a01a8385f9,1,2468967,2468967,2471932,2471977,2965,2965,0,0,0,0
2472170,93b1ee1d-a1a6-1f32-1e4d-acd68116fd6c,1,2469262,2469262,2472170,2473197,2908,2908,0,0,0,0
2473189,82e6e14d-8d53-a190-63ab-bef5a7742626,1,2467250,2467250,2473189,2470539,5939,5939,0,0,0,0
2473213,15936f42-4d31-29b3-e187-8e933281f976,1,2470179,2470179,2473213,2472053,3034,3034,0,0,0,0
2473255,f75efed8-2d6b-5953-8fea-d84ec98cfd48,1,2467084,2467084,2473255,2473184,6171,6171,0,0,0,0
2473365,56ad3649-289a-2abc-a1aa-8c494ed9974f,1,2470188,2470239,2473365,2473757,3126,3177,51,0,0,0
2475672,2d5f60d9-19bb-5bf0-9b63-9a38049ffb5f,1,2474957,2474957,2475672,2475835,715,715,0,0,0,0
2476028,86351a54-bc54-b8c1-ff40-8dcc9db1f7f9,1,2475082,2475082,2476028,2475925,946,946,0,0,0,0
2476234,935e2c27-5485-60db-6208-c875c41c233d,1,2473499,2473534,2476234,2476970,2700,2735,35,0,0,0
2476489,45d89da6-0a5b-4eb2-5667-91896ed5ca30,1,2474113,2474113,2476489,2476883,2376,2376,0,0,0,0
2477037,c3a6b204-fc01-4a22-2ed0-b0b27da56b6e,1,2475776,2475776,2477037,2476415,1261,1261,0,0,0,0
2477155,61223189-35f3-de4a-ac92-04b40306a258,1,2470300,2470300,2477155,2480567,6855,6855,0,0,0,0
2477382,f4f7bfdc-5d96-d459-8a3c-8743a80824f2,1,2476298,2476298,2477382,2477736,1084,1084,0,0,0,0
2477566,0e913294-e3a9-9752-ed16-7ec3505f7c6e,1,2476800,2476821,2477566,2477697,745,766,21,0,0,0
2479611,87f3c9a4-cd1a-810d-9101-71d21138978b,1,2476024,2476024,2479611,2479084,3587,3587,0,0,0,0
2480508,5497062b-a683-7a72-26f6-ed64bd2af2c4,8,2440784,2440784,2480508,2472482,39724,39724,0,0,0,0
2480967,c355853e-b0d9-751c-6cc0-067f141f746e,1,2476701,2476701,2480967,2482212,4266,4266,0,0,0,0
2482242,ae1455f4-d6e8-aad3-403a-423a990ddc73,1,2469270,2469322,2482242,2483090,12920,12972,52,0,0,0
2482331,ae50f96e-7760-94f6-25aa-620faf7ead9e,1,2473474,2473474,2482331,2482203,8857,8857,0,0,0,0
2484323,2dd10250-f713-a7f8-4522-11a8f1c1d53b,1,2483600,2483643,2484323,2484314,680,723,43,0,0,0
2484464,65f17e33-29dd-f229-2df4-e3876bf6f2f7,16,2401837,2401837,2484464,2452380,82627,82627,0,0,0,0
2484522,b8525de3-e916-ee82-c116-8b7efa9f4841,1,2483544,2483583,2484522,2484088,939,978,39,0,0,0
2484564,6df3be7a-af61-aae1-03a3-5aed33440c51,1,2483590,2483643,2484564,2484813,921,974,53,0,0,0
2484659,24f384ef-df3d-3d65-bc25-bce108c2d2ce,1,2483524,2483583,2484659,2484338,1076,1135,59,0,0,0
2484868,6d0473e7-8adf-1e46-d403-fd025a2a83bd,1,2481808,2481808,2484868,2484813,3060,3060,0,0,0,0
2485020,7b2a7f10-3590-1039-06dd-5e19dbe83664,1,2483463,2483463,2485020,2485542,1557,1557,0,0,0,0
2485107,6f082598-e1b4-b7ef-9f8a-4862ff68ef1a,1,2484084,2484084,2485107,2484981,1023,1023,0,0,0,0
2485131,7bf18cf4-a740-a142-5cbf-7ee6ea258d83,1,2473860,2473860,2485131,2488219,11271,11271,0,0,0,0
2485127,a8cfe589-9dc8-9e1a-540e-7d01735d88f3,1,2483567,2483583,2485127,2484851,1544,1560,16,0,0,0
2485608,4721fbe9-f502-0e2a-7ecf-c2269a9a9f1b,1,2483482,2483523,2485608,2484754,2085,2126,41,0,0,0
2486200,7c152622-51ed-db85-f4e8-2b6c45d3708a,1,2483634,2483643,2486200,2485353,2557,2566,9,0,0,0
2487750,e15680e9-ec06-3d73-b84e-2f114b523dc2,1,2484346,2484384,2487750,2489358,3366,3404,38,0,0,0
2488332,b33d9c7c-4e73-3dcc-8664-82ee6844a0e3,1,2410938,2410984,2488332,2454321,77348,77394,46,0,0,0
2488393,f9da4f55-bef9-9394-d28f-af652f068e12,1,2410930,2410984,2488393,2502173,77409,77463,54,0,0,0
2488358,226cbc6a-7fe5-a4b6-6be8-c7562d36226c,1,2410938,2410984,2488358,2492047,77374,77420,46,0,0,0
2488359,0b73ca1c-d1dc-01e5-a9a1-44751958a981,1,2410938,2410984,2488359,2481724,77375,77421,46,0,0,0
2488731,32586047-9cba-beda-ed34-3b0f9cca6d2a,1,2410936,2410984,2488731,2516449,77747,77795,48,0,0,0
2489749,7e45fee4-6ea8-fb32-e38d-9fb071c487bc,1,2484678,2484719,2489749,2487295,5030,5071,41,0,0,0
2489904,dce70289-411a-315b-688b-4cfb708175fd,1,2410944,2410984,2489904,2506454,78920,78960,40,0,0,0
2490179,4572b385-9e32-f085-b24f-92b9ca0841de,1,2410931,2410984,2490179,2481135,79195,79248,53,0,0,0
2491789,51683612-2bb6-1a4e-0c47-5261e585a0a5,1,2410924,2410924,2491789,2485640,80865,80865,0,0,0,0
2491953,47802d60-968c-77f1-b8f7-ef4882380358,1,2381365,2381424,2491953,2475484,110529,110588,59,0,0,0
2492030,ccb1063d-25a7-4338-aab9-278d92dfcf99,1,2483304,2483304,2492030,2494879,8726,8726,0,0,0,0
2492840,10ae2dfc-3729-6854-273e-54e5b119e78c,16,2315481,2315489,2492840,2548102,177351,177359,8,0,0,0
2493057,d50cf57e-3dc8-719c-4239-850b97ae50f0,1,2410933,2410984,2493057,2516704,82073,82124,51,0,0,0
2493311,5a0461c9-947d-efcf-88cf-c53d188889ce,1,2410934,2410984,2493311,2491406,82327,82377,50,0,0,0
2493658,fe1be3e9-bee1-dc65-77a3-19c6619c4a06,1,2410935,2410984,2493658,2513771,82674,82723,49,0,0,0
2494063,1186da93-da7d-cc53-3020-cf0669b41194,1,2475499,2475499,2494063,2493849,18564,18564,0,0,0,0
2495067,27dc3b65-62bb-f84c-95d1-2c70d5b07c12,1,2410934,2410984,2495067,2478856,84083,84133,50,0,0,0
2495152,db55daf5-2dd4-450c-c6aa-7991dd8cf1ca,1,2381027,2381027,2495152,2451724,114125,114125,0,0,0,0
2495620,3066478c-4aa0-d842-057f-dd20a50a0a29,1,2410924,2410924,2495620,2470718,84696,84696,0,0,0,0
2495882,b8b758b8-22d8-c08b-5269-6eeb77cf1eb6,1,2410925,2410984,2495882,2508881,84898,84957,59,0,0,0
2495976,c87d01c2-92e8-c8b1-5e00-3828d5935e79,1,2410924,2410924,2495976,2531567,85052,85052,0,0,0,0
2496251,8505d91d-f28b-ffb9-d5bf-1edb3b79da1e,1,2410925,2410984,2496251,2518636,85267,85326,59,0,0,0
2496469,ee462fcd-a829-907c-d9be-ccff33a315f3,1,2410925,2410984,2496469,2463672,85485,85544,59,0,0,0
2498633,03864649-c4e0-b1c7-6d18-50e92d53cf30,1,2497347,2497347,2498633,2499060,1286,1286,0,0,0,0
2499113,bca6a6b0-93b0-d27e-6154-7769f43dd740,1,2483728,2483728,2499113,2493323,15385,15385,0,0,0,0
2502563,cfb0d68d-b189-25a6-c6ce-c51b93efb5c4,1,2381114,2381114,2502563,2545854,121449,121449,0,0,0,0
2502680,db2d0fff-f047-e4e9-f3fe-b7dea2e0f358,1,2381364,2381364,2502680,2464028,121316,121316,0,0,0,0
2503035,f1efa963-2dfc-6b9c-794f-ebeff96277e5,1,2494008,2494008,2503035,2501194,9027,9027,0,0,0,0
2504486,28d42725-f611-c0ec-916f-b778ba8f3e6c,32,2499317,2499317,2504486,2506838,5169,5169,0,0,0,0
2505005,d907ba3f-1949-ab8a-9754-81a3d6ccc7cd,1,2504362,2504388,2505005,2504832,617,643,26,0,0,0
2507149,2a65bae3-ddaf-2233-16a9-e518a55ac92f,8,2484189,2484204,2507149,2512773,22945,22960,15,0,0,0
2518493,4d862412-ae8c-c97b-555c-4e185be2124f,4,2468292,2468296,2518493,2533075,50197,50201,4,0,0,0
2519359,52965cf3-8b30-bb4c-2ac9-6b60c0ac430a,1,2484129,2484144,2519359,2533714,35215,35230,15,0,0,0
2526981,513cd464-9473-b7cd-70b8-1530dc4e557f,8,2487251,2487251,2526981,2530791,39730,39730,0,0,0,0
2529888,a0ca381c-bc3d-c68a-87d4-9f499cc15301,8,2484260,2484264,2529888,2539202,45624,45628,4,0,0,0
2539110,286e3f0a-dedb-aec4-e2b2-de4b3d5cab0e,1,2538393,2538393,2539110,2539230,717,717,0,0,0,0
2540045,4398018f-8c9d-4a84-e24c-ee91b4992393,4,2532527,2532527,2540045,2537566,7518,7518,0,0,0,0
2540144,b2a7a475-c619-6773-6f3a-cf3380777ac5,8,2539529,2539529,2540144,2540250,615,615,0,0,0,0
2540273,7f8736f1-93f3-c702-01e6-ee9a9ac55023,8,2539544,2539589,2540273,2540454,684,729,45,0,0,0
2548480,083ed925-c90d-35aa-914c-c11c05f30bc5,1,2547720,2547720,2548480,2548583,760,760,0,0,0,0
2549170,e7d90c1b-a59c-aeed-6c09-72046fa6681c,16,2518173,2518173,2549170,2553336,30997,30997,0,0,0,0
2551906,4aff5eee-32b2-d952-c376-37d672a9dfa1,1,2510169,2510169,2551906,2538391,41737,41737,0,0,0,0
2553380,29298691-ec93-e43d-9e5e-8cfe2a96c526,8,2548711,2548711,2553380,2553050,4669,4669,0,0,0,0
2555099,a3593aec-d5d1-6ae2-c940-e0fa08509d96,1,2553143,2553180,2555099,2555310,1919,1956,37,0,0,0
2555184,05a95733-2bdd-0419-feec-0074f4028e77,1,2553233,2553240,2555184,2555948,1944,1951,7,0,0,0
2555221,5a6f9b6b-5070-2efc-37ca-273b3506880f,1,2553290,2553300,2555221,2554258,1921,1931,10,0,0,0
2555227,4c1d2e43-0c2b-03e4-43e1-346d49902258,1,2553292,2553300,2555227,2556077,1927,1935,8,0,0,0
2555260,76fab828-0c6d-5a71-6f54-d2b9747a2ecd,1,2553291,2553300,2555260,2555851,1960,1969,9,0,0,0
2555508,284b2e1d-73fb-6c56-e2ea-5644547e1c39,1,2553530,2553530,2555508,2554821,1978,1978,0,0,0,0
2555531,160a56e1-1cd2-7c9f-03ac-0d1b2cb15c02,1,2553533,2553590,2555531,2556055,1941,1998,57,0,0,0
2555548,e7574997-8458-1f73-b0a0-c1cd0df6c527,1,2553588,2553590,2555548,2556107,1958,1960,2,0,0,0
2555533,dec56dc3-ad96-8213-f0a9-b97f7557c28c,1,2553588,2553590,2555533,2554852,1943,1945,2,0,0,0
2555655,934fa5c8-8ac0-68d3-e0d0-2f5a24d6281f,1,2553713,2553713,2555655,2555007,1942,1942,0,0,0,0
2556079,7222534d-b309-9e0d-b0ac-0677d60f8680,1,2554085,2554134,2556079,2555509,1945,1994,49,0,0,0
2556109,03ad702e-216a-ebcf-a616-dde4b388300a,1,2554129,2554134,2556109,2555363,1975,1980,5,0,0,0
2556141,8e2017e1-50c4-cb4b-ad9e-5c1eb9974024,1,2554135,2554194,2556141,2556117,1947,2006,59,0,0,0
2557277,7a114e56-12e2-9c2a-94e4-339da9a9cef7,64,2522807,2522807,2557277,2566849,34470,34470,0,0,0,0
2557465,00b8a88f-9317-545d-1cd4-3dfff59b39fa,1,2549484,2549484,2557465,2558123,7981,7981,0,0,0,0
2557796,c53f1db3-d275-bd43-8451-7303e94d4fbe,1,2555000,2555000,2557796,2558684,2796,2796,0,0,0,0
2558575,d9da5f47-e3ca-a0c4-3711-32b781eab1da,1,2555760,2555760,2558575,2558223,2815,2815,0,0,0,0
2558742,334dd7aa-25c1-f899-a89a-92c5003742ae,1,2555887,2555937,2558742,2557903,2805,2855,50,0,0,0
2558764,9b2e18c0-5a24-591d-ff2e-1955fc6bc66b,1,2555878,2555937,2558764,2557605,2827,2886,59,0,0,0
2558759,7cba8dea-5086-0861-061c-ba485fa5c8d5,1,2555880,2555937,2558759,2557868,2822,2879,57,0,0,0
2558812,f710900b-d3c1-fe3f-4ce7-db3f625966cc,1,2522434,2522434,2558812,2550363,36378,36378,0,0,0,0
2558885,945b3711-0a85-8722-30c9-5ec44f2fcfd6,1,2556065,2556065,2558885,2559725,2820,2820,0,0,0,0
2559132,8f962ff2-186b-6a71-1569-12ddf9cf2bd2,1,2556304,2556304,2559132,2559125,2828,2828,0,0,0,0
2559394,df3e03c2-2172-44cf-0808-1d218d204cf6,1,2556549,2556549,2559394,2560788,2845,2845,0,0,0,0
2559422,49ed856e-723d-facd-f601-e005c4c4f69f,1,2556552,2556609,2559422,2559429,2813,2870,57,0,0,0
2559493,6fea84f5-79f3-4373-1bab-13ac9863bb20,1,2556651,2556669,2559493,2559208,2824,2842,18,0,0,0
2559483,3799a376-7e5b-3ac9-03c5-01fe269334ef,1,2556669,2556669,2559483,2560600,2814,2814,0,0,0,0
2559529,b864a47b-a434-47fb-0182-978288eae7d4,1,2556670,2556729,2559529,2559800,2800,2859,59,0,0,0
2561239,b6fac9b9-88bf-6b11-fd3c-c9e3a5a7a595,1,2554848,2554848,2561239,2564383,6391,6391,0,0,0,0
2562303,78202426-3134-1ab8-b9e8-d78149bb1313,1,2555877,2555877,2562303,2561079,6426,6426,0,0,0,0
2564729,63fe0717-f6a8-78cc-7a11-df76d6e75f73,16,2475397,2475397,2564729,2558551,89332,89332,0,0,0,0
2565614,ca8b6e4c-e6f7-b3d4-28af-3b731d82e2a8,8,2548312,2548312,2565614,2564085,17302,17302,0,0,0,0
2567999,e0f3ee66-59a7-e6e4-2341-89c5405df186,1,2504328,2504328,2567999,2597483,63671,63671,0,0,0,0
2569038,275b7c2c-12be-16cb-3637-8db328542b64,64,2536284,2536284,2569038,2573204,32754,32754,0,0,0,0
2570653,b366ffd1-ae4d-8a19-e2c2-aa2466e9a80e,1,2569966,2569966,2570653,2570679,687,687,0,0,0,0
2571995,35ba5e93-bfc7-7282-b92c-8a723a17d79a,1,2569184,2569184,2571995,2571837,2811,2811,0,0,0,0
2572484,351c586a-c0c3-d59e-c0e5-ea1a1fc45171,1,2556306,2556364,2572484,2578014,16120,16178,58,0,0,0
2572662,a5310be0-f391-4a36-48a4-36ae83a2a06f,1,2569005,2569005,2572662,2573692,3657,3657,0,0,0,0
2573036,f1e34d6c-6c02-c976-1e73-b307f37590d3,1,2553120,2553120,2573036,2574735,19916,19916,0,0,0,0
2573896,ad411244-ff79-f0f4-af64-257283d7cafc,1,2541997,2541997,2573896,2578742,31899,31899,0,0,0,0
2573978,6e047758-94eb-2ddd-0275-4eca91bf903d,1,2570771,2570771,2573978,2575454,3207,3207,0,0,0,0
2575511,cc027d43-d622-d179-bb5a-d45d535322bf,1,2543249,2543249,2575511,2578554,32262,32262,0,0,0,0
2578760,7bc19e2f-a332-7e99-9efe-c6c530ad41bb,1,2572660,2572660,2578760,2579452,6100,6100,0,0,0,0
2579327,b1012b0f-174a-f825-564a-90627825e2f0,2,2578636,2578685,2579327,2579063,642,691,49,0,0,0
2579365,4b4ef503-f872-2413-57c5-982cf6ae10e8,2,2578635,2578685,2579365,2579332,680,730,50,0,0,0
2579342,5209eaab-39b6-410e-c2c9-6b28beb96a4a,2,2578635,2578685,2579342,2579350,657,707,50,0,0,0
2579504,f525d556-bb98-abdf-71ec-02ad3db538c9,1,2554074,2554074,2579504,2583677,25430,25430,0,0,0,0
2579540,7fb63b12-4cf2-1624-8243-0329f09fe936,2,2578636,2578685,2579540,2579164,855,904,49,0,0,0
2579574,f9ad97ae-0ea7-61a6-9c5d-fb8d60e12973,2,2578635,2578685,2579574,2579821,889,939,50,0,0,0
2579586,88efe82b-1f3e-ea66-af6c-6f61cfefa2a2,2,2578636,2578685,2579586,2579399,901,950,49,0,0,0
2579737,5a8258cb-8d78-3a9b-ed87-adb64448cbb9,2,2578525,2578525,2579737,2579756,1212,1212,0,0,0,0
2579883,ed7403c6-4cd0-d32e-af4b-88ff1a58c6ae,1,2578724,2578745,2579883,2579364,1138,1159,21,0,0,0
2580312,6eb1de50-c1ba-c834-caec-1d2d63a7bc90,1,2578692,2578745,2580312,2580188,1567,1620,53,0,0,0
2580614,b2b3bb39-4510-eaad-c0bd-44c06d07ee0b,1,2578691,2578745,2580614,2580882,1869,1923,54,0,0,0
2581214,a0970ff4-dc42-0980-0059-5e29a226a75b,1,2578724,2578745,2581214,2581897,2469,2490,21,0,0,0
2581687,119fb03e-9731-4c91-98b6-691b74169e82,1,2579131,2579131,2581687,2581243,2556,2556,0,0,0,0
2589030,889dc47e-2718-9112-2dcd-f65db924312e,1,2578637,2578685,2589030,2588654,10345,10393,48,0,0,0
2599051,a2e25753-56ff-db3e-380c-fd3dba6a741c,1,2574513,2574565,2599051,2610215,24486,24538,52,0,0,0
2599528,c0d2201b-26cf-fe04-3ed5-e52eaa3d2111,1,2574511,2574565,2599528,2607476,24963,25017,54,0,0,0
2599786,1752815c-bcbf-1583-0a01-75e5937d6fb1,1,2595463,2595465,2599786,2600267,4321,4323,2,0,0,0
2599812,7bdac670-ca4c-3b4d-fc8a-de6a9051385e,1,2595454,2595465,2599812,2599460,4347,4358,11,0,0,0
2599838,deaf0fa9-24a6-3a6c-b641-d44931f09021,1,2595456,2595465,2599838,2600908,4373,4382,9,0,0,0
2599850,1c5bb4ce-b79c-cfc9-35cf-fe16a6dfd693,1,2595452,2595465,2599850,2600907,4385,4398,13,0,0,0
2599904,57a911b3-5139-94a1-1081-34dc54270925,1,2595455,2595465,2599904,2601385,4439,4449,10,0,0,0
2599863,56282768-6df0-ac3c-9ab8-180f56479889,1,2595459,2595465,2599863,2598755,4398,4404,6,0,0,0
2599879,7c45d65d-b517-e8ef-db21-3e3143c2181f,1,2595459,2595465,2599879,2598979,4414,4420,6,0,0,0
2599957,edbc36d8-9a30-7096-d977-66bea71c8948,1,2595450,2595465,2599957,2601797,4492,4507,15,0,0,0
2599917,a2ac7896-7f38-3a3e-33a6-74036f9d1d74,1,2595457,2595465,2599917,2600633,4452,4460,8,0,0,0
2599907,a159bef3-5cf9-0400-c53f-777f51c46d6e,1,2595460,2595465,2599907,2599811,4442,4447,5,0,0,0
2599944,7e83e815-9375-8195-25fd-72f4fbb61ff7,1,2595462,2595465,2599944,2598949,4479,4482,3,0,0,0
2600007,fd55c844-c242-17c5-c613-71c199fd92a4,1,2575366,2575366,2600007,2595360,24641,24641,0,0,0,0
2600020,7e8450d7-51be-adc1-5a44-914362908017,1,2595453,2595465,2600020,2598133,4555,4567,12,0,0,0
2600045,ed3d5159-c2f5-da5f-d45f-f4db9ce91544,1,2595447,2595465,2600045,2600820,4580,4598,18,0,0,0
2600094,d0f7c7b0-1708-0bbd-3106-e8ce5b9a289a,1,2585102,2585102,2600094,2597786,14992,14992,0,0,0,0
2600196,3d4a49ae-e83f-6a2a-52fc-6f48e7e337c4,1,2585206,2585206,2600196,2598410,14990,14990,0,0,0,0
2600683,01572a56-e4ae-b85f-23fb-e8f2cf5cbd7f,1,2585574,2585574,2600683,2597668,15109,15109,0,0,0,0
2600805,36df253c-ac98-c942-b093-71b5d53ae164,1,2585771,2585771,2600805,2601672,15034,15034,0,0,0,0
2600910,6b1205aa-9bd3-f580-ad9f-835f3fc5c786,1,2585772,2585831,2600910,2597688,15079,15138,59,0,0,0
2600914,ef4bd7a8-746b-302f-7ebb-f6dfed84acc9,1,2585585,2585634,2600914,2594530,15280,15329,49,0,0,0
2600951,664101fa-5d06-07cc-0a37-4f43c4cd8e19,1,2585824,2585831,2600951,2605720,15120,15127,7,0,0,0
2601107,76b90472-7470-724c-f9f6-b641063ff61e,1,2586011,2586011,2601107,2608002,15096,15096,0,0,0,0
2601272,93423b4f-8add-06f9-9ccc-e19ff2335074,1,2586012,2586071,2601272,2604822,15201,15260,59,0,0,0
2601612,89344b06-0790-eeb4-9b2a-1376315e4e80,1,2586471,2586471,2601612,2603651,15141,15141,0,0,0,0
2601576,402d105b-113e-af84-abf3-90964a68369c,1,2586505,2586531,2601576,2597245,15045,15071,26,0,0,0
2601714,cf1d46be-2e0e-343d-1d59-b30807aa2515,1,2586620,2586675,2601714,2605505,15039,15094,55,0,0,0
2601846,93b91ea1-4211-c052-f4de-bda7f4a6af9d,1,2595363,2595405,2601846,2600188,6441,6483,42,0,0,0
2601906,6b358d15-590c-ee67-4d1b-6d80c8575c8a,1,2595364,2595405,2601906,2601349,6501,6542,41,0,0,0
2602191,2fc44d65-0ad5-6e56-df9b-87b0ddc418d2,1,2587198,2587198,2602191,2602353,14993,14993,0,0,0,0
2602221,c3f67602-0879-a480-07ab-777056724b4c,1,2587208,2587258,2602221,2602463,14963,15013,50,0,0,0
2602306,3f612028-cb4a-9aa4-e520-53b68faa2da8,1,2586615,2586615,2602306,2609595,15691,15691,0,0,0,0
2603589,7647f43f-59a1-4829-2cef-781debfdb100,16,2488294,2488294,2603589,2639917,115295,115295,0,0,0,0
2604149,7796048f-b4b9-fb73-29de-bccc429e09bd,4,2596660,2596660,2604149,2600736,7489,7489,0,0,0,0
2604612,9e181620-5f27-fee1-4b07-9752a93429ae,1,2601281,2601332,2604612,2603712,3280,3331,51,0,0,0
2604626,a55fa725-bcb3-c168-b706-2cfa29cc0789,1,2601315,2601332,2604626,2603062,3294,3311,17,0,0,0
2604692,6a241f46-3af7-fa21-a93e-7b5b1e4ae3a7,1,2601446,2601446,2604692,2605117,3246,3246,0,0,0,0
2604716,6cc2e20f-c3a0-2289-b88b-a4454e6c2bae,1,2601446,2601446,2604716,2605720,3270,3270,0,0,0,0
2604810,4a9ab305-222b-f62a-085e-05182d756dd3,1,2601502,2601506,2604810,2604704,3304,3308,4,0,0,0
2604828,172e8c68-82aa-5c46-8049-9bbf76f6a778,1,2601514,2601566,2604828,2604625,3262,3314,52,0,0,0
2604890,68e438e0-5a57-5306-b0dc-80e80aee5a68,1,2601598,2601626,2604890,2603701,3264,3292,28,0,0,0
2604875,639ac771-b739-a28a-4ffd-5b7a226dd24f,1,2601604,2601626,2604875,2604670,3249,3271,22,0,0,0
2605076,2d9be542-9bc8-1ea5-e2b5-e74d38c0f0c3,1,2574505,2574505,2605076,2607764,30571,30571,0,0,0,0
2605525,ebf484d0-ce6d-29bf-bc63-3d6c6eaf0a90,1,2602235,2602251,2605525,2604451,3274,3290,16,0,0,0
2605584,cd4f75e6-448f-3dbc-0f8a-ce7c1084061b,1,2602274,2602311,2605584,2604124,3273,3310,37,0,0,0
2605611,243113fd-8e19-0d07-dff0-b9bf8db3c2c1,1,2602347,2602371,2605611,2605091,3240,3264,24,0,0,0
2605604,46fc4ff2-12f1-78bd-c7de-01a929769b0f,1,2602351,2602371,2605604,2604298,3233,3253,20,0,0,0
2605618,ecc38555-2b9b-4ffc-b2db-b2c54518f4c6,1,2602365,2602371,2605618,2605685,3247,3253,6,0,0,0
2605642,972d5d57-669b-e896-7602-72ba8862036f,1,2574400,2574400,2605642,2610005,31242,31242,0,0,0,0
2605637,dd7902fc-db61-7a80-a9f7-c6d1c6475ae2,1,2602352,2602371,2605637,2605396,3266,3285,19,0,0,0
2605699,aa4e8b03-18b6-dfc7-3b50-f94f28bfffdd,1,2602421,2602431,2605699,2606900,3268,3278,10,0,0,0
2605806,2586dcd1-a7e6-0e4e-c71c-dac2260d76ca,1,2602511,2602511,2605806,2606304,3295,3295,0,0,0,0
2607355,9211d6cc-997d-4ca9-149c-0766ffb88ef4,1,2576918,2576918,2607355,2607681,30437,30437,0,0,0,0
2607730,e7ab2ef7-7b8f-d09a-cc8c-eba90662200c,1,2595548,2595548,2607730,2609110,12182,12182,0,0,0,0
2607781,9c2d9672-e3d1-803c-85fa-b5ea14072edb,1,2595548,2595548,2607781,2607123,12233,12233,0,0,0,0
2607781,092e9fab-2457-9251-c9b6-7093d0fe42af,1,2595553,2595608,2607781,2605635,12173,12228,55,0,0,0
2607854,686cd27d-fd59-7efd-3d14-01de827aae2c,2,2579756,2579797,2607854,2610261,28057,28098,41,0,0,0
2607914,667ae277-348f-9ce0-603b-c183bd75f95c,1,2595549,2595608,2607914,2604991,12306,12365,59,0,0,0
2607928,50bf2995-9ee4-105d-5f06-bc767b777e71,1,2595558,2595608,2607928,2603350,12320,12370,50,0,0,0
2609564,b517272d-f779-7643-beca-c08c53b04133,2,2579755,2579797,2609564,2614095,29767,29809,42,0,0,0
2611418,aa757eeb-97e6-42d6-7c74-38955388d128,1,2608401,2608401,2611418,2610010,3017,3017,0,0,0,0
2612117,6508f5c4-2994-9775-3a4b-90e3fdf26daf,1,2585823,2585831,2612117,2600801,26286,26294,8,0,0,0
2613101,cf8be8bd-d2fa-9b0a-3337-05f9894b9f90,1,2555883,2555937,2613101,2588853,57164,57218,54,0,0,0
2614349,6714272a-d981-5a41-e1cc-233c9838d168,1,2610393,2610441,2614349,2614752,3908,3956,48,0,0,0
2614783,25ee2f0f-76a3-0eb0-c50c-71f44d08f416,1,2595345,2595345,2614783,2605944,19438,19438,0,0,0,0
2614810,e42c0aea-23d7-263d-d391-d017dbd4a86d,1,2595345,2595345,2614810,2611287,19465,19465,0,0,0,0
2614797,be3de265-d471-8d86-8d36-645980f6c26c,1,2595345,2595345,2614797,2619761,19452,19452,0,0,0,0
2614927,9a5c68ad-aeb0-b110-ac13-b24990d22d54,1,2595359,2595405,2614927,2622529,19522,19568,46,0,0,0
2614975,71b2b47a-b661-7c50-6895-b96f14fdc3a7,1,2595346,2595405,2614975,2616970,19570,19629,59,0,0,0
2614953,f2a45575-ee58-5967-b063-796a70a91477,1,2595347,2595405,2614953,2623792,19548,19606,58,0,0,0
2614961,4d980202-3fbc-75e0-9b19-11122d2ae08e,1,2595347,2595405,2614961,2606543,19556,19614,58,0,0,0
2614991,d294100f-823c-a34a-bffb-d93b2b15619e,1,2595345,2595345,2614991,2611711,19646,19646,0,0,0,0
2614991,2e0c5488-a76f-7d3c-6252-2f2656ef26a3,1,2595345,2595345,2614991,2611720,19646,19646,0,0,0,0
2615000,b91d8c4c-0278-1c40-134e-2bd9dd1ad072,1,2595346,2595405,2615000,2612660,19595,19654,59,0,0,0
2615044,e5d20eae-5104-da0c-e650-8af4d9259a4b,1,2595351,2595405,2615044,2623812,19639,19693,54,0,0,0
2615005,f6c9dd38-06a2-074c-6102-56376f023006,1,2595353,2595405,2615005,2617897,19600,19652,52,0,0,0
2615031,b7c4b3ee-9b1f-c6d1-3881-49dc5dc96097,1,2595355,2595405,2615031,2614701,19626,19676,50,0,0,0
2615044,b01c9191-e81b-60ff-da41-a15f4e29b9da,1,2595355,2595405,2615044,2607519,19639,19689,50,0,0,0
2615034,e716eb38-581f-03df-7e71-bda810128b96,1,2595363,2595405,2615034,2605288,19629,19671,42,0,0,0
2615090,2adcecb5-109b-851a-9d69-32c9a9db47b9,1,2595346,2595405,2615090,2611716,19685,19744,59,0,0,0
2615068,86e5edf4-6bfd-c189-b705-10f894ba0d7c,1,2595351,2595405,2615068,2624215,19663,19717,54,0,0,0
2615057,7caa281b-4e33-6644-c657-20ae5bd67d4d,1,2595355,2595405,2615057,2612547,19652,19702,50,0,0,0
2615084,d8d99ad8-255f-30b9-1a87-09bd1fc23099,1,2595356,2595405,2615084,2608718,19679,19728,49,0,0,0
2615084,656e5170-bd1a-2704-8801-36fc095f6d43,1,2595358,2595405,2615084,2620108,19679,19726,47,0,0,0
2615097,ce4ba2bb-63d3-ce8e-bcbb-859a95966725,1,2595360,2595405,2615097,2622810,19692,19737,45,0,0,0
2615070,42650798-4b80-afa6-fab1-fa122d5737a0,1,2595360,2595405,2615070,2606346,19665,19710,45,0,0,0
2615061,03d33907-ce02-8d60-18ef-9a287f5da7f8,1,2595362,2595405,2615061,2622523,19656,19699,43,0,0,0
2615759,5a0ed9b7-5e22-27d4-e74f-232bfb876271,1,2608949,2608949,2615759,2619006,6810,6810,0,0,0,0
2620901,4f75d45a-74a1-2a0d-18e6-3a5577e0ee02,1,2616392,2616392,2620901,2622816,4509,4509,0,0,0,0
2621054,e1656eaf-7f9a-3ca7-7940-964ff2cd4e4b,1,2616463,2616463,2621054,2619586,4591,4591,0,0,0,0
2622008,d5dbcbee-cc03-38d3-18ba-fcc9e1dd7fdf,1,2610381,2610381,2622008,2620708,11627,11627,0,0,0,0
2622432,f7ebc69a-b428-0f0d-1a6c-f45952f6531f,4,2563479,2563479,2622432,2595822,58953,58953,0,0,0,0
2622474,3a58d606-a302-db2f-41de-ca4c625cade5,1,2617956,2617956,2622474,2621651,4518,4518,0,0,0,0
2622585,70fbb28e-0d9b-b3b5-556f-f3c182077e01,1,2618029,2618029,2622585,2621687,4556,4556,0,0,0,0
2622920,abb558e1-cb9a-6ed5-fdbc-ebdbb119779c,1,2618427,2618427,2622920,2622151,4493,4493,0,0,0,0
2623069,de590698-8072-cee2-042f-14df6ab075bd,1,2618515,2618571,2623069,2622788,4498,4554,56,0,0,0
2623071,0c8033f0-cc88-4185-b1ba-d5eb3e668eb8,1,2618511,2618511,2623071,2624977,4560,4560,0,0,0,0
2623093,1806699f-b1ac-f1dd-3303-343c300b6e7b,1,2618514,2618571,2623093,2622188,4522,4579,57,0,0,0
2623102,4d747649-53bc-20e0-78c0-9d8baa3319bc,1,2618517,2618571,2623102,2622174,4531,4585,54,0,0,0
2623094,2b729d66-504f-de7c-746e-49a81817dac5,1,2618571,2618571,2623094,2622273,4523,4523,0,0,0,0
2623149,7c641c58-a52d-2946-3c03-032cc7f020cf,1,2618627,2618631,2623149,2621709,4518,4522,4,0,0,0
2623213,7fcc4456-20bc-2fa0-fa80-10620b4e360a,1,2618599,2618631,2623213,2621354,4582,4614,32,0,0,0
2623221,677f7c73-fd9b-faf3-d812-5123984f5a56,1,2618637,2618691,2623221,2621413,4530,4584,54,0,0,0
2623269,bd32ebda-b61e-7c80-b302-225ec930c9f3,1,2618694,2618751,2623269,2623571,4518,4575,57,0,0,0
2623308,f28bf846-3b50-4fda-7875-b1c777243aa3,1,2618720,2618751,2623308,2623095,4557,4588,31,0,0,0
2623325,78ea47e2-cbc4-dd42-5c39-b57dbc0dbd13,1,2618750,2618751,2623325,2621215,4574,4575,1,0,0,0
2623609,e58118d1-2687-9443-03a1-beac5107256e,4,2600277,2600277,2623609,2618324,23332,23332,0,0,0,0
2630615,a38cc35f-12bc-f090-06d6-fba776509bcd,8,2624318,2624360,2630615,2632213,6255,6297,42,0,0,0
2632769,4a658a7d-c1f5-e014-5fa8-81b0c0133339,2,2579755,2579797,2632769,2624974,52972,53014,42,0,0,0
2646071,49ca4ae6-2d0a-a95a-bdb8-65cff106b83d,2,2579756,2579797,2646071,2645077,66274,66315,41,0,0,0
2657256,0a42be3f-e671-d582-7a9e-8394bb4ccb14,1,2656276,2656276,2657256,2657083,980,980,0,0,0,0
2657548,1e245a97-273e-f6f4-85d4-bf0f0a4fee3b,1,2656872,2656872,2657548,2657837,676,676,0,0,0,0
2657618,8365d2cf-173b-e226-44d9-ea2dcb56eb48,1,2656803,2656803,2657618,2657295,815,815,0,0,0,0
2657761,2e2d0681-a8b2-6070-9b18-72ac78c4c27f,1,2656936,2656992,2657761,2657425,769,825,56,0,0,0
2657983,f14152c7-a0dc-ec7d-3b17-23197f4d55b9,1,2656440,2656440,2657983,2658184,1543,1543,0,0,0,0
2658156,8ff19886-5a2c-41bc-c2c2-26ff1d8b32d9,1,2656953,2656992,2658156,2657884,1164,1203,39,0,0,0
2658442,3b195b02-0a4a-f40d-b608-90b921e8265a,1,2657477,2657536,2658442,2658727,906,965,59,0,0,0
2658839,1c968b9b-5d67-9515-f8c5-ef5c88f757fb,1,2657461,2657476,2658839,2659037,1363,1378,15,0,0,0
2658864,ac6c2e1b-708d-f094-2f64-672f96e1a522,1,2658157,2658216,2658864,2658565,648,707,59,0,0,0
2659097,d8e3cb62-fe24-fcd4-46bc-55dbae6c3a9b,1,2656518,2656518,2659097,2657828,2579,2579,0,0,0,0
2659266,0463aa5e-222c-2fd2-e7a1-66d270293dbb,1,2658312,2658312,2659266,2659429,954,954,0,0,0,0
2659324,789fed96-7337-3c2f-4e1c-37621c7cb6ed,1,2658601,2658647,2659324,2659418,677,723,46,0,0,0
2659409,300a491a-faa1-d736-bee6-b06e37f7a96a,1,2656549,2656578,2659409,2660262,2831,2860,29,0,0,0
2659472,fbc1085b-216b-9833-bbf2-82a9be09f835,1,2658370,2658372,2659472,2659579,1100,1102,2,0,0,0
2659713,58bce5e4-d282-d54d-4827-02f04caa568b,1,2658663,2658707,2659713,2659261,1006,1050,44,0,0,0
2659735,59ccc94a-bc1c-d60d-7d9c-03c773deaa56,1,2657834,2657836,2659735,2660331,1899,1901,2,0,0,0
2659830,846a4a71-c84a-89b8-208f-ae0214013b99,1,2658958,2658959,2659830,2659651,871,872,1,0,0,0
2659932,8fb3a134-ff23-36e9-7990-3d9687cec69d,1,2656936,2656992,2659932,2660560,2940,2996,56,0,0,0
2660293,9ec5405d-c6a9-0598-5d34-0833db592a19,1,2658373,2658432,2660293,2659305,1861,1920,59,0,0,0
2660304,93683dd6-5050-127e-4e38-5d03a0d80651,1,2658631,2658647,2660304,2660988,1657,1673,16,0,0,0
2660313,59259acd-4142-d00e-6ff6-fa9a16e6e8fc,1,2658962,2659019,2660313,2659733,1294,1351,57,0,0,0
2660383,df8b4008-7d01-b5a3-0041-f5d49549e631,1,2659108,2659157,2660383,2660188,1226,1275,49,0,0,0
2660610,cbbd3732-42a1-a429-9b05-0a6c235d2722,1,2658601,2658647,2660610,2660423,1963,2009,46,0,0,0
2660815,ec02e881-080c-faaa-42c6-cc4277ba69f1,1,2659018,2659019,2660815,2660509,1796,1797,1,0,0,0
2661076,982cd08d-49f8-6d9d-dfef-b72a4570b7fe,1,2658754,2658767,2661076,2661906,2309,2322,13,0,0,0
2661371,ce31ce5c-213b-1241-83c5-9c143824c62b,1,2657068,2657068,2661371,2661354,4303,4303,0,0,0,0
2661682,48ef30ff-3087-77b4-1c54-956f32ce93db,1,2659993,2660013,2661682,2660911,1669,1689,20,0,0,0
2661830,6c262577-66d6-089e-ab91-e501f5bd62cd,1,2658393,2658432,2661830,2661595,3398,3437,39,0,0,0
2661882,cd0d4d73-ca1c-3218-c19d-11c545e18b77,1,2660566,2660566,2661882,2662325,1316,1316,0,0,0,0
2662052,1d71f339-c448-42af-47f8-b6f13fdd0e2b,1,2660287,2660307,2662052,2661186,1745,1765,20,0,0,0
2662199,1c35730b-49d5-2453-58d4-d949cad6d3ef,1,2657768,2657776,2662199,2661509,4423,4431,8,0,0,0
2662319,a18e4440-7a70-bcf8-92ef-d363b4dea4a4,1,2658587,2658587,2662319,2660942,3732,3732,0,0,0,0
2663049,9a11ddf4-be1a-35c9-a12a-c11c21677dca,1,2662430,2662430,2663049,2663312,619,619,0,0,0,0
2664244,02b49d26-672b-0fa7-a95d-a34b5b860e79,1,2657450,2657476,2664244,2660916,6768,6794,26,0,0,0
2664486,88f4ca54-1584-184b-2cdc-1cc03fa60025,8,2624300,2624300,2664486,2663084,40186,40186,0,0,0,0
2665417,5d697934-ddeb-78a4-375f-dd572700260b,1,2662145,2662190,2665417,2663791,3227,3272,45,0,0,0
2665999,eba0330c-6a9a-6f4b-2e39-c29a921f266f,1,2657416,2657416,2665999,2667437,8583,8583,0,0,0,0
2666518,497bc13b-d2de-b47d-4455-d60e69958fd1,1,2663470,2663512,2666518,2666963,3006,3048,42,0,0,0
2667281,ed944378-d814-abe0-821b-390c946f9f07,1,2661891,2661950,2667281,2668619,5331,5390,59,0,0,0
2667451,278976c9-4b7d-3b08-ac5b-fe79709ad1ab,1,2660634,2660686,2667451,2667333,6765,6817,52,0,0,0
2668445,aa000756-52e0-234e-2505-a2b69dd3c15a,1,2658616,2658647,2668445,2663966,9798,9829,31,0,0,0
2668818,71ab4711-6279-4a6e-61f1-4c98dcdeadc8,2,2579755,2579797,2668818,2699090,89021,89063,42,0,0,0
2669618,067ab1d7-7059-e387-b89f-52d2a8737d14,1,2665479,2665537,2669618,2669595,4081,4139,58,0,0,0
2669848,3c847821-4f10-b422-1fc2-2517e593562b,1,2659637,2659637,2669848,2670635,10211,10211,0,0,0,0
2670950,49adb07b-874f-7c5c-9a06-64b93eeb2f03,2,2579756,2579797,2670950,2651045,91153,91194,41,0,0,0
2671511,3e628981-9ef1-a74f-3d13-452669d75427,1,2666832,2666887,2671511,2669618,4624,4679,55,0,0,0
2671879,d6a7aa06-2bab-ba12-294f-513fd770a46e,1,2574920,2574920,2671879,2671191,96959,96959,0,0,0,0
2673056,248607c2-2059-ad46-a856-0b7427ce46ce,1,2662127,2662130,2673056,2673200,10926,10929,3,0,0,0
2673289,6f8ef978-5021-71bd-8458-526b4385a3e3,1,2659832,2659833,2673289,2678390,13456,13457,1,0,0,0
2673678,15956c42-27c0-0f89-9e3b-f1b34330125c,1,2670148,2670199,2673678,2673797,3479,3530,51,0,0,0
2673744,0130d66b-932d-1648-6769-b0f1ee01b9e0,1,2670148,2670199,2673744,2672181,3545,3596,51,0,0,0
2674464,af2537f5-9d31-762a-fb5a-bb36ce7968b7,1,2670199,2670199,2674464,2672355,4265,4265,0,0,0,0
2674470,380cc838-2c94-df5a-48ba-d5fb32a4a8a4,1,2670203,2670259,2674470,2673032,4211,4267,56,0,0,0
2675934,640445a1-87e7-099b-4600-8f33814671a1,1,2670151,2670199,2675934,2675418,5735,5783,48,0,0,0
2676705,9ff5846e-25d7-ad5e-8498-b40a16e1cf6b,1,2675715,2675754,2676705,2676728,951,990,39,0,0,0
2676780,fa5fafdb-5123-39fa-aa61-b32f08e1624e,1,2663431,2663452,2676780,2681483,13328,13349,21,0,0,0
2677819,5256f928-bea8-3e9f-a911-fd6d0d586ee2,1,2661872,2661890,2677819,2679165,15929,15947,18,0,0,0
2678398,e5a5788e-2b80-d1ed-ca1f-783a31372ca1,4,1560882,1560882,2678398,2262743,1117516,1117516,0,0,0,0
2678673,28b82fa1-72d0-c649-350e-a2b2d07a2b58,1,2670215,2670259,2678673,2676518,8414,8458,44,0,0,0
2678692,c64d8e70-1ea3-91e2-9662-f8835bbccb30,1,2670214,2670259,2678692,2675695,8433,8478,45,0,0,0
2678746,424d9430-b724-79b7-710b-7fa9e9a0c20d,1,2670211,2670259,2678746,2674950,8487,8535,48,0,0,0
2678774,893e2b89-dadf-c499-42e4-bf0140ee131d,1,2670216,2670259,2678774,2682500,8515,8558,43,0,0,0
2678762,2a9edda7-761a-d914-4931-b2d4d3def87c,1,2670217,2670259,2678762,2675147,8503,8545,42,0,0,0
2678823,bb2168c4-a318-8a65-496f-e30824f7e239,1,2670209,2670259,2678823,2676260,8564,8614,50,0,0,0
2678825,189099c9-f2be-029f-1514-9755838e9a61,1,2670218,2670259,2678825,2675548,8566,8607,41,0,0,0
2678798,ecf60826-3c1e-0ac4-daf0-9b921da9c3c5,1,2670221,2670259,2678798,2679421,8539,8577,38,0,0,0
2678825,09943e76-1d4e-2772-401f-b5a69ca5b74f,1,2670224,2670259,2678825,2676995,8566,8601,35,0,0,0
2678863,6cdcd3be-adef-5777-2e6d-f7e899802368,1,2670214,2670259,2678863,2678272,8604,8649,45,0,0,0
2679081,242ac30f-5d80-a53b-259a-5d6c07ba408b,1,2675694,2675694,2679081,2678803,3387,3387,0,0,0,0
2679092,a4282ec4-27e6-287b-c4ec-ea3290389f81,1,2675764,2675814,2679092,2679180,3278,3328,50,0,0,0
2681212,daea544a-291a-4905-5a29-fe6b590bd0c6,1,2670200,2670259,2681212,2682154,10953,11012,59,0,0,0
2681275,49a5baeb-d1f4-4c8d-d51b-1974de668dd0,1,2670199,2670199,2681275,2676036,11076,11076,0,0,0,0
2681301,fcc1c48c-7303-50ca-e992-6bade6335f58,1,2173117,2173117,2681301,2904734,508184,508184,0,0,0,0
2681341,1edbbe71-de2a-2ddf-ee24-9b726aa12abd,1,2670199,2670199,2681341,2683460,11142,11142,0,0,0,0
2681295,e54c8739-3133-839e-2e7d-952b785b8a07,1,2670203,2670259,2681295,2678510,11036,11092,56,0,0,0
2681370,3b53f64b-7cd6-1da4-c2ef-da8b38048786,1,2670199,2670199,2681370,2684618,11171,11171,0,0,0,0
2681522,d387fcd8-cea8-2b7a-1ad4-ac13504089fa,1,2670206,2670259,2681522,2684168,11263,11316,53,0,0,0
2681584,902a73ae-b81e-1682-a7eb-40085a13f4bb,1,2670207,2670259,2681584,2676230,11325,11377,52,0,0,0
2682154,e8fe6095-2cb3-7e23-9a94-0c6c1c8e806b,8,2628654,2628654,2682154,2706777,53500,53500,0,0,0,0
2682428,b8ddf15d-8ea0-35f0-49cc-253fb4693ec4,1,2670285,2670319,2682428,2682195,12109,12143,34,0,0,0
2682417,6553b15f-1ea1-5b0f-95ae-b18b46ae7e06,1,2670291,2670319,2682417,2677488,12098,12126,28,0,0,0
2682465,92262ecf-310f-8eb5-cb2c-4e211dce0e8c,1,2670298,2670319,2682465,2681996,12146,12167,21,0,0,0
2682569,570e5af5-f5ff-3705-da74-a05688dd44cc,1,2670284,2670319,2682569,2677768,12250,12285,35,0,0,0
2682548,87935334-fc20-594e-bf7d-a45e35221344,1,2670297,2670319,2682548,2682992,12229,12251,22,0,0,0
2682584,279f5df0-da2d-6df9-a3c1-4a53acf96a12,1,2670279,2670319,2682584,2677809,12265,12305,40,0,0,0
2682622,82b34384-9979-cf26-c8b1-90e1089a9f4f,1,2670285,2670319,2682622,2681118,12303,12337,34,0,0,0
2682596,73dd3bc6-d064-05a8-5bd2-9cb108453b2f,1,2670290,2670319,2682596,2686221,12277,12306,29,0,0,0
2682668,6e4ff4a4-19cb-84c8-9b45-03bce892464d,1,2665053,2665053,2682668,2681473,17615,17615,0,0,0,0
2682661,dd088545-92c6-bb94-75f3-405dda2bf1b7,1,2670276,2670319,2682661,2676753,12342,12385,43,0,0,0
2682749,b9c8ddd8-8f8d-9ef2-6397-3de4fd414341,1,2670287,2670319,2682749,2681379,12430,12462,32,0,0,0
2682737,8fde042a-1ee5-6930-3a08-5f6a9e189a98,1,2670291,2670319,2682737,2684317,12418,12446,28,0,0,0
2682701,1cf85164-113b-776e-d08c-e31e7a7a852e,1,2670294,2670319,2682701,2682160,12382,12407,25,0,0,0
2682784,5953ff90-17ef-d203-ab4d-738c7657e37c,1,2670290,2670319,2682784,2679878,12465,12494,29,0,0,0
2682784,45665e79-1a9a-ab54-e01a-5b5e592fcdc6,1,2670296,2670319,2682784,2688413,12465,12488,23,0,0,0
2682848,bce0caef-f17f-a5c0-4e39-f65a20db4294,1,2670286,2670319,2682848,2685693,12529,12562,33,0,0,0
2682844,c790b84c-34c9-93ae-8938-279c2aa20c1e,1,2670294,2670319,2682844,2685563,12525,12550,25,0,0,0
2683097,6af31899-014c-c3a1-e5f3-d46692de0df8,8,2630182,2630182,2683097,2657244,52915,52915,0,0,0,0
2683135,e33fc52c-4570-83e4-653c-8f74a5076897,1,2670288,2670319,2683135,2679208,12816,12847,31,0,0,0
2684202,44f4d74f-c629-9ca6-6d07-67746bc5bcd4,1,2670210,2670259,2684202,2684167,13943,13992,49,0,0,0
2684204,6dc75587-cd40-b648-2353-98a63a6a22d9,1,2670201,2670259,2684204,2688457,13945,14003,58,0,0,0
2684288,034f2029-1545-9b48-5b4e-279bfbab907a,1,2670211,2670259,2684288,2685078,14029,14077,48,0,0,0
2684340,c09c2ebe-80da-2ed7-880b-cb0ec8ab96ac,1,2670209,2670259,2684340,2688467,14081,14131,50,0,0,0
2684536,b7ed70cf-f111-be9e-8545-b11f6d820335,1,2670200,2670259,2684536,2678026,14277,14336,59,0,0,0
2684493,47fefddb-fbb9-bf21-b32a-322878359656,1,2670200,2670259,2684493,2689244,14234,14293,59,0,0,0
2684844,f3310760-87e6-d238-ad59-2953e24297fc,1,2670151,2670199,2684844,2685024,14645,14693,48,0,0,0
2685573,529b20e0-53bf-8b10-d0cc-c1a51b912adc,1,2670086,2670139,2685573,2692385,15434,15487,53,0,0,0
2685809,7800e27a-9ace-63cc-d89c-83f68098580d,1,2670084,2670139,2685809,2691124,15670,15725,55,0,0,0
2686341,c4f4b844-46c1-12a5-fec8-8839ec35c3de,1,2670089,2670139,2686341,2683140,16202,16252,50,0,0,0
2686446,4cad3598-603d-e161-61f0-41d06993e611,1,2670091,2670139,2686446,2693080,16307,16355,48,0,0,0
2686714,4b7a123e-338a-ea2d-3e1c-fa1495d16384,1,2670086,2670139,2686714,2694699,16575,16628,53,0,0,0
2689326,ca90001c-8943-314f-b668-705d1a10748c,1,2670138,2670139,2689326,2693453,19187,19188,1,0,0,0
2689373,83601fb5-b45b-bad3-f7d0-eea0211f632b,1,2670151,2670199,2689373,2691660,19174,19222,48,0,0,0
2689454,a19f2485-31c4-6c9e-70be-96304a6333e3,1,2670138,2670139,2689454,2688544,19315,19316,1,0,0,0
2689475,c4246277-8544-94ab-1a64-f27d0bcfd0fc,1,2670139,2670139,2689475,2683048,19336,19336,0,0,0,0
2689498,95a97dd7-bd8f-a26f-1f16-de170f94d562,1,2670140,2670199,2689498,2695362,19299,19358,59,0,0,0
2689610,3a0761d9-0624-ebdf-396c-8f79e983c62e,1,2619392,2619409,2689610,2690104,70201,70218,17,0,0,0
2689949,1dd03ecd-0595-c9a3-6c00-46f07957595f,1,2670137,2670139,2689949,2688252,19810,19812,2,0,0,0
2689988,205c8491-a061-09db-7172-f63648bfb602,1,2670136,2670139,2689988,2684108,19849,19852,3,0,0,0
2690001,0490eb68-48f8-2df6-0571-dd83938fdb37,1,2670137,2670139,2690001,2697354,19862,19864,2,0,0,0
2690000,ac735be0-0cee-ddc2-2737-f345388629ff,1,2670138,2670139,2690000,2683766,19861,19862,1,0,0,0
2690065,092385fe-23d3-4d22-3080-bed6bc3e34af,1,2666827,2666827,2690065,2695828,23238,23238,0,0,0,0
2690050,7a5653b3-4354-67e1-8eaf-b35b5f91b1af,1,2670138,2670139,2690050,2691104,19911,19912,1,0,0,0
2690133,ce67b962-548b-9bb7-df82-00b85b24bb54,1,2670277,2670319,2690133,2682792,19814,19856,42,0,0,0
2690173,6b579789-4bb4-9889-f900-5224851031c0,1,2670136,2670139,2690173,2683083,20034,20037,3,0,0,0
2690161,15f0e5ea-4b0a-4742-146e-6a4f2a873e02,1,2673930,2673930,2690161,2693805,16231,16231,0,0,0,0
2690267,9b58e20a-7c8d-8aef-30a0-4e0b3a4d1f57,1,2670278,2670319,2690267,2695801,19948,19989,41,0,0,0
2690291,d45e087f-86d4-aba8-805f-08927c795dd9,1,2670277,2670319,2690291,2696961,19972,20014,42,0,0,0
2690271,102f4f5c-55e3-9295-2c67-10bd97d46f61,1,2673940,2673990,2690271,2691605,16281,16331,50,0,0,0
2690324,f765f8a0-ce43-07c4-2bfd-dbf938498d35,1,2674061,2674110,2690324,2687555,16214,16263,49,0,0,0
2690386,f2cffcae-f833-ebfb-2296-e3f171e15b9f,1,2670278,2670319,2690386,2683814,20067,20108,41,0,0,0
2690387,c960b851-4d69-6e19-e827-3dee9d7e4eb7,1,2670278,2670319,2690387,2680712,20068,20109,41,0,0,0
2690412,e028c315-928f-bbae-38a7-c67868e968cf,1,2670277,2670319,2690412,2698670,20093,20135,42,0,0,0
2690447,8cd1692d-66af-9249-fa98-f602bc059dfb,1,2670279,2670319,2690447,2698020,20128,20168,40,0,0,0
2690434,f9f8f5f4-ce96-c887-f8db-37f6c3bc5ca7,1,2670279,2670319,2690434,2696079,20115,20155,40,0,0,0
2690491,60421eb5-ca6b-eccd-3f8b-c509484f0da6,1,2674076,2674110,2690491,2692791,16381,16415,34,0,0,0
2690451,f69072cf-ac7e-5cc6-b0cf-3e7f5c58b8ba,1,2674194,2674243,2690451,2693123,16208,16257,49,0,0,0
2690459,a8cf2936-8e81-b2f0-2d47-4c4f08697ffa,1,2674300,2674303,2690459,2691814,16156,16159,3,0,0,0
2690551,331bd602-9dd0-ce04-0485-742a6d22313c,1,2674183,2674183,2690551,2687327,16368,16368,0,0,0,0
2690628,6c362d23-1916-f984-c510-c97a89fd09b5,1,2674300,2674303,2690628,2687687,16325,16328,3,0,0,0
2690643,31e43850-86a8-1b2b-5c69-ee49712c3126,1,2674316,2674363,2690643,2697527,16280,16327,47,0,0,0
2690826,ccca1e14-c3b8-c80f-8440-8e983d53ec43,1,2674559,2674584,2690826,2686200,16242,16267,25,0,0,0
2690911,9247e851-2e0d-3860-7362-f9b74795cd1d,1,2674492,2674524,2690911,2692029,16387,16419,32,0,0,0
2690966,4bed523c-085f-f4d1-87ea-651b5539562b,1,2674303,2674303,2690966,2687126,16663,16663,0,0,0,0
2691110,af3f9d9a-b272-5aa7-9d30-c42e8cf29000,1,2674923,2674942,2691110,2686962,16168,16187,19,0,0,0
2691284,e9ebd446-2622-e0d6-f23d-9820977e5877,1,2675185,2675185,2691284,2689747,16099,16099,0,0,0,0
2691342,0c941263-190a-40d6-5ea9-f25945c86249,1,2675122,2675122,2691342,2691242,16220,16220,0,0,0,0
2691716,294d25fc-0553-9a50-6fac-c50db2904e73,1,2674882,2674882,2691716,2690592,16834,16834,0,0,0,0
2691807,5f13e10b-ff7a-884d-7f96-dd35cca99089,1,2691128,2691170,2691807,2691580,637,679,42,0,0,0
2698403,b43c7851-e78d-cf32-7e2a-9f7347dfa607,1,2654275,2654334,2698403,2713835,44069,44128,59,0,0,0
2699642,4d156c62-a8cc-6e3b-bae3-438e2f43b2f0,1,2656069,2656078,2699642,2686243,43564,43573,9,0,0,0
2699997,fc4a013f-c8c2-8cfe-eadf-eef6fb2389d3,1,2656160,2656198,2699997,2679321,43799,43837,38,0,0,0
2700431,099396ff-da1e-72b2-de6a-7c6e961b9221,1,2656922,2656932,2700431,2691575,43499,43509,10,0,0,0
2700570,3fd8027f-e755-b655-d916-2e44b0a17621,1,2656127,2656138,2700570,2686677,44432,44443,11,0,0,0
2700726,baff361a-b37e-3c41-1a62-75f5cf590b8e,1,2656980,2656992,2700726,2686053,43734,43746,12,0,0,0
2701091,75eb0e8f-a090-360d-27c7-655a7b434a72,1,2657685,2657716,2701091,2713622,43375,43406,31,0,0,0
2701291,2fa17fe6-698e-0981-3136-9512916e1089,1,2657711,2657716,2701291,2686354,43575,43580,5,0,0,0
2701391,f42050e8-3730-bf79-913a-27afa9179e02,1,2657561,2657596,2701391,2692524,43795,43830,35,0,0,0
2701420,794f9276-d454-1573-b70f-9392863daa90,1,2657712,2657716,2701420,2695962,43704,43708,4,0,0,0
2703646,8bf160df-8346-452b-8073-aa66d7b4db17,1,2659838,2659893,2703646,2719831,43753,43808,55,0,0,0
2704073,5074ac13-fc0f-94cd-c2eb-baa21ce370ed,1,2700097,2700097,2704073,2702805,3976,3976,0,0,0,0
2704128,b2051cec-c9f7-369f-e4c1-d21074be4b20,1,2659966,2660013,2704128,2713245,44115,44162,47,0,0,0
2705026,ef4c113d-c35f-4e12-3bfb-48d5e09f6e24,8,2671178,2671178,2705026,2716886,33848,33848,0,0,0,0
2708600,ea879f65-279c-058a-321a-6d71782152e0,1,2664472,2664482,2708600,2712641,44118,44128,10,0,0,0
2708653,aba23511-f544-b28c-0bba-d72a8a7e9cce,1,2707861,2707861,2708653,2708857,792,792,0,0,0,0
2709309,eb1313b7-95d1-4b6d-6e9a-e156325cba4e,1,2708344,2708344,2709309,2709184,965,965,0,0,0,0
2709399,9347f486-2a44-da88-17f8-5f5bf1e2cce7,1,2708540,2708590,2709399,2709094,809,859,50,0,0,0
2709619,5e4908c8-290a-42d2-07f9-ee879f35e95d,1,2708952,2708952,2709619,2709479,667,667,0,0,0,0
2709881,35afbb2d-336d-7786-37a3-c30aa1f0fa7a,16,2545550,2545550,2709881,2628580,164331,164331,0,0,0,0
2710025,4ba99d78-b498-75d0-a5b1-c79954cecee7,1,2664422,2664422,2710025,2701274,45603,45603,0,0,0,0
2710312,c4bd9b59-7fd9-c96f-ee5a-88566791659c,1,2707984,2708039,2710312,2710637,2273,2328,55,0,0,0
2710697,e21a47b9-9ad2-4609-506d-5518fc3b9c08,1,2707979,2707979,2710697,2711281,2718,2718,0,0,0,0
2710897,3222504f-02bb-6d94-fed5-0d6bbf6494b6,1,2710193,2710199,2710897,2710824,698,704,6,0,0,0
2711058,252151f9-5f39-0d2b-5f25-210ea82e2d61,1,2710152,2710199,2711058,2711227,859,906,47,0,0,0
2711134,fee91972-6f7b-93e7-1e19-f0104bf7e012,1,2708042,2708099,2711134,2710866,3035,3092,57,0,0,0
2711607,7bb8373c-81dd-f3ea-5421-b62c2d31317c,1,2710805,2710828,2711607,2711675,779,802,23,0,0,0
2711728,b88e33d1-6c10-36cd-1249-944e713db204,1,2708489,2708530,2711728,2712385,3198,3239,41,0,0,0
2711754,06b4ed27-2f4b-8be8-21ac-fdb51b555f6d,1,2710354,2710372,2711754,2712197,1382,1400,18,0,0,0
2711834,2efcd60c-5256-cd59-857f-2f3e61a90fb1,1,2711140,2711147,2711834,2712139,687,694,7,0,0,0
2711861,7b6deeca-32f9-bae0-13aa-84b0d65e2bcf,1,2709164,2709164,2711861,2711812,2697,2697,0,0,0,0
2711945,913767ab-4dd8-5715-753f-f3e271fc5136,1,2709773,2709773,2711945,2711923,2172,2172,0,0,0,0
2712180,b68c55b2-79ac-446d-4e03-87ada246ea52,1,2710186,2710199,2712180,2712766,1981,1994,13,0,0,0
2712282,6b5341c0-2850-c932-d2c0-8ee46a35567d,1,2656018,2656018,2712282,2697225,56264,56264,0,0,0,0
2712315,4051dbda-d617-82cb-aabf-1a086b6de0da,1,2711027,2711027,2712315,2711672,1288,1288,0,0,0,0
2712407,0890f506-5df1-bf6f-938b-d3f88bd18d4b,1,2710777,2710828,2712407,2711614,1579,1630,51,0,0,0
2712636,9cf116dc-c4b0-3ad1-3037-e34da8bb81dc,1,2711153,2711207,2712636,2712497,1429,1483,54,0,0,0
2713016,783e40ab-b22a-55a6-0539-1557444122a5,1,2711758,2711788,2713016,2713044,1228,1258,30,0,0,0
2714219,70184f95-9e6a-10fa-75d2-36e30d9e9c48,1,2711210,2711267,2714219,2714085,2952,3009,57,0,0,0
2714247,592448ee-7ac1-b4f9-0472-f9f6ec6494e0,1,2711893,2711908,2714247,2714860,2339,2354,15,0,0,0
2714342,2ae2c9d1-365d-395b-6707-9421cfd2be23,1,2619254,2619254,2714342,2757628,95088,95088,0,0,0,0
2714386,343c1752-3caa-a31e-13d3-c72682d33948,1,2712816,2712834,2714386,2714622,1552,1570,18,0,0,0
2714660,2294fa0a-8482-0c08-042c-65ad9883e9b1,1,2712406,2712462,2714660,2714029,2198,2254,56,0,0,0
2714723,cbfd4a31-c8c8-5ad6-82cb-cdc73cd30e99,1,2711253,2711267,2714723,2715721,3456,3470,14,0,0,0
2714936,77806788-dff1-f5e3-fcba-6c808c7aa939,1,2712359,2712402,2714936,2715498,2534,2577,43,0,0,0
2715104,296fc0d7-6a63-2a6b-41d0-d034abfbcc17,1,2713998,2714023,2715104,2714560,1081,1106,25,0,0,0
2715192,37df8dfb-421a-4d96-35f1-e04bc5fe21d6,1,2710161,2710199,2715192,2713194,4993,5031,38,0,0,0
2715279,ead1d758-b319-f18d-2ef0-3a1b645f273c,1,2712648,2712696,2715279,2716417,2583,2631,48,0,0,0
2715272,90ebba12-9412-ba0f-da1d-3dab54c5f266,1,2713404,2713404,2715272,2715290,1868,1868,0,0,0,0
2716540,5e1b015f-6a1c-701b-159b-2b6b32dba028,1,2710139,2710139,2716540,2715285,6401,6401,0,0,0,0
2717277,418495a4-b777-dcb9-a97c-696b356766ec,1,2711462,2711462,2717277,2719281,5815,5815,0,0,0,0
2717861,650c4a03-af1f-1779-127b-a660bb335cf7,1,2711772,2711788,2717861,2718545,6073,6089,16,0,0,0
2718973,b9076ff3-263a-484e-2048-ba6e72ec6f04,4,2711491,2711522,2718973,2717128,7451,7482,31,0,0,0
2719160,b85f164b-6160-3399-d307-3198bc3eb402,1,2715654,2715654,2719160,2718689,3506,3506,0,0,0,0
2719518,a9c3640d-e411-a9d7-9030-fb0c45d5aacb,1,2716730,2716783,2719518,2718917,2735,2788,53,0,0,0
2720322,0a199083-d83e-262a-f1ca-680c9a178669,1,2711291,2711327,2720322,2716719,8995,9031,36,0,0,0
2721868,16e7bff3-d2a6-0853-8c50-1e6e27ad082f,1,2713413,2713464,2721868,2722305,8404,8455,51,0,0,0
2723372,66d4b394-61a7-1114-d994-f7ba4b7faa4c,1,2722628,2722628,2723372,2723194,744,744,0,0,0,0
2724277,3b20d154-6ff9-8cf7-288f-c36a846c454c,1,2718893,2718893,2724277,2723165,5384,5384,0,0,0,0
2724530,bec62bbe-4d7e-c4b1-4001-8cbe54492845,1,2710756,2710768,2724530,2730573,13762,13774,12,0,0,0
2725798,6d4772f8-d46a-77af-2a73-6a676c461d48,1,2711589,2711589,2725798,2722964,14209,14209,0,0,0,0
2726110,d98f5e83-cf5b-294d-d2cc-48539cef5ef4,1,2712450,2712462,2726110,2729173,13648,13660,12,0,0,0
2727672,79004406-b1e5-8a88-29ad-b01daa3e009c,8,2714350,2714402,2727672,2734117,13270,13322,52,0,0,0
2727729,6cbdd931-2f90-0058-39ca-28265af56a23,8,2714350,2714402,2727729,2721545,13327,13379,52,0,0,0
2730291,5cc53673-d165-4869-fcde-b1c8b028bafc,1,2715654,2715654,2730291,2733793,14637,14637,0,0,0,0
2730309,4312153d-484f-7f7c-244f-52f41b696031,1,2681169,2681169,2730309,2715889,49140,49140,0,0,0,0
2730816,e0222432-7ca5-1928-17dd-06916a71efda,1,2553532,2553590,2730816,2676507,177226,177284,58,0,0,0
2732784,f7eefd84-b31c-8349-5799-2f42351b3e63,8,2696997,2696997,2732784,2738302,35787,35787,0,0,0,0
2733522,3d9ffe59-9bc0-fa93-52cd-adefb9d276f4,8,2695039,2695039,2733522,2719986,38483,38483,0,0,0,0
2733556,eab10bcf-64c4-0063-ad68-53c64cd3a6a4,1,2709458,2709459,2733556,2721861,24097,24098,1,0,0,0
2733668,8d87b7be-271d-d0f1-8985-c98d985defc4,1,2711106,2711147,2733668,2733418,22521,22562,41,0,0,0
2733943,ab00764e-4ac8-1bda-e002-8f9a3b5d5c9c,1,2708747,2708770,2733943,2721906,25173,25196,23,0,0,0
2733958,2803feb5-dab6-c73d-8fef-f87b79d54e9f,1,2709426,2709459,2733958,2745976,24499,24532,33,0,0,0
2735153,d1e2b878-c576-c26d-98ae-0666d066ad21,1,2715957,2715957,2735153,2739664,19196,19196,0,0,0,0
2736192,35b33f54-2513-1cd4-e5b0-15b44a84525f,1,2734790,2734808,2736192,2736447,1384,1402,18,0,0,0
2737105,2d8cc973-43c1-136c-d013-b7a3f4a29332,1,2681832,2681849,2737105,2716046,55256,55273,17,0,0,0
2737416,b546c5c0-d6de-70c5-2ce4-599df92408c3,1,2708664,2708710,2737416,2739790,28706,28752,46,0,0,0
2738147,d91738f8-0ad1-c18c-f53f-091e8a9e0964,1,2681817,2681849,2738147,2725871,56298,56330,32,0,0,0
2738510,fd06a179-7980-3efa-4da0-8e483531518a,1,2681858,2681909,2738510,2744346,56601,56652,51,0,0,0
2738742,afd5b90b-41a6-7c90-291c-0da1a5630d3a,1,2681845,2681849,2738742,2715230,56893,56897,4,0,0,0
2740853,608bb508-69e4-4d26-d2d4-7ec76a77982b,1,2709946,2710001,2740853,2753141,30852,30907,55,0,0,0
2741076,6726f5b4-4175-11f4-63db-0deaac48ceaf,1,2710589,2710648,2741076,2738277,30428,30487,59,0,0,0
2741087,48c08d33-46f4-dccb-b835-de289fd60efb,1,2709934,2709941,2741087,2731571,31146,31153,7,0,0,0
2741501,6f2537ce-a206-527c-3c68-41d61ce8e12f,1,2718833,2718833,2741501,2745476,22668,22668,0,0,0,0
2742144,ff3c6d4e-a1dc-9cab-0e21-3ce5668eb10e,1,2710588,2710588,2742144,2754407,31556,31556,0,0,0,0
2746551,a9230810-c346-04f9-8bed-0104929ea405,1,2670081,2670139,2746551,2756487,76412,76470,58,0,0,0
2746631,35b86d0a-864f-36dd-69ec-09d586eced99,1,2670080,2670139,2746631,2733355,76492,76551,59,0,0,0
2748376,90c0e607-4a63-3fc3-d26a-ab2718ef2501,2,2745750,2745794,2748376,2748820,2582,2626,44,0,0,0
2748360,ad9112c5-f5ea-4128-854d-c3bf61d85365,2,2745751,2745794,2748360,2748730,2566,2609,43,0,0,0
2748349,c44ba50d-cb6c-da6e-bb95-8291f3dd69d1,2,2745751,2745794,2748349,2747696,2555,2598,43,0,0,0
2748417,fdf02450-585b-4b17-6d9b-1eb118ebeed7,2,2745750,2745794,2748417,2747488,2623,2667,44,0,0,0
2748489,decc0209-93cd-fce8-ef69-e0858c871a3a,2,2745750,2745794,2748489,2747751,2695,2739,44,0,0,0
2748532,59e110eb-1f09-6b9d-6969-29b20513eda8,2,2745751,2745794,2748532,2748296,2738,2781,43,0,0,0
2748680,fe3f5662-0468-0a4a-61e5-835e3e9f069a,2,2745750,2745794,2748680,2749223,2886,2930,44,0,0,0
2748659,5b5dc6ed-ef45-89fb-5955-5d44b245e656,2,2745750,2745794,2748659,2747890,2865,2909,44,0,0,0
2749016,069d887f-9ad8-cfa7-f7f9-0812bf9bd810,1,2670080,2670139,2749016,2717889,78877,78936,59,0,0,0
2749318,da2a5b5f-6796-4bd9-a9c6-d4e3e07eaf26,1,2670092,2670139,2749318,2764489,79179,79226,47,0,0,0
2749443,9d37c5a6-bd8e-880c-923c-cd6417576cc8,1,2670093,2670139,2749443,2749442,79304,79350,46,0,0,0
2749681,30799b56-576f-f264-1182-e8e7c9070c97,1,2670080,2670139,2749681,2723124,79542,79601,59,0,0,0
2749931,dd23ff41-dae1-3586-2358-755cbc5c3cd8,1,2670080,2670139,2749931,2749759,79792,79851,59,0,0,0
2750750,8f8d4107-c4d5-ac13-f561-d900aa52cdf3,1,2670090,2670139,2750750,2758076,80611,80660,49,0,0,0
2750900,559a8f54-c559-cd0f-ebff-c53f0e50f355,1,2670090,2670139,2750900,2746458,80761,80810,49,0,0,0
2751106,4da7f632-0244-7c10-87d0-1cf295e81a39,1,2746133,2746133,2751106,2748659,4973,4973,0,0,0,0
2751130,f7e47c8c-9628-e429-0a81-870a1ecf8aec,1,2670091,2670139,2751130,2775945,80991,81039,48,0,0,0
2751141,08560684-8a6f-c4b3-f08d-312e7a732f35,1,2746133,2746133,2751141,2749496,5008,5008,0,0,0,0
2751290,6ce763e1-708f-75a1-cea6-e9bc82ff1dad,1,2746330,2746330,2751290,2750060,4960,4960,0,0,0,0
2751305,741a5b09-a63f-63ea-ac85-2cc75eb00e6f,1,2670080,2670139,2751305,2758128,81166,81225,59,0,0,0
2751378,8a257159-3d17-0879-55bd-f39efb334e61,1,2746406,2746406,2751378,2749857,4972,4972,0,0,0,0
2751453,97f483d6-74d9-9fb1-9dda-4e36cf292101,1,2746520,2746529,2751453,2750924,4924,4933,9,0,0,0
2751533,2e2f2127-babf-3375-f17f-b7867d929cc0,1,2746469,2746469,2751533,2753551,5064,5064,0,0,0,0
2751554,43af6c46-a46b-3932-0de8-4b635856e1fc,1,2746581,2746589,2751554,2749852,4965,4973,8,0,0,0
2751627,81b85934-af37-8cf9-2f2b-5e3109db40a9,1,2746686,2746709,2751627,2749777,4918,4941,23,0,0,0
2751739,7b2413e8-005f-b765-575f-310891653dbc,1,2746743,2746769,2751739,2753059,4970,4996,26,0,0,0
2751827,6a7330b3-ecfa-1700-6790-eee07dcfe924,1,2746724,2746769,2751827,2749640,5058,5103,45,0,0,0
2751860,15263fef-7c65-dbfb-483f-ca724a1a7c2e,1,2670079,2670079,2751860,2786223,81781,81781,0,0,0,0
2751996,29f5010c-8b6a-4c97-78f4-223bd21a5375,1,2747079,2747079,2751996,2749921,4917,4917,0,0,0,0
2752028,6e76936a-a634-0d1a-adb6-10f4c65de86e,1,2747113,2747139,2752028,2752919,4889,4915,26,0,0,0
2752175,e1789474-380d-4643-c891-e9bcd83060dc,1,2670079,2670079,2752175,2759357,82096,82096,0,0,0,0
2752788,c4c557d8-ee23-5eb0-85f6-2467a6c1d136,1,2747838,2747864,2752788,2753953,4924,4950,26,0,0,0
2752819,bea17713-fe36-b4bf-f9e4-21bc1120653d,1,2670080,2670139,2752819,2722027,82680,82739,59,0,0,0
2752820,c55fa445-f09e-0302-b525-a4d983f023fd,1,2747838,2747864,2752820,2752963,4956,4982,26,0,0,0
2753265,9f1c9fd4-d449-0964-b9cd-213b5748218a,64,2226294,2226294,2753265,2637515,526971,526971,0,0,0,0
2753508,8390bd94-8713-b81f-c2f8-6229972c8583,1,2748536,2748570,2753508,2754991,4938,4972,34,0,0,0
2754877,35f2e254-3e14-4f6a-6bcb-b347e9b758ee,1,2744768,2744768,2754877,2750080,10109,10109,0,0,0,0
2754971,fb66bcaf-47be-30eb-836f-ad3831286dc8,1,2744835,2744891,2754971,2750246,10080,10136,56,0,0,0
2754958,62524390-52a3-069d-4906-9da96d3b867c,1,2754252,2754252,2754958,2755258,706,706,0,0,0,0
2755020,e2901d96-c993-f819-a7a5-81e8610114f4,1,2744890,2744891,2755020,2758291,10129,10130,1,0,0,0
2755092,4a229ba5-925f-2cc6-5e9d-2f8a1ef11a27,1,2754084,2754141,2755092,2754934,951,1008,57,0,0,0
2755118,04d07f29-13e6-75fd-1c99-d366c8b62c18,1,2744831,2744831,2755118,2755792,10287,10287,0,0,0,0
2755104,a1d770ea-c704-e80e-a246-6cd702ed5d15,1,2745015,2745015,2755104,2755549,10089,10089,0,0,0,0
2755279,1bbcb748-bb55-cfa3-2e26-651915f87768,1,2754285,2754312,2755279,2754939,967,994,27,0,0,0
2755396,1122e28f-6c18-eb52-b3b9-66e28eaa0112,1,2745250,2745250,2755396,2756241,10146,10146,0,0,0,0
2755460,32d9ec3e-6630-8af8-7044-9b5172624be8,1,2745016,2745075,2755460,2757873,10385,10444,59,0,0,0
2755463,06103d84-2672-a20c-c66a-5821ceb7f2d6,1,2745320,2745370,2755463,2751893,10093,10143,50,0,0,0
2755486,0413d049-52a0-628b-2b25-a58af5953b2e,1,2745373,2745430,2755486,2753501,10056,10113,57,0,0,0
2755541,fe85544c-3e85-9c67-5855-e4a0bfea3d2a,1,2745269,2745310,2755541,2758887,10231,10272,41,0,0,0
2755603,ba098484-f5a7-620d-6d6d-91e193ed82c5,1,2754277,2754312,2755603,2755211,1291,1326,35,0,0,0
2755787,e9b1c4a1-da22-1b85-a9b9-2a1d457498ca,1,2745431,2745490,2755787,2754455,10297,10356,59,0,0,0
2755767,5f0b5135-8566-38c8-a173-e27437fc511b,1,2745614,2745614,2755767,2758269,10153,10153,0,0,0,0
2755812,df15e667-6812-a17c-9946-601e90b84f94,1,2745652,2745674,2755812,2758830,10138,10160,22,0,0,0
2755873,21249735-f254-6c17-7a90-c4868d2a3484,1,2745782,2745794,2755873,2756236,10079,10091,12,0,0,0
2755865,83d04bac-21e3-8238-12b1-178bfd6c47e3,1,2755099,2755158,2755865,2755696,707,766,59,0,0,0
2756033,8ff01845-0f90-cd63-68b4-9b00c86768b2,1,2755166,2755218,2756033,2755635,815,867,52,0,0,0
2756178,7a2f2c57-94ce-23b7-c2fd-7e2d95eef403,1,2754747,2754747,2756178,2755863,1431,1431,0,0,0,0
2756308,c9c1ad45-f4ea-6b97-6aa4-15b56336c815,1,2745683,2745734,2756308,2756081,10574,10625,51,0,0,0
2756382,b7f330ad-c4d1-c310-240f-92a4a77af8cb,1,2755271,2755278,2756382,2756088,1104,1111,7,0,0,0
2756639,33013b08-7b48-7db6-460f-01a54480d02d,1,2755572,2755580,2756639,2756171,1059,1067,8,0,0,0
2757242,4cb22b3d-c2d6-f712-e152-9522c1afd792,1,2753479,2753479,2757242,2758081,3763,3763,0,0,0,0
2757308,d47ffd35-751a-5b9a-f99f-5c063a24de17,1,2670079,2670079,2757308,2790364,87229,87229,0,0,0,0
2757669,e214d458-f0dd-3de0-fa63-bde0cf0d3f06,1,2756997,2756997,2757669,2757750,672,672,0,0,0,0
2757674,716ca1f2-dec0-0f3a-dc46-1b34c7eab19b,1,2755742,2755742,2757674,2756819,1932,1932,0,0,0,0
2758241,0f5c365a-27e8-3b87-1c7b-f8eb4969b2a1,1,2755929,2755982,2758241,2758250,2259,2312,53,0,0,0
2758615,3737cc38-166c-dd33-8f9f-dc15dfd23d15,1,2755877,2755922,2758615,2758718,2693,2738,45,0,0,0
2758704,63719357-f7a5-8f8d-f689-c4c22ca26887,1,2753942,2753942,2758704,2756506,4762,4762,0,0,0,0
2758765,52891c31-f2de-05fd-28b7-b5418d8b3728,1,2755061,2755098,2758765,2758514,3667,3704,37,0,0,0
2758778,01ae7eb1-4d45-7ea5-e3ec-4f6afe503fdc,1,2745316,2745370,2758778,2762855,13408,13462,54,0,0,0
2758998,e489149f-6e5c-9ae7-7e52-c22ca2070bf3,1,2757203,2757261,2758998,2759644,1737,1795,58,0,0,0
2759064,e67410de-479f-b5f3-d3b6-81500205e16a,1,2755851,2755862,2759064,2758373,3202,3213,11,0,0,0
2759217,da4a9d0b-d18e-e31b-b35d-8adb6c4928d4,1,2755878,2755922,2759217,2759562,3295,3339,44,0,0,0
2761295,f90c9f84-b184-071c-7b35-b9f96c80423a,1,2731246,2731250,2761295,2762557,30045,30049,4,0,0,0
2761321,b8ba61b8-41c1-7233-bf2c-1fd1f34ab83d,1,2708470,2708470,2761321,2751935,52851,52851,0,0,0,0
2762011,c544a049-6811-5a5c-4e3f-d50bf28c635f,16,2586376,2586376,2762011,2792011,175635,175635,0,0,0,0
2762191,9e15ebcc-66d1-37f6-0659-010a4ede79b6,1,2756846,2756846,2762191,2764597,5345,5345,0,0,0,0
2762272,be901a64-a0cc-5d31-ce22-efcfd02b4c3a,1,2759120,2759124,2762272,2761604,3148,3152,4,0,0,0
2762937,81c974a0-ed6a-e39f-b560-4484937749f6,1,2759922,2759980,2762937,2763155,2957,3015,58,0,0,0
2763042,d9a3ac28-e346-c1b7-9589-9035c0c6e3ff,1,2756888,2756906,2763042,2763018,6136,6154,18,0,0,0
2765909,108fd94b-b294-a9b6-a53d-ff523e7b8fb1,1,2762605,2762605,2765909,2767443,3304,3304,0,0,0,0
2766036,ff70abaa-80e5-1b3d-90be-35ee397e241d,1,2756846,2756846,2766036,2766701,9190,9190,0,0,0,0
2767559,9794b389-37c2-3f27-9267-e7e628f5f5c2,4,2548972,2548972,2767559,2733443,218587,218587,0,0,0,0
2768306,3487246c-21f9-c072-fe22-eba1ad3d581e,1,2731489,2731489,2768306,2782446,36817,36817,0,0,0,0
2769419,e7354db2-5ce4-124b-b35b-9f78f55f2e80,1,2731393,2731393,2769419,2762183,38026,38026,0,0,0,0
2770690,c5f833cf-f4ce-8477-f8bc-a9ac2ada62ce,1,2759187,2759244,2770690,2771925,11446,11503,57,0,0,0
2770743,aedb3046-595b-9abc-1b97-23324a9b37f0,1,2732677,2732677,2770743,2770162,38066,38066,0,0,0,0
2770964,7bd50aeb-6791-11dd-4cc7-cda21f2f087d,1,2732678,2732737,2770964,2764599,38227,38286,59,0,0,0
2771067,adc90caa-7000-f93b-7db8-ed7140a3823b,1,2759920,2759920,2771067,2767990,11147,11147,0,0,0,0
2771288,98cb3cb4-e2f7-e7ea-4cf2-fdf8ec1f5d97,1,2733073,2733132,2771288,2785479,38156,38215,59,0,0,0
2771345,05aa5eab-88f3-d7ea-f83f-52740cb4afe1,1,2733401,2733401,2771345,2764546,37944,37944,0,0,0,0
2771455,e94053af-d488-edff-dc35-25775193412d,1,2733627,2733642,2771455,2785369,37813,37828,15,0,0,0
2771546,2cabb9ad-a15d-d7c4-3a38-204b2091a706,1,2733442,2733461,2771546,2755770,38085,38104,19,0,0,0
2771628,d655005d-ce52-1176-166e-46aefed01fca,1,2733404,2733461,2771628,2757988,38167,38224,57,0,0,0
2771628,a2ef0f53-8138-3447-2376-324fc30f3c69,1,2733630,2733642,2771628,2773522,37986,37998,12,0,0,0
2771696,9b3b5b4c-ff2a-50c0-5ab3-83c9e88188c3,1,2733072,2733072,2771696,2770239,38624,38624,0,0,0,0
2771882,75dacbbe-09a9-161a-1823-3383279b637c,1,2734046,2734054,2771882,2786412,37828,37836,8,0,0,0
2772082,db95e988-3398-b604-a9c2-371e71836f01,1,2733929,2733934,2772082,2770059,38148,38153,5,0,0,0
2772274,569b111f-15b4-066e-11d0-12a7f19293c9,1,2733874,2733874,2772274,2761255,38400,38400,0,0,0,0
2773106,5c230306-c3f9-f409-e9a7-480095ef8b1b,1,2733319,2733319,2773106,2772144,39787,39787,0,0,0,0
2773187,78e00f78-2cda-a0b2-3d43-c4fedfe91357,1,2735211,2735213,2773187,2789272,37974,37976,2,0,0,0
2773747,ca3e7f3a-51a0-b33c-0d13-c33bc80aa7cf,1,2735206,2735213,2773747,2766268,38534,38541,7,0,0,0
2774871,10168d65-4f90-f91a-5448-10de2a1b76e3,1,2759119,2759124,2774871,2779847,15747,15752,5,0,0,0
2775568,6553b96b-ab96-5b35-a263-7d77c186cbce,1,2774753,2774753,2775568,2775131,815,815,0,0,0,0
2776477,584f218a-39dd-11e1-e222-c7758f24da7e,1,2775479,2775479,2776477,2776802,998,998,0,0,0,0
2776647,3354b4be-42c9-1aaf-6be1-3e78568a220d,1,2772744,2772744,2776647,2778461,3903,3903,0,0,0,0
2776716,8ffe38c9-d2d8-1eb3-1a14-0609f287b989,1,2619349,2619349,2776716,2816616,157367,157367,0,0,0,0
2776925,5199839c-d0de-4fb6-458c-6c02bf409640,1,2776280,2776299,2776925,2777196,626,645,19,0,0,0
2777066,2869b5ee-df18-e065-df58-64d511655b1e,1,2776140,2776179,2777066,2776602,887,926,39,0,0,0
2777069,0b34fc84-1111-ee29-a8ad-153985f0786a,1,2776099,2776119,2777069,2777122,950,970,20,0,0,0
2777335,88433a38-46d2-8109-495c-7ac8314aabdd,1,2776072,2776119,2777335,2777047,1216,1263,47,0,0,0
2777471,c2b2315d-d608-e6ac-9cf2-f216539cbe4f,1,2775701,2775701,2777471,2776920,1770,1770,0,0,0,0
2777491,076451d3-275d-d459-52d3-6897d6442365,1,2731190,2731190,2777491,2790738,46301,46301,0,0,0,0
2777504,225f52ab-5425-04b8-e098-d2e3bd3fdb62,1,2776202,2776239,2777504,2777011,1265,1302,37,0,0,0
2777689,92004957-b161-fd16-e9a0-02a45acd1e90,1,2776880,2776923,2777689,2777534,766,809,43,0,0,0
2778169,51251262-85a0-daf6-d6b1-ba8c4fcf9f89,1,2776390,2776390,2778169,2777393,1779,1779,0,0,0,0
2778299,f7bce0ef-72c1-e68e-9390-6193490ce315,1,2776394,2776450,2778299,2779148,1849,1905,56,0,0,0
2779016,34da1f50-b1a7-fe09-061a-1396716728ee,1,2777877,2777926,2779016,2779351,1090,1139,49,0,0,0
2779109,844e2e8b-ff01-8ec6-dec7-8f9ebed64914,1,2776784,2776784,2779109,2780032,2325,2325,0,0,0,0
2779122,62821d61-3fbb-ff57-b6f5-6f1cc4a531cd,1,2777187,2777187,2779122,2780053,1935,1935,0,0,0,0
2779496,f485e944-3142-e0c7-15cc-861a8f31bf2e,1,2776224,2776239,2779496,2779221,3257,3272,15,0,0,0
2779731,69b6f3b7-fe5b-9fc9-c0b4-f6d67ef6775b,1,2654274,2654274,2779731,2737385,125457,125457,0,0,0,0
2780827,13e9e070-52c6-4562-0010-2dc0dfe6b589,1,2772826,2772826,2780827,2780221,8001,8001,0,0,0,0
2782266,69d1b037-0385-c534-b23b-be88d478f5dc,1,2776863,2776863,2782266,2780921,5403,5403,0,0,0,0
2782845,457f4a84-1133-ded4-81e6-0c4c545b19ba,1,2780392,2780392,2782845,2783906,2453,2453,0,0,0,0
2783076,83d03e33-3296-c4c0-4201-938b971444b7,4,2723891,2723891,2783076,2781282,59185,59185,0,0,0,0
2783108,db9eb2e6-18f4-26dd-5071-ce940ff48fe8,1,2759158,2759184,2783108,2785806,23924,23950,26,0,0,0
2783118,372f9fb6-041b-4c79-c014-680432de3097,1,2778465,2778465,2783118,2781355,4653,4653,0,0,0,0
2783748,cd88e44e-23c4-3184-348e-90aed680b541,1,2781409,2781409,2783748,2783866,2339,2339,0,0,0,0
2784786,ab987d93-53bd-8128-22f0-6403eac97d37,8,2784109,2784109,2784786,2784812,677,677,0,0,0,0
2785267,8d9957fa-76fe-acd6-517e-7f4a0f8593c3,1,2784653,2784653,2785267,2785533,614,614,0,0,0,0
2785751,af194390-1c28-5022-880e-6ddd1fe72d21,8,2784121,2784169,2785751,2785085,1582,1630,48,0,0,0
2785974,a70a409d-ac50-c260-f0f2-4933d544c79b,8,2784453,2784453,2785974,2785503,1521,1521,0,0,0,0
2785981,3aeceaf8-5a00-d0f2-84d1-6f5e71cb19b3,1,2776898,2776923,2785981,2781699,9058,9083,25,0,0,0
2787417,9b6fbe20-4b3a-9a83-6286-16f4bbf9a04b,8,2784523,2784523,2787417,2787731,2894,2894,0,0,0,0
2787682,d4ec0595-3ff0-9d13-add7-1599e9fedd48,8,2784293,2784293,2787682,2788943,3389,3389,0,0,0,0
2787764,0ab74b5d-fcd4-9681-ca09-7b17951b2503,1,2784572,2784583,2787764,2787125,3181,3192,11,0,0,0
2789063,b5e9489c-a331-c4b0-7181-38900e592949,1,2731686,2731686,2789063,2784917,57377,57377,0,0,0,0
2789884,fdab0afa-dbc7-945d-4994-41c5ad8f6932,1,2789195,2789204,2789884,2789593,680,689,9,0,0,0
2790147,597278c5-1789-be63-6746-5743897b303d,1,2789144,2789144,2790147,2789703,1003,1003,0,0,0,0
2790582,b3932fb8-4fd4-c793-016f-2931fa1b1bac,1,2789928,2789944,2790582,2790397,638,654,16,0,0,0
2791031,ddbb3fa4-0679-c4f2-2d92-38a459225b53,1,2790310,2790360,2791031,2791072,671,721,50,0,0,0
2791148,939d1b61-20d1-20ae-b0f9-08d240c06d72,1,2790290,2790300,2791148,2791262,848,858,10,0,0,0
2791220,5415668e-4f75-c3d1-9610-7189016ff44c,4,2766827,2766827,2791220,2800390,24393,24393,0,0,0,0
2791187,506801b9-c22a-899a-71b3-1c9198063af9,1,2790444,2790500,2791187,2791148,687,743,56,0,0,0
2791260,d7f64255-cf97-9ff0-7afd-0718ebced334,1,2790120,2790120,2791260,2791006,1140,1140,0,0,0,0
2791263,394b5d35-df37-7ff8-5532-7432b118cad6,1,2790226,2790240,2791263,2791382,1023,1037,14,0,0,0
2791519,60094db3-b265-293e-4531-4fd0ac01e53d,1,2779831,2779831,2791519,2790591,11688,11688,0,0,0,0
2791650,52a80809-20d1-9fc0-41c1-aee2e7235658,1,2731610,2731610,2791650,2766564,60040,60040,0,0,0,0
2791684,b62a7941-59dc-be0f-f168-5db847d28391,1,2790985,2791043,2791684,2791884,641,699,58,0,0,0
2791987,b371d64d-fe87-a17b-4376-bff9dd3a0936,1,2789226,2789264,2791987,2791973,2723,2761,38,0,0,0
2792107,4c1e172a-15e9-bee4-4e14-39774d126ab1,1,2788312,2788370,2792107,2791812,3737,3795,58,0,0,0
2792191,581ab26c-e8c3-5a79-504e-54acbe216c79,1,2790016,2790016,2792191,2792031,2175,2175,0,0,0,0
2792823,cfd42949-e33e-a976-5862-5813b28d7506,1,2790440,2790440,2792823,2793595,2383,2383,0,0,0,0
2793211,18e824e9-cb2f-bbc3-d21b-f7334eada8d3,1,2784583,2784583,2793211,2794597,8628,8628,0,0,0,0
2793273,dc05ae03-d3f4-71e7-2cba-1bc6289a5e38,1,2788384,2788430,2793273,2793552,4843,4889,46,0,0,0
2793273,c5954f39-cc5d-86e4-bbc1-0bbeed1c4d70,1,2790983,2790983,2793273,2792821,2290,2290,0,0,0,0
2793305,db9a0eb7-b48c-531b-4eeb-87ffc064f074,1,2784656,2784713,2793305,2797225,8592,8649,57,0,0,0
2793387,a87d21ff-f1fa-7e6a-fa23-6dbb6c4d1774,1,2791177,2791223,2793387,2792772,2164,2210,46,0,0,0
2793481,33a51ac6-c461-994d-609c-fe40c5bca449,1,2780613,2780613,2793481,2797812,12868,12868,0,0,0,0
2793505,5450c61f-10e2-b676-6822-d1288c61e59f,1,2784867,2784867,2793505,2790226,8638,8638,0,0,0,0
2793544,51f4a724-9950-3858-08ca-c260b3f5a21c,1,2784871,2784927,2793544,2791091,8617,8673,56,0,0,0
2793671,68054a24-f785-dcc1-38e5-91c417d2efe7,1,2785051,2785051,2793671,2792574,8620,8620,0,0,0,0
2793706,3464fd00-ea21-0067-ccf1-493afbb8704e,1,2785170,2785171,2793706,2796224,8535,8536,1,0,0,0
2793724,d145bd7f-d15b-5a37-105f-86aa974e8f83,1,2785109,2785111,2793724,2797795,8613,8615,2,0,0,0
2793731,279163f4-0208-8c91-8f90-9d9dd23c7585,1,2785109,2785111,2793731,2791332,8620,8622,2,0,0,0
2793785,6070b244-c5c0-1d05-2d37-ba8ce7c8f28d,1,2785108,2785111,2793785,2794221,8674,8677,3,0,0,0
2793837,e0b4659a-09fe-4cdd-998d-65ba9d6022c5,1,2785169,2785171,2793837,2793697,8666,8668,2,0,0,0
2794066,3862abcf-db34-37bb-690a-a98bfa87fba5,1,2785536,2785536,2794066,2792482,8530,8530,0,0,0,0
2794121,6d658f44-6928-cf38-a469-db2c1e8343bf,1,2785459,2785459,2794121,2796950,8662,8662,0,0,0,0
2794263,181af69a-16cf-a211-54f0-327b1e978ef7,1,2785684,2785694,2794263,2790317,8569,8579,10,0,0,0
2794323,690a7b80-af8d-888d-9811-70c1d8d2660e,1,2785748,2785754,2794323,2795452,8569,8575,6,0,0,0
2794607,1d2d1771-6e3d-2494-5675-c8f3104c6350,1,2785634,2785634,2794607,2798473,8973,8973,0,0,0,0
2794600,3ef7839f-8df4-097b-d8f8-001856fe4769,1,2785639,2785694,2794600,2798354,8906,8961,55,0,0,0
2794682,4f10aae3-b518-174f-c587-4243cbd10fdc,1,2790528,2790560,2794682,2796063,4122,4154,32,0,0,0
2795107,3e3869e2-0df6-3417-bd55-38c71cc464ed,1,2788373,2788430,2795107,2792885,6677,6734,57,0,0,0
2795769,c70c15e3-b51e-e0dd-5ec2-322ff978d269,1,2793109,2793109,2795769,2796187,2660,2660,0,0,0,0
2796033,ca77736e-80fd-963d-f3d3-6295ee6bcb89,1,2791225,2791283,2796033,2797894,4750,4808,58,0,0,0
2797072,f47e3ca0-723f-d85a-e57b-084d2b0582e0,1,2747319,2747374,2797072,2815212,49698,49753,55,0,0,0
2797150,ec1f41ce-57b9-4dfb-af82-e70cb9644e4f,1,2746752,2746769,2797150,2811288,50381,50398,17,0,0,0
2797160,dfcc8eb4-bfbe-0892-23ce-37db7cb8b49d,1,2747139,2747139,2797160,2782968,50021,50021,0,0,0,0
2797260,d4018a45-ec1a-1adc-4a36-a7c0f0cc4f56,1,2747314,2747314,2797260,2801671,49946,49946,0,0,0,0
2797491,aed0cbcf-c630-5536-b677-9a11e403999b,1,2747346,2747374,2797491,2782314,50117,50145,28,0,0,0
2797529,5719d3e4-16d1-d768-1c83-90ba1672380e,1,2793625,2793661,2797529,2798835,3868,3904,36,0,0,0
2797579,651a6277-017f-319f-0496-179588ccddbc,1,2747319,2747374,2797579,2805131,50205,50260,55,0,0,0
2797630,b8f73fad-9937-c931-c333-59b960857b5f,4,2635129,2635178,2797630,2726406,162452,162501,49,0,0,0
2797728,cf3ee4aa-594f-fd27-5dcd-0d40d6415102,1,2747636,2747653,2797728,2793752,50075,50092,17,0,0,0
2797738,3ed1d8f8-153d-2c6b-1790-834b8b3236d6,1,2747804,2747804,2797738,2802822,49934,49934,0,0,0,0
2797828,e2ba9fce-aebb-af9c-0a35-653cf57a431e,4,2635118,2635118,2797828,2875588,162710,162710,0,0,0,0
2797838,13f39289-4dcc-b05d-d59e-f0fd1204f4d6,4,2635126,2635178,2797838,2793568,162660,162712,52,0,0,0
2797992,2ad9c360-84bb-af7a-9711-35452e2fcae7,1,2747981,2747981,2797992,2799589,50011,50011,0,0,0,0
2798160,8702f4ad-cca3-a4c4-2e49-82cf7c239ebc,1,2747593,2747593,2798160,2811872,50567,50567,0,0,0,0
2798231,5fcf5c22-b9b0-3c1a-baf9-706d802ddcc4,1,2794968,2794968,2798231,2799417,3263,3263,0,0,0,0
2798417,2c21f1ed-f4a9-85b0-11c3-7e19dbfeed4a,1,2747991,2748041,2798417,2792688,50376,50426,50,0,0,0
2798660,c8a6a005-2463-463c-2493-16b4ca8c5366,1,2747137,2747139,2798660,2809889,51521,51523,2,0,0,0
2798828,15b5bc25-eb7c-d628-ecb9-48f7ec5eac70,1,2747807,2747864,2798828,2775113,50964,51021,57,0,0,0
2799557,6bca4f86-6500-f793-2238-dfc60a4e3ccf,1,2783797,2783808,2799557,2793123,15749,15760,11,0,0,0
2801950,0c90e028-4185-300d-971d-f5fdb38950ce,4,2800122,2800122,2801950,2802598,1828,1828,0,0,0,0
2802090,6b1d20b9-8954-fc3d-210f-2a8a1c59b736,1,2777943,2777986,2802090,2809075,24104,24147,43,0,0,0
2802339,b062166c-79db-f3f9-0b4e-c2ee3dbff049,8,2518892,2518892,2802339,2886687,283447,283447,0,0,0,0
2803439,a5accd5a-48f1-8eed-6703-7089c78cd2c3,1,2746733,2746769,2803439,2784360,56670,56706,36,0,0,0
2803697,82278cac-0cfe-7cdf-e872-c5573d9049bb,1,2794824,2794824,2803697,2803280,8873,8873,0,0,0,0
2805891,df823a94-8114-0235-f5b4-aee10836a865,1,2793629,2793661,2805891,2808333,12230,12262,32,0,0,0
2813676,d5cf18c2-c418-8fea-801e-59011f16a10e,1,2796571,2796571,2813676,2812162,17105,17105,0,0,0,0
2816368,1b3f0866-d590-42df-8470-f4aeaeadd1dc,8,2518707,2518707,2816368,2900296,297661,297661,0,0,0,0
2825302,5e8a35cb-afb7-19ba-996d-9303e3a060f1,1,2824680,2824680,2825302,2825117,622,622,0,0,0,0
2827254,30bdf7be-5149-7675-8573-b517cb508544,1,2824295,2824339,2827254,2826823,2915,2959,44,0,0,0
2827268,c4bfa424-3060-4ccf-f979-549bc44c5c78,1,2824279,2824279,2827268,2825936,2989,2989,0,0,0,0
2830434,a1497b65-cbf7-8eb1-7d7f-2fed7c2ce385,1,2822777,2822777,2830434,2830323,7657,7657,0,0,0,0
2830483,b9add00a-ec64-8a9b-3cf1-c29e09b4413c,1,2822777,2822777,2830483,2830913,7706,7706,0,0,0,0
2830483,660237ed-aa42-9203-5c78-4ca4f0e4ca0b,1,2822861,2822897,2830483,2827129,7586,7622,36,0,0,0
2830508,b75901d0-3036-781c-c0d9-8272e52e1409,1,2822803,2822837,2830508,2828210,7671,7705,34,0,0,0
2830525,386e995d-3b01-4893-3d9d-38e36e078bdc,1,2822862,2822897,2830525,2832078,7628,7663,35,0,0,0
2830660,d06d3943-c8b3-815e-7664-704355c9bf0f,1,2822842,2822897,2830660,2831761,7763,7818,55,0,0,0
2830970,1259d654-86ad-ab8e-d63b-ca599d8d2752,1,2823256,2823256,2830970,2828622,7714,7714,0,0,0,0
2830930,ce3ce7ce-01a6-c260-efc0-8273fd397fe7,1,2823351,2823376,2830930,2827620,7554,7579,25,0,0,0
2831119,567b9583-e679-3a4b-73ce-cf7c90d5e87e,1,2823406,2823436,2831119,2831314,7683,7713,30,0,0,0
2831211,af326af5-78cf-536a-a020-72d991be0c2a,1,2823534,2823534,2831211,2834073,7677,7677,0,0,0,0
2831218,7aededf4-6f30-2743-020e-2e6abcc8509b,1,2823561,2823594,2831218,2834500,7624,7657,33,0,0,0
2831378,53cc6b95-c689-5836-4f73-ab1c860c7b68,1,2823600,2823654,2831378,2830204,7724,7778,54,0,0,0
2831397,13fc927f-7237-cf5b-36fc-1c4679ebb8bb,1,2823260,2823316,2831397,2834821,8081,8137,56,0,0,0
2831429,8121c051-c09c-a132-8235-00f97e33e68f,1,2823353,2823376,2831429,2827355,8053,8076,23,0,0,0
2831766,cd602879-f79b-1079-abb8-fe95f077671b,1,2824107,2824107,2831766,2834970,7659,7659,0,0,0,0
2831803,f83811c5-4a32-1d2a-e55e-c749795235ad,1,2824040,2824040,2831803,2828397,7763,7763,0,0,0,0
2831813,ba2c43ec-43f8-4fcf-0997-0b27dbdcfb3d,1,2824110,2824167,2831813,2829682,7646,7703,57,0,0,0
2832139,3499a783-9b47-1e77-7133-5445d695847a,1,2824112,2824167,2832139,2830261,7972,8027,55,0,0,0
2833372,d4022243-ec35-fb0c-5612-66fbe4a6bf51,1,2830237,2830291,2833372,2833566,3081,3135,54,0,0,0
2835520,469ff562-8052-0405-fa84-bb5ffa6e3743,1,2830231,2830231,2835520,2834651,5289,5289,0,0,0,0
2839550,764d7e7c-8e49-d0f9-2cc5-c9de6a1d9731,2,2838774,2838823,2839550,2839584,727,776,49,0,0,0
2839793,1e32e3e1-5058-1a4a-5771-3fff49714ec3,1,2839068,2839068,2839793,2839750,725,725,0,0,0,0
2839981,55f8bbb8-c3dc-5b92-f95c-a96d85ee751c,1,2839216,2839216,2839981,2839822,765,765,0,0,0,0
2840760,340a22d7-00bb-d543-5c98-fd573c359ce2,1,2839752,2839752,2840760,2840500,1008,1008,0,0,0,0
2841605,698f546d-5f29-0290-d848-5a54531c8812,1,2840388,2840443,2841605,2841828,1162,1217,55,0,0,0
2841786,ab1f5666-f52a-72c4-c1fb-0bf53e8a1072,1,2840332,2840383,2841786,2842156,1403,1454,51,0,0,0
2841797,2024c407-3447-c34a-f032-c262243b7101,2,2323680,2323680,2841797,2716668,518117,518117,0,0,0,0
2841919,47543604-aa9b-64ba-3b4f-068eecad122d,1,2840497,2840503,2841919,2841357,1416,1422,6,0,0,0
2842416,0dfabe46-dbd3-e865-8f38-1c01d5ce0626,1,2838677,2838677,2842416,2840856,3739,3739,0,0,0,0
2843006,7447f8a1-2734-0be8-e609-2042eb5f8944,1,2840146,2840146,2843006,2844164,2860,2860,0,0,0,0
2843169,ea299a22-9914-857d-b62f-b6ee172dc647,1,2842109,2842160,2843169,2843443,1009,1060,51,0,0,0
2843482,4f66a914-0563-5b30-4834-0d51a5c6c5ae,1,2813720,2813736,2843482,2848714,29746,29762,16,0,0,0
2843615,614996d1-01db-80b4-0422-1bf274faebdd,1,2838784,2838823,2843615,2843692,4792,4831,39,0,0,0
2843777,380bd4cb-18b6-66f8-4ba0-768a7b2021f7,1,2841980,2841980,2843777,2843593,1797,1797,0,0,0,0
2843864,16251089-f340-e6f1-33be-8942e24f908a,1,2838763,2838763,2843864,2845481,5101,5101,0,0,0,0
2844341,253741e4-0966-8d08-5959-5d27a73d2746,1,2840323,2840323,2844341,2844188,4018,4018,0,0,0,0
2844502,09e218a7-6504-95b5-9232-78bf56688530,1,2813774,2813796,2844502,2839038,30706,30728,22,0,0,0
2845758,dedcc2ff-53d4-7caf-11bb-797af464a31f,8,2809324,2809324,2845758,2848268,36434,36434,0,0,0,0
2846674,c19bf990-5247-a092-d93e-eb082fe26180,1,2844206,2844206,2846674,2847077,2468,2468,0,0,0,0
2846805,114c440d-675d-b93b-d473-6d379e12d7cf,1,2843442,2843442,2846805,2847996,3363,3363,0,0,0,0
2847166,e8b81813-e672-abf5-0110-783e3dd6831b,1,2842892,2842892,2847166,2847742,4274,4274,0,0,0,0
2847800,c4376d89-5a4e-b9f3-ad2e-4db89defc23f,1,2843968,2843968,2847800,2847952,3832,3832,0,0,0,0
2848295,2518ec09-efdd-6a87-c8c6-21bee1228e75,8,2812009,2812009,2848295,2842571,36286,36286,0,0,0,0
2848632,d8528abb-1a87-3c25-629f-1962ebd795f5,1,2777866,2777866,2848632,2869015,70766,70766,0,0,0,0
2848776,8a6342ca-56b7-979e-e46a-0b429cfecbd8,1,2807343,2807343,2848776,2868010,41433,41433,0,0,0,0
2849152,3c9b3b84-cb4a-ddc6-8509-6c7855660d8e,1,2845290,2845290,2849152,2849031,3862,3862,0,0,0,0
2851161,14c08edd-95f9-a545-a315-0039ced7430d,1,2813872,2813916,2851161,2838556,37245,37289,44,0,0,0
2851256,0265a223-71cf-d772-3167-d947efadf069,1,2814916,2814916,2851256,2841453,36340,36340,0,0,0,0
2851317,e879c9a6-0ae9-eacc-71c9-66b39eb03954,1,2813828,2813856,2851317,2854738,37461,37489,28,0,0,0
2918787,c9f279a8-138c-f37a-cc76-864ab61831c5,1,2890850,2890893,2918787,2926438,27894,27937,43,0,0,0
2920711,43d643ed-236e-b832-27f6-a2ac5b0c4170,1,2890638,2890638,2920711,2927582,30073,30073,0,0,0,0
2922358,42bb8f63-4145-8abc-8cc2-e0f013093c17,1,2890833,2890833,2922358,2907805,31525,31525,0,0,0,0
2925105,25e36ccd-dca5-24f2-51bf-c946205474fa,1,2919801,2919801,2925105,2924809,5304,5304,0,0,0,0
2938416,fcc2ed18-92ae-f13c-963b-d56405e514ff,1,2918615,2918615,2938416,2938261,19801,19801,0,0,0,0
2939054,7aa1219a-7a93-98bb-acdb-d5f27b44acd0,1,2908048,2908048,2939054,2927387,31006,31006,0,0,0,0
2942093,c1ff9427-9477-d9d7-d265-80c067dfc9af,1,2915840,2915840,2942093,2952202,26253,26253,0,0,0,0
2944099,56b243cd-da26-ec89-64b5-6f4e08335cee,1,2923692,2923692,2944099,2934637,20407,20407,0,0,0,0
2946036,65ebd4dc-b49b-4b72-c631-9c165827bc1d,1,2943371,2943371,2946036,2946576,2665,2665,0,0,0,0
2946229,615eca80-0d0b-6920-dd46-0c9117478b5c,1,2945613,2945613,2946229,2946193,616,616,0,0,0,0
2946797,bffbce28-7933-ea49-2c7c-41067d845537,1,2945658,2945673,2946797,2946805,1124,1139,15,0,0,0
2947017,d789c624-5e14-901b-fea5-9d94998c603a,1,2945977,2945977,2947017,2946921,1040,1040,0,0,0,0
2946994,13865151-b092-1979-0434-d8b88ffbc222,1,2946225,2946225,2946994,2947190,769,769,0,0,0,0
2947051,e476231a-ecdf-d364-bdce-7f651a0a7680,8,2928190,2928190,2947051,2953367,18861,18861,0,0,0,0
2947328,23e8bb05-05ec-647e-eec4-32d0bf660225,2,2900971,2900971,2947328,2952004,46357,46357,0,0,0,0
2947429,6b2afb3a-1b38-51ad-8b21-cf12a284598a,1,2871781,2871781,2947429,2929589,75648,75648,0,0,0,0
2947582,60fba34c-3701-a2fd-f09f-e5ab5813d72f,1,2946041,2946097,2947582,2946791,1485,1541,56,0,0,0
2949311,2ce6f908-cece-a5d3-5ea9-09ef7257dcb6,1,2947242,2947242,2949311,2948659,2069,2069,0,0,0,0
2949361,a8be6c80-26b0-d2c9-bd2c-f4eb977e3f2c,4,2940765,2940765,2949361,2953175,8596,8596,0,0,0,0
2949344,0c5c9940-5753-7534-7e48-7b1c4c1f088f,1,2947687,2947702,2949344,2949134,1642,1657,15,0,0,0
2949554,5415c636-9979-ba46-f580-8b5975b568d7,1,2946863,2946911,2949554,2949446,2643,2691,48,0,0,0
2949933,700ea842-f334-685d-b6ad-478c3e06f427,1,2949265,2949265,2949933,2950112,668,668,0,0,0,0
2950032,2c613d5c-8af4-1753-923f-128ee67882ae,1,2947969,2947969,2950032,2949920,2063,2063,0,0,0,0
2950082,31dae817-4937-b90f-84a5-b18bcdcd0a34,4,2941190,2941190,2950082,2953366,8892,8892,0,0,0,0
2950071,cb618d75-aa96-4dfb-e79b-265ab15f3994,1,2946922,2946971,2950071,2949660,3100,3149,49,0,0,0
2950236,4a7d6fa1-1d9d-db86-4253-fb27393aa0a9,1,2947597,2947642,2950236,2949840,2594,2639,45,0,0,0
2951289,6669f679-2d78-f04b-df93-55acec8566f0,1,2908074,2908108,2951289,2958955,43181,43215,34,0,0,0
2951575,0b3b81a9-ddd6-52a8-6925-f2d53b36c46e,1,2915353,2915377,2951575,2935338,36198,36222,24,0,0,0
2951831,447809c0-b129-9cb7-8b24-8c7e0e4ddb72,1,2947889,2947889,2951831,2953433,3942,3942,0,0,0,0
2952240,fa926f97-bd87-ff11-21ca-afcd23a2f59c,1,2950290,2950296,2952240,2951327,1944,1950,6,0,0,0
2952376,11925880-301d-b817-6673-d42dc7af75de,1,2950262,2950296,2952376,2952307,2080,2114,34,0,0,0
2952835,995fa798-1f31-63fa-9c93-92456dd2c683,1,2950018,2950053,2952835,2954115,2782,2817,35,0,0,0
2953010,7b4d8646-58e0-058f-e8af-301f4f45f6f7,1,2915512,2915527,2953010,2962919,37483,37498,15,0,0,0
2952999,22087d01-f41c-7c7d-0319-f3694d8b876a,1,2947631,2947642,2952999,2954930,5357,5368,11,0,0,0
2953361,0692fe02-238c-8712-eccf-3b91e35209a0,1,2908258,2908258,2953361,2951990,45103,45103,0,0,0,0
2954070,589a2b88-cd2e-6c8b-2436-c8dec40cfbde,1,2950951,2950974,2954070,2954724,3096,3119,23,0,0,0
2956432,97d20300-97f3-1baf-01fe-1d86e545fcc6,1,2949672,2949674,2956432,2954266,6758,6760,2,0,0,0
2957316,481186e9-1625-34ca-9b47-e6394d2551eb,1,2954065,2954065,2957316,2957894,3251,3251,0,0,0,0
2958846,f12d0664-dd65-5951-352a-a2af2b5457b7,1,2950633,2950633,2958846,2959068,8213,8213,0,0,0,0
2959906,555b9d60-8851-0075-3dbd-210bc2490241,1,2951123,2951123,2959906,2962674,8783,8783,0,0,0,0
2960109,c95d2093-f2e2-0d2f-caf3-c094b61ed8af,8,2949175,2949175,2960109,2955927,10934,10934,0,0,0,0
2960256,7c8c9267-3c55-ad3a-4ed9-92e01e4415f4,8,2949390,2949445,2960256,2957231,10811,10866,55,0,0,0
2960346,972a355c-fe5e-9b1c-875b-2fe1e3bbeeb7,8,2949401,2949445,2960346,2960792,10901,10945,44,0,0,0
2960510,f5f3943a-e8e7-f030-0203-83406372d635,1,2950343,2950356,2960510,2960160,10154,10167,13,0,0,0
2961038,592aa87b-fd85-3cf8-7932-28b9ad8ac4bc,1,2734111,2734114,2961038,2991993,226924,226927,3,0,0,0
2964778,4ff85111-f875-1fd4-6d2c-cf42271a919f,1,2953662,2953675,2964778,2966838,11103,11116,13,0,0,0
2965403,9bfc24bd-b647-d58d-ba68-f42949af5000,1,2949855,2949855,2965403,2962712,15548,15548,0,0,0,0
2969165,bbd0fe6c-6108-ffcc-8186-722ba355ad05,1,2967379,2967379,2969165,2969177,1786,1786,0,0,0,0
2971457,2ab8c610-e7e3-99b8-518d-a4887d5704df,8,2949297,2949325,2971457,2964036,22132,22160,28,0,0,0
2972689,c2b8efc0-d76a-64da-4fbd-b62246c9ae33,1,2969626,2969626,2972689,2971154,3063,3063,0,0,0,0
2973817,53ad132c-0131-771e-0338-57e4877478d3,4,2946553,2946553,2973817,2965376,27264,27264,0,0,0,0
2974164,8c57a277-01d9-09b4-cbf8-f29e3b30ee97,1,2962337,2962337,2974164,2970300,11827,11827,0,0,0,0
2974391,7c08a960-26c4-51fd-7859-7bc643e9c94c,1,2949613,2949614,2974391,2986057,24777,24778,1,0,0,0
2974532,42f76d43-b818-0f1c-58a3-2011f1624df9,1,2949792,2949794,2974532,2978661,24738,24740,2,0,0,0
2974576,f530c98d-6c7f-7bef-b086-47e1fa647958,1,2949723,2949734,2974576,2969393,24842,24853,11,0,0,0
2974722,6fb0d297-7daf-638b-053f-1a4361874fa9,1,2949723,2949734,2974722,2986734,24988,24999,11,0,0,0
2974884,13ad3ead-816e-bf32-2077-5ce4151f62f9,1,2949791,2949794,2974884,2982513,25090,25093,3,0,0,0
2974894,9ab2b735-83f0-6e7d-dfaa-8505b0acb9ba,1,2949944,2949993,2974894,2967931,24901,24950,49,0,0,0
2975012,bb8cea35-1bc4-7161-2ff7-9a573183eab0,1,2949644,2949674,2975012,2974838,25338,25368,30,0,0,0
2975030,34b6685d-acd4-180a-b0dc-75fb199d5089,1,2949970,2949993,2975030,2965150,25037,25060,23,0,0,0
2975103,19ed59a5-9e85-e4d4-9ec6-20e0e143a0ad,1,2950241,2950296,2975103,2977234,24807,24862,55,0,0,0
2975114,40c37cbc-3d5b-6535-abed-e2b6c9eef97c,1,2973421,2973421,2975114,2975864,1693,1693,0,0,0,0
2975144,5c85a58c-d029-0d6b-ebe5-5cc408d57cf7,1,2950248,2950296,2975144,2978326,24848,24896,48,0,0,0
2975215,c47d336f-2e8f-2f7f-20a6-2edffea95b73,1,2950372,2950416,2975215,2977905,24799,24843,44,0,0,0
2975349,fabf8aef-608d-4b54-1913-0b900286675d,1,2950375,2950416,2975349,2977523,24933,24974,41,0,0,0
2975353,06a4093b-49d6-93b1-8593-53fa25e4e633,1,2950312,2950356,2975353,2965873,24997,25041,44,0,0,0
2975685,8ec29e07-ee0c-2303-79c1-1c4a639817e5,1,2950854,2950854,2975685,2970577,24831,24831,0,0,0,0
2975709,d7d3b9d9-4c85-9233-8325-bd9ebf98e734,1,2950740,2950740,2975709,2965344,24969,24969,0,0,0,0
2975863,8677b81d-1902-c93b-6947-9974030fe73e,1,2950309,2950356,2975863,2965896,25507,25554,47,0,0,0
2976289,5f88fe99-a014-7ab9-6755-e34c4e5a4392,1,2975617,2975640,2976289,2976265,649,672,23,0,0,0
2977466,e8239943-7dec-4605-2deb-57f96acac954,1,2974458,2974458,2977466,2978361,3008,3008,0,0,0,0
2977568,01b8c14a-fd68-a5d7-d37a-430a2f2aa5e8,1,2975580,2975580,2977568,2978057,1988,1988,0,0,0,0
2979907,1b5d3449-8abe-2e04-67ee-dfe95c72e5ca,1,2978830,2978844,2979907,2979733,1063,1077,14,0,0,0
2980175,316482fe-10a0-e260-0fbd-6062ab6d9aa8,1,2939462,2939462,2980175,2979751,40713,40713,0,0,0,0
2980242,8bc15738-ff1b-f6a0-a8ec-b6a17233bf8c,1,2979570,2979609,2980242,2980093,633,672,39,0,0,0
2980273,4814e14e-b5bc-1efc-47e4-02c5e05a2a8a,1,2978784,2978784,2980273,2979613,1489,1489,0,0,0,0
2981638,aea03292-6bf7-d125-a571-f542e485a118,1,2978173,2978221,2981638,2982508,3417,3465,48,0,0,0
2982889,257c54bc-4024-c424-aef2-ab2f495fa2fc,1,2977967,2977967,2982889,2981684,4922,4922,0,0,0,0
2983726,2207cb65-b197-aed1-c57a-e3fff8ed08ae,1,2982632,2982632,2983726,2983175,1094,1094,0,0,0,0
2984217,e0c2442e-eb38-fcdf-4fd8-2aba0a6dc4ac,1,2982124,2982124,2984217,2985220,2093,2093,0,0,0,0
2984971,a52680b3-e8bc-d007-747c-76903ec8f48e,1,2980878,2980878,2984971,2984746,4093,4093,0,0,0,0
2985342,5f9cb7e0-6328-143e-2d95-63ed747a4829,1,2939491,2939522,2985342,2964650,45820,45851,31,0,0,0
2986943,b8a35c0c-4486-6697-1c1d-73b3250a8bc0,1,2984307,2984317,2986943,2986086,2626,2636,10,0,0,0
2988181,332ac35a-833d-3df1-5e11-a680d5016ada,8,2951856,2951891,2988181,2991767,36290,36325,35,0,0,0
2989119,1a5ca752-2705-1d96-97b7-32b313d579ae,1,2981856,2981856,2989119,2989029,7263,7263,0,0,0,0
2989159,45f72e6c-7b70-8f15-ebfb-c97aeefa4d76,1,2981968,2981976,2989159,2991820,7183,7191,8,0,0,0
2990888,043486c3-a64d-cc1d-16f2-83191a936d0c,8,2989732,2989732,2990888,2991367,1156,1156,0,0,0,0
2991223,0182144d-5b12-0b1b-0eb8-1b177cff07e3,1,2987305,2987328,2991223,2989349,3895,3918,23,0,0,0
2991561,3ee79d31-feef-21f8-e0b6-2f900adbc4ff,1,2983335,2983335,2991561,2990674,8226,8226,0,0,0,0
2992070,b1b2b9c6-7120-721e-86cd-6214237befd1,1,2969636,2969686,2992070,2994060,22384,22434,50,0,0,0
2992127,7a14cf98-611e-6047-790a-474e6185e21b,4,2778738,2778738,2992127,3056489,213389,213389,0,0,0,0
2992668,123c6a29-969b-6b4b-fcce-3ef8a41bc4c2,1,2983226,2983226,2992668,2994243,9442,9442,0,0,0,0
2992689,471b0cc7-e233-c597-f129-ed2f25ec77e4,1,2981984,2982036,2992689,2990436,10653,10705,52,0,0,0
2992777,77ed78d9-a82e-6889-b717-4acfd7abed02,1,2983041,2983074,2992777,2988864,9703,9736,33,0,0,0
2993019,15c52392-44e8-31e1-3d86-9ad2084930a1,1,2981881,2981916,2993019,2995638,11103,11138,35,0,0,0
2995491,b1757e7d-f545-752a-13b8-ec305b693697,1,2980919,2980938,2995491,2997388,14553,14572,19,0,0,0
2996190,f0657d73-0e0e-c75e-1b48-732fdbd0f097,8,2991047,2991047,2996190,2997998,5143,5143,0,0,0,0
2997960,c509d558-0632-6b36-a7c8-f0c59808552c,1,2996052,2996052,2997960,2998608,1908,1908,0,0,0,0
2998195,01a4c2d1-4edf-aa12-b2f2-40e365e1605b,1,2987268,2987268,2998195,3000527,10927,10927,0,0,0,0
2998949,24784b7d-51ee-3cc8-1947-4d1a63d316c1,1,2994605,2994605,2998949,2998520,4344,4344,0,0,0,0
2999909,6ef7ffc3-7ce2-8b5b-b8d8-f272f429c05d,1,2994646,2994665,2999909,2999807,5244,5263,19,0,0,0
3000619,6e15c527-fe2a-0cbc-927a-e04ef58b8c61,1,2978161,2978161,3000619,2999102,22458,22458,0,0,0,0
3000752,4cca3dda-7cbb-2627-9929-c7c73709d7d3,1,2999143,2999143,3000752,3000074,1609,1609,0,0,0,0
3000864,c5b86c82-379c-c41a-eb7d-2448efb18149,1,2994644,2994665,3000864,3002329,6199,6220,21,0,0,0
3001669,9b465e04-b4cf-dcd7-32a1-c14d46a49f8d,1,2983369,2983395,3001669,2994368,18274,18300,26,0,0,0
3001704,78ac9c5e-5b5c-87cf-560d-cb39db988c39,1,3000998,3001027,3001704,3001388,677,706,29,0,0,0
3001925,92a97acd-3d88-4938-6ad6-5b8c3a38b844,1,2994758,2994785,3001925,3003639,7140,7167,27,0,0,0
3002130,95284c0a-cb6b-f562-2488-c84d99d090fd,1,2994677,2994725,3002130,3001097,7405,7453,48,0,0,0
3002129,a7e29299-2bf6-d915-0367-ee2c1ddea07d,1,3000797,3000827,3002129,3001742,1302,1332,30,0,0,0
3002150,bb64a525-bc65-3d94-256d-4d11f7bd8499,1,3000967,3000967,3002150,3001716,1183,1183,0,0,0,0
3002106,699fdb02-bcdd-0b48-3cb3-c9fa191abb3d,1,3001473,3001473,3002106,3002174,633,633,0,0,0,0
3002192,12767d13-f093-8776-d116-d014a5850828,1,3001238,3001286,3002192,3002032,906,954,48,0,0,0
3002858,ded89c47-bb88-854e-7f96-8d71818270d2,1,3001226,3001226,3002858,3002358,1632,1632,0,0,0,0
3003073,0528d309-6a56-587d-bb8e-37e2c32bba73,1,3002227,3002285,3003073,3003069,788,846,58,0,0,0
3003299,f66c7331-a172-2ee3-c3e1-847c8420e0d8,1,3002666,3002666,3003299,3003562,633,633,0,0,0,0
3003320,75757602-2d02-223f-ed25-32e51d0678b7,1,2987537,2987537,3003320,2999444,15783,15783,0,0,0,0
3003324,294d43ed-2da1-afda-fe65-6dcc6abdb05a,1,3001539,3001539,3003324,3003089,1785,1785,0,0,0,0
3003563,b1f0b429-d54f-bd02-3976-c6377e9716ad,1,3001115,3001115,3003563,3003438,2448,2448,0,0,0,0
3003595,3aa06694-0610-c42d-c024-1ac149d83188,1,3000708,3000767,3003595,3004418,2828,2887,59,0,0,0
3003588,3ad0190f-0dc5-5340-e69c-db5b207495ab,1,3002311,3002345,3003588,3003691,1243,1277,34,0,0,0
3003634,f2fda085-091f-73f3-a046-d4d3e0a8a8af,1,3002183,3002225,3003634,3003189,1409,1451,42,0,0,0
3004119,c921057c-3f05-557c-502e-d818013ca998,1,2994633,2994665,3004119,3002897,9454,9486,32,0,0,0
3004196,1e9d8b00-ca0d-e08e-ba90-2275c72bf2e8,8,2969122,2969122,3004196,2996107,35074,35074,0,0,0,0
3004394,346003a3-67db-5a91-c51f-cfef8305a8cb,1,3001698,3001729,3004394,3004716,2665,2696,31,0,0,0
3004474,473bccd4-84e6-078f-6e37-b72135ef2b60,1,2994776,2994785,3004474,3001749,9689,9698,9,0,0,0
3004779,56fb9a22-e2b6-ef5d-5805-2a559118b0e6,1,3002707,3002726,3004779,3005464,2053,2072,19,0,0,0
3005285,0b704f97-ded4-4617-114b-e8ca59410ea3,1,2994699,2994725,3005285,3009772,10560,10586,26,0,0,0
3005834,0267c983-f763-6b4d-cada-c12203748864,1,2994735,2994785,3005834,3006894,11049,11099,50,0,0,0
3006396,517fd316-20e5-8866-6338-0b421887fa69,1,3000707,3000707,3006396,3008083,5689,5689,0,0,0,0
3007073,08b9b2e9-4d81-c859-949e-24ad02d22ee7,1,3005180,3005180,3007073,3006674,1893,1893,0,0,0,0
3007141,f6558f35-244f-35c6-7489-0e8ce65dd443,1,3004102,3004132,3007141,3006112,3009,3039,30,0,0,0
3007188,8198d1f5-6839-f98f-2ccf-147242d7f112,1,3004393,3004393,3007188,3006354,2795,2795,0,0,0,0
3009186,f2ca2002-f650-8852-02bc-e2e0dfd5988e,1,3003875,3003875,3009186,3010795,5311,5311,0,0,0,0
3009305,7147f758-cdbe-5548-6a65-66e8fe1ad905,4,2964844,2964844,3009305,3009680,44461,44461,0,0,0,0
3009666,888e58e7-06b6-a5f4-19d4-5a552e7c77b0,1,3008755,3008755,3009666,3009719,911,911,0,0,0,0
3010345,efe739dd-6260-dcbe-a8de-eb1c281ec259,1,3008799,3008815,3010345,3010396,1530,1546,16,0,0,0
3010442,076c108d-214c-87b1-0cfc-64207192e443,1,3008129,3008129,3010442,3010605,2313,2313,0,0,0,0
3010467,da6b391d-6079-1657-97ec-147d53bfa311,1,3008500,3008500,3010467,3010046,1967,1967,0,0,0,0
3011241,bb63721d-1c45-eba3-8159-ace5fca91028,1,3007244,3007254,3011241,3010117,3987,3997,10,0,0,0
3011851,f105c2d8-7acc-7c3b-b90c-a4475352db34,1,3010334,3010334,3011851,3012106,1517,1517,0,0,0,0
3012258,71076f2e-0a71-5350-7eb2-7900ed5d6510,1,3011050,3011109,3012258,3011742,1149,1208,59,0,0,0
3012284,66e66f92-a0fc-1ea8-3310-401b9610b3cd,1,3009619,3009619,3012284,3011235,2665,2665,0,0,0,0
3012352,2e361846-b885-5367-33c7-024de84543c7,1,3010453,3010454,3012352,3013020,1898,1899,1,0,0,0
3012556,7ecc0177-fce8-f3f0-b54f-0f8a32823c8a,1,3011049,3011049,3012556,3011808,1507,1507,0,0,0,0
3013165,e182701b-2e3b-db69-8c2d-0e27c370f2e2,1,3012196,3012205,3013165,3013316,960,969,9,0,0,0
3013172,705faecd-2edf-f02e-7531-8081b4effa29,1,3012436,3012445,3013172,3012902,727,736,9,0,0,0
3013690,23fd6ade-c17f-cf19-16a3-48336bc152ad,1,3012683,3012685,3013690,3013931,1005,1007,2,0,0,0
3013729,f1224f43-c527-4f35-6dc5-60443016b62b,1,3012965,3012965,3013729,3013812,764,764,0,0,0,0
3013938,d8718196-093c-3582-037d-f82ef0a4be8a,1,3008440,3008440,3013938,3014283,5498,5498,0,0,0,0
3014636,90441ec6-5ef0-195e-e152-dc3a3894de06,1,3013639,3013639,3014636,3014507,997,997,0,0,0,0
3014740,8cb21aa2-1715-1c03-eb4f-36381190e515,1,3012468,3012505,3014740,3015641,2235,2272,37,0,0,0
3014964,60cb9e17-c93a-7471-ce9d-ef4ec7affa24,1,3004012,3004012,3014964,3014442,10952,10952,0,0,0,0
3015041,2553ff33-298b-fa25-103d-24cffdfbc585,1,3010875,3010921,3015041,3016263,4120,4166,46,0,0,0
3015950,8422c0cf-da36-433a-f3ab-d2467570d730,1,3012194,3012205,3015950,3017033,3745,3756,11,0,0,0
3016804,87352231-a469-5757-ba70-c9f6e9368ad0,1,3015782,3015824,3016804,3016663,980,1022,42,0,0,0
3016868,552dad08-c536-c0a2-4850-4c6b12cd1aeb,1,2979755,2979755,3016868,3033630,37113,37113,0,0,0,0
3016901,647ac591-5da6-4a3a-260c-cfb4c6735380,1,3012644,3012685,3016901,3015579,4216,4257,41,0,0,0
3017648,e70dc8b8-df33-1eb0-e8ff-561f3bc29d89,1,3004880,3004880,3017648,3020615,12768,12768,0,0,0,0
3018253,fccc1a7d-3a1b-ba9c-da07-f08e8a9fa5a1,1,3014294,3014341,3018253,3019452,3912,3959,47,0,0,0
3019093,d7aa0f83-59f6-864d-ffce-50b36151bd93,1,3010861,3010861,3019093,3016251,8232,8232,0,0,0,0
3021213,82d29bf8-61e3-178b-72eb-de4e95c4fab0,1,2979237,2979237,3021213,3003694,41976,41976,0,0,0,0
3022618,5b078b11-1896-9587-0e6b-bde0ed0d6017,1,3020377,3020377,3022618,3022128,2241,2241,0,0,0,0
3023161,0f9027d5-90f0-d47c-f4af-80050ba24c4f,1,3022012,3022012,3023161,3023501,1149,1149,0,0,0,0
3023359,e2ad828b-113c-9f25-0b3f-953a5e75788f,1,3006787,3006787,3023359,3023494,16572,16572,0,0,0,0
3023418,e2b6a842-d2a8-1922-6518-93471e910b71,1,2979816,2979875,3023418,3005383,43543,43602,59,0,0,0
3023916,9cac3d21-a5a8-c8af-8efb-d22aec511744,1,2979797,2979815,3023916,3017552,44101,44119,18,0,0,0
3024080,5fcc997d-1cbb-304b-2ccd-a2af4d64bb63,1,3015831,3015884,3024080,3022728,8196,8249,53,0,0,0
3024144,66ca0baf-3310-880a-6ee0-95d5c4a9d8ac,1,2979512,2979549,3024144,3023909,44595,44632,37,0,0,0
3024567,0d95ee72-46c3-e497-3546-9cb1a8c9aa31,1,3012455,3012505,3024567,3021853,12062,12112,50,0,0,0
3024970,073bca43-ad2a-3a7c-b4e1-0c33a1861de1,1,3024347,3024347,3024970,3024761,623,623,0,0,0,0
3025201,a5eea4a2-2cde-531f-5dce-8d9b5d96120d,1,3024369,3024407,3025201,3025228,794,832,38,0,0,0
3025241,d91b1cb6-35ea-bd3e-b77d-ff3ad3f04058,1,3024375,3024407,3025241,3025472,834,866,32,0,0,0
3026188,8c7e2904-4237-692a-c017-466e85f4c0a2,1,2979489,2979489,3026188,3024814,46699,46699,0,0,0,0
3026902,7fcbcf31-93ac-009a-2fc1-0403dcda8cc1,1,3012604,3012625,3026902,3025339,14277,14298,21,0,0,0
3028354,520b7950-dee4-254b-0afc-13fb6e8f19bc,1,3017936,3017936,3028354,3024217,10418,10418,0,0,0,0
3030591,e0b55615-d3b6-ef1b-74f7-6d09739cafa5,1,3014281,3014281,3030591,3034644,16310,16310,0,0,0,0
3031158,8b7fa47e-adc5-efc7-a07b-f99be08c82ea,1,3028961,3028961,3031158,3030416,2197,2197,0,0,0,0
3032007,a92f85fe-258f-cafc-c1cf-d878000c14a5,8,3018718,3018718,3032007,3031463,13289,13289,0,0,0,0
3032702,779d7db4-23ca-ef2f-79a7-59de2fb9950b,1,3032052,3032067,3032702,3032945,635,650,15,0,0,0
3032769,7458d92c-a1da-7c7a-9b88-26edff4a9185,1,3032088,3032127,3032769,3032632,642,681,39,0,0,0
3032947,7a4c38ef-3e0a-d66d-3f2d-bf97bc547d54,1,3032051,3032067,3032947,3033296,880,896,16,0,0,0
3033182,7f2632df-21c2-0510-b6b2-b13cb79f0581,1,3029021,3029021,3033182,3033691,4161,4161,0,0,0,0
3033271,62ed5403-88d4-5ff4-104f-3fc56400bb0e,1,3030569,3030569,3033271,3034247,2702,2702,0,0,0,0
3034795,7d9def75-1138-08db-6f2f-841100d190bd,4,3023076,3023076,3034795,3031655,11719,11719,0,0,0,0
3035293,8453d803-8519-469e-973d-a9cbab196705,8,3019582,3019582,3035293,3033140,15711,15711,0,0,0,0
3036515,41526bff-661b-9738-17b1-6c4361a2d612,1,3029034,3029081,3036515,3034292,7434,7481,47,0,0,0
3036922,47d1931c-f9f2-09ab-7d77-71f8a948ec66,1,3021924,3021924,3036922,3039303,14998,14998,0,0,0,0
3039081,b177116d-f203-7633-ac5d-d02dccc67ffd,8,3036349,3036350,3039081,3040082,2731,2732,1,0,0,0
3039989,c4c608eb-14ee-d987-95e7-c6e4413e84bd,1,3037886,3037886,3039989,3039918,2103,2103,0,0,0,0
3040386,1fb235c4-5abe-c3fa-81eb-7abba08262df,1,3037674,3037719,3040386,3040265,2667,2712,45,0,0,0
3041111,1df44d3e-f26f-9b19-5708-013e4b541670,1,3040087,3040087,3041111,3040637,1024,1024,0,0,0,0
3041337,e3a1af97-7785-2ddb-5552-7a3c164a9b18,1,3037683,3037719,3041337,3041629,3618,3654,36,0,0,0
3042323,db00ab4c-91e5-2e86-eefe-02c34276bfe1,1,3037659,3037659,3042323,3041924,4664,4664,0,0,0,0
3042575,d79570be-bf30-25c3-a2a3-00712c47a51f,1,3041557,3041557,3042575,3042266,1018,1018,0,0,0,0
3044985,524ec63c-1ab4-9e05-7dc1-dda00619feb0,1,3043942,3043987,3044985,3044669,998,1043,45,0,0,0
3045481,b4b2ce14-49b9-e124-a30b-d3b558fe7bd2,1,3044661,3044661,3045481,3045819,820,820,0,0,0,0
3046567,2f1fc132-426b-2236-e4a0-7521ab6dd0aa,1,3044335,3044335,3046567,3046095,2232,2232,0,0,0,0
3046862,5ba62f73-e9c4-1f0d-2fe6-8a5219a7361b,1,3045827,3045827,3046862,3046439,1035,1035,0,0,0,0
3047156,0df81d2b-260c-037e-305d-0ef70d9ff83d,1,3043927,3043927,3047156,3045708,3229,3229,0,0,0,0
3047603,c847b130-dd56-030e-1de9-87a2985e7e89,1,3043028,3043056,3047603,3045458,4547,4575,28,0,0,0
3049003,a8049463-0d36-f5e4-92a6-f3e62b48c6e6,1,3047333,3047381,3049003,3049442,1622,1670,48,0,0,0
3049438,f2e5cecf-9b6c-5494-60e0-b67321b6eb84,1,3046200,3046200,3049438,3050063,3238,3238,0,0,0,0
3050538,5a744822-fd07-f913-2657-abb6b81f2807,1,3048982,3048982,3050538,3050036,1556,1556,0,0,0,0
3050568,b3133c8e-9ec6-c95e-e1f2-17be39f99c64,1,3047321,3047321,3050568,3050215,3247,3247,0,0,0,0
3051294,68c4b51a-8166-356c-b04f-bce932dcea5b,1,3045869,3045887,3051294,3050969,5407,5425,18,0,0,0
3051341,5b7e24ca-722b-4439-3869-d3c9d743b5a8,1,3037711,3037719,3051341,3052695,13622,13630,8,0,0,0
3053248,8e9ff74a-fb65-03ea-0f97-33429b2d43a3,4,3041031,3041038,3053248,3052024,12210,12217,7,0,0,0
3053591,7c193e6f-496c-c03a-06fd-01e69fd33d40,1,3052648,3052648,3053591,3053729,943,943,0,0,0,0
3053689,d45d91e1-7979-fbb2-1013-8f7ecab5e9f3,1,3052827,3052827,3053689,3053496,862,862,0,0,0,0
3053920,bdecb67a-ec6e-8294-b9da-c7798079cdc9,8,3037367,3037367,3053920,3054288,16553,16553,0,0,0,0
3053923,187de0c5-c39b-f6de-7043-77c39e9be9e2,64,2859773,2859773,3053923,3082648,194150,194150,0,0,0,0
3054420,b5c1f027-3563-559e-9c78-bade8ec7dccb,1,3042996,3042996,3054420,3053559,11424,11424,0,0,0,0
3055685,2b85ffb7-b29e-2126-8840-e78a35ec5514,1,3055057,3055057,3055685,3055423,628,628,0,0,0,0
3055928,1c82780f-0e84-c070-514b-30a9f6d4461c,1,3054218,3054218,3055928,3055222,1710,1710,0,0,0,0
3056630,97e4e173-9d63-bda6-a29d-c0737a7b029b,1,3054307,3054307,3056630,3056431,2323,2323,0,0,0,0
3056715,e645bb00-d3e6-dc21-f10b-394d6021a15b,1,3049439,3049498,3056715,3056455,7217,7276,59,0,0,0
3057386,565c1e3f-6d1c-31d6-33e0-4a38cdf0aaba,1,3055843,3055843,3057386,3058014,1543,1543,0,0,0,0
3057469,155c8139-3842-43b4-2378-ff4453d9a4dd,1,3056684,3056690,3057469,3057658,779,785,6,0,0,0
3057473,0a14e77e-918b-2860-c1a9-6b3b90cc44af,1,3056639,3056690,3057473,3057661,783,834,51,0,0,0
3057798,1ed68b71-3ab8-ec3f-2612-e9e5a26d18f6,8,3014570,3014570,3057798,3075554,43228,43228,0,0,0,0
3057887,0a76bd91-9e7f-87a7-7721-5daa5d975cdc,1,3055474,3055474,3057887,3056952,2413,2413,0,0,0,0
3058430,d24e4a96-f3b6-d5ae-38c7-f2360a6119f6,1,3054619,3054672,3058430,3057899,3758,3811,53,0,0,0
3058440,11092f7a-00d6-1c63-64a0-f44bfbdebeb5,1,3057695,3057742,3058440,3058641,698,745,47,0,0,0
3058523,8e07d8fc-83b1-c1ec-7ba5-a5dfb5786277,1,3056989,3056989,3058523,3058208,1534,1534,0,0,0,0
3058843,f9a62522-ca83-5709-ba14-675762538cdf,1,3054638,3054672,3058843,3057949,4171,4205,34,0,0,0
3058847,54470290-4640-4b2a-dc02-28afb1d29457,1,3054327,3054367,3058847,3057600,4480,4520,40,0,0,0
3058969,1fbf23bb-b331-09f5-3078-f3d0f9046be7,1,3058242,3058242,3058969,3059074,727,727,0,0,0,0
3059224,21d8b96a-62ad-a157-60d2-759a3ad51382,1,3058319,3058319,3059224,3059005,905,905,0,0,0,0
3059302,9055e085-5f23-4322-e3b9-3a349d7739b2,1,3054614,3054672,3059302,3059055,4630,4688,58,0,0,0
3059392,f83a1bce-7069-6977-33af-15bed93d8722,1,3051807,3051807,3059392,3058011,7585,7585,0,0,0,0
3059345,a71372ab-34cb-7b9a-9338-82b320fa15b7,1,3057032,3057049,3059345,3059643,2296,2313,17,0,0,0
3059793,3b1d12cf-3b70-5092-98ab-182c3b1d0181,1,3057621,3057621,3059793,3059149,2172,2172,0,0,0,0
3060641,6d7fd4e2-85e9-5c6c-3fa7-c199d76f0813,1,3059017,3059029,3060641,3061094,1612,1624,12,0,0,0
3060695,16c72b1a-e826-fac7-3a8c-8ed5a06aa68a,1,3057193,3057193,3060695,3061571,3502,3502,0,0,0,0
3061079,d1f2789b-ea95-6113-96ed-4815c415ac73,1,3059268,3059284,3061079,3060770,1795,1811,16,0,0,0
3061368,c0476d80-532b-d70a-209f-839fb6ddbd11,1,3059406,3059464,3061368,3061978,1904,1962,58,0,0,0
3061503,8bab9c9c-c026-6d51-a5c5-bce0dffbdc2d,1,3054612,3054612,3061503,3060344,6891,6891,0,0,0,0
3061512,a5b13afd-af2c-20ac-9539-22c05ea0942c,1,3059627,3059627,3061512,3062234,1885,1885,0,0,0,0
3061776,01ab1df1-7cd2-1263-2ea3-5df6f2193325,1,3059755,3059755,3061776,3062312,2021,2021,0,0,0,0
3062183,f00f63ef-e59f-c1c2-004e-a81ad3d877a8,1,3057753,3057802,3062183,3063045,4381,4430,49,0,0,0
3062685,c22c9037-703a-d746-e22f-38841f9071b1,1,3057108,3057109,3062685,3064560,5576,5577,1,0,0,0
3063855,9c48c830-6e89-84f4-d820-10d1f4c873a7,1,3058699,3058699,3063855,3065919,5156,5156,0,0,0,0
3063922,a98afcb0-3ef5-27fe-45e4-307a73e5550d,1,3059640,3059687,3063922,3065939,4235,4282,47,0,0,0
3064130,85475ee1-1e06-d96a-a302-7b2102c1c269,1,3063292,3063328,3064130,3064204,802,838,36,0,0,0
3064163,ae991937-0846-4aa4-bfa4-cfdd01c31adc,1,3063293,3063328,3064163,3063814,835,870,35,0,0,0
3064208,0a3e4918-6e4f-8ea3-f0ad-16f7db1fb4d4,8,3063459,3063459,3064208,3064161,749,749,0,0,0,0
3064360,0038dc84-a3ed-033a-a722-2ea2261b5048,1,3063622,3063622,3064360,3064613,738,738,0,0,0,0
3064486,e6426f0b-8869-372a-d34c-0a09ada59cb2,1,3058878,3058903,3064486,3063109,5583,5608,25,0,0,0
3065265,5a5ed7eb-1532-0177-b61d-170a4bd600e6,1,3064656,3064656,3065265,3065281,609,609,0,0,0,0
3065312,fad34352-1d59-598c-174d-6b8741d6676a,1,3064416,3064420,3065312,3065373,892,896,4,0,0,0
3066296,79fee842-e4cc-7065-6bd7-f764f8d592a7,1,3063268,3063268,3066296,3066799,3028,3028,0,0,0,0
3066415,1ccc33c1-7e34-7f69-752f-bd7e7c360908,1,3063271,3063328,3066415,3064998,3087,3144,57,0,0,0
3137550,df40fe04-54cd-67b4-d67f-017d9aa03078,16,3096241,3096241,3137550,3117853,41309,41309,0,0,0,0
3171737,1417c2f9-eb91-731a-1eb0-5b4a1b4ffd5f,1,3155941,3155978,3171737,3168961,15759,15796,37,0,0,0
3171799,5f0a74fb-b6e7-d214-f3b5-f7d79d2f1794,1,3155910,3155918,3171799,3167045,15881,15889,8,0,0,0
3172146,bb5e14d6-5b74-5fdd-1c97-46949884f76d,1,3156452,3156462,3172146,3177438,15684,15694,10,0,0,0
3172185,a03c67ff-4f0d-c7bc-80c8-b0838faf04ba,1,3156452,3156462,3172185,3173276,15723,15733,10,0,0,0
3172228,e9b87e7a-a078-6a1f-70d3-b5f768a69e71,1,3156342,3156342,3172228,3165206,15886,15886,0,0,0,0
3172253,a28e0841-7d16-5228-b589-717e8275b18a,1,3156453,3156462,3172253,3178420,15791,15800,9,0,0,0
3172301,26daf6d1-71c3-16be-d297-cb6658ab766f,1,3156453,3156462,3172301,3172390,15839,15848,9,0,0,0
3172335,7886f504-ed75-8b74-b7d0-c829dcf9b680,1,3156398,3156402,3172335,3171917,15933,15937,4,0,0,0
3172447,c425d020-4389-2f66-1780-29e939d00762,8,3166892,3166892,3172447,3170593,5555,5555,0,0,0,0
3172482,45e49a9e-5128-4026-7f5e-fb6bcdf40137,1,3156653,3156653,3172482,3174640,15829,15829,0,0,0,0
3172472,47003fcf-deb2-d490-1c66-fdd96565e779,1,3156654,3156713,3172472,3168442,15759,15818,59,0,0,0
3172539,4a1954ec-4a3f-cfda-7aff-d9bd79e58450,1,3156832,3156832,3172539,3169079,15707,15707,0,0,0,0
3172510,20d4ba18-93a0-5478-c00b-19de38db128d,1,3156837,3156892,3172510,3177691,15618,15673,55,0,0,0
3172954,29529420-0ba4-e32b-4804-044c82a4e22e,1,3157202,3157257,3172954,3174257,15697,15752,55,0,0,0
3173014,a9217ddc-3cea-1f89-6217-3b7fc536d2ce,1,3157197,3157197,3173014,3175077,15817,15817,0,0,0,0
3173393,c44b04e8-f51e-2df3-06c3-998e8f14aac7,1,3157538,3157538,3173393,3175666,15855,15855,0,0,0,0
3173500,d6d24227-2d5c-1a61-6302-1daa5ba3a49c,1,3157539,3157598,3173500,3174243,15902,15961,59,0,0,0
3174300,5e3ece60-9ef6-a99f-73b4-daf34ad1d634,4,3163844,3163844,3174300,3174471,10456,10456,0,0,0,0
3183958,a37dafca-e9a6-df13-91c4-b8c675961b93,1,3155211,3155269,3183958,3170401,28689,28747,58,0,0,0
3184104,6088825e-e382-6da1-6cce-4c234e55f3fe,1,3155609,3155609,3184104,3194175,28495,28495,0,0,0,0
3184184,c1c4f618-7925-b7d5-7c65-a804ee9ff73c,1,3155433,3155433,3184184,3177911,28751,28751,0,0,0,0
3184225,e156df17-22b6-995e-0a14-b309c173d1d9,1,3155609,3155609,3184225,3170370,28616,28616,0,0,0,0
3184225,bac8f92f-4653-cbd3-f6d8-11eff388fef7,1,3155667,3155669,3184225,3195499,28556,28558,2,0,0,0
3184288,d66ec576-b7e6-2b4d-93d5-326f9b032c39,1,3155549,3155549,3184288,3173189,28739,28739,0,0,0,0
3184324,fabb6609-7de1-7a85-11c4-194a70c98336,1,3155738,3155738,3184324,3191911,28586,28586,0,0,0,0
3184408,65125d2e-24b3-bc8e-1e85-0f8015c2f297,1,3155851,3155858,3184408,3174641,28550,28557,7,0,0,0
3184535,7978dc84-ea89-a979-7aa6-d6eaac273009,1,3155796,3155798,3184535,3188534,28737,28739,2,0,0,0
3184613,b6a35409-1c20-d86b-b5d0-44fb2cd64d84,1,3155209,3155209,3184613,3196949,29404,29404,0,0,0,0
3184668,7e1e7e84-3003-4603-d782-d6a7c6b92071,1,3155979,3156038,3184668,3183615,28630,28689,59,0,0,0
3184818,3a9048cc-d063-d3e7-ec7e-f0abe1a29ffa,1,3156128,3156128,3184818,3186164,28690,28690,0,0,0,0
3184864,f5c9f459-9db1-bd5e-91a4-d796b9720eec,1,3155977,3155978,3184864,3182647,28886,28887,1,0,0,0
3185128,754182e8-f8cb-57ff-586b-3c2246527e16,1,3156038,3156038,3185128,3185809,29090,29090,0,0,0,0
3185323,d59dcbfa-db32-6207-ef30-3fd078d3ca66,1,3156409,3156462,3185323,3180441,28861,28914,53,0,0,0
3185627,e88081f9-cd6b-4aa0-ce9f-bfeb9a87e44d,1,3156377,3156402,3185627,3185418,29225,29250,25,0,0,0
3186502,1ac7ea5b-b387-a11d-5286-f97708aa6127,8,3184649,3184673,3186502,3186873,1829,1853,24,0,0,0
3186847,1c66021e-1a79-aec1-ddef-b7bb945094c8,8,3181268,3181268,3186847,3185756,5579,5579,0,0,0,0
3194791,7d8f2305-1517-703e-6087-75a56f654201,8,3170481,3170481,3194791,3185676,24310,24310,0,0,0,0
3198754,35868ed1-e4a2-618e-7328-8280e3ca0915,1,3197578,3197578,3198754,3199334,1176,1176,0,0,0,0
3199589,2598f383-9280-3da2-e40b-50e40a086989,8,3198927,3198927,3199589,3199513,662,662,0,0,0,0
3201798,1a50a93c-e5a2-709d-a8f8-687bb766ac85,1,3119846,3119846,3201798,3189015,81952,81952,0,0,0,0
3202274,76733597-75cf-f755-7daf-76e7e115d52b,1,3199734,3199734,3202274,3201387,2540,2540,0,0,0,0
3204604,8ce0bd8f-ed4b-229f-1e4a-a01643fcf7b7,4,3191946,3191946,3204604,3202730,12658,12658,0,0,0,0
3206189,3a4fece7-537d-66c6-1c31-aaf3c76aec88,1,3205307,3205307,3206189,3205877,882,882,0,0,0,0
3209006,3653e588-afd5-8fe7-65c6-2548b169fded,1,3145253,3145253,3209006,3222335,63753,63753,0,0,0,0
3212185,9ff0f466-ccc0-7446-16dd-58af53415fe2,4,3187547,3187547,3212185,3212431,24638,24638,0,0,0,0
3213209,fffcd743-e3f1-6406-631d-9c8be0f0fe79,1,3164911,3164923,3213209,3203927,48286,48298,12,0,0,0
3213846,734eab10-85e9-054f-455c-f668a3cb9e18,1,3164954,3164983,3213846,3222514,48863,48892,29,0,0,0
3213918,aebeca58-ccb1-dc1e-47db-f6a203e30f78,1,3168289,3168302,3213918,3213977,45616,45629,13,0,0,0
3214121,d61a080a-3fec-0a37-d5be-a8dc33e88249,1,3165419,3165419,3214121,3213120,48702,48702,0,0,0,0
3214506,d284b528-b091-6fb7-f17f-3f92d26aa790,1,3166198,3166198,3214506,3199755,48308,48308,0,0,0,0
3214755,a9151364-778a-669f-4b68-d94d40da9c7d,1,3166007,3166007,3214755,3210354,48748,48748,0,0,0,0
3215152,f37599aa-147b-ed20-7b2e-00e6c8028d0e,1,3166257,3166258,3215152,3218455,48894,48895,1,0,0,0
3215303,32f194d8-2fcb-0dce-06de-e37b7d15c353,1,3166568,3166568,3215303,3229743,48735,48735,0,0,0,0
3215422,de61f70d-76b0-0d9f-673a-d8cbf8e7158b,1,3166810,3166810,3215422,3208767,48612,48612,0,0,0,0
3215430,7b7ce7cc-f950-f7fa-28b5-8db58c466308,1,3165627,3165683,3215430,3194331,49747,49803,56,0,0,0
3215555,004f5362-244f-4ce3-6a50-18b5d623c671,1,3166687,3166687,3215555,3211796,48868,48868,0,0,0,0
3215561,9339304b-9a8c-b3d7-28a5-e34d798b2f02,1,3166690,3166747,3215561,3233819,48814,48871,57,0,0,0
3215817,47155ad3-8ca0-cd2a-da93-98e6f487b599,1,3165422,3165479,3215817,3236456,50338,50395,57,0,0,0
3216317,06905ba5-17e0-3df5-17df-85b33429c8cf,1,3166261,3166318,3216317,3215622,49999,50056,57,0,0,0
3216335,e85fda55-21c2-68f3-3cfc-7050ecb697a2,1,3167509,3167509,3216335,3226068,48826,48826,0,0,0,0
3216403,9ad28c4a-9798-739e-da78-6fcac5a06501,1,3165623,3165623,3216403,3209941,50780,50780,0,0,0,0
3216495,8849066e-539d-5223-c48d-276cacae8af8,1,3167510,3167569,3216495,3230269,48926,48985,59,0,0,0
3221665,34afa2e1-c968-e8ee-4663-f1a104db73f3,1,3218403,3218403,3221665,3220461,3262,3262,0,0,0,0
3227953,4fb67094-123c-f911-2bd8-ad4d3eacdb28,8,2920844,2920844,3227953,3329890,307109,307109,0,0,0,0
3229995,38491ecc-8891-57fd-2804-d0ac795741bb,4,3222600,3222600,3229995,3230176,7395,7395,0,0,0,0
3230170,d5d318cf-24e6-5ffd-75dc-037d4b71481f,4,3222637,3222660,3230170,3226451,7510,7533,23,0,0,0
3233233,bd0b0fa2-8bee-f83f-96a0-6bf2c14ebd10,1,3232001,3232001,3233233,3233483,1232,1232,0,0,0,0
3233258,4be318a8-0b39-dccf-7c9f-3bc37210045a,1,3232065,3232065,3233258,3233489,1193,1193,0,0,0,0
3236437,e1886146-fc40-a3d4-e5eb-45497e0a04c2,8,3119137,3119137,3236437,3266069,117300,117300,0,0,0,0
3237268,154ebf91-daa2-82b4-6d69-e88c61a4b230,1,3231197,3231197,3237268,3239579,6071,6071,0,0,0,0
3240163,1b552618-e57e-72d3-63dd-e733b225574e,1,3239151,3239151,3240163,3240305,1012,1012,0,0,0,0
3240224,648e85eb-d1c1-a2db-a82a-113285eb4279,1,3239321,3239321,3240224,3239962,903,903,0,0,0,0
3242970,30de0010-fe31-f408-a671-cd819c2b05eb,1,3241815,3241815,3242970,3242515,1155,1155,0,0,0,0
3243100,9d148109-db18-fefb-8e53-4765ee6e5ef6,1,3241630,3241630,3243100,3243297,1470,1470,0,0,0,0
3243445,1a574cee-6490-3d65-f63d-329547f50a35,4,3109725,3109725,3243445,3238742,133720,133720,0,0,0,0
3243633,c3dd1d6a-18fc-9899-5c86-a6f929f5d43d,1,3237474,3237474,3243633,3246597,6159,6159,0,0,0,0
3248203,01440fa3-5fcf-5c27-c68e-47b0d87db947,1,3247302,3247302,3248203,3247871,901,901,0,0,0,0
3249406,e13f8740-bd74-0fe0-b808-8e14b9a01137,1,3248495,3248495,3249406,3249695,911,911,0,0,0,0
3251426,0ceaaf73-aced-4d55-e73e-2bc578822064,16,2815301,2815301,3251426,3095558,436125,436125,0,0,0,0
3253481,3bca7ff6-71be-0c72-ad8c-c85c53559e80,8,3240123,3240123,3253481,3255481,13358,13358,0,0,0,0
3255159,a72d0bf4-c84d-16c0-4021-a347a8c34b25,8,3239723,3239723,3255159,3257306,15436,15436,0,0,0,0
3266777,1b5829c9-24ef-65a7-37cf-65ca6c412493,1,3265118,3265122,3266777,3267440,1655,1659,4,0,0,0
3267083,53d509af-c2b5-ac1b-4685-38bcac17cb47,1,3265117,3265122,3267083,3266592,1961,1966,5,0,0,0
3267097,dce61522-0632-718e-b0dd-be62aa35b738,1,3265118,3265122,3267097,3267933,1975,1979,4,0,0,0
3267113,e797f3ae-0cca-0c05-a1f6-19ed2c1882c9,1,3265121,3265122,3267113,3267926,1991,1992,1,0,0,0
3267138,7fa70485-dafc-3805-7f64-85de75699aef,1,3265117,3265122,3267138,3267587,2016,2021,5,0,0,0
3267167,fa61726a-eedf-4f78-dc99-4976008ec990,1,3265117,3265122,3267167,3267423,2045,2050,5,0,0,0
3267154,63b1a52e-9070-01b6-1ec0-9c3575035829,1,3265117,3265122,3267154,3267760,2032,2037,5,0,0,0
3267137,00c818ba-a210-dd25-392c-5f423f203c22,1,3265117,3265122,3267137,3267945,2015,2020,5,0,0,0
3267194,b69aca1e-985d-654b-0325-58201a49de98,1,3265118,3265122,3267194,3266175,2072,2076,4,0,0,0
3267195,22212e52-d6e3-8103-5df7-0cc1133b385e,1,3265118,3265122,3267195,3267813,2073,2077,4,0,0,0
3267208,e21734c6-d36f-a1c9-ccaa-2cd36ae71db3,1,3265120,3265122,3267208,3266625,2086,2088,2,0,0,0
3267262,8a8a4105-c0eb-8875-3439-67294b8e5509,1,3265123,3265182,3267262,3266881,2080,2139,59,0,0,0
3267306,5dc2fd9b-f1bd-b57b-b8dd-dfc2963ba31c,1,3265117,3265122,3267306,3266265,2184,2189,5,0,0,0
3267399,235fc3d5-2224-a806-ce07-2a5273edb223,1,3265121,3265122,3267399,3268315,2277,2278,1,0,0,0
3267734,d8e77ca2-19b1-a043-3b70-324e36a09573,1,3265121,3265122,3267734,3268858,2612,2613,1,0,0,0
3268561,581848c5-27d1-9990-2049-a289056a3b28,1,3263891,3263891,3268561,3270015,4670,4670,0,0,0,0
3268786,4497734d-77a0-aa7f-f027-8488be015802,1,3265121,3265122,3268786,3267255,3664,3665,1,0,0,0
3269019,6cd6cedf-52df-c152-c8e6-cd4b4febaa0e,1,3265121,3265122,3269019,3268810,3897,3898,1,0,0,0
3269081,80b9ec30-ed94-898b-5b92-3c67129538df,1,3265122,3265122,3269081,3270187,3959,3959,0,0,0,0
3269123,13483fb3-c982-a300-f95f-17e6d8eae31b,1,3265122,3265122,3269123,3269060,4001,4001,0,0,0,0
3269216,b44aad77-b20c-3a3f-fee8-acf10b3e2b6e,1,3265121,3265122,3269216,3269792,4094,4095,1,0,0,0
3269345,b588489e-effb-d197-4d73-a782967197ec,1,3264142,3264142,3269345,3267613,5203,5203,0,0,0,0
3269390,0722ab3c-18c3-0aa9-a013-5044a041301d,1,3264142,3264142,3269390,3269526,5248,5248,0,0,0,0
3269361,b23f4738-aff6-28bc-cd2b-f2063f931507,1,3264142,3264142,3269361,3270695,5219,5219,0,0,0,0
3269389,2c281bbd-f45d-bd91-989d-a530b01fb9f3,1,3264143,3264202,3269389,3271721,5187,5246,59,0,0,0
3269374,2dc58521-29c2-f1f9-7eeb-f53978731a4e,1,3264148,3264202,3269374,3268410,5172,5226,54,0,0,0
3269390,cb28ac77-f855-ddab-ef33-268417a1f56e,1,3264148,3264202,3269390,3268737,5188,5242,54,0,0,0
3269416,02aa1c76-d0e0-4655-a03e-9b5d0ea8d0ee,1,3264142,3264142,3269416,3268548,5274,5274,0,0,0,0
3269416,fe2181fd-73bd-185b-67d9-20b393c379fd,1,3264143,3264202,3269416,3267266,5214,5273,59,0,0,0
3269430,ce339ee0-15b5-2510-abfb-9abfeb34e953,1,3264143,3264202,3269430,3270746,5228,5287,59,0,0,0
3269444,c31dfb91-397a-0433-db64-8ca71ea0dd2d,1,3264146,3264202,3269444,3269698,5242,5298,56,0,0,0
3269979,958c9cfd-a783-0a8f-415e-38051928aae5,8,3268355,3268377,3269979,3270384,1602,1624,22,0,0,0
3270273,80ed319c-ef01-6e79-a9b2-4a990a8260b6,4,3134745,3134745,3270273,3235534,135528,135528,0,0,0,0
3270628,bcbd6eeb-ceab-2f76-f776-f4e846f90964,1,3264148,3264202,3270628,3268449,6426,6480,54,0,0,0
3270640,4de5f4af-f278-15f6-0c49-f33a1c5d9fe9,1,3264142,3264142,3270640,3268461,6498,6498,0,0,0,0
3270654,f541a44e-16cc-b813-2635-53ba4299b351,1,3264148,3264202,3270654,3267413,6452,6506,54,0,0,0
3270629,2a6504e1-fb2f-be8c-ea46-391177e2f124,1,3264148,3264202,3270629,3267528,6427,6481,54,0,0,0
3270671,25c37945-8063-fce4-c2e4-1a50d33650db,1,3264149,3264202,3270671,3273397,6469,6522,53,0,0,0
3270643,27d3584c-fb99-ac3e-1383-883b118f1972,1,3264149,3264202,3270643,3271951,6441,6494,53,0,0,0
3270686,681f9515-0d93-d08b-7842-cbc6a0011ba6,1,3264149,3264202,3270686,3270724,6484,6537,53,0,0,0
3270671,250768f2-ba0e-bd56-2045-1dbd1835e89b,1,3264151,3264202,3270671,3269549,6469,6520,51,0,0,0
3270740,1afd943c-3c92-f1ab-cbac-c3c6bb8ec1cb,1,3264142,3264142,3270740,3270894,6598,6598,0,0,0,0
3270710,42803aa0-55ac-0d06-be9d-a9517329af6e,1,3264152,3264202,3270710,3273620,6508,6558,50,0,0,0
3270710,f9fc9c3f-3206-3388-5804-550b6c0c32f9,1,3264152,3264202,3270710,3271895,6508,6558,50,0,0,0
3270725,59bdfac9-0d99-3ab9-5fc0-ccce4ba08508,1,3264152,3264202,3270725,3272047,6523,6573,50,0,0,0
3270700,a1726883-d971-9e00-e4ad-5e9bfedd22d9,1,3264155,3264202,3270700,3271219,6498,6545,47,0,0,0
3270732,1e559419-10bc-94d3-b600-4df4e0de0676,1,3265297,3265309,3270732,3269411,5423,5435,12,0,0,0
3270751,2b1feecd-95c1-27e6-6d08-79b4776e3a29,1,3264145,3264202,3270751,3269958,6549,6606,57,0,0,0
3270770,c249f59a-9dc9-06df-056e-3d783b8c0f84,1,3264148,3264202,3270770,3272713,6568,6622,54,0,0,0
3270954,a9325ae1-9c70-60da-48cd-29c5ac0e1f71,1,3265296,3265309,3270954,3271119,5645,5658,13,0,0,0
3270981,f5f5431f-4f40-f6ed-1aa5-d4e236c077aa,1,3265296,3265309,3270981,3268733,5672,5685,13,0,0,0
3270986,04d340e8-7ecf-bfc6-6249-a5869c186d49,1,3265297,3265309,3270986,3268116,5677,5689,12,0,0,0
3271045,8188de48-719b-2dd6-17b4-e75be9d18ec2,1,3265297,3265309,3271045,3271498,5736,5748,12,0,0,0
3272191,140642a8-2f61-e334-3608-93b22febcc33,1,3265299,3265309,3272191,3273739,6882,6892,10,0,0,0
3272381,e6b9f3a3-96a0-c726-a886-a9fc60beb85d,8,3265559,3265569,3272381,3273572,6812,6822,10,0,0,0
3272336,6cb96a2c-d68e-51f0-3b9d-58321f6d5768,1,3265310,3265369,3272336,3271762,6967,7026,59,0,0,0
3272575,b8b791b0-4de8-1d1e-dfa0-bc178db969af,1,3265300,3265309,3272575,3275401,7266,7275,9,0,0,0
3273117,aabb6cac-48d7-5165-4c98-7a1b59afb1d1,1,3263750,3263750,3273117,3271819,9367,9367,0,0,0,0
3273118,19edcdbc-ec39-212e-a3d8-89fae5a456d8,1,3263750,3263750,3273118,3270093,9368,9368,0,0,0,0
3273150,05fef7bc-28f7-8d49-a2bc-491ec1cdc9a4,1,3265297,3265309,3273150,3270613,7841,7853,12,0,0,0
3273228,b190dea4-c335-e9e5-1567-55f42f39f8c8,1,3263754,3263810,3273228,3277667,9418,9474,56,0,0,0
3273214,46983234-6246-95b9-9deb-7a4b17db4613,1,3263754,3263810,3273214,3274976,9404,9460,56,0,0,0
3273205,5f321f6d-02dd-95c2-6405-8e04b393cb2d,1,3263755,3263810,3273205,3274458,9395,9450,55,0,0,0
3273316,c655a597-7ccc-63de-82ac-7e1dac565da6,1,3263755,3263810,3273316,3275544,9506,9561,55,0,0,0
3273381,5c65a65c-0f8a-0c2c-a390-0bc0cd0fa4a6,1,3263752,3263810,3273381,3274973,9571,9629,58,0,0,0
3273386,c85b811b-10a5-b073-b180-4803d9025a2c,1,3265296,3265309,3273386,3269778,8077,8090,13,0,0,0
3273399,accc1507-42f8-8fc5-52bc-b64dc59498c5,1,3265300,3265309,3273399,3272364,8090,8099,9,0,0,0
3273550,29d4056e-10f4-55e5-fdb3-e9a900252855,1,3263754,3263810,3273550,3269238,9740,9796,56,0,0,0
3273563,a5df6f85-bab5-03fb-ddfc-d1d5cb863dea,1,3263751,3263810,3273563,3276561,9753,9812,59,0,0,0
3273605,77e8b762-bb7e-b979-52dc-bffd59008d65,1,3263751,3263810,3273605,3276067,9795,9854,59,0,0,0
3273583,987593c3-2523-52f6-f7a3-f6a6159b558b,1,3263751,3263810,3273583,3270861,9773,9832,59,0,0,0
3273562,b1d06d8a-655f-9c8c-ca2b-a8f5a44e3b1c,1,3263751,3263810,3273562,3274533,9752,9811,59,0,0,0
3273577,9d47172c-ab01-f101-7b32-aadb1f41c851,1,3263751,3263810,3273577,3274502,9767,9826,59,0,0,0
3273587,80acefb5-79d0-5e2b-c024-9b51307c3f63,1,3263756,3263810,3273587,3270207,9777,9831,54,0,0,0
3273572,96b0356c-a49c-e87c-47c9-021ffdc6dba9,1,3265303,3265309,3273572,3271561,8263,8269,6,0,0,0
3273661,0e9b65bb-a4d4-7431-fa38-f5a09ee08a70,1,3263751,3263810,3273661,3274156,9851,9910,59,0,0,0
3273616,c17c2577-3de8-ca53-4e7a-7311f33a72c8,1,3263751,3263810,3273616,3271956,9806,9865,59,0,0,0
3273617,c8cba592-b0ca-d2eb-0fe1-621ad6e1ba00,1,3263753,3263810,3273617,3271940,9807,9864,57,0,0,0
3273727,69498671-7e55-33ba-e8a2-f417379e03dd,1,3263753,3263810,3273727,3274215,9917,9974,57,0,0,0
3273760,a48339f7-c703-6a4c-7150-f94fe2f2cf57,1,3263754,3263810,3273760,3276050,9950,10006,56,0,0,0
3273760,c2cb0bc7-f032-9337-a10d-27dcbf153b90,1,3263756,3263810,3273760,3277236,9950,10004,54,0,0,0
3273839,fdd99681-ef5e-eca5-8909-b0039136e530,1,3265570,3265629,3273839,3271101,8210,8269,59,0,0,0
3273832,a928a5b2-9185-5abd-4e90-ae4a1fd28b9e,1,3265571,3265629,3273832,3271476,8203,8261,58,0,0,0
3273831,a18af1fd-615a-b341-9d06-5ae84358ce3f,1,3265572,3265629,3273831,3277518,8202,8259,57,0,0,0
3273817,01c7ea8b-267f-c6ec-147b-7a33acba60e2,1,3265572,3265629,3273817,3271492,8188,8245,57,0,0,0
3273829,f80590f0-0249-3a09-3e3b-1a40ca0553a2,1,3265575,3265629,3273829,3274116,8200,8254,54,0,0,0
3273815,62b45550-c024-2e61-bce4-570b245f8b4a,1,3265575,3265629,3273815,3270003,8186,8240,54,0,0,0
3273835,4c7f03bb-a376-0c2d-7b31-dcdc40d91a8e,1,3265576,3265629,3273835,3272369,8206,8259,53,0,0,0
3273842,d8bb254c-88e5-a13a-f62f-197d8da40d27,1,3265576,3265629,3273842,3273549,8213,8266,53,0,0,0
3273896,ca4e5cc5-995d-455b-7662-8c4e445d9a87,1,3265570,3265629,3273896,3275533,8267,8326,59,0,0,0
3273903,f44f5031-a82d-4879-87cc-4d1c7bf6b2ad,1,3265572,3265629,3273903,3271834,8274,8331,57,0,0,0
3273851,1a93a3f1-8502-76c0-0abf-19038b435eca,1,3265575,3265629,3273851,3273069,8222,8276,54,0,0,0
3273851,baaa58f6-343f-75d0-6d2b-c99de7eca309,1,3265575,3265629,3273851,3273503,8222,8276,54,0,0,0
3273872,f11afc00-132b-4f36-1940-4d24eced9c30,1,3265576,3265629,3273872,3270282,8243,8296,53,0,0,0
3273899,6f2e92b9-d130-32db-e13a-14ca5911f42e,1,3265579,3265629,3273899,3273482,8270,8320,50,0,0,0
3273871,95309450-1c62-44f4-e44d-8dc2b2908892,1,3265580,3265629,3273871,3276806,8242,8291,49,0,0,0
3273852,3b23feed-b9a4-de2b-19e9-e3a418dcceb6,1,3265581,3265629,3273852,3272291,8223,8271,48,0,0,0
3273854,75938f5a-b40b-c353-296b-e9034e09c596,1,3265581,3265629,3273854,3276282,8225,8273,48,0,0,0
3273957,8fd48278-3332-d3ab-92f7-70724c81cd72,1,3265571,3265629,3273957,3277410,8328,8386,58,0,0,0
3273944,32fd73c5-0894-2176-fe99-df69bcd49975,1,3265572,3265629,3273944,3274126,8315,8372,57,0,0,0
3273966,1e69d7ef-08b3-c111-3eb8-62c6676c269f,1,3265576,3265629,3273966,3273642,8337,8390,53,0,0,0
3273961,93c09687-29e7-e176-a796-17c47520d99e,1,3265577,3265629,3273961,3273263,8332,8384,52,0,0,0
3273953,b32281f3-3eac-5015-ca64-25fcbdb4f711,1,3265577,3265629,3273953,3273982,8324,8376,52,0,0,0
3273923,5c17ebb5-093b-4d72-ac8c-dcaf2b633b18,1,3265579,3265629,3273923,3275777,8294,8344,50,0,0,0
3273972,192bb3bc-e843-8f65-aef0-244b2c19ee3d,1,3265571,3265629,3273972,3270094,8343,8401,58,0,0,0
3273972,8b20cc44-5705-b300-5e79-e796acfe02ea,1,3265574,3265629,3273972,3274823,8343,8398,55,0,0,0
3274445,66979d0f-a7c0-2a59-60bb-380bc8b7bcd0,1,3265509,3265509,3274445,3274213,8936,8936,0,0,0,0
3274477,b189727f-6a8d-8a70-48a2-a172e30cdee2,1,3265509,3265509,3274477,3274312,8968,8968,0,0,0,0
3274504,0dfef633-2a31-edfd-6166-7c7cd3c6e5a0,1,3265509,3265509,3274504,3274165,8995,8995,0,0,0,0
3274478,c5d899df-113f-f40f-13b9-6213b6684e19,1,3265513,3265569,3274478,3275851,8909,8965,56,0,0,0
3274492,9c00cb52-97c4-0530-b546-5c933a9af0b6,1,3265519,3265569,3274492,3271580,8923,8973,50,0,0,0
3274490,9fbc879e-869c-3a8e-7d6a-b7c2a86d8706,1,3265520,3265569,3274490,3273779,8921,8970,49,0,0,0
3274522,50c49c2b-e8c4-51fc-9f8c-1c815ce9a3d3,1,3265509,3265509,3274522,3271438,9013,9013,0,0,0,0
3274538,6f94da50-e3f7-13a7-0de9-2f1b7c0224e5,1,3265514,3265569,3274538,3270594,8969,9024,55,0,0,0
3274529,a6685e80-f16d-4fe8-ac50-4475a4165dd1,1,3265514,3265569,3274529,3275701,8960,9015,55,0,0,0
3274544,c9ceacdb-9f24-c788-805c-c2d749fa68d6,1,3265514,3265569,3274544,3274328,8975,9030,55,0,0,0
3274530,52645a59-e1f8-5b33-9b2d-5a2a99bd6240,1,3265519,3265569,3274530,3275354,8961,9011,50,0,0,0
3274523,07480379-3ea7-f419-a510-af65b0167db8,1,3265519,3265569,3274523,3278407,8954,9004,50,0,0,0
3274557,c46268d6-b22d-2bfe-0ab3-5cb1653d6c17,1,3265522,3265569,3274557,3272666,8988,9035,47,0,0,0
3274561,a2807710-32d5-ad87-21bd-1db7485873c1,1,3265599,3265629,3274561,3272388,8932,8962,30,0,0,0
3274547,0328a80d-9ba5-d58b-c585-36b7cf6d2a9d,1,3265600,3265629,3274547,3276166,8918,8947,29,0,0,0
3274555,2ec46bfe-bd4b-a9cd-cc19-e0ac418df073,1,3265601,3265629,3274555,3278273,8926,8954,28,0,0,0
3274559,459f5497-abd6-8d74-063f-ec11446cc0d6,1,3265601,3265629,3274559,3275313,8930,8958,28,0,0,0
3274564,c54f87ad-7750-bfbb-daf9-ae1b5d9dacbd,1,3265604,3265629,3274564,3274474,8935,8960,25,0,0,0
3274563,2dd2d8c0-76da-3875-84d6-21487fa372cd,1,3265605,3265629,3274563,3274856,8934,8958,24,0,0,0
3274625,9ba14c35-0ab5-207f-c6b6-020a67a55936,1,3265509,3265509,3274625,3276407,9116,9116,0,0,0,0
3274621,527a9f7b-d007-cd41-f122-d458f521cf35,1,3265515,3265569,3274621,3271913,9052,9106,54,0,0,0
3274605,a5c5afe1-89fd-f534-e4f0-78a1c89d43e7,1,3265519,3265569,3274605,3273859,9036,9086,50,0,0,0
3274572,9268b5df-95bb-6e09-70e1-3734ee523a03,1,3265520,3265569,3274572,3274902,9003,9052,49,0,0,0
3274591,058b5ee1-a2dd-d15a-2570-66e86eaebb60,1,3265599,3265629,3274591,3273517,8962,8992,30,0,0,0
3274571,2f4cfefb-f798-28a2-cd9e-84ec90e9e294,1,3265600,3265629,3274571,3270806,8942,8971,29,0,0,0
3274607,4b658517-1519-613c-e6c7-1f155bed83be,1,3265601,3265629,3274607,3275150,8978,9006,28,0,0,0
3274574,7de1936b-d0fe-e4f1-2b1c-2d3dfcadb3fd,1,3265601,3265629,3274574,3271961,8945,8973,28,0,0,0
3274594,1c526dd1-fdfc-4a9d-3618-187c37e2dc86,1,3265604,3265629,3274594,3273145,8965,8990,25,0,0,0
3274603,141283fb-e3be-f3d6-726a-030dbc8cfa8f,1,3265606,3265629,3274603,3278547,8974,8997,23,0,0,0
3274577,50326fe6-1de9-5c72-42a9-f7e5244cb9a8,1,3265606,3265629,3274577,3275377,8948,8971,23,0,0,0
3274600,302dc72b-1366-4d76-c2fc-93d9b3ef29d7,1,3265611,3265629,3274600,3271523,8971,8989,18,0,0,0
3274636,9f6f4967-be87-6c4f-a0af-9f67ea4a973e,1,3265515,3265569,3274636,3272305,9067,9121,54,0,0,0
3274660,47d0e6ee-c96c-2090-79e7-6f99f8f79639,1,3265516,3265569,3274660,3273605,9091,9144,53,0,0,0
3274660,e3346bd8-14a1-c64b-edea-c5b89cc862cd,1,3265517,3265569,3274660,3270094,9091,9143,52,0,0,0
3274634,2bf95861-4827-c440-f6d9-fe1731094211,1,3265519,3265569,3274634,3271450,9065,9115,50,0,0,0
3274643,97187943-6168-c4a8-c55f-30a134a450e3,1,3265519,3265569,3274643,3277349,9074,9124,50,0,0,0
3274653,8222cd7f-36e6-ba85-19ab-dc15296b67bf,1,3265520,3265569,3274653,3278496,9084,9133,49,0,0,0
3274645,7846e9c5-15a8-cb98-ab2d-96a005f4a2d0,1,3265525,3265569,3274645,3272411,9076,9120,44,0,0,0
3274641,cdbb6c1f-5a8d-785e-f7eb-a7e91dd07ec8,1,3265600,3265629,3274641,3277520,9012,9041,29,0,0,0
3274678,7c976337-ee66-8fd2-c33b-14ed216c0ed0,1,3265605,3265629,3274678,3270999,9049,9073,24,0,0,0
3274649,e4529643-2a67-8ce3-9c0f-37d575a239b1,1,3265609,3265629,3274649,3271720,9020,9040,20,0,0,0
3274728,6f689d65-61ae-3f21-67f1-c18b61fe800a,1,3265519,3265569,3274728,3271373,9159,9209,50,0,0,0
3274704,66edef30-2fa8-0808-b8f1-6861e3e3e73b,1,3265600,3265629,3274704,3276990,9075,9104,29,0,0,0
3274708,e05f039c-d98e-b024-c813-20254dacd33c,1,3265605,3265629,3274708,3273060,9079,9103,24,0,0,0
3274702,8d2bb00b-9c3e-7d79-e5a4-b1b446c524a5,1,3265605,3265629,3274702,3273117,9073,9097,24,0,0,0
3274717,aa3961be-c93f-ec2c-54b5-e773df973c95,1,3265611,3265629,3274717,3278554,9088,9106,18,0,0,0
3274756,cac6a853-6943-dab7-4ec7-5bdc6094d74c,1,3265605,3265629,3274756,3275849,9127,9151,24,0,0,0
3274816,c7fe8dee-0bc6-a71b-f25b-76a6f89c2ef6,1,3265302,3265309,3274816,3274505,9507,9514,7,0,0,0
3274812,4207fb51-52ff-eff5-e49c-5edd69aec17b,1,3265605,3265629,3274812,3274189,9183,9207,24,0,0,0
3274861,7f5085e7-058c-dd44-32a0-2b53565a4a42,1,3265610,3265629,3274861,3278974,9232,9251,19,0,0,0
3274842,1d3ea32c-7e54-da1e-ac30-4971ecc11ecb,1,3265610,3265629,3274842,3278073,9213,9232,19,0,0,0
3275133,b440b852-e033-500e-a432-62b38675820e,1,3265255,3265309,3275133,3278607,9824,9878,54,0,0,0
3275320,b95e44e3-9653-49ee-505e-c9d64c32a0a2,1,3265303,3265309,3275320,3273929,10011,10017,6,0,0,0
3275416,b73f6e64-378d-2f8d-8761-f9da039479c1,1,3265255,3265309,3275416,3274340,10107,10161,54,0,0,0
3275537,669f9a4a-f2eb-0d5a-f819-fa11f584be73,1,3265254,3265309,3275537,3275913,10228,10283,55,0,0,0
3275578,6e8649f1-055c-22ad-bd71-017f5e3a5dad,1,3265256,3265309,3275578,3277739,10269,10322,53,0,0,0
3275676,d8a5aa52-157b-0495-722b-e4aa68208025,1,3265255,3265309,3275676,3274393,10367,10421,54,0,0,0
3275676,8d938a78-634a-a1a4-2c23-9586195b2525,1,3265255,3265309,3275676,3270832,10367,10421,54,0,0,0
3275999,34b34dcb-8b2c-65b5-f039-0686400d083a,1,3265254,3265309,3275999,3274500,10690,10745,55,0,0,0
3276049,6522e8b9-8aad-0665-ef30-141d3505c563,1,3265251,3265309,3276049,3278801,10740,10798,58,0,0,0
3276029,a566e884-d473-e687-76ad-1c332469d0c2,1,3265252,3265309,3276029,3273024,10720,10777,57,0,0,0
3276015,ff0e88ea-09f8-1e6f-1997-b85154842b4d,1,3265252,3265309,3276015,3276827,10706,10763,57,0,0,0
3276013,9174f53b-548b-4c63-fe87-a6bcf3e00dc5,1,3265254,3265309,3276013,3272234,10704,10759,55,0,0,0
3276130,178cb5a0-3b66-8afa-3cf8-b9130ed40264,1,3265257,3265309,3276130,3275488,10821,10873,52,0,0,0
3276172,f3cecaaf-71a2-f6c1-73ca-b4e3bbc3553b,1,3265256,3265309,3276172,3280134,10863,10916,53,0,0,0
3276166,5fd2bec3-6536-3c77-787f-b57839e1609d,1,3265301,3265309,3276166,3279759,10857,10865,8,0,0,0
3276238,5484d865-60bf-b13c-d320-63afeed5a71b,1,3265251,3265309,3276238,3275648,10929,10987,58,0,0,0
3276224,33579b27-5225-374a-35b8-726ce462ff64,1,3265296,3265309,3276224,3279280,10915,10928,13,0,0,0
3276291,641e7f8c-4c25-998e-cad7-3d36b62e8f02,1,3265251,3265309,3276291,3278723,10982,11040,58,0,0,0
3276300,0a054950-1f7f-e5b0-5075-b55accee6b1c,1,3265252,3265309,3276300,3276558,10991,11048,57,0,0,0
3276261,bd9ed3fc-5266-cd86-a5f6-21818c1a6477,1,3265296,3265309,3276261,3281497,10952,10965,13,0,0,0
3276283,849c30c6-dffa-28ae-c353-ac87ceb7138a,1,3265304,3265309,3276283,3273538,10974,10979,5,0,0,0
3276406,01c4e229-7cc7-0b17-e9c1-84ce1fb426c0,1,3265301,3265309,3276406,3279524,11097,11105,8,0,0,0
3276420,a117b864-82f5-9390-ed69-6cb3b774b61d,1,3265249,3265249,3276420,3281446,11171,11171,0,0,0,0
3276516,7062dff6-0591-67e1-c086-08612fa83aa4,1,3265249,3265249,3276516,3271472,11267,11267,0,0,0,0
3276589,4a5d6cea-b565-f64e-3b93-a53f9c02040d,1,3265250,3265309,3276589,3275326,11280,11339,59,0,0,0
3276604,461e24a3-f2fb-094a-7d29-6f9c7d6af5c4,1,3265250,3265309,3276604,3278435,11295,11354,59,0,0,0
3276628,d61c8113-9b3f-6c54-7327-f33e6409e93b,1,3265303,3265309,3276628,3278071,11319,11325,6,0,0,0
3277382,7a438217-6e77-cdd3-59aa-7cd5a67c7bd7,8,3263973,3263973,3277382,3273093,13409,13409,0,0,0,0
3278305,ce8b76a2-082f-2fb9-80e3-fe4fe4fb2a3b,1,3265679,3265689,3278305,3283721,12616,12626,10,0,0,0
3278327,72557e4e-d408-7cd1-e78e-4df0955ce1d2,1,3265674,3265689,3278327,3275033,12638,12653,15,0,0,0
3278321,40b1fb20-d9eb-b495-5d7e-cb5f2b4786c5,1,3265674,3265689,3278321,3284395,12632,12647,15,0,0,0
3278353,b67af865-cfc3-845b-1464-cda8dbf7fa26,1,3265678,3265689,3278353,3280942,12664,12675,11,0,0,0
3278319,fc0221b4-95eb-3914-eac9-8c18f63e7ed4,1,3265683,3265689,3278319,3280455,12630,12636,6,0,0,0
3278328,883d9b03-de04-d086-43a2-9acd4cb50736,1,3265686,3265689,3278328,3272385,12639,12642,3,0,0,0
3278399,1ab88733-80e1-cc41-8a9a-727fb2a12a55,1,3265674,3265689,3278399,3284060,12710,12725,15,0,0,0
3278371,81e58eee-f9c0-fd4d-8bd0-3267bd0e01ce,1,3265675,3265689,3278371,3281763,12682,12696,14,0,0,0
3278417,e950419d-f89c-591d-9280-9c97a1f76e1c,1,3265675,3265689,3278417,3275187,12728,12742,14,0,0,0
3278377,b465c027-2dd1-d45b-6454-a82a6d2cdbf9,1,3265679,3265689,3278377,3276229,12688,12698,10,0,0,0
3278420,108abb5c-018c-0313-a139-6d49713e9035,1,3265679,3265689,3278420,3282722,12731,12741,10,0,0,0
3278382,f1e4c27a-1cab-87e2-823c-794a415a53c1,1,3265683,3265689,3278382,3277388,12693,12699,6,0,0,0
3278377,df683491-baf9-aa9d-acbc-63edd1ddd3e6,1,3265688,3265689,3278377,3277950,12688,12689,1,0,0,0
3278405,a5b8f158-f64c-81bf-7774-6c098669ba60,1,3265688,3265689,3278405,3283202,12716,12717,1,0,0,0
3278469,7df37378-9f6c-cab4-b352-2c1845aa9503,1,3265674,3265689,3278469,3276676,12780,12795,15,0,0,0
3278449,b75c3825-1c0f-b87f-eb01-bba74b814a84,1,3265674,3265689,3278449,3281247,12760,12775,15,0,0,0
3278445,c226ab53-b680-873b-32b9-c542d143e0a2,1,3265675,3265689,3278445,3282704,12756,12770,14,0,0,0
3278473,d6e9fa04-df04-4782-c1e6-206862d70bec,1,3265680,3265689,3278473,3281462,12784,12793,9,0,0,0
3278482,78a118df-0088-ca76-0d25-c8d0fde90c2d,1,3265784,3265784,3278482,3277805,12698,12698,0,0,0,0
3278441,11730df2-2956-42c6-4bac-fa4aef1e4acf,1,3265789,3265844,3278441,3282567,12597,12652,55,0,0,0
3278427,6c5b07b6-f127-f7bd-7862-32528c45b36c,1,3265793,3265844,3278427,3272951,12583,12634,51,0,0,0
3278494,07ca07d8-d2c5-7940-927a-72dff89cad3f,1,3265674,3265689,3278494,3280545,12805,12820,15,0,0,0
3278529,78bf46fa-2534-3e85-d2c0-dec2175194d7,1,3265675,3265689,3278529,3283395,12840,12854,14,0,0,0
3278533,88a613b4-a3b8-1f92-a3c9-0c6a86017633,1,3265678,3265689,3278533,3274741,12844,12855,11,0,0,0
3278497,6bb73dac-9681-8aed-75ec-c661d3b4a1d1,1,3265678,3265689,3278497,3274020,12808,12819,11,0,0,0
3278507,2e408d57-63ba-6c3d-c07a-be48f24e7fd6,1,3265679,3265689,3278507,3283832,12818,12828,10,0,0,0
3278493,217bc29e-ec95-73e9-e1fa-246624f982ec,1,3265683,3265689,3278493,3284453,12804,12810,6,0,0,0
3278517,cb37a85d-93c4-ad32-573b-df7a8e14338e,1,3265785,3265844,3278517,3281755,12673,12732,59,0,0,0
3278511,922b4fb2-1ca7-9972-3c6d-317323fbc01f,1,3265790,3265844,3278511,3277784,12667,12721,54,0,0,0
3278498,02d3fb7e-84be-7e1c-5e5f-feaa0eb54078,1,3265790,3265844,3278498,3278105,12654,12708,54,0,0,0
3278587,b8943df8-c9ab-da91-5674-b9e20e5995aa,1,3265678,3265689,3278587,3279989,12898,12909,11,0,0,0
3278585,0f5449d1-910a-8ebf-a909-3889e42cfe33,1,3265785,3265844,3278585,3276066,12741,12800,59,0,0,0
3278573,eb22ec1d-4df6-ff4f-adf7-92ffe9c7c13a,1,3265786,3265844,3278573,3281892,12729,12787,58,0,0,0
3278585,d5db677f-08bb-b29f-a277-279b2498a9f2,1,3265786,3265844,3278585,3272130,12741,12799,58,0,0,0
3278604,b04816fd-fd86-9a13-809b-d8134f13823b,1,3265789,3265844,3278604,3284514,12760,12815,55,0,0,0
3278603,e5ecb9dc-db2c-04c0-6a42-79c3fbbe0e9d,1,3265789,3265844,3278603,3282357,12759,12814,55,0,0,0
3278594,639c4c6c-2926-205d-0d53-551ab4f02f6f,1,3265790,3265844,3278594,3277253,12750,12804,54,0,0,0
3278552,9c672338-2c11-0a43-6cc5-599972f580bd,1,3265791,3265844,3278552,3282716,12708,12761,53,0,0,0
3278569,2310c9fb-0d5c-4547-f847-91e0e55d32af,1,3265792,3265844,3278569,3275590,12725,12777,52,0,0,0
3278547,25fa9f8d-c00c-9ab9-6257-37cf18781ae5,1,3265793,3265844,3278547,3272647,12703,12754,51,0,0,0
3278603,23cce3bb-bfcd-3af7-c23d-d884ca5fccf2,1,3265809,3265844,3278603,3276339,12759,12794,35,0,0,0
3278606,fdc419b2-0a41-4919-0b52-46f3faed5777,1,3265786,3265844,3278606,3281262,12762,12820,58,0,0,0
3278657,56784633-1429-ef31-b9b3-c0eefaf2be80,1,3265789,3265844,3278657,3274881,12813,12868,55,0,0,0
3278645,ed86a0c9-7dea-9676-ff6f-b946e10d1490,1,3265789,3265844,3278645,3278989,12801,12856,55,0,0,0
3278621,66c67afa-057f-f1df-e3af-85416eb194b8,1,3265801,3265844,3278621,3280070,12777,12820,43,0,0,0
3278714,354f184e-5739-0b03-10e9-4dce6241cba3,1,3265785,3265844,3278714,3274735,12870,12929,59,0,0,0
3278783,b91a7793-5e7a-ffce-7530-57b9295026e5,1,3265785,3265844,3278783,3277917,12939,12998,59,0,0,0
3278749,5fffe8e6-7f38-7ce2-cf40-7865a5c11300,1,3265794,3265844,3278749,3282735,12905,12955,50,0,0,0
3278796,63ccf604-e2ae-3f87-ee7c-a782a7a31d25,1,3265785,3265844,3278796,3281737,12952,13011,59,0,0,0
3278827,a08ba0ef-5ddc-46f0-3444-10e5b95c1eda,1,3265786,3265844,3278827,3279145,12983,13041,58,0,0,0
3280801,651c21fd-efda-849e-8c67-43e15f9209ec,4,3199999,3199999,3280801,3300376,80802,80802,0,0,0,0
3280840,7942000a-cf24-2413-d5b6-54383ecd0888,4,3200175,3200175,3280840,3260830,80665,80665,0,0,0,0
3281036,4269f091-eaed-eed7-f06f-bb0f49d9bf73,4,3200114,3200114,3281036,3247574,80922,80922,0,0,0,0
3281607,57d9f647-4cda-ebf4-98f9-bfb4b2a43bf4,1,3280404,3280404,3281607,3281725,1203,1203,0,0,0,0
3281864,0a2cbb1b-e70c-f274-9930-300a07006af3,8,3265582,3265629,3281864,3276421,16235,16282,47,0,0,0
3284350,39bfc9b6-47ba-c8aa-f2f9-4b2c8e10814f,4,3260462,3260462,3284350,3281061,23888,23888,0,0,0,0
3286013,7d05955b-0d9e-1328-1f99-7c8097d38ab9,1,3223431,3223431,3286013,3280497,62582,62582,0,0,0,0
3286549,da78f4c5-26b3-a03a-e575-13a5447a4e2c,1,3276854,3276912,3286549,3287540,9637,9695,58,0,0,0
3286689,42f8bae4-0145-d3df-bd0e-be4e877f867c,1,3276855,3276912,3286689,3283707,9777,9834,57,0,0,0
3286902,4b88445a-1582-de78-c06a-5949226378ab,1,3276855,3276912,3286902,3282295,9990,10047,57,0,0,0
3287317,cc214b4e-f80c-eb1a-de16-afca8c111ba4,1,3276856,3276912,3287317,3288371,10405,10461,56,0,0,0
3287450,98cd2655-5297-e1ad-edba-948427591ad4,1,3276856,3276912,3287450,3292455,10538,10594,56,0,0,0
3287884,5aac72b1-77e7-ad81-5b88-fc72b66cdb02,1,3276857,3276912,3287884,3287209,10972,11027,55,0,0,0
3288171,c30dcc74-0512-56b8-7b64-665ccb26a809,1,3276858,3276912,3288171,3283491,11259,11313,54,0,0,0
3288216,8e2ac3ff-3c5d-ba42-cdd8-af09451b6267,1,3276853,3276912,3288216,3293590,11304,11363,59,0,0,0
3288427,defa6d4a-474c-a879-6f96-bbffdbc6ac37,1,3276863,3276912,3288427,3288255,11515,11564,49,0,0,0
3288604,e0ee5e8a-b3e6-f4c6-d428-df6c89aa4293,1,3276852,3276852,3288604,3283643,11752,11752,0,0,0,0
3288645,760e36aa-a0d9-80ba-ed57-a5c89110f698,1,3276852,3276852,3288645,3291348,11793,11793,0,0,0,0
3288618,cd65e328-19fb-ded2-4da1-2b024a2c7830,1,3276852,3276852,3288618,3287022,11766,11766,0,0,0,0
3288615,8352aaba-4a64-cfcc-dcf3-15c647a029ae,1,3276857,3276912,3288615,3292344,11703,11758,55,0,0,0
3288698,f151ff15-a46e-e99e-ae4e-d89fd659d69f,1,3276857,3276912,3288698,3286275,11786,11841,55,0,0,0
3288774,9ef63a80-179f-1235-df2e-f2803b5844f5,1,3276852,3276852,3288774,3293693,11922,11922,0,0,0,0
3288843,19dad534-be2b-adee-7848-c332ee1caec8,1,3276853,3276912,3288843,3283136,11931,11990,59,0,0,0
3288791,b850b440-1c8c-d498-e7ad-595bdc739cbc,1,3276858,3276912,3288791,3293404,11879,11933,54,0,0,0
3288874,a6d5dac6-ca41-e052-d19e-af98b6b84329,1,3276853,3276912,3288874,3291912,11962,12021,59,0,0,0
3288845,f88505f9-d126-3905-de99-3ecda0f35470,1,3276854,3276912,3288845,3285074,11933,11991,58,0,0,0
3288927,d926fe41-b36d-0121-0ba6-fe0995ea6825,1,3276853,3276912,3288927,3287489,12015,12074,59,0,0,0
3288912,cefc0e85-efbb-d216-0ff9-7696615a58bd,1,3288036,3288036,3288912,3288574,876,876,0,0,0,0
3289404,f2c8c25e-32f1-227c-aa8c-662d290a3d67,8,3275910,3275910,3289404,3290690,13494,13494,0,0,0,0
3290939,17172654-3b99-7815-0219-a9c7ba23b07a,1,3284526,3284526,3290939,3291459,6413,6413,0,0,0,0
3290953,be7a38c6-bc8e-3e55-db97-151da89e4fa6,1,3284526,3284526,3290953,3292839,6427,6427,0,0,0,0
3291033,57d3ec63-e3e1-03bb-ae8e-60755eebc618,1,3284578,3284586,3291033,3288557,6447,6455,8,0,0,0
3291093,1b41a61e-85d1-a1ef-0344-edb3ceed0ffc,1,3284646,3284646,3291093,3293308,6447,6447,0,0,0,0
3291124,813a3aa5-7d81-0c21-7f76-4fcea97ef131,1,3284648,3284706,3291124,3288383,6418,6476,58,0,0,0
3291346,1e494952-ac5d-4e57-63b6-64f40452f779,1,3284954,3284954,3291346,3292430,6392,6392,0,0,0,0
3291383,fb7b00c7-eaa6-fc45-0f01-fe855bbaf3ac,1,3284587,3284646,3291383,3288582,6737,6796,59,0,0,0
3291372,528a34f3-63ea-c0a1-9202-b09c60b36938,1,3284884,3284884,3291372,3294398,6488,6488,0,0,0,0
3291724,21da5db1-5ef3-61c2-abd7-d3f1650ad9aa,8,2859575,2859575,3291724,3396255,432149,432149,0,0,0,0
3291774,0614ac41-275c-75dc-afa0-8cbebf343ca7,1,3285352,3285352,3291774,3293381,6422,6422,0,0,0,0
3291745,02cf63a8-98dc-4031-363f-bae910b8c1c5,1,3285352,3285352,3291745,3289406,6393,6393,0,0,0,0
3291919,b6646199-ed25-459e-8f89-37fa753e9662,1,3285488,3285488,3291919,3289800,6431,6431,0,0,0,0
3291957,ec68fc07-4d8c-d019-a88f-c85ac33a402e,1,3285525,3285548,3291957,3290611,6409,6432,23,0,0,0
3292094,03ba33a0-fd42-269c-0727-59406bf36656,1,3285590,3285608,3292094,3289972,6486,6504,18,0,0,0
3292098,74300ccc-03fd-dd08-4b73-361fccbeb6db,1,3285681,3285681,3292098,3291715,6417,6417,0,0,0,0
3292230,dd2fb568-ce02-3728-d712-288a7bd64d37,1,3285764,3285764,3292230,3292596,6466,6466,0,0,0,0
3292327,ca957c2e-65df-39cb-8062-42771a3ecc71,1,3285770,3285824,3292327,3289757,6503,6557,54,0,0,0
3293272,f1eef895-d061-76b3-0abc-36fc24a887a1,1,3292605,3292626,3293272,3292959,646,667,21,0,0,0
3293344,61a451ff-700b-8b43-ed3b-9d13c3e90323,1,3292677,3292686,3293344,3293181,658,667,9,0,0,0
3293375,d37ee471-6e3b-0507-a21c-1209c3a1962d,1,3292566,3292566,3293375,3293196,809,809,0,0,0,0
3293374,dae13a7f-ff97-79f7-234b-20fdff7ca58f,1,3292614,3292626,3293374,3293145,748,760,12,0,0,0
3293388,23cecf1e-296d-f91f-7079-ae53d6e0217c,1,3292680,3292686,3293388,3293326,702,708,6,0,0,0
3293432,a7ee2f23-9e31-ecfd-df09-87e9259b5aea,1,3292612,3292626,3293432,3293104,806,820,14,0,0,0
3293429,00e78824-33ee-16e7-f5de-feba21aea39b,1,3292641,3292686,3293429,3293491,743,788,45,0,0,0
3293455,794ceef2-f833-dfa7-5a26-15f89810b8c1,1,3292644,3292686,3293455,3293065,769,811,42,0,0,0
3293462,802b1bf4-b8ff-615c-1727-20fa73a27c7b,1,3292646,3292686,3293462,3293338,776,816,40,0,0,0
3293892,fc3a156a-531b-49d8-4b7e-42df9c8a1631,1,3291991,3292039,3293892,3293445,1853,1901,48,0,0,0
3294059,85261ad4-94ed-8114-7672-e14bcc4bbc6f,1,3292162,3292162,3294059,3294427,1897,1897,0,0,0,0
3295191,5714fc0b-b744-7158-2550-e249436c3827,1,3291394,3291406,3295191,3295578,3785,3797,12,0,0,0
3295342,b5b25ed1-af1b-5316-3a0e-681bbd5db7a4,1,3291647,3291647,3295342,3296823,3695,3695,0,0,0,0
3295755,5b9e75f4-12e0-0b9c-0288-49d95ce195be,1,3291380,3291406,3295755,3293617,4349,4375,26,0,0,0
3295850,fc00814b-c70b-db6e-c451-e56228bbecfb,8,3010672,3010672,3295850,3333688,285178,285178,0,0,0,0
3295918,e798d9bf-4ce1-ca16-73cb-3b3fa6f90864,1,3291520,3291520,3295918,3296294,4398,4398,0,0,0,0
3297909,ab6ef8dd-5a66-9316-6641-4954c798a445,4,3290445,3290496,3297909,3299352,7413,7464,51,0,0,0
3298257,d25ad576-ef0b-743e-bee0-47627168bdec,1,3295644,3295644,3298257,3299345,2613,2613,0,0,0,0
3300007,8db7c020-7e8d-6bb3-7932-b23322c1d7a1,1,3299367,3299367,3300007,3300170,640,640,0,0,0,0
3300545,a1731ed8-78f2-961c-3ec7-7a8f16a46b83,1,3299840,3299850,3300545,3300614,695,705,10,0,0,0
3300617,89eb56c1-7f42-1889-8ca1-7f756b2d470a,8,3287243,3287243,3300617,3304898,13374,13374,0,0,0,0
3300899,1ee26f39-eed4-db89-8010-4995bc06e86b,1,3299790,3299790,3300899,3300699,1109,1109,0,0,0,0
3301173,84f16d9d-af8f-8cf0-451a-9ec71cdde8ca,1,3265012,3265062,3301173,3307366,36111,36161,50,0,0,0
3301205,c1b156bd-fa2b-adf7-1c89-4d3970a6b5fc,1,3265011,3265062,3301205,3311147,36143,36194,51,0,0,0
3301202,06822e13-6007-77be-f2b1-068ad58b5423,1,3265013,3265062,3301202,3295631,36140,36189,49,0,0,0
3301288,c5a0b7c3-e132-2e39-d891-b0a4b4d4813a,1,3265011,3265062,3301288,3297875,36226,36277,51,0,0,0
3301293,6c99ce56-a58a-abb5-5f19-30e0cda7a451,1,3265013,3265062,3301293,3302588,36231,36280,49,0,0,0
3301324,4aeeccef-871c-aa58-d334-dce93145d4c5,1,3265012,3265062,3301324,3286301,36262,36312,50,0,0,0
3301325,b1f9ab31-995e-c9de-dcac-41f82e4001c1,1,3265013,3265062,3301325,3284288,36263,36312,49,0,0,0
3301555,b95f22d5-30ef-d76b-1688-43992b91aace,1,3265012,3265062,3301555,3296135,36493,36543,50,0,0,0
3301646,66db005e-9488-c285-2c88-d2576831429e,1,3265007,3265062,3301646,3283609,36584,36639,55,0,0,0
3301740,c4b27b21-bc0d-d6ed-7b12-2ee53d305a07,1,3265008,3265062,3301740,3313894,36678,36732,54,0,0,0
3301740,dbd165a3-b716-307d-75a0-987556dbc7ac,1,3265008,3265062,3301740,3314558,36678,36732,54,0,0,0
3301993,0b458c23-eead-a90c-4f9c-78bf010d583f,1,3265007,3265062,3301993,3289228,36931,36986,55,0,0,0
3302152,73bb84e5-33f7-d722-e517-28b23832dfc1,1,3301519,3301519,3302152,3302429,633,633,0,0,0,0
3302286,a2fcab34-5868-ffda-60bd-c6623ee07bb3,1,3301536,3301579,3302286,3302178,707,750,43,0,0,0
3302325,65bf8e04-ae3c-2ce6-fde6-849b468b22af,1,3301243,3301301,3302325,3301914,1024,1082,58,0,0,0
3302663,222db2cf-bc34-3d5d-df9e-14257a7628e6,1,3265009,3265062,3302663,3304512,37601,37654,53,0,0,0
3302679,53f42383-21b7-8e70-e647-bcfcc2886352,1,3265009,3265062,3302679,3304713,37617,37670,53,0,0,0
3302789,1e6773d7-f3aa-972b-ebf4-5b9d5e8c8bbf,1,3265014,3265062,3302789,3320067,37727,37775,48,0,0,0
3302844,beb64fd8-ffc4-d95b-8bc1-35a9503fe053,1,3302178,3302212,3302844,3302966,632,666,34,0,0,0
3302909,6d283989-1271-c873-24bd-e1a811c7bec9,1,3265009,3265062,3302909,3297669,37847,37900,53,0,0,0
3302972,c4502052-86a8-f21a-010e-622bf8bc920c,8,3288833,3288844,3302972,3308302,14128,14139,11,0,0,0
3303024,ec1a86d3-5683-0783-d575-9337549c9eb9,8,3284068,3284121,3303024,3300997,18903,18956,53,0,0,0
3303003,6964eb16-1623-2e87-3acd-c514dae18b28,1,3265009,3265062,3303003,3311718,37941,37994,53,0,0,0
3303139,71305648-a6eb-e702-9e41-8884c9d0c0fc,1,3265008,3265062,3303139,3314039,38077,38131,54,0,0,0
3303331,fe60afde-4200-a1aa-7c82-6fbe395e54f0,1,3265014,3265062,3303331,3294823,38269,38317,48,0,0,0
3303805,4d7efc8e-b68f-f0dc-718b-f53a3864bf75,1,3265009,3265062,3303805,3301904,38743,38796,53,0,0,0
3303936,f8b03457-ad7b-b3c5-32f0-b15c554047fe,1,3303203,3303203,3303936,3304004,733,733,0,0,0,0
3305813,846af2e6-5c89-6b2a-7edd-fc1777723a5a,1,3305053,3305053,3305813,3305945,760,760,0,0,0,0
3306381,27035b27-958c-2936-b186-78ce4e40bfba,1,3265004,3265062,3306381,3311097,41319,41377,58,0,0,0
3306403,1027fbf7-3877-70f0-9d99-d4c5cc96bf43,1,3265002,3265002,3306403,3299956,41401,41401,0,0,0,0
3306415,cd649aff-445f-dde1-4534-17b555c06c8e,1,3265003,3265062,3306415,3304099,41353,41412,59,0,0,0
3306414,c6a22085-38cb-a05e-ae3a-1f32d70b1463,1,3265004,3265062,3306414,3302462,41352,41410,58,0,0,0
